Position	Mismatches	Mismatches + Deletions	Base
1	0.0	0.0	A
2	0.0	0.0	T
3	0.0	0.0	G
4	0.01653	0.01653	C
5	0.01899	0.01899	C
6	0.01882	0.01882	C
7	0.02697	0.02697	C
8	0.00928	0.01015	T
9	0.02282	0.02292	C
10	0.01013	0.01202	A
11	0.00668	0.00669	T
12	0.01003	0.01004	T
13	0.01018	0.01018	T
14	0.02884	0.03265	A
15	0.05713	0.05753	C
16	0.01738	0.01757	A
17	0.01222	0.01312	T
18	0.0187	0.0187	A
19	0.02333	0.02333	A
20	0.02106	0.02208	A
21	0.01034	0.01217	T
22	0.02903	0.02934	A
23	0.01085	0.01097	T
24	0.00813	0.0083	T
25	0.01166	0.026	A
26	0.00757	0.00783	T
27	0.02254	0.02391	A
28	0.03671	0.03785	C
29	0.00732	0.00753	T
30	0.02831	0.0291	A
31	0.00429	0.00506	G
32	0.04081	0.04122	C
33	0.0241	0.02503	A
34	0.00914	0.00929	T
35	0.01001	0.01011	T
36	0.01271	0.01278	T
37	0.044	0.05171	A
38	0.07157	0.07194	C
39	0.0343	0.03459	C
40	0.03031	0.03768	A
41	0.01405	0.01492	T
42	0.06967	0.07045	C
43	0.01329	0.01624	T
44	0.05703	0.05765	C
45	0.04375	0.0456	A
46	0.0193	0.01992	C
47	0.00558	0.00568	T
48	0.00379	0.00383	T
49	0.00998	0.01171	C
50	0.00382	0.00386	T
51	0.0123	0.01292	A
52	0.00157	0.00159	G
53	0.00226	0.00229	G
54	0.01803	0.01807	A
55	0.01382	0.01392	A
56	0.00388	0.00408	T
57	0.01913	0.01933	A
58	0.02168	0.02199	C
59	0.00203	0.00211	T
60	0.00512	0.00534	A
61	0.00237	0.00252	G
62	0.00308	0.00322	T
63	0.01765	0.01839	A
64	0.00581	0.00615	T
65	0.0288	0.03032	A
66	0.01149	0.01207	T
67	0.06749	0.06906	C
68	0.00834	0.00866	G
69	0.049	0.05087	C
70	0.01507	0.01919	T
71	0.14587	0.14935	C
72	0.03351	0.03905	A
73	0.08381	0.08648	C
74	0.03543	0.03655	A
75	0.05835	0.05836	C
76	0.03443	0.03527	C
77	0.01177	0.01447	T
78	0.04494	0.04544	C
79	0.03377	0.03911	A
80	0.01137	0.01477	T
81	0.03778	0.0423	A
82	0.01342	0.01386	T
83	0.05743	0.05809	C
84	0.03179	0.0325	C
85	0.01124	0.01523	T
86	0.05009	0.05027	C
87	0.04922	0.04926	C
88	0.0237	0.0247	C
89	0.00626	0.00671	T
90	0.02046	0.02139	A
91	0.03052	0.03119	C
92	0.00598	0.00633	T
93	0.01467	0.02095	A
94	0.00812	0.00837	T
95	0.00274	0.00293	G
96	0.0135	0.01354	C
97	0.00764	0.00768	C
98	0.0032	0.0033	T
99	0.01056	0.01079	A
100	0.0027	0.00286	G
101	0.01352	0.01355	A
102	0.01068	0.01088	A
103	0.00267	0.00268	G
104	0.00433	0.00445	G
105	0.023	0.02309	A
106	0.03139	0.03164	A
107	0.01397	0.01442	T
108	0.03621	0.03623	A
109	0.02953	0.03312	A
110	0.01319	0.01385	T
111	0.04902	0.05028	A
112	0.06742	0.07147	C
113	0.01121	0.01186	T
114	0.03903	0.04532	A
115	0.01467	0.01595	T
116	0.06307	0.06462	C
117	0.0141	0.01442	G
118	0.02766	0.02794	C
119	0.00797	0.00814	T
120	0.00469	0.00695	G
121	0.01486	0.01487	T
122	0.01386	0.01393	T
123	0.04392	0.04537	C
124	0.03914	0.03971	A
125	0.01183	0.01187	T
126	0.01113	0.01126	T
127	0.01888	0.03612	A
128	0.0162	0.01667	T
129	0.03489	0.03785	A
130	0.00557	0.00618	G
131	0.04132	0.04234	C
132	0.01533	0.01619	T
133	0.04223	0.04421	A
134	0.05918	0.06059	C
135	0.01316	0.01399	T
136	0.04879	0.05022	C
137	0.0134	0.01572	T
138	0.0493	0.05015	C
139	0.0366	0.04003	A
140	0.02048	0.02702	T
141	0.03965	0.03979	A
142	0.02952	0.03505	A
143	0.06553	0.06688	C
144	0.03022	0.0304	C
145	0.03194	0.03228	C
146	0.01939	0.02311	T
147	0.04958	0.05073	C
148	0.0462	0.05325	A
149	0.04582	0.04705	A
150	0.0555	0.06196	C
151	0.03942	0.04116	A
152	0.11004	0.11019	C
153	0.07068	0.07079	C
154	0.04198	0.04295	C
155	0.02964	0.03778	A
156	0.04903	0.05044	C
157	0.01169	0.0136	T
158	0.05763	0.05764	C
159	0.0363	0.03632	C
160	0.03474	0.03543	C
161	0.00788	0.00914	T
162	0.02605	0.02651	C
163	0.00645	0.00653	T
164	0.0085	0.00855	T
165	0.02407	0.04752	A
166	0.00391	0.00409	G
167	0.05737	0.05741	C
168	0.02608	0.02616	C
169	0.02182	0.02194	A
170	0.0326	0.03269	A
171	0.00771	0.00802	T
172	0.03018	0.03054	A
173	0.00836	0.00836	T
174	0.00827	0.00831	T
175	0.00394	0.00471	G
176	0.00707	0.00771	T
177	0.00311	0.00322	G
178	0.03956	0.03974	C
179	0.02994	0.03002	C
180	0.00688	0.00744	T
181	0.02499	0.02803	A
182	0.008	0.00801	T
183	0.01028	0.01045	T
184	0.00298	0.00344	G
185	0.04899	0.04905	C
186	0.03136	0.03145	C
187	0.01199	0.03255	A
188	0.00598	0.00621	T
189	0.07106	0.07165	A
190	0.00755	0.00778	C
191	0.00195	0.00202	T
192	0.00536	0.00585	A
193	0.0017	0.0018	G
194	0.0017	0.00188	T
195	0.03206	0.03219	C
196	0.00615	0.00616	T
197	0.00732	0.00733	T
198	0.01059	0.01063	T
199	0.00279	0.00368	G
200	0.00295	0.00297	C
201	0.00275	0.00275	C
202	0.00292	0.00341	G
203	0.03603	0.03604	C
204	0.01366	0.0137	C
205	0.00253	0.0029	T
206	0.00193	0.00204	G
207	0.00989	0.01031	C
208	0.00516	0.0073	G
209	0.04829	0.04991	A
210	0.04789	0.04796	A
211	0.00345	0.00427	G
212	0.00905	0.00948	C
213	0.01301	0.01341	A
214	0.00172	0.00173	G
215	0.00597	0.00603	C
216	0.00207	0.00207	G
217	0.00232	0.0024	G
218	0.00212	0.00217	T
219	0.002	0.002	G
220	0.00146	0.00146	G
221	0.00191	0.00191	G
222	0.00392	0.00393	C
223	0.01572	0.01584	C
224	0.00573	0.00684	T
225	0.04179	0.04802	A
226	0.00316	0.00332	G
227	0.02542	0.02545	C
228	0.01103	0.01104	C
229	0.01116	0.01125	C
230	0.00476	0.00546	T
231	0.01944	0.0198	A
232	0.01341	0.01369	C
233	0.0026	0.00267	T
234	0.01609	0.01692	A
235	0.00232	0.00242	G
236	0.00622	0.00667	T
237	0.0498	0.04999	C
238	0.00821	0.00913	T
239	0.03836	0.03894	C
240	0.02858	0.02992	A
241	0.02484	0.02547	A
242	0.00949	0.01004	T
243	0.05498	0.0555	C
244	0.01176	0.01245	T
245	0.05449	0.05458	C
246	0.06403	0.06495	C
247	0.03302	0.03481	A
248	0.04197	0.04204	A
249	0.03771	0.03924	C
250	0.01758	0.01808	A
251	0.03082	0.03245	C
252	0.02279	0.02347	A
253	0.00479	0.00528	T
254	0.0206	0.02158	A
255	0.00513	0.0053	T
256	0.0021	0.00216	G
257	0.00174	0.00177	G
258	0.01322	0.01325	C
259	0.02168	0.02175	C
260	0.00317	0.00338	T
261	0.01425	0.01505	A
262	0.0033	0.0034	G
263	0.01854	0.01875	A
264	0.03326	0.03361	C
265	0.00641	0.00661	T
266	0.02188	0.02232	A
267	0.06006	0.06056	C
268	0.00547	0.00589	G
269	0.00821	0.00895	T
270	0.02269	0.02319	A
271	0.06829	0.06905	C
272	0.03923	0.04245	A
273	0.01123	0.01681	T
274	0.03724	0.03729	A
275	0.03401	0.03755	A
276	0.07547	0.07686	C
277	0.04086	0.04234	C
278	0.01526	0.01939	T
279	0.01357	0.01445	A
280	0.03694	0.0375	A
281	0.04069	0.04131	A
282	0.09482	0.09583	C
283	0.03805	0.03987	C
284	0.02307	0.0248	T
285	0.03885	0.04633	A
286	0.05166	0.05404	C
287	0.01485	0.01573	T
288	0.06484	0.06491	C
289	0.03261	0.03315	C
290	0.02181	0.0238	A
291	0.02853	0.02876	A
292	0.01009	0.01071	T
293	0.00447	0.00495	G
294	0.04404	0.04524	C
295	0.01555	0.01664	T
296	0.02352	0.02384	A
297	0.01978	0.01993	A
298	0.02772	0.02814	A
299	0.03269	0.03298	A
300	0.04843	0.05968	C
301	0.01171	0.01253	T
302	0.01995	0.02021	A
303	0.0304	0.03086	A
304	0.01244	0.0155	T
305	0.07418	0.07598	C
306	0.01244	0.01489	G
307	0.02289	0.02443	T
308	0.0574	0.0577	C
309	0.06125	0.06172	C
310	0.04503	0.04585	C
311	0.01791	0.01839	A
312	0.02271	0.02298	A
313	0.05561	0.05744	C
314	0.01462	0.01474	A
315	0.02472	0.02506	A
316	0.00843	0.00862	T
317	0.00881	0.00897	T
318	0.01393	0.0283	A
319	0.00771	0.00796	T
320	0.0303	0.03359	A
321	0.01652	0.01654	T
322	0.01448	0.01511	T
323	0.02912	0.04736	A
324	0.04722	0.05031	C
325	0.01682	0.01866	T
326	0.05346	0.05653	A
327	0.09272	0.09376	C
328	0.05758	0.05837	C
329	0.02523	0.03329	A
330	0.0264	0.02695	C
331	0.00702	0.00774	T
332	0.00414	0.00499	G
333	0.04534	0.04616	A
334	0.04813	0.04922	C
335	0.06083	0.06311	A
336	0.01473	0.01562	T
337	0.00638	0.00775	G
338	0.054	0.05487	A
339	0.05185	0.05408	C
340	0.00504	0.00522	T
341	0.01156	0.012	T
342	0.00977	0.00988	T
343	0.03689	0.03703	C
344	0.09961	0.10041	C
345	0.00169	0.00195	A
346	0.00467	0.0048	A
347	0.01386	0.01392	A
348	0.01022	0.01029	A
349	0.01749	0.01758	A
350	0.01014	0.01019	A
351	0.08481	0.09291	C
352	0.02081	0.02131	A
353	0.07161	0.07418	C
354	0.02753	0.02812	A
355	0.02254	0.02501	T
356	0.01975	0.01977	A
357	0.02608	0.02949	A
358	0.00869	0.00878	T
359	0.01375	0.01418	T
360	0.01363	0.01374	T
361	0.01014	0.01256	G
362	0.03535	0.03565	A
363	0.04144	0.04155	A
364	0.01778	0.01917	T
365	0.05774	0.05991	C
366	0.03628	0.03668	A
367	0.03017	0.03054	A
368	0.06267	0.06634	C
369	0.03061	0.03276	A
370	0.08254	0.10145	C
371	0.02389	0.02391	A
372	0.03686	0.03895	A
373	0.06412	0.06546	C
374	0.03089	0.0324	C
375	0.02532	0.03517	A
376	0.05607	0.05615	C
377	0.06087	0.06101	C
378	0.04796	0.04948	C
379	0.02212	0.02933	A
380	0.04507	0.04788	C
381	0.03802	0.04704	A
382	0.01093	0.01126	G
383	0.05283	0.05293	C
384	0.02418	0.02436	C
385	0.00929	0.0097	T
386	0.01648	0.01664	A
387	0.02686	0.02701	A
388	0.00956	0.00965	T
389	0.00986	0.00995	T
390	0.01465	0.03765	A
391	0.01076	0.0108	T
392	0.01253	0.01275	T
393	0.03217	0.04348	A
394	0.00616	0.0071	G
395	0.04858	0.05037	C
396	0.04208	0.04303	A
397	0.01376	0.01519	T
398	0.04911	0.05188	C
399	0.03655	0.04217	A
400	0.02157	0.02327	T
401	0.05177	0.0529	C
402	0.04793	0.04866	C
403	0.02835	0.02912	C
404	0.00905	0.01004	T
405	0.04296	0.0445	C
406	0.00998	0.01044	T
407	0.03692	0.0389	A
408	0.0396	0.04547	C
409	0.01115	0.01185	T
410	0.01147	0.01322	A
411	0.00231	0.00242	T
412	0.0016	0.00163	T
413	0.00439	0.0044	T
414	0.00857	0.00858	T
415	0.00805	0.00807	T
416	0.01084	0.01098	T
417	0.0334	0.03525	A
418	0.03756	0.03799	A
419	0.07544	0.07607	C
420	0.03666	0.03705	C
421	0.01805	0.01838	A
422	0.03115	0.03158	A
423	0.03311	0.03397	A
424	0.01391	0.01649	T
425	0.05808	0.05984	C
426	0.03092	0.03125	A
427	0.0301	0.0303	A
428	0.06332	0.06753	C
429	0.02809	0.02822	A
430	0.032	0.03322	A
431	0.06106	0.06451	C
432	0.03282	0.03289	A
433	0.03696	0.03795	A
434	0.06508	0.06529	C
435	0.03211	0.03319	C
436	0.00818	0.00863	T
437	0.0347	0.0364	A
438	0.0077	0.00773	T
439	0.00981	0.00983	T
440	0.01927	0.01941	T
441	0.04191	0.04934	A
442	0.00778	0.00807	G
443	0.04205	0.04243	C
444	0.01168	0.01195	T
445	0.00528	0.01056	G
446	0.01732	0.01739	T
447	0.01159	0.01182	T
448	0.04824	0.04858	C
449	0.05154	0.05168	C
450	0.04016	0.04025	C
451	0.04517	0.04579	C
452	0.02095	0.02295	A
453	0.03508	0.03542	A
454	0.06869	0.06879	C
455	0.0308	0.03099	C
456	0.00365	0.00382	T
457	0.00463	0.00466	T
458	0.01251	0.01259	T
459	0.01021	0.01023	T
460	0.03395	0.03451	C
461	0.04468	0.04502	C
462	0.01164	0.01387	T
463	0.05418	0.05434	C
464	0.05923	0.05996	C
465	0.0071	0.0124	G
466	0.04687	0.04969	A
467	0.03453	0.03474	C
468	0.04686	0.0472	C
469	0.04791	0.04852	C
470	0.04667	0.04679	C
471	0.02531	0.02541	C
472	0.01158	0.01252	T
473	0.03279	0.03355	A
474	0.02814	0.02914	A
475	0.04954	0.05203	C
476	0.02488	0.02522	A
477	0.02902	0.03466	A
478	0.04279	0.04333	C
479	0.03339	0.03414	C
480	0.04991	0.05038	C
481	0.04193	0.04202	C
482	0.03105	0.03109	C
483	0.03149	0.03162	C
484	0.01037	0.01141	T
485	0.04108	0.0411	C
486	0.027	0.02735	C
487	0.00966	0.01013	T
488	0.02599	0.02656	A
489	0.02466	0.02496	A
490	0.01248	0.01307	T
491	0.03679	0.03714	A
492	0.06458	0.06675	C
493	0.01977	0.02096	T
494	0.03802	0.03836	A
495	0.03934	0.04044	A
496	0.0561	0.06008	C
497	0.01878	0.01956	T
498	0.05042	0.05299	A
499	0.06934	0.06981	C
500	0.04152	0.04302	C
501	0.01174	0.01354	T
502	0.00465	0.00698	G
503	0.04515	0.04655	A
504	0.04578	0.04671	C
505	0.01253	0.01308	T
506	0.05721	0.05763	C
507	0.02716	0.02896	C
508	0.0214	0.0259	T
509	0.03678	0.04269	A
510	0.07857	0.07881	C
511	0.06866	0.07019	C
512	0.03332	0.0338	C
513	0.03392	0.03462	C
514	0.01316	0.01521	T
515	0.04575	0.04645	C
516	0.02932	0.03116	A
517	0.07284	0.0756	C
518	0.03235	0.03291	A
519	0.03444	0.03514	A
520	0.01175	0.01435	T
521	0.04588	0.04661	C
522	0.06357	0.07478	A
523	0.00642	0.00664	T
524	0.00202	0.00218	G
525	0.00243	0.00251	G
526	0.01123	0.01311	C
527	0.04069	0.04112	A
528	0.05504	0.05541	A
529	0.00477	0.00591	G
530	0.05859	0.05872	C
531	0.0542	0.05459	C
532	0.03289	0.0334	A
533	0.04449	0.04476	A
534	0.06951	0.07309	C
535	0.00293	0.00315	G
536	0.00942	0.00944	C
537	0.00496	0.00499	C
538	0.01694	0.02568	A
539	0.09017	0.09092	C
540	0.01125	0.01186	T
541	0.01154	0.01169	T
542	0.01143	0.03627	A
543	0.0122	0.01267	T
544	0.0546	0.05487	C
545	0.04569	0.04585	C
546	0.0422	0.05214	A
547	0.00483	0.00509	G
548	0.00589	0.00659	T
549	0.00551	0.00707	G
550	0.02596	0.02747	A
551	0.04435	0.0446	A
552	0.10142	0.1018	C
553	0.03896	0.0393	C
554	0.02323	0.0406	A
555	0.05054	0.05157	C
556	0.01075	0.01182	T
557	0.04208	0.04311	A
558	0.01439	0.01546	T
559	0.03455	0.03672	C
560	0.02201	0.02252	A
561	0.06342	0.06569	C
562	0.01807	0.02015	G
563	0.00113	0.00126	A
564	0.00053	0.0006	A
565	0.00337	0.00342	A
566	0.01086	0.01092	A
567	0.00647	0.00652	A
568	0.00742	0.00748	A
569	0.01179	0.01183	A
570	0.06519	0.07141	C
571	0.0149	0.0155	T
572	0.04215	0.04378	C
573	0.01474	0.01721	T
574	0.04279	0.04595	A
575	0.1762	0.17862	C
576	0.02836	0.03045	C
577	0.0107	0.01221	T
578	0.02854	0.03039	C
579	0.00854	0.00874	T
580	0.04284	0.04398	C
581	0.00664	0.00706	T
582	0.03642	0.03966	A
583	0.01234	0.01337	T
584	0.03829	0.04007	A
585	0.05739	0.06156	C
586	0.01538	0.01642	T
587	0.03774	0.03813	A
588	0.03434	0.03745	A
589	0.02328	0.02565	T
590	0.05951	0.06285	C
591	0.02543	0.02695	T
592	0.06389	0.06472	C
593	0.05021	0.05038	C
594	0.03239	0.03374	C
595	0.01133	0.0124	T
596	0.03408	0.03532	A
597	0.05944	0.06046	C
598	0.02084	0.02121	A
599	0.02943	0.02978	A
600	0.02868	0.02973	A
601	0.01538	0.01702	T
602	0.04572	0.04682	C
603	0.01201	0.01239	T
604	0.04274	0.04284	C
605	0.05148	0.05317	C
606	0.00912	0.00927	T
607	0.01538	0.01573	T
608	0.01026	0.01115	A
609	0.02363	0.02392	A
610	0.01051	0.01062	T
611	0.01057	0.01072	T
612	0.01697	0.03322	A
613	0.01726	0.01866	T
614	0.03537	0.03541	A
615	0.02807	0.02913	A
616	0.06434	0.06615	C
617	0.03534	0.03577	A
618	0.01111	0.01142	T
619	0.01645	0.01765	T
620	0.04438	0.04676	C
621	0.03006	0.03508	A
622	0.03441	0.03746	C
623	0.02942	0.03331	A
624	0.01991	0.02093	G
625	0.08428	0.08458	C
626	0.05104	0.05175	C
627	0.03012	0.04317	A
628	0.02502	0.02603	C
629	0.03648	0.03922	A
630	0.00657	0.00769	G
631	0.0285	0.02861	A
632	0.03061	0.03106	A
633	0.05302	0.05455	C
634	0.00984	0.01029	T
635	0.01664	0.01677	A
636	0.02846	0.02895	A
637	0.01005	0.01072	T
638	0.04673	0.04841	C
639	0.02428	0.02605	A
640	0.00973	0.01005	T
641	0.01352	0.01426	A
642	0.00522	0.00525	T
643	0.00828	0.00835	T
644	0.00953	0.00955	T
645	0.01	0.01004	T
646	0.02548	0.03428	A
647	0.01338	0.0138	T
648	0.03387	0.0357	A
649	0.01132	0.01187	T
650	0.04994	0.05114	C
651	0.00987	0.00988	T
652	0.00912	0.00931	T
653	0.03181	0.04704	C
654	0.01236	0.01237	T
655	0.02351	0.02364	T
656	0.06982	0.07754	C
657	0.01137	0.01304	G
658	0.02452	0.02538	A
659	0.03576	0.03609	A
660	0.05432	0.05446	A
661	0.07694	0.0776	C
662	0.05198	0.05257	C
663	0.01963	0.03995	A
664	0.05521	0.05633	C
665	0.0189	0.02078	A
666	0.06656	0.06789	C
667	0.01153	0.01196	T
668	0.01108	0.01133	T
669	0.01666	0.03528	A
670	0.0178	0.01854	T
671	0.04739	0.04911	C
672	0.04169	0.04205	C
673	0.04259	0.04265	C
674	0.04102	0.04119	C
675	0.02961	0.03527	A
676	0.05663	0.05663	C
677	0.03	0.03023	C
678	0.00607	0.0064	T
679	0.00524	0.00525	T
680	0.00177	0.00178	G
681	0.00163	0.00165	G
682	0.00531	0.00565	C
683	0.00227	0.00234	T
684	0.05098	0.05119	A
685	0.00231	0.00271	T
686	0.00725	0.00746	C
687	0.00777	0.00846	A
688	0.00331	0.00546	T
689	0.00865	0.00925	C
690	0.04419	0.04508	A
691	0.06572	0.06581	C
692	0.05119	0.05122	C
693	0.05502	0.0551	C
694	0.0017	0.00197	G
695	0.00806	0.00843	A
696	0.00247	0.00256	T
697	0.00183	0.00219	G
698	0.01323	0.01365	A
699	0.00238	0.00238	G
700	0.00337	0.0034	G
701	0.04287	0.0435	C
702	0.03916	0.03952	A
703	0.04107	0.04129	A
704	0.06872	0.06891	C
705	0.0435	0.04356	C
706	0.01654	0.02214	A
707	0.00258	0.0027	G
708	0.01658	0.01661	C
709	0.01233	0.01239	C
710	0.02069	0.0322	A
711	0.00537	0.00659	G
712	0.04795	0.04822	A
713	0.04255	0.04393	A
714	0.05235	0.0554	C
715	0.00428	0.00435	G
716	0.00126	0.00126	C
717	0.00085	0.00088	C
718	0.00107	0.00121	T
719	0.00305	0.00359	G
720	0.06297	0.06332	A
721	0.04352	0.04365	A
722	0.08234	0.08394	C
723	0.00576	0.00605	G
724	0.00805	0.00911	C
725	0.00397	0.00427	A
726	0.00163	0.00164	G
727	0.00289	0.00295	G
728	0.00234	0.00243	C
729	0.02742	0.02864	A
730	0.06821	0.06868	C
731	0.02567	0.02696	A
732	0.01365	0.014	T
733	0.03449	0.03484	A
734	0.06284	0.06473	C
735	0.01064	0.01077	T
736	0.00986	0.00989	T
737	0.06525	0.0653	C
738	0.0301	0.03051	C
739	0.00899	0.00959	T
740	0.04733	0.05224	A
741	0.01193	0.01195	T
742	0.01297	0.01318	T
743	0.04058	0.04931	C
744	0.01291	0.01414	T
745	0.04972	0.05682	A
746	0.06245	0.06528	C
747	0.0472	0.05181	A
748	0.0755	0.0756	C
749	0.05005	0.05011	C
750	0.02874	0.02889	C
751	0.00787	0.00814	T
752	0.0183	0.01914	A
753	0.00216	0.00228	G
754	0.00172	0.00203	T
755	0.00817	0.0086	A
756	0.00221	0.00226	G
757	0.00445	0.00466	G
758	0.05736	0.06004	C
759	0.03537	0.03657	T
760	0.05225	0.05238	C
761	0.06507	0.06512	C
762	0.03371	0.03546	C
763	0.00833	0.00855	T
764	0.00948	0.00975	T
765	0.04471	0.04477	C
766	0.0706	0.07099	C
767	0.00967	0.00973	C
768	0.00476	0.00479	C
769	0.00214	0.00242	T
770	0.00765	0.00821	A
771	0.0083	0.00854	C
772	0.00482	0.00604	T
773	0.07276	0.07462	C
774	0.0341	0.03912	A
775	0.0147	0.01617	T
776	0.05846	0.05961	C
777	0.01228	0.01317	G
778	0.05318	0.05409	C
779	0.03363	0.03401	A
780	0.06876	0.06981	C
781	0.01541	0.01644	T
782	0.02639	0.02653	A
783	0.02426	0.02461	A
784	0.00987	0.01005	T
785	0.0134	0.01356	T
786	0.01397	0.01405	T
787	0.03401	0.03874	A
788	0.06194	0.06288	C
789	0.03973	0.0402	A
790	0.06947	0.07076	C
791	0.02902	0.03077	T
792	0.04487	0.0456	C
793	0.03011	0.03185	A
794	0.05992	0.06326	C
795	0.02928	0.03045	A
796	0.03681	0.03851	A
797	0.04987	0.05462	C
798	0.0354	0.03731	A
799	0.05861	0.05872	C
800	0.04585	0.04598	C
801	0.01986	0.02015	C
802	0.00841	0.00879	T
803	0.0467	0.04796	A
804	0.00297	0.00303	G
805	0.00315	0.00324	G
806	0.01312	0.01367	C
807	0.00488	0.00585	T
808	0.01068	0.0109	C
809	0.02284	0.02329	A
810	0.05971	0.06061	C
811	0.00814	0.0088	T
812	0.02789	0.02817	A
813	0.02825	0.02849	A
814	0.02729	0.02751	A
815	0.0469	0.05066	C
816	0.0445	0.04557	A
817	0.00827	0.00846	T
818	0.00769	0.00776	T
819	0.03252	0.03863	C
820	0.01016	0.01056	T
821	0.05347	0.05522	A
822	0.05359	0.05602	C
823	0.01273	0.01399	T
824	0.03608	0.03991	A
825	0.05134	0.05396	C
826	0.0228	0.02478	T
827	0.04392	0.04703	C
828	0.03013	0.03118	A
829	0.04161	0.04309	C
830	0.01347	0.01399	T
831	0.09076	0.09316	C
832	0.02899	0.03021	T
833	0.04635	0.04752	C
834	0.03032	0.03179	A
835	0.02847	0.02948	C
836	0.04533	0.04661	T
837	0.01282	0.01378	G
838	0.06692	0.06696	C
839	0.05798	0.05805	C
840	0.04761	0.0478	C
841	0.02562	0.02593	A
842	0.03767	0.03791	A
843	0.00533	0.00785	G
844	0.03204	0.03213	A
845	0.0352	0.03567	A
846	0.05859	0.06031	C
847	0.00869	0.00901	T
848	0.04163	0.04227	A
849	0.01125	0.01238	T
850	0.05178	0.05268	C
851	0.0383	0.03853	A
852	0.03366	0.03472	A
853	0.03714	0.03725	A
854	0.04857	0.05376	C
855	0.00879	0.0091	T
856	0.04501	0.04507	C
857	0.03766	0.03834	C
858	0.00733	0.00844	T
859	0.00243	0.00345	G
860	0.0138	0.01435	A
861	0.0039	0.00408	G
862	0.01408	0.0142	C
863	0.01404	0.0143	C
864	0.03437	0.03486	A
865	0.03252	0.03262	A
866	0.06372	0.06603	C
867	0.02374	0.02383	A
868	0.0211	0.02132	A
869	0.0459	0.04826	C
870	0.00967	0.01011	T
871	0.01198	0.01213	T
872	0.02947	0.02975	A
873	0.03911	0.03943	A
874	0.00991	0.01014	T
875	0.04175	0.04291	A
876	0.012	0.01224	T
877	0.00501	0.00543	G
878	0.03824	0.03862	A
879	0.05814	0.05903	C
880	0.00905	0.0092	T
881	0.02814	0.02902	A
882	0.00327	0.00344	G
883	0.02104	0.02159	C
884	0.00513	0.00534	T
885	0.00591	0.00606	T
886	0.01992	0.03776	A
887	0.05978	0.06073	C
888	0.03492	0.03549	A
889	0.07277	0.07403	C
890	0.03644	0.03656	A
891	0.03068	0.03155	A
892	0.00938	0.01064	T
893	0.02349	0.02397	A
894	0.00265	0.00289	G
895	0.02443	0.02497	C
896	0.00208	0.0021	T
897	0.00648	0.00652	T
898	0.00801	0.00806	T
899	0.00866	0.00869	T
900	0.02621	0.03853	A
901	0.01169	0.01176	T
902	0.04826	0.04954	A
903	0.00288	0.00305	G
904	0.00132	0.00148	T
905	0.00516	0.00519	A
906	0.00682	0.00683	A
907	0.00571	0.00584	A
908	0.00323	0.00345	G
909	0.08234	0.0868	A
910	0.02069	0.02131	T
911	0.03268	0.03299	A
912	0.02322	0.0236	C
913	0.00967	0.00978	C
914	0.00247	0.00269	T
915	0.00356	0.00362	C
916	0.0012	0.00122	T
917	0.00149	0.00152	T
918	0.00195	0.00197	T
919	0.00509	0.00609	A
920	0.00992	0.01014	C
921	0.00456	0.00466	G
922	0.00531	0.00555	G
923	0.04185	0.0504	A
924	0.04711	0.0478	C
925	0.0128	0.01339	T
926	0.05459	0.05495	C
927	0.03147	0.03192	C
928	0.02511	0.03652	A
929	0.11853	0.12068	C
930	0.01166	0.01211	T
931	0.01153	0.01168	T
932	0.02295	0.04101	A
933	0.01205	0.01231	T
934	0.00542	0.00633	G
935	0.04482	0.04609	A
936	0.04454	0.04607	C
937	0.01156	0.01281	T
938	0.05567	0.05621	C
939	0.05394	0.05398	C
940	0.04225	0.04284	C
941	0.00773	0.00865	T
942	0.01594	0.01641	A
943	0.02341	0.02355	A
944	0.05449	0.05474	A
945	0.00486	0.00517	G
946	0.00947	0.00949	C
947	0.00614	0.00615	C
948	0.00631	0.00632	C
949	0.00806	0.0121	A
950	0.00815	0.00827	T
951	0.00239	0.00253	G
952	0.0125	0.01276	T
953	0.00951	0.00963	C
954	0.00491	0.00578	G
955	0.01896	0.0194	A
956	0.0595	0.06083	A
957	0.0179	0.01893	G
958	0.04422	0.04458	C
959	0.0169	0.01698	C
960	0.03824	0.03828	C
961	0.04103	0.04106	C
962	0.02413	0.02416	C
963	0.03384	0.03966	A
964	0.00364	0.00382	T
965	0.01184	0.01189	C
966	0.00293	0.00299	G
967	0.00909	0.00931	C
968	0.00183	0.00185	T
969	0.00088	0.00089	G
970	0.0011	0.00112	G
971	0.00192	0.00193	G
972	0.00161	0.00194	T
973	0.01906	0.0191	C
974	0.01688	0.01691	A
975	0.01548	0.0155	A
976	0.01395	0.01403	T
977	0.01402	0.01445	A
978	0.00273	0.00281	G
979	0.00138	0.00141	T
980	0.00531	0.00544	A
981	0.00536	0.00545	C
982	0.00261	0.00261	T
983	0.00968	0.0097	T
984	0.00327	0.00407	G
985	0.02865	0.02869	C
986	0.03212	0.03216	C
987	0.00387	0.00607	G
988	0.03432	0.03452	C
989	0.03056	0.03124	A
990	0.00302	0.00309	G
991	0.00163	0.00176	T
992	0.00674	0.00692	A
993	0.00895	0.00909	C
994	0.00257	0.00267	T
995	0.05435	0.05484	C
996	0.00475	0.00475	T
997	0.00779	0.00784	T
998	0.9488	0.94887	A
999	0.03551	0.03554	A
1000	0.02752	0.02757	A
1001	0.03594	0.03599	A
1002	0.04282	0.0459	C
1003	0.00846	0.00877	T
1004	0.03303	0.03495	A
1005	0.00322	0.00344	G
1006	0.0028	0.00286	G
1007	0.13308	0.13595	C
1008	0.00172	0.00172	G
1009	0.00244	0.00247	G
1010	0.0072	0.00752	C
1011	0.00465	0.00486	T
1012	0.01792	0.01813	A
1013	0.00461	0.00463	T
1014	0.00204	0.00206	G
1015	0.00218	0.0022	G
1016	0.00432	0.00442	T
1017	0.02196	0.02228	A
1018	0.00701	0.0072	T
1019	0.0361	0.03616	A
1020	0.02534	0.02963	A
1021	0.00898	0.00969	T
1022	0.03989	0.04371	A
1023	0.06852	0.07329	C
1024	0.0047	0.00516	G
1025	0.03186	0.0319	C
1026	0.0138	0.01405	C
1027	0.00846	0.01308	T
1028	0.0379	0.03864	C
1029	0.02851	0.0327	A
1030	0.069	0.07098	C
1031	0.03362	0.03451	A
1032	0.06068	0.06231	C
1033	0.01227	0.01296	T
1034	0.0435	0.04453	C
1035	0.0384	0.04301	A
1036	0.01266	0.01277	T
1037	0.01418	0.01448	T
1038	0.04552	0.05128	C
1039	0.01397	0.01536	T
1040	0.04665	0.04972	C
1041	0.03262	0.03377	A
1042	0.03978	0.04252	A
1043	0.0564	0.0567	C
1044	0.04228	0.04296	C
1045	0.03812	0.03833	C
1046	0.02675	0.02681	C
1047	0.02208	0.02218	C
1048	0.01154	0.01292	T
1049	0.00464	0.00518	G
1050	0.03052	0.0308	A
1051	0.07981	0.08299	C
1052	0.031	0.03125	A
1053	0.01891	0.019	A
1054	0.029	0.02904	A
1055	0.01978	0.01984	A
1056	0.05843	0.06682	C
1057	0.02228	0.02296	A
1058	0.04093	0.04204	C
1059	0.02421	0.02736	A
1060	0.01458	0.01747	T
1061	0.03826	0.03944	A
1062	0.00621	0.00664	G
1063	0.03334	0.03349	C
1064	0.01964	0.01997	C
1065	0.01809	0.02191	T
1066	0.03888	0.04287	A
1067	0.04713	0.04748	C
1068	0.06322	0.06439	C
1069	0.03569	0.03601	C
1070	0.03614	0.03667	C
1071	0.00944	0.00974	T
1072	0.00915	0.00924	T
1073	0.04194	0.04197	C
1074	0.04165	0.04176	C
1075	0.00544	0.00545	T
1076	0.00976	0.00986	T
1077	0.00402	0.00597	G
1078	0.01824	0.01878	T
1079	0.1184	0.12177	A
1080	0.0306	0.03156	C
1081	0.00641	0.00695	T
1082	0.02747	0.03388	A
1083	0.01127	0.01197	T
1084	0.04703	0.04752	C
1085	0.02885	0.02891	C
1086	0.02665	0.02677	C
1087	0.00827	0.00879	T
1088	0.04361	0.04436	A
1089	0.00821	0.00833	T
1090	0.01523	0.01659	G
1091	0.01364	0.0141	A
1092	0.00186	0.00188	G
1093	0.0026	0.00272	G
1094	0.01635	0.01666	C
1095	0.02202	0.02244	A
1096	0.00913	0.00948	T
1097	0.01482	0.01485	A
1098	0.02458	0.02676	A
1099	0.00929	0.00942	T
1100	0.0117	0.01192	T
1101	0.01669	0.03558	A
1102	0.02006	0.02145	T
1103	0.03321	0.03323	A
1104	0.03373	0.03485	A
1105	0.06552	0.06705	C
1106	0.03291	0.03291	A
1107	0.04246	0.0436	A
1108	0.00527	0.00657	G
1109	0.04855	0.04963	C
1110	0.0137	0.01411	T
1111	0.05259	0.05263	C
1112	0.03285	0.03346	C
1113	0.03428	0.0434	A
1114	0.01083	0.01158	T
1115	0.03531	0.03579	C
1116	0.00863	0.009	T
1117	0.00341	0.0039	G
1118	0.03536	0.03543	C
1119	0.01156	0.01194	C
1120	0.00618	0.00683	T
1121	0.03185	0.03364	A
1122	0.04242	0.04307	C
1123	0.00686	0.00782	G
1124	0.03549	0.03606	A
1125	0.06516	0.06832	C
1126	0.03835	0.03881	A
1127	0.03909	0.03917	A
1128	0.03629	0.03684	A
1129	0.06523	0.07184	C
1130	0.04808	0.05197	A
1131	0.00906	0.01007	G
1132	0.03639	0.03672	A
1133	0.06797	0.06816	C
1134	0.03796	0.03849	C
1135	0.01887	0.0201	T
1136	0.024	0.02431	A
1137	0.01403	0.01415	A
1138	0.03407	0.03429	A
1139	0.04251	0.04272	A
1140	0.01104	0.01351	T
1141	0.05318	0.05411	C
1142	0.00875	0.00911	G
1143	0.03197	0.03239	C
1144	0.00742	0.00818	T
1145	0.05204	0.05249	C
1146	0.02986	0.03319	A
1147	0.0085	0.00859	T
1148	0.00933	0.0095	T
1149	0.00293	0.00447	G
1150	0.05348	0.05561	C
1151	0.03569	0.03801	A
1152	0.01566	0.01636	T
1153	0.06272	0.06587	A
1154	0.04878	0.05095	C
1155	0.00948	0.00997	T
1156	0.05038	0.05152	C
1157	0.013	0.01307	T
1158	0.00812	0.00821	T
1159	0.03093	0.03207	C
1160	0.02245	0.02319	A
1161	0.03045	0.03117	A
1162	0.01066	0.01746	T
1163	0.0501	0.0515	C
1164	0.03894	0.04111	A
1165	0.00632	0.00691	G
1166	0.05986	0.06014	C
1167	0.04576	0.04649	C
1168	0.02528	0.03103	A
1169	0.05301	0.05459	C
1170	0.03374	0.03954	A
1171	0.01118	0.01314	T
1172	0.04674	0.04873	A
1173	0.00547	0.00622	G
1174	0.04621	0.04637	C
1175	0.02913	0.02918	C
1176	0.0343	0.0344	C
1177	0.00489	0.00545	T
1178	0.03702	0.0371	C
1179	0.00266	0.00292	G
1180	0.00389	0.00411	T
1181	0.01794	0.01819	A
1182	0.00436	0.00497	G
1183	0.02742	0.0309	T
1184	0.03873	0.03885	A
1185	0.0413	0.04225	A
1186	0.03497	0.03608	C
1187	0.03019	0.03075	A
1188	0.00503	0.00536	G
1189	0.05944	0.05963	C
1190	0.03617	0.03642	C
1191	0.03355	0.03639	A
1192	0.01353	0.01383	T
1193	0.01151	0.01166	T
1194	0.03888	0.04397	C
1195	0.01258	0.01433	T
1196	0.03971	0.04246	C
1197	0.02874	0.03287	A
1198	0.0191	0.02089	T
1199	0.05553	0.05604	C
1200	0.03742	0.03821	C
1201	0.01804	0.01844	A
1202	0.03456	0.03592	A
1203	0.0462	0.04812	A
1204	0.04305	0.04397	C
1205	0.03935	0.03978	C
1206	0.03991	0.04045	C
1207	0.03849	0.03856	C
1208	0.02699	0.02702	C
1209	0.00638	0.00759	T
1210	0.00292	0.0043	G
1211	0.03354	0.03384	A
1212	0.04893	0.04905	A
1213	0.00399	0.00457	G
1214	0.03333	0.03411	C
1215	0.00569	0.00575	T
1216	0.00823	0.00839	T
1217	0.03177	0.03468	C
1218	0.03481	0.03602	A
1219	0.07202	0.07203	C
1220	0.07108	0.07136	C
1221	0.00277	0.00282	G
1222	0.00301	0.00305	G
1223	0.01524	0.01543	C
1224	0.00555	0.00659	G
1225	0.07242	0.0742	C
1226	0.03333	0.03432	A
1227	0.00371	0.00383	G
1228	0.01062	0.01115	T
1229	0.04087	0.04141	C
1230	0.03197	0.03254	A
1231	0.01301	0.01308	T
1232	0.02041	0.02064	T
1233	0.08241	0.09381	C
1234	0.01813	0.02008	T
1235	0.04597	0.04757	C
1236	0.02742	0.02977	A
1237	0.01533	0.01601	T
1238	0.03138	0.03175	A
1239	0.03593	0.03992	A
1240	0.01873	0.01979	T
1241	0.03984	0.04253	C
1242	0.00959	0.00991	G
1243	0.0306	0.03065	C
1244	0.01999	0.01999	C
1245	0.04211	0.04233	C
1246	0.03762	0.0458	A
1247	0.0585	0.05977	C
1248	0.00485	0.00563	G
1249	0.00172	0.00174	G
1250	0.85896	0.859	G
1251	0.03282	0.03292	C
1252	0.00683	0.00696	T
1253	0.00959	0.01404	T
1254	0.02118	0.03465	A
1255	0.05176	0.05442	C
1256	0.05678	0.05774	A
1257	0.01058	0.01102	T
1258	0.03354	0.03374	C
1259	0.02675	0.02704	C
1260	0.00979	0.0132	T
1261	0.03569	0.03635	C
1262	0.02969	0.03346	A
1263	0.01564	0.0157	T
1264	0.0127	0.01314	T
1265	0.03009	0.06356	A
1266	0.04866	0.0503	C
1267	0.01092	0.01144	T
1268	0.04359	0.04822	A
1269	0.01095	0.01097	T
1270	0.01131	0.01143	T
1271	0.03511	0.04421	C
1272	0.01926	0.01965	T
1273	0.00629	0.00684	G
1274	0.04918	0.0493	C
1275	0.02981	0.03075	C
1276	0.01202	0.01346	T
1277	0.04932	0.05099	A
1278	0.00676	0.00748	G
1279	0.04643	0.04983	C
1280	0.02898	0.0294	A
1281	0.03345	0.03377	A
1282	0.03318	0.03333	A
1283	0.05651	0.06031	C
1284	0.01225	0.01459	T
1285	0.04722	0.04885	C
1286	0.03226	0.03342	A
1287	0.03211	0.03242	A
1288	0.03455	0.0347	A
1289	0.04509	0.0491	C
1290	0.00924	0.00957	T
1291	0.03274	0.0337	A
1292	0.06272	0.06367	C
1293	0.0084	0.0095	G
1294	0.02887	0.02911	A
1295	0.0401	0.04126	A
1296	0.06709	0.06858	C
1297	0.00938	0.00999	G
1298	0.02965	0.03096	C
1299	0.02879	0.0293	A
1300	0.04482	0.04547	C
1301	0.01445	0.01617	T
1302	0.05062	0.05121	C
1303	0.02681	0.02861	A
1304	0.05786	0.05857	C
1305	0.03258	0.03535	A
1306	0.00449	0.00505	G
1307	0.01547	0.01694	T
1308	0.05952	0.05989	C
1309	0.00532	0.00589	G
1310	0.02961	0.03289	C
1311	0.03116	0.03239	A
1312	0.01098	0.01271	T
1313	0.04051	0.0414	C
1314	0.03474	0.03619	A
1315	0.01206	0.01276	T
1316	0.03079	0.03095	A
1317	0.03537	0.04481	A
1318	0.00937	0.01005	T
1319	0.07251	0.07472	C
1320	0.02008	0.02067	C
1321	0.00684	0.00777	T
1322	0.04536	0.0461	C
1323	0.00846	0.00919	T
1324	0.04833	0.04928	C
1325	0.00981	0.01134	T
1326	0.0543	0.05543	C
1327	0.03583	0.03794	A
1328	0.03209	0.03222	A
1329	0.00279	0.00287	G
1330	0.003	0.00315	G
1331	0.02561	0.03433	A
1332	0.05145	0.05219	C
1333	0.00822	0.00841	T
1334	0.01138	0.01144	T
1335	0.04207	0.04501	C
1336	0.03228	0.03302	A
1337	0.03393	0.03415	A
1338	0.06291	0.06314	A
1339	0.03871	0.0421	C
1340	0.00772	0.00818	T
1341	0.04302	0.04393	C
1342	0.01006	0.01069	T
1343	0.03028	0.03493	A
1344	0.03723	0.03988	C
1345	0.0206	0.02185	T
1346	0.07776	0.0778	C
1347	0.05309	0.0533	C
1348	0.03982	0.04132	C
1349	0.02315	0.03052	A
1350	0.03451	0.03571	C
1351	0.00722	0.00752	T
1352	0.03588	0.03615	A
1353	0.03531	0.03647	A
1354	0.01358	0.0147	T
1355	0.03997	0.04078	A
1356	0.0124	0.01345	G
1357	0.06244	0.06339	C
1358	0.00405	0.00408	T
1359	0.00437	0.00439	T
1360	0.00757	0.00759	T
1361	0.00773	0.00773	T
1362	0.00754	0.00754	T
1363	0.00569	0.00701	G
1364	0.04562	0.04679	A
1365	0.01251	0.01312	T
1366	0.0044	0.00465	G
1367	0.03924	0.04012	A
1368	0.04282	0.04408	C
1369	0.00883	0.00887	T
1370	0.01013	0.0102	T
1371	0.03162	0.0373	C
1372	0.00899	0.00956	T
1373	0.03104	0.03264	A
1374	0.00413	0.00442	G
1375	0.0289	0.03274	C
1376	0.03181	0.03205	A
1377	0.03845	0.0409	A
1378	0.00525	0.0061	G
1379	0.05228	0.05245	C
1380	0.02413	0.02462	C
1381	0.00907	0.0103	T
1382	0.04753	0.04791	C
1383	0.00469	0.00529	G
1384	0.03095	0.03237	C
1385	0.00928	0.00992	T
1386	0.02925	0.02996	A
1387	0.03851	0.0388	A
1388	0.068	0.06825	C
1389	0.03246	0.03353	C
1390	0.01509	0.01907	T
1391	0.06329	0.06535	C
1392	0.00551	0.00888	G
1393	0.05102	0.05103	C
1394	0.03936	0.03969	C
1395	0.01615	0.0165	T
1396	0.02286	0.02476	T
1397	0.03274	0.04161	A
1398	0.03536	0.03565	C
1399	0.04026	0.04092	C
1400	0.03607	0.03662	C
1401	0.04261	0.04282	C
1402	0.04708	0.04718	C
1403	0.03217	0.03229	C
1404	0.01971	0.02684	A
1405	0.04226	0.04278	C
1406	0.00768	0.008	T
1407	0.03305	0.03398	A
1408	0.01163	0.01168	T
1409	0.01385	0.01427	T
1410	0.02029	0.02047	A
1411	0.03698	0.03762	A
1412	0.07257	0.07296	C
1413	0.03684	0.03716	C
1414	0.01082	0.01158	T
1415	0.03637	0.03743	A
1416	0.04645	0.04691	C
1417	0.00852	0.00865	T
1418	0.0017	0.00172	G
1419	0.00124	0.00124	G
1420	0.00146	0.00148	G
1421	0.00645	0.0072	A
1422	0.00289	0.00304	G
1423	0.01065	0.01068	A
1424	0.00869	0.00885	A
1425	0.01054	0.01101	C
1426	0.00524	0.00548	T
1427	0.04974	0.04998	C
1428	0.0092	0.0093	T
1429	0.03123	0.03146	C
1430	0.00692	0.00707	T
1431	0.00383	0.00488	G
1432	0.01523	0.01564	T
1433	0.00431	0.00453	G
1434	0.0496	0.05086	C
1435	0.04262	0.04275	T
1436	0.0321	0.0327	A
1437	0.00325	0.00344	G
1438	0.01126	0.01471	T
1439	0.02679	0.02689	A
1440	0.04162	0.04201	A
1441	0.05736	0.0577	C
1442	0.0364	0.03647	C
1443	0.0272	0.03187	A
1444	0.04843	0.04875	C
1445	0.00281	0.0029	G
1446	0.00128	0.00131	T
1447	0.00115	0.00117	T
1448	0.0071	0.00902	C
1449	0.00131	0.00135	T
1450	0.00158	0.00159	C
1451	0.00127	0.0013	C
1452	0.00174	0.00203	T
1453	0.00235	0.00354	G
1454	0.02917	0.02935	A
1455	0.01028	0.01053	T
1456	0.054	0.05436	C
1457	0.02927	0.0294	A
1458	0.037	0.03785	A
1459	0.03963	0.03997	A
1460	0.00843	0.00988	T
1461	0.04833	0.04939	A
1462	0.01902	0.02099	T
1463	0.06184	0.06346	C
1464	0.09089	0.09248	A
1465	0.04218	0.0445	C
1466	0.01047	0.01098	T
1467	0.05168	0.05241	C
1468	0.00599	0.00625	T
1469	0.04247	0.04248	C
1470	0.01404	0.0156	C
1471	0.00702	0.00761	T
1472	0.0335	0.03521	A
1473	0.05695	0.05835	C
1474	0.01029	0.0105	T
1475	0.01208	0.0128	T
1476	0.0251	0.05163	A
1477	0.05566	0.05643	C
1478	0.03114	0.03251	A
1479	0.00407	0.00442	G
1480	0.00347	0.00366	G
1481	0.0256	0.0346	A
1482	0.07793	0.0786	C
1483	0.01226	0.01352	T
1484	0.04802	0.0493	C
1485	0.03251	0.03351	A
1486	0.03392	0.03435	A
1487	0.05016	0.05111	C
1488	0.04133	0.04297	A
1489	0.01242	0.01353	T
1490	0.03481	0.03525	A
1491	0.04522	0.04656	C
1492	0.01161	0.01196	T
1493	0.03024	0.03176	A
1494	0.00396	0.00419	G
1495	0.01181	0.01274	T
1496	0.03856	0.03924	C
1497	0.03106	0.03428	A
1498	0.05742	0.06143	C
1499	0.01957	0.02467	A
1500	0.00438	0.00479	G
1501	0.02868	0.02873	C
1502	0.01042	0.01045	C
1503	0.00723	0.0073	C
1504	0.00271	0.0031	T
1505	0.02064	0.02187	A
1506	0.00587	0.0065	T
1507	0.04274	0.04481	A
1508	0.04804	0.05111	C
1509	0.01053	0.01155	T
1510	0.04151	0.04206	C
1511	0.02797	0.02803	C
1512	0.02161	0.02247	C
1513	0.00737	0.00819	T
1514	0.0423	0.04338	C
1515	0.01068	0.01125	T
1516	0.03737	0.03862	A
1517	0.06379	0.06432	C
1518	0.02449	0.02653	A
1519	0.01397	0.01434	T
1520	0.01359	0.01416	A
1521	0.00696	0.007	T
1522	0.01281	0.01288	T
1523	0.02048	0.02079	T
1524	0.04482	0.05085	A
1525	0.07794	0.07843	C
1526	0.04602	0.04647	C
1527	0.02448	0.03653	A
1528	0.03002	0.03208	C
1529	0.02659	0.02671	A
1530	0.02303	0.02355	A
1531	0.05104	0.05394	C
1532	0.02892	0.02938	A
1533	0.05459	0.05761	C
1534	0.03314	0.03316	A
1535	0.02439	0.02513	A
1536	0.00594	0.00614	T
1537	0.00189	0.0019	G
1538	0.00133	0.00135	G
1539	0.00162	0.00167	G
1540	0.00293	0.00303	G
1541	0.01271	0.01556	C
1542	0.00515	0.00627	T
1543	0.05308	0.05439	C
1544	0.0271	0.02782	A
1545	0.05792	0.05933	C
1546	0.02392	0.02764	T
1547	0.04929	0.0515	C
1548	0.02485	0.02654	A
1549	0.07765	0.07768	C
1550	0.06595	0.066	C
1551	0.03874	0.04058	C
1552	0.02664	0.03286	A
1553	0.06921	0.06924	C
1554	0.04463	0.04634	C
1555	0.02115	0.0247	A
1556	0.0409	0.04207	C
1557	0.02452	0.02595	A
1558	0.01022	0.0107	T
1559	0.01547	0.01633	T
1560	0.02224	0.02243	A
1561	0.03203	0.03268	A
1562	0.07408	0.07765	C
1563	0.02968	0.02974	A
1564	0.03066	0.0314	A
1565	0.06379	0.06735	C
1566	0.03219	0.0332	A
1567	0.02257	0.02537	T
1568	0.02499	0.02502	A
1569	0.019	0.01902	A
1570	0.03432	0.03434	A
1571	0.04108	0.04213	A
1572	0.06058	0.06281	C
1573	0.02839	0.02853	C
1574	0.02996	0.03011	C
1575	0.00912	0.01049	T
1576	0.03288	0.03338	C
1577	0.02934	0.03378	A
1578	0.01414	0.01432	T
1579	0.01632	0.01683	T
1580	0.04457	0.04708	C
1581	0.03371	0.0362	A
1582	0.05293	0.05541	C
1583	0.0303	0.03125	A
1584	0.0564	0.05812	C
1585	0.00477	0.00535	G
1586	0.02379	0.02451	A
1587	0.00629	0.00687	G
1588	0.03319	0.03329	A
1589	0.02036	0.0205	A
1590	0.03325	0.03337	A
1591	0.03437	0.03464	A
1592	0.05531	0.06418	C
1593	0.03584	0.03663	A
1594	0.07205	0.07218	C
1595	0.0299	0.02994	C
1596	0.03883	0.0396	C
1597	0.00894	0.0103	T
1598	0.03014	0.03041	C
1599	0.02691	0.02983	A
1600	0.0119	0.0121	T
1601	0.00442	0.00519	G
1602	0.0115	0.01157	T
1603	0.01024	0.01034	T
1604	0.04652	0.04769	C
1605	0.04603	0.0478	A
1606	0.01298	0.01398	T
1607	0.03197	0.03402	A
1608	0.05099	0.0538	C
1609	0.02835	0.02868	A
1610	0.14945	0.15115	C
1611	0.01463	0.01523	C
1612	0.00927	0.01023	T
1613	0.03555	0.04128	A
1614	0.02717	0.02871	T
1615	0.04366	0.04429	C
1616	0.03633	0.03661	C
1617	0.064	0.06428	C
1618	0.05627	0.05638	C
1619	0.03493	0.03503	C
1620	0.03838	0.04235	A
1621	0.01086	0.01119	T
1622	0.02591	0.0302	T
1623	0.03686	0.04431	C
1624	0.01379	0.01446	T
1625	0.04894	0.04901	C
1626	0.03763	0.03971	C
1627	0.01044	0.01245	T
1628	0.08448	0.08452	C
1629	0.01834	0.02121	C
1630	0.01009	0.01111	T
1631	0.02788	0.0348	A
1632	0.02049	0.02133	T
1633	0.05192	0.05231	C
1634	0.02319	0.02332	C
1635	0.03222	0.03249	C
1636	0.01189	0.01353	T
1637	0.03926	0.04183	C
1638	0.0225	0.02575	A
1639	0.02727	0.02797	A
1640	0.0494	0.04949	C
1641	0.00483	0.00488	C
1642	0.00493	0.00494	C
1643	0.01383	0.01384	C
1644	0.00299	0.00379	G
1645	0.02709	0.02747	A
1646	0.04187	0.04216	C
1647	0.02691	0.02737	A
1648	0.01371	0.01522	T
1649	0.03679	0.03752	C
1650	0.0305	0.03188	A
1651	0.01252	0.01256	T
1652	0.01242	0.01294	T
1653	0.02157	0.03337	A
1654	0.04634	0.04653	C
1655	0.0201	0.02015	C
1656	0.00131	0.00131	G
1657	0.00093	0.00093	G
1658	0.00264	0.00264	G
1659	0.00147	0.00148	T
1660	0.00189	0.00189	T
1661	0.01041	0.01041	T
1662	0.00947	0.00947	T
1663	0.05796	0.05805	C
1664	0.03024	0.0303	C
1665	0.00768	0.00827	T
1666	0.03614	0.03671	C
1667	0.01914	0.01914	T
1668	0.00041	0.00041	T
1669	0.0	0.0	A
1670	0.0	0.0	A
