Position	Mismatches	Mismatches + Deletions	Base
1	0.0	0.0	A
2	0.0	0.0	C
3	0.0	0.0	A
4	0.0111	0.0111	T
5	0.03085	0.03085	A
6	0.05888	0.0596	C
7	0.0396	0.0396	C
8	0.0286	0.0286	C
9	0.02565	0.03456	A
10	0.00946	0.0099	T
11	0.00395	0.00396	G
12	0.00351	0.00352	G
13	0.04964	0.04966	C
14	0.03646	0.03663	C
15	0.02527	0.02565	A
16	0.03662	0.03666	A
17	0.05471	0.05479	C
18	0.03468	0.03528	C
19	0.00891	0.01056	T
20	0.04927	0.04928	C
21	0.03314	0.03463	C
22	0.01239	0.01416	T
23	0.04157	0.04751	A
24	0.05905	0.0604	C
25	0.01294	0.01335	T
26	0.04857	0.0486	C
27	0.03832	0.03941	C
28	0.01264	0.01409	T
29	0.0411	0.04168	C
30	0.03394	0.03866	A
31	0.01102	0.01103	T
32	0.01201	0.01214	T
33	0.00567	0.00791	G
34	0.0149	0.01845	T
35	0.04837	0.05089	A
36	0.13505	0.13557	C
37	0.03645	0.03655	C
38	0.02773	0.02787	C
39	0.03214	0.03665	A
40	0.00919	0.00926	T
41	0.01009	0.01018	T
42	0.03143	0.04177	C
43	0.01408	0.01462	T
44	0.02607	0.02719	A
45	0.04774	0.0484	A
46	0.01028	0.01123	T
47	0.0485	0.04965	C
48	0.00464	0.0049	G
49	0.04565	0.04728	C
50	0.02946	0.02961	A
51	0.03771	0.038	A
52	0.01083	0.01131	T
53	0.00242	0.00245	G
54	0.00413	0.00421	G
55	0.05128	0.0526	C
56	0.03019	0.0322	A
57	0.00788	0.00792	T
58	0.00844	0.0086	T
59	0.04691	0.04697	C
60	0.03246	0.03261	C
61	0.01123	0.01313	T
62	0.01848	0.01973	A
63	0.02035	0.0206	A
64	0.00503	0.00528	T
65	0.00263	0.00289	G
66	0.01481	0.01515	C
67	0.00449	0.00456	T
68	0.00744	0.0082	T
69	0.01626	0.03612	A
70	0.06026	0.0604	C
71	0.03724	0.03751	C
72	0.00749	0.01034	G
73	0.02408	0.02445	A
74	0.03313	0.03326	A
75	0.07847	0.08288	C
76	0.02486	0.02849	G
77	0.00302	0.00319	A
78	0.02237	0.02265	A
79	0.01178	0.01187	A
80	0.02735	0.02743	A
81	0.03802	0.03808	A
82	0.01588	0.01634	T
83	0.0168	0.01688	T
84	0.04366	0.0531	C
85	0.0107	0.01118	T
86	0.04166	0.04514	A
87	0.00283	0.00288	G
88	0.00292	0.00305	G
89	0.01778	0.01885	C
90	0.00563	0.00593	T
91	0.02965	0.03088	A
92	0.00984	0.0105	T
93	0.03961	0.0413	A
94	0.01264	0.01432	T
95	0.03891	0.03964	A
96	0.06478	0.06827	C
97	0.02907	0.0291	A
98	0.03867	0.03942	A
99	0.04915	0.0524	C
100	0.0107	0.01122	T
101	0.0432	0.04512	A
102	0.05448	0.05506	C
103	0.00455	0.00496	G
104	0.01901	0.02057	C
105	0.02363	0.02376	A
106	0.02421	0.0244	A
107	0.02389	0.02397	A
108	0.0038	0.00392	G
109	0.00337	0.00341	G
110	0.04739	0.04744	C
111	0.02298	0.02303	C
112	0.04598	0.04603	C
113	0.04468	0.04473	C
114	0.02164	0.02207	A
115	0.0277	0.02774	A
116	0.05421	0.0545	C
117	0.00273	0.00276	G
118	0.00093	0.00093	T
119	0.00093	0.00094	T
120	0.00212	0.00219	G
121	0.00096	0.00111	T
122	0.00516	0.00564	A
123	0.00225	0.00226	G
124	0.00184	0.00186	G
125	0.00298	0.00299	C
126	0.00121	0.00122	C
127	0.00271	0.00271	C
128	0.04606	0.04607	C
129	0.01101	0.01204	T
130	0.04638	0.04759	A
131	0.06318	0.06368	C
132	0.00142	0.00148	G
133	0.00139	0.0014	G
134	0.00196	0.00196	G
135	0.00361	0.00437	C
136	0.00419	0.00424	T
137	0.0336	0.03581	A
138	0.00853	0.00856	C
139	0.00161	0.00165	T
140	0.00443	0.00461	A
141	0.00437	0.00458	C
142	0.00432	0.00432	A
143	0.00482	0.00548	A
144	0.00633	0.00634	C
145	0.02568	0.02577	C
146	0.02117	0.02118	C
147	0.004	0.00404	T
148	0.00596	0.00599	T
149	0.04203	0.04482	C
150	0.0036	0.00372	G
151	0.01627	0.01664	C
152	0.00678	0.00711	T
153	0.00379	0.00594	G
154	0.05501	0.05773	A
155	0.06434	0.0651	C
156	0.00376	0.00392	G
157	0.02487	0.02491	C
158	0.0259	0.02609	C
159	0.02553	0.03806	A
160	0.01648	0.01729	T
161	0.03354	0.03362	A
162	0.0182	0.01826	A
163	0.03914	0.03919	A
164	0.06797	0.06925	A
165	0.01484	0.01812	C
166	0.00384	0.00412	T
167	0.0189	0.01919	C
168	0.0043	0.00434	T
169	0.00827	0.00858	T
170	0.0375	0.04378	C
171	0.03936	0.04115	A
172	0.07224	0.07225	C
173	0.05833	0.05878	C
174	0.01816	0.01826	A
175	0.02276	0.02302	A
176	0.02096	0.02118	A
177	0.00826	0.00907	G
178	0.02015	0.02221	A
179	0.01389	0.01465	G
180	0.07576	0.07651	C
181	0.03625	0.03633	C
182	0.05059	0.05069	C
183	0.03941	0.03969	C
184	0.0158	0.01728	T
185	0.02547	0.0292	A
186	0.01703	0.0172	A
187	0.03489	0.03519	A
188	0.03879	0.03896	A
189	0.06239	0.0643	C
190	0.04503	0.04518	C
191	0.06089	0.06152	C
192	0.00571	0.00869	G
193	0.05643	0.05647	C
194	0.06146	0.06172	C
195	0.02456	0.02922	A
196	0.05866	0.05999	C
197	0.02316	0.02461	A
198	0.01518	0.01598	T
199	0.03655	0.03702	C
200	0.0119	0.0125	T
201	0.03619	0.03708	A
202	0.06987	0.07003	C
203	0.03457	0.03494	C
204	0.03397	0.0411	A
205	0.01943	0.0233	T
206	0.04057	0.04279	C
207	0.02898	0.03119	A
208	0.05899	0.0592	C
209	0.06754	0.06762	C
210	0.01964	0.02007	C
211	0.01132	0.01191	T
212	0.03779	0.03815	C
213	0.00677	0.00707	T
214	0.02994	0.0312	A
215	0.04358	0.04395	C
216	0.0364	0.03832	A
217	0.01618	0.01772	T
218	0.04354	0.04521	C
219	0.03446	0.03618	A
220	0.05633	0.0564	C
221	0.05325	0.05448	C
222	0.00587	0.00858	G
223	0.05042	0.05043	C
224	0.02732	0.02733	C
225	0.02995	0.02995	C
226	0.08977	0.09032	C
227	0.00344	0.00681	G
228	0.0258	0.02598	A
229	0.03903	0.03906	C
230	0.03048	0.03055	C
231	0.00837	0.00851	T
232	0.01253	0.01258	T
233	0.03577	0.04437	A
234	0.00575	0.00588	G
235	0.03952	0.04003	C
236	0.01152	0.01184	T
237	0.04969	0.05101	C
238	0.01404	0.01567	T
239	0.04346	0.04521	C
240	0.02481	0.02599	A
241	0.06141	0.06142	C
242	0.04126	0.04228	C
243	0.02747	0.03263	A
244	0.01767	0.01881	T
245	0.0622	0.06313	C
246	0.00789	0.00869	G
247	0.0391	0.03991	C
248	0.01157	0.01199	T
249	0.04995	0.05056	C
250	0.00952	0.0096	T
251	0.01021	0.01029	T
252	0.0331	0.04086	C
253	0.01089	0.0111	T
254	0.03778	0.03867	A
255	0.04829	0.05032	C
256	0.00864	0.00886	T
257	0.04599	0.04791	A
258	0.01252	0.01306	T
259	0.01509	0.01962	G
260	0.0251	0.02589	A
261	0.02725	0.02817	A
262	0.04537	0.05171	C
263	0.02945	0.0296	C
264	0.04283	0.04289	C
265	0.04248	0.04254	C
266	0.03438	0.03441	C
267	0.02855	0.02875	C
268	0.02251	0.02499	T
269	0.03455	0.03456	C
270	0.04313	0.04314	C
271	0.04865	0.04866	C
272	0.03015	0.03029	C
273	0.01754	0.0372	A
274	0.02113	0.02473	T
275	0.03473	0.03551	A
276	0.06788	0.06827	C
277	0.04383	0.04406	C
278	0.04235	0.04307	C
279	0.02009	0.02113	A
280	0.0199	0.02163	A
281	0.02993	0.03006	C
282	0.03341	0.03375	C
283	0.02601	0.02639	C
284	0.02813	0.02822	C
285	0.01978	0.01982	C
286	0.01098	0.01223	T
287	0.00247	0.0025	G
288	0.00319	0.00325	G
289	0.00984	0.01206	T
290	0.03586	0.03683	C
291	0.02737	0.02758	A
292	0.03939	0.03952	A
293	0.05849	0.05861	C
294	0.03473	0.03521	C
295	0.01346	0.01942	T
296	0.03954	0.04275	C
297	0.02253	0.02643	A
298	0.0357	0.03574	A
299	0.04946	0.04957	C
300	0.0035	0.00362	C
301	0.00716	0.00749	T
302	0.00681	0.00813	A
303	0.00198	0.00206	G
304	0.00215	0.00221	G
305	0.00696	0.00705	C
306	0.02506	0.02543	C
307	0.00791	0.00962	T
308	0.05328	0.05334	C
309	0.02156	0.02251	C
310	0.00707	0.00745	T
311	0.0209	0.02253	A
312	0.00778	0.0078	T
313	0.01055	0.01055	T
314	0.01222	0.01233	T
315	0.05305	0.05872	A
316	0.01752	0.01753	T
317	0.01476	0.01491	T
318	0.05217	0.06389	C
319	0.01941	0.02005	T
320	0.04529	0.0499	A
321	0.00764	0.00822	G
322	0.09337	0.09374	C
323	0.0555	0.05624	C
324	0.03617	0.04759	A
325	0.05046	0.05053	C
326	0.02657	0.02701	C
327	0.01162	0.01286	T
328	0.04264	0.04444	C
329	0.01064	0.01105	T
330	0.06408	0.06939	A
331	0.00243	0.00252	G
332	0.0089	0.00895	C
333	0.00387	0.004	C
334	0.00363	0.00395	T
335	0.00781	0.00866	A
336	0.00212	0.00225	G
337	0.05493	0.05498	C
338	0.0423	0.04236	C
339	0.00493	0.00548	G
340	0.00608	0.00614	T
341	0.0094	0.00944	T
342	0.01061	0.01072	T
343	0.03927	0.04279	A
344	0.06213	0.06271	C
345	0.01413	0.01472	T
346	0.05871	0.06059	C
347	0.03014	0.03175	A
348	0.03796	0.03877	A
349	0.01169	0.01242	T
350	0.0539	0.05401	C
351	0.03404	0.03503	C
352	0.00774	0.00856	T
353	0.02943	0.02953	C
354	0.00477	0.00495	T
355	0.00204	0.00238	G
356	0.00427	0.00439	A
357	0.00092	0.00135	T
358	0.00227	0.0023	C
359	0.00433	0.00451	A
360	0.00099	0.00101	G
361	0.00137	0.00138	G
362	0.00256	0.00265	G
363	0.00335	0.00437	T
364	0.00242	0.00269	G
365	0.03023	0.03103	A
366	0.00493	0.0056	G
367	0.05119	0.05279	C
368	0.03837	0.03882	A
369	0.01257	0.0138	T
370	0.0591	0.05986	C
371	0.03346	0.03368	A
372	0.03525	0.03644	A
373	0.04501	0.04514	A
374	0.04433	0.04823	C
375	0.00989	0.01229	T
376	0.03495	0.0361	C
377	0.03225	0.03327	A
378	0.03455	0.03475	A
379	0.04421	0.0444	A
380	0.03792	0.04159	C
381	0.00637	0.00711	T
382	0.04495	0.05064	A
383	0.03036	0.03091	C
384	0.00384	0.0041	G
385	0.00517	0.00517	C
386	0.00349	0.00349	C
387	0.00569	0.00572	C
388	0.00215	0.00246	T
389	0.0023	0.00357	G
390	0.01116	0.01129	A
391	0.00264	0.00271	T
392	0.02328	0.02357	C
393	0.00227	0.00227	G
394	0.0026	0.00262	G
395	0.05866	0.05914	C
396	0.00413	0.00436	G
397	0.04416	0.04491	C
398	0.02514	0.02585	A
399	0.02121	0.02143	C
400	0.00356	0.00373	T
401	0.0028	0.00393	G
402	0.03706	0.03826	C
403	0.00476	0.00527	G
404	0.04749	0.04802	A
405	0.00357	0.00401	G
406	0.02362	0.02387	C
407	0.02436	0.02479	A
408	0.00493	0.00513	G
409	0.0055	0.00716	T
410	0.05098	0.05394	A
411	0.00847	0.00929	G
412	0.02793	0.02832	C
413	0.03106	0.03122	C
414	0.0351	0.03526	C
415	0.01229	0.01287	A
416	0.03465	0.03491	A
417	0.03501	0.03508	A
418	0.09168	0.09868	C
419	0.02716	0.02719	A
420	0.04064	0.04124	A
421	0.01466	0.01566	T
422	0.04725	0.04757	C
423	0.01036	0.01177	T
424	0.03801	0.0384	C
425	0.03612	0.04013	A
426	0.01379	0.01417	T
427	0.05574	0.0581	A
428	0.01246	0.01268	T
429	0.00502	0.0062	G
430	0.03567	0.03581	A
431	0.03992	0.04025	A
432	0.00793	0.00909	G
433	0.02354	0.03024	T
434	0.0454	0.04729	C
435	0.03886	0.04076	A
436	0.06338	0.06372	C
437	0.05642	0.05649	C
438	0.01487	0.01519	C
439	0.01073	0.0114	T
440	0.03089	0.03306	A
441	0.00453	0.0048	G
442	0.02862	0.02873	C
443	0.01236	0.01249	C
444	0.01697	0.02043	A
445	0.0089	0.00987	T
446	0.03242	0.03299	C
447	0.03471	0.03654	A
448	0.01031	0.01041	T
449	0.00922	0.00947	T
450	0.04076	0.05044	C
451	0.01196	0.01245	T
452	0.0432	0.0441	A
453	0.04131	0.04354	C
454	0.01377	0.01464	T
455	0.0279	0.02975	A
456	0.01295	0.01388	T
457	0.05224	0.05393	C
458	0.02396	0.02412	A
459	0.0356	0.0359	A
460	0.0388	0.03981	C
461	0.02739	0.02832	A
462	0.01525	0.01601	T
463	0.01427	0.01449	T
464	0.01538	0.03214	A
465	0.04245	0.04343	C
466	0.00812	0.00833	T
467	0.02965	0.02992	A
468	0.02901	0.02962	A
469	0.00704	0.00728	T
470	0.03711	0.03712	A
471	0.04247	0.04427	A
472	0.00306	0.00336	G
473	0.00446	0.00473	T
474	0.0028	0.00283	G
475	0.00223	0.00239	G
476	0.03977	0.0423	C
477	0.00614	0.00642	T
478	0.05071	0.05087	C
479	0.02933	0.0303	C
480	0.00679	0.00683	T
481	0.0083	0.00844	T
482	0.01268	0.01278	T
483	0.02777	0.02903	A
484	0.03747	0.03773	A
485	0.14553	0.14597	C
486	0.02689	0.02718	C
487	0.0128	0.01492	T
488	0.03597	0.03656	C
489	0.01141	0.01239	T
490	0.03991	0.04001	C
491	0.03758	0.03833	C
492	0.01662	0.03232	A
493	0.09609	0.09609	C
494	0.03342	0.03342	C
495	0.02521	0.02584	C
496	0.00833	0.00848	T
497	0.00726	0.00746	T
498	0.02189	0.0354	A
499	0.01397	0.01524	T
500	0.04749	0.04842	C
501	0.03825	0.0391	A
502	0.04848	0.05171	C
503	0.03012	0.03018	A
504	0.02536	0.02585	A
505	0.04053	0.04315	C
506	0.03383	0.03438	A
507	0.06138	0.06378	C
508	0.03277	0.03279	A
509	0.05502	0.0563	A
510	0.00643	0.01038	G
511	0.03324	0.03326	A
512	0.03604	0.03679	A
513	0.04196	0.04551	C
514	0.03717	0.03809	A
515	0.06258	0.06281	C
516	0.03509	0.03553	C
517	0.01274	0.01437	T
518	0.04928	0.04943	C
519	0.01089	0.01152	T
520	0.00401	0.00549	G
521	0.03683	0.03745	A
522	0.01245	0.01254	T
523	0.01162	0.0119	T
524	0.02534	0.04387	A
525	0.05518	0.05635	C
526	0.01195	0.0122	T
527	0.0611	0.06129	C
528	0.03089	0.03238	C
529	0.01013	0.01113	T
530	0.00307	0.00327	G
531	0.01184	0.01186	C
532	0.00643	0.00654	C
533	0.04933	0.05778	A
534	0.01278	0.01422	T
535	0.04663	0.04706	C
536	0.03722	0.03922	A
537	0.02194	0.02323	T
538	0.00512	0.00831	G
539	0.04375	0.04437	A
540	0.0711	0.07144	C
541	0.04984	0.04996	C
542	0.02812	0.02818	C
543	0.01279	0.01287	T
544	0.01069	0.01076	T
545	0.0031	0.00316	G
546	0.00315	0.00319	G
547	0.0112	0.01127	C
548	0.07016	0.07031	C
549	0.01633	0.0244	A
550	0.00973	0.01009	T
551	0.02674	0.0268	A
552	0.03082	0.03369	A
553	0.00904	0.00922	T
554	0.03547	0.03684	A
555	0.00992	0.01019	T
556	0.00371	0.00426	G
557	0.03267	0.03326	A
558	0.00916	0.00919	T
559	0.01175	0.01191	T
560	0.01271	0.0128	T
561	0.03806	0.04197	A
562	0.01934	0.02008	T
563	0.05622	0.05788	C
564	0.01412	0.01527	T
565	0.05474	0.05499	C
566	0.03759	0.03831	C
567	0.01841	0.03836	A
568	0.05425	0.05584	C
569	0.03621	0.03847	A
570	0.05548	0.05765	C
571	0.00966	0.01012	T
572	0.02112	0.02215	A
573	0.00426	0.00505	G
574	0.01607	0.01622	C
575	0.04509	0.04578	A
576	0.00216	0.00225	G
577	0.00618	0.00753	A
578	0.00217	0.00227	G
579	0.00665	0.00682	A
580	0.00544	0.00551	C
581	0.01637	0.0165	C
582	0.02507	0.02515	A
583	0.02945	0.02955	A
584	0.03805	0.03811	C
585	0.00447	0.0045	C
586	0.00391	0.00434	G
587	0.01805	0.01895	A
588	0.00434	0.00527	A
589	0.00334	0.00335	C
590	0.00225	0.00226	C
591	0.0023	0.00232	C
592	0.00227	0.00228	C
593	0.00275	0.00275	C
594	0.00148	0.00151	T
595	0.00125	0.00126	T
596	0.00242	0.00258	C
597	0.00306	0.00328	G
598	0.04175	0.04195	A
599	0.03212	0.03215	C
600	0.0407	0.04096	C
601	0.01068	0.01086	T
602	0.01678	0.01686	T
603	0.00367	0.00455	G
604	0.02968	0.02972	C
605	0.00247	0.00247	C
606	0.00256	0.00264	G
607	0.00439	0.00449	A
608	0.00476	0.00479	A
609	0.00147	0.00147	G
610	0.00115	0.00115	G
611	0.00142	0.00142	G
612	0.00122	0.00122	G
613	0.01814	0.01994	A
614	0.0024	0.00245	G
615	0.0013	0.00135	T
616	0.0087	0.00871	C
617	0.00328	0.00329	C
618	0.00391	0.00418	G
619	0.01977	0.01985	A
620	0.03843	0.03849	A
621	0.05367	0.05613	C
622	0.00431	0.00442	T
623	0.06626	0.06759	A
624	0.00115	0.00118	G
625	0.0014	0.00363	T
626	0.00295	0.00299	C
627	0.00603	0.01623	T
628	0.00476	0.00496	C
629	0.06417	0.06731	A
630	0.00257	0.00258	G
631	0.00281	0.00282	G
632	0.00609	0.00631	C
633	0.00334	0.00337	T
634	0.01042	0.01044	T
635	0.05353	0.05578	C
636	0.03783	0.03843	A
637	0.03942	0.03962	A
638	0.05822	0.05923	C
639	0.04261	0.04299	A
640	0.01466	0.01526	T
641	0.06263	0.06317	C
642	0.01009	0.01052	G
643	0.04263	0.04286	A
644	0.03263	0.03349	A
645	0.01028	0.01105	T
646	0.04562	0.04858	A
647	0.07264	0.07584	C
648	0.00912	0.00943	G
649	0.037	0.03712	C
650	0.02976	0.0301	C
651	0.00554	0.01104	G
652	0.0483	0.05233	C
653	0.03668	0.04103	A
654	0.00368	0.00389	G
655	0.00482	0.00517	G
656	0.02703	0.02708	C
657	0.0508	0.05087	C
658	0.05274	0.05277	C
659	0.05098	0.05102	C
660	0.00647	0.00676	T
661	0.01027	0.01072	T
662	0.05861	0.06324	C
663	0.00547	0.00649	G
664	0.06621	0.06623	C
665	0.05597	0.05602	C
666	0.02342	0.02358	C
667	0.00681	0.00735	T
668	0.03254	0.0345	A
669	0.00739	0.00741	T
670	0.00896	0.009	T
671	0.02825	0.03989	C
672	0.00918	0.00919	T
673	0.01062	0.01099	T
674	0.04634	0.04919	C
675	0.03788	0.04146	A
676	0.01348	0.015	T
677	0.05535	0.06132	A
678	0.00479	0.0055	G
679	0.07739	0.07764	C
680	0.04492	0.04503	C
681	0.00561	0.00704	G
682	0.03027	0.0308	A
683	0.02347	0.02388	A
684	0.01323	0.01413	T
685	0.03763	0.03811	A
686	0.05601	0.05842	C
687	0.02039	0.02125	A
688	0.0715	0.07898	C
689	0.0338	0.03397	A
690	0.02351	0.02356	A
691	0.02204	0.02246	A
692	0.06761	0.07533	C
693	0.02218	0.02256	A
694	0.0137	0.01428	T
695	0.01038	0.01061	T
696	0.01505	0.03074	A
697	0.01331	0.01341	T
698	0.01363	0.01429	T
699	0.01456	0.03093	A
700	0.01345	0.01452	T
701	0.03007	0.03013	A
702	0.02535	0.02755	A
703	0.02614	0.02852	T
704	0.04176	0.04178	A
705	0.031	0.03101	A
706	0.03816	0.03966	A
707	0.07206	0.07907	C
708	0.03498	0.03635	A
709	0.06734	0.06762	C
710	0.02872	0.02877	C
711	0.02794	0.02869	C
712	0.02591	0.02779	T
713	0.0645	0.06546	C
714	0.0271	0.02972	A
715	0.06902	0.06904	C
716	0.0387	0.03989	C
717	0.01636	0.0307	A
718	0.04555	0.04715	C
719	0.01038	0.01137	T
720	0.03526	0.03588	A
721	0.05201	0.05295	C
722	0.03217	0.03222	A
723	0.03183	0.03261	A
724	0.01113	0.01231	T
725	0.04195	0.04297	C
726	0.01017	0.01025	T
727	0.0098	0.00999	T
728	0.03946	0.03952	C
729	0.02845	0.02868	C
730	0.00836	0.00868	T
731	0.04424	0.04626	A
732	0.00323	0.00328	G
733	0.0042	0.00433	G
734	0.0556	0.05571	A
735	0.02984	0.03011	A
736	0.03977	0.04128	C
737	0.02447	0.02449	A
738	0.02243	0.0227	A
739	0.03943	0.04028	C
740	0.02785	0.0284	A
741	0.00838	0.00887	T
742	0.02938	0.02985	A
743	0.01152	0.01173	T
744	0.00405	0.00569	G
745	0.04089	0.04218	A
746	0.0716	0.07241	C
747	0.01392	0.0147	G
748	0.04853	0.051	C
749	0.04949	0.05078	A
750	0.04337	0.04497	C
751	0.01422	0.01706	T
752	0.11204	0.11704	C
753	0.01633	0.01863	T
754	0.07007	0.07008	C
755	0.05881	0.05881	C
756	0.04589	0.0459	C
757	0.02958	0.02984	C
758	0.01012	0.01167	T
759	0.00558	0.00685	G
760	0.03799	0.03852	A
761	0.05108	0.05148	A
762	0.04992	0.05145	C
763	0.00985	0.01002	T
764	0.04484	0.04568	C
765	0.00971	0.01012	T
766	0.03728	0.03868	A
767	0.05544	0.05629	C
768	0.03279	0.03406	A
769	0.05353	0.05598	C
770	0.03334	0.03344	A
771	0.04007	0.04042	A
772	0.03429	0.03573	C
773	0.02335	0.02427	A
774	0.00765	0.00814	T
775	0.01721	0.01756	A
776	0.00391	0.00393	T
777	0.00582	0.00583	T
778	0.00783	0.00783	T
779	0.00989	0.00991	T
780	0.00315	0.00403	G
781	0.00941	0.01111	T
782	0.0264	0.02678	C
783	0.03663	0.03725	A
784	0.04669	0.04672	C
785	0.03006	0.03039	C
786	0.03007	0.03022	A
787	0.05137	0.05292	A
788	0.00484	0.00617	G
789	0.04426	0.04524	A
790	0.05282	0.05317	C
791	0.05529	0.05558	C
792	0.03808	0.03845	C
793	0.01125	0.01221	T
794	0.03246	0.03368	A
795	0.0496	0.05089	C
796	0.0104	0.01052	T
797	0.01434	0.01455	T
798	0.04627	0.06268	C
799	0.01558	0.01655	T
800	0.03707	0.03979	A
801	0.04007	0.04066	A
802	0.06763	0.06814	C
803	0.03468	0.03623	C
804	0.0084	0.01142	T
805	0.05131	0.05217	C
806	0.08696	0.08703	C
807	0.01063	0.01087	C
808	0.00249	0.00275	T
809	0.00188	0.00257	G
810	0.00239	0.00241	T
811	0.00198	0.00199	T
812	0.00674	0.00774	C
813	0.00649	0.0065	T
814	0.00875	0.00886	T
815	0.02701	0.05481	A
816	0.0155	0.01575	T
817	0.00654	0.00817	G
818	0.03411	0.03437	A
819	0.04637	0.04769	A
820	0.00965	0.00972	T
821	0.00888	0.00909	T
822	0.0436	0.04648	C
823	0.00356	0.00378	G
824	0.01246	0.01251	A
825	0.00967	0.00981	A
826	0.01172	0.01235	C
827	0.01377	0.01405	A
828	0.00575	0.00703	G
829	0.10569	0.1081	C
830	0.04491	0.04858	A
831	0.01709	0.01936	T
832	0.04553	0.04766	A
833	0.05886	0.05957	C
834	0.0815	0.08228	C
835	0.03735	0.03747	C
836	0.0488	0.04885	C
837	0.05643	0.05648	C
838	0.00509	0.00692	G
839	0.03448	0.0353	A
840	0.01125	0.01142	T
841	0.00932	0.00939	T
842	0.05869	0.05879	C
843	0.06366	0.06397	C
844	0.00361	0.0051	G
845	0.03055	0.03208	C
846	0.00848	0.00896	T
847	0.03804	0.03974	A
848	0.07125	0.07274	C
849	0.00716	0.00877	G
850	0.0345	0.03565	A
851	0.0572	0.05728	C
852	0.03743	0.03792	C
853	0.02208	0.02226	A
854	0.02969	0.02983	A
855	0.0449	0.04602	C
856	0.01066	0.01433	T
857	0.03894	0.03998	C
858	0.03401	0.03704	A
859	0.01613	0.01777	T
860	0.04338	0.04566	A
861	0.06329	0.06604	C
862	0.03273	0.03362	A
863	0.06893	0.07008	C
864	0.03592	0.03722	C
865	0.00842	0.00981	T
866	0.0457	0.04571	C
867	0.03659	0.03869	C
868	0.008	0.009	T
869	0.03296	0.03545	A
870	0.0146	0.01602	T
871	0.01225	0.01358	G
872	0.00262	0.00273	A
873	0.00548	0.00558	A
874	0.01415	0.01434	A
875	0.01292	0.01302	A
876	0.01353	0.01358	A
877	0.01017	0.01023	A
878	0.06121	0.06337	C
879	0.01096	0.01118	T
880	0.01169	0.01173	T
881	0.03839	0.03848	C
882	0.02616	0.02657	C
883	0.01651	0.01833	T
884	0.04298	0.04461	A
885	0.08154	0.0817	C
886	0.0412	0.04166	C
887	0.02338	0.0329	A
888	0.03543	0.03692	C
889	0.05265	0.05717	T
890	0.0391	0.04116	C
891	0.02446	0.02658	A
892	0.06824	0.06824	C
893	0.05224	0.05225	C
894	0.02981	0.0304	C
895	0.0098	0.01042	T
896	0.05045	0.05162	A
897	0.00606	0.00667	G
898	0.04273	0.04329	C
899	0.032	0.03313	A
900	0.01326	0.01355	T
901	0.01997	0.02031	T
902	0.00748	0.01735	A
903	0.04407	0.04503	C
904	0.00819	0.00825	T
905	0.00873	0.00898	T
906	0.01522	0.03079	A
907	0.00958	0.00979	T
908	0.03343	0.03518	A
909	0.00907	0.00928	T
910	0.00422	0.00535	G
911	0.03365	0.03439	A
912	0.01032	0.01047	T
913	0.02771	0.02885	A
914	0.01307	0.01328	T
915	0.00578	0.00616	G
916	0.01574	0.01756	T
917	0.02445	0.02472	C
918	0.02957	0.0322	T
919	0.03956	0.03961	C
920	0.02789	0.02834	C
921	0.01958	0.03676	A
922	0.02105	0.02314	T
923	0.02987	0.03121	A
924	0.06322	0.06373	C
925	0.04309	0.04324	C
926	0.02064	0.02078	C
927	0.01654	0.02699	A
928	0.01373	0.01392	T
929	0.00893	0.00917	T
930	0.0134	0.02327	A
931	0.0542	0.05525	C
932	0.02368	0.02374	A
933	0.02836	0.02864	A
934	0.01545	0.01591	T
935	0.04247	0.04301	C
936	0.01099	0.01129	T
937	0.04262	0.04263	C
938	0.02869	0.02895	C
939	0.02427	0.03128	A
940	0.00698	0.00715	G
941	0.03877	0.03963	C
942	0.03077	0.03182	A
943	0.01173	0.01193	T
944	0.02881	0.02913	T
945	0.04133	0.04154	C
946	0.03674	0.03684	C
947	0.02833	0.02833	C
948	0.01537	0.01537	C
949	0.01508	0.01509	C
950	0.00837	0.00933	T
951	0.02328	0.02379	C
952	0.00919	0.00967	A
953	0.01518	0.01518	A
954	0.00919	0.00919	A
955	0.02422	0.02422	C
956	0.02273	0.02273	C
957	0.00056	0.00056	T
958	0.0	0.0	A
959	0.0	0.0	A
