Position	Mismatches	Mismatches + Deletions	Base
1	0.0	0.0	A
2	0.0	0.0	T
3	0.0	0.0	A
4	0.02624	0.02624	A
5	0.04933	0.05073	C
6	0.0309	0.0309	C
7	0.01751	0.02442	A
8	0.01178	0.01209	T
9	0.00407	0.00479	G
10	0.04076	0.042	C
11	0.0394	0.04096	A
12	0.04282	0.0434	C
13	0.02841	0.02893	A
14	0.0436	0.04437	C
15	0.01039	0.01079	T
16	0.02809	0.02851	A
17	0.05232	0.05338	C
18	0.0101	0.01054	T
19	0.03307	0.03606	A
20	0.01165	0.01362	T
21	0.03716	0.03722	A
22	0.03926	0.04103	A
23	0.06152	0.0623	C
24	0.03366	0.03408	C
25	0.04153	0.06865	A
26	0.05769	0.05774	C
27	0.04867	0.0487	C
28	0.01912	0.01955	C
29	0.01691	0.01955	T
30	0.02554	0.02631	A
31	0.03612	0.03653	A
32	0.06995	0.07013	C
33	0.05552	0.05572	C
34	0.03459	0.03545	C
35	0.01505	0.01603	T
36	0.98293	0.98691	G
37	0.03192	0.03247	A
38	0.05257	0.05377	C
39	0.01095	0.01133	T
40	0.01204	0.01222	T
41	0.0468	0.04686	C
42	0.06039	0.06059	C
43	0.0487	0.04889	C
44	0.01879	0.01978	T
45	0.03755	0.03855	A
46	0.04367	0.04536	A
47	0.00992	0.01019	T
48	0.00812	0.00869	T
49	0.02899	0.02945	C
50	0.058	0.05835	C
51	0.0509	0.05111	C
52	0.08222	0.08238	C
53	0.05759	0.05769	C
54	0.03257	0.03266	C
55	0.0262	0.03194	A
56	0.01623	0.01711	T
57	0.05129	0.05137	C
58	0.02988	0.03001	C
59	0.00975	0.00986	T
60	0.01355	0.01413	T
61	0.0249	0.0419	A
62	0.07829	0.07871	C
63	0.05245	0.0538	C
64	0.02519	0.03441	A
65	0.07542	0.07548	C
66	0.04876	0.0488	C
67	0.03878	0.04007	C
68	0.01003	0.01093	T
69	0.05544	0.05567	C
70	0.00411	0.00481	G
71	0.01084	0.01117	T
72	0.02002	0.0206	T
73	0.03937	0.04012	A
74	0.02739	0.0276	A
75	0.07967	0.07988	C
76	0.04536	0.04552	C
77	0.02476	0.02511	C
78	0.01447	0.0173	T
79	0.02484	0.02657	A
80	0.02024	0.02036	A
81	0.05253	0.05774	C
82	0.00075	0.0008	A
83	0.00035	0.00037	A
84	0.00027	0.00028	A
85	0.00194	0.00195	A
86	0.00651	0.00652	A
87	0.00442	0.00442	A
88	0.00839	0.00839	A
89	0.01006	0.01007	A
90	0.06592	0.07047	C
91	0.01547	0.01692	T
92	0.04814	0.05009	C
93	0.03449	0.04019	A
94	0.02552	0.02832	T
95	0.03697	0.04011	A
96	0.07045	0.07157	C
97	0.04576	0.04633	C
98	0.04747	0.0476	C
99	0.04598	0.04607	C
100	0.02768	0.02778	C
101	0.021	0.02925	A
102	0.01049	0.01056	T
103	0.00977	0.00996	T
104	0.01438	0.02772	A
105	0.01057	0.01072	T
106	0.00413	0.00462	G
107	0.01516	0.01605	T
108	0.03022	0.03037	A
109	0.01509	0.01522	A
110	0.02897	0.02931	A
111	0.03432	0.03485	A
112	0.01295	0.01508	T
113	0.05338	0.05366	C
114	0.03951	0.03977	C
115	0.04084	0.04438	A
116	0.01463	0.01467	T
117	0.01307	0.01319	T
118	0.00557	0.00725	G
119	0.01552	0.01778	T
120	0.06906	0.06968	C
121	0.0096	0.01083	G
122	0.03282	0.04644	C
123	0.02678	0.02844	A
124	0.01695	0.01783	T
125	0.0635	0.06405	C
126	0.03929	0.04182	C
127	0.02068	0.02979	A
128	0.09452	0.09471	C
129	0.022	0.02226	C
130	0.00647	0.00688	T
131	0.01193	0.01208	T
132	0.00809	0.00825	T
133	0.01443	0.01952	A
134	0.01075	0.01079	T
135	0.01117	0.01138	T
136	0.0197	0.03826	A
137	0.01169	0.01413	T
138	0.04476	0.04585	C
139	0.04791	0.0498	A
140	0.01133	0.01254	G
141	0.01769	0.01848	T
142	0.03136	0.03186	C
143	0.01105	0.01189	T
144	0.04456	0.04775	C
145	0.01327	0.01336	T
146	0.01721	0.01811	T
147	0.05585	0.05607	C
148	0.04357	0.04411	C
149	0.0425	0.04267	C
150	0.02748	0.02772	C
151	0.01475	0.02072	A
152	0.04665	0.04863	C
153	0.02282	0.02328	A
154	0.02622	0.02663	A
155	0.05138	0.05336	C
156	0.03235	0.03242	A
157	0.02956	0.02987	A
158	0.01375	0.01445	T
159	0.03863	0.03961	A
160	0.01064	0.01066	T
161	0.01106	0.01116	T
162	0.03488	0.03639	C
163	0.03399	0.03477	A
164	0.01585	0.01632	T
165	0.00473	0.00629	G
166	0.0141	0.01515	T
167	0.00398	0.00409	G
168	0.03631	0.03649	C
169	0.02037	0.02046	C
170	0.00781	0.00897	T
171	0.02426	0.02926	A
172	0.00479	0.00506	G
173	0.03052	0.03081	A
174	0.05137	0.05145	C
175	0.0333	0.03342	C
176	0.01955	0.01958	A
177	0.03788	0.03827	A
178	0.00301	0.00401	G
179	0.01993	0.01995	A
180	0.02636	0.02675	A
181	0.00376	0.00409	G
182	0.00823	0.00844	T
183	0.00805	0.00823	T
184	0.01862	0.032	A
185	0.01118	0.01118	T
186	0.01465	0.01492	T
187	0.02122	0.03776	A
188	0.01111	0.01145	T
189	0.0429	0.04486	C
190	0.01205	0.01255	T
191	0.04773	0.04856	C
192	0.00695	0.00766	G
193	0.03192	0.03214	A
194	0.03174	0.03185	A
195	0.04315	0.04398	C
196	0.01178	0.01213	T
197	0.0035	0.00489	G
198	0.03551	0.03583	A
199	0.05186	0.05284	C
200	0.02949	0.03002	A
201	0.04481	0.0453	C
202	0.01143	0.01208	T
203	0.00419	0.00548	G
204	0.02469	0.02553	A
205	0.00705	0.00735	G
206	0.03823	0.03838	C
207	0.04165	0.04225	C
208	0.02067	0.03067	A
209	0.05545	0.06252	C
210	0.02684	0.02695	A
211	0.02858	0.03166	A
212	0.0525	0.05264	C
213	0.03579	0.03633	C
214	0.03604	0.0367	C
215	0.01252	0.01294	A
216	0.02603	0.02624	A
217	0.02767	0.02789	A
218	0.07962	0.08611	C
219	0.02603	0.02627	A
220	0.0315	0.03335	A
221	0.05808	0.05829	C
222	0.04326	0.04413	C
223	0.03471	0.03477	C
224	0.03407	0.04315	A
225	0.00517	0.00534	G
226	0.0179	0.01833	C
227	0.00833	0.01021	T
228	0.03553	0.03653	C
229	0.01245	0.01436	T
230	0.04429	0.04433	C
231	0.03708	0.03708	C
232	0.01037	0.01066	C
233	0.00774	0.0085	T
234	0.03043	0.03088	A
235	0.03236	0.03252	A
236	0.00306	0.00367	G
237	0.02931	0.03	C
238	0.00648	0.00656	T
239	0.00847	0.00854	T
240	0.03213	0.03435	C
241	0.02808	0.02833	A
242	0.02649	0.02654	A
243	0.03333	0.03337	A
244	0.03882	0.04276	C
245	0.0081	0.00835	T
246	0.03405	0.03526	A
247	0.00455	0.00484	G
248	0.0401	0.04057	A
249	0.04376	0.04479	C
250	0.00965	0.00999	T
251	0.02987	0.03155	A
252	0.04944	0.0509	C
253	0.01036	0.01055	T
254	0.01272	0.01285	T
255	0.02851	0.04097	C
256	0.01195	0.01227	T
257	0.05161	0.05166	C
258	0.03679	0.03727	C
259	0.0206	0.03118	A
260	0.01088	0.01154	T
261	0.03343	0.03363	A
262	0.02844	0.03181	A
263	0.01042	0.01077	T
264	0.03407	0.03636	A
265	0.01001	0.01004	T
266	0.01058	0.0108	T
267	0.04469	0.04683	C
268	0.03818	0.04038	A
269	0.01281	0.01348	T
270	0.02528	0.02556	C
271	0.0113	0.01144	C
272	0.01434	0.01438	C
273	0.00273	0.00296	T
274	0.00242	0.00306	G
275	0.00296	0.00332	T
276	0.01107	0.01143	A
277	0.00329	0.0038	G
278	0.0109	0.0112	C
279	0.03842	0.03894	A
280	0.0105	0.01056	T
281	0.01376	0.01381	T
282	0.00452	0.00806	G
283	0.01084	0.01085	T
284	0.01001	0.01004	T
285	0.03592	0.03719	C
286	0.00447	0.00459	G
287	0.00303	0.00303	T
288	0.00296	0.00301	T
289	0.00591	0.00868	A
290	0.01126	0.01152	C
291	0.01169	0.01184	A
292	0.00899	0.00918	T
293	0.00318	0.00324	G
294	0.00294	0.00299	G
295	0.01044	0.01088	T
296	0.0539	0.054	C
297	0.02915	0.02952	C
298	0.02354	0.02639	A
299	0.00778	0.00914	T
300	0.02802	0.02846	C
301	0.02492	0.02702	A
302	0.00933	0.01001	T
303	0.03116	0.03275	A
304	0.00645	0.00711	G
305	0.0328	0.03285	A
306	0.03803	0.03902	A
307	0.01025	0.01046	T
308	0.01677	0.01702	T
309	0.04644	0.05336	C
310	0.01408	0.01561	T
311	0.04358	0.04444	C
312	0.02938	0.03022	A
313	0.033	0.03327	C
314	0.00658	0.00668	T
315	0.00403	0.00441	G
316	0.00646	0.00667	T
317	0.00365	0.00441	G
318	0.01528	0.01605	A
319	0.00722	0.00736	T
320	0.024	0.02478	A
321	0.00976	0.01023	T
322	0.02999	0.03092	A
323	0.0119	0.01268	T
324	0.02671	0.02673	A
325	0.02739	0.02742	A
326	0.03345	0.03442	A
327	0.0472	0.05018	C
328	0.01311	0.01523	T
329	0.04324	0.04399	C
330	0.04236	0.04757	A
331	0.01393	0.01575	G
332	0.04512	0.04612	A
333	0.05298	0.05314	C
334	0.0367	0.03685	C
335	0.0313	0.03178	C
336	0.01269	0.01303	A
337	0.02513	0.02541	A
338	0.02182	0.02193	A
339	0.04492	0.04991	C
340	0.02532	0.02603	A
341	0.00981	0.01014	T
342	0.01086	0.01102	T
343	0.01959	0.01978	A
344	0.03295	0.03312	A
345	0.0121	0.01306	T
346	0.03233	0.03266	C
347	0.02731	0.02832	A
348	0.00967	0.01026	G
349	0.00847	0.00858	T
350	0.00784	0.00791	T
351	0.03011	0.03669	C
352	0.00961	0.00968	T
353	0.01064	0.01074	T
354	0.04203	0.04527	C
355	0.02084	0.02115	A
356	0.02524	0.02538	A
357	0.02456	0.02486	A
358	0.00982	0.0118	T
359	0.02943	0.03024	A
360	0.01061	0.01084	T
361	0.04192	0.04257	C
362	0.0092	0.00962	T
363	0.03747	0.03936	A
364	0.25372	0.25687	C
365	0.01197	0.01273	T
366	0.04232	0.04417	C
367	0.02548	0.02956	A
368	0.0118	0.01257	T
369	0.04641	0.04778	C
370	0.00962	0.00967	T
371	0.00975	0.00995	T
372	0.04318	0.04324	C
373	0.03021	0.0304	C
374	0.01118	0.01176	T
375	0.02784	0.02872	A
376	0.02635	0.02692	A
377	0.0121	0.01229	T
378	0.01687	0.01699	T
379	0.02684	0.05113	A
380	0.0694	0.06997	C
381	0.04035	0.04094	C
382	0.01392	0.03519	A
383	0.01297	0.01363	T
384	0.02809	0.02888	A
385	0.04561	0.04808	C
386	0.01087	0.01144	T
387	0.02655	0.02671	A
388	0.02948	0.0309	A
389	0.00865	0.00909	T
390	0.04327	0.04404	C
391	0.00832	0.00833	T
392	0.00823	0.00828	T
393	0.04191	0.05903	A
394	0.00346	0.00368	G
395	0.00832	0.00842	T
396	0.0163	0.01653	T
397	0.03363	0.05497	A
398	0.07164	0.07196	C
399	0.06281	0.06302	C
400	0.0038	0.00542	G
401	0.02168	0.02229	C
402	0.00657	0.0069	T
403	0.0331	0.03362	A
404	0.03113	0.03143	A
405	0.05159	0.05263	C
406	0.03076	0.031	A
407	0.03135	0.03208	A
408	0.06504	0.06516	C
409	0.03046	0.03103	C
410	0.00894	0.00999	T
411	0.03175	0.04082	A
412	0.0128	0.01295	T
413	0.01215	0.0123	T
414	0.05276	0.05296	C
415	0.05241	0.05268	C
416	0.02683	0.02696	A
417	0.04732	0.04765	A
418	0.03783	0.03882	C
419	0.00755	0.00771	T
420	0.0036	0.00525	G
421	0.0066	0.00661	T
422	0.00775	0.00779	T
423	0.02354	0.02427	C
424	0.02209	0.0229	A
425	0.00635	0.00689	T
426	0.02411	0.02442	C
427	0.00312	0.00318	G
428	0.00258	0.00258	G
429	0.00538	0.00557	C
430	0.0023	0.00234	T
431	0.00287	0.00324	G
432	0.03205	0.03396	A
433	0.00366	0.00382	G
434	0.05212	0.05368	A
435	0.00235	0.00235	G
436	0.00197	0.00197	G
437	0.00225	0.00226	G
438	0.00766	0.00888	C
439	0.00408	0.00419	G
440	0.002	0.00228	T
441	0.00785	0.00799	A
442	0.00192	0.00193	G
443	0.00383	0.00386	G
444	0.01275	0.01276	A
445	0.03248	0.0326	A
446	0.00753	0.00759	T
447	0.01225	0.01232	T
448	0.023	0.04142	A
449	0.00942	0.01076	T
450	0.04044	0.04577	A
451	0.00636	0.00658	T
452	0.02305	0.02332	C
453	0.01909	0.0193	C
454	0.00682	0.00684	T
455	0.00657	0.00661	T
456	0.02551	0.03198	C
457	0.01261	0.01261	T
458	0.0111	0.01118	T
459	0.00396	0.005	G
460	0.04258	0.0428	C
461	0.01294	0.01361	T
462	0.01687	0.0171	C
463	0.02346	0.02609	A
464	0.00626	0.00632	T
465	0.90616	0.91686	C
466	0.03747	0.03798	A
467	0.00344	0.00442	G
468	0.01036	0.01037	T
469	0.00839	0.00853	T
470	0.00327	0.00348	G
471	0.01723	0.0175	A
472	0.00572	0.00616	T
473	0.00338	0.00379	G
474	0.03195	0.03305	A
475	0.00557	0.00575	T
476	0.01676	0.01762	A
477	0.01931	0.0201	C
478	0.00416	0.00433	G
479	0.02674	0.02676	C
480	0.01882	0.01883	C
481	0.02058	0.02068	C
482	0.00316	0.00402	G
483	0.03522	0.03572	A
484	0.00343	0.00366	G
485	0.02374	0.02402	C
486	0.03428	0.0355	A
487	0.00402	0.00436	G
488	0.02792	0.03	A
489	0.00922	0.00961	T
490	0.00331	0.00345	G
491	0.0727	0.07274	C
492	0.0401	0.0403	C
493	0.03505	0.03542	A
494	0.03386	0.03394	A
495	0.06849	0.07094	C
496	0.04309	0.0478	A
497	0.06571	0.06915	C
498	0.05251	0.05635	A
499	0.00649	0.00963	G
500	0.03516	0.03891	C
501	0.02727	0.03014	A
502	0.00461	0.00479	G
503	0.04403	0.04451	C
504	0.02602	0.02632	C
505	0.03318	0.03623	A
506	0.01338	0.01371	T
507	0.0094	0.00943	T
508	0.04889	0.05062	C
509	0.03614	0.03629	A
510	0.04853	0.0491	A
511	0.00472	0.00604	G
512	0.04401	0.04724	C
513	0.02669	0.02686	A
514	0.03282	0.03378	A
515	0.01211	0.01292	T
516	0.08533	0.08544	C
517	0.02253	0.02297	C
518	0.00865	0.00921	T
519	0.03792	0.03932	A
520	0.0093	0.01057	T
521	0.0359	0.03668	A
522	0.05021	0.053	C
523	0.02573	0.02588	A
524	0.03054	0.03185	A
525	0.02249	0.02259	C
526	0.01783	0.01822	C
527	0.00477	0.0067	G
528	0.00542	0.0069	T
529	0.03415	0.03475	A
530	0.01121	0.01166	T
531	0.04791	0.0483	C
532	0.00374	0.00377	G
533	0.0022	0.00223	G
534	0.01223	0.01239	C
535	0.0033	0.00336	G
536	0.0179	0.01918	A
537	0.00613	0.00633	T
538	0.02995	0.03059	A
539	0.01594	0.01637	T
540	0.02375	0.02411	C
541	0.00266	0.00267	G
542	0.00293	0.00296	G
543	0.00338	0.0034	T
544	0.011	0.01103	T
545	0.01332	0.01353	T
546	0.19624	0.1996	C
547	0.03131	0.03284	A
548	0.01152	0.01189	T
549	0.04375	0.04383	C
550	0.02292	0.02361	C
551	0.00625	0.00739	T
552	0.01738	0.01756	C
553	0.00349	0.0043	G
554	0.01265	0.01265	C
555	0.01066	0.01079	C
556	0.00999	0.01012	T
557	0.01456	0.01463	T
558	0.03517	0.05076	A
559	0.00552	0.00616	G
560	0.05205	0.05283	C
561	0.03667	0.03734	A
562	0.01332	0.01374	T
563	0.0037	0.00422	G
564	0.03458	0.03519	A
565	0.00917	0.00919	T
566	0.00921	0.00933	T
567	0.01133	0.0114	T
568	0.03688	0.03973	A
569	0.01053	0.01132	T
570	0.0519	0.0529	C
571	0.02763	0.02824	C
572	0.01241	0.01378	T
573	0.05929	0.06089	A
574	0.05296	0.05418	C
575	0.04063	0.04549	A
576	0.04329	0.0447	C
577	0.01096	0.01161	T
578	0.04517	0.0452	C
579	0.02839	0.02897	C
580	0.02195	0.02317	A
581	0.03209	0.03226	A
582	0.04	0.04133	C
583	0.00864	0.01068	T
584	0.03525	0.03567	C
585	0.03126	0.03543	A
586	0.00836	0.00868	T
587	0.00631	0.00689	G
588	0.04306	0.0469	A
589	0.00904	0.01013	G
590	0.02058	0.02206	A
591	0.03259	0.03307	C
592	0.03605	0.0362	C
593	0.03314	0.03381	C
594	0.01905	0.02642	A
595	0.05418	0.05711	C
596	0.02707	0.02747	A
597	0.02609	0.02627	A
598	0.08053	0.08254	C
599	0.01477	0.0148	A
600	0.0321	0.03213	A
601	0.02668	0.02709	A
602	0.01496	0.01649	T
603	0.04017	0.04204	A
604	0.00723	0.00797	G
605	0.06217	0.06236	C
606	0.01788	0.01791	C
607	0.01521	0.01526	C
608	0.00599	0.00605	T
609	0.00557	0.0056	T
610	0.01528	0.02115	C
611	0.0062	0.00667	T
612	0.01467	0.01519	A
613	0.03376	0.03382	A
614	0.03813	0.0382	A
615	0.06828	0.07358	C
616	0.00373	0.0039	G
617	0.01718	0.01765	C
618	0.00645	0.00735	T
619	0.01782	0.0182	A
620	0.02934	0.0296	A
621	0.01144	0.0121	T
622	0.04823	0.04848	C
623	0.02579	0.026	C
624	0.02939	0.02967	A
625	0.04658	0.04692	A
626	0.0055	0.00636	G
627	0.00861	0.00864	C
628	0.00603	0.00614	C
629	0.01199	0.0215	T
630	0.02028	0.02127	C
631	0.0227	0.03389	A
632	0.04129	0.04132	C
633	0.02928	0.02928	C
634	0.03848	0.03848	C
635	0.03274	0.03295	C
636	0.02835	0.05537	A
637	0.00589	0.00608	C
638	0.00349	0.00367	T
639	0.02448	0.02477	A
640	0.00519	0.00533	C
641	0.00264	0.0028	T
642	0.0044	0.0055	A
643	0.0012	0.00139	G
644	0.00186	0.00211	G
645	0.27124	0.27141	C
646	0.01292	0.01326	C
647	0.01715	0.02127	T
648	0.02814	0.02824	C
649	0.01642	0.01701	C
650	0.00426	0.00477	T
651	0.00362	0.00363	C
652	0.00204	0.00214	C
653	0.00264	0.00283	T
654	0.00551	0.00592	A
655	0.00198	0.00268	G
656	0.01706	0.01763	C
657	0.00929	0.00975	A
658	0.0036	0.00527	G
659	0.04548	0.04739	C
660	0.03563	0.03689	A
661	0.00458	0.00565	G
662	0.04851	0.05197	C
663	0.01335	0.01426	A
664	0.00157	0.00157	G
665	0.00198	0.002	G
666	0.00543	0.00575	C
667	0.01897	0.01905	A
668	0.0289	0.02895	A
669	0.02993	0.03003	A
670	0.00934	0.01355	T
671	0.04214	0.04329	C
672	0.03283	0.03539	A
673	0.00558	0.00607	G
674	0.03665	0.03673	C
675	0.03133	0.03138	C
676	0.04283	0.04293	C
677	0.01806	0.01813	A
678	0.0339	0.03395	A
679	0.00895	0.00899	T
680	0.00934	0.00935	T
681	0.03327	0.03924	A
682	0.00264	0.00269	G
683	0.00363	0.00365	G
684	0.00668	0.00702	T
685	0.01538	0.01558	C
686	0.01027	0.01192	T
687	0.03863	0.03866	C
688	0.05669	0.05779	C
689	0.0179	0.03396	A
690	0.06092	0.06094	C
691	0.04254	0.04256	C
692	0.03852	0.03853	C
693	0.02381	0.02406	C
694	0.00804	0.00924	T
695	0.00345	0.00585	G
696	0.03674	0.03876	A
697	0.04187	0.04347	C
698	0.01254	0.01457	T
699	0.05095	0.05138	C
700	0.04731	0.04741	C
701	0.03358	0.03361	C
702	0.04004	0.04041	C
703	0.00984	0.0132	T
704	0.03805	0.03947	C
705	0.02476	0.03359	A
706	0.00295	0.00318	G
707	0.01496	0.01497	C
708	0.02523	0.02527	C
709	0.03682	0.05585	A
710	0.00828	0.00876	T
711	0.02892	0.02918	A
712	0.00332	0.00363	G
713	0.02663	0.02668	A
714	0.02567	0.02684	A
715	0.00302	0.00308	G
716	0.00377	0.00383	G
717	0.01735	0.01744	C
718	0.04069	0.04073	C
719	0.04527	0.04535	C
720	0.04348	0.04425	C
721	0.02178	0.03347	A
722	0.06035	0.06039	C
723	0.05168	0.0517	C
724	0.04588	0.04589	C
725	0.0452	0.04534	C
726	0.03301	0.0435	A
727	0.00412	0.00424	G
728	0.00796	0.00865	T
729	0.03094	0.03117	C
730	0.01062	0.01366	T
731	0.03263	0.03388	C
732	0.03539	0.0392	A
733	0.00772	0.00825	G
734	0.05124	0.05133	C
735	0.03499	0.03506	C
736	0.03055	0.03081	C
737	0.0111	0.01346	T
738	0.02825	0.03262	A
739	0.08029	0.08178	C
740	0.01293	0.0137	T
741	0.0558	0.05582	C
742	0.03285	0.03345	C
743	0.02147	0.03075	A
744	0.03967	0.04041	C
745	0.01255	0.01501	T
746	0.04223	0.04445	C
747	0.03155	0.03315	A
748	0.04454	0.04496	A
749	0.00599	0.00963	G
750	0.03748	0.03786	C
751	0.03967	0.04002	A
752	0.0482	0.04913	C
753	0.00919	0.00937	T
754	0.03237	0.0333	A
755	0.01012	0.01021	T
756	0.03291	0.03378	A
757	0.00353	0.00405	G
758	0.00684	0.00686	T
759	0.00712	0.00715	T
760	0.00351	0.00403	G
761	0.00832	0.0095	T
762	0.02951	0.03015	A
763	0.0055	0.00674	G
764	0.03865	0.03914	C
765	0.03597	0.03699	A
766	0.00305	0.00308	G
767	0.00371	0.0038	G
768	0.02192	0.02196	A
769	0.03634	0.03658	A
770	0.00952	0.01013	T
771	0.04112	0.04162	C
772	0.00937	0.00941	T
773	0.01031	0.01053	T
774	0.0491	0.06032	C
775	0.0178	0.01782	T
776	0.01882	0.01903	T
777	0.02262	0.05047	A
778	0.06779	0.0686	C
779	0.01903	0.02045	T
780	0.05044	0.05315	C
781	0.03153	0.03789	A
782	0.01133	0.01237	T
783	0.04984	0.05015	C
784	0.09005	0.09268	C
785	0.00455	0.00919	G
786	0.03869	0.04224	C
787	0.00888	0.00935	T
788	0.01236	0.01288	T
789	0.06407	0.06426	C
790	0.04451	0.04537	C
791	0.02313	0.04554	A
792	0.03095	0.03098	C
793	0.05231	0.05238	C
794	0.04197	0.042	C
795	0.05277	0.05278	C
796	0.03146	0.03153	C
797	0.00844	0.00887	T
798	0.03924	0.04007	A
799	0.00365	0.00432	G
800	0.03174	0.03255	C
801	0.03175	0.03254	A
802	0.00545	0.00579	G
803	0.02336	0.0234	A
804	0.01851	0.01854	A
805	0.03918	0.03921	A
806	0.02205	0.02215	A
807	0.00682	0.0085	T
808	0.02821	0.02953	A
809	0.00588	0.00666	G
810	0.03103	0.03118	C
811	0.02603	0.02608	C
812	0.02375	0.02386	C
813	0.04033	0.05107	A
814	0.04307	0.04373	C
815	0.00741	0.00793	T
816	0.01146	0.0117	A
817	0.02183	0.02234	A
818	0.00909	0.00987	T
819	0.04664	0.04705	C
820	0.04715	0.0474	C
821	0.01593	0.01617	A
822	0.03519	0.03564	A
823	0.05783	0.05807	A
824	0.04285	0.04688	C
825	0.01037	0.01076	T
826	0.03855	0.03976	C
827	0.01799	0.01907	T
828	0.05061	0.05122	A
829	0.02818	0.0288	A
830	0.08104	0.08315	C
831	0.04916	0.04999	A
832	0.04142	0.04393	C
833	0.00788	0.00826	T
834	0.03605	0.03865	A
835	0.00934	0.00954	T
836	0.00258	0.00284	G
837	0.05697	0.05803	C
838	0.00572	0.00574	T
839	0.00637	0.00652	T
840	0.0274	0.03559	A
841	0.00165	0.00168	G
842	0.0019	0.00194	G
843	0.09614	0.09708	C
844	0.0028	0.00284	G
845	0.00817	0.00842	C
846	0.00312	0.00326	T
847	0.02093	0.02188	A
848	0.00675	0.00777	T
849	0.05749	0.05924	C
850	0.04715	0.0482	A
851	0.07518	0.07522	C
852	0.04593	0.04723	C
853	0.02399	0.03384	A
854	0.04331	0.04461	C
855	0.0058	0.00598	T
856	0.01964	0.01976	C
857	0.00403	0.00408	T
858	0.00229	0.00404	G
859	0.00586	0.00587	T
860	0.01153	0.0117	T
861	0.04227	0.0444	C
862	0.00426	0.00549	G
863	0.01871	0.01975	C
864	0.01898	0.01941	A
865	0.00483	0.00637	G
866	0.05659	0.05782	C
867	0.03824	0.0398	A
868	0.00379	0.00386	G
869	0.00746	0.00829	T
870	0.02316	0.02326	C
871	0.00312	0.00323	T
872	0.00201	0.00303	G
873	0.00559	0.00592	C
874	0.00494	0.0055	G
875	0.09497	0.09503	C
876	0.02794	0.02798	C
877	0.04027	0.04043	C
878	0.00808	0.00817	T
879	0.01041	0.01096	T
880	0.01929	0.03339	A
881	0.06559	0.06717	C
882	0.03087	0.03138	A
883	0.1069	0.11359	C
884	0.02095	0.02099	A
885	0.01616	0.01618	A
886	0.02177	0.0218	A
887	0.02598	0.02611	A
888	0.0141	0.01597	T
889	0.00739	0.00911	G
890	0.04096	0.04181	A
891	0.07333	0.07579	C
892	0.02959	0.02986	A
893	0.02214	0.02507	T
894	0.04669	0.05259	C
895	0.00087	0.00093	A
896	0.00039	0.00041	A
897	0.0006	0.00061	A
898	0.00635	0.00638	A
899	0.00385	0.00385	A
900	0.00706	0.00707	A
901	0.01084	0.01086	A
902	0.01185	0.01315	T
903	0.04605	0.04645	C
904	0.01254	0.01312	G
905	0.00732	0.01045	T
906	0.03483	0.03593	A
907	0.00491	0.00509	G
908	0.04083	0.04122	C
909	0.03376	0.03383	C
910	0.00916	0.00942	T
911	0.01567	0.01592	T
912	0.04623	0.06952	C
913	0.01248	0.01336	T
914	0.07796	0.07801	C
915	0.04789	0.04878	C
916	0.02336	0.03727	A
917	0.05109	0.05176	C
918	0.00813	0.00852	T
919	0.00952	0.00955	T
920	0.04017	0.04276	C
921	0.03557	0.03591	A
922	0.0312	0.03145	A
923	0.00318	0.00361	G
924	0.00681	0.00794	T
925	0.03055	0.03112	C
926	0.03382	0.03389	A
927	0.03405	0.03416	A
928	0.04367	0.04521	C
929	0.00763	0.00777	T
930	0.04129	0.04247	A
931	0.00363	0.00377	G
932	0.00239	0.00244	G
933	0.01488	0.01967	A
934	0.02063	0.02082	C
935	0.00418	0.00532	T
936	0.03596	0.03618	C
937	0.01896	0.02064	A
938	0.00868	0.00901	T
939	0.02224	0.02226	A
940	0.02204	0.02508	A
941	0.00906	0.00928	T
942	0.02691	0.02789	A
943	0.00379	0.00424	G
944	0.00995	0.01004	T
945	0.01033	0.01064	T
946	0.0192	0.03781	A
947	0.0704	0.0715	C
948	0.0336	0.03364	A
949	0.03728	0.03777	A
950	0.01548	0.01688	T
951	0.04856	0.04951	C
952	0.00482	0.00489	G
953	0.00383	0.00391	G
954	0.02529	0.02614	C
955	0.03941	0.04022	A
956	0.01172	0.01463	T
957	0.04835	0.05014	C
958	0.03105	0.03182	A
959	0.03732	0.03745	A
960	0.05029	0.05049	C
961	0.04018	0.04054	C
962	0.02003	0.02097	A
963	0.03285	0.0332	A
964	0.05249	0.05284	C
965	0.05254	0.05375	C
966	0.02141	0.03758	A
967	0.06074	0.06537	C
968	0.02877	0.03241	A
969	0.06141	0.06142	C
970	0.02659	0.02724	C
971	0.00914	0.00986	T
972	0.04184	0.04274	A
973	0.00336	0.00353	G
974	0.04382	0.04547	C
975	0.03155	0.0335	A
976	0.00854	0.00871	T
977	0.00673	0.00677	T
978	0.03433	0.03439	C
979	0.02359	0.02392	C
980	0.00738	0.00809	T
981	0.0036	0.00414	G
982	0.02505	0.02572	C
983	0.03698	0.03835	A
984	0.05322	0.05402	C
985	0.02441	0.02535	A
986	0.01019	0.01067	T
987	0.03573	0.03638	C
988	0.01119	0.01134	T
989	0.01207	0.01418	G
990	0.01423	0.01611	T
991	0.02749	0.02905	A
992	0.04996	0.05011	C
993	0.0371	0.03723	C
994	0.02484	0.02496	C
995	0.03274	0.03806	A
996	0.07629	0.07714	C
997	0.00473	0.00572	G
998	0.03816	0.0382	C
999	0.02829	0.02838	C
1000	0.00758	0.00785	T
1001	0.00984	0.00989	T
1002	0.0262	0.03893	C
1003	0.00925	0.00932	T
1004	0.0104	0.0106	T
1005	0.04168	0.04613	C
1006	0.03055	0.03147	A
1007	0.03651	0.03671	A
1008	0.02742	0.02754	A
1009	0.00392	0.00418	G
1010	0.01581	0.01586	C
1011	0.01339	0.01349	C
1012	0.00839	0.01899	A
1013	0.00577	0.00606	T
1014	0.01806	0.01827	A
1015	0.06268	0.06497	C
1016	0.00716	0.0074	T
1017	0.02504	0.02644	A
1018	0.00748	0.00751	T
1019	0.00879	0.0088	T
1020	0.0054	0.00543	T
1021	0.00565	0.00634	A
1022	0.00263	0.00269	T
1023	0.00191	0.00203	G
1024	0.01037	0.01068	T
1025	0.00328	0.00355	G
1026	0.0168	0.01718	C
1027	0.00431	0.00463	T
1028	0.0412	0.04122	C
1029	0.03516	0.03527	C
1030	0.00214	0.00217	G
1031	0.00232	0.00234	G
1032	0.00411	0.00416	G
1033	0.00594	0.00674	T
1034	0.04217	0.04227	C
1035	0.02287	0.0231	C
1036	0.02794	0.03173	A
1037	0.01318	0.01468	T
1038	0.0392	0.04073	C
1039	0.02554	0.02827	A
1040	0.01843	0.01966	T
1041	0.05189	0.05262	C
1042	0.03933	0.0407	C
1043	0.0208	0.03425	A
1044	0.04994	0.05818	C
1045	0.02513	0.02524	A
1046	0.03142	0.03205	A
1047	0.0413	0.04139	C
1048	0.02905	0.02952	C
1049	0.00886	0.00921	T
1050	0.01247	0.0129	T
1051	0.02278	0.023	A
1052	0.0279	0.02805	A
1053	0.07643	0.0777	C
1054	0.02973	0.03007	A
1055	0.02983	0.03034	A
1056	0.01199	0.01254	T
1057	0.00773	0.00994	G
1058	0.02251	0.02265	A
1059	0.03166	0.03198	A
1060	0.09064	0.093	C
1061	0.03086	0.03096	A
1062	0.03416	0.03484	A
1063	0.00791	0.00917	G
1064	0.0236	0.02405	A
1065	0.01275	0.01384	T
1066	0.03067	0.03193	A
1067	0.00937	0.00942	T
1068	0.01103	0.01189	T
1069	0.04282	0.04528	C
1070	0.01661	0.0207	G
1071	0.00315	0.00326	A
1072	0.01533	0.01543	A
1073	0.00834	0.00836	A
1074	0.02372	0.02375	A
1075	0.02409	0.0241	A
1076	0.01609	0.01677	T
1077	0.04745	0.04778	A
1078	0.00291	0.00296	G
1079	0.00236	0.00247	G
1080	0.0099	0.01129	A
1081	0.00317	0.00318	G
1082	0.00304	0.00326	G
1083	0.03758	0.05055	A
1084	0.04578	0.04659	C
1085	0.00772	0.00817	T
1086	0.03168	0.03274	A
1087	0.04513	0.0459	C
1088	0.01048	0.01177	T
1089	0.0636	0.06498	C
1090	0.02932	0.02996	A
1091	0.0212	0.02155	A
1092	0.02242	0.02252	A
1093	0.03084	0.03098	A
1094	0.05076	0.05221	C
1095	0.0294	0.02972	C
1096	0.01954	0.0386	A
1097	0.01891	0.02004	T
1098	0.04149	0.04258	A
1099	0.0619	0.06265	C
1100	0.02792	0.02847	C
1101	0.00957	0.0112	T
1102	0.03946	0.04051	C
1103	0.01469	0.01641	T
1104	0.04371	0.04436	C
1105	0.03026	0.0316	A
1106	0.04958	0.0504	C
1107	0.00915	0.00943	T
1108	0.01063	0.01085	T
1109	0.04704	0.04936	C
1110	0.03414	0.03526	A
1111	0.04039	0.04066	A
1112	0.03492	0.03506	C
1113	0.01821	0.01872	C
1114	0.01143	0.01448	T
1115	0.02521	0.02523	C
1116	0.01804	0.01808	C
1117	0.03702	0.03802	C
1118	0.01189	0.01369	T
1119	0.04013	0.04124	C
1120	0.02528	0.02701	A
1121	0.06009	0.06009	C
1122	0.03168	0.03217	C
1123	0.0334	0.03777	A
1124	0.01041	0.01054	T
1125	0.0118	0.01183	T
1126	0.00409	0.00412	G
1127	0.00352	0.00364	G
1128	0.04234	0.04372	C
1129	0.04817	0.04963	A
1130	0.00474	0.00483	G
1131	0.03176	0.03187	C
1132	0.0172	0.0175	C
1133	0.00816	0.00861	T
1134	0.04046	0.04092	A
1135	0.00436	0.0047	G
1136	0.02961	0.02989	C
1137	0.03668	0.03759	A
1138	0.0091	0.00925	T
1139	0.00987	0.00993	T
1140	0.03644	0.04597	A
1141	0.00302	0.00348	G
1142	0.02663	0.02682	C
1143	0.01256	0.01308	A
1144	0.00197	0.00198	G
1145	0.00276	0.0028	G
1146	0.019	0.01914	A
1147	0.02069	0.02089	A
1148	0.01061	0.01212	T
1149	0.04079	0.0411	A
1150	0.06724	0.06776	C
1151	0.03199	0.03222	C
1152	0.00341	0.00343	T
1153	0.00832	0.00837	T
1154	0.00641	0.00643	T
1155	0.02755	0.0278	C
1156	0.02464	0.02485	C
1157	0.00759	0.00988	T
1158	0.0576	0.05901	C
1159	0.03128	0.03493	A
1160	0.08045	0.08127	C
1161	0.05064	0.05237	A
1162	0.00208	0.00217	G
1163	0.00364	0.00368	G
1164	0.00208	0.00212	T
1165	0.00338	0.00341	T
1166	0.00373	0.00375	T
1167	0.01577	0.01672	C
1168	0.0065	0.00713	T
1169	0.03651	0.04482	A
1170	0.05448	0.05552	C
1171	0.01142	0.01222	T
1172	0.04432	0.04435	C
1173	0.03879	0.03936	C
1174	0.02382	0.02435	A
1175	0.02765	0.02772	A
1176	0.04597	0.0464	A
1177	0.01124	0.01191	G
1178	0.04627	0.04714	A
1179	0.06441	0.06467	C
1180	0.04141	0.04183	C
1181	0.0256	0.03034	A
1182	0.03547	0.03644	C
1183	0.02789	0.0299	A
1184	0.01151	0.0135	T
1185	0.04021	0.0413	C
1186	0.03924	0.04103	A
1187	0.00971	0.01019	T
1188	0.0446	0.04585	C
1189	0.00604	0.00699	G
1190	0.01146	0.0118	A
1191	0.01485	0.01511	A
1192	0.0157	0.01578	A
1193	0.02151	0.02187	C
1194	0.02644	0.02689	C
1195	0.00615	0.01015	G
1196	0.05714	0.06397	C
1197	0.031	0.03183	A
1198	0.03031	0.03075	A
1199	0.02593	0.02599	A
1200	0.06565	0.07063	C
1201	0.02878	0.0298	A
1202	0.01272	0.01355	T
1203	0.03094	0.0313	A
1204	0.01258	0.01481	T
1205	0.0447	0.04702	C
1206	0.0407	0.04331	A
1207	0.01563	0.01709	T
1208	0.03864	0.04043	A
1209	0.05982	0.06412	C
1210	0.02719	0.02827	A
1211	0.06355	0.06809	C
1212	0.03264	0.03265	A
1213	0.03016	0.03017	A
1214	0.03797	0.03938	A
1215	0.06098	0.06758	C
1216	0.00881	0.0091	G
1217	0.03905	0.03908	C
1218	0.02869	0.02894	C
1219	0.00927	0.01094	T
1220	0.00431	0.00632	G
1221	0.0293	0.03203	A
1222	0.00669	0.0073	G
1223	0.09069	0.09113	C
1224	0.04126	0.0414	C
1225	0.02041	0.02072	C
1226	0.00864	0.00947	T
1227	0.02904	0.02968	A
1228	0.0126	0.01282	T
1229	0.03578	0.03645	C
1230	0.00945	0.00988	T
1231	0.03541	0.03777	A
1232	0.03005	0.03006	T
1233	0.01405	0.015	T
1234	0.02215	0.04435	A
1235	0.04722	0.04844	C
1236	0.0095	0.00996	T
1237	0.04109	0.04251	C
1238	0.00932	0.01067	T
1239	0.03758	0.03903	C
1240	0.03206	0.03625	A
1241	0.01183	0.0126	T
1242	0.05727	0.05807	C
1243	0.00674	0.00715	G
1244	0.02511	0.02857	C
1245	0.01188	0.01268	T
1246	0.04881	0.05179	A
1247	0.06832	0.06917	C
1248	0.03687	0.0403	C
1249	0.01813	0.02486	T
1250	0.04758	0.04759	C
1251	0.04124	0.04127	C
1252	0.03108	0.03178	C
1253	0.00957	0.01108	T
1254	0.00384	0.00439	G
1255	0.0328	0.03302	A
1256	0.05354	0.05433	C
1257	0.04367	0.04466	A
1258	0.03581	0.03663	A
1259	0.00467	0.00586	G
1260	0.02956	0.03033	C
1261	0.00501	0.00515	G
1262	0.0652	0.06522	C
1263	0.02894	0.02913	C
1264	0.00754	0.00835	T
1265	0.0284	0.03349	A
1266	0.01053	0.01079	T
1267	0.04454	0.04582	A
1268	0.0049	0.00544	G
1269	0.03697	0.03818	C
1270	0.03536	0.03741	A
1271	0.05115	0.05204	C
1272	0.00989	0.0107	T
1273	0.0529	0.05315	C
1274	0.0107	0.01124	G
1275	0.02904	0.02926	A
1276	0.0283	0.02857	A
1277	0.01126	0.01207	T
1278	0.02386	0.02395	A
1279	0.02597	0.03125	A
1280	0.01077	0.01097	T
1281	0.85712	0.85843	T
1282	0.04444	0.04527	C
1283	0.00939	0.00941	T
1284	0.01206	0.01317	T
1285	0.04482	0.05017	C
1286	0.0205	0.02557	T
1287	0.05185	0.0551	C
1288	0.02615	0.02794	A
1289	0.04932	0.04952	C
1290	0.03049	0.0305	C
1291	0.02006	0.02035	C
1292	0.0084	0.00946	T
1293	0.03657	0.03709	A
1294	0.03423	0.03448	A
1295	0.06569	0.06703	C
1296	0.04951	0.05174	A
1297	0.00268	0.00286	G
1298	0.00433	0.00451	G
1299	0.00931	0.01192	T
1300	0.08463	0.08735	C
1301	0.03467	0.03487	A
1302	0.03741	0.03778	A
1303	0.06549	0.06571	C
1304	0.03451	0.0352	C
1305	0.00856	0.00996	T
1306	0.06976	0.07014	C
1307	0.0066	0.00799	G
1308	0.02632	0.02834	C
1309	0.01191	0.0122	T
1310	0.01185	0.0124	T
1311	0.0677	0.06785	C
1312	0.04503	0.0454	C
1313	0.04794	0.0481	C
1314	0.02415	0.0248	C
1315	0.0163	0.02599	A
1316	0.05934	0.05934	C
1317	0.03299	0.03301	C
1318	0.03061	0.03096	C
1319	0.00836	0.0086	T
1320	0.01014	0.01046	T
1321	0.01241	0.02494	A
1322	0.05023	0.05121	C
1323	0.01298	0.01394	T
1324	0.0302	0.03053	A
1325	0.0253	0.02588	A
1326	0.05737	0.05848	C
1327	0.03142	0.03269	A
1328	0.01335	0.01374	T
1329	0.01604	0.01688	T
1330	0.02046	0.02056	A
1331	0.03017	0.03068	A
1332	0.07677	0.07911	C
1333	0.01562	0.01734	G
1334	0.02468	0.02481	A
1335	0.01413	0.01425	A
1336	0.02655	0.02672	A
1337	0.02638	0.0266	A
1338	0.03365	0.03964	T
1339	0.03513	0.03524	A
1340	0.02879	0.03099	A
1341	0.07153	0.07442	C
1342	0.04468	0.04523	C
1343	0.04429	0.04446	C
1344	0.03107	0.03136	C
1345	0.02598	0.03358	A
1346	0.06214	0.06219	C
1347	0.04856	0.04861	C
1348	0.0292	0.02976	C
1349	0.00898	0.01082	T
1350	0.02562	0.02962	A
1351	0.04058	0.04165	C
1352	0.01194	0.01316	T
1353	0.01858	0.01897	A
1354	0.02625	0.02688	A
1355	0.03906	0.03948	A
1356	0.06805	0.06918	C
1357	0.04247	0.04285	C
1358	0.03889	0.03898	C
1359	0.0296	0.02966	C
1360	0.02635	0.03204	A
1361	0.01175	0.01186	T
1362	0.01092	0.0111	T
1363	0.02196	0.02221	A
1364	0.03083	0.03139	A
1365	0.04222	0.04288	A
1366	0.06648	0.07198	C
1367	0.00634	0.00655	G
1368	0.02979	0.02979	C
1369	0.02152	0.0216	C
1370	0.00657	0.00751	T
1371	0.0024	0.00251	G
1372	0.00221	0.00263	G
1373	0.01548	0.01754	C
1374	0.39606	0.40266	A
1375	0.00288	0.00309	G
1376	0.02434	0.02505	C
1377	0.0292	0.03151	C
1378	0.00332	0.00333	G
1379	0.00287	0.00308	G
1380	0.02019	0.02044	A
1381	0.02894	0.02905	A
1382	0.00285	0.00314	G
1383	0.03649	0.03661	C
1384	0.0171	0.01715	C
1385	0.00777	0.00827	T
1386	0.03349	0.03699	A
1387	0.00845	0.00847	T
1388	0.01004	0.01021	T
1389	0.04976	0.05208	C
1390	0.00708	0.00817	G
1391	0.03737	0.03822	C
1392	0.03347	0.0344	A
1393	0.0031	0.00317	G
1394	0.00332	0.00339	G
1395	0.04291	0.05344	A
1396	0.00534	0.0054	T
1397	0.01011	0.01013	T
1398	0.01329	0.01334	T
1399	0.0454	0.04728	C
1400	0.01758	0.02022	T
1401	0.0426	0.04368	C
1402	0.03475	0.03737	A
1403	0.01791	0.01797	T
1404	0.01683	0.01727	T
1405	0.01834	0.03614	A
1406	0.06123	0.06251	C
1407	0.0186	0.02009	T
1408	0.03536	0.03567	A
1409	0.03327	0.03456	A
1410	0.06546	0.06788	C
1411	0.03582	0.03589	A
1412	0.04573	0.04655	A
1413	0.05784	0.05992	C
1414	0.03849	0.04058	A
1415	0.00652	0.00698	T
1416	0.01481	0.01492	T
1417	0.01562	0.01569	T
1418	0.04378	0.04438	C
1419	0.07788	0.07806	C
1420	0.0556	0.05565	C
1421	0.04366	0.04369	C
1422	0.06433	0.06443	C
1423	0.00625	0.00809	G
1424	0.0297	0.03672	C
1425	0.02977	0.03842	A
1426	0.01837	0.02049	T
1427	0.05605	0.05638	C
1428	0.05817	0.05849	C
1429	0.07041	0.07071	C
1430	0.04711	0.0472	C
1431	0.03016	0.03026	C
1432	0.0165	0.01693	T
1433	0.01266	0.01278	T
1434	0.03614	0.03619	C
1435	0.03995	0.04019	C
1436	0.01701	0.01749	A
1437	0.03064	0.03086	A
1438	0.02965	0.02991	A
1439	0.08027	0.08788	C
1440	0.03244	0.03252	A
1441	0.03653	0.03704	A
1442	0.07947	0.0829	C
1443	0.03378	0.03388	A
1444	0.03815	0.03914	A
1445	0.01992	0.02399	T
1446	0.04537	0.04616	C
1447	0.05065	0.05319	C
1448	0.05293	0.05305	C
1449	0.07489	0.07497	C
1450	0.0234	0.02346	C
1451	0.01337	0.01425	T
1452	0.03371	0.03451	C
1453	0.00876	0.00925	T
1454	0.03018	0.03139	A
1455	0.04612	0.04639	C
1456	0.03511	0.03591	C
1457	0.01541	0.01713	T
1458	0.02701	0.0276	A
1459	0.02082	0.021	A
1460	0.0435	0.04361	A
1461	0.03993	0.04006	A
1462	0.05537	0.06511	C
1463	0.01554	0.01753	T
1464	0.06051	0.06113	C
1465	0.02928	0.03318	A
1466	0.01888	0.01996	C
1467	0.01336	0.01641	A
1468	0.00507	0.00584	G
1469	0.01899	0.01907	C
1470	0.03246	0.0325	C
1471	0.04079	0.04093	C
1472	0.01132	0.01244	T
1473	0.06754	0.06771	C
1474	0.00259	0.00275	G
1475	0.00933	0.00951	C
1476	0.00328	0.00337	T
1477	0.00441	0.00482	G
1478	0.01096	0.01174	T
1479	0.1087	0.10899	C
1480	0.03687	0.03717	A
1481	0.06974	0.07094	C
1482	0.00419	0.00428	T
1483	0.01283	0.01289	T
1484	0.00999	0.00999	T
1485	0.04807	0.04815	C
1486	0.00528	0.0053	C
1487	0.00135	0.00143	T
1488	0.00454	0.00497	A
1489	0.00133	0.00136	G
1490	0.00184	0.00187	G
1491	0.01038	0.01471	A
1492	0.00383	0.0039	C
1493	0.00139	0.00141	T
1494	0.00483	0.00487	T
1495	0.03861	0.04988	C
1496	0.0115	0.01185	T
1497	0.04409	0.04526	A
1498	0.0258	0.02619	A
1499	0.05198	0.05363	C
1500	0.01014	0.01127	A
1501	0.00382	0.00412	G
1502	0.00897	0.00901	C
1503	0.00287	0.00289	C
1504	0.00246	0.00255	C
1505	0.00148	0.00172	T
1506	0.00452	0.00591	A
1507	0.00307	0.00332	G
1508	0.06604	0.06636	A
1509	0.06816	0.06831	C
1510	0.04558	0.04602	C
1511	0.01121	0.0134	T
1512	0.05396	0.05567	C
1513	0.03111	0.0327	A
1514	0.04792	0.0481	A
1515	0.06461	0.06756	C
1516	0.01796	0.01875	T
1517	0.04101	0.0421	A
1518	0.07072	0.07108	C
1519	0.00919	0.01187	C
1520	0.01755	0.02059	T
1521	0.03664	0.03747	A
1522	0.03641	0.03708	A
1523	0.08668	0.08702	C
1524	0.06685	0.06942	C
1525	0.02513	0.02565	A
1526	0.0324	0.03288	A
1527	0.11302	0.11778	C
1528	0.02536	0.02553	A
1529	0.02269	0.02273	A
1530	0.01469	0.01501	A
1531	0.07389	0.07987	C
1532	0.01063	0.01232	T
1533	0.01558	0.01719	T
1534	0.01324	0.01366	A
1535	0.01356	0.01365	A
1536	0.02391	0.02448	A
1537	0.026	0.02633	A
1538	0.02808	0.03562	T
1539	0.024	0.02401	A
1540	0.01468	0.0147	A
1541	0.02557	0.0256	A
1542	0.02833	0.03081	A
1543	0.04381	0.04679	T
1544	0.07287	0.07419	C
1545	0.039	0.0392	C
1546	0.0387	0.03879	C
1547	0.02699	0.02718	C
1548	0.02153	0.03298	A
1549	0.02801	0.02882	C
1550	0.00705	0.00746	T
1551	0.02877	0.03031	A
1552	0.01028	0.01059	T
1553	0.7823	0.78548	G
1554	0.04863	0.05346	C
1555	0.0203	0.0226	A
1556	0.03949	0.04069	C
1557	0.0216	0.02281	A
1558	0.0088	0.00884	T
1559	0.0119	0.01197	T
1560	0.01285	0.01287	T
1561	0.01147	0.01162	T
1562	0.03242	0.04794	A
1563	0.00655	0.00656	T
1564	0.01336	0.01337	T
1565	0.01392	0.01419	T
1566	0.0386	0.04122	C
1567	0.01233	0.0127	T
1568	0.05121	0.05133	C
1569	0.03195	0.03238	C
1570	0.02594	0.02782	A
1571	0.03211	0.03234	A
1572	0.05453	0.05568	C
1573	0.03637	0.03989	A
1574	0.01166	0.01293	T
1575	0.03817	0.03898	A
1576	0.05033	0.05167	C
1577	0.01036	0.01154	T
1578	0.04365	0.04434	C
1579	0.00688	0.00697	G
1580	0.00449	0.00457	G
1581	0.02923	0.03519	A
1582	0.01082	0.01086	T
1583	0.0122	0.01229	T
1584	0.03945	0.04561	C
1585	0.01915	0.0213	T
1586	0.04307	0.0476	A
1587	0.07015	0.0704	C
1588	0.03868	0.03923	C
1589	0.03675	0.03765	C
1590	0.01409	0.01476	T
1591	0.05887	0.06048	A
1592	0.00663	0.00744	G
1593	0.06661	0.06857	C
1594	0.04228	0.04338	A
1595	0.01769	0.01973	T
1596	0.0596	0.06191	C
1597	0.03845	0.03989	A
1598	0.06611	0.07155	C
1599	0.02972	0.03197	A
1600	0.05306	0.05784	C
1601	0.03211	0.03348	A
1602	0.05729	0.0573	C
1603	0.04586	0.0466	C
1604	0.00507	0.008	G
1605	0.04348	0.04412	C
1606	0.03232	0.0332	A
1607	0.06328	0.06481	C
1608	0.02771	0.02795	A
1609	0.02831	0.029	A
1610	0.01675	0.01872	T
1611	0.04722	0.04739	C
1612	0.037	0.03705	C
1613	0.05111	0.05115	C
1614	0.02422	0.02427	C
1615	0.00927	0.00995	T
1616	0.03792	0.03848	A
1617	0.00936	0.00951	T
1618	0.03556	0.03586	C
1619	0.00729	0.00759	T
1620	0.0282	0.03331	A
1621	0.0019	0.00197	G
1622	0.00242	0.00246	G
1623	0.03634	0.03637	C
1624	0.016	0.0161	C
1625	0.00567	0.00572	T
1626	0.00787	0.00791	T
1627	0.03151	0.03902	C
1628	0.01009	0.0101	T
1629	0.01064	0.01071	T
1630	0.02488	0.04446	A
1631	0.0683	0.06996	C
1632	0.00349	0.0041	G
1633	0.03616	0.03709	A
1634	0.00438	0.00497	G
1635	0.04119	0.04129	C
1636	0.02784	0.02797	C
1637	0.02264	0.02388	A
1638	0.02061	0.02074	A
1639	0.04298	0.04313	A
1640	0.04377	0.0438	A
1641	0.05452	0.05672	C
1642	0.0303	0.03081	C
1643	0.01671	0.02025	T
1644	0.00829	0.00982	G
1645	0.07086	0.07096	C
1646	0.03462	0.03495	C
1647	0.05436	0.05465	C
1648	0.03288	0.03321	C
1649	0.01102	0.01363	T
1650	0.04247	0.0478	A
1651	0.05059	0.05182	C
1652	0.01199	0.01278	T
1653	0.05264	0.05271	C
1654	0.03414	0.03627	C
1655	0.00856	0.00994	T
1656	0.04109	0.04109	C
1657	0.02501	0.02631	C
1658	0.00694	0.00812	T
1659	0.0263	0.03275	A
1660	0.00516	0.00564	G
1661	0.03647	0.0367	A
1662	0.0596	0.05974	C
1663	0.00681	0.00759	C
1664	0.01377	0.01487	T
1665	0.03332	0.03377	A
1666	0.03897	0.03945	A
1667	0.06962	0.06994	C
1668	0.0365	0.03719	C
1669	0.01001	0.01171	T
1670	0.00408	0.0049	G
1671	0.0419	0.04222	A
1672	0.04288	0.04389	C
1673	0.01012	0.01074	T
1674	0.03295	0.03416	A
1675	0.00804	0.00859	G
1676	0.04618	0.04627	A
1677	0.03219	0.03247	A
1678	0.03457	0.03465	A
1679	0.04178	0.04216	A
1680	0.00465	0.00567	G
1681	0.04255	0.04368	C
1682	0.01051	0.01141	T
1683	0.03525	0.03689	A
1684	0.01549	0.01573	T
1685	0.0222	0.02432	T
1686	0.01917	0.04024	A
1687	0.06955	0.07018	C
1688	0.03573	0.03684	C
1689	0.01804	0.02129	T
1690	0.02199	0.02261	A
1691	0.01524	0.01561	A
1692	0.03004	0.03044	A
1693	0.03991	0.04034	A
1694	0.08407	0.10642	C
1695	0.02215	0.02229	A
1696	0.0356	0.03579	A
1697	0.00645	0.00664	T
1698	0.01093	0.01106	T
1699	0.01293	0.01297	T
1700	0.04489	0.04755	C
1701	0.03361	0.03709	A
1702	0.05947	0.06059	C
1703	0.03308	0.03629	A
1704	0.00968	0.01139	G
1705	0.0515	0.05334	C
1706	0.03745	0.03866	A
1707	0.06431	0.0644	C
1708	0.03006	0.03057	C
1709	0.01574	0.01589	A
1710	0.03446	0.03497	A
1711	0.03464	0.03491	A
1712	0.01246	0.01395	T
1713	0.04327	0.04379	C
1714	0.01162	0.01257	T
1715	0.04417	0.04425	C
1716	0.04386	0.04485	C
1717	0.02707	0.03425	A
1718	0.06387	0.06396	C
1719	0.04275	0.04398	C
1720	0.0094	0.01139	T
1721	0.0436	0.04362	C
1722	0.02605	0.02662	C
1723	0.02744	0.03346	A
1724	0.01437	0.01528	T
1725	0.04168	0.04361	C
1726	0.03288	0.03727	A
1727	0.01901	0.02116	T
1728	0.06957	0.07378	C
1729	0.03417	0.03557	A
1730	0.05695	0.057	C
1731	0.04897	0.04968	C
1732	0.00984	0.01338	T
1733	0.05082	0.05397	C
1734	0.02677	0.02981	A
1735	0.03795	0.03859	A
1736	0.0513	0.05141	C
1737	0.03007	0.0302	C
1738	0.04396	0.04476	C
1739	0.00233	0.00249	A
1740	0.01577	0.01581	A
1741	0.0191	0.01916	A
1742	0.031	0.03104	A
1743	0.02411	0.02415	A
1744	0.00449	0.0046	G
1745	0.00394	0.00411	G
1746	0.09506	0.09601	C
1747	0.02678	0.02718	A
1748	0.01371	0.01453	T
1749	0.01901	0.01902	A
1750	0.03067	0.03336	A
1751	0.00722	0.00735	T
1752	0.01103	0.01148	T
1753	0.0174	0.01759	A
1754	0.02733	0.0277	A
1755	0.07912	0.08047	A
1756	0.02522	0.02682	C
1757	0.00446	0.00451	T
1758	0.0109	0.01105	T
1759	0.0064	0.00648	T
1760	0.02697	0.03194	A
1761	0.04015	0.04136	C
1762	0.00875	0.00885	T
1763	0.01064	0.01072	T
1764	0.05514	0.0561	C
1765	0.04286	0.04398	C
1766	0.01229	0.01448	T
1767	0.05143	0.05488	C
1768	0.01288	0.01353	T
1769	0.05183	0.05435	C
1770	0.00632	0.00639	T
1771	0.0155	0.01552	T
1772	0.01392	0.0141	T
1773	0.04203	0.04681	C
1774	0.0154	0.0154	T
1775	0.01402	0.01427	T
1776	0.04354	0.05904	C
1777	0.01243	0.01243	T
1778	0.01606	0.01669	T
1779	0.06069	0.06083	C
1780	0.06136	0.06202	C
1781	0.04194	0.04251	C
1782	0.02444	0.0326	A
1783	0.05758	0.05828	C
1784	0.01617	0.0185	T
1785	0.04352	0.04611	C
1786	0.02806	0.0348	A
1787	0.01216	0.01293	T
1788	0.05421	0.05446	C
1789	0.01537	0.01592	C
1790	0.01789	0.02017	T
1791	0.02477	0.02581	A
1792	0.0401	0.04075	A
1793	0.05977	0.06008	C
1794	0.04315	0.04346	C
1795	0.03201	0.03267	C
1796	0.01131	0.0172	T
1797	0.03233	0.03712	A
1798	0.05534	0.05675	C
1799	0.01172	0.01223	T
1800	0.05008	0.05009	C
1801	0.0207	0.02138	C
1802	0.00983	0.01022	T
1803	0.02481	0.02524	A
1804	0.03718	0.03725	A
1805	0.01308	0.01351	T
1806	0.04396	0.04406	C
1807	0.02177	0.02183	A
1808	0.05181	0.05191	C
1809	0.03225	0.03225	A
1810	0.00048	0.00048	T
1811	0.0	0.0	A
1812	0.0	0.0	A
