Position	Mismatches	Mismatches + Deletions	Base
1	0.0	0.0	A
2	0.0	0.0	T
3	0.0	0.0	T
4	0.03231	0.03231	A
5	0.02701	0.02701	A
6	0.01548	0.01629	T
7	0.03891	0.04575	C
8	0.03889	0.03913	C
9	0.04164	0.04164	C
10	0.02281	0.02281	C
11	0.00723	0.00825	T
12	0.00242	0.00246	G
13	0.00264	0.00268	G
14	0.03327	0.03329	C
15	0.03253	0.03254	C
16	0.04178	0.04191	C
17	0.02711	0.02786	A
18	0.0396	0.0398	A
19	0.06537	0.06545	C
20	0.03936	0.03955	C
21	0.05321	0.0534	C
22	0.00362	0.00588	G
23	0.00944	0.01048	T
24	0.03274	0.03292	C
25	0.03056	0.0315	A
26	0.01182	0.01214	T
27	0.0426	0.04295	C
28	0.01059	0.01105	T
29	0.06494	0.06849	A
30	0.03991	0.04111	C
31	0.01012	0.01037	T
32	0.02686	0.02956	C
33	0.01074	0.01132	T
34	0.04125	0.04343	A
35	0.07129	0.0716	C
36	0.03051	0.03097	C
37	0.02175	0.02737	A
38	0.00901	0.0093	T
39	0.03866	0.03891	C
40	0.00658	0.0066	T
41	0.0082	0.00821	T
42	0.00766	0.00767	T
43	0.00389	0.00627	G
44	0.03155	0.03404	C
45	0.01434	0.01479	A
46	0.00158	0.00159	G
47	0.00264	0.0027	G
48	0.00555	0.00577	C
49	0.03151	0.03307	A
50	0.02784	0.02837	C
51	0.01529	0.01638	A
52	0.01594	0.01637	C
53	0.00509	0.0059	T
54	0.01324	0.01365	C
55	0.0205	0.02246	A
56	0.01264	0.0137	T
57	0.08695	0.08826	C
58	0.04455	0.04827	A
59	0.05176	0.05442	C
60	0.0313	0.03475	A
61	0.003	0.00325	G
62	0.01927	0.01958	C
63	0.00423	0.00434	G
64	0.02482	0.02603	C
65	0.01096	0.01157	T
66	0.04053	0.04075	A
67	0.04745	0.04788	A
68	0.00343	0.00423	G
69	0.03561	0.03729	C
70	0.00699	0.00742	T
71	0.0318	0.03209	C
72	0.00322	0.00371	G
73	0.00956	0.00978	C
74	0.02797	0.02829	A
75	0.03599	0.03635	C
76	0.00656	0.00667	T
77	0.00362	0.00397	G
78	0.01028	0.01058	A
79	0.00097	0.00101	T
80	0.00307	0.0031	T
81	0.00874	0.00876	T
82	0.01448	0.01449	T
83	0.02021	0.02023	T
84	0.01808	0.0181	T
85	0.03307	0.04033	A
86	0.06446	0.06453	C
87	0.03657	0.03668	C
88	0.00372	0.00422	T
89	0.00163	0.00172	G
90	0.00924	0.00941	A
91	0.00258	0.00266	G
92	0.00231	0.00301	T
93	0.03675	0.04018	A
94	0.00253	0.00255	G
95	0.0016	0.00167	G
96	0.01612	0.01619	C
97	0.00783	0.00795	C
98	0.00431	0.00453	T
99	0.04617	0.04656	A
100	0.00502	0.00533	G
101	0.02015	0.02023	A
102	0.03452	0.03461	A
103	0.02646	0.02664	A
104	0.01463	0.0162	T
105	0.03834	0.03835	A
106	0.03395	0.03397	A
107	0.03951	0.04025	A
108	0.05734	0.06288	C
109	0.02909	0.02972	A
110	0.00986	0.01023	T
111	0.00417	0.00446	G
112	0.04286	0.04495	C
113	0.00899	0.00932	T
114	0.03192	0.03286	A
115	0.00417	0.00447	G
116	0.04606	0.0471	C
117	0.00422	0.00434	T
118	0.00773	0.00786	T
119	0.01143	0.0115	T
120	0.01057	0.01108	T
121	0.01666	0.02587	A
122	0.01645	0.01647	T
123	0.01613	0.0166	T
124	0.06853	0.07108	C
125	0.04439	0.04549	C
126	0.0368	0.04924	A
127	0.00794	0.00837	G
128	0.01025	0.01052	T
129	0.01221	0.01267	T
130	0.04917	0.05989	C
131	0.02309	0.02654	T
132	0.03088	0.03252	A
133	0.03103	0.03163	A
134	0.05844	0.05858	C
135	0.08695	0.09148	C
136	0.00143	0.00168	A
137	0.00054	0.00064	A
138	0.00067	0.00073	A
139	0.01185	0.01188	A
140	0.00723	0.00724	A
141	0.01133	0.01136	A
142	0.01082	0.01093	A
143	0.0745	0.08041	T
144	0.0255	0.02551	A
145	0.02445	0.02447	A
146	0.03226	0.03269	A
147	0.06575	0.06665	C
148	0.03346	0.0335	C
149	0.03521	0.0353	C
150	0.02036	0.02244	T
151	0.04473	0.045	C
152	0.00606	0.0081	G
153	0.01062	0.01069	T
154	0.01023	0.01035	T
155	0.04868	0.04876	C
156	0.04482	0.04513	C
157	0.02283	0.03127	A
158	0.05079	0.05131	C
159	0.03706	0.0421	A
160	0.00406	0.00513	G
161	0.0302	0.03022	A
162	0.03601	0.03777	A
163	0.00341	0.00411	G
164	0.02792	0.03243	C
165	0.01084	0.01105	T
166	0.0045	0.00463	G
167	0.04367	0.04371	C
168	0.01888	0.01904	C
169	0.02467	0.02825	A
170	0.01036	0.01098	T
171	0.04372	0.04398	C
172	0.03164	0.03173	A
173	0.05427	0.0552	A
174	0.00374	0.00474	G
175	0.00952	0.00993	T
176	0.02785	0.0288	A
177	0.00541	0.00543	T
178	0.01743	0.01745	T
179	0.01123	0.01132	T
180	0.03823	0.0385	C
181	0.03716	0.03738	C
182	0.01256	0.01766	T
183	0.04511	0.04657	C
184	0.0195	0.02459	A
185	0.06733	0.06826	C
186	0.00537	0.00648	G
187	0.02742	0.03448	C
188	0.02663	0.02692	A
189	0.04312	0.04339	A
190	0.00511	0.00697	G
191	0.04499	0.05101	C
192	0.03245	0.03267	A
193	0.03837	0.0387	A
194	0.05942	0.05975	C
195	0.06223	0.06302	C
196	0.00648	0.01384	G
197	0.02891	0.03879	C
198	0.02804	0.0334	A
199	0.01376	0.01418	T
200	0.05007	0.05021	C
201	0.03907	0.03944	C
202	0.02383	0.03499	A
203	0.01514	0.01613	T
204	0.028	0.02834	A
205	0.02648	0.03397	A
206	0.01443	0.01539	T
207	0.05018	0.05138	C
208	0.0322	0.03259	C
209	0.00958	0.00963	T
210	0.01088	0.01096	T
211	0.02908	0.03924	C
212	0.00958	0.00984	T
213	0.03523	0.03667	A
214	0.03235	0.03358	A
215	0.01434	0.01594	T
216	0.04096	0.0422	A
217	0.00519	0.006	G
218	0.05188	0.05419	C
219	0.01284	0.01358	T
220	0.03862	0.04026	A
221	0.01348	0.014	T
222	0.05801	0.05857	C
223	0.03555	0.03636	C
224	0.00774	0.00891	T
225	0.04214	0.04308	C
226	0.00986	0.00988	T
227	0.01103	0.01116	T
228	0.04404	0.04657	C
229	0.0274	0.02804	A
230	0.03909	0.03927	A
231	0.03749	0.03866	C
232	0.02978	0.02993	A
233	0.0355	0.03588	A
234	0.00991	0.01046	T
235	0.03623	0.03712	A
236	0.01029	0.01103	T
237	0.04138	0.04217	A
238	0.04844	0.05072	C
239	0.01113	0.01179	T
240	0.03924	0.0406	C
241	0.01168	0.01208	T
242	0.04571	0.04571	C
243	0.04041	0.04072	C
244	0.00353	0.00361	G
245	0.00319	0.00327	G
246	0.02285	0.0337	A
247	0.04929	0.04997	C
248	0.03193	0.03213	A
249	0.03782	0.03848	A
250	0.02223	0.02301	T
251	0.0067	0.00916	G
252	0.0324	0.03256	A
253	0.02909	0.02929	A
254	0.04745	0.04768	C
255	0.02604	0.02619	C
256	0.01723	0.04142	A
257	0.01294	0.01697	T
258	0.03005	0.03009	A
259	0.02713	0.02859	A
260	0.06669	0.06714	C
261	0.0427	0.04293	C
262	0.02048	0.0206	A
263	0.02589	0.0265	A
264	0.01416	0.01524	T
265	0.03371	0.03413	A
266	0.05419	0.05664	C
267	0.0166	0.01792	T
268	0.03795	0.03873	A
269	0.0607	0.06146	C
270	0.05502	0.05547	C
271	0.01719	0.0173	A
272	0.02905	0.02943	A
273	0.01211	0.01293	T
274	0.05209	0.05302	C
275	0.02825	0.02871	A
276	0.02224	0.02387	A
277	0.01421	0.01494	T
278	0.03709	0.03846	A
279	0.07682	0.07898	C
280	0.01101	0.01166	T
281	0.04081	0.04233	C
282	0.0272	0.0314	A
283	0.01274	0.01357	T
284	0.04341	0.04449	C
285	0.01855	0.0196	A
286	0.01529	0.01534	T
287	0.01469	0.01521	T
288	0.01748	0.0179	A
289	0.02043	0.02068	A
290	0.01371	0.01419	T
291	0.02855	0.02857	A
292	0.03724	0.0418	A
293	0.00986	0.01173	T
294	0.06325	0.06477	C
295	0.02726	0.02858	A
296	0.01377	0.01431	T
297	0.03054	0.03059	A
298	0.02336	0.02738	A
299	0.01015	0.01071	T
300	0.92091	0.92157	A
301	0.00206	0.00217	G
302	0.00749	0.00761	C
303	0.00222	0.00254	T
304	0.00849	0.01065	A
305	0.004	0.00432	T
306	0.04147	0.04231	A
307	0.00482	0.0054	G
308	0.05204	0.05332	C
309	0.02988	0.02994	A
310	0.02416	0.02464	A
311	0.04923	0.05093	T
312	0.03569	0.03575	A
313	0.01168	0.01169	A
314	0.02412	0.02413	A
315	0.03757	0.03849	A
316	0.03726	0.04775	C
317	0.00766	0.00778	T
318	0.03497	0.03559	A
319	0.00361	0.00369	G
320	0.00484	0.00489	G
321	0.02887	0.02892	A
322	0.01527	0.01543	A
323	0.004	0.00431	T
324	0.01093	0.01175	A
325	0.00717	0.00764	G
326	0.00667	0.00683	C
327	0.00444	0.00451	C
328	0.07351	0.07355	C
329	0.03722	0.03725	C
330	0.03797	0.03798	C
331	0.00328	0.00343	T
332	0.00854	0.00863	T
333	0.01249	0.01253	T
334	0.03479	0.03703	C
335	0.03544	0.03676	A
336	0.04142	0.04199	C
337	0.00695	0.00708	T
338	0.00669	0.00672	T
339	0.03085	0.03555	C
340	0.00738	0.0075	T
341	0.00257	0.00358	G
342	0.04849	0.0502	A
343	0.00471	0.0049	G
344	0.01013	0.01079	T
345	0.04563	0.04571	C
346	0.03531	0.03535	C
347	0.0101	0.0101	C
348	0.00616	0.00929	A
349	0.00152	0.00155	G
350	0.00776	0.00795	A
351	0.00162	0.00163	G
352	0.0024	0.00242	G
353	0.00554	0.0056	T
354	0.00984	0.01004	T
355	0.0265	0.05244	A
356	0.06419	0.06426	C
357	0.04568	0.04573	C
358	0.03824	0.03828	C
359	0.03436	0.03451	A
360	0.03623	0.03637	A
361	0.00327	0.00339	G
362	0.00454	0.00489	G
363	0.02668	0.02806	C
364	0.05385	0.05813	A
365	0.05736	0.05762	C
366	0.04511	0.04515	C
367	0.01068	0.01069	C
368	0.01078	0.01082	C
369	0.00274	0.00313	T
370	0.0112	0.01129	C
371	0.00619	0.00647	T
372	0.0028	0.00317	G
373	0.04397	0.04433	A
374	0.05985	0.06163	C
375	0.03905	0.04013	A
376	0.01234	0.01295	T
377	0.04355	0.04374	C
378	0.04985	0.05008	C
379	0.00366	0.00373	G
380	0.0035	0.00354	G
381	0.03001	0.03003	C
382	0.01407	0.0143	C
383	0.00489	0.00563	T
384	0.0035	0.0041	G
385	0.04321	0.04393	C
386	0.00701	0.00708	T
387	0.01025	0.0103	T
388	0.02531	0.03214	C
389	0.00975	0.00977	T
390	0.01328	0.01347	T
391	0.05607	0.06257	C
392	0.01285	0.01387	T
393	0.04941	0.0509	C
394	0.0275	0.02917	A
395	0.05841	0.05968	C
396	0.03758	0.0391	A
397	0.02505	0.02644	T
398	0.00773	0.00884	G
399	0.03721	0.03767	A
400	0.15892	0.16295	C
401	0.01177	0.01181	A
402	0.01777	0.01795	A
403	0.01352	0.0136	A
404	0.02194	0.02198	A
405	0.02397	0.02406	A
406	0.05714	0.06381	C
407	0.01305	0.01407	T
408	0.05504	0.05876	A
409	0.02178	0.02365	G
410	0.05078	0.05115	C
411	0.03072	0.03104	C
412	0.06474	0.06504	C
413	0.04266	0.0428	C
414	0.02601	0.02617	C
415	0.02123	0.0264	A
416	0.0117	0.01225	T
417	0.03991	0.04015	C
418	0.01024	0.0109	T
419	0.04986	0.05067	C
420	0.02275	0.02373	A
421	0.03304	0.03345	A
422	0.01268	0.01374	T
423	0.0531	0.05425	C
424	0.02442	0.0265	A
425	0.01154	0.01222	T
426	0.03329	0.03705	A
427	0.01354	0.01492	T
428	0.03368	0.03437	A
429	0.07251	0.07346	C
430	0.0515	0.05208	C
431	0.01412	0.01422	A
432	0.03025	0.03059	A
433	0.02919	0.0297	A
434	0.01873	0.0206	T
435	0.04239	0.04302	C
436	0.01806	0.01977	T
437	0.04356	0.04536	C
438	0.01901	0.02014	T
439	0.05491	0.055	C
440	0.03513	0.03516	C
441	0.03926	0.0404	C
442	0.01823	0.02037	T
443	0.0335	0.034	C
444	0.02463	0.02604	A
445	0.04536	0.04635	C
446	0.0111	0.01224	T
447	0.01607	0.01632	A
448	0.03203	0.03248	A
449	0.03333	0.03345	A
450	0.0621	0.0653	C
451	0.00616	0.00644	G
452	0.00863	0.01194	T
453	0.03402	0.03418	A
454	0.04242	0.04285	A
455	0.00467	0.00555	G
456	0.04925	0.04951	C
457	0.02782	0.02792	C
458	0.00629	0.00651	T
459	0.00997	0.01012	T
460	0.02811	0.03968	C
461	0.00728	0.00819	T
462	0.03033	0.03035	C
463	0.03109	0.03215	C
464	0.01152	0.01384	T
465	0.02921	0.03048	C
466	0.02441	0.02758	A
467	0.03358	0.03454	C
468	0.00922	0.00956	T
469	0.02798	0.02888	C
470	0.00812	0.00861	T
471	0.03032	0.03098	C
472	0.00865	0.01009	T
473	0.03775	0.03866	C
474	0.02967	0.03161	A
475	0.03426	0.03473	A
476	0.01109	0.01239	T
477	0.03747	0.03783	C
478	0.00898	0.00903	T
479	0.00905	0.00919	T
480	0.0059	0.02198	A
481	0.01374	0.01405	T
482	0.05717	0.05768	C
483	0.02278	0.02328	C
484	0.01798	0.02105	A
485	0.01285	0.01379	T
486	0.02501	0.02535	C
487	0.02989	0.03395	A
488	0.00932	0.00983	T
489	0.03334	0.03537	A
490	0.00534	0.00659	G
491	0.03917	0.04103	C
492	0.02485	0.02573	A
493	0.00154	0.00156	G
494	0.00165	0.0017	G
495	0.0338	0.03408	C
496	0.01426	0.01454	A
497	0.00297	0.00299	G
498	0.0032	0.00324	T
499	0.00364	0.00366	T
500	0.00236	0.0025	G
501	0.00926	0.00937	A
502	0.00228	0.00228	G
503	0.00207	0.0021	G
504	0.0047	0.00481	T
505	0.00194	0.00195	G
506	0.00264	0.00269	G
507	0.01921	0.02976	A
508	0.00792	0.00797	T
509	0.01039	0.01058	T
510	0.02673	0.02701	A
511	0.02902	0.02966	A
512	0.03666	0.03689	A
513	0.05971	0.0602	C
514	0.0337	0.03407	C
515	0.02048	0.02084	A
516	0.03437	0.03479	A
517	0.03707	0.03724	A
518	0.06801	0.06889	C
519	0.04218	0.04233	C
520	0.03948	0.03967	C
521	0.03305	0.04168	A
522	0.00367	0.00589	G
523	0.02136	0.02232	C
524	0.00547	0.00612	T
525	0.02082	0.02164	A
526	0.05524	0.05568	C
527	0.00558	0.00616	G
528	0.06568	0.06782	C
529	0.02952	0.03001	A
530	0.02145	0.02156	A
531	0.02745	0.02754	A
532	0.03302	0.0331	A
533	0.00771	0.01045	T
534	0.03527	0.03563	C
535	0.00764	0.00768	T
536	0.00772	0.00782	T
537	0.01986	0.02813	A
538	0.00664	0.00815	G
539	0.02447	0.02511	C
540	0.04223	0.04356	A
541	0.00939	0.01003	T
542	0.04725	0.04912	A
543	0.03793	0.04009	C
544	0.00636	0.00673	T
545	0.01664	0.01669	C
546	0.0125	0.01281	C
547	0.00648	0.00708	T
548	0.03145	0.0319	C
549	0.01586	0.01676	A
550	0.0208	0.02101	A
551	0.0123	0.01251	T
552	0.01683	0.01742	T
553	0.01725	0.03808	A
554	0.04576	0.04606	C
555	0.02938	0.02953	C
556	0.03124	0.0313	C
557	0.0238	0.02751	A
558	0.03738	0.03814	C
559	0.03173	0.03558	A
560	0.00794	0.00846	T
561	0.02613	0.02637	A
562	0.00209	0.00214	G
563	0.00202	0.00206	G
564	0.01141	0.01701	A
565	0.00488	0.00494	T
566	0.00271	0.00313	G
567	0.02772	0.02788	A
568	0.02058	0.02086	A
569	0.00755	0.00779	T
570	0.02866	0.02866	A
571	0.02612	0.02918	A
572	0.00996	0.01064	T
573	0.02907	0.03045	A
574	0.00381	0.00452	G
575	0.03175	0.03223	C
576	0.02886	0.02996	A
577	0.00723	0.00746	G
578	0.00782	0.00808	T
579	0.00719	0.00729	T
580	0.0272	0.02953	C
581	0.01204	0.01236	T
582	0.0473	0.04862	A
583	0.05882	0.05891	C
584	0.05141	0.05192	C
585	0.00756	0.01138	G
586	0.01101	0.01198	T
587	0.03571	0.03646	A
588	0.07006	0.07367	C
589	0.03548	0.036	A
590	0.03576	0.03842	A
591	0.06034	0.06067	C
592	0.04125	0.04234	C
593	0.02551	0.02615	C
594	0.01033	0.01138	T
595	0.03184	0.03223	A
596	0.02839	0.02888	A
597	0.04538	0.04615	C
598	0.03203	0.03619	A
599	0.01169	0.01875	T
600	0.02815	0.02822	A
601	0.03198	0.03462	A
602	0.06255	0.06342	C
603	0.02936	0.02995	C
604	0.02703	0.02957	A
605	0.01261	0.01296	T
606	0.00802	0.00828	T
607	0.03456	0.04302	C
608	0.00908	0.00933	T
609	0.01164	0.01197	T
610	0.01411	0.01489	A
611	0.02379	0.02499	A
612	0.00563	0.00581	T
613	0.00825	0.00853	T
614	0.01506	0.01517	T
615	0.02591	0.02652	A
616	0.06147	0.06408	A
617	0.03004	0.0329	C
618	0.00507	0.00526	T
619	0.02621	0.02893	A
620	0.00513	0.00525	T
621	0.0084	0.00847	T
622	0.00679	0.00692	T
623	0.02144	0.02598	A
624	0.00927	0.0096	T
625	0.03745	0.04007	A
626	0.01107	0.01109	T
627	0.01026	0.01067	T
628	0.01701	0.04385	A
629	0.0122	0.01286	T
630	0.05467	0.05644	C
631	0.02394	0.02442	C
632	0.01379	0.01486	T
633	0.03718	0.03782	A
634	0.03392	0.03423	A
635	0.05311	0.0564	C
636	0.01269	0.01511	T
637	0.0466	0.04887	A
638	0.06049	0.06675	C
639	0.02182	0.02406	T
640	0.04256	0.04877	A
641	0.05169	0.05291	C
642	0.05209	0.05387	C
643	0.00547	0.00942	G
644	0.03622	0.03843	C
645	0.03247	0.03503	A
646	0.01267	0.0128	T
647	0.01149	0.01157	T
648	0.04547	0.0456	C
649	0.03397	0.03439	C
650	0.01213	0.01321	T
651	0.0417	0.04283	A
652	0.04682	0.04928	C
653	0.01422	0.01554	T
654	0.03504	0.03727	A
655	0.0603	0.06308	C
656	0.01261	0.01395	T
657	0.04875	0.05137	C
658	0.02813	0.02944	A
659	0.02847	0.02868	A
660	0.04993	0.05207	C
661	0.01028	0.0106	T
662	0.01184	0.01199	T
663	0.02007	0.02039	A
664	0.03205	0.03228	A
665	0.03695	0.03723	A
666	0.0504	0.05351	C
667	0.01115	0.01159	T
668	0.04669	0.0468	C
669	0.03164	0.03213	C
670	0.03223	0.04442	A
671	0.00619	0.00725	G
672	0.05538	0.05711	C
673	0.02975	0.03076	A
674	0.04944	0.04954	C
675	0.02479	0.02576	C
676	0.02052	0.02637	A
677	0.06223	0.06417	C
678	0.00463	0.00587	G
679	0.03166	0.03291	A
680	0.03644	0.03646	C
681	0.03416	0.03445	C
682	0.04154	0.04183	C
683	0.00761	0.0088	T
684	0.03271	0.03417	A
685	0.04695	0.04969	C
686	0.01631	0.01699	T
687	0.10352	0.1063	A
688	0.03464	0.03891	C
689	0.00666	0.00693	T
690	0.04291	0.04682	A
691	0.00624	0.00673	T
692	0.03867	0.03935	C
693	0.00668	0.00782	T
694	0.05583	0.05663	C
695	0.00572	0.0071	G
696	0.03695	0.03834	C
697	0.0293	0.02974	A
698	0.05133	0.05133	C
699	0.03569	0.03599	C
700	0.01105	0.01318	T
701	0.00453	0.00617	G
702	0.03831	0.0385	A
703	0.03847	0.03858	A
704	0.03446	0.03454	A
705	0.06996	0.07588	C
706	0.03875	0.03909	A
707	0.04253	0.0437	A
708	0.00448	0.00545	G
709	0.04524	0.04679	C
710	0.01272	0.01315	T
711	0.03582	0.03591	A
712	0.03299	0.03313	A
713	0.04736	0.04803	C
714	0.0383	0.03948	A
715	0.02159	0.02233	T
716	0.00504	0.00544	G
717	0.03864	0.03911	A
718	0.0501	0.051	C
719	0.0136	0.01491	T
720	0.03858	0.0395	A
721	0.03213	0.03362	A
722	0.064	0.06735	C
723	0.03096	0.0362	A
724	0.08115	0.0815	C
725	0.04744	0.04763	C
726	0.03856	0.03915	C
727	0.00943	0.00955	T
728	0.01402	0.01415	T
729	0.02399	0.02455	A
730	0.0377	0.03811	A
731	0.00994	0.01006	T
732	0.01343	0.01365	T
733	0.05183	0.05223	C
734	0.03479	0.03529	C
735	0.03063	0.03953	A
736	0.01444	0.01508	T
737	0.05186	0.05217	C
738	0.03833	0.04018	C
739	0.03123	0.04341	A
740	0.0821	0.08216	C
741	0.00323	0.00323	C
742	0.00246	0.00276	C
743	0.00222	0.00266	T
744	0.00261	0.00261	C
745	0.00183	0.00211	C
746	0.00296	0.01114	T
747	0.30461	0.31214	C
748	0.02946	0.03695	T
749	0.04542	0.04542	C
750	0.03043	0.03043	C
751	0.02164	0.02216	C
752	0.0064	0.00661	T
753	0.01116	0.01164	A
754	0.00144	0.00146	G
755	0.00131	0.00137	G
756	0.00521	0.00616	A
757	0.00155	0.00156	G
758	0.00269	0.00274	G
759	0.07392	0.07401	C
760	0.03624	0.03646	C
761	0.01045	0.0121	T
762	0.0063	0.00712	G
763	0.03831	0.03838	C
764	0.02164	0.02174	C
765	0.03492	0.03501	C
766	0.04329	0.04332	C
767	0.0408	0.0408	C
768	0.00526	0.00786	G
769	0.04369	0.04476	C
770	0.01101	0.01148	T
771	0.0382	0.03852	A
772	0.03885	0.039	A
773	0.07163	0.07175	C
774	0.05584	0.05624	C
775	0.00249	0.00252	G
776	0.00352	0.00357	G
777	0.03761	0.03811	C
778	0.00231	0.00235	T
779	0.00409	0.00409	T
780	0.0098	0.00981	T
781	0.01286	0.01288	T
782	0.01249	0.01249	T
783	0.00208	0.00244	G
784	0.00422	0.00423	C
785	0.00347	0.00348	C
786	0.01211	0.01212	C
787	0.01729	0.01736	A
788	0.03921	0.03923	A
789	0.04071	0.04078	A
790	0.01279	0.01395	T
791	0.00177	0.00179	G
792	0.00193	0.00196	G
793	0.0027	0.00271	G
794	0.01584	0.01588	C
795	0.06794	0.06801	C
796	0.01779	0.02557	A
797	0.01299	0.01301	T
798	0.00915	0.0092	T
799	0.01782	0.03633	A
800	0.01107	0.01152	T
801	0.04923	0.05004	C
802	0.00934	0.01025	G
803	0.04618	0.04642	A
804	0.0497	0.04998	A
805	0.00889	0.01573	G
806	0.03636	0.03642	A
807	0.03606	0.03641	A
808	0.01534	0.01572	T
809	0.02209	0.02312	T
810	0.04499	0.04786	C
811	0.0216	0.02214	A
812	0.12529	0.13392	C
813	0.00205	0.00206	A
814	0.00541	0.00542	A
815	0.01416	0.0142	A
816	0.01156	0.01162	A
817	0.01784	0.01788	A
818	0.01369	0.01372	A
819	0.08673	0.09779	C
820	0.03046	0.03046	A
821	0.02815	0.0284	A
822	0.01384	0.01476	T
823	0.0504	0.05167	A
824	0.0077	0.00835	G
825	0.06844	0.06868	C
826	0.03941	0.03971	C
827	0.01254	0.01382	T
828	0.04473	0.04549	C
829	0.03124	0.03534	A
830	0.01593	0.01758	T
831	0.04473	0.04714	C
832	0.02918	0.03649	A
833	0.02418	0.02604	T
834	0.0647	0.06626	C
835	0.04498	0.04628	C
836	0.04807	0.04827	C
837	0.0392	0.0398	C
838	0.0258	0.03146	A
839	0.06379	0.0638	C
840	0.03616	0.03681	C
841	0.02813	0.03207	A
842	0.00988	0.01125	T
843	0.03617	0.03658	C
844	0.03253	0.03766	A
845	0.01282	0.01463	T
846	0.04191	0.04531	A
847	0.00684	0.00767	G
848	0.066	0.06652	C
849	0.03421	0.03472	C
850	0.02786	0.03606	A
851	0.06195	0.06213	C
852	0.03069	0.03143	C
853	0.02817	0.0343	A
854	0.0192	0.02284	T
855	0.04637	0.04848	C
856	0.03025	0.03223	A
857	0.0725	0.07278	C
858	0.04407	0.04412	C
859	0.03939	0.04036	C
860	0.00711	0.00903	T
861	0.04362	0.04364	C
862	0.03486	0.03587	C
863	0.00336	0.00345	T
864	0.01142	0.01167	T
865	0.01166	0.01249	A
866	0.03062	0.03076	A
867	0.20116	0.2014	C
868	0.01434	0.01506	C
869	0.00343	0.00359	T
870	0.91125	0.91917	C
871	0.00503	0.00536	T
872	0.025	0.02581	A
873	0.03088	0.0322	C
874	0.00895	0.00902	T
875	0.01368	0.01381	T
876	0.03761	0.04685	C
877	0.01469	0.01516	T
878	0.04648	0.04827	A
879	0.0711	0.07133	C
880	0.029	0.03165	C
881	0.01723	0.02241	T
882	0.03578	0.04913	A
883	0.09765	0.10084	C
884	0.00793	0.01109	G
885	0.07807	0.07815	C
886	0.02863	0.02909	C
887	0.01326	0.01419	T
888	0.02869	0.02928	A
889	0.03196	0.03261	A
890	0.01421	0.01474	T
891	0.0469	0.04807	C
892	0.01295	0.0139	T
893	0.03418	0.0408	A
894	0.05428	0.05611	C
895	0.01355	0.01456	T
896	0.06	0.06008	C
897	0.03789	0.039	C
898	0.02454	0.03104	A
899	0.06115	0.06119	C
900	0.04685	0.04798	C
901	0.00906	0.01037	T
902	0.04589	0.04671	C
903	0.02296	0.02475	A
904	0.03564	0.03622	A
905	0.01438	0.01729	T
906	0.04891	0.04992	C
907	0.03772	0.03878	A
908	0.0627	0.06614	C
909	0.04102	0.04192	A
910	0.05686	0.05893	C
911	0.01168	0.01293	T
912	0.04528	0.05028	A
913	0.05251	0.05585	C
914	0.02037	0.02176	T
915	0.05122	0.05126	C
916	0.04491	0.04497	C
917	0.05154	0.05157	C
918	0.04187	0.04223	C
919	0.01964	0.02892	A
920	0.01118	0.01198	T
921	0.02493	0.02554	A
922	0.01005	0.01044	T
923	0.03967	0.04011	C
924	0.01191	0.01273	T
925	0.02761	0.02786	A
926	0.03343	0.03379	A
927	0.07601	0.07815	C
928	0.02245	0.02253	A
929	0.02704	0.02732	A
930	0.06852	0.06976	C
931	0.01061	0.01183	G
932	0.01382	0.01539	T
933	0.00194	0.00211	A
934	0.01355	0.01375	A
935	0.00971	0.00974	A
936	0.01459	0.01507	A
937	0.01515	0.01531	A
938	0.03231	0.03769	T
939	0.01753	0.01753	A
940	0.01077	0.01078	A
941	0.01816	0.01817	A
942	0.02574	0.02638	A
943	0.01357	0.01481	T
944	0.00568	0.00677	G
945	0.03748	0.03778	A
946	0.06863	0.0692	C
947	0.04149	0.04172	A
948	0.00943	0.00967	G
949	0.00761	0.00773	T
950	0.009	0.00921	T
951	0.0108	0.01086	T
952	0.00556	0.00772	G
953	0.03364	0.03385	A
954	0.02567	0.02584	A
955	0.06637	0.06748	C
956	0.03544	0.03686	A
957	0.01147	0.01289	T
958	0.02559	0.02616	A
959	0.08445	0.08769	C
960	0.02881	0.02883	A
961	0.01628	0.01628	A
962	0.03499	0.035	A
963	0.03047	0.03074	A
964	0.06346	0.06647	C
965	0.05367	0.05411	C
966	0.03676	0.03748	C
967	0.03064	0.04182	A
968	0.07307	0.07327	C
969	0.06967	0.06973	C
970	0.05605	0.05607	C
971	0.02739	0.02773	C
972	0.03345	0.03591	A
973	0.01327	0.03194	T
974	0.01407	0.01439	T
975	0.03933	0.03953	C
976	0.03019	0.03067	C
977	0.01389	0.01809	T
978	0.0487	0.04879	C
979	0.04712	0.04714	C
980	0.04115	0.04117	C
981	0.03972	0.04027	C
982	0.01382	0.02223	A
983	0.0492	0.05039	C
984	0.02392	0.02567	A
985	0.05866	0.05976	C
986	0.00917	0.01032	T
987	0.03376	0.03486	C
988	0.02455	0.02789	A
989	0.01736	0.01903	T
990	0.13562	0.1387	C
991	0.00689	0.00757	G
992	0.06774	0.06779	C
993	0.0357	0.03572	C
994	0.02198	0.02208	C
995	0.01647	0.01665	T
996	0.00813	0.00824	T
997	0.0248	0.0352	A
998	0.05335	0.05346	C
999	0.02793	0.02841	C
1000	0.02516	0.03189	A
1001	0.06897	0.06984	C
1002	0.00423	0.00483	G
1003	0.04177	0.04252	C
1004	0.01052	0.01133	T
1005	0.03426	0.03884	A
1006	0.05327	0.05466	C
1007	0.01467	0.01488	T
1008	0.05	0.05003	C
1009	0.02284	0.02436	C
1010	0.00965	0.01066	T
1011	0.02515	0.02644	A
1012	0.08641	0.08668	C
1013	0.02684	0.02837	C
1014	0.00656	0.00713	T
1015	0.02392	0.02634	A
1016	0.0238	0.02461	T
1017	0.05443	0.05672	C
1018	0.03125	0.03384	T
1019	0.04171	0.04198	C
1020	0.04003	0.04018	C
1021	0.02255	0.02261	C
1022	0.02234	0.02258	C
1023	0.00396	0.00406	T
1024	0.00559	0.0056	T
1025	0.0071	0.00711	T
1026	0.00713	0.00714	T
1027	0.01761	0.02272	A
1028	0.00749	0.00776	T
1029	0.0166	0.0173	A
1030	0.03277	0.03347	C
1031	0.00825	0.00846	T
1032	0.01845	0.01859	A
1033	0.01462	0.0148	A
1034	0.00956	0.00982	T
1035	0.01807	0.01807	A
1036	0.00985	0.0103	A
1037	0.00702	0.00719	T
1038	0.02003	0.02023	C
1039	0.00899	0.00899	T
1040	0.01333	0.01333	T
1041	0.00147	0.00147	A
1042	6e-05	6e-05	T
1043	0.0	0.0	A
1044	0.0	0.0	G
