Position	Mismatches	Mismatches + Deletions	Base
1	0.0	0.0	A
2	0.0	0.0	T
3	0.0	0.0	G
4	0.02243	0.02243	A
5	0.02546	0.0274	C
6	0.01742	0.01742	C
7	0.02254	0.02254	C
8	0.02349	0.02349	C
9	0.01554	0.02508	A
10	0.01807	0.01815	A
11	0.0212	0.02281	T
12	0.02524	0.02567	A
13	0.07532	0.07603	C
14	0.01077	0.01134	G
15	0.06164	0.06371	C
16	0.01102	0.01106	A
17	0.00722	0.00725	A
18	0.01891	0.01892	A
19	0.02172	0.02172	A
20	0.97364	0.98807	C
21	0.01704	0.01882	T
22	0.02396	0.02439	A
23	0.01507	0.01615	A
24	0.03426	0.0346	C
25	0.02626	0.02629	C
26	0.02779	0.02779	C
27	0.02975	0.02975	C
28	0.01934	0.0195	C
29	0.01648	0.01732	T
30	0.01426	0.01463	A
31	0.01432	0.01456	A
32	0.02834	0.03025	T
33	0.01497	0.01506	A
34	0.00765	0.00766	A
35	0.01437	0.01438	A
36	0.0215	0.02209	A
37	0.01353	0.0139	T
38	0.02807	0.0289	T
39	0.01932	0.01978	A
40	0.03293	0.03316	A
41	0.02601	0.02635	T
42	0.02708	0.02765	T
43	0.02311	0.02336	A
44	0.04119	0.04204	A
45	0.07129	0.07224	C
46	0.04909	0.04966	C
47	0.97192	0.97938	A
48	0.04929	0.04967	C
49	0.01626	0.01753	T
50	0.04448	0.04525	C
51	0.03611	0.0402	A
52	0.01386	0.01426	T
53	0.01518	0.01545	T
54	0.04024	0.04294	C
55	0.03749	0.0388	A
56	0.02105	0.02708	T
57	0.05312	0.05445	C
58	0.01447	0.01614	G
59	0.04234	0.04304	A
60	0.06258	0.06279	C
61	0.03335	0.03411	C
62	0.0156	0.02088	T
63	0.04617	0.04623	C
64	0.05376	0.05382	C
65	0.05369	0.05371	C
66	0.04225	0.04337	C
67	0.01874	0.02843	A
68	0.06606	0.06606	C
69	0.06376	0.06377	C
70	0.04067	0.04067	C
71	0.03056	0.03081	C
72	0.02444	0.03015	A
73	0.01979	0.02108	T
74	0.0536	0.0537	C
75	0.0409	0.0413	C
76	0.03127	0.0317	A
77	0.0442	0.04438	A
78	0.05105	0.05287	C
79	0.03336	0.03452	A
80	0.0154	0.01624	T
81	0.04439	0.04475	C
82	0.01415	0.01517	T
83	0.04748	0.04749	C
84	0.04813	0.04835	C
85	0.00618	0.00975	G
86	0.03427	0.03531	C
87	0.04342	0.04639	A
88	0.00657	0.00672	T
89	0.00333	0.00369	G
90	0.01529	0.01575	A
91	0.00461	0.00496	T
92	0.00367	0.00438	G
93	0.01747	0.01754	A
94	0.01565	0.01589	A
95	0.01975	0.01984	A
96	0.08349	0.08483	C
97	0.00836	0.0084	T
98	0.00868	0.0087	T
99	0.03257	0.03719	C
100	0.00456	0.00464	G
101	0.00318	0.00324	G
102	0.02979	0.03099	C
103	0.00986	0.01146	T
104	0.05363	0.05615	C
105	0.03106	0.03335	A
106	0.06104	0.06237	C
107	0.01327	0.01358	T
108	0.04922	0.04922	C
109	0.04032	0.04175	C
110	0.00922	0.00925	T
111	0.00694	0.00699	T
112	0.00198	0.00202	G
113	0.00231	0.0024	G
114	0.01404	0.01446	C
115	0.00478	0.00486	G
116	0.01829	0.0183	C
117	0.00901	0.0091	C
118	0.00613	0.007	T
119	0.00231	0.00242	G
120	0.04754	0.04755	C
121	0.03328	0.03341	C
122	0.00506	0.00649	T
123	0.00288	0.00427	G
124	0.02412	0.02488	A
125	0.00871	0.00906	T
126	0.04037	0.04052	C
127	0.02635	0.02665	C
128	0.01136	0.01389	T
129	0.04912	0.04917	C
130	0.03678	0.0371	C
131	0.01672	0.01741	A
132	0.03353	0.03378	A
133	0.03059	0.03114	A
134	0.01621	0.01828	T
135	0.06417	0.06517	C
136	0.03483	0.0355	A
137	0.0605	0.06083	C
138	0.0402	0.04134	C
139	0.03074	0.0374	A
140	0.04628	0.04743	C
141	0.0196	0.02263	A
142	0.00227	0.0024	G
143	0.00206	0.0021	G
144	0.02506	0.03569	A
145	0.0604	0.0611	C
146	0.00816	0.0085	T
147	0.03324	0.04785	A
148	0.0109	0.01093	T
149	0.00844	0.0086	T
150	0.03504	0.03517	C
151	0.00967	0.00994	C
152	0.00913	0.00972	T
153	0.03898	0.04151	A
154	0.00456	0.00473	G
155	0.04452	0.04456	C
156	0.03247	0.03255	C
157	0.02532	0.0363	A
158	0.01311	0.0136	T
159	0.00461	0.00523	G
160	0.05672	0.0576	C
161	0.04061	0.04145	A
162	0.04961	0.0505	C
163	0.01093	0.0114	T
164	0.03657	0.03793	A
165	0.05005	0.05106	C
166	0.01236	0.01411	T
167	0.03098	0.03426	C
168	0.02239	0.02328	A
169	0.07904	0.07906	C
170	0.01741	0.01785	C
171	0.01056	0.01934	A
172	0.00418	0.00458	G
173	0.02131	0.02213	A
174	0.02325	0.02388	C
175	0.0041	0.00432	G
176	0.0155	0.01552	C
177	0.00976	0.00998	C
178	0.00691	0.00967	T
179	0.05694	0.05893	C
180	0.03212	0.03462	A
181	0.04484	0.04513	A
182	0.05343	0.0536	C
183	0.04469	0.04569	C
184	0.00391	0.00512	G
185	0.02072	0.02072	C
186	0.01503	0.01528	C
187	0.00271	0.00275	T
188	0.00347	0.00348	T
189	0.00487	0.0049	T
190	0.00574	0.00574	T
191	0.01557	0.02076	C
192	0.02186	0.02241	A
193	0.00765	0.00818	T
194	0.02363	0.02406	C
195	0.02268	0.02318	A
196	0.03231	0.03366	A
197	0.01956	0.02074	T
198	0.06305	0.0647	C
199	0.0107	0.01122	G
200	0.04514	0.04525	C
201	0.04618	0.0462	C
202	0.04235	0.04272	C
203	0.02866	0.03323	A
204	0.05105	0.05238	C
205	0.03457	0.0371	A
206	0.01569	0.01763	T
207	0.04824	0.04921	C
208	0.03508	0.03628	A
209	0.04989	0.05173	C
210	0.01054	0.01077	T
211	0.03562	0.0358	C
212	0.00473	0.00494	G
213	0.01277	0.01397	A
214	0.00324	0.00334	G
215	0.01315	0.01334	A
216	0.01529	0.01556	C
217	0.00374	0.00385	G
218	0.00313	0.00394	T
219	0.01017	0.01024	A
220	0.02347	0.02352	A
221	0.02543	0.02556	A
222	0.00639	0.00643	T
223	0.00746	0.00756	T
224	0.01981	0.04133	A
225	0.00622	0.00638	T
226	0.00255	0.00265	G
227	0.00208	0.00213	G
228	0.01096	0.01127	C
229	0.00421	0.00426	T
230	0.00427	0.0048	G
231	0.02182	0.02227	A
232	0.02603	0.02611	A
233	0.01327	0.01491	T
234	0.04048	0.04201	C
235	0.02872	0.03146	A
236	0.01351	0.01471	T
237	0.06503	0.06594	C
238	0.09268	0.09521	C
239	0.00522	0.00759	G
240	0.04631	0.0515	C
241	0.01999	0.02086	T
242	0.0459	0.04654	A
243	0.0472	0.04728	C
244	0.03133	0.03247	C
245	0.00672	0.00682	T
246	0.00849	0.00898	T
247	0.01911	0.02086	C
248	0.02403	0.02729	A
249	0.0494	0.04971	C
250	0.00306	0.00327	G
251	0.00635	0.00636	C
252	0.00579	0.00584	C
253	0.01864	0.01881	A
254	0.034	0.0342	A
255	0.00748	0.00769	T
256	0.00341	0.00344	G
257	0.00256	0.00265	G
258	0.00933	0.00969	C
259	0.00394	0.00406	G
260	0.0229	0.02294	C
261	0.01006	0.01022	C
262	0.00417	0.00485	T
263	0.01309	0.01327	C
264	0.03027	0.03079	A
265	0.02636	0.02682	A
266	0.00907	0.00923	T
267	0.03986	0.04132	A
268	0.00961	0.00963	T
269	0.01339	0.01351	T
270	0.04656	0.0622	C
271	0.00795	0.00796	T
272	0.0102	0.0102	T
273	0.01126	0.0113	T
274	0.03336	0.03699	A
275	0.0095	0.0102	T
276	0.05145	0.05241	C
277	0.01063	0.01082	T
278	0.00338	0.00381	G
279	0.01578	0.01583	C
280	0.00457	0.00472	C
281	0.0027	0.00325	T
282	0.01087	0.0115	C
283	0.00481	0.00482	T
284	0.0054	0.00552	T
285	0.01205	0.01208	C
286	0.0071	0.00723	C
287	0.00675	0.00758	T
288	0.04204	0.04311	A
289	0.05962	0.06086	C
290	0.036	0.03832	A
291	0.063	0.06534	C
292	0.03464	0.03632	A
293	0.01098	0.01188	T
294	0.04635	0.04912	C
295	0.00226	0.00227	G
296	0.00165	0.00165	G
297	0.00245	0.00245	G
298	0.21181	0.23768	C
299	0.00253	0.00301	G
300	0.01039	0.01219	A
301	0.00249	0.0025	G
302	0.00231	0.00233	G
303	0.01155	0.01156	C
304	0.04045	0.04065	C
305	0.00752	0.00786	T
306	0.02092	0.02118	A
307	0.00818	0.00824	T
308	0.03622	0.03684	A
309	0.01109	0.01109	T
310	0.01179	0.01219	T
311	0.0243	0.04303	A
312	0.06269	0.06419	C
313	0.00724	0.00732	G
314	0.00429	0.00435	G
315	0.02926	0.03708	A
316	0.01382	0.01468	T
317	0.04055	0.04135	C
318	0.04227	0.04576	A
319	0.00628	0.00638	T
320	0.01021	0.0103	T
321	0.01525	0.0153	T
322	0.03703	0.0399	C
323	0.01011	0.01036	T
324	0.04652	0.04725	C
325	0.01147	0.01181	T
326	0.03924	0.04158	A
327	0.04921	0.05	C
328	0.01055	0.01278	T
329	0.04178	0.04328	C
330	0.03134	0.03314	A
331	0.00788	0.00857	G
332	0.02996	0.03005	A
333	0.03279	0.03287	A
334	0.0415	0.04221	A
335	0.04774	0.04821	C
336	0.02623	0.02649	C
337	0.00775	0.00906	T
338	0.00445	0.00577	G
339	0.03906	0.03929	A
340	0.04139	0.04145	A
341	0.03608	0.03614	A
342	0.04725	0.05096	C
343	0.03611	0.03697	A
344	0.01499	0.01673	T
345	0.04814	0.04918	C
346	0.00599	0.00609	G
347	0.00349	0.00352	G
348	0.04823	0.04875	C
349	0.03708	0.03745	A
350	0.01339	0.01352	T
351	0.01042	0.01058	T
352	0.01474	0.03691	A
353	0.01066	0.01136	T
354	0.04078	0.04189	C
355	0.03616	0.03666	C
356	0.00788	0.01002	T
357	0.04704	0.0471	C
358	0.02929	0.03103	C
359	0.0083	0.00913	T
360	0.00284	0.00318	G
361	0.03045	0.03196	C
362	0.00635	0.00639	T
363	0.00789	0.00811	T
364	0.00286	0.00393	G
365	0.03723	0.04027	C
366	0.0328	0.03306	A
367	0.04598	0.04602	A
368	0.04088	0.04187	C
369	0.00892	0.00913	T
370	0.02779	0.0343	A
371	0.01034	0.01059	T
372	0.0331	0.0337	A
373	0.00346	0.00415	G
374	0.02809	0.02934	C
375	0.02973	0.02979	A
376	0.03103	0.03184	A
377	0.04915	0.05081	C
378	0.02128	0.02246	A
379	0.0024	0.00248	G
380	0.01099	0.011	C
381	0.00551	0.00553	C
382	0.00262	0.00265	T
383	0.00812	0.00817	T
384	0.04694	0.04914	C
385	0.04059	0.04332	A
386	0.01034	0.01193	T
387	0.01777	0.02011	A
388	0.00188	0.00192	G
389	0.00223	0.00224	G
390	0.00728	0.00768	C
391	0.00323	0.00327	T
392	0.04634	0.04684	A
393	0.00951	0.00959	T
394	0.00374	0.00388	G
395	0.00763	0.00786	T
396	0.01663	0.01666	C
397	0.01541	0.01547	C
398	0.00554	0.00734	T
399	0.02155	0.02157	C
400	0.0468	0.0468	C
401	0.0421	0.04228	C
402	0.00329	0.00511	G
403	0.01316	0.01434	T
404	0.00278	0.0032	G
405	0.01816	0.01956	A
406	0.00249	0.00249	G
407	0.0025	0.00253	G
408	0.03618	0.03627	C
409	0.02853	0.0286	C
410	0.01718	0.01723	A
411	0.02846	0.02848	A
412	0.02879	0.02891	A
413	0.01071	0.01196	T
414	0.03734	0.03779	A
415	0.01178	0.01243	T
416	0.04686	0.04809	C
417	0.0405	0.04146	A
418	0.00994	0.00995	T
419	0.00901	0.00931	T
420	0.03159	0.03644	C
421	0.00998	0.01009	T
422	0.00349	0.00494	G
423	0.04628	0.04745	A
424	0.00404	0.00404	G
425	0.00313	0.00314	G
426	0.00352	0.00353	G
427	0.00466	0.00468	G
428	0.01602	0.01606	C
429	0.03235	0.03302	C
430	0.03374	0.04102	A
431	0.04255	0.0427	C
432	0.01925	0.01991	A
433	0.00417	0.00434	G
434	0.00576	0.0062	T
435	0.01205	0.01207	A
436	0.01864	0.01872	A
437	0.00871	0.00882	T
438	0.01136	0.01156	T
439	0.01514	0.03353	A
440	0.06693	0.06931	C
441	0.0378	0.03788	A
442	0.03235	0.03252	A
443	0.02656	0.02706	A
444	0.05862	0.06287	C
445	0.00781	0.00809	T
446	0.00736	0.00746	T
447	0.01442	0.02849	A
448	0.03291	0.03386	C
449	0.00708	0.00745	T
450	0.03924	0.0427	A
451	0.00971	0.01095	T
452	0.05505	0.05595	C
453	0.06165	0.06265	C
454	0.00414	0.0064	G
455	0.03938	0.0394	C
456	0.02302	0.02313	C
457	0.03348	0.04447	A
458	0.01348	0.01446	T
459	0.02335	0.02342	C
460	0.018	0.01804	C
461	0.01762	0.01782	C
462	0.0086	0.0299	A
463	0.01043	0.01101	T
464	0.03527	0.03569	A
465	0.05505	0.05562	C
466	0.03986	0.0403	A
467	0.00936	0.00945	T
468	0.00739	0.00748	T
469	0.00224	0.00225	G
470	0.0016	0.0016	G
471	0.00134	0.00135	G
472	0.9246	0.93221	A
473	0.03033	0.0308	C
474	0.02631	0.0294	A
475	0.00477	0.00489	G
476	0.0263	0.02654	A
477	0.05766	0.05774	C
478	0.04308	0.04315	C
479	0.00806	0.00837	T
480	0.03039	0.03175	A
481	0.00488	0.00497	G
482	0.00758	0.00761	T
483	0.0105	0.01051	T
484	0.05153	0.05257	C
485	0.03294	0.0331	A
486	0.03018	0.03027	A
487	0.00794	0.00808	T
488	0.00373	0.00398	G
489	0.01342	0.01355	A
490	0.01234	0.01267	A
491	0.00381	0.00391	T
492	0.01183	0.01199	C
493	0.00376	0.00381	T
494	0.00252	0.00277	G
495	0.01533	0.01565	A
496	0.00264	0.00264	G
497	0.00244	0.00257	G
498	0.02547	0.03367	A
499	0.00202	0.00202	G
500	0.00259	0.00261	G
501	0.01851	0.01973	C
502	0.004	0.00413	T
503	0.02523	0.02598	A
504	0.02953	0.02961	C
505	0.00815	0.01048	T
506	0.02883	0.02906	C
507	0.04644	0.04741	A
508	0.00537	0.00545	G
509	0.0149	0.01605	T
510	0.03241	0.03338	A
511	0.00418	0.0043	G
512	0.03411	0.03467	A
513	0.06474	0.0652	C
514	0.02693	0.02821	A
515	0.00403	0.00458	G
516	0.01273	0.01379	T
517	0.02774	0.02784	C
518	0.01968	0.01978	C
519	0.02021	0.02049	C
520	0.0367	0.05247	A
521	0.05043	0.05047	C
522	0.0055	0.00551	C
523	0.00572	0.00587	C
524	0.00549	0.00978	T
525	0.00981	0.01	C
526	0.0226	0.02754	A
527	0.06957	0.07072	C
528	0.03612	0.03669	A
529	0.05458	0.05533	C
530	0.00314	0.00331	G
531	0.01359	0.01379	A
532	0.00383	0.00387	T
533	0.00441	0.00445	T
534	0.01342	0.01622	C
535	0.00624	0.00626	T
536	0.00964	0.00969	T
537	0.01544	0.01556	T
538	0.04444	0.05373	A
539	0.06834	0.06865	C
540	0.04497	0.04522	C
541	0.0049	0.00496	T
542	0.01289	0.01307	T
543	0.01942	0.01947	T
544	0.04861	0.05282	C
545	0.03594	0.03765	A
546	0.05476	0.05596	C
547	0.00983	0.01039	T
548	0.01049	0.01161	T
549	0.04511	0.0495	C
550	0.04547	0.04776	A
551	0.00981	0.01065	T
552	0.03352	0.03446	C
553	0.00947	0.00951	T
554	0.0185	0.01879	T
555	0.00526	0.00664	G
556	0.05546	0.05587	C
557	0.02124	0.02142	C
558	0.01782	0.01792	C
559	0.00648	0.0066	T
560	0.01136	0.01143	T
561	0.03418	0.03658	C
562	0.02966	0.03015	A
563	0.01173	0.01176	T
564	0.00811	0.00824	T
565	0.01638	0.03226	A
566	0.00973	0.00973	T
567	0.00983	0.00996	T
568	0.00571	0.01074	G
569	0.03974	0.04473	C
570	0.05308	0.0577	A
571	0.00684	0.0075	G
572	0.03139	0.03148	C
573	0.02954	0.02976	C
574	0.0263	0.02641	C
575	0.00938	0.00992	T
576	0.05517	0.0568	A
577	0.00419	0.00546	G
578	0.03399	0.03479	C
579	0.03836	0.03879	A
580	0.87099	0.87183	A
581	0.05147	0.05203	C
582	0.03483	0.04019	A
583	0.06526	0.06629	C
584	0.01399	0.01545	T
585	0.04562	0.04569	C
586	0.03959	0.04033	C
587	0.02913	0.03509	A
588	0.06064	0.06067	C
589	0.04169	0.04323	C
590	0.00836	0.01009	T
591	0.05134	0.05136	C
592	0.02537	0.02695	C
593	0.00881	0.00929	T
594	0.03215	0.03526	A
595	0.00875	0.00876	T
596	0.00809	0.00815	T
597	0.03157	0.03776	C
598	0.0101	0.0101	T
599	0.01123	0.0113	T
600	0.00435	0.0063	G
601	0.04451	0.04545	C
602	0.03851	0.03906	A
603	0.05708	0.05782	C
604	0.00593	0.00675	G
605	0.02397	0.02419	A
606	0.03009	0.03041	A
607	0.03516	0.03531	A
608	0.051	0.05453	C
609	0.00308	0.00311	G
610	0.00225	0.00232	G
611	0.00274	0.00303	G
612	0.02282	0.02667	A
613	0.00928	0.01067	T
614	0.05022	0.05141	C
615	0.03946	0.03974	A
616	0.0345	0.03533	A
617	0.03426	0.03445	A
618	0.0865	0.09321	C
619	0.03091	0.03094	A
620	0.0283	0.037	A
621	0.03595	0.03621	C
622	0.02472	0.02548	C
623	0.02196	0.02209	C
624	0.02669	0.02672	C
625	0.02487	0.0249	C
626	0.00718	0.00743	T
627	0.03996	0.04048	A
628	0.002	0.00204	G
629	0.00315	0.00326	G
630	0.01622	0.01628	A
631	0.02436	0.02447	A
632	0.00956	0.01057	T
633	0.04858	0.0491	C
634	0.03674	0.03746	A
635	0.0636	0.06369	C
636	0.03732	0.038	C
637	0.01031	0.01312	T
638	0.05234	0.05238	C
639	0.04793	0.04794	C
640	0.03123	0.03181	C
641	0.03404	0.03783	A
642	0.00816	0.00825	T
643	0.00564	0.0057	T
644	0.03075	0.03084	C
645	0.03688	0.03702	C
646	0.00762	0.0097	G
647	0.03438	0.03501	A
648	0.02365	0.02476	T
649	0.0258	0.02604	A
650	0.01648	0.01659	A
651	0.02744	0.02753	A
652	0.04163	0.04241	A
653	0.01459	0.01813	T
654	0.04437	0.0455	C
655	0.03817	0.03866	A
656	0.108	0.10832	C
657	0.03975	0.04009	C
658	0.01051	0.01197	T
659	0.0148	0.01518	T
660	0.0586	0.05882	C
661	0.04465	0.04589	C
662	0.01912	0.03663	A
663	0.11702	0.1171	C
664	0.03507	0.03511	C
665	0.02542	0.02608	C
666	0.01023	0.01061	T
667	0.00896	0.00925	T
668	0.01964	0.0351	A
669	0.05247	0.05369	C
670	0.01139	0.01281	T
671	0.05262	0.05476	A
672	0.06028	0.06243	C
673	0.02315	0.02438	A
674	0.0611	0.06374	C
675	0.0281	0.02816	A
676	0.04381	0.04441	A
677	0.01368	0.01513	T
678	0.05497	0.05578	C
679	0.02946	0.02957	A
680	0.03413	0.03527	A
681	0.04058	0.04161	A
682	0.00678	0.00767	G
683	0.04261	0.04401	A
684	0.05554	0.05724	C
685	0.00983	0.01026	G
686	0.02101	0.02103	C
687	0.0118	0.01181	C
688	0.03687	0.03703	C
689	0.00998	0.01168	T
690	0.05764	0.05809	C
691	0.00379	0.00427	G
692	0.00394	0.00398	G
693	0.01649	0.01696	C
694	0.00964	0.00973	T
695	0.01027	0.0104	T
696	0.02103	0.03306	A
697	0.05904	0.05973	C
698	0.01046	0.01051	T
699	0.01325	0.01337	T
700	0.03445	0.04296	C
701	0.00988	0.01082	T
702	0.05309	0.05695	C
703	0.01391	0.01393	T
704	0.01246	0.01288	T
705	0.04963	0.04982	C
706	0.04667	0.04774	C
707	0.01145	0.0117	T
708	0.02441	0.02463	T
709	0.04695	0.05583	C
710	0.01072	0.01204	T
711	0.05149	0.0547	C
712	0.01377	0.01435	T
713	0.04085	0.04086	C
714	0.02858	0.02987	C
715	0.00798	0.00801	T
716	0.01121	0.0113	T
717	0.02021	0.02112	A
718	0.03289	0.03305	A
719	0.01219	0.01327	T
720	0.86928	0.8721	G
721	0.03018	0.03221	A
722	0.05092	0.05466	C
723	0.03441	0.03499	A
724	0.01235	0.01253	T
725	0.01598	0.01659	T
726	0.03034	0.03076	A
727	0.02822	0.02884	A
728	0.05408	0.05626	C
729	0.04974	0.05018	A
730	0.0591	0.0608	C
731	0.00668	0.00707	T
732	0.03867	0.04068	A
733	0.00887	0.00895	T
734	0.01205	0.01221	T
735	0.04152	0.04648	C
736	0.01446	0.01664	T
737	0.03857	0.04053	C
738	0.02829	0.03022	A
739	0.06708	0.0671	C
740	0.02545	0.02601	C
741	0.03438	0.05764	A
742	0.00666	0.00746	G
743	0.03739	0.03772	A
744	0.05401	0.05419	C
745	0.02796	0.02855	C
746	0.00736	0.0086	T
747	0.04037	0.0404	C
748	0.0132	0.01388	C
749	0.00612	0.00648	T
750	0.02245	0.02468	A
751	0.00218	0.00221	G
752	0.00281	0.00288	G
753	0.02721	0.02792	C
754	0.00614	0.00767	G
755	0.03034	0.03381	A
756	0.05836	0.0586	C
757	0.04024	0.04043	C
758	0.04126	0.04144	C
759	0.02054	0.04112	A
760	0.00545	0.00571	G
761	0.03552	0.03575	A
762	0.06524	0.0661	C
763	0.02053	0.02061	A
764	0.02658	0.02676	A
765	0.01206	0.01215	T
766	0.01196	0.01225	T
767	0.02289	0.04358	A
768	0.02794	0.03093	T
769	0.04462	0.0486	A
770	0.06677	0.06806	C
771	0.0292	0.02927	C
772	0.01018	0.01033	C
773	0.00964	0.01035	T
774	0.02998	0.0313	A
775	0.00694	0.00744	G
776	0.07017	0.07043	C
777	0.04448	0.04565	C
778	0.02198	0.02275	A
779	0.02684	0.02981	A
780	0.05205	0.05242	C
781	0.0466	0.04718	C
782	0.03231	0.03266	C
783	0.03123	0.03146	C
784	0.00796	0.00821	T
785	0.00955	0.00978	T
786	0.02604	0.02654	A
787	0.03312	0.03338	A
788	0.04455	0.045	A
789	0.06193	0.06823	C
790	0.03405	0.0374	A
791	0.07921	0.07941	C
792	0.04623	0.04632	C
793	0.03543	0.03549	C
794	0.03336	0.03376	C
795	0.01453	0.01806	T
796	0.04265	0.0427	C
797	0.04005	0.04007	C
798	0.03834	0.03835	C
799	0.03923	0.0396	C
800	0.02129	0.02405	A
801	0.04083	0.0415	C
802	0.03125	0.03249	A
803	0.01186	0.01298	T
804	0.04675	0.04736	C
805	0.03381	0.03402	A
806	0.04931	0.05103	A
807	0.0069	0.00853	G
808	0.05528	0.05535	C
809	0.03355	0.03358	C
810	0.04256	0.04258	C
811	0.00963	0.01168	G
812	0.0212	0.02132	A
813	0.02587	0.02609	A
814	0.00897	0.00921	T
815	0.00386	0.00476	G
816	0.0285	0.02905	A
817	0.00902	0.00913	T
818	0.03405	0.03484	A
819	0.0053	0.00532	T
820	0.01159	0.01172	T
821	0.00915	0.00918	T
822	0.05769	0.05794	C
823	0.0377	0.03784	C
824	0.00924	0.00984	T
825	0.04333	0.04778	A
826	0.00882	0.00884	T
827	0.01098	0.01127	T
828	0.04108	0.04915	C
829	0.00591	0.00627	G
830	0.06141	0.0615	C
831	0.02344	0.02365	C
832	0.00869	0.00978	T
833	0.03581	0.03673	A
834	0.05799	0.05982	C
835	0.03302	0.0341	A
836	0.06764	0.06958	C
837	0.0318	0.03191	A
838	0.04541	0.04576	A
839	0.01138	0.01158	T
840	0.01238	0.01246	T
841	0.04336	0.05584	C
842	0.0124	0.01299	T
843	0.05891	0.05895	C
844	0.04697	0.04732	C
845	0.00714	0.01201	G
846	0.0359	0.03714	A
847	0.01136	0.01168	T
848	0.05226	0.05237	C
849	0.03337	0.03375	C
850	0.00484	0.00771	G
851	0.00976	0.01112	T
852	0.02485	0.02491	C
853	0.02837	0.02845	C
854	0.01804	0.01813	C
855	0.00854	0.00922	T
856	0.02165	0.02202	A
857	0.02741	0.02766	A
858	0.07805	0.07935	C
859	0.03005	0.03028	A
860	0.03106	0.03107	A
861	0.04178	0.04215	A
862	0.03972	0.04241	C
863	0.00409	0.00414	T
864	0.01161	0.01192	A
865	0.0015	0.00156	G
866	0.00179	0.00183	G
867	0.02606	0.03189	A
868	0.00235	0.00236	G
869	0.00213	0.00219	G
870	0.02014	0.02066	C
871	0.00567	0.00582	G
872	0.00925	0.0099	T
873	0.04703	0.04708	C
874	0.03996	0.04005	C
875	0.00962	0.00974	T
876	0.0166	0.01673	T
877	0.00572	0.00738	G
878	0.05852	0.05866	C
879	0.0438	0.04391	C
880	0.03713	0.03722	C
881	0.00822	0.00882	T
882	0.03195	0.03363	A
883	0.01642	0.01651	T
884	0.01498	0.01556	T
885	0.03766	0.07202	A
886	0.05139	0.05293	C
887	0.0107	0.01142	T
888	0.03698	0.03948	A
889	0.01589	0.0168	T
890	0.06174	0.06231	C
891	0.03278	0.03336	C
892	0.02509	0.03491	A
893	0.01635	0.01731	T
894	0.04792	0.04816	C
895	0.04278	0.04378	C
896	0.01221	0.016	T
897	0.04041	0.04324	C
898	0.02274	0.0351	A
899	0.01424	0.01501	T
900	0.04724	0.04748	C
901	0.02723	0.02811	C
902	0.01132	0.01201	T
903	0.04264	0.04367	A
904	0.00448	0.00503	G
905	0.07027	0.07137	C
906	0.03411	0.0345	A
907	0.03579	0.03646	A
908	0.01612	0.01695	T
909	0.03257	0.03272	A
910	0.0298	0.03545	A
911	0.02481	0.027	T
912	0.05781	0.05974	C
913	0.07441	0.07473	C
914	0.04792	0.04815	C
915	0.03201	0.03227	C
916	0.02946	0.04041	A
917	0.01544	0.01668	T
918	0.04695	0.04716	C
919	0.03192	0.03262	C
920	0.01097	0.01327	T
921	0.04564	0.04573	C
922	0.04054	0.04126	C
923	0.02105	0.02759	A
924	0.01329	0.01374	T
925	0.03393	0.03554	A
926	0.01127	0.01311	T
927	0.03131	0.03273	A
928	0.01635	0.01774	T
929	0.05052	0.05151	C
930	0.04888	0.04975	C
931	0.01509	0.01544	A
932	0.02561	0.02584	A
933	0.02438	0.0245	A
934	0.10389	0.11389	C
935	0.02487	0.02495	A
936	0.02571	0.02609	A
937	0.11928	0.12444	C
938	0.02511	0.02512	A
939	0.02417	0.02418	A
940	0.03483	0.03537	A
941	0.00727	0.00853	G
942	0.05163	0.05237	C
943	0.03176	0.03227	A
944	0.0139	0.01475	T
945	0.03334	0.03335	A
946	0.03056	0.033	A
947	0.01219	0.01271	T
948	0.03867	0.04036	A
949	0.00503	0.00505	T
950	0.01045	0.01049	T
951	0.01769	0.01775	T
952	0.05466	0.05799	C
953	0.01472	0.0153	G
954	0.06609	0.06614	C
955	0.04112	0.04115	C
956	0.03345	0.03377	C
957	0.02119	0.02715	A
958	0.03567	0.03652	C
959	0.00947	0.01052	T
960	0.02025	0.02054	A
961	0.03983	0.04141	A
962	0.00405	0.00497	G
963	0.04839	0.04851	C
964	0.04567	0.04576	C
965	0.01747	0.01765	A
966	0.03067	0.03118	A
967	0.01469	0.01625	T
968	0.0381	0.03841	C
969	0.03413	0.03464	A
970	0.0522	0.05398	C
971	0.00773	0.00786	T
972	0.01091	0.01096	T
973	0.00941	0.00948	T
974	0.02993	0.03413	A
975	0.01065	0.01065	T
976	0.01297	0.01304	T
977	0.00573	0.00706	G
978	0.04314	0.0448	A
979	0.04093	0.04152	C
980	0.01276	0.0132	T
981	0.05398	0.05423	C
982	0.02199	0.02368	C
983	0.01315	0.01402	T
984	0.04454	0.04962	A
985	0.00565	0.00602	G
986	0.05618	0.05627	C
987	0.05184	0.05203	C
988	0.0057	0.00915	G
989	0.05142	0.05321	C
990	0.04025	0.04414	A
991	0.00513	0.0053	G
992	0.0359	0.03678	A
993	0.00745	0.00749	C
994	0.00586	0.00597	C
995	0.00214	0.00244	T
996	0.00396	0.00396	C
997	0.00389	0.00399	C
998	0.0053	0.00619	T
999	0.04183	0.04237	C
1000	0.01378	0.01714	A
1001	0.00352	0.00353	T
1002	0.00492	0.005	T
1003	0.02765	0.03788	C
1004	0.01412	0.01507	T
1005	0.03408	0.03492	A
1006	0.03842	0.03871	A
1007	0.07057	0.07082	C
1008	0.03744	0.03787	C
1009	0.00742	0.00816	T
1010	0.00548	0.00567	G
1011	0.01082	0.01097	A
1012	0.01186	0.01194	A
1013	0.00401	0.00419	T
1014	0.08337	0.08365	C
1015	0.00223	0.00228	G
1016	0.00174	0.00179	G
1017	0.00735	0.00809	A
1018	0.00258	0.00259	G
1019	0.00289	0.00296	G
1020	0.02566	0.04177	A
1021	0.04791	0.05243	C
1022	0.0385	0.03851	A
1023	0.04054	0.0408	A
1024	0.05546	0.05552	C
1025	0.03779	0.0378	C
1026	0.03277	0.04223	A
1027	0.00623	0.00649	G
1028	0.00731	0.00993	T
1029	0.04303	0.04307	A
1030	0.04753	0.0481	A
1031	0.00292	0.0031	G
1032	0.00938	0.01022	C
1033	0.00457	0.00564	T
1034	0.01376	0.01429	A
1035	0.02179	0.022	C
1036	0.02273	0.0229	C
1037	0.02723	0.0274	C
1038	0.0051	0.00515	T
1039	0.00921	0.00927	T
1040	0.01167	0.01174	T
1041	0.01705	0.01712	T
1042	0.03925	0.05099	A
1043	0.05274	0.05295	C
1044	0.0269	0.02712	C
1045	0.02185	0.0247	A
1046	0.01595	0.01667	T
1047	0.04245	0.04313	C
1048	0.03678	0.0381	A
1049	0.01332	0.01335	T
1050	0.01366	0.0139	T
1051	0.00267	0.00273	G
1052	0.00264	0.00269	G
1053	0.02803	0.04072	A
1054	0.06032	0.06081	C
1055	0.03579	0.03582	A
1056	0.04884	0.04949	A
1057	0.00353	0.0038	G
1058	0.00315	0.00372	T
1059	0.01322	0.01347	A
1060	0.02014	0.02121	G
1061	0.01353	0.01499	C
1062	0.06102	0.06293	A
1063	0.00897	0.00983	T
1064	0.03605	0.03613	C
1065	0.04104	0.04123	C
1066	0.00611	0.01039	G
1067	0.01165	0.01227	T
1068	0.05001	0.05034	A
1069	0.0453	0.04629	C
1070	0.00984	0.01056	T
1071	0.03819	0.04028	A
1072	0.01191	0.01274	T
1073	0.03281	0.03414	A
1074	0.04928	0.05237	C
1075	0.01141	0.01162	T
1076	0.01629	0.01675	T
1077	0.0463	0.04935	C
1078	0.03015	0.03132	A
1079	0.06625	0.07203	C
1080	0.02866	0.02925	A
1081	0.03523	0.03589	A
1082	0.07124	0.07537	C
1083	0.02711	0.02734	A
1084	0.03388	0.03512	A
1085	0.01452	0.0161	T
1086	0.05081	0.05103	C
1087	0.03525	0.03593	C
1088	0.01238	0.01493	T
1089	0.01499	0.01638	A
1090	0.02942	0.03032	A
1091	0.01305	0.01399	T
1092	0.04973	0.05017	C
1093	0.03077	0.03142	C
1094	0.00977	0.01069	T
1095	0.033	0.03407	A
1096	0.0244	0.02593	A
1097	0.01584	0.01793	T
1098	0.02783	0.02871	A
1099	0.06942	0.07094	C
1100	0.0432	0.04369	C
1101	0.0188	0.01893	A
1102	0.04088	0.04121	A
1103	0.03521	0.03654	C
1104	0.00825	0.00859	T
1105	0.03331	0.03509	A
1106	0.0195	0.02018	T
1107	0.04298	0.04467	C
1108	0.02062	0.02182	T
1109	0.03035	0.03071	C
1110	0.03072	0.03074	C
1111	0.02048	0.02091	C
1112	0.0121	0.01295	T
1113	0.01773	0.0181	A
1114	0.02627	0.02659	A
1115	0.00963	0.00967	T
1116	0.00928	0.00964	T
1117	0.01207	0.01322	G
1118	0.01565	0.01573	A
1119	0.01151	0.01157	A
1120	0.01547	0.01554	A
1121	0.01546	0.0157	A
1122	0.11021	0.13928	C
1123	0.01408	0.01409	A
1124	0.008	0.008	A
1125	0.01442	0.01442	A
1126	0.01376	0.0138	A
1127	0.01223	0.01457	T
1128	0.02978	0.03013	A
1129	0.0405	0.0411	C
1130	0.00654	0.00679	T
1131	0.02553	0.02598	C
1132	0.00391	0.00396	A
1133	0.01171	0.01173	A
1134	0.02243	0.02243	A
1135	0.03942	0.041	T
1136	0.01207	0.01209	G
1137	0.00576	0.00576	G
1138	0.00401	0.00401	G
1139	0.0555	0.0555	C
1140	0.02263	0.02263	C
1141	0.00038	0.00038	T
1142	0.0	0.0	A
1143	0.0	0.0	A
