Position	Mismatches	Mismatches + Deletions	Base
1	0.0	0.0	A
2	0.0	0.0	T
3	0.0	0.0	G
4	0.02502	0.02502	A
5	0.00689	0.00689	T
6	0.00467	0.0047	G
7	0.0054	0.00687	T
8	0.02985	0.03054	A
9	0.00816	0.00824	T
10	0.00393	0.00407	G
11	0.04768	0.04813	C
12	0.00662	0.00667	T
13	0.00854	0.00868	T
14	0.00915	0.00918	T
15	0.00525	0.00629	G
16	0.00538	0.00538	T
17	0.0103	0.0103	T
18	0.01139	0.01144	T
19	0.04084	0.04347	C
20	0.01258	0.01265	T
21	0.00559	0.0079	G
22	0.0106	0.0106	T
23	0.01129	0.01141	T
24	0.00449	0.00491	G
25	0.03673	0.03767	A
26	0.00685	0.00693	G
27	0.01008	0.01105	T
28	0.00852	0.00971	G
29	0.01021	0.0121	T
30	0.00559	0.00559	G
31	0.0049	0.0049	G
32	0.00603	0.00605	G
33	0.00731	0.00734	T
34	0.01047	0.01048	T
35	0.0105	0.0106	T
36	0.03685	0.04232	A
37	0.00644	0.00668	G
38	0.01089	0.01186	T
39	0.04305	0.04337	A
40	0.04906	0.04992	A
41	0.01269	0.0134	T
42	0.00631	0.00645	G
43	0.00467	0.00469	G
44	0.00457	0.00457	G
45	0.00717	0.0072	G
46	0.00627	0.00638	T
47	0.01281	0.01288	T
48	0.01151	0.0116	T
49	0.00732	0.00854	G
50	0.01088	0.01283	T
51	0.00888	0.00892	G
52	0.00446	0.00447	G
53	0.00544	0.00544	G
54	0.00933	0.00944	G
55	0.00563	0.00579	T
56	0.00459	0.00462	T
57	0.00906	0.00907	T
58	0.00946	0.00951	T
59	0.03062	0.03952	C
60	0.00815	0.00815	T
61	0.0075	0.00759	T
62	0.01311	0.01759	C
63	0.00396	0.00459	T
64	0.00787	0.0084	A
65	0.01589	0.01603	A
66	0.0039	0.00423	G
67	0.01206	0.01209	C
68	0.00892	0.009	C
69	0.00479	0.00486	T
70	0.00733	0.00747	T
71	0.01438	0.01994	C
72	0.00714	0.00758	T
73	0.0382	0.03822	C
74	0.02349	0.02473	C
75	0.00814	0.00852	T
76	0.03688	0.04007	A
77	0.01014	0.01014	T
78	0.01132	0.01133	T
79	0.0106	0.01074	T
80	0.02089	0.02357	A
81	0.01166	0.01213	T
82	0.00327	0.00341	G
83	0.00252	0.00254	G
84	0.00263	0.00264	G
85	0.00344	0.00345	G
86	0.00534	0.00536	G
87	0.0045	0.00456	T
88	0.00429	0.0043	T
89	0.00392	0.00396	T
90	0.01499	0.01656	A
91	0.00429	0.00438	G
92	0.0087	0.00967	T
93	0.0371	0.03782	A
94	0.01138	0.01139	T
95	0.01147	0.01153	T
96	0.00561	0.00628	G
97	0.04256	0.04352	A
98	0.01177	0.01185	T
99	0.01173	0.01196	T
100	0.00712	0.00943	G
101	0.00958	0.00959	T
102	0.01292	0.01304	T
103	0.04072	0.05265	A
104	0.00775	0.00811	G
105	0.0478	0.04847	C
106	0.00986	0.00988	G
107	0.00675	0.00724	G
108	0.00785	0.00829	T
109	0.00986	0.01043	G
110	0.01226	0.01331	T
111	0.00892	0.00892	G
112	0.00606	0.00637	G
113	0.01208	0.01333	T
114	0.05491	0.0559	C
115	0.01071	0.01075	G
116	0.00631	0.00639	G
117	0.00672	0.00686	G
118	0.00816	0.01001	T
119	0.00684	0.00731	G
120	0.01084	0.01168	T
121	0.00708	0.00745	G
122	0.01039	0.0104	T
123	0.01033	0.01051	T
124	0.01763	0.03259	A
125	0.01024	0.01024	T
126	0.01017	0.0104	T
127	0.01674	0.0398	A
128	0.0113	0.0113	T
129	0.01093	0.01108	T
130	0.0406	0.04728	C
131	0.01279	0.01296	T
132	0.01173	0.01283	G
133	0.02407	0.02469	A
134	0.02791	0.02919	A
135	0.00492	0.00495	T
136	0.00699	0.00703	T
137	0.01228	0.0123	T
138	0.01762	0.01764	T
139	0.00873	0.00891	G
140	0.00614	0.00619	G
141	0.0065	0.00651	G
142	0.00721	0.00723	G
143	0.00772	0.00779	G
144	0.03156	0.03806	A
145	0.00834	0.00836	G
146	0.01019	0.01034	G
147	0.00725	0.00738	T
148	0.00974	0.00999	T
149	0.01999	0.02891	A
150	0.01199	0.01234	T
151	0.05988	0.06231	A
152	0.01959	0.02045	T
153	0.00744	0.00755	G
154	0.00704	0.00714	G
155	0.01087	0.011	G
156	0.00856	0.00873	T
157	0.01083	0.01085	T
158	0.00976	0.00991	T
159	0.0297	0.03013	A
160	0.03344	0.03433	A
161	0.01352	0.01389	T
162	0.02339	0.02433	A
163	0.00934	0.01131	G
164	0.0029	0.00315	T
165	0.00212	0.00227	T
166	0.00281	0.00289	T
167	0.00521	0.00526	T
168	0.00684	0.00688	T
169	0.00467	0.00472	T
170	0.00492	0.0051	T
171	0.01905	0.02088	A
172	0.02369	0.02655	A
173	0.00875	0.00883	T
174	0.00753	0.00757	T
175	0.00748	0.00785	T
176	0.01658	0.02238	A
177	0.00799	0.00799	T
178	0.00911	0.00912	T
179	0.01188	0.01205	T
180	0.04533	0.04838	A
181	0.0139	0.01405	G
182	0.01059	0.01063	G
183	0.01101	0.01105	G
184	0.01195	0.01197	G
185	0.01176	0.01182	G
186	0.03633	0.03673	A
187	0.03002	0.0304	A
188	0.01507	0.01633	T
189	0.00989	0.01314	G
190	0.03565	0.03628	A
191	0.01417	0.01509	T
192	0.00981	0.00987	G
193	0.01693	0.01705	G
194	0.0122	0.01228	T
195	0.00936	0.0096	T
196	0.0141	0.01534	G
197	0.01054	0.01138	T
198	0.00813	0.00859	C
199	0.00971	0.00972	T
200	0.01027	0.01028	T
201	0.00706	0.00709	T
202	0.00681	0.00685	G
203	0.00744	0.00754	G
204	0.00711	0.01026	A
205	0.0073	0.00773	T
206	0.00967	0.01021	A
207	0.01168	0.01235	T
208	0.0291	0.02939	A
209	0.01971	0.0205	C
210	0.00871	0.00924	T
211	0.02661	0.02787	A
212	0.03162	0.03208	C
213	0.01724	0.01807	A
214	0.00736	0.00749	G
215	0.01448	0.01491	C
216	0.01517	0.01609	G
217	0.03641	0.04051	A
218	0.01852	0.02019	T
219	0.01602	0.01607	G
220	0.01135	0.01144	G
221	0.0103	0.01093	C
222	0.01106	0.01157	T
223	0.03023	0.03102	A
224	0.01152	0.01152	T
225	0.0116	0.01191	T
226	0.01151	0.01225	G
227	0.02189	0.02311	A
228	0.00786	0.00787	G
229	0.00878	0.00889	G
230	0.02837	0.03979	A
231	0.01128	0.01146	G
232	0.00626	0.00701	T
233	0.00911	0.00933	A
234	0.00462	0.0087	T
235	0.00681	0.00684	C
236	0.00528	0.00532	C
237	0.01013	0.01088	T
238	0.00687	0.00751	G
239	0.0091	0.00975	A
240	0.01016	0.01016	G
241	0.01252	0.01255	G
242	0.00972	0.00988	C
243	0.0189	0.01952	A
244	0.01546	0.01753	T
245	0.01067	0.011	G
246	0.0136	0.01415	G
247	0.01315	0.01319	G
248	0.01175	0.01177	G
249	0.01347	0.01349	G
250	0.01576	0.01791	T
251	0.04073	0.04174	C
252	0.03771	0.03969	A
253	0.00773	0.0078	G
254	0.00886	0.00889	G
255	0.01329	0.0133	G
256	0.02046	0.02051	G
257	0.01399	0.01422	T
258	0.01122	0.01152	T
259	0.01228	0.01325	G
260	0.03295	0.03391	A
261	0.01169	0.0117	G
262	0.01442	0.0145	G
263	0.01367	0.0141	T
264	0.03441	0.03507	C
265	0.01648	0.01652	T
266	0.01203	0.01222	T
267	0.01266	0.01304	G
268	0.01824	0.01838	G
269	0.00906	0.0094	T
270	0.0101	0.01054	G
271	0.0265	0.02807	A
272	0.01588	0.01623	G
273	0.01129	0.01155	T
274	0.01169	0.01366	G
275	0.00764	0.00766	T
276	0.00946	0.00948	T
277	0.00776	0.00776	T
278	0.01015	0.01019	T
279	0.03087	0.03904	A
280	0.01272	0.0131	G
281	0.01143	0.01319	T
282	0.00927	0.0093	G
283	0.0091	0.0091	G
284	0.01071	0.01072	G
285	0.01862	0.01865	G
286	0.0113	0.01145	T
287	0.02633	0.0268	T
288	0.03008	0.03737	A
289	0.00948	0.00968	G
290	0.03811	0.03925	C
291	0.0133	0.01419	G
292	0.03576	0.03744	A
293	0.01398	0.01499	T
294	0.00968	0.00972	G
295	0.0096	0.01001	G
296	0.02379	0.02772	A
297	0.01033	0.01033	G
298	0.01483	0.01499	G
299	0.01114	0.01196	T
300	0.0322	0.03305	A
301	0.00998	0.01002	G
302	0.01218	0.01233	G
303	0.03517	0.04088	A
304	0.0135	0.01362	T
305	0.01166	0.0117	T
306	0.00885	0.0091	G
307	0.01343	0.01353	G
308	0.00969	0.01002	T
309	0.01127	0.01149	G
310	0.04592	0.04673	C
311	0.0131	0.01357	T
312	0.01137	0.01267	G
313	0.01242	0.01403	T
314	0.00967	0.00984	G
315	0.00922	0.00924	G
316	0.01386	0.01396	G
317	0.00951	0.01088	T
318	0.00982	0.01086	G
319	0.02763	0.02796	A
320	0.03007	0.03023	A
321	0.03715	0.03717	A
322	0.0091	0.00946	G
323	0.0337	0.03396	A
324	0.00955	0.0097	G
325	0.01508	0.01625	T
326	0.03192	0.0323	A
327	0.0121	0.01265	T
328	0.00816	0.0105	G
329	0.05649	0.05761	A
330	0.01332	0.01396	T
331	0.00725	0.00739	G
332	0.00862	0.00871	G
333	0.01286	0.01288	G
334	0.01188	0.01193	G
335	0.01028	0.01403	T
336	0.01193	0.01193	G
337	0.0123	0.01285	G
338	0.00951	0.01064	T
339	0.00916	0.00917	G
340	0.01153	0.01184	G
341	0.01191	0.01203	T
342	0.01317	0.01355	T
343	0.01191	0.01388	G
344	0.0129	0.01422	T
345	0.01109	0.01111	G
346	0.01191	0.01201	G
347	0.01009	0.01066	T
348	0.01892	0.01907	A
349	0.01708	0.01712	A
350	0.01463	0.01467	A
351	0.03083	0.03216	C
352	0.01084	0.01088	T
353	0.00925	0.00926	T
354	0.01004	0.01017	T
355	0.02528	0.02582	A
356	0.02914	0.02921	A
357	0.01198	0.01231	T
358	0.02845	0.02921	A
359	0.00985	0.01036	G
360	0.01044	0.01065	T
361	0.01121	0.01191	G
362	0.0128	0.01362	T
363	0.02878	0.02955	A
364	0.00857	0.00861	G
365	0.01056	0.0107	G
366	0.02439	0.02448	A
367	0.04939	0.04947	A
368	0.00882	0.00955	G
369	0.03094	0.03211	C
370	0.01182	0.01209	T
371	0.00837	0.00938	G
372	0.02332	0.02356	A
373	0.01865	0.01883	A
374	0.01011	0.01353	T
375	0.0222	0.02223	A
376	0.01804	0.02299	A
377	0.01033	0.01046	T
378	0.00995	0.01011	T
379	0.0103	0.01077	T
380	0.02502	0.02932	A
381	0.01142	0.01159	T
382	0.00878	0.01074	G
383	0.0482	0.04834	A
384	0.03814	0.0383	A
385	0.00756	0.00765	G
386	0.00866	0.00882	G
387	0.0297	0.03979	A
388	0.01082	0.01128	G
389	0.04943	0.05351	A
390	0.01048	0.01049	G
391	0.00793	0.00793	G
392	0.00912	0.00912	G
393	0.01106	0.0111	G
394	0.0113	0.01444	T
395	0.05242	0.05332	C
396	0.04649	0.04798	A
397	0.00744	0.0075	G
398	0.00745	0.00747	G
399	0.01103	0.01107	G
400	0.01037	0.01051	T
401	0.01065	0.01076	T
402	0.0107	0.0111	G
403	0.03773	0.03811	A
404	0.01146	0.01147	T
405	0.01149	0.01162	T
406	0.04554	0.04738	C
407	0.01143	0.01145	G
408	0.01126	0.01131	G
409	0.00665	0.00684	G
410	0.04261	0.04904	A
411	0.00937	0.00938	G
412	0.00807	0.0082	G
413	0.0183	0.02774	A
414	0.00855	0.01012	T
415	0.02425	0.02429	C
416	0.02713	0.02726	C
417	0.0098	0.01026	T
418	0.03966	0.04377	A
419	0.01117	0.01117	T
420	0.01297	0.013	T
421	0.00839	0.00847	G
422	0.00798	0.00803	G
423	0.01141	0.01238	T
424	0.01209	0.01346	G
425	0.05272	0.05698	C
426	0.01723	0.01723	G
427	0.00715	0.00716	G
428	0.00851	0.00852	G
429	0.00995	0.00995	G
430	0.00979	0.0098	G
431	0.05165	0.05448	C
432	0.00864	0.0087	T
433	0.00902	0.00906	T
434	0.00819	0.00835	T
435	0.00788	0.00823	G
436	0.00607	0.00668	T
437	0.02942	0.02973	A
438	0.0077	0.00847	T
439	0.00751	0.00806	G
440	0.03701	0.03782	A
441	0.00902	0.00905	T
442	0.01142	0.01184	T
443	0.02525	0.03916	A
444	0.01674	0.01833	T
445	0.00817	0.0083	G
446	0.00808	0.0081	G
447	0.01028	0.01033	G
448	0.03008	0.03478	C
449	0.01944	0.02033	G
450	0.01679	0.01706	T
451	0.01056	0.01072	T
452	0.00762	0.00792	G
453	0.0266	0.02695	A
454	0.01191	0.01195	T
455	0.01081	0.01096	T
456	0.03233	0.04148	A
457	0.00661	0.007	G
458	0.00918	0.00998	T
459	0.03065	0.03129	A
460	0.01044	0.01128	G
461	0.01253	0.01321	T
462	0.03749	0.03859	A
463	0.00953	0.01014	G
464	0.01059	0.01068	T
465	0.01016	0.01054	T
466	0.02085	0.02925	A
467	0.04034	0.04073	C
468	0.01003	0.01117	T
469	0.00816	0.0082	G
470	0.00981	0.00987	G
471	0.01049	0.01054	T
472	0.01087	0.0109	T
473	0.01109	0.01167	G
474	0.02868	0.02901	A
475	0.02635	0.02646	A
476	0.04122	0.04181	C
477	0.03413	0.03439	A
478	0.01134	0.0115	T
479	0.01211	0.01231	T
480	0.00931	0.01136	G
481	0.0086	0.00862	T
482	0.01182	0.01182	T
483	0.01257	0.01272	T
484	0.01069	0.01234	G
485	0.01222	0.01222	T
486	0.01335	0.01339	T
487	0.00959	0.00968	G
488	0.01109	0.01131	G
489	0.00791	0.00805	T
490	0.01156	0.01199	G
491	0.01205	0.01259	T
492	0.01997	0.02068	A
493	0.01224	0.0125	T
494	0.02531	0.02624	A
495	0.0093	0.00964	T
496	0.02909	0.02985	A
497	0.0106	0.0106	T
498	0.01152	0.01162	T
499	0.00768	0.00854	G
500	0.00977	0.01152	T
501	0.03043	0.03107	A
502	0.03515	0.03544	A
503	0.01265	0.01271	T
504	0.01132	0.01141	T
505	0.00774	0.00835	G
506	0.0341	0.03476	A
507	0.0094	0.00953	G
508	0.03704	0.03833	A
509	0.01104	0.0112	T
510	0.01275	0.01283	T
511	0.01118	0.01222	G
512	0.03057	0.0309	C
513	0.01643	0.01746	T
514	0.05054	0.05224	C
515	0.01085	0.01095	G
516	0.00897	0.00902	G
517	0.00817	0.00817	G
518	0.00828	0.00828	G
519	0.00781	0.00781	G
520	0.02725	0.02725	A
521	0.02875	0.02875	A
522	0.01095	0.01095	T
523	0.00201	0.00201	A
524	0.0	0.0	G
525	0.0	0.0	G
