Position	Mismatches	Mismatches + Deletions	Base
1	0.0	0.0	A
2	0.0	0.0	A
3	0.0	0.0	T
4	0.00312	0.00312	G
5	0.04363	0.04765	C
6	0.02562	0.02562	C
7	0.0328	0.0328	C
8	0.02758	0.02758	C
9	0.01745	0.02239	A
10	0.02798	0.02819	A
11	0.03811	0.03906	C
12	0.01005	0.01073	T
13	0.02063	0.02071	A
14	0.03016	0.03031	A
15	0.02713	0.02717	A
16	0.01365	0.01533	T
17	0.04669	0.04703	A
18	0.06765	0.07068	C
19	0.01555	0.01653	T
20	0.04285	0.04371	A
21	0.0565	0.05717	C
22	0.03437	0.03478	C
23	0.00698	0.0113	G
24	0.00391	0.00489	T
25	0.0178	0.01843	A
26	0.00584	0.00603	T
27	0.00215	0.00222	G
28	0.00251	0.00257	G
29	0.05706	0.05712	C
30	0.03519	0.03525	C
31	0.03229	0.03271	C
32	0.02493	0.0313	A
33	0.04757	0.04758	C
34	0.03483	0.03536	C
35	0.01792	0.02712	A
36	0.01604	0.01703	T
37	0.02712	0.02713	A
38	0.03133	0.03317	A
39	0.01304	0.01334	T
40	0.01292	0.01312	T
41	0.03255	0.03953	A
42	0.05211	0.05266	C
43	0.04606	0.0462	C
44	0.06079	0.06086	C
45	0.02705	0.02709	C
46	0.02246	0.0225	C
47	0.00948	0.02136	A
48	0.00735	0.00788	T
49	0.01952	0.02037	A
50	0.0312	0.03263	C
51	0.00956	0.01002	T
52	0.04847	0.0485	C
53	0.03547	0.0362	C
54	0.0094	0.00948	T
55	0.01238	0.0127	T
56	0.01925	0.04027	A
57	0.07897	0.07994	C
58	0.06431	0.06568	A
59	0.05349	0.05452	C
60	0.00778	0.00822	T
61	0.03173	0.04252	A
62	0.00893	0.009	T
63	0.00933	0.00953	T
64	0.04405	0.04437	C
65	0.04643	0.04674	C
66	0.01608	0.01756	T
67	0.05261	0.05441	C
68	0.03468	0.0412	A
69	0.01617	0.02148	T
70	0.05803	0.06268	C
71	0.04345	0.04515	A
72	0.08752	0.08798	C
73	0.05731	0.05742	C
74	0.04703	0.04862	C
75	0.02001	0.02056	A
76	0.02864	0.02879	A
77	0.05165	0.05455	C
78	0.0139	0.01614	T
79	0.00178	0.00195	A
80	0.0173	0.01751	A
81	0.01946	0.01958	A
82	0.02552	0.02567	A
83	0.02089	0.02109	A
84	0.01117	0.01311	T
85	0.02773	0.02817	A
86	0.01157	0.01177	T
87	0.01317	0.0138	T
88	0.02704	0.02729	A
89	0.03549	0.03596	A
90	0.02709	0.02736	A
91	0.06553	0.07151	C
92	0.02983	0.03141	A
93	0.07203	0.07971	C
94	0.04665	0.04669	A
95	0.03774	0.03777	A
96	0.02846	0.02881	A
97	0.04964	0.05453	C
98	0.01463	0.01575	T
99	0.04851	0.0497	A
100	0.06066	0.0612	C
101	0.04126	0.04211	C
102	0.02687	0.03341	A
103	0.05939	0.05958	C
104	0.02738	0.02859	C
105	0.01226	0.01488	T
106	0.0473	0.04873	A
107	0.06208	0.06288	C
108	0.03794	0.04115	C
109	0.01082	0.01554	T
110	0.05349	0.05352	C
111	0.03368	0.03371	C
112	0.03389	0.03535	C
113	0.01167	0.01356	T
114	0.04203	0.04311	C
115	0.02661	0.02872	A
116	0.05769	0.05769	C
117	0.0376	0.03812	C
118	0.02131	0.02178	A
119	0.0283	0.02867	A
120	0.04083	0.04149	A
121	0.00729	0.00813	G
122	0.06088	0.0612	C
123	0.04812	0.04845	C
124	0.03772	0.03834	C
125	0.01448	0.0167	A
126	0.01019	0.01196	T
127	0.00151	0.00154	A
128	0.01071	0.01077	A
129	0.00965	0.00972	A
130	0.01788	0.0179	A
131	0.01353	0.01375	A
132	0.04493	0.05163	T
133	0.0036	0.00361	A
134	0.00228	0.00228	A
135	0.01161	0.01161	A
136	0.00988	0.00988	A
137	0.01061	0.01061	A
138	0.01315	0.01331	A
139	0.01486	0.01547	T
140	0.01289	0.0144	T
141	0.0189	0.03544	A
142	0.01485	0.0168	T
143	0.041	0.04102	A
144	0.03598	0.03702	A
145	0.07524	0.07822	C
146	0.03379	0.0338	A
147	0.0371	0.03711	A
148	0.04302	0.04602	A
149	0.07052	0.07178	C
150	0.05207	0.05267	C
151	0.04105	0.04133	C
152	0.0108	0.01256	T
153	0.00433	0.005	G
154	0.05327	0.05506	A
155	0.00719	0.00992	G
156	0.034	0.03415	A
157	0.03676	0.03725	A
158	0.06128	0.06168	C
159	0.04696	0.04758	C
160	0.01772	0.01789	A
161	0.01956	0.01963	A
162	0.01823	0.01836	A
163	0.01211	0.0122	A
164	0.0034	0.00386	T
165	0.00242	0.00278	G
166	0.00949	0.00952	A
167	0.01269	0.01276	A
168	0.01871	0.01933	C
169	0.00353	0.00391	G
170	0.01309	0.01318	A
171	0.00863	0.00877	A
172	0.03513	0.03536	A
173	0.0423	0.04241	A
174	0.00938	0.0114	T
175	0.05839	0.05867	C
176	0.01059	0.01065	T
177	0.00365	0.00752	G
178	0.00395	0.00396	T
179	0.00409	0.00415	T
180	0.01532	0.01635	C
181	0.00389	0.00407	G
182	0.06205	0.06317	C
183	0.00375	0.00398	T
184	0.00413	0.00422	T
185	0.01557	0.01611	C
186	0.01647	0.01698	A
187	0.00497	0.00512	T
188	0.00772	0.00784	T
189	0.04058	0.04287	C
190	0.03846	0.03981	A
191	0.01258	0.01273	T
192	0.02303	0.02363	T
193	0.01511	0.01725	G
194	0.05396	0.05424	C
195	0.0244	0.02457	C
196	0.05278	0.05291	C
197	0.04265	0.04271	C
198	0.04448	0.04467	C
199	0.02505	0.03113	A
200	0.06517	0.06757	C
201	0.02977	0.03007	A
202	0.03262	0.03372	A
203	0.01037	0.01147	T
204	0.05018	0.0503	C
205	0.02405	0.02446	C
206	0.00939	0.01033	T
207	0.04213	0.04853	A
208	0.00431	0.00441	G
209	0.00312	0.00316	G
210	0.01164	0.0117	C
211	0.01919	0.01955	C
212	0.00807	0.01007	T
213	0.03728	0.03939	A
214	0.08036	0.0807	C
215	0.05591	0.0571	C
216	0.07841	0.08097	C
217	0.00277	0.00331	G
218	0.01305	0.01306	C
219	0.01353	0.01364	C
220	0.00348	0.00596	G
221	0.05126	0.05186	C
222	0.04359	0.04458	A
223	0.00572	0.00579	G
224	0.01125	0.0117	T
225	0.03729	0.03788	A
226	0.06544	0.0658	C
227	0.01181	0.01197	T
228	0.0028	0.0041	G
229	0.02183	0.0222	A
230	0.00708	0.00764	T
231	0.02149	0.02187	C
232	0.03325	0.03406	A
233	0.01027	0.01032	T
234	0.0103	0.01048	T
235	0.03631	0.04488	C
236	0.00786	0.00812	T
237	0.03701	0.04164	A
238	0.00711	0.00711	T
239	0.01592	0.01593	T
240	0.03331	0.03351	T
241	0.08896	0.08997	C
242	0.06812	0.06866	C
243	0.05341	0.05354	C
244	0.04238	0.04246	C
245	0.01659	0.01663	C
246	0.00551	0.00592	T
247	0.02871	0.02903	C
248	0.00596	0.00603	T
249	0.03072	0.03218	A
250	0.00847	0.00847	T
251	0.0098	0.00986	T
252	0.00466	0.00564	G
253	0.01919	0.02021	A
254	0.021	0.02178	T
255	0.02675	0.02725	C
256	0.05913	0.05946	C
257	0.04707	0.04718	C
258	0.05161	0.05218	C
259	0.02676	0.03342	A
260	0.06926	0.0693	C
261	0.0378	0.03851	C
262	0.00895	0.01064	T
263	0.03957	0.03958	C
264	0.03232	0.0325	C
265	0.01302	0.01332	A
266	0.0264	0.02654	A
267	0.02827	0.02846	A
268	0.0107	0.01241	T
269	0.03752	0.03824	A
270	0.01317	0.01344	T
271	0.04607	0.04659	C
272	0.00995	0.01091	T
273	0.0349	0.03601	C
274	0.02995	0.03293	A
275	0.01359	0.01472	T
276	0.0538	0.05533	C
277	0.02645	0.02731	A
278	0.02944	0.02963	A
279	0.05862	0.06107	C
280	0.02895	0.02901	A
281	0.03135	0.03205	A
282	0.0582	0.05836	C
283	0.05545	0.05641	C
284	0.00434	0.00831	G
285	0.02914	0.02932	A
286	0.04116	0.04146	C
287	0.01021	0.01063	T
288	0.02899	0.0292	A
289	0.02698	0.02794	A
290	0.01653	0.01761	T
291	0.07168	0.07363	C
292	0.03425	0.03547	A
293	0.06664	0.06679	C
294	0.03724	0.0395	C
295	0.02602	0.03448	A
296	0.05347	0.05355	C
297	0.04715	0.04718	C
298	0.03574	0.03671	C
299	0.01937	0.01954	A
300	0.02678	0.0269	A
301	0.05501	0.05618	C
302	0.02742	0.0275	A
303	0.02852	0.02904	A
304	0.01757	0.01812	T
305	0.00438	0.00483	G
306	0.03749	0.03781	A
307	0.05209	0.05286	C
308	0.01233	0.01286	T
309	0.02457	0.02473	A
310	0.0353	0.03567	A
311	0.01221	0.01404	T
312	0.05134	0.05318	C
313	0.02845	0.02869	A
314	0.02611	0.02696	A
315	0.0319	0.03199	A
316	0.07902	0.09077	C
317	0.0164	0.01807	T
318	0.03024	0.03056	A
319	0.0312	0.03192	A
320	0.0665	0.06688	C
321	0.0457	0.04747	C
322	0.01073	0.01236	T
323	0.05067	0.05211	C
324	0.02271	0.02369	A
325	0.01525	0.0155	A
326	0.0245	0.02478	A
327	0.02341	0.02348	A
328	0.07825	0.09156	C
329	0.01814	0.01822	A
330	0.02474	0.02475	A
331	0.02389	0.02425	A
332	0.01045	0.0114	T
333	0.00623	0.00689	G
334	0.03814	0.03911	A
335	0.01088	0.01282	T
336	0.0287	0.02872	A
337	0.03865	0.04048	A
338	0.05445	0.05493	C
339	0.0342	0.03436	C
340	0.01214	0.03747	A
341	0.01336	0.0143	T
342	0.03697	0.03743	A
343	0.05644	0.05861	C
344	0.03237	0.03348	A
345	0.06492	0.06993	C
346	0.02957	0.02958	A
347	0.03029	0.03109	A
348	0.05391	0.05794	C
349	0.02992	0.03049	A
350	0.05043	0.05231	C
351	0.01016	0.01077	T
352	0.02553	0.0256	A
353	0.02776	0.02797	A
354	0.02531	0.02546	A
355	0.0042	0.00436	G
356	0.00319	0.00331	G
357	0.03507	0.04392	A
358	0.05873	0.06026	C
359	0.01036	0.01282	G
360	0.0406	0.0415	A
361	0.04126	0.04244	A
362	0.05529	0.05552	C
363	0.0306	0.03113	C
364	0.00888	0.00996	T
365	0.00356	0.00545	G
366	0.03365	0.03419	A
367	0.0126	0.01293	T
368	0.04139	0.04189	C
369	0.01146	0.01213	T
370	0.0407	0.04166	C
371	0.0139	0.01391	T
372	0.01274	0.01289	T
373	0.01482	0.03375	A
374	0.01164	0.01195	T
375	0.03676	0.03996	A
376	0.04288	0.04424	C
377	0.00861	0.00881	T
378	0.04724	0.04885	A
379	0.00494	0.00633	G
380	0.00793	0.01002	T
381	0.05398	0.05528	A
382	0.0083	0.00861	T
383	0.03394	0.03426	C
384	0.02559	0.02677	C
385	0.00509	0.00513	T
386	0.00875	0.00911	T
387	0.0248	0.02595	A
388	0.04024	0.04315	A
389	0.01715	0.01749	T
390	0.05426	0.05659	C
391	0.02855	0.03236	A
392	0.00518	0.00521	T
393	0.00615	0.00624	T
394	0.00954	0.00962	T
395	0.01202	0.01205	T
396	0.0115	0.01158	T
397	0.03341	0.04555	A
398	0.01248	0.01249	T
399	0.0193	0.01945	T
400	0.00853	0.00982	G
401	0.0634	0.06359	C
402	0.04412	0.04467	C
403	0.02177	0.0354	A
404	0.04311	0.04646	C
405	0.02623	0.02632	A
406	0.03416	0.03459	A
407	0.05214	0.05657	C
408	0.01201	0.01309	T
409	0.0466	0.04742	A
410	0.03686	0.03787	A
411	0.04638	0.04688	C
412	0.06762	0.07147	C
413	0.00994	0.01273	T
414	0.04805	0.04832	C
415	0.03614	0.03765	C
416	0.01256	0.01502	T
417	0.04244	0.04384	C
418	0.00547	0.00625	G
419	0.00386	0.00418	G
420	0.03607	0.04278	A
421	0.03859	0.03921	C
422	0.00903	0.00935	T
423	0.04442	0.04448	C
424	0.03075	0.03206	C
425	0.01206	0.01371	T
426	0.00456	0.00568	G
427	0.05495	0.05521	C
428	0.03383	0.03462	C
429	0.01142	0.01374	T
430	0.0389	0.04012	C
431	0.02228	0.02438	A
432	0.06271	0.06345	C
433	0.01391	0.01555	T
434	0.04006	0.04066	C
435	0.02152	0.02497	A
436	0.01048	0.01054	T
437	0.01404	0.01413	T
438	0.01312	0.01329	T
439	0.03792	0.04319	A
440	0.06276	0.06424	C
441	0.03599	0.03656	A
442	0.07617	0.07641	C
443	0.04	0.04225	C
444	0.02657	0.02698	A
445	0.03934	0.03988	A
446	0.06133	0.06222	C
447	0.04052	0.04129	C
448	0.03076	0.04329	A
449	0.05704	0.05716	C
450	0.04615	0.0462	C
451	0.03582	0.03676	C
452	0.02135	0.0215	A
453	0.05637	0.05653	A
454	0.03148	0.03255	C
455	0.00721	0.00737	T
456	0.02811	0.02849	A
457	0.00799	0.00813	T
458	0.03995	0.04036	C
459	0.00735	0.00752	T
460	0.03579	0.03755	A
461	0.01175	0.01262	T
462	0.02845	0.02862	A
463	0.0285	0.02861	A
464	0.04594	0.04763	A
465	0.06144	0.0623	C
466	0.01139	0.0118	C
467	0.0148	0.01561	T
468	0.05305	0.05487	A
469	0.00498	0.00523	G
470	0.05072	0.05079	C
471	0.03599	0.03605	C
472	0.02748	0.03854	A
473	0.01325	0.01389	T
474	0.00336	0.00341	G
475	0.00298	0.00303	G
476	0.03825	0.0383	C
477	0.02208	0.02226	C
478	0.02861	0.03544	A
479	0.01117	0.01204	T
480	0.03458	0.03477	C
481	0.0416	0.0417	C
482	0.03044	0.0305	C
483	0.00836	0.00837	C
484	0.00259	0.00263	T
485	0.00248	0.00251	T
486	0.005	0.01198	A
487	0.01063	0.01068	T
488	0.00218	0.00238	G
489	0.00749	0.0078	A
490	0.00196	0.00201	G
491	0.00599	0.0062	C
492	0.0027	0.0027	G
493	0.00154	0.00155	G
494	0.00189	0.00191	G
495	0.01743	0.02007	C
496	0.95213	0.95275	A
497	0.02045	0.02053	C
498	0.03566	0.03648	A
499	0.00437	0.00441	G
500	0.01163	0.0122	T
501	0.00252	0.00278	G
502	0.03426	0.03576	A
503	0.01416	0.01418	T
504	0.01596	0.0161	T
505	0.02282	0.04206	A
506	0.01179	0.01247	T
507	0.04153	0.04483	A
508	0.00287	0.00301	G
509	0.00179	0.0018	G
510	0.0068	0.00699	C
511	0.00119	0.00121	T
512	0.00446	0.00448	T
513	0.00556	0.00559	T
514	0.00874	0.00921	C
515	0.00315	0.00324	G
516	0.00684	0.00696	C
517	0.00201	0.00206	T
518	0.00889	0.00904	C
519	0.00286	0.00299	T
520	0.01029	0.01039	A
521	0.0122	0.01227	A
522	0.0045	0.00546	G
523	0.03908	0.03968	A
524	0.01446	0.01456	T
525	0.01967	0.02137	T
526	0.00329	0.00334	A
527	0.02457	0.02481	A
528	0.01916	0.01927	A
529	0.03767	0.0379	A
530	0.02861	0.02868	A
531	0.01413	0.01469	T
532	0.00589	0.00714	G
533	0.04324	0.04333	C
534	0.02188	0.02201	C
535	0.0224	0.02261	C
536	0.00883	0.00982	T
537	0.05055	0.0559	A
538	0.00671	0.00789	G
539	0.03243	0.03256	C
540	0.02758	0.02767	C
541	0.05464	0.05492	C
542	0.02277	0.03071	A
543	0.05738	0.05798	C
544	0.00972	0.01019	T
545	0.00921	0.00928	T
546	0.03542	0.04221	C
547	0.01271	0.01278	T
548	0.021	0.02137	T
549	0.02739	0.04693	A
550	0.07868	0.07895	C
551	0.05046	0.05117	C
552	0.03127	0.03695	A
553	0.03261	0.03363	C
554	0.03252	0.03262	A
555	0.04012	0.04118	A
556	0.00372	0.00394	G
557	0.00426	0.00444	G
558	0.04021	0.0424	C
559	0.04366	0.05077	A
560	0.06724	0.06967	C
561	0.02783	0.02897	A
562	0.06706	0.06719	C
563	0.03153	0.0323	C
564	0.01205	0.01448	T
565	0.0412	0.04814	A
566	0.05841	0.06147	C
567	0.02904	0.03489	A
568	0.05552	0.05565	C
569	0.05462	0.05504	C
570	0.03768	0.03786	C
571	0.03044	0.03068	C
572	0.00713	0.00744	T
573	0.01126	0.01159	T
574	0.01944	0.03783	A
575	0.02389	0.0248	T
576	0.05554	0.05745	C
577	0.05298	0.05331	C
578	0.0457	0.0458	C
579	0.03178	0.0319	C
580	0.01315	0.03427	A
581	0.00923	0.00969	T
582	0.03037	0.03079	A
583	0.03985	0.04078	C
584	0.00823	0.00839	T
585	0.03543	0.03646	A
586	0.00365	0.00396	G
587	0.00991	0.00995	T
588	0.01022	0.01048	T
589	0.01948	0.03927	A
590	0.01197	0.01198	T
591	0.01248	0.01277	T
592	0.02165	0.0463	A
593	0.01843	0.01924	T
594	0.05637	0.05851	C
595	0.01238	0.01418	G
596	0.02026	0.02102	A
597	0.03672	0.03708	A
598	0.04	0.04009	A
599	0.05969	0.05995	C
600	0.02782	0.02797	C
601	0.03036	0.03572	A
602	0.01475	0.02364	T
603	0.03753	0.03869	C
604	0.0423	0.04993	A
605	0.00686	0.00719	G
606	0.06618	0.06631	C
607	0.02477	0.02511	C
608	0.00981	0.01077	T
609	0.03239	0.03385	A
610	0.04796	0.04885	C
611	0.01078	0.01152	T
612	0.04382	0.04526	C
613	0.02976	0.03419	A
614	0.01174	0.01197	T
615	0.01069	0.01092	T
616	0.04473	0.04682	C
617	0.03377	0.03426	A
618	0.04191	0.04274	A
619	0.06099	0.06116	C
620	0.04744	0.04756	C
621	0.0273	0.02745	A
622	0.03857	0.03938	A
623	0.00998	0.01109	T
624	0.03729	0.03939	A
625	0.00441	0.00511	G
626	0.04013	0.04028	C
627	0.0415	0.04154	C
628	0.03703	0.0371	C
629	0.00594	0.00655	T
630	0.00198	0.002	G
631	0.00201	0.00202	G
632	0.00544	0.00545	C
633	0.04102	0.04105	C
634	0.00461	0.00763	G
635	0.0081	0.01055	T
636	0.04478	0.04793	A
637	0.08041	0.08146	C
638	0.00308	0.00322	G
639	0.01372	0.0138	C
640	0.0103	0.01043	C
641	0.00652	0.00729	T
642	0.03312	0.03366	A
643	0.03913	0.03961	A
644	0.07557	0.07582	C
645	0.05608	0.05659	C
646	0.00344	0.00451	G
647	0.0161	0.01672	C
648	0.00869	0.00908	T
649	0.03413	0.03442	A
650	0.04241	0.0426	A
651	0.05227	0.05292	C
652	0.03131	0.03235	A
653	0.01167	0.01211	T
654	0.00849	0.00862	T
655	0.01827	0.03429	A
656	0.05485	0.05537	C
657	0.00732	0.00741	T
658	0.00353	0.0062	G
659	0.02712	0.0286	C
660	0.03982	0.04254	A
661	0.00263	0.00268	G
662	0.00326	0.00333	G
663	0.01569	0.01574	C
664	0.01299	0.01329	C
665	0.02305	0.02951	A
666	0.04878	0.04886	C
667	0.02094	0.02113	C
668	0.00546	0.00601	T
669	0.03886	0.03984	A
670	0.04942	0.04994	C
671	0.01143	0.0142	T
672	0.04143	0.04373	C
673	0.02763	0.03271	A
674	0.01433	0.01477	T
675	0.00602	0.00822	G
676	0.0513	0.05285	C
677	0.03133	0.03184	A
678	0.05844	0.05874	C
679	0.02346	0.02365	C
680	0.00694	0.00725	T
681	0.02667	0.02695	A
682	0.03637	0.03667	A
683	0.00712	0.00721	T
684	0.00704	0.00708	T
685	0.00253	0.00257	G
686	0.00312	0.00322	G
687	0.03774	0.03803	A
688	0.03784	0.03817	A
689	0.00611	0.00684	G
690	0.03935	0.04107	C
691	0.00742	0.00801	G
692	0.03974	0.03981	C
693	0.026	0.02644	C
694	0.02739	0.04449	A
695	0.06601	0.06605	C
696	0.04921	0.04923	C
697	0.03229	0.0328	C
698	0.00956	0.01008	T
699	0.04472	0.04523	A
700	0.00402	0.00447	G
701	0.04695	0.04786	C
702	0.0353	0.03555	A
703	0.03613	0.03658	A
704	0.01355	0.01415	T
705	0.03953	0.04016	A
706	0.01331	0.0158	T
707	0.05403	0.05721	C
708	0.03386	0.03411	A
709	0.04179	0.04194	A
710	0.0759	0.0763	C
711	0.03622	0.03638	C
712	0.03205	0.03949	A
713	0.01598	0.01675	T
714	0.01211	0.01272	T
715	0.02128	0.02148	A
716	0.04043	0.04141	A
717	0.07007	0.07064	C
718	0.04591	0.04644	C
719	0.01075	0.0111	T
720	0.01405	0.01431	T
721	0.04208	0.0423	C
722	0.03876	0.03915	C
723	0.03025	0.03046	C
724	0.00862	0.00974	T
725	0.04366	0.0451	C
726	0.01141	0.01208	T
727	0.04446	0.04662	A
728	0.05729	0.05788	C
729	0.02445	0.02573	A
730	0.05815	0.05931	C
731	0.01528	0.01562	T
732	0.01142	0.01177	T
733	0.02432	0.0405	A
734	0.01383	0.01487	T
735	0.04592	0.04707	C
736	0.03216	0.03409	A
737	0.01409	0.01467	T
738	0.04786	0.0498	C
739	0.01055	0.01062	T
740	0.01608	0.01663	T
741	0.05769	0.06095	C
742	0.03333	0.03448	A
743	0.08346	0.08552	C
744	0.02139	0.02202	A
745	0.03585	0.03677	A
746	0.00981	0.01001	T
747	0.0105	0.01066	T
748	0.03146	0.0436	C
749	0.0137	0.01419	T
750	0.02209	0.02312	A
751	0.04033	0.04113	A
752	0.01075	0.01084	T
753	0.0128	0.01307	T
754	0.0386	0.04746	C
755	0.0152	0.01554	T
756	0.04103	0.04259	A
757	0.04618	0.04699	C
758	0.01925	0.01958	T
759	0.00757	0.00907	G
760	0.05525	0.05566	A
761	0.05558	0.05733	C
762	0.00914	0.00955	T
763	0.03775	0.04026	A
764	0.01005	0.01042	T
765	0.05265	0.05303	C
766	0.0304	0.03107	C
767	0.0098	0.01019	T
768	0.04492	0.04645	A
769	0.00607	0.00641	G
770	0.01848	0.01858	A
771	0.02573	0.02587	A
772	0.03863	0.03894	A
773	0.01352	0.01489	T
774	0.04486	0.04543	C
775	0.00774	0.0079	G
776	0.02978	0.03026	C
777	0.00887	0.00916	T
778	0.00426	0.0054	G
779	0.01736	0.02147	T
780	0.05264	0.05371	C
781	0.00545	0.00559	G
782	0.04176	0.04178	C
783	0.02941	0.02964	C
784	0.00788	0.00801	T
785	0.01205	0.01216	T
786	0.02463	0.02555	A
787	0.03072	0.03097	A
788	0.01345	0.01404	T
789	0.0512	0.05161	C
790	0.02311	0.02343	C
791	0.02424	0.02455	A
792	0.04774	0.04818	A
793	0.00431	0.00496	G
794	0.04069	0.04075	C
795	0.02056	0.02078	C
796	0.00741	0.0079	T
797	0.02714	0.02755	A
798	0.03646	0.03691	C
799	0.00473	0.0062	G
800	0.00423	0.00429	T
801	0.00488	0.00493	T
802	0.00948	0.00956	T
803	0.01636	0.01639	T
804	0.08023	0.09527	C
805	0.03876	0.03979	A
806	0.06113	0.06231	C
807	0.02307	0.02369	A
808	0.05132	0.05217	C
809	0.01006	0.01028	T
810	0.0069	0.00693	T
811	0.02523	0.03059	C
812	0.00697	0.00701	T
813	0.03725	0.03875	A
814	0.00454	0.00481	G
815	0.00446	0.0061	T
816	0.02116	0.02148	A
817	0.02982	0.03183	A
818	0.00596	0.00745	G
819	0.11058	0.11191	C
820	0.01743	0.01756	C
821	0.00602	0.00707	T
822	0.03883	0.03991	C
823	0.01114	0.0118	T
824	0.02912	0.03062	A
825	0.04956	0.04971	C
826	0.02601	0.02663	C
827	0.00881	0.00956	T
828	0.00471	0.00525	G
829	0.03558	0.03623	C
830	0.03034	0.0313	A
831	0.04973	0.05022	C
832	0.00568	0.00606	G
833	0.02711	0.02745	A
834	0.04421	0.04491	C
835	0.02321	0.02321	A
836	0.01753	0.0176	A
837	0.04126	0.04201	C
838	0.01578	0.01588	A
839	0.05318	0.05318	C
840	0.00128	0.00128	A
841	0.0	0.0	T
842	0.0	0.0	A
