Position	Mismatches	Mismatches + Deletions	Base
1	0.0	0.0	A
2	0.0	0.0	T
3	0.0	0.0	A
4	0.02314	0.02314	A
5	0.02794	0.02794	A
6	0.06334	0.06452	C
7	0.01055	0.01248	T
8	0.01236	0.01237	T
9	0.05787	0.06728	C
10	0.00635	0.00664	G
11	0.05228	0.05236	C
12	0.03065	0.0307	C
13	0.00824	0.00828	T
14	0.01723	0.01742	T
15	0.00835	0.0086	A
16	0.0177	0.01865	A
17	0.00491	0.00493	T
18	0.00759	0.00762	T
19	0.00841	0.00848	T
20	0.0116	0.01163	T
21	0.02666	0.02797	A
22	0.03581	0.03617	A
23	0.01654	0.0176	T
24	0.04233	0.04245	A
25	0.03982	0.04394	A
26	0.01756	0.0191	T
27	0.05684	0.05893	C
28	0.04045	0.04067	A
29	0.03995	0.04094	A
30	0.05272	0.05667	C
31	0.04237	0.04308	A
32	0.06778	0.06793	C
33	0.03612	0.03618	C
34	0.0378	0.03887	C
35	0.01312	0.01499	T
36	0.05215	0.05215	C
37	0.01566	0.01713	C
38	0.01202	0.01285	T
39	0.03703	0.04036	A
40	0.0048	0.00514	G
41	0.05729	0.05745	C
42	0.03791	0.03817	C
43	0.01312	0.01328	T
44	0.01613	0.01657	T
45	0.02267	0.04373	A
46	0.06475	0.06605	C
47	0.0159	0.01659	T
48	0.03393	0.03525	A
49	0.04964	0.05151	C
50	0.01115	0.0116	T
51	0.02469	0.02492	A
52	0.02084	0.02175	A
53	0.01195	0.01263	T
54	0.01846	0.01853	A
55	0.02407	0.02873	A
56	0.00961	0.00971	T
57	0.01071	0.01091	T
58	0.0227	0.04256	A
59	0.0148	0.01484	T
60	0.01581	0.01642	T
61	0.02679	0.05848	A
62	0.05583	0.05814	C
63	0.02938	0.03068	A
64	0.00586	0.00593	T
65	0.00763	0.0077	T
66	0.00919	0.00927	T
67	0.01164	0.01166	T
68	0.00562	0.00764	G
69	0.05265	0.05312	A
70	0.05584	0.05678	C
71	0.01408	0.01478	T
72	0.05261	0.0546	A
73	0.07053	0.07092	C
74	0.0495	0.05032	C
75	0.02674	0.04012	A
76	0.0589	0.06209	C
77	0.04079	0.04089	A
78	0.04143	0.0425	A
79	0.05838	0.06148	C
80	0.01584	0.01771	T
81	0.04226	0.04399	C
82	0.0328	0.03455	A
83	0.03496	0.03512	A
84	0.06035	0.06257	C
85	0.00447	0.00461	G
86	0.00395	0.00402	G
87	0.02081	0.02208	C
88	0.00788	0.00846	T
89	0.0116	0.01235	A
90	0.02991	0.03052	C
91	0.05372	0.0547	A
92	0.01521	0.01708	T
93	0.0233	0.02349	A
94	0.0134	0.01478	G
95	0.00306	0.00307	A
96	0.01582	0.01582	A
97	0.00951	0.00952	A
98	0.02502	0.02503	A
99	0.01911	0.01921	A
100	0.01797	0.01928	T
101	0.06984	0.07051	C
102	0.04298	0.04452	C
103	0.01929	0.03736	A
104	0.06038	0.06047	C
105	0.05838	0.0584	C
106	0.0368	0.0368	C
107	0.03513	0.03543	C
108	0.00942	0.00961	T
109	0.01074	0.01081	T
110	0.02007	0.03777	A
111	0.02857	0.02893	C
112	0.00246	0.00258	G
113	0.03388	0.03515	A
114	0.0031	0.00323	G
115	0.00864	0.00921	T
116	0.00228	0.00257	G
117	0.01153	0.01212	C
118	0.00236	0.00236	G
119	0.00214	0.00223	G
120	0.05215	0.05308	C
121	0.0097	0.0098	T
122	0.01062	0.01068	T
123	0.06487	0.06729	C
124	0.00488	0.00613	G
125	0.0303	0.03111	A
126	0.05229	0.05236	C
127	0.05325	0.05349	C
128	0.04005	0.04019	C
129	0.01727	0.01849	T
130	0.02653	0.02865	A
131	0.01228	0.01314	T
132	0.05299	0.05766	A
133	0.01538	0.01627	T
134	0.047	0.04799	C
135	0.04508	0.04519	C
136	0.07857	0.07866	C
137	0.01755	0.01757	C
138	0.02068	0.02077	C
139	0.0057	0.00644	G
140	0.0246	0.0246	C
141	0.01249	0.01249	C
142	0.02559	0.02582	C
143	0.00395	0.00485	G
144	0.03398	0.03579	C
145	0.00454	0.00592	G
146	0.00961	0.01061	T
147	0.06179	0.06184	C
148	0.06854	0.0686	C
149	0.03888	0.03901	C
150	0.00323	0.00328	T
151	0.0118	0.01187	T
152	0.01236	0.01243	T
153	0.05707	0.05991	C
154	0.01509	0.01542	T
155	0.04931	0.04946	C
156	0.03661	0.037	C
157	0.0292	0.04113	A
158	0.02066	0.02259	T
159	0.02452	0.02468	A
160	0.01048	0.01056	A
161	0.03004	0.03023	A
162	0.03314	0.03594	A
163	0.00869	0.00906	T
164	0.00916	0.00931	T
165	0.0295	0.04403	C
166	0.00636	0.00637	T
167	0.0067	0.00679	T
168	0.01899	0.02541	C
169	0.00669	0.00669	T
170	0.00687	0.0069	T
171	0.0676	0.08796	A
172	0.00449	0.00484	G
173	0.01253	0.01502	T
174	0.02815	0.029	A
175	0.00377	0.00422	G
176	0.0319	0.03336	C
177	0.00664	0.00708	T
178	0.05302	0.05566	A
179	0.01281	0.01294	T
180	0.01398	0.01491	T
181	0.02358	0.04175	A
182	0.06541	0.06641	C
183	0.05115	0.05253	C
184	0.00737	0.00756	T
185	0.00861	0.0087	T
186	0.03959	0.0533	C
187	0.00831	0.00835	T
188	0.00848	0.00864	T
189	0.02103	0.04718	A
190	0.01089	0.0109	T
191	0.01157	0.01187	T
192	0.02391	0.05891	A
193	0.00875	0.00875	T
194	0.01567	0.01567	T
195	0.01423	0.01432	T
196	0.00527	0.00916	G
197	0.04236	0.04279	A
198	0.01624	0.01644	T
199	0.05205	0.05286	C
200	0.01213	0.0124	T
201	0.05082	0.05226	A
202	0.00939	0.00996	G
203	0.01278	0.01287	A
204	0.03378	0.03397	A
205	0.0402	0.04077	A
206	0.01538	0.01598	T
207	0.02453	0.02465	T
208	0.01189	0.01371	G
209	0.06746	0.06792	C
210	0.03515	0.03544	C
211	0.05113	0.05187	C
212	0.00902	0.0123	T
213	0.03055	0.03059	C
214	0.03266	0.03586	C
215	0.00405	0.00408	T
216	0.00818	0.00823	T
217	0.01409	0.01412	T
218	0.02934	0.02956	T
219	0.04366	0.04741	A
220	0.09716	0.09731	C
221	0.04977	0.04987	C
222	0.0341	0.03417	C
223	0.02263	0.02276	C
224	0.01293	0.01362	T
225	0.03487	0.03541	A
226	0.04665	0.0467	C
227	0.03246	0.03258	C
228	0.02763	0.03521	A
229	0.01453	0.01516	T
230	0.00518	0.00769	G
231	0.04849	0.05104	A
232	0.00863	0.00924	G
233	0.05247	0.05273	C
234	0.03995	0.04002	C
235	0.02854	0.02874	C
236	0.0093	0.01006	T
237	0.02489	0.02522	A
238	0.05153	0.05257	C
239	0.03444	0.03502	A
240	0.02961	0.02965	A
241	0.02763	0.02786	A
242	0.06316	0.06778	C
243	0.02024	0.02026	A
244	0.02193	0.02217	A
245	0.03404	0.03668	C
246	0.00874	0.00951	T
247	0.03652	0.03674	A
248	0.03888	0.03936	A
249	0.05555	0.05579	C
250	0.02539	0.02659	C
251	0.02039	0.02286	T
252	0.00783	0.00861	G
253	0.10171	0.1018	C
254	0.03635	0.03666	C
255	0.03117	0.04234	A
256	0.01551	0.01602	C
257	0.00615	0.00644	T
258	0.02598	0.02613	A
259	0.03632	0.03667	A
260	0.00751	0.0076	T
261	0.02535	0.0257	A
262	0.00444	0.0049	G
263	0.00563	0.00567	T
264	0.00705	0.00715	T
265	0.02569	0.03916	A
266	0.01107	0.01128	T
267	0.00484	0.00517	G
268	0.01122	0.0124	T
269	0.04198	0.04339	C
270	0.03548	0.03878	A
271	0.02196	0.02329	T
272	0.04727	0.0478	C
273	0.0307	0.03108	C
274	0.03041	0.03075	C
275	0.00752	0.00854	T
276	0.04045	0.04117	C
277	0.00709	0.00712	T
278	0.00856	0.0087	T
279	0.01375	0.03566	A
280	0.0099	0.00991	T
281	0.01265	0.01292	T
282	0.02503	0.02547	A
283	0.03768	0.03798	A
284	0.01223	0.01321	T
285	0.03831	0.03953	C
286	0.03449	0.0367	A
287	0.01169	0.01462	T
288	0.03367	0.03611	C
289	0.02916	0.03206	A
290	0.0092	0.01009	T
291	0.03797	0.03861	C
292	0.01605	0.01651	C
293	0.0089	0.01009	T
294	0.03977	0.04526	A
295	0.00502	0.0055	G
296	0.04138	0.04146	C
297	0.01867	0.01872	C
298	0.02368	0.02383	C
299	0.00752	0.00809	T
300	0.03438	0.03452	A
301	0.02943	0.02969	A
302	0.00354	0.00386	G
303	0.00648	0.00691	T
304	0.0248	0.02496	C
305	0.00856	0.00894	T
306	0.00283	0.00293	G
307	0.00226	0.00226	G
308	0.01872	0.01873	C
309	0.01809	0.01833	C
310	0.00441	0.00461	T
311	0.02576	0.02616	A
312	0.00764	0.00771	T
313	0.00338	0.00357	G
314	0.0396	0.04025	A
315	0.00576	0.00587	G
316	0.01198	0.01322	T
317	0.00412	0.00451	G
318	0.02773	0.02824	A
319	0.04525	0.04594	C
320	0.01283	0.01345	T
321	0.02561	0.02606	A
322	0.0551	0.05663	C
323	0.00253	0.00255	A
324	0.01485	0.01486	A
325	0.02226	0.02227	A
326	0.03143	0.03143	A
327	0.01938	0.01939	A
328	0.00311	0.00316	G
329	0.00356	0.00358	G
330	0.01679	0.02313	A
331	0.00619	0.00624	T
332	0.00657	0.00658	T
333	0.0269	0.03302	A
334	0.0057	0.00583	G
335	0.01721	0.01735	A
336	0.0284	0.02854	C
337	0.00732	0.00748	T
338	0.00893	0.01068	G
339	0.03335	0.03356	A
340	0.02364	0.02367	A
341	0.04812	0.04815	C
342	0.0359	0.03592	C
343	0.00587	0.00684	G
344	0.01913	0.01913	A
345	0.01412	0.01412	A
346	0.0009	0.0009	T
347	0.0	0.0	A
348	0.0	0.0	A
