Position	Mismatches	Mismatches + Deletions	Base
1	0.0	0.0	A
2	0.0	0.0	T
3	0.0	0.0	G
4	0.00302	0.00302	G
5	0.02124	0.02124	C
6	0.04271	0.04281	A
7	0.03795	0.04154	C
8	0.02656	0.0268	A
9	0.00773	0.00788	T
10	0.00301	0.0041	G
11	0.0442	0.04645	C
12	0.03137	0.03299	A
13	0.00348	0.00358	G
14	0.05309	0.05392	C
15	0.0044	0.00457	G
16	0.05364	0.05629	C
17	0.01046	0.01047	A
18	0.01001	0.01003	A
19	0.00208	0.0022	G
20	0.00173	0.00179	T
21	0.00535	0.00547	A
22	0.00196	0.00197	G
23	0.00208	0.00209	G
24	0.00133	0.00135	T
25	0.00334	0.00341	C
26	0.00341	0.00352	T
27	0.04044	0.04108	A
28	0.06743	0.06769	C
29	0.04169	0.04169	A
30	0.03487	0.0364	A
31	0.00239	0.00255	G
32	0.00721	0.00742	A
33	0.00758	0.00766	C
34	0.00482	0.00495	G
35	0.00434	0.00447	C
36	0.00169	0.00172	T
37	0.00553	0.00566	A
38	0.00719	0.00746	C
39	0.00207	0.00209	T
40	0.00249	0.00257	T
41	0.03485	0.03487	C
42	0.03074	0.03081	C
43	0.04218	0.04222	C
44	0.0249	0.02492	C
45	0.00733	0.00781	T
46	0.0331	0.03348	A
47	0.00891	0.0105	T
48	0.0305	0.03088	C
49	0.02707	0.02837	A
50	0.0075	0.00788	T
51	0.04518	0.04722	A
52	0.0046	0.00501	G
53	0.0342	0.0342	A
54	0.0349	0.03617	A
55	0.0033	0.00403	G
56	0.04252	0.04371	A
57	0.00397	0.00414	G
58	0.03911	0.04006	C
59	0.00804	0.00818	T
60	0.01141	0.01154	T
61	0.02996	0.04022	A
62	0.01194	0.01358	T
63	0.06077	0.06275	C
64	0.05157	0.05225	A
65	0.05449	0.05452	C
66	0.0283	0.02853	C
67	0.00502	0.00515	T
68	0.00668	0.00675	T
69	0.00715	0.00719	T
70	0.02974	0.03218	C
71	0.03232	0.03284	A
72	0.00779	0.00813	T
73	0.00434	0.00555	G
74	0.02503	0.02584	A
75	0.00906	0.01057	T
76	0.05572	0.05699	C
77	0.04145	0.04589	A
78	0.07075	0.07404	C
79	0.00617	0.00731	G
80	0.08551	0.08565	C
81	0.02532	0.02539	C
82	0.04365	0.04458	C
83	0.009	0.0109	T
84	0.04095	0.0414	C
85	0.02172	0.02426	A
86	0.01232	0.01307	T
87	0.0292	0.02944	A
88	0.03408	0.03693	A
89	0.02344	0.02418	T
90	0.04663	0.0478	C
91	0.03857	0.0395	A
92	0.0062	0.00626	T
93	0.00514	0.00523	T
94	0.01136	0.01148	T
95	0.01101	0.01107	T
96	0.03867	0.03925	C
97	0.04818	0.04831	C
98	0.01135	0.01139	T
99	0.01293	0.01309	T
100	0.02104	0.04346	A
101	0.01233	0.0132	T
102	0.06193	0.06429	C
103	0.01588	0.01616	T
104	0.00504	0.00781	G
105	0.05478	0.05957	C
106	0.01662	0.01668	T
107	0.01603	0.01612	T
108	0.05339	0.0535	C
109	0.04276	0.04315	C
110	0.01181	0.01416	T
111	0.04281	0.05753	A
112	0.00629	0.0066	G
113	0.01275	0.01314	T
114	0.06573	0.0659	C
115	0.03575	0.03621	C
116	0.01049	0.01131	T
117	0.00489	0.00625	G
118	0.00896	0.01141	T
119	0.03631	0.03939	A
120	0.01889	0.01972	T
121	0.01005	0.01108	G
122	0.06976	0.07181	C
123	0.03974	0.0399	C
124	0.03509	0.03563	C
125	0.00432	0.00441	T
126	0.00423	0.00426	T
127	0.01	0.01012	T
128	0.01047	0.0105	T
129	0.03986	0.04037	C
130	0.02994	0.0301	C
131	0.01464	0.01634	T
132	0.03928	0.04029	A
133	0.0294	0.02985	A
134	0.06433	0.06588	C
135	0.03354	0.03471	A
136	0.05653	0.05909	C
137	0.02357	0.02513	T
138	0.05045	0.05276	C
139	0.02349	0.02473	A
140	0.07249	0.08081	C
141	0.02316	0.02402	A
142	0.02709	0.02763	A
143	0.21501	0.22096	C
144	0.02026	0.02046	A
145	0.01753	0.01765	A
146	0.01996	0.02009	A
147	0.02546	0.02561	A
148	0.05786	0.0721	C
149	0.0185	0.02077	T
150	0.0268	0.02693	A
151	0.02347	0.02398	A
152	0.05551	0.05824	C
153	0.01143	0.0122	T
154	0.0291	0.02939	A
155	0.02597	0.02682	A
156	0.01342	0.0143	T
157	0.03755	0.038	A
158	0.06752	0.07103	C
159	0.01329	0.01512	T
160	0.03821	0.03843	A
161	0.03896	0.04067	A
162	0.06284	0.06522	C
163	0.03822	0.04118	A
164	0.01212	0.01293	T
165	0.03985	0.04013	C
166	0.00357	0.00477	T
167	0.00723	0.00762	C
168	0.01142	0.01376	A
169	0.00175	0.00187	G
170	0.0074	0.00757	A
171	0.00682	0.00691	C
172	0.00456	0.00474	G
173	0.04661	0.04712	C
174	0.00579	0.00736	T
175	0.03064	0.03083	C
176	0.04035	0.04159	A
177	0.00299	0.00304	G
178	0.00408	0.00421	G
179	0.01202	0.01208	A
180	0.03716	0.03727	A
181	0.03458	0.03499	A
182	0.01331	0.01437	T
183	0.03994	0.0404	A
184	0.00466	0.00511	G
185	0.03252	0.03253	A
186	0.02949	0.0295	A
187	0.0346	0.03533	A
188	0.07804	0.07896	C
189	0.00851	0.00854	C
190	0.00224	0.00252	G
191	0.00198	0.00205	T
192	0.00472	0.00474	C
193	0.00187	0.00193	T
194	0.00266	0.00322	G
195	0.01201	0.01211	A
196	0.04138	0.04148	A
197	0.06534	0.06765	C
198	0.00808	0.00839	T
199	0.04025	0.04202	A
200	0.00911	0.00936	T
201	0.05673	0.05706	C
202	0.03284	0.03372	C
203	0.01022	0.01226	T
204	0.00575	0.0069	G
205	0.05691	0.05699	C
206	0.03438	0.03471	C
207	0.04436	0.04479	C
208	0.00457	0.00737	G
209	0.04185	0.04186	C
210	0.01561	0.01572	C
211	0.03161	0.03676	A
212	0.01138	0.01331	T
213	0.04809	0.04948	C
214	0.0338	0.03637	A
215	0.01176	0.01227	T
216	0.04625	0.04689	C
217	0.03583	0.03633	C
218	0.00879	0.01004	T
219	0.05245	0.06395	A
220	0.00503	0.00531	G
221	0.01276	0.01331	T
222	0.03211	0.03227	C
223	0.03859	0.03879	C
224	0.01049	0.01176	T
225	0.03307	0.03435	C
226	0.02382	0.02971	A
227	0.02234	0.02464	T
228	0.0649	0.06714	C
229	0.0109	0.01192	G
230	0.06244	0.06257	C
231	0.0326	0.03263	C
232	0.03059	0.03112	C
233	0.01393	0.01821	T
234	0.04234	0.04237	C
235	0.04703	0.04706	C
236	0.03019	0.03092	C
237	0.0377	0.0447	A
238	0.03167	0.03332	T
239	0.05107	0.05116	C
240	0.04728	0.04739	C
241	0.02569	0.0259	C
242	0.0129	0.01506	T
243	0.06157	0.06333	A
244	0.07575	0.07642	C
245	0.00555	0.00678	G
246	0.0289	0.03872	C
247	0.02178	0.02298	A
248	0.01274	0.01306	T
249	0.06704	0.06711	C
250	0.02557	0.02587	C
251	0.00946	0.0095	T
252	0.02077	0.02084	T
253	0.0072	0.00725	T
254	0.02483	0.02905	A
255	0.04695	0.04747	C
256	0.03219	0.03312	A
257	0.01244	0.01406	T
258	0.0361	0.03619	A
259	0.02881	0.03005	A
260	0.05671	0.05837	C
261	0.04091	0.04229	A
262	0.00307	0.00322	G
263	0.03433	0.03462	A
264	0.06848	0.06892	C
265	0.0033	0.00339	G
266	0.01466	0.01511	A
267	0.00227	0.00228	G
268	0.00245	0.0025	G
269	0.00636	0.00718	T
270	0.0285	0.029	C
271	0.03171	0.03177	A
272	0.03222	0.03239	A
273	0.05572	0.05676	C
274	0.00639	0.00715	G
275	0.02843	0.02979	A
276	0.01487	0.01547	T
277	0.05544	0.05553	C
278	0.02041	0.02047	C
279	0.02122	0.02149	C
280	0.00852	0.01266	T
281	0.03587	0.03587	C
282	0.04653	0.04654	C
283	0.02366	0.02427	C
284	0.00908	0.00921	T
285	0.01264	0.0129	T
286	0.01604	0.02975	A
287	0.05359	0.0537	C
288	0.02544	0.02583	C
289	0.02278	0.02695	A
290	0.0132	0.01384	T
291	0.04484	0.04552	C
292	0.02233	0.02267	A
293	0.02896	0.03044	A
294	0.03187	0.0331	A
295	0.01029	0.01189	T
296	0.04897	0.04971	C
297	0.04087	0.04139	A
298	0.04048	0.04195	A
299	0.00952	0.0096	T
300	0.01642	0.01649	T
301	0.00609	0.00626	G
302	0.00313	0.00316	G
303	0.02605	0.0261	C
304	0.01208	0.01227	C
305	0.02339	0.03001	A
306	0.03454	0.03457	C
307	0.02466	0.02498	C
308	0.02653	0.02656	A
309	0.03263	0.03308	A
310	0.00767	0.00783	T
311	0.00324	0.00326	G
312	0.00238	0.00243	G
313	0.00324	0.00337	T
314	0.02738	0.02773	A
315	0.04328	0.0436	C
316	0.00757	0.0079	T
317	0.005	0.00656	G
318	0.03223	0.03284	A
319	0.02986	0.02999	A
320	0.05771	0.05782	C
321	0.02895	0.02926	C
322	0.00892	0.00957	T
323	0.03661	0.03705	A
324	0.05024	0.05055	C
325	0.00255	0.00265	G
326	0.01995	0.02066	A
327	0.00376	0.0039	G
328	0.00444	0.00479	T
329	0.01939	0.02018	A
330	0.02307	0.02358	C
331	0.04013	0.04044	A
332	0.04088	0.04093	C
333	0.03114	0.03131	C
334	0.00304	0.00441	G
335	0.04023	0.04055	A
336	0.03693	0.03721	C
337	0.00715	0.00743	T
338	0.0335	0.0361	A
339	0.04755	0.04787	C
340	0.00312	0.00325	G
341	0.00251	0.00257	G
342	0.02403	0.02432	C
343	0.00326	0.00328	G
344	0.00204	0.00213	G
345	0.02918	0.03659	A
346	0.04119	0.04166	C
347	0.00821	0.00847	T
348	0.02878	0.02894	A
349	0.02701	0.02735	A
350	0.00943	0.00982	T
351	0.05766	0.05821	C
352	0.01107	0.0111	T
353	0.01272	0.01293	T
354	0.05702	0.06053	C
355	0.0322	0.03333	A
356	0.04307	0.04356	A
357	0.049	0.05336	C
358	0.0139	0.01441	T
359	0.05348	0.05351	C
360	0.02651	0.02784	C
361	0.01058	0.0114	T
362	0.03328	0.03477	A
363	0.05317	0.05389	C
364	0.03638	0.03873	A
365	0.01438	0.01511	T
366	0.0471	0.04819	A
367	0.05814	0.06181	C
368	0.0132	0.01347	T
369	0.02176	0.02237	T
370	0.03496	0.03516	C
371	0.03972	0.04016	C
372	0.0565	0.05693	C
373	0.04774	0.04786	C
374	0.02634	0.02647	C
375	0.01916	0.02703	A
376	0.00961	0.00975	T
377	0.00815	0.00836	T
378	0.01777	0.0346	A
379	0.01104	0.01106	T
380	0.01016	0.01033	T
381	0.04629	0.04673	C
382	0.03049	0.03064	C
383	0.00986	0.01016	T
384	0.04189	0.04327	A
385	0.00608	0.00778	G
386	0.03441	0.03452	A
387	0.04324	0.04395	A
388	0.05382	0.05433	C
389	0.03635	0.03642	C
390	0.03411	0.04656	A
391	0.00266	0.00274	G
392	0.00405	0.00411	G
393	0.03807	0.03869	C
394	0.00765	0.0081	G
395	0.03724	0.03902	A
396	0.04885	0.04898	C
397	0.02795	0.02824	C
398	0.00887	0.00993	T
399	0.00246	0.00293	G
400	0.03947	0.04008	C
401	0.00508	0.00552	G
402	0.03709	0.03879	A
403	0.02937	0.02971	C
404	0.00858	0.00878	T
405	0.041	0.04103	C
406	0.03291	0.03338	C
407	0.00716	0.00719	T
408	0.00895	0.00901	T
409	0.00284	0.0035	G
410	0.02923	0.02936	A
411	0.04313	0.04327	C
412	0.00491	0.00495	G
413	0.00528	0.00537	T
414	0.00637	0.00644	T
415	0.00321	0.00353	G
416	0.06328	0.06366	A
417	0.01696	0.01725	C
418	0.0119	0.01192	A
419	0.01284	0.0131	A
420	0.00315	0.00329	T
421	0.01058	0.01066	C
422	0.00286	0.00295	G
423	0.02224	0.02437	A
424	0.0031	0.00318	G
425	0.00723	0.00775	T
426	0.04127	0.04233	A
427	0.00579	0.00661	G
428	0.00813	0.00879	T
429	0.03971	0.04135	A
430	0.03163	0.03236	C
431	0.00621	0.00668	T
432	0.01654	0.01655	C
433	0.02431	0.02432	C
434	0.01062	0.01067	C
435	0.00264	0.00349	G
436	0.01177	0.01202	A
437	0.00286	0.00296	T
438	0.0033	0.00333	T
439	0.0041	0.00457	G
440	0.0526	0.05289	A
441	0.05554	0.05665	A
442	0.01136	0.01251	G
443	0.03257	0.03296	C
444	0.01542	0.0155	C
445	0.04265	0.04271	C
446	0.03906	0.03912	C
447	0.02534	0.02543	C
448	0.03078	0.03233	A
449	0.00918	0.00927	T
450	0.00841	0.00846	T
451	0.0342	0.03538	C
452	0.0038	0.0041	G
453	0.00807	0.00872	T
454	0.02101	0.02155	A
455	0.00988	0.01035	T
456	0.02728	0.02754	A
457	0.02486	0.02755	A
458	0.01341	0.01405	T
459	0.02476	0.02481	A
460	0.03123	0.03475	A
461	0.01274	0.01291	T
462	0.01331	0.01355	T
463	0.02068	0.03878	A
464	0.0573	0.05879	C
465	0.03777	0.0384	A
466	0.01416	0.01535	T
467	0.04921	0.05075	C
468	0.03476	0.03557	A
469	0.06444	0.06672	C
470	0.04777	0.048	A
471	0.0194	0.02049	A
472	0.00273	0.00287	G
473	0.00717	0.0073	A
474	0.00514	0.00518	C
475	0.00339	0.00342	G
476	0.0016	0.00167	T
477	0.00398	0.00402	C
478	0.00258	0.00258	T
479	0.0031	0.00312	T
480	0.00256	0.00332	G
481	0.00729	0.00753	C
482	0.01277	0.0133	A
483	0.02593	0.02606	C
484	0.00534	0.00767	T
485	0.04018	0.04072	C
486	0.03793	0.04255	A
487	0.00782	0.0081	T
488	0.00329	0.00368	G
489	0.0115	0.01181	A
490	0.00234	0.0024	G
491	0.00708	0.00727	C
492	0.00546	0.00588	T
493	0.00527	0.00718	G
494	0.01707	0.01848	T
495	0.03275	0.03297	C
496	0.03525	0.0354	C
497	0.04004	0.04012	C
498	0.04545	0.04566	C
499	0.02025	0.02299	A
500	0.04518	0.04565	C
501	0.03036	0.03176	A
502	0.01073	0.01093	T
503	0.01403	0.01429	T
504	0.03122	0.04839	A
505	0.00248	0.00253	G
506	0.00192	0.00199	G
507	0.0091	0.00955	C
508	0.00355	0.00374	T
509	0.00605	0.00642	T
510	0.00482	0.00497	A
511	0.02275	0.02284	A
512	0.01485	0.01486	A
513	0.03082	0.03084	A
514	0.02638	0.02641	A
515	0.11329	0.11748	C
516	0.02354	0.02702	A
517	0.00372	0.00398	G
518	0.034	0.03474	A
519	0.00304	0.00312	T
520	0.00265	0.00291	G
521	0.00796	0.00825	C
522	0.01992	0.02004	A
523	0.03713	0.03752	A
524	0.01009	0.01019	T
525	0.01123	0.01133	T
526	0.05019	0.05029	C
527	0.0529	0.05297	C
528	0.05616	0.0562	C
529	0.00217	0.00225	G
530	0.00188	0.00201	G
531	0.00734	0.00837	A
532	0.00491	0.00499	C
533	0.00414	0.00425	G
534	0.0021	0.0023	T
535	0.00625	0.00638	C
536	0.00426	0.00516	T
537	0.01283	0.01322	A
538	0.03219	0.0324	A
539	0.03654	0.03669	A
540	0.06343	0.06365	C
541	0.02834	0.02868	C
542	0.02138	0.02181	A
543	0.03216	0.03278	A
544	0.04097	0.04105	A
545	0.07475	0.07555	C
546	0.04312	0.04373	C
547	0.02251	0.03128	A
548	0.06214	0.06349	C
549	0.00587	0.00624	T
550	0.0122	0.01238	T
551	0.01783	0.01788	T
552	0.05672	0.06055	C
553	0.0401	0.04225	A
554	0.06662	0.06663	C
555	0.06338	0.06401	C
556	0.00518	0.00773	G
557	0.04411	0.04561	C
558	0.01347	0.01433	T
559	0.04591	0.04769	A
560	0.04956	0.05052	C
561	0.03904	0.04144	A
562	0.05269	0.05387	C
563	0.00511	0.00603	G
564	0.02725	0.02774	A
565	0.04295	0.04302	C
566	0.02962	0.03	C
567	0.00395	0.00397	G
568	0.00131	0.00131	G
569	0.00135	0.00135	G
570	0.00186	0.00186	G
571	0.00276	0.00277	G
572	0.00239	0.00266	T
573	0.0209	0.02117	A
574	0.00473	0.00479	T
575	0.03417	0.03437	A
576	0.02607	0.02666	C
577	0.00284	0.00308	T
578	0.01722	0.01758	A
579	0.0457	0.04621	C
580	0.00276	0.00278	G
581	0.00202	0.00203	G
582	0.002	0.00214	T
583	0.01408	0.01432	C
584	0.01829	0.01835	A
585	0.01441	0.01452	A
586	0.00365	0.00375	T
587	0.00244	0.00255	G
588	0.02877	0.02896	C
589	0.00419	0.00424	T
590	0.03771	0.03785	C
591	0.00257	0.00263	T
592	0.0024	0.00257	G
593	0.00403	0.00408	A
594	0.00617	0.00622	A
595	0.00724	0.00725	A
596	0.01046	0.01163	T
597	0.0065	0.00655	C
598	0.0013	0.00133	T
599	0.00318	0.0033	G
600	0.00116	0.00123	T
601	0.00167	0.00168	G
602	0.00197	0.00205	G
603	0.06513	0.07994	A
604	0.00469	0.00496	G
605	0.06019	0.06647	C
606	0.01839	0.01848	A
607	0.03552	0.03586	A
608	0.05485	0.05492	A
609	0.00274	0.00275	C
610	0.00158	0.00159	C
611	0.00463	0.00588	A
612	0.00393	0.00397	C
613	0.00441	0.00487	A
614	0.0035	0.00355	G
615	0.00153	0.00154	T
616	0.00115	0.00115	T
617	0.0013	0.0013	T
618	0.00542	0.00563	C
619	0.01744	0.01898	A
620	0.01044	0.01076	T
621	0.00331	0.00369	G
622	0.02645	0.0265	C
623	0.03725	0.03729	C
624	0.01416	0.01421	C
625	0.02437	0.02812	A
626	0.00502	0.00552	T
627	0.04306	0.04336	C
628	0.00361	0.00416	G
629	0.00404	0.00416	T
630	0.01334	0.01337	C
631	0.01185	0.01189	C
632	0.004	0.0042	T
633	0.02037	0.02086	A
634	0.00624	0.00663	G
635	0.03062	0.03072	A
636	0.03023	0.0305	A
637	0.00957	0.00985	T
638	0.0106	0.01123	T
639	0.02426	0.02451	A
640	0.03735	0.03836	A
641	0.0141	0.01423	T
642	0.0215	0.0221	T
643	0.04927	0.05069	C
644	0.03525	0.03574	C
645	0.03132	0.03183	C
646	0.02376	0.02402	C
647	0.0235	0.02481	T
648	0.00345	0.00368	A
649	0.01568	0.01595	A
650	0.01246	0.01261	A
651	0.02117	0.02136	A
652	0.0191	0.01948	A
653	0.00987	0.01049	T
654	0.0437	0.04466	C
655	0.00528	0.00528	T
656	0.00773	0.00774	T
657	0.00632	0.00634	T
658	0.00368	0.00437	G
659	0.00941	0.00944	A
660	0.02349	0.02354	A
661	0.01635	0.01636	A
662	0.00377	0.00403	T
663	0.03235	0.03297	A
664	0.00322	0.00326	G
665	0.0023	0.00232	G
666	0.0032	0.0032	G
667	0.03704	0.0371	C
668	0.04147	0.04148	C
669	0.03752	0.03752	C
670	0.00274	0.00344	G
671	0.0082	0.00883	T
672	0.01364	0.01383	A
673	0.00859	0.00859	T
674	0.00793	0.00793	T
675	0.00961	0.00966	T
676	0.04418	0.04789	A
677	0.01493	0.01494	C
678	0.01222	0.01222	C
679	0.00962	0.00962	C
680	0.00267	0.00285	T
681	0.01053	0.01053	A
682	0.00025	0.00025	T
683	0.0	0.0	A
684	0.0	0.0	G
