Position	Mismatches	Mismatches + Deletions	Base
1	0.0	0.0	A
2	0.0	0.0	T
3	0.0	0.0	G
4	0.02277	0.02277	A
5	0.03896	0.04122	C
6	0.02558	0.02558	C
7	0.01959	0.01959	C
8	0.02169	0.0276	A
9	0.03958	0.0404	C
10	0.03553	0.0358	C
11	0.02027	0.0203	A
12	0.02732	0.02754	A
13	0.01191	0.01306	T
14	0.04081	0.04119	C
15	0.03458	0.03572	A
16	0.04734	0.05012	C
17	0.02495	0.02705	A
18	0.01159	0.01216	T
19	0.00328	0.00339	G
20	0.05231	0.05237	C
21	0.02058	0.02067	C
22	0.00879	0.00933	T
23	0.02723	0.02756	A
24	0.00883	0.00931	T
25	0.03808	0.03906	C
26	0.02405	0.02581	A
27	0.01421	0.01466	T
28	0.03421	0.0361	A
29	0.00963	0.00989	T
30	0.04788	0.04896	A
31	0.0053	0.0062	G
32	0.01118	0.01235	T
33	0.03605	0.03623	A
34	0.02102	0.0211	A
35	0.03709	0.03725	A
36	0.04882	0.04921	A
37	0.07635	0.07911	C
38	0.03941	0.03948	C
39	0.03027	0.03032	C
40	0.03571	0.04601	A
41	0.00613	0.00666	G
42	0.05736	0.05745	C
43	0.04051	0.04055	C
44	0.03951	0.03965	C
45	0.02524	0.03503	A
46	0.01126	0.01193	T
47	0.00374	0.00439	G
48	0.04555	0.04624	A
49	0.01004	0.0101	C
50	0.00984	0.00987	C
51	0.01066	0.01068	C
52	0.00626	0.00627	C
53	0.00804	0.00833	T
54	0.04574	0.04603	A
55	0.03839	0.03851	A
56	0.06654	0.06745	C
57	0.04893	0.05023	A
58	0.00167	0.00179	G
59	0.00131	0.00132	G
60	0.00161	0.00161	G
61	0.00456	0.00457	G
62	0.02661	0.02665	C
63	0.02106	0.02108	C
64	0.0394	0.03941	C
65	0.01086	0.01253	T
66	0.0444	0.04479	C
67	0.01279	0.01677	T
68	0.05188	0.05338	C
69	0.04644	0.04987	A
70	0.00951	0.00991	G
71	0.05514	0.05522	C
72	0.0231	0.02319	C
73	0.02532	0.0257	C
74	0.01051	0.01237	T
75	0.04523	0.04524	C
76	0.03164	0.03268	C
77	0.01331	0.01382	T
78	0.03904	0.0396	A
79	0.03652	0.03688	A
80	0.01748	0.01799	T
81	0.00626	0.00737	G
82	0.04408	0.04452	A
83	0.06131	0.06166	C
84	0.03672	0.03702	C
85	0.01153	0.01418	T
86	0.0613	0.0614	C
87	0.03607	0.03649	C
88	0.00503	0.00526	G
89	0.0022	0.00221	G
90	0.00869	0.00869	C
91	0.00511	0.00519	C
92	0.00449	0.00481	T
93	0.01094	0.01158	A
94	0.00229	0.00233	G
95	0.05048	0.0505	C
96	0.02971	0.02973	C
97	0.0118	0.01531	A
98	0.00428	0.00436	T
99	0.00233	0.00239	G
100	0.00475	0.00504	T
101	0.00223	0.0024	G
102	0.0369	0.0381	A
103	0.00452	0.00454	T
104	0.00829	0.00841	T
105	0.01083	0.01085	T
106	0.04665	0.04897	C
107	0.02782	0.02898	A
108	0.03242	0.03333	C
109	0.01438	0.01483	T
110	0.01433	0.01458	T
111	0.09842	0.09853	C
112	0.05054	0.05192	C
113	0.03271	0.04694	A
114	0.02145	0.02199	C
115	0.01011	0.01078	T
116	0.03501	0.03502	C
117	0.03357	0.03397	C
118	0.02246	0.04245	A
119	0.01268	0.01436	T
120	0.03897	0.03917	A
121	0.03559	0.04019	A
122	0.07065	0.07365	C
123	0.00584	0.0062	G
124	0.04629	0.04689	C
125	0.00798	0.00841	T
126	0.03061	0.03063	C
127	0.01479	0.015	C
128	0.00528	0.00678	T
129	0.01598	0.01625	C
130	0.00748	0.00993	A
131	0.00479	0.00493	T
132	0.06064	0.06156	A
133	0.00981	0.01014	C
134	0.00465	0.00495	T
135	0.00822	0.01001	A
136	0.00203	0.00213	G
137	0.00306	0.00311	G
138	0.01058	0.01062	C
139	0.00558	0.00574	C
140	0.00841	0.00931	T
141	0.02802	0.02843	A
142	0.0485	0.05038	C
143	0.0126	0.01363	T
144	0.03297	0.03334	A
145	0.03176	0.03268	A
146	0.07381	0.07397	C
147	0.04961	0.04992	C
148	0.02826	0.02859	A
149	0.02791	0.02809	A
150	0.06079	0.06257	C
151	0.04129	0.04307	A
152	0.05247	0.05526	C
153	0.02693	0.02746	A
154	0.04789	0.04985	C
155	0.01589	0.01712	T
156	0.0321	0.03227	A
157	0.0368	0.03717	A
158	0.04481	0.04492	C
159	0.03685	0.03701	C
160	0.02137	0.02742	A
161	0.01078	0.01133	T
162	0.02928	0.03162	A
163	0.01261	0.01359	T
164	0.04251	0.04311	A
165	0.05125	0.05182	C
166	0.04409	0.04454	C
167	0.02855	0.02859	A
168	0.0348	0.03537	A
169	0.01006	0.01038	T
170	0.00376	0.00576	G
171	0.03253	0.03343	A
172	0.01246	0.01293	T
173	0.00345	0.0035	G
174	0.00407	0.00429	G
175	0.04312	0.0444	C
176	0.00625	0.00644	G
177	0.04109	0.04245	C
178	0.00508	0.00555	G
179	0.02843	0.03002	A
180	0.00879	0.00889	T
181	0.0043	0.00454	G
182	0.00824	0.00958	T
183	0.0354	0.03555	A
184	0.03234	0.03275	A
185	0.04665	0.04822	C
186	0.03455	0.03499	A
187	0.06617	0.06724	C
188	0.00585	0.00636	G
189	0.04457	0.04556	A
190	0.00584	0.00614	G
191	0.03537	0.03562	A
192	0.03249	0.03257	A
193	0.04249	0.04321	A
194	0.00584	0.00671	G
195	0.05704	0.05869	C
196	0.03209	0.03519	A
197	0.05774	0.0596	C
198	0.0323	0.03759	A
199	0.01053	0.01157	T
200	0.03871	0.03895	A
201	0.05699	0.05731	C
202	0.03571	0.03611	C
203	0.01972	0.01977	A
204	0.01612	0.01669	A
205	0.00218	0.00234	G
206	0.00279	0.00285	G
207	0.00722	0.00735	C
208	0.00396	0.00438	C
209	0.0301	0.04241	A
210	0.05006	0.05011	C
211	0.03603	0.03804	C
212	0.01815	0.05015	A
213	0.05214	0.05661	C
214	0.03508	0.04387	A
215	0.06548	0.07008	C
216	0.02602	0.0279	A
217	0.06043	0.06046	C
218	0.05519	0.05913	C
219	0.02458	0.03015	A
220	0.06607	0.06609	C
221	0.01716	0.01795	C
222	0.00966	0.01057	T
223	0.00412	0.00473	G
224	0.01133	0.01154	T
225	0.0391	0.03915	C
226	0.05319	0.05336	C
227	0.00153	0.0017	A
228	0.02335	0.0234	A
229	0.02972	0.02975	A
230	0.04372	0.04376	A
231	0.0367	0.03674	A
232	0.00251	0.00258	G
233	0.00235	0.00239	G
234	0.01084	0.01085	C
235	0.00505	0.00509	C
236	0.00194	0.00197	T
237	0.00442	0.00444	T
238	0.0516	0.05547	C
239	0.00687	0.00711	G
240	0.04221	0.04311	A
241	0.00894	0.00925	T
242	0.04088	0.04165	A
243	0.05561	0.05776	C
244	0.00359	0.00362	G
245	0.00218	0.00223	G
246	0.00261	0.00268	G
247	0.02433	0.03766	A
248	0.00943	0.01014	T
249	0.03167	0.03179	A
250	0.03382	0.04027	A
251	0.0108	0.0114	T
252	0.0639	0.06475	C
253	0.02904	0.02967	C
254	0.00671	0.0071	T
255	0.03314	0.0353	A
256	0.00883	0.00887	T
257	0.01108	0.01108	T
258	0.01088	0.01104	T
259	0.04151	0.04715	A
260	0.01179	0.0118	T
261	0.01335	0.01441	T
262	0.0319	0.0551	A
263	0.09346	0.09504	C
264	0.01801	0.02013	C
265	0.00444	0.00571	T
266	0.01655	0.01686	C
267	0.01427	0.01532	A
268	0.00586	0.00708	G
269	0.00401	0.00481	A
270	0.00587	0.00669	A
271	0.92751	0.94361	G
272	0.01147	0.01269	T
273	0.00148	0.002	T
274	0.00131	0.0014	T
275	0.00244	0.00246	T
276	0.00249	0.0025	T
277	0.00462	0.00463	T
278	0.004	0.004	T
279	0.0665	0.07952	C
280	0.00748	0.00748	T
281	0.01274	0.0129	T
282	0.09295	0.09986	C
283	0.00845	0.00958	G
284	0.05751	0.0593	C
285	0.04035	0.04146	A
286	0.00521	0.00582	G
287	0.00684	0.0075	G
288	0.01465	0.01694	A
289	0.00116	0.00118	T
290	0.00139	0.00141	T
291	0.00099	0.001	T
292	0.00186	0.00186	T
293	0.00206	0.00207	T
294	0.0117	0.0138	C
295	0.0037	0.0039	T
296	0.00336	0.0042	G
297	0.01418	0.01452	A
298	0.00389	0.00428	G
299	0.03961	0.03998	C
300	0.03319	0.03419	C
301	0.00416	0.00419	T
302	0.00813	0.00816	T
303	0.00904	0.00907	T
304	0.01305	0.01312	T
305	0.03657	0.04608	A
306	0.0886	0.08894	C
307	0.04372	0.04399	C
308	0.02518	0.03499	A
309	0.05017	0.05094	C
310	0.00958	0.0102	T
311	0.04127	0.0413	C
312	0.03382	0.03446	C
313	0.03406	0.04632	A
314	0.00248	0.00265	G
315	0.02107	0.02111	C
316	0.00929	0.00947	C
317	0.00774	0.00867	T
318	0.05787	0.06152	A
319	0.00917	0.00975	G
320	0.02647	0.02675	C
321	0.00818	0.00828	C
322	0.01765	0.01775	C
323	0.01924	0.01953	C
324	0.01274	0.01533	T
325	0.03012	0.03344	A
326	0.02136	0.02149	C
327	0.02131	0.02185	C
328	0.02939	0.03041	C
329	0.02962	0.02983	C
330	0.02839	0.02843	C
331	0.03253	0.0326	C
332	0.0179	0.01816	A
333	0.02689	0.02691	A
334	0.01057	0.01061	T
335	0.00793	0.00795	T
336	0.03106	0.03649	A
337	0.00164	0.00167	G
338	0.00184	0.00189	G
339	0.03219	0.03802	A
340	0.00161	0.00162	G
341	0.0012	0.0012	G
342	0.0024	0.00241	G
343	0.01316	0.015	C
344	0.03779	0.03841	A
345	0.03645	0.03673	C
346	0.00473	0.00491	T
347	0.00289	0.0029	G
348	0.00294	0.00297	G
349	0.02302	0.02305	C
350	0.01986	0.01988	C
351	0.03279	0.03281	C
352	0.03459	0.0346	C
353	0.04029	0.04029	C
354	0.02948	0.02981	A
355	0.02941	0.02974	A
356	0.05849	0.05958	C
357	0.03197	0.03384	A
358	0.0028	0.00292	G
359	0.00531	0.00535	G
360	0.03143	0.03202	C
361	0.04315	0.04407	A
362	0.0171	0.02098	T
363	0.04187	0.0441	C
364	0.0341	0.03597	A
365	0.07806	0.07817	C
366	0.04538	0.04541	C
367	0.03594	0.03595	C
368	0.04188	0.04196	C
369	0.01283	0.01423	G
370	0.03767	0.03832	C
371	0.00957	0.00987	T
372	0.01996	0.02015	A
373	0.02868	0.02884	A
374	0.02591	0.02626	A
375	0.01761	0.01908	T
376	0.03774	0.03807	C
377	0.03167	0.0317	C
378	0.04476	0.04479	C
379	0.03067	0.03069	C
380	0.00866	0.00898	T
381	0.04818	0.04912	A
382	0.00389	0.00414	G
383	0.02649	0.02655	A
384	0.02895	0.03002	A
385	0.00539	0.00642	G
386	0.01521	0.01673	T
387	0.03608	0.0362	C
388	0.03822	0.03832	C
389	0.0348	0.03497	C
390	0.02774	0.03485	A
391	0.04627	0.04712	C
392	0.01172	0.01238	T
393	0.03859	0.03861	C
394	0.02183	0.02267	C
395	0.00953	0.01069	T
396	0.02993	0.03057	A
397	0.03147	0.03174	A
398	0.02515	0.02533	A
399	0.05124	0.05534	C
400	0.03036	0.03251	A
401	0.04807	0.05105	C
402	0.02932	0.03149	A
403	0.01331	0.0142	T
404	0.03787	0.03798	C
405	0.04905	0.04923	C
406	0.00407	0.00631	G
407	0.00881	0.00968	T
408	0.03333	0.03428	A
409	0.01504	0.01508	T
410	0.01498	0.01542	T
411	0.01748	0.03452	A
412	0.04438	0.04539	C
413	0.01115	0.0124	T
414	0.02933	0.03007	C
415	0.00558	0.00656	G
416	0.0135	0.01497	C
417	0.03571	0.03617	A
418	0.00349	0.00393	T
419	0.01212	0.01218	C
420	0.00981	0.01013	A
421	0.00137	0.00139	G
422	0.00177	0.00182	G
423	0.03098	0.04206	A
424	0.00445	0.00453	G
425	0.00613	0.00717	T
426	0.04352	0.04394	A
427	0.02469	0.02533	T
428	0.05992	0.06048	C
429	0.03466	0.03499	A
430	0.03205	0.03367	A
431	0.00936	0.01126	T
432	0.03049	0.03114	C
433	0.03406	0.03454	A
434	0.01798	0.01813	C
435	0.00836	0.00847	C
436	0.00341	0.00376	T
437	0.00256	0.00305	G
438	0.01874	0.01938	A
439	0.00425	0.00434	G
440	0.0214	0.02202	C
441	0.0107	0.01233	T
442	0.04742	0.04788	C
443	0.03526	0.03623	A
444	0.0656	0.06562	C
445	0.0458	0.04654	C
446	0.02583	0.03284	A
447	0.01139	0.01216	T
448	0.03867	0.03955	A
449	0.00377	0.00432	G
450	0.01142	0.01174	T
451	0.03734	0.03765	C
452	0.01227	0.01311	T
453	0.02888	0.02914	A
454	0.02885	0.0292	A
455	0.01708	0.0203	T
456	0.03987	0.0404	A
457	0.01581	0.01881	G
458	0.02953	0.0296	A
459	0.01807	0.01808	A
460	0.03285	0.03286	A
461	0.03139	0.03161	A
462	0.09311	0.11153	C
463	0.03721	0.03722	A
464	0.0426	0.04339	A
465	0.06751	0.06787	C
466	0.04862	0.04947	C
467	0.01061	0.01585	G
468	0.0177	0.01851	A
469	0.02473	0.02504	A
470	0.03224	0.03237	A
471	0.06814	0.06842	C
472	0.04415	0.04535	C
473	0.01217	0.01237	A
474	0.02517	0.02536	A
475	0.02573	0.02618	A
476	0.01575	0.01902	T
477	0.02732	0.02733	A
478	0.02918	0.03426	A
479	0.00949	0.00964	T
480	0.01127	0.01158	T
481	0.04621	0.04869	C
482	0.0258	0.02591	A
483	0.03281	0.03308	A
484	0.0076	0.00915	G
485	0.04383	0.0454	C
486	0.03635	0.03949	A
487	0.05265	0.05488	C
488	0.01172	0.01231	T
489	0.00279	0.00306	G
490	0.03103	0.03172	C
491	0.00734	0.00745	T
492	0.00725	0.0075	T
493	0.01847	0.03185	A
494	0.0118	0.01187	T
495	0.01197	0.01286	T
496	0.01993	0.04476	A
497	0.06934	0.07273	C
498	0.02711	0.02726	A
499	0.03366	0.0353	A
500	0.00585	0.00592	T
501	0.00758	0.00761	T
502	0.00976	0.00982	T
503	0.01049	0.0105	T
504	0.0415	0.05745	A
505	0.05733	0.05856	C
506	0.00861	0.00876	T
507	0.00259	0.00262	G
508	0.00284	0.00287	G
509	0.00338	0.00382	G
510	0.00641	0.00721	T
511	0.03066	0.03134	C
512	0.00801	0.00824	T
513	0.0494	0.05137	C
514	0.00941	0.00955	T
515	0.04105	0.04256	A
516	0.00567	0.00567	T
517	0.01104	0.01105	T
518	0.01193	0.01194	T
519	0.01306	0.01311	T
520	0.03046	0.03633	A
521	0.053	0.05324	C
522	0.022	0.02211	C
523	0.01943	0.01964	C
524	0.00658	0.0087	T
525	0.0451	0.04512	C
526	0.02391	0.02541	C
527	0.00919	0.00989	T
528	0.04393	0.04564	A
529	0.06602	0.06726	C
530	0.03866	0.03931	A
531	0.02976	0.0311	A
532	0.00301	0.00351	G
533	0.03062	0.03065	C
534	0.01367	0.01376	C
535	0.0058	0.0089	T
536	0.03993	0.04012	C
537	0.0302	0.03322	A
538	0.00254	0.00265	G
539	0.03302	0.03385	A
540	0.00524	0.0054	G
541	0.01212	0.01245	T
542	0.03638	0.03694	A
543	0.03926	0.0398	C
544	0.00703	0.00707	T
545	0.01007	0.0101	T
546	0.03615	0.03901	C
547	0.00783	0.00834	G
548	0.0432	0.0443	A
549	0.0047	0.00487	G
550	0.00844	0.01013	T
551	0.02516	0.02578	C
552	0.00977	0.01077	T
553	0.04863	0.04885	C
554	0.04847	0.04853	C
555	0.03554	0.03695	C
556	0.00923	0.00944	T
557	0.01382	0.01406	T
558	0.07213	0.08675	C
559	0.04071	0.04287	A
560	0.08365	0.0837	C
561	0.04194	0.04279	C
562	0.03126	0.03695	A
563	0.00551	0.00563	T
564	0.00993	0.00998	T
565	0.00632	0.00633	T
566	0.03114	0.03122	C
567	0.02932	0.02957	C
568	0.00365	0.00513	G
569	0.03426	0.03515	A
570	0.04312	0.04446	C
571	0.0034	0.00346	G
572	0.00331	0.0034	G
573	0.04442	0.04574	C
574	0.03945	0.04072	A
575	0.00653	0.00672	T
576	0.02454	0.02497	C
577	0.00518	0.00556	T
578	0.04524	0.05069	A
579	0.05616	0.05682	C
580	0.00292	0.00308	G
581	0.00312	0.00335	G
582	0.01165	0.01346	C
583	0.00333	0.0039	T
584	0.02786	0.02848	C
585	0.03099	0.03184	A
586	0.02247	0.02265	A
587	0.06195	0.06396	C
588	0.01756	0.0188	A
589	0.00143	0.00151	T
590	0.00219	0.0022	T
591	0.00449	0.00449	T
592	0.00721	0.00721	T
593	0.00663	0.00663	T
594	0.00405	0.00405	T
595	0.00561	0.00668	G
596	0.01081	0.01401	T
597	0.01569	0.01695	A
598	0.00415	0.00428	G
599	0.00397	0.00399	C
600	0.00302	0.00309	C
601	0.04247	0.0539	A
602	0.06111	0.06338	C
603	0.02927	0.03587	A
604	0.00166	0.00175	G
605	0.00211	0.00213	G
606	0.02254	0.0231	C
607	0.00535	0.00538	T
608	0.00514	0.00516	T
609	0.04371	0.04372	C
610	0.03962	0.03984	C
611	0.03574	0.04284	A
612	0.03556	0.03613	C
613	0.00326	0.00369	G
614	0.0023	0.00235	G
615	0.02021	0.02579	A
616	0.05971	0.06008	C
617	0.00669	0.00684	T
618	0.0106	0.01085	T
619	0.04123	0.0448	C
620	0.03316	0.03471	A
621	0.07047	0.07104	C
622	0.00425	0.00526	G
623	0.00714	0.00986	T
624	0.0258	0.02596	C
625	0.03417	0.03475	A
626	0.01001	0.01004	T
627	0.00863	0.00875	T
628	0.0221	0.04827	A
629	0.00976	0.00977	T
630	0.01162	0.01172	T
631	0.00416	0.00423	G
632	0.00448	0.00455	G
633	0.03255	0.03385	C
634	0.00955	0.01056	T
635	0.05115	0.05215	C
636	0.03686	0.03813	A
637	0.05193	0.0521	A
638	0.06063	0.06272	C
639	0.00389	0.00405	T
640	0.01243	0.01258	T
641	0.00927	0.00933	T
642	0.04994	0.05034	C
643	0.03993	0.04048	C
644	0.01661	0.01986	T
645	0.04881	0.04986	C
646	0.03982	0.04375	A
647	0.06726	0.0696	C
648	0.01218	0.01263	T
649	0.03925	0.04184	A
650	0.01159	0.01216	T
651	0.05223	0.05336	C
652	0.01361	0.01386	T
653	0.0037	0.00465	G
654	0.05033	0.05136	C
655	0.01358	0.01361	T
656	0.01191	0.01213	T
657	0.02863	0.03002	C
658	0.02831	0.0304	A
659	0.01225	0.0137	T
660	0.05942	0.05978	C
661	0.07251	0.07468	C
662	0.00448	0.0075	G
663	0.04936	0.04941	C
664	0.03015	0.03039	C
665	0.01301	0.01338	A
666	0.02231	0.02236	A
667	0.05125	0.05298	C
668	0.00766	0.00787	T
669	0.02806	0.02833	A
670	0.02547	0.02616	A
671	0.0072	0.00742	T
672	0.03565	0.03674	A
673	0.00436	0.00439	T
674	0.00913	0.00919	T
675	0.02109	0.02119	T
676	0.05373	0.05678	C
677	0.07846	0.07907	A
678	0.03538	0.03596	C
679	0.00576	0.00587	T
680	0.01167	0.01173	T
681	0.00888	0.00894	T
682	0.02634	0.03049	A
683	0.0379	0.03985	C
684	0.0266	0.02729	A
685	0.01517	0.01633	T
686	0.03871	0.03903	C
687	0.03119	0.03159	C
688	0.0165	0.0168	A
689	0.03501	0.03598	A
690	0.0338	0.0339	A
691	0.04976	0.05577	C
692	0.03444	0.0357	A
693	0.01391	0.01556	T
694	0.04265	0.04365	C
695	0.03452	0.03503	A
696	0.05492	0.05639	C
697	0.00676	0.00684	T
698	0.00793	0.00794	T
699	0.00776	0.00777	T
700	0.00155	0.00158	G
701	0.00228	0.0023	G
702	0.01459	0.01495	C
703	0.00326	0.00329	T
704	0.00872	0.00874	T
705	0.05427	0.05748	C
706	0.00463	0.00533	G
707	0.0289	0.02922	A
708	0.02427	0.02451	A
709	0.00314	0.0034	G
710	0.00861	0.00881	C
711	0.0254	0.02551	C
712	0.00546	0.00679	G
713	0.05154	0.05156	C
714	0.02828	0.02874	C
715	0.00495	0.00671	G
716	0.01676	0.01676	C
717	0.01049	0.01052	C
718	0.00436	0.00518	T
719	0.00333	0.00513	G
720	0.04354	0.04414	A
721	0.00941	0.0097	T
722	0.037	0.03793	A
723	0.06076	0.062	C
724	0.00964	0.00974	T
725	0.00225	0.00227	G
726	0.00315	0.00322	G
727	0.01017	0.01041	C
728	0.03396	0.0343	A
729	0.00259	0.0026	T
730	0.00615	0.00616	T
731	0.00816	0.00816	T
732	0.00905	0.00905	T
733	0.00329	0.00451	G
734	0.00648	0.00662	T
735	0.0309	0.0315	A
736	0.00419	0.00427	G
737	0.01975	0.02025	A
738	0.00496	0.00507	T
739	0.00342	0.00355	G
740	0.00941	0.00984	T
741	0.003	0.00301	G
742	0.00373	0.00393	G
743	0.0058	0.00581	T
744	0.01012	0.01016	T
745	0.00996	0.00998	T
746	0.00469	0.0059	G
747	0.05062	0.05134	A
748	0.03199	0.03261	C
749	0.0058	0.00593	T
750	0.04485	0.04868	A
751	0.0041	0.00412	T
752	0.01139	0.01141	T
753	0.01772	0.01777	T
754	0.04852	0.05117	C
755	0.01585	0.0159	T
756	0.0054	0.00653	G
757	0.00945	0.01011	T
758	0.03695	0.03803	A
759	0.01141	0.01151	T
760	0.00473	0.00498	G
761	0.00472	0.00523	T
762	0.00779	0.00801	C
763	0.00557	0.00568	T
764	0.01724	0.01727	C
765	0.01052	0.01085	C
766	0.00768	0.01042	A
767	0.00304	0.00316	T
768	0.0181	0.01843	C
769	0.00518	0.00526	T
770	0.03548	0.03714	A
771	0.005	0.005	T
772	0.00983	0.00986	T
773	0.00544	0.0059	G
774	0.02125	0.02185	A
775	0.00807	0.0083	T
776	0.00766	0.00955	G
777	0.04457	0.04573	A
778	0.00512	0.00512	G
779	0.00347	0.00347	G
780	0.00417	0.00417	G
781	0.00694	0.00778	T
782	0.03076	0.03094	C
783	0.00936	0.00936	T
784	0.00026	0.00026	T
785	0.0	0.0	A
786	0.0	0.0	A
