Position	Mismatches	Mismatches + Deletions	Base
1	0.0	0.0	A
2	0.0	0.0	T
3	0.0	0.0	A
4	0.0	0.0	A
5	0.0	0.0	A
6	0.0	0.0	C
7	0.0	0.0	T
8	0.0	0.0	T
9	0.0	0.0	C
10	0.0	0.0	G
11	0.0	0.0	C
12	0.0	0.0	C
13	0.0	0.0	T
14	0.0	0.0	T
15	0.0	0.0	A
16	0.0	0.0	A
17	0.0	0.0	T
18	0.0	0.0	T
19	0.0	0.0	T
20	0.0	0.0	T
21	0.0	0.0	A
22	0.0	0.0	A
23	0.0	0.0	T
24	0.0	0.0	A
25	0.0	0.0	A
26	0.0	0.0	T
27	0.0	0.0	C
28	0.0	0.0	A
29	0.0	0.0	A
30	0.0	0.0	C
31	0.0	0.0	A
32	0.0	0.0	C
33	0.0	0.0	C
34	0.0	0.0	C
35	0.0	0.0	T
36	0.0	0.0	C
37	0.0	0.0	C
38	0.0	0.0	T
39	0.0	0.0	A
40	0.0	0.0	G
41	0.0	0.0	C
42	0.0	0.0	C
43	0.0	0.0	T
44	0.0	0.0	T
45	0.0	0.0	A
46	0.0	0.0	C
47	0.0	0.0	T
48	0.0	0.0	A
49	0.0	0.0	C
50	0.0	0.0	T
51	0.0	0.0	A
52	0.0	0.0	A
53	0.0	0.0	T
54	0.0	0.0	A
55	0.0	0.0	A
56	0.0	0.0	T
57	0.0	0.0	T
58	0.0	0.0	A
59	0.0	0.0	T
60	0.0	0.0	T
61	0.0	0.0	A
62	0.0	0.0	C
63	0.0	0.0	A
64	0.0	0.0	T
65	0.0	0.0	T
66	0.0	0.0	T
67	0.0	0.0	T
68	0.0	0.0	G
69	0.0	0.0	A
70	0.0	0.0	C
71	0.0	0.0	T
72	0.0	0.0	A
73	0.0	0.0	C
74	0.0	0.0	C
75	0.0	0.0	A
76	0.0	0.0	C
77	0.0	0.0	A
78	0.0	0.0	A
79	0.0	0.0	C
80	0.0	0.0	T
81	0.0	0.0	C
82	0.0	0.0	A
83	0.0	0.0	A
84	0.0	0.0	C
85	0.0	0.0	G
86	0.0	0.0	G
87	0.0	0.0	C
88	0.0	0.0	T
89	0.0	0.0	A
90	0.0	0.0	C
91	0.0	0.0	A
92	0.0	0.0	T
93	0.0	0.0	A
94	0.0	0.0	G
95	0.0	0.0	A
96	0.0	0.0	A
97	0.0	0.0	A
98	0.0	0.0	A
99	0.0	0.0	A
100	0.0	0.0	T
101	0.0	0.0	C
102	0.0	0.0	C
103	0.0	0.0	A
104	0.0	0.0	C
105	0.0	0.0	C
106	0.0	0.0	C
107	0.0	0.0	C
108	0.0	0.0	T
109	0.0	0.0	T
110	0.0	0.0	A
111	0.0	0.0	C
112	0.0	0.0	G
113	0.0	0.0	A
114	0.0	0.0	G
115	0.0	0.0	T
116	0.0	0.0	G
117	0.0	0.0	C
118	0.0	0.0	G
119	0.0	0.0	G
120	0.0	0.0	C
121	0.0	0.0	T
122	0.0	0.0	T
123	0.0	0.0	C
124	0.0	0.0	G
125	0.0	0.0	A
126	0.0	0.0	C
127	0.0	0.0	C
128	0.0	0.0	C
129	0.0	0.0	T
130	0.0	0.0	A
131	0.0	0.0	T
132	0.0	0.0	A
133	0.0	0.0	T
134	0.0	0.0	C
135	0.0	0.0	C
136	0.0	0.0	C
137	0.0	0.0	C
138	0.0	0.0	C
139	0.0	0.0	G
140	0.0	0.0	C
141	0.0	0.0	C
142	0.0	0.0	C
143	0.0	0.0	G
144	0.0	0.0	C
145	0.0	0.0	G
146	0.0	0.0	T
147	0.0	0.0	C
148	0.0	0.0	C
149	0.0	0.0	C
150	0.0	0.0	T
151	0.0	0.0	T
152	0.0	0.0	T
153	0.0	0.0	C
154	0.0	0.0	T
155	0.0	0.0	C
156	0.0	0.0	C
157	0.0	0.0	A
158	0.0	0.0	T
159	0.0	0.0	A
160	0.0	0.0	A
161	0.0	0.0	A
162	0.0	0.0	A
163	0.0	0.0	T
164	0.0	0.0	T
165	0.0	0.0	C
166	0.0	0.0	T
167	0.0	0.0	T
168	0.0	0.0	C
169	0.0	0.0	T
170	0.0	0.0	T
171	0.0	0.0	A
172	0.0	0.0	G
173	0.0	0.0	T
174	0.0	0.0	A
175	0.0	0.0	G
176	0.0	0.0	C
177	0.0	0.0	T
178	0.0	0.0	A
179	0.0	0.0	T
180	0.0	0.0	T
181	0.0	0.0	A
182	0.0	0.0	C
183	0.0	0.0	C
184	0.0	0.0	T
185	0.0	0.0	T
186	0.0	0.0	C
187	0.0	0.0	T
188	0.0	0.0	T
189	0.0	0.0	A
190	0.0	0.0	T
191	0.0	0.0	T
192	0.0	0.0	A
193	0.0	0.0	T
194	0.0	0.0	T
195	0.0	0.0	T
196	0.0	0.0	G
197	0.0	0.0	A
198	0.0	0.0	T
199	0.0	0.0	C
200	0.0	0.0	T
201	0.0	0.0	A
202	0.0	0.0	G
203	0.0	0.0	A
204	0.0	0.0	A
205	0.0	0.0	A
206	0.0	0.0	T
207	0.0	0.0	T
208	0.0	0.0	G
209	0.0	0.0	C
210	0.0	0.0	C
211	0.0	0.0	C
212	0.0	0.0	T
213	0.0	0.0	C
214	0.0	0.0	C
215	0.0	0.0	T
216	0.0	0.0	T
217	0.0	0.0	T
218	0.0	0.0	T
219	0.0	0.0	A
220	0.0	0.0	C
221	0.0	0.0	C
222	0.0	0.0	C
223	0.0	0.0	C
224	0.0	0.0	T
225	0.0	0.0	A
226	0.0	0.0	C
227	0.0	0.0	C
228	0.0	0.0	A
229	0.0	0.0	T
230	0.0	0.0	G
231	0.0	0.0	A
232	0.0	0.0	G
233	0.0	0.0	C
234	0.0	0.0	C
235	0.0	0.0	C
236	0.0	0.0	T
237	0.0	0.0	A
238	0.0	0.0	C
239	0.0	0.0	A
240	0.0	0.0	A
241	0.0	0.0	A
242	0.0	0.0	C
243	0.0	0.0	A
244	0.0	0.0	A
245	0.0	0.0	C
246	0.0	0.0	T
247	0.0	0.0	A
248	0.0	0.0	A
249	0.0	0.0	C
250	0.0	0.0	C
251	0.0	0.0	T
252	0.0	0.0	G
253	0.0	0.0	C
254	0.0	0.0	C
255	0.0	0.0	A
256	0.0	0.0	C
257	0.0	0.0	T
258	0.0	0.0	A
259	0.0	0.0	A
260	0.0	0.0	T
261	0.0	0.0	A
262	0.0	0.0	G
263	0.0	0.0	T
264	0.0	0.0	T
265	0.0	0.0	A
266	0.0	0.0	T
267	0.0	0.0	G
268	0.0	0.0	T
269	0.0	0.0	C
270	0.0	0.0	A
271	0.0	0.0	T
272	0.0	0.0	C
273	0.0	0.0	C
274	0.0	0.0	C
275	0.0	0.0	T
276	0.0	0.0	C
277	0.0	0.0	T
278	0.0	0.0	T
279	0.0	0.0	A
280	0.0	0.0	T
281	0.0	0.0	T
282	0.0	0.0	A
283	0.0	0.0	A
284	0.0	0.0	T
285	0.0	0.0	C
286	0.0	0.0	A
287	0.0	0.0	T
288	0.0	0.0	C
289	0.0	0.0	A
290	0.0	0.0	T
291	0.0	0.0	C
292	0.0	0.0	C
293	0.0	0.0	T
294	0.0	0.0	A
295	0.0	0.0	G
296	0.0	0.0	C
297	0.0	0.0	C
298	0.0	0.0	C
299	0.0	0.0	T
300	0.0	0.0	A
301	0.0	0.0	A
302	0.0	0.0	G
303	0.0	0.0	T
304	0.0	0.0	C
305	0.0	0.0	T
306	0.0	0.0	G
307	0.0	0.0	G
308	0.0	0.0	C
309	0.0	0.0	C
310	0.0	0.0	T
311	0.0	0.0	A
312	0.0	0.0	T
313	0.0	0.0	G
314	0.0	0.0	A
315	0.0	0.0	G
316	0.0	0.0	T
317	0.0	0.0	G
318	0.0	0.0	A
319	0.0	0.0	C
320	0.0	0.0	T
321	0.0	0.0	A
322	0.0	0.0	C
323	0.0	0.0	A
324	0.0	0.0	A
325	0.0	0.0	A
326	0.0	0.0	A
327	0.0	0.0	A
328	0.0	0.0	G
329	0.0	0.0	G
330	0.0	0.0	A
331	0.0	0.0	T
332	0.0	0.0	T
333	0.0	0.0	A
334	0.0	0.0	G
335	0.0	0.0	A
336	0.0	0.0	C
337	0.0	0.0	T
338	0.0	0.0	G
339	0.0	0.0	A
340	0.0	0.0	A
341	0.0	0.0	C
342	0.0	0.0	C
343	0.0	0.0	G
344	0.0	0.0	A
345	0.0	0.0	A
346	0.0	0.0	T
347	0.0	0.0	A
348	0.0	0.0	A
