Position	Mismatches	Mismatches + Deletions	Base
1	0.0	0.0	C
2	0.0	0.0	T
3	0.0	0.0	G
4	0.01337	0.01337	A
5	0.0054	0.0054	T
6	0.00449	0.00539	G
7	0.00526	0.00587	T
8	0.00709	0.00709	T
9	0.01916	0.02126	C
10	0.00585	0.00592	G
11	0.0278	0.0297	C
12	0.02609	0.02635	C
13	0.00535	0.00732	G
14	0.03174	0.03206	A
15	0.04676	0.04676	C
16	0.02606	0.02606	C
17	0.00643	0.00679	G
18	0.00824	0.00855	T
19	0.00974	0.0098	T
20	0.00447	0.00488	G
21	0.03011	0.03053	A
22	0.02876	0.02899	C
23	0.00724	0.0073	T
24	0.02384	0.02491	A
25	0.00832	0.00832	T
26	0.00831	0.00842	T
27	0.02189	0.02651	C
28	0.00826	0.00826	T
29	0.02188	0.02194	C
30	0.00823	0.00838	T
31	0.02287	0.02352	A
32	0.03521	0.03576	C
33	0.01923	0.01947	A
34	0.02475	0.0248	A
35	0.02538	0.02617	A
36	0.02574	0.02593	C
37	0.01781	0.01795	C
38	0.01346	0.02024	A
39	0.03412	0.03537	C
40	0.02979	0.02979	A
41	0.02624	0.02624	A
42	0.02987	0.03052	A
43	0.00504	0.0059	G
44	0.02277	0.0229	A
45	0.03155	0.03186	C
46	0.02509	0.02537	A
47	0.00804	0.00822	T
48	0.00794	0.00794	T
49	0.00365	0.00369	G
50	0.00497	0.00519	G
51	0.02442	0.02447	A
52	0.02707	0.02707	A
53	0.0362	0.03722	C
54	0.02974	0.03017	A
55	0.0319	0.03212	C
56	0.00823	0.00849	T
57	0.02034	0.0271	A
58	0.01068	0.01153	T
59	0.02498	0.02592	A
60	0.04022	0.0406	C
61	0.02074	0.02108	C
62	0.00645	0.00691	T
63	0.02331	0.02427	A
64	0.00629	0.00629	T
65	0.00703	0.00716	T
66	0.00905	0.02579	A
67	0.00608	0.00608	T
68	0.00509	0.00509	T
69	0.01358	0.0147	C
70	0.00357	0.00357	G
71	0.00435	0.00439	G
72	0.01963	0.01992	C
73	0.00511	0.00597	G
74	0.01939	0.01988	C
75	0.01982	0.02027	A
76	0.0048	0.00488	T
77	0.00224	0.00232	G
78	0.02473	0.0254	A
79	0.00341	0.00345	G
80	0.01286	0.01306	C
81	0.00234	0.00274	T
82	0.00359	0.00359	G
83	0.00295	0.00303	G
84	0.0211	0.0285	A
85	0.00435	0.00435	G
86	0.0061	0.00642	T
87	0.01252	0.01252	C
88	0.00558	0.00558	C
89	0.0046	0.00468	T
90	0.03067	0.03231	A
91	0.00171	0.00171	G
92	0.00314	0.00314	G
93	0.00729	0.00749	C
94	0.02258	0.02548	A
95	0.01072	0.01088	C
96	0.01118	0.0127	A
97	0.00452	0.00476	G
98	0.00433	0.00433	C
99	0.00293	0.00293	T
100	0.00202	0.00202	C
101	0.00487	0.00578	T
102	0.01776	0.01792	A
103	0.04331	0.04347	A
104	0.00227	0.00255	G
105	0.02672	0.02672	C
106	0.00289	0.00289	C
107	0.00249	0.00404	T
108	0.01291	0.01291	C
109	0.02287	0.02322	C
110	0.00835	0.00835	T
111	0.01372	0.01372	T
112	0.0119	0.04547	A
113	0.01023	0.01023	T
114	0.0108	0.01088	T
115	0.06007	0.06253	C
116	0.00382	0.00389	G
117	0.02633	0.02724	A
118	0.00405	0.00405	G
119	0.01316	0.01316	C
120	0.02586	0.02594	C
121	0.00512	0.00557	G
122	0.01661	0.01786	A
123	0.00378	0.00382	G
124	0.00802	0.00814	C
125	0.00398	0.00413	T
126	0.00289	0.00289	G
127	0.00466	0.00469	G
128	0.00405	0.00405	G
129	0.00844	0.00844	C
130	0.00838	0.00849	C
131	0.02804	0.0391	A
132	0.00494	0.00498	G
133	0.03094	0.03094	C
134	0.02442	0.0245	C
135	0.0175	0.02382	A
136	0.00149	0.00149	G
137	0.00482	0.00482	G
138	0.02347	0.02399	C
139	0.04263	0.04266	A
140	0.03104	0.03104	A
141	0.03508	0.03512	C
142	0.02342	0.02345	C
143	0.00595	0.00598	T
144	0.00871	0.00878	T
145	0.02841	0.03522	C
146	0.01097	0.01108	T
147	0.03352	0.03531	A
148	0.00183	0.00183	G
149	0.00365	0.00368	G
150	0.00263	0.00274	T
151	0.01117	0.01117	A
152	0.0129	0.01301	A
153	0.01546	0.01579	C
154	0.00491	0.00513	G
155	0.04273	0.04356	A
156	0.02992	0.02992	C
157	0.02859	0.02873	C
158	0.02354	0.0308	A
159	0.04451	0.04539	C
160	0.02534	0.03038	A
161	0.01108	0.01143	T
162	0.03638	0.0368	C
163	0.01133	0.01179	T
164	0.03098	0.03248	A
165	0.04765	0.04905	C
166	0.02925	0.02928	A
167	0.03747	0.03809	A
168	0.01661	0.01685	C
169	0.00476	0.00486	G
170	0.0032	0.0032	T
171	0.00297	0.00304	T
172	0.00679	0.01525	A
173	0.00396	0.00493	T
174	0.01635	0.01666	C
175	0.00676	0.00686	G
176	0.0076	0.00845	T
177	0.02785	0.02799	C
178	0.03436	0.03725	A
179	0.02383	0.02503	C
180	0.02153	0.02445	A
181	0.00422	0.00464	G
182	0.00688	0.00692	C
183	0.00636	0.00636	C
184	0.00745	0.00745	C
185	0.01089	0.01541	A
186	0.00628	0.00628	T
187	0.00343	0.00354	G
188	0.01147	0.01168	C
189	0.02147	0.02182	A
190	0.00555	0.00555	T
191	0.00829	0.00829	T
192	0.01058	0.01058	T
193	0.0041	0.00448	G
194	0.00926	0.00974	T
195	0.02173	0.02232	A
196	0.01645	0.01655	A
197	0.00706	0.00737	T
198	0.02127	0.02137	A
199	0.01771	0.02147	A
200	0.00637	0.00685	T
201	0.04686	0.04824	C
202	0.00718	0.00718	T
203	0.00753	0.00777	T
204	0.02359	0.03677	C
205	0.00871	0.00871	T
206	0.00988	0.01005	T
207	0.0345	0.03601	C
208	0.03137	0.03222	A
209	0.01004	0.01031	T
210	0.03017	0.03089	A
211	0.00471	0.00563	G
212	0.00686	0.00752	T
213	0.0356	0.03591	A
214	0.02487	0.02615	A
215	0.01744	0.01898	T
216	0.03385	0.03503	A
217	0.03853	0.03981	C
218	0.01912	0.01919	C
219	0.01552	0.01567	C
220	0.02009	0.02456	A
221	0.01036	0.01191	T
222	0.02741	0.02789	C
223	0.02398	0.02532	A
224	0.00687	0.00755	T
225	0.02363	0.02363	A
226	0.0214	0.02559	A
227	0.00394	0.00481	T
228	0.01106	0.01163	C
229	0.00522	0.00529	G
230	0.00146	0.0015	G
231	0.01932	0.026	A
232	0.00248	0.00248	G
233	0.00372	0.00372	G
234	0.00972	0.01003	C
235	0.00262	0.00262	T
236	0.00672	0.00672	T
237	0.0052	0.0052	T
238	0.00205	0.00205	G
239	0.00329	0.00333	G
240	0.03711	0.03727	C
241	0.02213	0.02221	A
242	0.01722	0.01722	A
243	0.01527	0.01566	C
244	0.0047	0.0047	T
245	0.00428	0.00523	G
246	0.03226	0.03238	A
247	0.03792	0.03845	C
248	0.01034	0.01042	T
249	0.02797	0.02915	A
250	0.00528	0.00547	G
251	0.00476	0.00484	T
252	0.00361	0.00361	T
253	0.01457	0.01461	C
254	0.01512	0.01512	C
255	0.01218	0.01218	C
256	0.01301	0.01301	C
257	0.00491	0.00564	T
258	0.0329	0.03358	A
259	0.02874	0.029	A
260	0.0097	0.01019	T
261	0.03264	0.03268	A
262	0.02512	0.03049	A
263	0.00635	0.00672	T
264	0.02176	0.02267	C
265	0.00323	0.00323	G
266	0.00436	0.00444	G
267	0.00793	0.00816	T
268	0.00514	0.00552	G
269	0.01057	0.01069	C
270	0.00392	0.00392	C
271	0.01224	0.01224	C
272	0.00409	0.00409	C
273	0.00434	0.00434	C
274	0.00288	0.00311	G
275	0.0095	0.00961	A
276	0.00269	0.00269	T
277	0.01935	0.01957	A
278	0.00548	0.00559	T
279	0.00226	0.00226	G
280	0.00269	0.00273	G
281	0.02769	0.02783	C
282	0.00541	0.00566	G
283	0.003	0.00307	T
284	0.00813	0.00817	T
285	0.00889	0.00893	T
286	0.02929	0.02941	C
287	0.0287	0.02875	C
288	0.02617	0.02617	C
289	0.02447	0.02447	C
290	0.00577	0.00773	G
291	0.0264	0.0266	C
292	0.02215	0.02408	A
293	0.00898	0.01026	T
294	0.02744	0.02752	A
295	0.02296	0.02304	A
296	0.02453	0.02469	A
297	0.03937	0.04214	C
298	0.02396	0.02396	A
299	0.02468	0.02522	A
300	0.03831	0.03898	C
301	0.03246	0.0347	A
302	0.00747	0.00961	T
303	0.03248	0.03248	A
304	0.02937	0.03093	A
305	0.00423	0.00512	G
306	0.02181	0.02255	C
307	0.00696	0.00696	T
308	0.00786	0.0079	T
309	0.01802	0.02093	C
310	0.00686	0.007	T
311	0.00286	0.00444	G
312	0.02851	0.02887	A
313	0.01944	0.01951	C
314	0.00628	0.00635	T
315	0.0262	0.02708	C
316	0.00598	0.00598	T
317	0.00808	0.00836	T
318	0.02166	0.04833	A
319	0.02734	0.02752	C
320	0.01193	0.0123	C
321	0.00467	0.00649	T
322	0.02492	0.02518	C
323	0.01102	0.01106	C
324	0.0153	0.01589	C
325	0.00484	0.0059	T
326	0.0323	0.03288	C
327	0.00707	0.00755	T
328	0.02354	0.0242	C
329	0.005	0.00569	T
330	0.02028	0.02028	C
331	0.00995	0.01069	C
332	0.00529	0.00583	T
333	0.03255	0.03965	A
334	0.02065	0.02098	C
335	0.00438	0.00485	T
336	0.01753	0.01753	C
337	0.01052	0.011	C
338	0.00649	0.007	T
339	0.00261	0.00301	G
340	0.01346	0.01393	C
341	0.00455	0.00632	T
342	0.03167	0.03214	C
343	0.00644	0.00778	G
344	0.01936	0.02116	C
345	0.02754	0.02851	A
346	0.00691	0.00737	T
347	0.02302	0.02327	C
348	0.00571	0.00599	T
349	0.00391	0.00412	G
350	0.01773	0.01791	C
351	0.00645	0.00652	T
352	0.02437	0.02465	A
353	0.00886	0.00903	T
354	0.02871	0.02987	A
355	0.00329	0.0036	G
356	0.00636	0.00683	T
357	0.00275	0.00275	G
358	0.00147	0.00147	G
359	0.00861	0.01081	A
360	0.00303	0.00303	G
361	0.00413	0.00419	G
362	0.03218	0.03232	C
363	0.04014	0.04018	C
364	0.00395	0.00405	G
365	0.0021	0.0022	G
366	0.00603	0.00695	A
367	0.00461	0.00487	G
368	0.08175	0.08201	C
369	0.00914	0.00946	A
370	0.00254	0.00257	G
371	0.00431	0.00437	G
372	0.01356	0.0136	A
373	0.02543	0.02549	A
374	0.05027	0.0509	C
375	0.02704	0.02732	A
376	0.00337	0.00337	G
377	0.00339	0.00342	G
378	0.00322	0.00325	T
379	0.00486	0.00486	T
380	0.00449	0.00458	G
381	0.0328	0.03286	A
382	0.03101	0.03101	A
383	0.06321	0.06354	C
384	0.03848	0.03955	A
385	0.0038	0.00388	G
386	0.00294	0.00303	T
387	0.0072	0.00738	C
388	0.00444	0.00605	T
389	0.01579	0.01702	A
390	0.01557	0.0156	C
391	0.02759	0.0278	C
392	0.01746	0.01766	C
393	0.00237	0.00423	T
394	0.00835	0.00835	C
395	0.00874	0.00874	C
396	0.01261	0.01276	C
397	0.00415	0.00415	T
398	0.00787	0.00787	T
399	0.03134	0.04727	A
400	0.00581	0.00639	G
401	0.03813	0.03921	C
402	0.01956	0.01987	A
403	0.00109	0.00109	G
404	0.00189	0.00192	G
405	0.00273	0.00276	G
406	0.01693	0.01696	A
407	0.03029	0.03029	A
408	0.0424	0.04378	C
409	0.00839	0.009	T
410	0.05268	0.05579	A
411	0.01921	0.01949	C
412	0.0056	0.0061	T
413	0.01091	0.01091	C
414	0.00946	0.00946	C
415	0.02787	0.02807	C
416	0.0217	0.03426	A
417	0.03322	0.03322	C
418	0.0269	0.0269	C
419	0.02271	0.02351	C
420	0.00537	0.0059	T
421	0.00192	0.00192	G
422	0.00191	0.00197	G
423	0.01259	0.01694	A
424	0.00349	0.00349	G
425	0.0457	0.04578	C
426	0.00963	0.00983	C
427	0.00405	0.0052	T
428	0.02931	0.02933	C
429	0.03446	0.03457	C
430	0.00317	0.00366	G
431	0.00355	0.00369	T
432	0.0177	0.01827	A
433	0.00306	0.00309	G
434	0.01375	0.01385	A
435	0.01319	0.01322	C
436	0.00361	0.00367	C
437	0.00759	0.00804	T
438	0.02272	0.02302	A
439	0.02046	0.02062	A
440	0.02493	0.02501	C
441	0.01363	0.01385	C
442	0.02717	0.03346	A
443	0.00638	0.00702	T
444	0.02745	0.02764	C
445	0.00602	0.00607	T
446	0.01609	0.01625	T
447	0.01711	0.02334	C
448	0.0062	0.00645	T
449	0.02314	0.02316	C
450	0.01493	0.01548	C
451	0.00783	0.00783	T
452	0.02023	0.02034	T
453	0.01233	0.03174	A
454	0.01797	0.01811	C
455	0.01443	0.01487	A
456	0.01379	0.01379	C
457	0.01329	0.01346	C
458	0.00441	0.00477	T
459	0.03271	0.03358	A
460	0.00481	0.00563	G
461	0.0337	0.03421	C
462	0.03333	0.03392	A
463	0.00147	0.00147	G
464	0.00251	0.00254	G
465	0.00094	0.00094	T
466	0.00315	0.00336	G
467	0.00294	0.00328	T
468	0.02788	0.02827	C
469	0.00623	0.00641	T
470	0.01824	0.01839	C
471	0.01207	0.01236	C
472	0.0054	0.00593	T
473	0.03216	0.03358	C
474	0.0065	0.00668	T
475	0.02587	0.02733	A
476	0.00848	0.00875	T
477	0.03902	0.03931	C
478	0.00876	0.00876	T
479	0.00984	0.01004	T
480	0.01578	0.02101	A
481	0.0026	0.0026	G
482	0.00199	0.00201	G
483	0.00238	0.00241	G
484	0.00493	0.00493	G
485	0.0343	0.03441	C
486	0.01559	0.01567	C
487	0.0192	0.02248	A
488	0.00798	0.00834	T
489	0.03878	0.0393	C
490	0.01571	0.01579	A
491	0.03206	0.03244	A
492	0.00536	0.00543	T
493	0.01187	0.01194	T
494	0.01094	0.01104	T
495	0.033	0.03568	C
496	0.02998	0.0306	A
497	0.01304	0.01445	T
498	0.03751	0.03922	C
499	0.02443	0.02519	A
500	0.04647	0.05118	C
501	0.02168	0.0218	A
502	0.02171	0.02204	A
503	0.05302	0.05516	C
504	0.01685	0.0169	A
505	0.02264	0.02296	A
506	0.01079	0.01102	T
507	0.01089	0.0111	T
508	0.01357	0.03155	A
509	0.01027	0.01073	T
510	0.04248	0.04352	C
511	0.03219	0.03372	A
512	0.02283	0.02407	A
513	0.00994	0.01047	T
514	0.02823	0.02967	A
515	0.01014	0.01072	T
516	0.02166	0.02166	A
517	0.01457	0.01461	A
518	0.02711	0.02713	A
519	0.03104	0.03123	A
520	0.02194	0.02288	C
521	0.0143	0.0143	C
522	0.01337	0.01339	C
523	0.01582	0.01584	C
524	0.01428	0.01428	C
525	0.00946	0.01119	T
526	0.0041	0.0043	G
527	0.02243	0.02245	C
528	0.01904	0.01909	C
529	0.01327	0.02758	A
530	0.00886	0.01285	T
531	0.02458	0.02461	A
532	0.01951	0.02418	A
533	0.03416	0.03433	C
534	0.02572	0.02583	C
535	0.02668	0.02673	C
536	0.01788	0.01818	A
537	0.02595	0.02642	A
538	0.01553	0.0169	T
539	0.03612	0.03647	A
540	0.0424	0.04258	C
541	0.02663	0.02677	C
542	0.01213	0.01227	A
543	0.02379	0.02397	A
544	0.02827	0.02887	A
545	0.04609	0.05051	C
546	0.0047	0.00521	G
547	0.01583	0.01585	C
548	0.00816	0.00822	C
549	0.0134	0.0134	C
550	0.01549	0.01551	C
551	0.00443	0.00525	T
552	0.0307	0.03113	C
553	0.00748	0.00748	T
554	0.00788	0.00802	T
555	0.03363	0.03479	C
556	0.00341	0.00349	G
557	0.00582	0.0063	T
558	0.018	0.01809	C
559	0.00699	0.00721	T
560	0.00311	0.00506	G
561	0.02681	0.02749	A
562	0.00742	0.00761	T
563	0.0335	0.03362	C
564	0.02706	0.02735	C
565	0.00485	0.00678	G
566	0.00828	0.00871	T
567	0.02438	0.02448	C
568	0.0158	0.01587	C
569	0.00894	0.00947	T
570	0.02327	0.02398	A
571	0.02715	0.02731	A
572	0.00865	0.00964	T
573	0.03166	0.0319	C
574	0.03167	0.0337	A
575	0.02057	0.02122	C
576	0.01881	0.02065	A
577	0.00416	0.00428	G
578	0.01176	0.01237	C
579	0.01269	0.01479	A
580	0.00328	0.00342	G
581	0.00595	0.00629	T
582	0.02428	0.0243	C
583	0.01616	0.01632	C
584	0.00575	0.00654	T
585	0.02359	0.02436	A
586	0.035	0.0357	C
587	0.00711	0.00722	T
588	0.00736	0.00762	T
589	0.01882	0.02724	C
590	0.00695	0.0074	T
591	0.03191	0.03193	C
592	0.02042	0.02216	C
593	0.00914	0.01009	T
594	0.0307	0.034	A
595	0.01003	0.01037	T
596	0.03469	0.03526	C
597	0.00977	0.01129	T
598	0.03045	0.03165	C
599	0.00812	0.00883	T
600	0.0395	0.03968	C
601	0.02282	0.02282	C
602	0.01478	0.01484	C
603	0.01569	0.02338	A
604	0.00372	0.00376	G
605	0.0051	0.00538	T
606	0.02009	0.02011	C
607	0.01827	0.01827	C
608	0.00629	0.00655	T
609	0.02989	0.03087	A
610	0.00283	0.00293	G
611	0.01463	0.01481	C
612	0.00329	0.00337	T
613	0.00398	0.00421	G
614	0.00669	0.00683	C
615	0.00255	0.00295	T
616	0.00229	0.00233	G
617	0.00277	0.00297	G
618	0.0444	0.04486	C
619	0.02716	0.02754	A
620	0.0087	0.00967	T
621	0.03011	0.03046	C
622	0.0268	0.02702	A
623	0.03767	0.03833	C
624	0.00868	0.00893	T
625	0.03087	0.03269	A
626	0.01122	0.01164	T
627	0.02937	0.03023	A
628	0.04052	0.04242	C
629	0.00876	0.0095	T
630	0.02733	0.02795	A
631	0.03881	0.04147	C
632	0.00886	0.00954	T
633	0.03172	0.03191	A
634	0.0301	0.03109	A
635	0.03323	0.03406	C
636	0.02836	0.03049	A
637	0.00786	0.0082	G
638	0.01587	0.01623	A
639	0.01767	0.01777	C
640	0.01986	0.0207	C
641	0.00836	0.01684	G
642	0.03288	0.04149	C
643	0.02062	0.02264	A
644	0.02369	0.0239	A
645	0.03501	0.03507	C
646	0.01687	0.01715	C
647	0.00625	0.00818	T
648	0.03137	0.03169	C
649	0.02537	0.02695	A
650	0.02616	0.02636	A
651	0.03221	0.03466	C
652	0.02578	0.02654	A
653	0.03649	0.03653	C
654	0.02977	0.03049	C
655	0.02832	0.03754	A
656	0.00878	0.0088	C
657	0.00612	0.00618	C
658	0.00247	0.00253	T
659	0.0029	0.0029	T
660	0.00394	0.00573	C
661	0.00239	0.00239	T
662	0.00219	0.00223	T
663	0.00771	0.00801	C
664	0.00413	0.00459	G
665	0.03355	0.0343	A
666	0.00943	0.00947	C
667	0.0137	0.01388	C
668	0.01239	0.01239	C
669	0.01809	0.01816	C
670	0.0041	0.00491	G
671	0.02146	0.02146	C
672	0.00433	0.00436	C
673	0.00352	0.00352	G
674	0.00164	0.00166	G
675	0.00487	0.00589	A
676	0.00346	0.00346	G
677	0.00241	0.00241	G
678	0.00948	0.01166	A
679	0.00277	0.00277	G
680	0.00285	0.00289	G
681	0.02829	0.04588	A
682	0.00614	0.00662	G
683	0.02754	0.02865	A
684	0.02052	0.02075	C
685	0.01625	0.01625	C
686	0.01851	0.01854	C
687	0.01758	0.01758	C
688	0.02357	0.02612	A
689	0.0076	0.0076	T
690	0.00825	0.00835	T
691	0.02456	0.02917	C
692	0.00751	0.00791	T
693	0.02034	0.02725	A
694	0.01183	0.01295	T
695	0.02489	0.02567	A
696	0.03353	0.03369	C
697	0.02245	0.02256	C
698	0.02959	0.03012	A
699	0.02385	0.0243	A
700	0.04045	0.04342	C
701	0.02593	0.02746	A
702	0.03414	0.0343	C
703	0.01375	0.014	C
704	0.00643	0.00691	T
705	0.03682	0.03866	A
706	0.00635	0.00635	T
707	0.00566	0.00577	T
708	0.02147	0.02563	C
709	0.01267	0.01285	T
710	0.00732	0.0077	G
711	0.03255	0.0342	A
712	0.00188	0.00197	T
713	0.00176	0.00182	T
714	0.00201	0.00201	T
715	0.00422	0.00422	T
716	0.00344	0.00344	T
717	0.01012	0.01129	C
718	0.00465	0.00472	G
719	0.00522	0.00532	G
720	0.0098	0.016	T
721	0.02312	0.02359	C
722	0.02942	0.03009	A
723	0.0521	0.05219	C
724	0.01671	0.01674	C
725	0.01334	0.01334	C
726	0.00582	0.00681	T
727	0.00313	0.00349	G
728	0.01174	0.01187	A
729	0.0162	0.0162	A
730	0.00351	0.00358	G
731	0.00457	0.00457	T
732	0.00634	0.00637	T
733	0.00736	0.00739	T
734	0.01809	0.02228	A
735	0.00847	0.00876	T
736	0.03175	0.03551	A
737	0.00846	0.00846	T
738	0.008	0.00804	T
739	0.02553	0.03165	C
740	0.01193	0.01193	T
741	0.00949	0.00959	T
742	0.00741	0.03066	A
743	0.00815	0.00867	T
744	0.02728	0.02788	C
745	0.0135	0.01368	C
746	0.00765	0.00852	T
747	0.02852	0.02953	A
748	0.03701	0.03701	C
749	0.02495	0.02499	C
750	0.01764	0.02345	A
751	0.00185	0.00185	G
752	0.00281	0.00281	G
753	0.02695	0.02768	C
754	0.0046	0.0046	T
755	0.00484	0.00492	T
756	0.018	0.01849	C
757	0.0022	0.0022	G
758	0.00195	0.00204	G
759	0.01223	0.0124	A
760	0.01719	0.01719	A
761	0.00769	0.00806	T
762	0.02005	0.02009	A
763	0.01939	0.02161	A
764	0.00811	0.00884	T
765	0.02415	0.02591	C
766	0.01224	0.01267	T
767	0.0315	0.03171	C
768	0.02373	0.02382	C
769	0.02624	0.02672	C
770	0.02222	0.02747	A
771	0.00776	0.00806	T
772	0.02444	0.02484	A
773	0.00976	0.00981	T
774	0.01067	0.01099	T
775	0.00504	0.00577	G
776	0.00947	0.01156	T
777	0.02445	0.02481	A
778	0.01764	0.01768	A
779	0.03697	0.03761	C
780	0.01048	0.01053	T
781	0.00747	0.00775	T
782	0.01416	0.02655	A
783	0.03157	0.03206	C
784	0.00775	0.00881	T
785	0.02784	0.03199	A
786	0.02951	0.03024	C
787	0.00728	0.00764	T
788	0.01325	0.01325	C
789	0.01229	0.01261	C
790	0.00351	0.00351	G
791	0.00847	0.00868	G
792	0.00076	0.00092	A
793	0.00091	0.00091	A
794	0.00151	0.00151	A
795	0.0082	0.0082	A
796	0.00935	0.0095	A
797	0.01598	0.01603	A
798	0.00856	0.00856	A
799	0.00839	0.0093	G
800	0.01238	0.01238	A
801	0.02842	0.02847	A
802	0.03052	0.03052	C
803	0.01631	0.01631	C
804	0.01876	0.0204	A
805	0.00634	0.00634	T
806	0.00786	0.00786	T
807	0.0061	0.0061	T
808	0.00305	0.00305	G
809	0.00368	0.00373	G
810	0.00732	0.01876	A
811	0.00449	0.0047	T
812	0.01391	0.01434	A
813	0.02551	0.02578	C
814	0.01543	0.01586	A
815	0.00509	0.00525	T
816	0.01097	0.01108	A
817	0.00146	0.00146	G
818	0.00441	0.00441	G
819	0.00485	0.0049	T
820	0.03261	0.03304	A
821	0.00801	0.0085	T
822	0.00197	0.00197	G
823	0.00283	0.00283	G
824	0.00392	0.00403	T
825	0.01374	0.0138	C
826	0.0055	0.00594	T
827	0.00554	0.00588	G
828	0.03033	0.03039	A
829	0.00479	0.00491	G
830	0.01452	0.01463	C
831	0.00362	0.00378	T
832	0.0116	0.01199	A
833	0.00496	0.00502	T
834	0.00234	0.00245	G
835	0.02999	0.03083	A
836	0.00452	0.00469	T
837	0.01949	0.0196	A
838	0.0069	0.00712	T
839	0.02345	0.02401	C
840	0.01978	0.01978	A
841	0.02162	0.02213	A
842	0.00717	0.00717	T
843	0.0054	0.00552	T
844	0.0029	0.0029	G
845	0.00233	0.00233	G
846	0.02679	0.02778	C
847	0.00381	0.00381	T
848	0.00364	0.00376	T
849	0.02076	0.02093	C
850	0.01161	0.01167	C
851	0.00666	0.00689	T
852	0.03314	0.03397	A
853	0.00131	0.00131	G
854	0.00198	0.00198	G
855	0.00424	0.00424	G
856	0.00422	0.00422	T
857	0.00652	0.00652	T
858	0.00777	0.00789	T
859	0.01921	0.02126	A
860	0.00535	0.00583	T
861	0.0325	0.03292	C
862	0.00498	0.00505	G
863	0.00267	0.00273	T
864	0.00701	0.0072	G
865	0.01595	0.01702	T
866	0.00414	0.00458	G
867	0.02634	0.02728	A
868	0.00846	0.00872	G
869	0.02986	0.03126	C
870	0.02612	0.03244	A
871	0.02635	0.02763	C
872	0.02411	0.02494	A
873	0.03225	0.03225	C
874	0.02876	0.02939	C
875	0.01578	0.02038	A
876	0.0078	0.0078	T
877	0.02046	0.02115	A
878	0.0083	0.00842	T
879	0.01684	0.01721	A
880	0.00843	0.00843	T
881	0.00984	0.00984	T
882	0.00921	0.00921	T
883	0.01911	0.0239	A
884	0.03683	0.03702	C
885	0.02942	0.02979	A
886	0.00563	0.00575	G
887	0.00571	0.00596	T
888	0.02073	0.02098	A
889	0.00229	0.00235	G
890	0.00156	0.00156	G
891	0.01739	0.01745	A
892	0.02305	0.02317	A
893	0.00605	0.00648	T
894	0.02823	0.02874	A
895	0.00442	0.0046	G
896	0.02267	0.02274	A
897	0.03592	0.03623	C
898	0.00524	0.00536	G
899	0.00453	0.00583	T
900	0.02458	0.02501	A
901	0.00449	0.0048	G
902	0.03835	0.03909	A
903	0.02467	0.02516	C
904	0.02544	0.02612	A
905	0.02714	0.02829	C
906	0.02159	0.0222	A
907	0.02807	0.02879	C
908	0.00441	0.00483	G
909	0.01773	0.01815	A
910	0.0046	0.00555	G
911	0.03487	0.03523	C
912	0.02539	0.02586	A
913	0.00927	0.00945	T
914	0.0247	0.02517	A
915	0.00743	0.00748	T
916	0.00832	0.00832	T
917	0.0089	0.00908	T
918	0.02861	0.02952	C
919	0.03179	0.03198	A
920	0.04006	0.04012	C
921	0.0191	0.01917	C
922	0.00644	0.00761	T
923	0.01993	0.01993	C
924	0.02727	0.02727	C
925	0.00691	0.00906	G
926	0.01999	0.02373	C
927	0.00838	0.00905	T
928	0.02362	0.02422	A
929	0.03283	0.03283	C
930	0.0237	0.02376	C
931	0.01706	0.03007	A
932	0.00912	0.01003	T
933	0.02702	0.02702	A
934	0.02513	0.02887	A
935	0.00759	0.00892	T
936	0.02589	0.02646	C
937	0.02363	0.02489	A
938	0.00883	0.00902	T
939	0.0261	0.02698	C
940	0.00583	0.00589	G
941	0.00955	0.00999	C
942	0.00535	0.00568	T
943	0.03317	0.03426	A
944	0.00917	0.00976	T
945	0.01292	0.01326	C
946	0.00947	0.00947	C
947	0.01739	0.01739	C
948	0.01991	0.01991	C
949	0.02209	0.02602	A
950	0.0324	0.03247	C
951	0.01892	0.01899	C
952	0.00286	0.003	G
953	0.00265	0.00265	G
954	0.00871	0.00892	C
955	0.00677	0.00677	G
956	0.00541	0.00648	T
957	0.02427	0.0257	C
958	0.03502	0.03502	A
959	0.03289	0.03289	A
960	0.02524	0.02524	A
961	0.00644	0.00658	G
962	0.00686	0.00735	T
963	0.02511	0.02573	A
964	0.01152	0.01152	T
965	0.01072	0.01072	T
966	0.01121	0.01121	T
967	0.03312	0.03933	A
968	0.00531	0.00538	G
969	0.01542	0.01569	C
970	0.00414	0.00455	T
971	0.00278	0.00333	G
972	0.04171	0.04266	A
973	0.03098	0.03139	C
974	0.006	0.00676	T
975	0.02101	0.0217	C
976	0.00405	0.00425	G
977	0.00534	0.00534	C
978	0.00563	0.0059	C
979	0.0162	0.04075	A
980	0.03657	0.03801	C
981	0.03244	0.03689	A
982	0.02926	0.0307	C
983	0.02155	0.0225	T
984	0.02222	0.02222	C
985	0.02357	0.0237	C
986	0.02331	0.02835	A
987	0.04048	0.04068	C
988	0.00423	0.00429	G
989	0.00383	0.00383	G
990	0.0133	0.0133	A
991	0.01371	0.01371	A
992	0.00698	0.00779	G
993	0.02179	0.02273	C
994	0.02437	0.02437	A
995	0.02054	0.02074	A
996	0.00758	0.00772	T
997	0.0224	0.0226	A
998	0.0066	0.00686	T
999	0.0038	0.00412	G
1000	0.01334	0.01334	A
1001	0.03282	0.03309	A
1002	0.02097	0.02116	A
1003	0.00586	0.00669	T
1004	0.00336	0.00426	G
1005	0.02325	0.02396	A
1006	0.0061	0.00623	T
1007	0.02821	0.02878	C
1008	0.00602	0.00634	T
1009	0.00448	0.00487	G
1010	0.0121	0.01242	C
1011	0.00517	0.00543	T
1012	0.00468	0.00494	G
1013	0.02322	0.02381	C
1014	0.02093	0.0219	A
1015	0.00485	0.00505	G
1016	0.00376	0.00408	T
1017	0.00467	0.00487	G
1018	0.01111	0.01131	C
1019	0.0065	0.00677	T
1020	0.02018	0.02044	C
1021	0.00885	0.00898	T
1022	0.0038	0.00492	G
1023	0.02545	0.02623	A
1024	0.00626	0.00658	G
1025	0.01288	0.01294	C
1026	0.01239	0.01239	C
1027	0.01185	0.01185	C
1028	0.00628	0.0068	T
1029	0.02034	0.0206	A
1030	0.00194	0.00214	G
1031	0.00266	0.00266	G
1032	0.01985	0.02406	A
1033	0.00668	0.00668	T
1034	0.00814	0.00859	T
1035	0.02448	0.02588	C
1036	0.02206	0.02344	A
1037	0.0095	0.00976	T
1038	0.02501	0.02538	C
1039	0.0067	0.00677	T
1040	0.00871	0.00871	T
1041	0.00975	0.01019	T
1042	0.02429	0.03004	C
1043	0.00673	0.00673	T
1044	0.00781	0.00781	T
1045	0.01067	0.01067	T
1046	0.01104	0.01104	T
1047	0.02482	0.03196	C
1048	0.0316	0.03187	A
1049	0.03554	0.03554	C
1050	0.02062	0.02115	C
1051	0.00559	0.00678	G
1052	0.00667	0.00707	T
1053	0.01782	0.01796	A
1054	0.00235	0.00241	G
1055	0.00376	0.00376	G
1056	0.00417	0.0047	T
1057	0.00297	0.00297	G
1058	0.00149	0.00149	G
1059	0.00941	0.00948	C
1060	0.00663	0.00663	C
1061	0.00405	0.00473	T
1062	0.00263	0.0031	G
1063	0.03684	0.03705	A
1064	0.04371	0.04404	C
1065	0.00858	0.00973	T
1066	0.00318	0.00318	G
1067	0.00365	0.00365	G
1068	0.00552	0.00565	C
1069	0.01543	0.01603	A
1070	0.0068	0.0068	T
1071	0.00601	0.00608	T
1072	0.00616	0.00676	G
1073	0.00542	0.00562	T
1074	0.02227	0.02306	A
1075	0.0114	0.0114	T
1076	0.01468	0.01481	T
1077	0.01812	0.02432	A
1078	0.00546	0.00585	G
1079	0.01665	0.01842	C
1080	0.01889	0.01889	A
1081	0.024	0.024	A
1082	0.02753	0.02753	A
1083	0.03836	0.04034	C
1084	0.00835	0.00996	T
1085	0.02403	0.02429	C
1086	0.02035	0.02336	A
1087	0.00983	0.01219	T
1088	0.02884	0.02955	C
1089	0.03274	0.03306	A
1090	0.03308	0.0341	C
1091	0.00905	0.0095	T
1092	0.0356	0.03682	A
1093	0.00314	0.00359	G
1094	0.01941	0.01981	A
1095	0.00879	0.00904	C
1096	0.01436	0.01456	A
1097	0.00386	0.00393	T
1098	0.01159	0.01166	C
1099	0.00548	0.00554	G
1100	0.00313	0.00326	T
1101	0.01874	0.01914	A
1102	0.02588	0.0262	C
1103	0.00421	0.0046	T
1104	0.0106	0.01112	A
1105	0.0106	0.01093	C
1106	0.02899	0.02976	A
1107	0.04061	0.04093	C
1108	0.00593	0.00618	G
1109	0.03764	0.03821	A
1110	0.04721	0.04784	C
1111	0.02942	0.03004	A
1112	0.04208	0.04239	C
1113	0.0061	0.00622	G
1114	0.00365	0.00377	T
1115	0.01461	0.01473	A
1116	0.02677	0.02683	C
1117	0.0034	0.00347	T
1118	0.01092	0.01098	A
1119	0.01028	0.01028	C
1120	0.00361	0.00386	G
1121	0.00404	0.00404	T
1122	0.00431	0.00431	T
1123	0.00448	0.00486	G
1124	0.00355	0.00398	T
1125	0.02566	0.0261	A
1126	0.00358	0.00365	G
1127	0.02577	0.0259	C
1128	0.94811	0.94823	C
1129	0.02771	0.02783	C
1130	0.02684	0.02808	A
1131	0.02942	0.03039	C
1132	0.00789	0.00819	T
1133	0.00873	0.00879	T
1134	0.02755	0.02755	C
1135	0.02143	0.02149	C
1136	0.01682	0.03121	A
1137	0.03081	0.03093	C
1138	0.00792	0.00822	T
1139	0.02239	0.02378	A
1140	0.00881	0.009	T
1141	0.00365	0.0042	G
1142	0.00511	0.00535	T
1143	0.01435	0.01435	C
1144	0.01396	0.01403	C
1145	0.00522	0.00565	T
1146	0.02517	0.02541	A
1147	0.00988	0.01071	T
1148	0.04329	0.04341	C
1149	0.0359	0.03608	A
1150	0.0319	0.03279	A
1151	0.00501	0.00566	T
1152	0.01178	0.01237	A
1153	0.00164	0.00164	G
1154	0.00286	0.00286	G
1155	0.01654	0.02093	A
1156	0.00402	0.00402	G
1157	0.0301	0.03045	C
1158	0.00459	0.00476	T
1159	0.00505	0.0051	G
1160	0.00391	0.00403	T
1161	0.01412	0.01423	A
1162	0.00783	0.00783	T
1163	0.00894	0.00894	T
1164	0.00695	0.00695	T
1165	0.00317	0.00351	G
1166	0.00531	0.00531	C
1167	0.00248	0.00248	C
1168	0.02436	0.03003	A
1169	0.00633	0.00702	T
1170	0.03743	0.03766	C
1171	0.01383	0.01475	A
1172	0.00274	0.00291	T
1173	0.00999	0.01045	A
1174	0.00285	0.00302	G
1175	0.00256	0.00274	G
1176	0.02341	0.03169	A
1177	0.00222	0.00222	G
1178	0.00501	0.00507	G
1179	0.06784	0.07265	C
1180	0.00345	0.00351	T
1181	0.00355	0.00367	T
1182	0.01074	0.01114	C
1183	0.01702	0.01742	A
1184	0.00752	0.0078	T
1185	0.01368	0.01396	T
1186	0.04405	0.04691	C
1187	0.03835	0.03863	A
1188	0.05324	0.05391	C
1189	0.00581	0.00581	T
1190	0.00221	0.00304	G
1191	0.01413	0.01446	A
1192	0.0039	0.0039	T
1193	0.00853	0.00853	T
1194	0.00558	0.00558	T
1195	0.00808	0.00842	C
1196	0.00802	0.00802	C
1197	0.00566	0.00566	C
1198	0.00477	0.00477	C
1199	0.00214	0.00231	T
1200	0.00844	0.00889	A
1201	0.00408	0.00408	T
1202	0.00781	0.00781	T
1203	0.03397	0.0387	C
1204	0.01299	0.01766	T
1205	0.03262	0.03423	C
1206	0.03563	0.03741	A
1207	0.0024	0.0024	G
1208	0.00343	0.00343	G
1209	0.0059	0.00607	C
1210	0.00406	0.00458	T
1211	0.0171	0.01958	A
1212	0.01508	0.01576	C
1213	0.01713	0.01871	A
1214	0.01987	0.01987	C
1215	0.01309	0.01309	C
1216	0.0093	0.0093	C
1217	0.004	0.0047	T
1218	0.01834	0.02144	A
1219	0.00456	0.00466	G
1220	0.02717	0.02798	A
1221	0.02824	0.02824	C
1222	0.00794	0.00799	C
1223	0.0166	0.01682	A
1224	0.02789	0.02831	A
1225	0.02839	0.02845	A
1226	0.03468	0.035	C
1227	0.01565	0.01603	C
1228	0.00417	0.00491	T
1229	0.00855	0.01038	A
1230	0.01189	0.01189	C
1231	0.00589	0.00621	G
1232	0.01585	0.01585	C
1233	0.01493	0.01493	C
1234	0.01837	0.01847	A
1235	0.01277	0.01293	A
1236	0.02777	0.02809	A
1237	0.02541	0.02541	A
1238	0.00931	0.01142	T
1239	0.03698	0.03709	C
1240	0.02468	0.02479	C
1241	0.02907	0.03726	A
1242	0.00798	0.00809	T
1243	0.01237	0.01243	T
1244	0.01652	0.01657	T
1245	0.03761	0.03962	C
1246	0.02777	0.02851	A
1247	0.04501	0.04569	C
1248	0.01139	0.01222	T
1249	0.0309	0.03152	A
1250	0.01147	0.01457	T
1251	0.03996	0.04099	C
1252	0.03429	0.03635	A
1253	0.01222	0.01263	T
1254	0.02692	0.02935	A
1255	0.00971	0.00971	T
1256	0.00927	0.00943	T
1257	0.03059	0.03257	C
1258	0.0291	0.02951	A
1259	0.00854	0.0089	T
1260	0.03201	0.03258	C
1261	0.00252	0.00258	G
1262	0.00293	0.00314	G
1263	0.01821	0.01826	C
1264	0.0043	0.00456	G
1265	0.0029	0.00341	T
1266	0.00594	0.00594	A
1267	0.0259	0.02625	A
1268	0.02746	0.02756	A
1269	0.00859	0.00929	T
1270	0.03202	0.03231	C
1271	0.01012	0.01051	T
1272	0.03091	0.03095	A
1273	0.02727	0.02742	A
1274	0.04129	0.04275	C
1275	0.0029	0.00295	T
1276	0.00758	0.00791	T
1277	0.00794	0.00799	T
1278	0.02795	0.03173	C
1279	0.00911	0.00911	T
1280	0.01343	0.01364	T
1281	0.02481	0.02486	C
1282	0.01944	0.01954	C
1283	0.01793	0.01798	C
1284	0.01246	0.0212	A
1285	0.02808	0.02922	C
1286	0.02084	0.02099	A
1287	0.02025	0.0205	A
1288	0.02903	0.03001	C
1289	0.02405	0.02446	A
1290	0.03175	0.03247	C
1291	0.0028	0.003	T
1292	0.00629	0.00629	T
1293	0.00833	0.00833	T
1294	0.02453	0.02575	C
1295	0.01028	0.01044	T
1296	0.02734	0.02818	C
1297	0.0036	0.00383	G
1298	0.00372	0.00372	G
1299	0.02939	0.02939	C
1300	0.01042	0.01082	C
1301	0.00878	0.00914	T
1302	0.03762	0.03912	A
1303	0.00705	0.00796	T
1304	0.016	0.01617	C
1305	0.01189	0.01201	C
1306	0.00167	0.00167	G
1307	0.00299	0.00299	G
1308	0.01858	0.01863	A
1309	0.02386	0.0241	A
1310	0.01098	0.0121	T
1311	0.00477	0.00542	G
1312	0.02722	0.02722	C
1313	0.01274	0.0128	C
1314	0.01278	0.01278	C
1315	0.01333	0.01333	C
1316	0.00629	0.00706	G
1317	0.02213	0.02219	A
1318	0.04602	0.04607	C
1319	0.00787	0.00817	G
1320	0.00777	0.00789	T
1321	0.00949	0.00949	T
1322	0.01913	0.03152	A
1323	0.03917	0.03941	C
1324	0.00568	0.00597	T
1325	0.01108	0.01138	C
1326	0.0019	0.0019	G
1327	0.00178	0.00178	G
1328	0.04182	0.0545	A
1329	0.02439	0.02486	C
1330	0.00618	0.00719	T
1331	0.03492	0.03647	A
1332	0.05075	0.05075	C
1333	0.02464	0.02517	C
1334	0.00661	0.00661	C
1335	0.00961	0.00961	C
1336	0.00462	0.00516	G
1337	0.01796	0.01832	A
1338	0.00703	0.00721	T
1339	0.00396	0.00444	G
1340	0.03272	0.0332	C
1341	0.02496	0.02508	A
1342	0.00971	0.01025	T
1343	0.02683	0.02749	A
1344	0.03997	0.04057	C
1345	0.03073	0.03139	A
1346	0.03503	0.03526	C
1347	0.02574	0.02628	C
1348	0.02033	0.02476	A
1349	0.03838	0.03938	C
1350	0.02692	0.02864	A
1351	0.00819	0.00916	T
1352	0.0046	0.00496	G
1353	0.02507	0.02507	A
1354	0.02234	0.02246	A
1355	0.02879	0.02897	A
1356	0.03499	0.03731	C
1357	0.02709	0.02771	A
1358	0.00665	0.0072	T
1359	0.01651	0.01669	C
1360	0.00969	0.00994	C
1361	0.00475	0.00525	T
1362	0.0158	0.01704	A
1363	0.00961	0.0111	T
1364	0.02811	0.0296	C
1365	0.0279	0.02895	A
1366	0.01005	0.01049	T
1367	0.03268	0.0333	C
1368	0.01122	0.01141	T
1369	0.00483	0.00565	G
1370	0.00707	0.00844	T
1371	0.01368	0.01437	A
1372	0.00151	0.00151	G
1373	0.00234	0.00234	G
1374	0.0299	0.03055	C
1375	0.00533	0.00647	T
1376	0.03311	0.03344	C
1377	0.02675	0.02941	A
1378	0.00808	0.00814	T
1379	0.0069	0.00696	T
1380	0.02011	0.02086	C
1381	0.02017	0.02129	A
1382	0.00615	0.00634	T
1383	0.0084	0.0084	T
1384	0.00812	0.00839	T
1385	0.02281	0.02397	C
1386	0.00889	0.00896	T
1387	0.03006	0.03039	C
1388	0.01252	0.01292	T
1389	0.0298	0.03033	A
1390	0.02844	0.02871	A
1391	0.04167	0.04297	C
1392	0.03239	0.03331	A
1393	0.00586	0.00651	G
1394	0.02474	0.02513	C
1395	0.02357	0.02402	A
1396	0.00552	0.00598	G
1397	0.0083	0.00968	T
1398	0.01563	0.01563	A
1399	0.0168	0.01766	A
1400	0.00778	0.00811	T
1401	0.01779	0.01812	A
1402	0.01362	0.01362	T
1403	0.01069	0.01135	T
1404	0.01424	0.01457	A
1405	0.02171	0.02262	A
1406	0.01388	0.01632	T
1407	0.01807	0.01807	A
1408	0.01578	0.0291	A
1409	0.00618	0.00625	T
1410	0.00398	0.00398	T
1411	0.00823	0.00836	T
1412	0.00905	0.00905	T
1413	0.02377	0.03045	C
1414	0.02942	0.02968	A
1415	0.00907	0.00926	T
1416	0.00362	0.00387	G
1417	0.02717	0.0273	A
1418	0.00461	0.00467	T
1419	0.0085	0.00882	T
1420	0.00626	0.00626	T
1421	0.00148	0.00186	G
1422	0.02606	0.02639	A
1423	0.00271	0.00291	G
1424	0.01977	0.01977	A
1425	0.01791	0.01893	A
1426	0.00353	0.00392	G
1427	0.01812	0.01838	C
1428	0.01926	0.01926	C
1429	0.00364	0.00364	T
1430	0.00397	0.00397	T
1431	0.01329	0.01413	C
1432	0.00485	0.00511	G
1433	0.00608	0.00647	C
1434	0.00155	0.00168	T
1435	0.00729	0.00729	T
1436	0.02808	0.03107	C
1437	0.00558	0.00642	G
1438	0.02362	0.02362	A
1439	0.0226	0.02273	A
1440	0.00394	0.00439	G
1441	0.01886	0.01918	C
1442	0.00579	0.00624	G
1443	0.01453	0.01485	A
1444	0.01337	0.01344	A
1445	0.01966	0.01966	A
1446	0.03221	0.03228	A
1447	0.00472	0.00517	G
1448	0.00305	0.00343	T
1449	0.00692	0.00692	C
1450	0.00797	0.00797	C
1451	0.00468	0.00552	T
1452	0.04102	0.04134	A
1453	0.01228	0.01228	A
1454	0.00479	0.00485	T
1455	0.0126	0.01279	A
1456	0.00417	0.00455	G
1457	0.0035	0.00376	T
1458	0.03426	0.03497	A
1459	0.00633	0.00666	G
1460	0.03346	0.03346	A
1461	0.03377	0.03454	A
1462	0.00754	0.01082	G
1463	0.03224	0.03224	A
1464	0.04125	0.04346	A
1465	0.0436	0.04373	C
1466	0.01359	0.01359	C
1467	0.00184	0.00184	C
1468	0.00132	0.00139	T
1469	0.002	0.002	C
1470	0.0024	0.0024	C
1471	0.00846	0.01389	A
1472	0.01043	0.01178	T
1473	0.0224	0.0224	A
1474	0.01867	0.01894	A
1475	0.03228	0.03524	A
1476	0.06866	0.06913	C
1477	0.04556	0.0463	C
1478	0.00147	0.00161	T
1479	0.00189	0.00189	G
1480	0.00148	0.00148	G
1481	0.00645	0.00773	A
1482	0.00235	0.00235	G
1483	0.00564	0.00591	T
1484	0.00357	0.0037	G
1485	0.02184	0.02225	A
1486	0.01192	0.01192	C
1487	0.00303	0.0031	T
1488	0.00995	0.01096	A
1489	0.0019	0.00196	T
1490	0.03655	0.03797	A
1491	0.00615	0.00636	T
1492	0.0021	0.0021	G
1493	0.00192	0.00192	G
1494	0.01178	0.01847	A
1495	0.01444	0.01467	T
1496	0.01011	0.01057	G
1497	0.02047	0.02055	C
1498	0.01454	0.01469	C
1499	0.02199	0.02199	C
1500	0.0244	0.0244	C
1501	0.02974	0.02974	C
1502	0.01967	0.01999	C
1503	0.01768	0.02468	A
1504	0.0361	0.0361	C
1505	0.0205	0.0205	C
1506	0.01895	0.01919	C
1507	0.01111	0.01264	T
1508	0.02673	0.02754	A
1509	0.0379	0.03798	C
1510	0.02608	0.02632	C
1511	0.01008	0.03106	A
1512	0.03956	0.04105	C
1513	0.02073	0.02156	A
1514	0.03679	0.03822	C
1515	0.03602	0.03602	A
1516	0.00863	0.0088	T
1517	0.00807	0.00807	T
1518	0.02681	0.02828	C
1519	0.00595	0.00647	G
1520	0.02304	0.02304	A
1521	0.02798	0.02825	A
1522	0.00841	0.011	G
1523	0.0249	0.0249	A
1524	0.02465	0.0254	A
1525	0.04144	0.04153	C
1526	0.0209	0.0209	C
1527	0.03565	0.03565	C
1528	0.00639	0.00804	G
1529	0.00735	0.00863	T
1530	0.02882	0.02922	A
1531	0.01156	0.01294	T
1532	0.01537	0.01567	A
1533	0.05768	0.05909	C
1534	0.03262	0.03282	A
1535	0.01906	0.01946	T
1536	0.0196	0.0196	A
1537	0.01147	0.01147	A
1538	0.02452	0.02452	A
1539	0.02263	0.02263	A
1540	0.00969	0.01088	T
1541	0.02743	0.02743	C
1542	0.00913	0.00913	T
1543	0.00029	0.00029	A
1544	0.0	0.0	G
1545	0.0	0.0	A
