Position	Mismatches	Mismatches + Deletions	Base
1	0.0	0.0	A
2	0.0	0.0	T
3	0.0	0.0	A
4	0.02026	0.02026	A
5	0.03086	0.03173	C
6	0.01976	0.01976	C
7	0.00953	0.01523	A
8	0.00795	0.00807	T
9	0.00425	0.00532	G
10	0.02279	0.02346	C
11	0.02325	0.02439	A
12	0.02588	0.02622	C
13	0.02025	0.02097	A
14	0.02742	0.02771	C
15	0.00685	0.0071	T
16	0.02121	0.02155	A
17	0.04262	0.04313	C
18	0.00744	0.00771	T
19	0.02086	0.02424	A
20	0.00747	0.00921	T
21	0.02793	0.02796	A
22	0.03021	0.03192	A
23	0.03993	0.04048	C
24	0.02151	0.02157	C
25	0.01416	0.02663	A
26	0.04253	0.04253	C
27	0.03153	0.03153	C
28	0.01231	0.01255	C
29	0.01222	0.01403	T
30	0.01741	0.01787	A
31	0.02338	0.02356	A
32	0.05063	0.05066	C
33	0.0358	0.03592	C
34	0.02125	0.02163	C
35	0.00982	0.01044	T
36	0.9916	0.99395	G
37	0.02706	0.02737	A
38	0.04554	0.04611	C
39	0.00926	0.00938	T
40	0.00772	0.00791	T
41	0.03033	0.03046	C
42	0.03446	0.0346	C
43	0.02882	0.02885	C
44	0.01169	0.01246	T
45	0.02959	0.03014	A
46	0.03979	0.04096	A
47	0.00775	0.00785	T
48	0.00644	0.00695	T
49	0.01619	0.0163	C
50	0.02216	0.02216	C
51	0.02196	0.02207	C
52	0.0335	0.03356	C
53	0.0307	0.03075	C
54	0.02763	0.02766	C
55	0.02111	0.02791	A
56	0.01014	0.01089	T
57	0.0376	0.03771	C
58	0.02046	0.02046	C
59	0.00938	0.00938	T
60	0.01123	0.01166	T
61	0.02033	0.03691	A
62	0.05417	0.05433	C
63	0.03283	0.03351	C
64	0.01779	0.02868	A
65	0.05191	0.05191	C
66	0.02897	0.02902	C
67	0.02971	0.03082	C
68	0.00822	0.00941	T
69	0.04388	0.04398	C
70	0.00473	0.00559	G
71	0.00979	0.01001	T
72	0.01087	0.01118	T
73	0.02092	0.02114	A
74	0.02565	0.02594	A
75	0.05085	0.05093	C
76	0.03404	0.03425	C
77	0.02274	0.02298	C
78	0.01017	0.01531	T
79	0.01763	0.01945	A
80	0.01485	0.01503	A
81	0.03142	0.03429	C
82	0.00093	0.00095	A
83	0.00054	0.00056	A
84	0.0004	0.0004	A
85	0.00338	0.0034	A
86	0.01331	0.01331	A
87	0.00648	0.00648	A
88	0.01109	0.01114	A
89	0.01013	0.01013	A
90	0.0428	0.04738	C
91	0.01142	0.01314	T
92	0.03736	0.03848	C
93	0.02747	0.03232	A
94	0.01794	0.01916	T
95	0.02803	0.03199	A
96	0.036	0.03668	C
97	0.02141	0.02165	C
98	0.02545	0.02551	C
99	0.02601	0.02601	C
100	0.02362	0.02375	C
101	0.01725	0.026	A
102	0.009	0.009	T
103	0.00886	0.00934	T
104	0.01128	0.02274	A
105	0.01027	0.01029	T
106	0.00497	0.00524	G
107	0.01079	0.01157	T
108	0.02387	0.02401	A
109	0.01209	0.0122	A
110	0.02178	0.02201	A
111	0.0269	0.02705	A
112	0.01068	0.01222	T
113	0.03733	0.0374	C
114	0.02646	0.02668	C
115	0.02708	0.03021	A
116	0.01005	0.01005	T
117	0.01132	0.01146	T
118	0.00603	0.00702	G
119	0.01325	0.0172	T
120	0.04953	0.0499	C
121	0.0133	0.01461	G
122	0.02968	0.04362	C
123	0.02288	0.02407	A
124	0.01294	0.01422	T
125	0.03572	0.03597	C
126	0.02279	0.02375	C
127	0.01371	0.02092	A
128	0.04518	0.04525	C
129	0.02954	0.02972	C
130	0.00781	0.00794	T
131	0.00826	0.00839	T
132	0.00928	0.00943	T
133	0.01378	0.01875	A
134	0.01133	0.01135	T
135	0.00979	0.00991	T
136	0.01246	0.02634	A
137	0.00894	0.01056	T
138	0.03191	0.03251	C
139	0.03076	0.03167	A
140	0.00642	0.00674	G
141	0.00855	0.00932	T
142	0.02134	0.02158	C
143	0.01094	0.0119	T
144	0.03996	0.04188	C
145	0.01161	0.01161	T
146	0.01211	0.01262	T
147	0.02539	0.02546	C
148	0.02155	0.02188	C
149	0.02997	0.03001	C
150	0.02101	0.02108	C
151	0.01049	0.01433	A
152	0.03694	0.0385	C
153	0.02012	0.02038	A
154	0.02095	0.02134	A
155	0.04002	0.04197	C
156	0.03	0.03	A
157	0.024	0.02416	A
158	0.0121	0.01274	T
159	0.03151	0.03236	A
160	0.01041	0.01044	T
161	0.01085	0.01101	T
162	0.03395	0.03562	C
163	0.03009	0.03035	A
164	0.01284	0.01337	T
165	0.00497	0.00686	G
166	0.01138	0.01253	T
167	0.00431	0.00441	G
168	0.03295	0.03302	C
169	0.01624	0.01645	C
170	0.0106	0.01219	T
171	0.0207	0.0259	A
172	0.00577	0.00605	G
173	0.02052	0.02073	A
174	0.03339	0.03339	C
175	0.02059	0.02063	C
176	0.01427	0.01427	A
177	0.02713	0.02741	A
178	0.00318	0.00424	G
179	0.02161	0.02161	A
180	0.02454	0.02489	A
181	0.00709	0.00772	G
182	0.00877	0.00881	T
183	0.0105	0.01142	T
184	0.01522	0.0278	A
185	0.01147	0.01147	T
186	0.00962	0.00995	T
187	0.01695	0.03221	A
188	0.00966	0.00996	T
189	0.03982	0.0418	C
190	0.00982	0.01011	T
191	0.0398	0.04084	C
192	0.00632	0.0069	G
193	0.02862	0.02876	A
194	0.02457	0.02464	A
195	0.03815	0.03866	C
196	0.01116	0.0113	T
197	0.00494	0.0055	G
198	0.02516	0.02538	A
199	0.03839	0.03891	C
200	0.02602	0.02672	A
201	0.03539	0.03565	C
202	0.01479	0.01618	T
203	0.0057	0.0075	G
204	0.0254	0.02612	A
205	0.00941	0.00968	G
206	0.0422	0.04247	C
207	0.03061	0.03103	C
208	0.01745	0.02952	A
209	0.0468	0.05222	C
210	0.02586	0.0259	A
211	0.0219	0.02482	A
212	0.03936	0.03936	C
213	0.02746	0.02768	C
214	0.02903	0.02926	C
215	0.01196	0.01239	A
216	0.02661	0.02665	A
217	0.02653	0.02665	A
218	0.05226	0.05656	C
219	0.0237	0.02393	A
220	0.0252	0.02743	A
221	0.04366	0.04373	C
222	0.03487	0.03618	C
223	0.03156	0.0316	C
224	0.0287	0.03598	A
225	0.00613	0.00625	G
226	0.02424	0.02508	C
227	0.00849	0.01085	T
228	0.0335	0.03423	C
229	0.01135	0.01417	T
230	0.03186	0.03186	C
231	0.02691	0.02691	C
232	0.00737	0.00758	C
233	0.00836	0.01055	T
234	0.02771	0.02818	A
235	0.02621	0.02621	A
236	0.00379	0.00439	G
237	0.02629	0.02689	C
238	0.00755	0.00755	T
239	0.00917	0.00926	T
240	0.02949	0.03114	C
241	0.02488	0.02497	A
242	0.02197	0.02197	A
243	0.02534	0.02534	A
244	0.03522	0.03863	C
245	0.0123	0.01252	T
246	0.03142	0.03235	A
247	0.00504	0.0053	G
248	0.03125	0.03166	A
249	0.03454	0.0354	C
250	0.00897	0.00933	T
251	0.02224	0.02404	A
252	0.03811	0.03925	C
253	0.01063	0.01077	T
254	0.01125	0.0113	T
255	0.023	0.03178	C
256	0.01032	0.01148	T
257	0.04075	0.04075	C
258	0.02396	0.0241	C
259	0.0167	0.02686	A
260	0.01293	0.01475	T
261	0.02729	0.02744	A
262	0.02539	0.02768	A
263	0.01221	0.0126	T
264	0.03158	0.03355	A
265	0.01108	0.01108	T
266	0.0121	0.01265	T
267	0.03543	0.03704	C
268	0.03168	0.03282	A
269	0.01365	0.01475	T
270	0.02363	0.02394	C
271	0.01087	0.01098	C
272	0.01299	0.01304	C
273	0.00624	0.00667	T
274	0.00549	0.00625	G
275	0.00408	0.00435	T
276	0.0133	0.01347	A
277	0.00471	0.00536	G
278	0.00959	0.00991	C
279	0.03343	0.03435	A
280	0.0128	0.0128	T
281	0.01343	0.01354	T
282	0.00857	0.01174	G
283	0.01166	0.01172	T
284	0.01063	0.01063	T
285	0.03213	0.033	C
286	0.00516	0.00527	G
287	0.00407	0.00407	T
288	0.00562	0.00568	T
289	0.00582	0.00892	A
290	0.01275	0.01308	C
291	0.01128	0.01134	A
292	0.01039	0.01072	T
293	0.00365	0.0037	G
294	0.00341	0.00341	G
295	0.00894	0.00922	T
296	0.03961	0.03961	C
297	0.02117	0.02123	C
298	0.017	0.01914	A
299	0.00779	0.00904	T
300	0.01999	0.02027	C
301	0.01839	0.0201	A
302	0.00783	0.00874	T
303	0.02252	0.02372	A
304	0.00571	0.00668	G
305	0.0266	0.0266	A
306	0.03011	0.03097	A
307	0.00994	0.00994	T
308	0.012	0.012	T
309	0.03433	0.03858	C
310	0.01131	0.01336	T
311	0.03512	0.03553	C
312	0.02302	0.02379	A
313	0.02287	0.02304	C
314	0.00879	0.00891	T
315	0.00641	0.0067	G
316	0.006	0.0063	T
317	0.00465	0.00495	G
318	0.01272	0.01362	A
319	0.00674	0.0068	T
320	0.01958	0.02006	A
321	0.01144	0.01192	T
322	0.02627	0.02711	A
323	0.00887	0.01001	T
324	0.02132	0.02132	A
325	0.02231	0.02231	A
326	0.0218	0.02224	A
327	0.03392	0.03623	C
328	0.01412	0.01599	T
329	0.03507	0.03526	C
330	0.04212	0.04623	A
331	0.01997	0.02199	G
332	0.02575	0.02646	A
333	0.02741	0.02741	C
334	0.01952	0.01959	C
335	0.01861	0.01875	C
336	0.01197	0.01211	A
337	0.01719	0.01733	A
338	0.01524	0.01531	A
339	0.02842	0.03336	C
340	0.02492	0.02644	A
341	0.01192	0.01207	T
342	0.01062	0.0107	T
343	0.01547	0.01584	A
344	0.02569	0.02577	A
345	0.01204	0.01382	T
346	0.02609	0.02639	C
347	0.02322	0.02429	A
348	0.01079	0.01125	G
349	0.0093	0.00945	T
350	0.00896	0.00912	T
351	0.02607	0.03186	C
352	0.0117	0.01178	T
353	0.01248	0.01248	T
354	0.03174	0.03404	C
355	0.01627	0.01651	A
356	0.01892	0.019	A
357	0.02064	0.0208	A
358	0.01285	0.01427	T
359	0.02463	0.02527	A
360	0.01167	0.01175	T
361	0.03193	0.03217	C
362	0.01035	0.01051	T
363	0.02288	0.02394	A
364	0.45267	0.45482	C
365	0.01185	0.01258	T
366	0.02814	0.02879	C
367	0.01956	0.02216	A
368	0.02691	0.02765	T
369	0.05036	0.05194	C
370	0.01345	0.01345	T
371	0.01256	0.01298	T
372	0.02937	0.0297	C
373	0.01759	0.01767	C
374	0.01399	0.01524	T
375	0.01687	0.0177	A
376	0.02172	0.02205	A
377	0.0139	0.0139	T
378	0.01645	0.01645	T
379	0.01017	0.01925	A
380	0.03611	0.03628	C
381	0.02243	0.0226	C
382	0.00968	0.02487	A
383	0.01245	0.0127	T
384	0.01886	0.01963	A
385	0.02791	0.02918	C
386	0.01205	0.01367	T
387	0.01711	0.01719	A
388	0.01944	0.02021	A
389	0.01427	0.01444	T
390	0.02191	0.02234	C
391	0.0129	0.0129	T
392	0.00765	0.00774	T
393	0.01306	0.02044	A
394	0.00878	0.00896	G
395	0.01226	0.01235	T
396	0.01497	0.01506	T
397	0.01253	0.02195	A
398	0.0288	0.02908	C
399	0.03152	0.03179	C
400	0.00816	0.00926	G
401	0.01821	0.01839	C
402	0.01045	0.01183	T
403	0.01932	0.01941	A
404	0.01492	0.01492	A
405	0.03157	0.03221	C
406	0.02118	0.02145	A
407	0.01744	0.01788	A
408	0.02683	0.02683	C
409	0.01772	0.01807	C
410	0.01504	0.01576	T
411	0.01977	0.0258	A
412	0.01847	0.01856	T
413	0.01833	0.01851	T
414	0.02681	0.0269	C
415	0.0288	0.02888	C
416	0.02046	0.02046	A
417	0.02353	0.02363	A
418	0.02296	0.02349	C
419	0.01326	0.01345	T
420	0.01175	0.01276	G
421	0.01039	0.01039	T
422	0.01148	0.01148	T
423	0.01713	0.01732	C
424	0.01727	0.01764	A
425	0.01066	0.01103	T
426	0.01682	0.01738	C
427	0.00565	0.00574	G
428	0.00605	0.00614	G
429	0.01146	0.01165	C
430	0.00826	0.00892	T
431	0.00466	0.00485	G
432	0.01898	0.0205	A
433	0.0035	0.0035	G
434	0.0304	0.03159	A
435	0.00329	0.00329	G
436	0.00235	0.00235	G
437	0.00414	0.00414	G
438	0.01102	0.01357	C
439	0.00733	0.00771	G
440	0.00615	0.007	T
441	0.00884	0.00922	A
442	0.00317	0.00317	G
443	0.00298	0.00298	G
444	0.0073	0.0073	A
445	0.02609	0.02609	A
446	0.01023	0.01032	T
447	0.01747	0.01821	T
448	0.01919	0.03349	A
449	0.01423	0.01606	T
450	0.02833	0.03326	A
451	0.00439	0.00672	T
452	0.01115	0.01133	C
453	0.01263	0.01272	C
454	0.01199	0.01199	T
455	0.0102	0.01029	T
456	0.01392	0.01814	C
457	0.01617	0.01617	T
458	0.00929	0.00955	T
459	0.00583	0.00637	G
460	0.01356	0.01365	C
461	0.00834	0.00924	T
462	0.00883	0.00892	C
463	0.0229	0.02497	A
464	0.01091	0.011	T
465	0.95102	0.95974	C
466	0.02382	0.02445	A
467	0.00605	0.0073	G
468	0.01004	0.01004	T
469	0.00838	0.00856	T
470	0.00535	0.00553	G
471	0.01583	0.01627	A
472	0.00793	0.00873	T
473	0.00674	0.00753	G
474	0.01986	0.02066	A
475	0.00875	0.00892	T
476	0.01896	0.01967	A
477	0.0239	0.02452	C
478	0.00467	0.00502	G
479	0.02571	0.02571	C
480	0.01583	0.01583	C
481	0.02204	0.02204	C
482	0.00439	0.00527	G
483	0.02484	0.02528	A
484	0.00919	0.00945	G
485	0.01917	0.01925	C
486	0.02786	0.02838	A
487	0.0047	0.00504	G
488	0.02386	0.02595	A
489	0.01194	0.01228	T
490	0.00486	0.00503	G
491	0.03194	0.03203	C
492	0.02405	0.02439	C
493	0.02304	0.02312	A
494	0.02255	0.0228	A
495	0.04694	0.04905	C
496	0.03288	0.03541	A
497	0.04434	0.04663	C
498	0.02974	0.03202	A
499	0.00957	0.01302	G
500	0.02266	0.02594	C
501	0.02105	0.02386	A
502	0.00595	0.00626	G
503	0.02375	0.0243	C
504	0.01825	0.01833	C
505	0.0259	0.02838	A
506	0.01062	0.01078	T
507	0.01107	0.01107	T
508	0.03632	0.03733	C
509	0.02888	0.02888	A
510	0.03334	0.03365	A
511	0.00578	0.00601	G
512	0.0288	0.03065	C
513	0.01738	0.01746	A
514	0.02154	0.02245	A
515	0.00989	0.01141	T
516	0.03115	0.03115	C
517	0.01579	0.01594	C
518	0.01471	0.0154	T
519	0.02829	0.02883	A
520	0.01067	0.01231	T
521	0.03155	0.03186	A
522	0.03928	0.04186	C
523	0.02013	0.02029	A
524	0.02105	0.02183	A
525	0.0181	0.0181	C
526	0.01724	0.0174	C
527	0.01084	0.01171	G
528	0.00634	0.00738	T
529	0.028	0.02816	A
530	0.00947	0.0101	T
531	0.02718	0.02765	C
532	0.00301	0.00301	G
533	0.0038	0.00388	G
534	0.01693	0.01709	C
535	0.00466	0.00466	G
536	0.01548	0.01659	A
537	0.01157	0.01165	T
538	0.02481	0.02563	A
539	0.01275	0.01465	T
540	0.02016	0.02032	C
541	0.00405	0.00405	G
542	0.00647	0.00647	G
543	0.00619	0.00619	T
544	0.01256	0.01256	T
545	0.01273	0.01298	T
546	0.11917	0.1215	C
547	0.02776	0.02832	A
548	0.00939	0.0113	T
549	0.02494	0.02502	C
550	0.01322	0.01346	C
551	0.00749	0.00904	T
552	0.0192	0.01936	C
553	0.00569	0.00643	G
554	0.01321	0.01321	C
555	0.00811	0.00819	C
556	0.01312	0.01312	T
557	0.01348	0.01356	T
558	0.02265	0.0323	A
559	0.00768	0.00808	G
560	0.03115	0.03156	C
561	0.02519	0.02544	A
562	0.0119	0.01278	T
563	0.00667	0.00698	G
564	0.02494	0.02565	A
565	0.0102	0.01028	T
566	0.01024	0.01024	T
567	0.01031	0.01063	T
568	0.02006	0.0225	A
569	0.01186	0.01365	T
570	0.03536	0.03582	C
571	0.01626	0.01657	C
572	0.01025	0.01118	T
573	0.02746	0.02848	A
574	0.03843	0.03913	C
575	0.02519	0.02854	A
576	0.03236	0.03275	C
577	0.01072	0.01235	T
578	0.02938	0.02938	C
579	0.02471	0.02495	C
580	0.01962	0.02072	A
581	0.02808	0.02832	A
582	0.03231	0.03308	C
583	0.00937	0.01192	T
584	0.03145	0.03192	C
585	0.02603	0.0299	A
586	0.01143	0.01205	T
587	0.00801	0.00887	G
588	0.02319	0.02568	A
589	0.00899	0.00984	G
590	0.01933	0.0202	A
591	0.0206	0.02067	C
592	0.01885	0.019	C
593	0.02335	0.02366	C
594	0.01436	0.02056	A
595	0.03456	0.03673	C
596	0.02259	0.02259	A
597	0.02089	0.02089	A
598	0.03842	0.03979	C
599	0.01222	0.01222	A
600	0.02515	0.02515	A
601	0.02462	0.02492	A
602	0.01479	0.01644	T
603	0.02934	0.03105	A
604	0.00863	0.00948	G
605	0.0293	0.0293	C
606	0.01126	0.01126	C
607	0.01437	0.01437	C
608	0.00928	0.00936	T
609	0.01117	0.01156	T
610	0.01611	0.0214	C
611	0.01228	0.01327	T
612	0.01224	0.01262	A
613	0.02348	0.02355	A
614	0.03023	0.03023	A
615	0.05178	0.0556	C
616	0.0087	0.00885	G
617	0.01976	0.02006	C
618	0.00582	0.00724	T
619	0.01269	0.01284	A
620	0.02074	0.02074	A
621	0.01197	0.01278	T
622	0.03638	0.03646	C
623	0.01713	0.01743	C
624	0.02218	0.02218	A
625	0.03111	0.03126	A
626	0.00869	0.00981	G
627	0.01288	0.01288	C
628	0.00968	0.00968	C
629	0.01107	0.01827	T
630	0.02089	0.02165	C
631	0.0127	0.02204	A
632	0.02315	0.02315	C
633	0.01512	0.01512	C
634	0.01921	0.01921	C
635	0.01746	0.01754	C
636	0.01638	0.03645	A
637	0.01471	0.01494	C
638	0.00445	0.00483	T
639	0.02946	0.02961	A
640	0.01348	0.01371	C
641	0.00394	0.00417	T
642	0.01051	0.0137	A
643	0.00133	0.00133	G
644	0.00179	0.00195	G
645	0.05007	0.05007	C
646	0.00801	0.00817	C
647	0.00544	0.00839	T
648	0.03305	0.03313	C
649	0.02091	0.02161	C
650	0.01002	0.01196	T
651	0.01048	0.01048	C
652	0.00511	0.00565	C
653	0.00357	0.00364	T
654	0.01258	0.01336	A
655	0.00319	0.00389	G
656	0.02229	0.02322	C
657	0.01732	0.01747	A
658	0.00541	0.00734	G
659	0.03755	0.03894	C
660	0.0234	0.02417	A
661	0.00873	0.01011	G
662	0.03371	0.03585	C
663	0.01748	0.01854	A
664	0.00204	0.00204	G
665	0.00257	0.00265	G
666	0.00979	0.01025	C
667	0.01038	0.01045	A
668	0.01999	0.01999	A
669	0.02209	0.02224	A
670	0.01304	0.01699	T
671	0.03001	0.03187	C
672	0.01993	0.0208	A
673	0.00649	0.00696	G
674	0.0191	0.0191	C
675	0.01713	0.01713	C
676	0.03152	0.03159	C
677	0.0156	0.0156	A
678	0.02703	0.02703	A
679	0.01012	0.01012	T
680	0.00791	0.00791	T
681	0.02545	0.03	A
682	0.00258	0.00264	G
683	0.00421	0.00427	G
684	0.00623	0.00623	T
685	0.0084	0.0084	C
686	0.00621	0.00766	T
687	0.02503	0.02509	C
688	0.01935	0.01942	C
689	0.00685	0.01767	A
690	0.02577	0.02577	C
691	0.0146	0.0146	C
692	0.01921	0.01921	C
693	0.01263	0.01282	C
694	0.00588	0.00672	T
695	0.00479	0.0057	G
696	0.02389	0.02536	A
697	0.02115	0.02177	C
698	0.00697	0.00882	T
699	0.02409	0.02422	C
700	0.01899	0.01905	C
701	0.01839	0.01839	C
702	0.02634	0.02648	C
703	0.00728	0.00989	T
704	0.02628	0.02754	C
705	0.01787	0.02475	A
706	0.00359	0.00379	G
707	0.01521	0.01527	C
708	0.02224	0.02237	C
709	0.02204	0.03878	A
710	0.00704	0.0075	T
711	0.02347	0.02374	A
712	0.00478	0.00524	G
713	0.02613	0.02613	A
714	0.02197	0.02274	A
715	0.00315	0.00315	G
716	0.00243	0.00256	G
717	0.01066	0.01073	C
718	0.02077	0.02084	C
719	0.02816	0.02823	C
720	0.03487	0.03527	C
721	0.01361	0.0231	A
722	0.03161	0.03161	C
723	0.02545	0.02545	C
724	0.02742	0.02742	C
725	0.02754	0.02754	C
726	0.02367	0.03193	A
727	0.00619	0.00619	G
728	0.007	0.00752	T
729	0.01624	0.01637	C
730	0.00841	0.01086	T
731	0.0238	0.02438	C
732	0.02361	0.02575	A
733	0.00618	0.00664	G
734	0.0259	0.0259	C
735	0.01646	0.01652	C
736	0.01765	0.01778	C
737	0.00594	0.00712	T
738	0.01738	0.02167	A
739	0.02227	0.02253	C
740	0.00654	0.00699	T
741	0.02095	0.02095	C
742	0.01697	0.01709	C
743	0.01057	0.01637	A
744	0.02327	0.02389	C
745	0.00911	0.01156	T
746	0.02693	0.02862	C
747	0.02518	0.02668	A
748	0.02864	0.02888	A
749	0.00558	0.00847	G
750	0.02238	0.02256	C
751	0.03158	0.03176	A
752	0.03699	0.03759	C
753	0.00962	0.0101	T
754	0.0258	0.02657	A
755	0.00876	0.00882	T
756	0.02416	0.0247	A
757	0.00488	0.005	G
758	0.00631	0.00636	T
759	0.00658	0.00658	T
760	0.00474	0.00538	G
761	0.0065	0.00754	T
762	0.02782	0.02811	A
763	0.00512	0.00535	G
764	0.0284	0.02858	C
765	0.02327	0.02378	A
766	0.00296	0.00296	G
767	0.00369	0.00392	G
768	0.0145	0.0145	A
769	0.02218	0.02218	A
770	0.00871	0.00933	T
771	0.03203	0.03265	C
772	0.00954	0.00954	T
773	0.01045	0.01056	T
774	0.0304	0.03656	C
775	0.01329	0.01329	T
776	0.01294	0.01305	T
777	0.01197	0.03579	A
778	0.04672	0.04693	C
779	0.01358	0.01461	T
780	0.03606	0.03796	C
781	0.02438	0.02971	A
782	0.00749	0.00876	T
783	0.02894	0.02916	C
784	0.03228	0.03348	C
785	0.00544	0.00731	G
786	0.02426	0.02645	C
787	0.00754	0.00776	T
788	0.00912	0.00956	T
789	0.03932	0.03966	C
790	0.02594	0.02611	C
791	0.01602	0.03107	A
792	0.01808	0.01808	C
793	0.02098	0.02109	C
794	0.02483	0.02483	C
795	0.02762	0.02762	C
796	0.0247	0.02481	C
797	0.01518	0.01764	T
798	0.02921	0.0297	A
799	0.00488	0.00553	G
800	0.02501	0.0255	C
801	0.02596	0.02633	A
802	0.00544	0.00571	G
803	0.01959	0.01959	A
804	0.01131	0.01131	A
805	0.02981	0.02986	A
806	0.01964	0.01964	A
807	0.01043	0.01256	T
808	0.03452	0.03613	A
809	0.00905	0.01065	G
810	0.02384	0.02384	C
811	0.01595	0.016	C
812	0.01767	0.01767	C
813	0.02209	0.02986	A
814	0.03212	0.03252	C
815	0.01223	0.01337	T
816	0.01071	0.01081	A
817	0.01987	0.02021	A
818	0.01178	0.01351	T
819	0.03073	0.03106	C
820	0.02848	0.02848	C
821	0.01219	0.01238	A
822	0.01856	0.0187	A
823	0.02318	0.02328	A
824	0.03366	0.03676	C
825	0.01337	0.0136	T
826	0.02741	0.02806	C
827	0.01542	0.0169	T
828	0.02774	0.02806	A
829	0.01989	0.02022	A
830	0.04112	0.04216	C
831	0.02991	0.03019	A
832	0.03486	0.0363	C
833	0.01143	0.01206	T
834	0.02242	0.0248	A
835	0.00951	0.00969	T
836	0.00416	0.00457	G
837	0.03321	0.03416	C
838	0.01391	0.01396	T
839	0.00677	0.00686	T
840	0.02301	0.03173	A
841	0.00207	0.00212	G
842	0.00234	0.00239	G
843	0.04458	0.04485	C
844	0.00439	0.00448	G
845	0.01716	0.01769	C
846	0.00935	0.0098	T
847	0.02284	0.02373	A
848	0.01233	0.01361	T
849	0.03322	0.03508	C
850	0.03157	0.03214	A
851	0.04659	0.04664	C
852	0.02956	0.0303	C
853	0.01314	0.02103	A
854	0.02801	0.02849	C
855	0.0058	0.0062	T
856	0.01372	0.01376	C
857	0.00702	0.00706	T
858	0.00808	0.0096	G
859	0.0068	0.0068	T
860	0.01266	0.01274	T
861	0.03292	0.03418	C
862	0.00784	0.00892	G
863	0.0153	0.01643	C
864	0.01675	0.01709	A
865	0.00646	0.0075	G
866	0.0415	0.04241	C
867	0.02216	0.02268	A
868	0.00573	0.00586	G
869	0.00815	0.00885	T
870	0.02065	0.02082	C
871	0.00552	0.00578	T
872	0.00308	0.00356	G
873	0.00594	0.00624	C
874	0.00557	0.00583	G
875	0.04013	0.04013	C
876	0.0122	0.0122	C
877	0.02862	0.02875	C
878	0.0155	0.01558	T
879	0.01203	0.01257	T
880	0.01208	0.02191	A
881	0.04381	0.04509	C
882	0.01938	0.01983	A
883	0.06101	0.06455	C
884	0.01564	0.01568	A
885	0.01178	0.01186	A
886	0.01885	0.01885	A
887	0.02103	0.02107	A
888	0.01309	0.01449	T
889	0.00885	0.00966	G
890	0.02328	0.02359	A
891	0.04259	0.04363	C
892	0.01946	0.01973	A
893	0.01701	0.01867	T
894	0.02498	0.02738	C
895	0.00208	0.00212	A
896	0.00132	0.00136	A
897	0.00196	0.00196	A
898	0.01015	0.01015	A
899	0.00583	0.00583	A
900	0.00853	0.00857	A
901	0.01213	0.01216	A
902	0.01058	0.0117	T
903	0.03498	0.03551	C
904	0.01034	0.01049	G
905	0.00804	0.00933	T
906	0.02506	0.02582	A
907	0.00348	0.00352	G
908	0.01802	0.01802	C
909	0.01136	0.01136	C
910	0.00892	0.00897	T
911	0.0107	0.01132	T
912	0.01653	0.02377	C
913	0.00984	0.01121	T
914	0.03858	0.03868	C
915	0.02253	0.023	C
916	0.01304	0.02291	A
917	0.03109	0.03137	C
918	0.00957	0.01004	T
919	0.00991	0.00991	T
920	0.03093	0.03267	C
921	0.02408	0.02422	A
922	0.02367	0.02381	A
923	0.00474	0.00521	G
924	0.01057	0.01136	T
925	0.01885	0.01932	C
926	0.02197	0.02197	A
927	0.02887	0.02901	A
928	0.03243	0.03341	C
929	0.01049	0.01054	T
930	0.02966	0.0306	A
931	0.00393	0.00398	G
932	0.00248	0.00253	G
933	0.00974	0.01391	A
934	0.01536	0.01545	C
935	0.0056	0.00733	T
936	0.028	0.02833	C
937	0.01563	0.01785	A
938	0.00992	0.01375	T
939	0.01902	0.01902	A
940	0.01837	0.02019	A
941	0.01102	0.01161	T
942	0.0187	0.01911	A
943	0.00702	0.00766	G
944	0.00968	0.00973	T
945	0.01094	0.01104	T
946	0.01225	0.02793	A
947	0.04252	0.04293	C
948	0.02556	0.02556	A
949	0.0275	0.02781	A
950	0.01373	0.01458	T
951	0.03323	0.03373	C
952	0.00435	0.00435	G
953	0.00539	0.00539	G
954	0.01196	0.01261	C
955	0.0227	0.02316	A
956	0.01092	0.01378	T
957	0.02269	0.02336	C
958	0.02195	0.02243	A
959	0.02527	0.02537	A
960	0.03492	0.03521	C
961	0.05557	0.05577	C
962	0.01338	0.01401	A
963	0.02284	0.02313	A
964	0.0354	0.03584	C
965	0.02347	0.0242	C
966	0.0118	0.02091	A
967	0.03299	0.03566	C
968	0.01812	0.02085	A
969	0.0352	0.0352	C
970	0.01886	0.0193	C
971	0.01116	0.01164	T
972	0.03123	0.03157	A
973	0.0062	0.0065	G
974	0.03464	0.03568	C
975	0.02056	0.02218	A
976	0.00986	0.00986	T
977	0.00697	0.00697	T
978	0.02099	0.02104	C
979	0.00972	0.00977	C
980	0.007	0.00735	T
981	0.00495	0.00571	G
982	0.01444	0.01484	C
983	0.02309	0.02426	A
984	0.03494	0.03564	C
985	0.01685	0.0177	A
986	0.00849	0.00879	T
987	0.03056	0.03131	C
988	0.01102	0.01122	T
989	0.01921	0.02402	G
990	0.00956	0.01028	T
991	0.01997	0.02161	A
992	0.02606	0.02621	C
993	0.0188	0.0189	C
994	0.01399	0.0141	C
995	0.02299	0.03143	A
996	0.05232	0.05271	C
997	0.00695	0.00768	G
998	0.02974	0.02974	C
999	0.01728	0.01728	C
1000	0.00924	0.00941	T
1001	0.01076	0.01082	T
1002	0.01695	0.02701	C
1003	0.01187	0.01187	T
1004	0.01075	0.01081	T
1005	0.0341	0.03715	C
1006	0.02566	0.0259	A
1007	0.0319	0.03208	A
1008	0.02191	0.02197	A
1009	0.00773	0.00797	G
1010	0.01406	0.01412	C
1011	0.01166	0.01184	C
1012	0.00711	0.01797	A
1013	0.00762	0.00832	T
1014	0.0156	0.01602	A
1015	0.05598	0.0584	C
1016	0.01242	0.01272	T
1017	0.02402	0.02524	A
1018	0.00895	0.00895	T
1019	0.01221	0.01221	T
1020	0.00698	0.00716	T
1021	0.00644	0.0072	A
1022	0.00332	0.00332	T
1023	0.00282	0.00305	G
1024	0.01132	0.01138	T
1025	0.00491	0.00509	G
1026	0.01109	0.01133	C
1027	0.00695	0.00743	T
1028	0.03165	0.03165	C
1029	0.02667	0.02685	C
1030	0.00443	0.00443	G
1031	0.00588	0.00594	G
1032	0.00605	0.00605	G
1033	0.01865	0.01954	T
1034	0.03187	0.03187	C
1035	0.02095	0.02095	C
1036	0.02464	0.02823	A
1037	0.01102	0.01244	T
1038	0.02991	0.03085	C
1039	0.0205	0.02167	A
1040	0.01336	0.01574	T
1041	0.0272	0.02767	C
1042	0.02112	0.02158	C
1043	0.01209	0.02136	A
1044	0.03045	0.03512	C
1045	0.01765	0.0177	A
1046	0.01829	0.0191	A
1047	0.02684	0.02684	C
1048	0.02102	0.02126	C
1049	0.01503	0.01538	T
1050	0.01262	0.01262	T
1051	0.01468	0.01474	A
1052	0.02027	0.02027	A
1053	0.0392	0.03978	C
1054	0.02129	0.0214	A
1055	0.02095	0.02147	A
1056	0.01219	0.01265	T
1057	0.00765	0.00875	G
1058	0.0171	0.01716	A
1059	0.01895	0.01907	A
1060	0.03888	0.03953	C
1061	0.02839	0.02845	A
1062	0.02496	0.02501	A
1063	0.00864	0.00946	G
1064	0.0189	0.01902	A
1065	0.01101	0.01136	T
1066	0.02466	0.02571	A
1067	0.01193	0.01199	T
1068	0.01332	0.01404	T
1069	0.02855	0.03041	C
1070	0.01145	0.01425	G
1071	0.00339	0.00369	A
1072	0.01469	0.01481	A
1073	0.00816	0.00822	A
1074	0.02091	0.02091	A
1075	0.01932	0.01932	A
1076	0.01042	0.01095	T
1077	0.03005	0.03034	A
1078	0.00549	0.00573	G
1079	0.00446	0.00457	G
1080	0.01218	0.01404	A
1081	0.00392	0.00398	G
1082	0.00416	0.00433	G
1083	0.0258	0.03407	A
1084	0.02822	0.02934	C
1085	0.01163	0.01475	T
1086	0.01971	0.021	A
1087	0.03345	0.03374	C
1088	0.01509	0.01605	T
1089	0.03672	0.03768	C
1090	0.0266	0.02689	A
1091	0.01671	0.01671	A
1092	0.02023	0.02023	A
1093	0.02267	0.02278	A
1094	0.02688	0.02799	C
1095	0.01856	0.01873	C
1096	0.01438	0.03083	A
1097	0.0165	0.017	T
1098	0.02593	0.02661	A
1099	0.03077	0.03083	C
1100	0.01831	0.01866	C
1101	0.00984	0.01183	T
1102	0.02369	0.02432	C
1103	0.01488	0.01773	T
1104	0.02957	0.03002	C
1105	0.0227	0.02451	A
1106	0.03849	0.03884	C
1107	0.01161	0.01172	T
1108	0.01099	0.01116	T
1109	0.03077	0.0322	C
1110	0.02434	0.0253	A
1111	0.0269	0.02714	A
1112	0.02083	0.02094	C
1113	0.01504	0.01546	C
1114	0.00735	0.01094	T
1115	0.01634	0.01634	C
1116	0.00897	0.00897	C
1117	0.01793	0.01829	C
1118	0.01127	0.01375	T
1119	0.08283	0.08349	C
1120	0.01845	0.02031	A
1121	0.03273	0.03273	C
1122	0.02013	0.02031	C
1123	0.02099	0.02388	A
1124	0.01603	0.01616	T
1125	0.01202	0.01221	T
1126	0.00645	0.00658	G
1127	0.00563	0.00576	G
1128	0.01785	0.01822	C
1129	0.0289	0.02939	A
1130	0.02088	0.02143	G
1131	0.01536	0.01536	C
1132	0.0101	0.0101	C
1133	0.01056	0.01113	T
1134	0.02373	0.02391	A
1135	0.00628	0.00801	G
1136	0.02237	0.02274	C
1137	0.0264	0.02658	A
1138	0.01102	0.01108	T
1139	0.01064	0.0107	T
1140	0.02494	0.0321	A
1141	0.00735	0.00753	G
1142	0.02251	0.02251	C
1143	0.01226	0.0125	A
1144	0.0023	0.0023	G
1145	0.00442	0.00442	G
1146	0.01098	0.01098	A
1147	0.01203	0.01209	A
1148	0.01181	0.01373	T
1149	0.02952	0.03001	A
1150	0.03662	0.03668	C
1151	0.02524	0.02524	C
1152	0.00932	0.00932	T
1153	0.0106	0.0106	T
1154	0.00818	0.00818	T
1155	0.01383	0.01383	C
1156	0.0097	0.0097	C
1157	0.00946	0.01168	T
1158	0.02853	0.02907	C
1159	0.02323	0.0257	A
1160	0.04424	0.04459	C
1161	0.02465	0.02518	A
1162	0.00287	0.00293	G
1163	0.00441	0.00453	G
1164	0.00292	0.00292	T
1165	0.00517	0.00517	T
1166	0.0058	0.00586	T
1167	0.01532	0.01568	C
1168	0.01856	0.01904	T
1169	0.02155	0.02822	A
1170	0.03561	0.03596	C
1171	0.01338	0.01567	T
1172	0.02967	0.02967	C
1173	0.02598	0.02639	C
1174	0.01709	0.0175	A
1175	0.02449	0.02449	A
1176	0.03417	0.03446	A
1177	0.01791	0.0186	G
1178	0.02295	0.02335	A
1179	0.02178	0.0219	C
1180	0.01667	0.01685	C
1181	0.01547	0.01909	A
1182	0.03408	0.03467	C
1183	0.02059	0.02201	A
1184	0.00966	0.01122	T
1185	0.02966	0.03028	C
1186	0.02453	0.02534	A
1187	0.0169	0.01721	T
1188	0.02774	0.02836	C
1189	0.00814	0.00882	G
1190	0.00987	0.01006	A
1191	0.01316	0.01334	A
1192	0.01316	0.01323	A
1193	0.01631	0.01643	C
1194	0.01365	0.01377	C
1195	0.01364	0.01605	G
1196	0.0243	0.02656	C
1197	0.02191	0.02258	A
1198	0.01811	0.01829	A
1199	0.01552	0.01559	A
1200	0.028	0.03027	C
1201	0.02136	0.02189	A
1202	0.01538	0.01639	T
1203	0.01901	0.01907	A
1204	0.01887	0.02035	T
1205	0.03345	0.03487	C
1206	0.02794	0.02883	A
1207	0.01437	0.01514	T
1208	0.02518	0.02625	A
1209	0.03185	0.03341	C
1210	0.01728	0.01776	A
1211	0.03063	0.03244	C
1212	0.02206	0.02206	A
1213	0.01938	0.01938	A
1214	0.02582	0.02627	A
1215	0.02804	0.03195	C
1216	0.00883	0.00896	G
1217	0.0173	0.0173	C
1218	0.01266	0.01266	C
1219	0.00968	0.01114	T
1220	0.01125	0.01239	G
1221	0.01437	0.01572	A
1222	0.00724	0.00826	G
1223	0.02848	0.02848	C
1224	0.014	0.014	C
1225	0.0108	0.01094	C
1226	0.0163	0.01744	T
1227	0.02154	0.02188	A
1228	0.02175	0.02249	T
1229	0.02135	0.02155	C
1230	0.01529	0.01543	T
1231	0.02232	0.0236	A
1232	0.01307	0.01307	T
1233	0.01468	0.01488	T
1234	0.01081	0.02471	A
1235	0.02956	0.02983	C
1236	0.01613	0.01669	T
1237	0.02105	0.02153	C
1238	0.01535	0.01584	T
1239	0.0223	0.02265	C
1240	0.0163	0.01763	A
1241	0.01771	0.01827	T
1242	0.03157	0.03235	C
1243	0.01078	0.01136	G
1244	0.01343	0.01489	C
1245	0.00974	0.00989	T
1246	0.02617	0.02777	A
1247	0.02966	0.02997	C
1248	0.0167	0.01796	C
1249	0.01358	0.01676	T
1250	0.02239	0.02239	C
1251	0.01832	0.01832	C
1252	0.01555	0.01587	C
1253	0.01439	0.01614	T
1254	0.01665	0.01681	G
1255	0.02119	0.02119	A
1256	0.03056	0.0312	C
1257	0.02259	0.02275	A
1258	0.02258	0.02258	A
1259	0.00374	0.00407	G
1260	0.01822	0.01862	C
1261	0.00552	0.00552	G
1262	0.02583	0.02583	C
1263	0.01186	0.01186	C
1264	0.01561	0.017	T
1265	0.01676	0.02029	A
1266	0.01479	0.0157	T
1267	0.0221	0.02285	A
1268	0.00414	0.00489	G
1269	0.02033	0.02075	C
1270	0.01957	0.02064	A
1271	0.02617	0.02658	C
1272	0.00954	0.00987	T
1273	0.01943	0.01943	C
1274	0.00757	0.00789	G
1275	0.01738	0.01754	A
1276	0.01684	0.01692	A
1277	0.00913	0.01546	T
1278	0.01254	0.01254	A
1279	0.01584	0.01914	A
1280	0.00823	0.00832	T
1281	0.91722	0.91764	T
1282	0.01735	0.01752	C
1283	0.01498	0.01498	T
1284	0.0154	0.01627	T
1285	0.02303	0.02491	C
1286	0.02088	0.0248	T
1287	0.03073	0.03222	C
1288	0.01276	0.0139	A
1289	0.0229	0.02298	C
1290	0.01459	0.01459	C
1291	0.00992	0.01	C
1292	0.01218	0.01556	T
1293	0.02326	0.02362	A
1294	0.022	0.022	A
1295	0.03747	0.03819	C
1296	0.03045	0.03135	A
1297	0.00473	0.00473	G
1298	0.00804	0.00813	G
1299	0.00903	0.01131	T
1300	0.03354	0.03538	C
1301	0.02376	0.02376	A
1302	0.02255	0.02255	A
1303	0.02967	0.02976	C
1304	0.01789	0.01817	C
1305	0.01156	0.0123	T
1306	0.03387	0.03425	C
1307	0.0106	0.01176	G
1308	0.02087	0.02234	C
1309	0.00937	0.00977	T
1310	0.00827	0.00827	T
1311	0.01912	0.01922	C
1312	0.0173	0.01751	C
1313	0.02324	0.02324	C
1314	0.02069	0.02101	C
1315	0.01106	0.02092	A
1316	0.03064	0.03064	C
1317	0.0209	0.0209	C
1318	0.01867	0.01878	C
1319	0.01538	0.01538	T
1320	0.01307	0.01329	T
1321	0.01294	0.02183	A
1322	0.03085	0.03139	C
1323	0.01185	0.01348	T
1324	0.01764	0.01775	A
1325	0.01686	0.01729	A
1326	0.03815	0.03837	C
1327	0.02229	0.02293	A
1328	0.01286	0.01308	T
1329	0.01255	0.01276	T
1330	0.01374	0.01385	A
1331	0.02015	0.02047	A
1332	0.03869	0.03965	C
1333	0.01148	0.01403	G
1334	0.01529	0.01529	A
1335	0.00987	0.00997	A
1336	0.02188	0.02198	A
1337	0.01932	0.01932	A
1338	0.01308	0.01802	T
1339	0.02245	0.02245	A
1340	0.01698	0.01905	A
1341	0.02644	0.02791	C
1342	0.01405	0.01439	C
1343	0.02065	0.02077	C
1344	0.01187	0.01187	C
1345	0.0144	0.01798	A
1346	0.01921	0.01921	C
1347	0.02177	0.02177	C
1348	0.015	0.015	C
1349	0.01267	0.01292	T
1350	0.01785	0.01822	A
1351	0.02719	0.02732	C
1352	0.01143	0.01306	T
1353	0.01216	0.01216	A
1354	0.01765	0.0179	A
1355	0.01992	0.02004	A
1356	0.0284	0.02904	C
1357	0.0171	0.01723	C
1358	0.01774	0.01774	C
1359	0.01548	0.01574	C
1360	0.01881	0.02439	A
1361	0.01479	0.01531	T
1362	0.01417	0.01417	T
1363	0.01408	0.01422	A
1364	0.0222	0.02246	A
1365	0.02546	0.02559	A
1366	0.0369	0.0396	C
1367	0.01483	0.0151	G
1368	0.02112	0.02112	C
1369	0.01072	0.01072	C
1370	0.00871	0.01036	T
1371	0.00728	0.00742	G
1372	0.00613	0.00627	G
1373	0.0137	0.0144	C
1374	0.10683	0.10934	A
1375	0.00599	0.00627	G
1376	0.01854	0.01923	C
1377	0.01985	0.0204	C
1378	0.01038	0.01038	G
1379	0.00716	0.0073	G
1380	0.0122	0.01234	A
1381	0.01686	0.01686	A
1382	0.00535	0.00549	G
1383	0.02219	0.02233	C
1384	0.01369	0.01369	C
1385	0.00861	0.00958	T
1386	0.02593	0.02839	A
1387	0.012	0.012	T
1388	0.01227	0.01241	T
1389	0.0329	0.03413	C
1390	0.01033	0.01129	G
1391	0.02599	0.02627	C
1392	0.01847	0.01915	A
1393	0.00336	0.00336	G
1394	0.00508	0.00508	G
1395	0.01682	0.02041	A
1396	0.00443	0.00443	T
1397	0.01311	0.01311	T
1398	0.01532	0.01575	T
1399	0.02534	0.02615	C
1400	0.01429	0.01616	T
1401	0.02969	0.03022	C
1402	0.02029	0.0216	A
1403	0.01868	0.01868	T
1404	0.01341	0.01341	T
1405	0.00909	0.02025	A
1406	0.03577	0.0359	C
1407	0.01505	0.01682	T
1408	0.02556	0.02568	A
1409	0.0229	0.02353	A
1410	0.04057	0.04195	C
1411	0.02397	0.02397	A
1412	0.0237	0.02481	A
1413	0.04044	0.04142	C
1414	0.03173	0.03297	A
1415	0.01011	0.01023	T
1416	0.01036	0.01049	T
1417	0.01189	0.01189	T
1418	0.02005	0.02046	C
1419	0.01795	0.01795	C
1420	0.0222	0.0222	C
1421	0.02051	0.02051	C
1422	0.02726	0.0274	C
1423	0.00952	0.01094	G
1424	0.02202	0.02712	C
1425	0.02391	0.03649	A
1426	0.01383	0.01666	T
1427	0.0184	0.0184	C
1428	0.01889	0.01889	C
1429	0.02608	0.02622	C
1430	0.02556	0.02556	C
1431	0.02591	0.02605	C
1432	0.01966	0.01981	T
1433	0.01041	0.01041	T
1434	0.02368	0.02368	C
1435	0.02245	0.02245	C
1436	0.01411	0.0144	A
1437	0.02092	0.02106	A
1438	0.0198	0.01994	A
1439	0.03872	0.04287	C
1440	0.02564	0.02578	A
1441	0.02322	0.02363	A
1442	0.03328	0.03452	C
1443	0.02012	0.02012	A
1444	0.02503	0.02613	A
1445	0.02055	0.02351	T
1446	0.01928	0.01942	C
1447	0.01575	0.01589	C
1448	0.01718	0.01718	C
1449	0.01801	0.01801	C
1450	0.01527	0.01527	C
1451	0.01671	0.01883	T
1452	0.02045	0.02156	C
1453	0.0207	0.02223	T
1454	0.02678	0.02951	A
1455	0.03191	0.03204	C
1456	0.02315	0.02395	C
1457	0.01243	0.01431	T
1458	0.01984	0.0201	A
1459	0.00996	0.00996	A
1460	0.02485	0.02485	A
1461	0.02144	0.02169	A
1462	0.02539	0.02947	C
1463	0.01487	0.01539	T
1464	0.02896	0.02909	C
1465	0.0112	0.01184	A
1466	0.01625	0.01702	C
1467	0.01312	0.01453	A
1468	0.00652	0.00756	G
1469	0.00687	0.00687	C
1470	0.01067	0.01067	C
1471	0.0189	0.0189	C
1472	0.0167	0.0181	T
1473	0.03484	0.03522	C
1474	0.01235	0.01273	G
1475	0.009	0.00913	C
1476	0.00778	0.00816	T
1477	0.00912	0.00937	G
1478	0.00725	0.00762	T
1479	0.0327	0.03319	C
1480	0.021	0.0215	A
1481	0.03705	0.03766	C
1482	0.0115	0.01163	T
1483	0.01097	0.01109	T
1484	0.00781	0.00781	T
1485	0.02444	0.02457	C
1486	0.00711	0.00711	C
1487	0.00246	0.00271	T
1488	0.0087	0.00906	A
1489	0.00148	0.00148	G
1490	0.00159	0.00159	G
1491	0.00845	0.01077	A
1492	0.00709	0.00721	C
1493	0.00427	0.00439	T
1494	0.01481	0.01519	T
1495	0.02554	0.03217	C
1496	0.02072	0.02269	T
1497	0.02829	0.0289	A
1498	0.02063	0.02075	A
1499	0.03387	0.03472	C
1500	0.01055	0.01138	A
1501	0.00358	0.00394	G
1502	0.00775	0.00775	C
1503	0.00411	0.00411	C
1504	0.00471	0.00471	C
1505	0.00258	0.00341	T
1506	0.00666	0.00797	A
1507	0.03931	0.03943	G
1508	0.02958	0.02958	A
1509	0.02974	0.02986	C
1510	0.0196	0.01972	C
1511	0.013	0.01555	T
1512	0.02842	0.02888	C
1513	0.02011	0.02149	A
1514	0.0211	0.02122	A
1515	0.03197	0.03243	C
1516	0.02588	0.04683	T
1517	0.02414	0.02448	A
1518	0.05139	0.05151	C
1519	0.02499	0.02533	C
1520	0.01997	0.0228	T
1521	0.01893	0.01927	A
1522	0.01818	0.01818	A
1523	0.04544	0.04544	C
1524	0.02233	0.02317	C
1525	0.01367	0.01377	A
1526	0.01474	0.01495	A
1527	0.0352	0.03621	C
1528	0.01615	0.01615	A
1529	0.0166	0.0166	A
1530	0.00965	0.00965	A
1531	0.02733	0.02898	C
1532	0.02176	0.02244	T
1533	0.01272	0.01368	T
1534	0.00804	0.00871	A
1535	0.01106	0.01106	A
1536	0.01756	0.01766	A
1537	0.01538	0.01538	A
1538	0.01732	0.02346	T
1539	0.01591	0.01591	A
1540	0.0087	0.0087	A
1541	0.01541	0.01541	A
1542	0.01776	0.01841	A
1543	0.02522	0.02715	T
1544	0.01623	0.01632	C
1545	0.00999	0.00999	C
1546	0.01558	0.01558	C
1547	0.0112	0.01129	C
1548	0.01382	0.01808	A
1549	0.01685	0.01702	C
1550	0.02164	0.0231	T
1551	0.01475	0.01546	A
1552	0.01384	0.01393	T
1553	0.93653	0.93823	G
1554	0.02522	0.02656	C
1555	0.01269	0.01368	A
1556	0.01605	0.01605	C
1557	0.01518	0.01558	A
1558	0.01444	0.01444	T
1559	0.01359	0.01383	T
1560	0.00914	0.00914	T
1561	0.00987	0.01019	T
1562	0.01071	0.01703	A
1563	0.01346	0.01346	T
1564	0.01182	0.01182	T
1565	0.0127	0.01286	T
1566	0.01522	0.0161	C
1567	0.01505	0.02007	T
1568	0.01769	0.01777	C
1569	0.01229	0.01245	C
1570	0.01813	0.01884	A
1571	0.01966	0.01974	A
1572	0.02274	0.02399	C
1573	0.0211	0.02219	A
1574	0.02006	0.0209	T
1575	0.01829	0.01867	A
1576	0.0233	0.02399	C
1577	0.01854	0.01877	T
1578	0.01726	0.01787	C
1579	0.00783	0.00798	G
1580	0.01567	0.01582	G
1581	0.01329	0.01608	A
1582	0.01962	0.01962	T
1583	0.01875	0.0192	T
1584	0.01787	0.02	C
1585	0.02949	0.03312	T
1586	0.0154	0.01767	A
1587	0.01953	0.01983	C
1588	0.01082	0.01082	C
1589	0.00966	0.00981	C
1590	0.01883	0.01971	T
1591	0.01911	0.01948	A
1592	0.01814	0.01881	G
1593	0.01728	0.01809	C
1594	0.01271	0.01293	A
1595	0.01409	0.0202	T
1596	0.01617	0.01696	C
1597	0.01775	0.01847	A
1598	0.02153	0.02266	C
1599	0.01985	0.02141	A
1600	0.0186	0.01959	C
1601	0.01566	0.01987	A
1602	0.01974	0.01974	C
1603	0.02063	0.02133	C
1604	0.02543	0.0276	G
1605	0.01898	0.01954	C
1606	0.01611	0.0185	A
1607	0.02592	0.02669	C
1608	0.01854	0.01875	A
1609	0.01687	0.01742	A
1610	0.01913	0.02189	T
1611	0.01557	0.01564	C
1612	0.01315	0.01315	C
1613	0.01633	0.01633	C
1614	0.01212	0.01212	C
1615	0.02104	0.02138	T
1616	0.02085	0.02092	A
1617	0.01701	0.01727	T
1618	0.01739	0.01753	C
1619	0.00941	0.00955	T
1620	0.01585	0.01867	A
1621	0.00194	0.00201	G
1622	0.00328	0.00328	G
1623	0.01507	0.01507	C
1624	0.00633	0.00633	C
1625	0.02215	0.02215	T
1626	0.0181	0.01867	T
1627	0.01421	0.0177	C
1628	0.02261	0.02261	T
1629	0.01583	0.0159	T
1630	0.01155	0.02134	A
1631	0.03274	0.03306	C
1632	0.00895	0.00947	G
1633	0.01878	0.01904	A
1634	0.00522	0.00573	G
1635	0.0164	0.0164	C
1636	0.01223	0.01223	C
1637	0.01095	0.01134	A
1638	0.00957	0.0097	A
1639	0.01701	0.01713	A
1640	0.02045	0.02045	A
1641	0.02148	0.02217	C
1642	0.01467	0.01473	C
1643	0.02004	0.02123	T
1644	0.01215	0.01441	G
1645	0.02798	0.02804	C
1646	0.00744	0.0075	C
1647	0.01611	0.01624	C
1648	0.01336	0.01342	C
1649	0.02368	0.02561	T
1650	0.02025	0.02265	A
1651	0.02306	0.02355	C
1652	0.01655	0.01976	T
1653	0.01933	0.01933	C
1654	0.01223	0.01289	C
1655	0.02936	0.0323	T
1656	0.02396	0.02396	C
1657	0.01213	0.01259	C
1658	0.01215	0.0138	T
1659	0.0124	0.01492	A
1660	0.00516	0.00544	G
1661	0.01773	0.01801	A
1662	0.02108	0.02114	C
1663	0.00331	0.00336	C
1664	0.01535	0.01752	T
1665	0.01546	0.01551	A
1666	0.01672	0.01683	A
1667	0.02202	0.02202	C
1668	0.01377	0.01382	C
1669	0.024	0.02532	T
1670	0.016	0.01626	G
1671	0.0179	0.01848	A
1672	0.01785	0.01826	C
1673	0.0179	0.01883	T
1674	0.01575	0.01611	A
1675	0.0107	0.01331	G
1676	0.02206	0.02211	A
1677	0.01323	0.01328	A
1678	0.0162	0.0162	A
1679	0.0173	0.01735	A
1680	0.01378	0.01438	G
1681	0.0148	0.01515	C
1682	0.02023	0.02098	T
1683	0.01636	0.01715	A
1684	0.01781	0.01781	T
1685	0.02013	0.02149	T
1686	0.00912	0.01669	A
1687	0.0253	0.02545	C
1688	0.01302	0.01316	C
1689	0.01426	0.01769	T
1690	0.01509	0.01616	A
1691	0.01106	0.01129	A
1692	0.01728	0.01728	A
1693	0.01504	0.01513	A
1694	0.0253	0.03434	C
1695	0.01439	0.01462	A
1696	0.01881	0.01881	A
1697	0.0136	0.0136	T
1698	0.01385	0.01389	T
1699	0.00777	0.00786	T
1700	0.0205	0.02215	C
1701	0.01749	0.01951	A
1702	0.02613	0.02657	C
1703	0.01796	0.02001	A
1704	0.01852	0.01989	G
1705	0.01558	0.01598	C
1706	0.01589	0.0166	A
1707	0.02254	0.02258	C
1708	0.01519	0.01533	C
1709	0.00837	0.00854	A
1710	0.01522	0.01531	A
1711	0.01486	0.01499	A
1712	0.0193	0.02037	T
1713	0.01365	0.01369	C
1714	0.01232	0.01591	T
1715	0.01501	0.01501	C
1716	0.0115	0.01172	C
1717	0.00962	0.01204	A
1718	0.02028	0.02028	C
1719	0.01152	0.01165	C
1720	0.01069	0.01327	T
1721	0.02463	0.02463	C
1722	0.01257	0.01275	C
1723	0.01694	0.01962	A
1724	0.01972	0.0207	T
1725	0.01842	0.01975	C
1726	0.02096	0.02328	A
1727	0.01604	0.01722	T
1728	0.02613	0.02793	C
1729	0.02508	0.02574	A
1730	0.02747	0.02747	C
1731	0.01766	0.0177	C
1732	0.01481	0.01719	T
1733	0.02458	0.02597	C
1734	0.01818	0.02052	A
1735	0.01971	0.02016	A
1736	0.02849	0.02853	C
1737	0.01678	0.01683	C
1738	0.01749	0.01776	C
1739	0.00491	0.00501	A
1740	0.01448	0.01448	A
1741	0.02776	0.02776	A
1742	0.02562	0.02567	A
1743	0.01401	0.01405	A
1744	0.00563	0.00571	G
1745	0.00473	0.0053	G
1746	0.03156	0.03182	C
1747	0.01821	0.01847	A
1748	0.01121	0.01926	T
1749	0.01239	0.01239	A
1750	0.01888	0.02072	A
1751	0.01669	0.01678	T
1752	0.01109	0.01175	T
1753	0.01167	0.01185	A
1754	0.01645	0.01645	A
1755	0.02106	0.02145	A
1756	0.02856	0.03008	C
1757	0.01543	0.01552	T
1758	0.01219	0.01242	T
1759	0.01114	0.01132	T
1760	0.01699	0.02076	A
1761	0.03372	0.03446	C
1762	0.01619	0.01624	T
1763	0.01018	0.01018	T
1764	0.02048	0.02109	C
1765	0.01886	0.01938	C
1766	0.01364	0.01522	T
1767	0.02699	0.02794	C
1768	0.02102	0.02189	T
1769	0.02435	0.0254	C
1770	0.01377	0.01382	T
1771	0.01496	0.01496	T
1772	0.01338	0.01357	T
1773	0.02254	0.02555	C
1774	0.01457	0.01457	T
1775	0.01319	0.01349	T
1776	0.01997	0.02934	C
1777	0.01851	0.01851	T
1778	0.01487	0.01534	T
1779	0.02802	0.02802	C
1780	0.02091	0.02122	C
1781	0.01795	0.01827	C
1782	0.01531	0.01943	A
1783	0.02804	0.02831	C
1784	0.01823	0.02055	T
1785	0.02036	0.02155	C
1786	0.01694	0.02184	A
1787	0.01255	0.0155	T
1788	0.02287	0.02292	C
1789	0.00635	0.00662	C
1790	0.01785	0.02044	T
1791	0.01397	0.01449	A
1792	0.01761	0.01761	A
1793	0.02836	0.02848	C
1794	0.0186	0.01866	C
1795	0.01539	0.01545	C
1796	0.01906	0.02058	T
1797	0.01873	0.02204	A
1798	0.02923	0.02988	C
1799	0.0121	0.01358	T
1800	0.02385	0.02391	C
1801	0.01151	0.01169	C
1802	0.01285	0.01435	T
1803	0.01737	0.01761	A
1804	0.02191	0.02197	A
1805	0.01711	0.01724	T
1806	0.02807	0.0285	C
1807	0.0148	0.01492	A
1808	0.03526	0.03526	C
1809	0.02637	0.02637	A
1810	0.00019	0.00019	T
1811	0.0	0.0	A
1812	0.0	0.0	A
