Position	Mismatches	Mismatches + Deletions	Base
1	0.0	0.0	A
2	0.0	0.0	A
3	0.0	0.0	T
4	0.00267	0.00267	G
5	0.01747	0.02099	C
6	0.01161	0.01161	C
7	0.01692	0.01692	C
8	0.01835	0.01835	C
9	0.0135	0.01787	A
10	0.01912	0.01916	A
11	0.028	0.0285	C
12	0.00776	0.00816	T
13	0.013	0.013	A
14	0.02433	0.02437	A
15	0.01909	0.01909	A
16	0.00875	0.00985	T
17	0.02853	0.02863	A
18	0.0375	0.03895	C
19	0.009	0.00996	T
20	0.03452	0.03509	A
21	0.04438	0.04471	C
22	0.03381	0.03437	C
23	0.00411	0.00485	G
24	0.00351	0.00412	T
25	0.01581	0.01623	A
26	0.00485	0.00517	T
27	0.00212	0.00216	G
28	0.00189	0.00196	G
29	0.03503	0.03512	C
30	0.01532	0.01536	C
31	0.02002	0.02021	C
32	0.02071	0.02866	A
33	0.03377	0.03377	C
34	0.02519	0.02579	C
35	0.01454	0.02626	A
36	0.01093	0.01164	T
37	0.02492	0.02492	A
38	0.0281	0.02961	A
39	0.00954	0.00968	T
40	0.00947	0.00961	T
41	0.02581	0.03146	A
42	0.03242	0.03266	C
43	0.02082	0.02087	C
44	0.03119	0.03119	C
45	0.013	0.013	C
46	0.0148	0.01483	C
47	0.0088	0.02049	A
48	0.00578	0.00606	T
49	0.01739	0.01827	A
50	0.01863	0.01935	C
51	0.00541	0.00604	T
52	0.02757	0.0276	C
53	0.01999	0.02038	C
54	0.00738	0.00738	T
55	0.01151	0.01166	T
56	0.01294	0.03236	A
57	0.0446	0.04515	C
58	0.03063	0.03122	A
59	0.04114	0.04177	C
60	0.00808	0.00833	T
61	0.02309	0.03463	A
62	0.01338	0.01342	T
63	0.00738	0.00752	T
64	0.03001	0.03022	C
65	0.02391	0.024	C
66	0.00943	0.01092	T
67	0.0335	0.03433	C
68	0.0242	0.02942	A
69	0.0127	0.02243	T
70	0.0357	0.03799	C
71	0.02483	0.02561	A
72	0.04335	0.04369	C
73	0.02739	0.02741	C
74	0.0302	0.03121	C
75	0.01478	0.01501	A
76	0.0193	0.01944	A
77	0.04387	0.04596	C
78	0.01384	0.01643	T
79	0.00141	0.00158	A
80	0.01365	0.01381	A
81	0.01436	0.01445	A
82	0.0206	0.02073	A
83	0.01815	0.01826	A
84	0.0092	0.0111	T
85	0.02438	0.02473	A
86	0.0107	0.01087	T
87	0.0102	0.01078	T
88	0.01853	0.01864	A
89	0.02652	0.02673	A
90	0.0202	0.02046	A
91	0.04299	0.04685	C
92	0.02053	0.0216	A
93	0.04297	0.04779	C
94	0.02944	0.02944	A
95	0.02339	0.02342	A
96	0.02278	0.02314	A
97	0.02957	0.03227	C
98	0.0072	0.00761	T
99	0.03417	0.03472	A
100	0.02818	0.02833	C
101	0.01781	0.01828	C
102	0.01512	0.02039	A
103	0.0316	0.03166	C
104	0.01699	0.01764	C
105	0.00658	0.00805	T
106	0.03399	0.03502	A
107	0.04283	0.04315	C
108	0.02522	0.02723	C
109	0.00607	0.00892	T
110	0.03169	0.03169	C
111	0.01683	0.01685	C
112	0.01888	0.01964	C
113	0.00756	0.00992	T
114	0.02581	0.02632	C
115	0.01789	0.02049	A
116	0.0279	0.0279	C
117	0.01851	0.01873	C
118	0.01321	0.01347	A
119	0.01939	0.0196	A
120	0.02788	0.02807	A
121	0.00601	0.00658	G
122	0.02419	0.02425	C
123	0.02984	0.03	C
124	0.02896	0.02931	C
125	0.01426	0.01649	A
126	0.00993	0.01181	T
127	0.00147	0.00148	A
128	0.01092	0.01096	A
129	0.00836	0.00839	A
130	0.01607	0.01607	A
131	0.0148	0.01504	A
132	0.03522	0.04046	T
133	0.00336	0.00338	A
134	0.00218	0.00218	A
135	0.01024	0.01024	A
136	0.00798	0.00798	A
137	0.00959	0.00959	A
138	0.01361	0.01373	A
139	0.01228	0.01274	T
140	0.0104	0.0113	T
141	0.01392	0.02745	A
142	0.01131	0.01323	T
143	0.03224	0.03228	A
144	0.02758	0.02877	A
145	0.0579	0.05973	C
146	0.02552	0.02554	A
147	0.0257	0.02573	A
148	0.02736	0.03032	A
149	0.04265	0.0433	C
150	0.03244	0.0329	C
151	0.02977	0.02993	C
152	0.00775	0.00901	T
153	0.00408	0.0044	G
154	0.03301	0.03424	A
155	0.00677	0.00905	G
156	0.02439	0.02446	A
157	0.0242	0.02446	A
158	0.04368	0.04376	C
159	0.03891	0.03923	C
160	0.01192	0.01198	A
161	0.01373	0.01379	A
162	0.01488	0.01503	A
163	0.01265	0.01274	A
164	0.00529	0.00596	T
165	0.00237	0.00283	G
166	0.01188	0.01192	A
167	0.01438	0.01454	A
168	0.03847	0.03958	C
169	0.00401	0.00453	G
170	0.01358	0.01371	A
171	0.00856	0.00873	A
172	0.02808	0.02844	A
173	0.03398	0.03414	A
174	0.01081	0.01303	T
175	0.04541	0.04553	C
176	0.01242	0.01244	T
177	0.00514	0.00853	G
178	0.00536	0.00536	T
179	0.00578	0.00589	T
180	0.01793	0.01928	C
181	0.00519	0.00533	G
182	0.05031	0.05129	C
183	0.00496	0.00511	T
184	0.00532	0.00546	T
185	0.01822	0.01883	C
186	0.01822	0.01857	A
187	0.0061	0.0062	T
188	0.00684	0.00696	T
189	0.03379	0.03597	C
190	0.03148	0.03235	A
191	0.01131	0.01134	T
192	0.01831	0.01868	T
193	0.03231	0.03376	G
194	0.02736	0.02746	C
195	0.00885	0.0089	C
196	0.02993	0.02995	C
197	0.02225	0.02225	C
198	0.02735	0.0274	C
199	0.017	0.02228	A
200	0.04188	0.04256	C
201	0.02259	0.02273	A
202	0.02089	0.02158	A
203	0.00696	0.00771	T
204	0.03048	0.03055	C
205	0.0145	0.0146	C
206	0.00878	0.00971	T
207	0.02877	0.03437	A
208	0.00233	0.00236	G
209	0.00291	0.00293	G
210	0.01255	0.0126	C
211	0.01098	0.01129	C
212	0.00679	0.00828	T
213	0.03056	0.03186	A
214	0.05463	0.05475	C
215	0.0349	0.03542	C
216	0.04912	0.05049	C
217	0.00476	0.00592	G
218	0.01942	0.01942	C
219	0.01858	0.01872	C
220	0.00484	0.00673	G
221	0.03821	0.03854	C
222	0.03263	0.03317	A
223	0.0059	0.00599	G
224	0.00858	0.00886	T
225	0.02753	0.02799	A
226	0.04166	0.04183	C
227	0.0089	0.00908	T
228	0.00327	0.00465	G
229	0.02384	0.02401	A
230	0.00828	0.00947	T
231	0.02632	0.02694	C
232	0.03281	0.03353	A
233	0.00908	0.00913	T
234	0.0088	0.00913	T
235	0.02835	0.03731	C
236	0.00931	0.00945	T
237	0.03598	0.04057	A
238	0.00585	0.00585	T
239	0.0141	0.01414	T
240	0.02298	0.02315	T
241	0.02649	0.02685	C
242	0.02447	0.02468	C
243	0.0258	0.02587	C
244	0.01753	0.01757	C
245	0.02077	0.02077	C
246	0.00763	0.0082	T
247	0.033	0.03363	C
248	0.0078	0.00792	T
249	0.03334	0.0355	A
250	0.00952	0.00952	T
251	0.00874	0.00884	T
252	0.00449	0.00603	G
253	0.02278	0.02342	A
254	0.01211	0.01282	T
255	0.01678	0.01707	C
256	0.02906	0.02911	C
257	0.02557	0.02559	C
258	0.03203	0.03212	C
259	0.01924	0.0241	A
260	0.03109	0.03112	C
261	0.02116	0.02153	C
262	0.00621	0.00809	T
263	0.02722	0.02722	C
264	0.02413	0.02422	C
265	0.01298	0.01314	A
266	0.02202	0.02207	A
267	0.02676	0.02685	A
268	0.00943	0.0116	T
269	0.02876	0.02928	A
270	0.01166	0.01205	T
271	0.03141	0.0317	C
272	0.00918	0.0103	T
273	0.02874	0.02953	C
274	0.02497	0.02791	A
275	0.00972	0.01077	T
276	0.0353	0.03619	C
277	0.02717	0.02766	A
278	0.02433	0.02445	A
279	0.04047	0.042	C
280	0.02626	0.02629	A
281	0.0255	0.02647	A
282	0.0379	0.03794	C
283	0.0296	0.03023	C
284	0.00304	0.00491	G
285	0.03034	0.03044	A
286	0.02915	0.0294	C
287	0.00805	0.00837	T
288	0.02086	0.02093	A
289	0.02387	0.02426	A
290	0.01566	0.01656	T
291	0.02776	0.02842	C
292	0.02326	0.02371	A
293	0.03436	0.03448	C
294	0.01824	0.01877	C
295	0.01394	0.02162	A
296	0.0314	0.03142	C
297	0.02443	0.02443	C
298	0.0233	0.02397	C
299	0.01963	0.01987	A
300	0.02332	0.02345	A
301	0.03756	0.03829	C
302	0.02162	0.02174	A
303	0.02355	0.02398	A
304	0.01228	0.01252	T
305	0.0027	0.00282	G
306	0.02837	0.02853	A
307	0.03495	0.03526	C
308	0.00866	0.00912	T
309	0.01923	0.01937	A
310	0.02564	0.02583	A
311	0.00928	0.01132	T
312	0.03318	0.03463	C
313	0.02659	0.02679	A
314	0.02443	0.02498	A
315	0.02469	0.02477	A
316	0.04026	0.04635	C
317	0.01194	0.01309	T
318	0.02545	0.02557	A
319	0.0243	0.02533	A
320	0.03746	0.0376	C
321	0.02401	0.02504	C
322	0.00773	0.0096	T
323	0.03568	0.03628	C
324	0.02213	0.02324	A
325	0.01344	0.01351	A
326	0.0235	0.02381	A
327	0.01746	0.01746	A
328	0.03573	0.04599	C
329	0.01414	0.01414	A
330	0.02148	0.02148	A
331	0.018	0.01828	A
332	0.00878	0.00949	T
333	0.0045	0.00467	G
334	0.02617	0.0268	A
335	0.00784	0.00945	T
336	0.01991	0.01991	A
337	0.02222	0.02367	A
338	0.03481	0.03501	C
339	0.02304	0.02306	C
340	0.0086	0.0289	A
341	0.0101	0.0107	T
342	0.03254	0.03292	A
343	0.03679	0.03795	C
344	0.02838	0.02914	A
345	0.03832	0.0411	C
346	0.02202	0.02202	A
347	0.01962	0.02032	A
348	0.03469	0.03747	C
349	0.02282	0.02318	A
350	0.03392	0.03479	C
351	0.00887	0.00945	T
352	0.01582	0.01603	A
353	0.02247	0.02265	A
354	0.02212	0.02223	A
355	0.00397	0.0041	G
356	0.00222	0.00233	G
357	0.0198	0.02436	A
358	0.03388	0.03463	C
359	0.00784	0.0091	G
360	0.02592	0.02637	A
361	0.02767	0.02849	A
362	0.03701	0.03707	C
363	0.02293	0.02336	C
364	0.00937	0.01016	T
365	0.00547	0.00663	G
366	0.02157	0.02193	A
367	0.0104	0.01089	T
368	0.03811	0.03826	C
369	0.01129	0.01184	T
370	0.03543	0.03625	C
371	0.01167	0.01167	T
372	0.01187	0.01199	T
373	0.01444	0.03698	A
374	0.01186	0.01237	T
375	0.02521	0.02832	A
376	0.02873	0.02957	C
377	0.00771	0.00777	T
378	0.02449	0.02548	A
379	0.00484	0.00542	G
380	0.00627	0.00781	T
381	0.02923	0.02979	A
382	0.00612	0.00699	T
383	0.02539	0.02557	C
384	0.0244	0.02488	C
385	0.00664	0.00664	T
386	0.0091	0.00913	T
387	0.01432	0.01566	A
388	0.02638	0.02749	A
389	0.01219	0.01234	T
390	0.0355	0.03647	C
391	0.0138	0.01551	A
392	0.0044	0.00443	T
393	0.00485	0.00485	T
394	0.00882	0.00885	T
395	0.00952	0.00955	T
396	0.00896	0.00899	T
397	0.01765	0.02866	A
398	0.0118	0.0118	T
399	0.01955	0.01967	T
400	0.00763	0.00839	G
401	0.02958	0.02961	C
402	0.01904	0.01918	C
403	0.01372	0.0257	A
404	0.03777	0.04034	C
405	0.02758	0.02764	A
406	0.0283	0.02871	A
407	0.03487	0.03695	C
408	0.01001	0.01066	T
409	0.02933	0.02979	A
410	0.0298	0.03054	A
411	0.03174	0.03183	C
412	0.01521	0.01611	C
413	0.00497	0.00645	T
414	0.01863	0.01875	C
415	0.01781	0.01824	C
416	0.0074	0.00868	T
417	0.03099	0.03136	C
418	0.00355	0.00386	G
419	0.00356	0.00356	G
420	0.02075	0.02477	A
421	0.02234	0.02265	C
422	0.00399	0.00433	T
423	0.01907	0.01907	C
424	0.00906	0.00935	C
425	0.00597	0.00666	T
426	0.00471	0.00512	G
427	0.01263	0.01263	C
428	0.0087	0.00876	C
429	0.00503	0.00677	T
430	0.01462	0.015	C
431	0.0115	0.01317	A
432	0.01954	0.01978	C
433	0.00716	0.00813	T
434	0.01513	0.01528	C
435	0.01175	0.01356	A
436	0.00644	0.00644	T
437	0.01165	0.01165	T
438	0.01008	0.01008	T
439	0.02463	0.02836	A
440	0.04271	0.04358	C
441	0.03227	0.03298	A
442	0.04349	0.04353	C
443	0.02217	0.02297	C
444	0.02994	0.03022	A
445	0.03449	0.03465	A
446	0.03338	0.03448	C
447	0.02116	0.02162	C
448	0.01556	0.02393	A
449	0.02982	0.02992	C
450	0.01773	0.01773	C
451	0.02345	0.02394	C
452	0.01831	0.01835	A
453	0.02442	0.02448	A
454	0.03578	0.03713	C
455	0.01123	0.01159	T
456	0.02349	0.02369	A
457	0.0094	0.00959	T
458	0.0328	0.03307	C
459	0.00967	0.0097	T
460	0.03475	0.03596	A
461	0.00918	0.01003	T
462	0.01972	0.01985	A
463	0.02137	0.02147	A
464	0.03147	0.03215	A
465	0.03747	0.03793	C
466	0.00643	0.00659	C
467	0.0093	0.00963	T
468	0.0273	0.02819	A
469	0.00314	0.00314	G
470	0.02375	0.02375	C
471	0.02244	0.02258	C
472	0.02044	0.02856	A
473	0.00831	0.00911	T
474	0.00319	0.00319	G
475	0.00281	0.00288	G
476	0.02484	0.02488	C
477	0.01161	0.01164	C
478	0.02332	0.02885	A
479	0.00829	0.00918	T
480	0.01908	0.01929	C
481	0.02281	0.02281	C
482	0.02383	0.02383	C
483	0.01668	0.01672	C
484	0.00473	0.00476	T
485	0.00581	0.00585	T
486	0.00609	0.01676	A
487	0.00732	0.00739	T
488	0.00237	0.00273	G
489	0.0086	0.00892	A
490	0.0056	0.00571	G
491	0.02234	0.02316	C
492	0.0059	0.0059	G
493	0.00249	0.00249	G
494	0.0033	0.00337	G
495	0.02352	0.0275	C
496	0.97593	0.97653	A
497	0.01799	0.01802	C
498	0.01782	0.01856	A
499	0.00516	0.00519	G
500	0.01008	0.01067	T
501	0.00383	0.00397	G
502	0.02173	0.02305	A
503	0.00834	0.00834	T
504	0.01006	0.01023	T
505	0.01747	0.03743	A
506	0.0098	0.01018	T
507	0.03401	0.0362	A
508	0.00221	0.00221	G
509	0.00295	0.00295	G
510	0.01179	0.0122	C
511	0.00197	0.00197	T
512	0.00632	0.00636	T
513	0.00632	0.00632	T
514	0.02321	0.02397	C
515	0.00252	0.00263	G
516	0.01648	0.01658	C
517	0.00487	0.00505	T
518	0.02133	0.0216	C
519	0.00612	0.00633	T
520	0.01982	0.01996	A
521	0.02531	0.02541	A
522	0.00421	0.00538	G
523	0.03302	0.03346	A
524	0.00781	0.00781	T
525	0.00977	0.0115	T
526	0.00166	0.00169	A
527	0.02069	0.02095	A
528	0.01534	0.01544	A
529	0.03026	0.03046	A
530	0.02586	0.02589	A
531	0.00956	0.01028	T
532	0.00502	0.00542	G
533	0.02036	0.02036	C
534	0.01056	0.01056	C
535	0.01008	0.01025	C
536	0.00813	0.00894	T
537	0.02762	0.03123	A
538	0.00417	0.00465	G
539	0.02018	0.02021	C
540	0.01272	0.01279	C
541	0.02302	0.02312	C
542	0.01532	0.02276	A
543	0.03387	0.03418	C
544	0.00836	0.00863	T
545	0.01038	0.01049	T
546	0.02595	0.03024	C
547	0.01153	0.01153	T
548	0.01253	0.01267	T
549	0.01745	0.03221	A
550	0.04116	0.04127	C
551	0.02634	0.02661	C
552	0.01984	0.02449	A
553	0.04063	0.04178	C
554	0.03144	0.03165	A
555	0.037	0.03806	A
556	0.00408	0.00429	G
557	0.00317	0.00327	G
558	0.02029	0.02179	C
559	0.02825	0.03448	A
560	0.04475	0.04643	C
561	0.02431	0.02553	A
562	0.03883	0.03886	C
563	0.01915	0.01951	C
564	0.01196	0.01365	T
565	0.03353	0.04055	A
566	0.03913	0.04015	C
567	0.02328	0.02833	A
568	0.02397	0.02404	C
569	0.02186	0.02208	C
570	0.01923	0.01927	C
571	0.01957	0.01968	C
572	0.0065	0.00668	T
573	0.00985	0.01029	T
574	0.0139	0.02938	A
575	0.01202	0.01313	T
576	0.02926	0.02982	C
577	0.02573	0.02591	C
578	0.02861	0.02869	C
579	0.02674	0.02681	C
580	0.00895	0.02699	A
581	0.00743	0.00792	T
582	0.02078	0.02097	A
583	0.02556	0.02623	C
584	0.00658	0.00673	T
585	0.02002	0.02054	A
586	0.00441	0.00467	G
587	0.00709	0.00709	T
588	0.00825	0.00859	T
589	0.01249	0.02924	A
590	0.00936	0.00936	T
591	0.00986	0.01026	T
592	0.01057	0.02778	A
593	0.01245	0.01294	T
594	0.03386	0.03478	C
595	0.00972	0.01085	G
596	0.0132	0.0136	A
597	0.02073	0.02098	A
598	0.02595	0.02612	A
599	0.03616	0.03634	C
600	0.01943	0.0195	C
601	0.01718	0.02137	A
602	0.00978	0.01484	T
603	0.02502	0.02585	C
604	0.02721	0.03165	A
605	0.00457	0.00486	G
606	0.02633	0.02644	C
607	0.01148	0.01152	C
608	0.00934	0.01022	T
609	0.02451	0.02567	A
610	0.03783	0.03816	C
611	0.00874	0.00987	T
612	0.03036	0.03116	C
613	0.02356	0.02735	A
614	0.01012	0.01027	T
615	0.01009	0.01034	T
616	0.03246	0.03405	C
617	0.02787	0.0282	A
618	0.03192	0.03242	A
619	0.03506	0.03506	C
620	0.03151	0.03155	C
621	0.01939	0.01939	A
622	0.02832	0.02878	A
623	0.0104	0.01137	T
624	0.0301	0.03128	A
625	0.00431	0.00508	G
626	0.02196	0.02207	C
627	0.02581	0.02585	C
628	0.02275	0.02278	C
629	0.00484	0.00583	T
630	0.00272	0.00272	G
631	0.00331	0.00331	G
632	0.00617	0.00617	C
633	0.02362	0.02365	C
634	0.00693	0.0088	G
635	0.00702	0.00856	T
636	0.02513	0.02765	A
637	0.04689	0.04722	C
638	0.00403	0.00428	G
639	0.01199	0.01199	C
640	0.00624	0.00627	C
641	0.00602	0.00725	T
642	0.02517	0.02579	A
643	0.02944	0.02962	A
644	0.04689	0.04693	C
645	0.04145	0.04148	C
646	0.00413	0.00474	G
647	0.01209	0.0127	C
648	0.00598	0.00645	T
649	0.03056	0.03099	A
650	0.0326	0.03278	A
651	0.0421	0.0426	C
652	0.03302	0.03363	A
653	0.00815	0.00836	T
654	0.00914	0.00931	T
655	0.0146	0.03426	A
656	0.04355	0.04401	C
657	0.00782	0.00793	T
658	0.00469	0.00746	G
659	0.02056	0.02188	C
660	0.02988	0.032	A
661	0.00254	0.00254	G
662	0.00388	0.00402	G
663	0.0131	0.01313	C
664	0.00915	0.00944	C
665	0.01982	0.02674	A
666	0.04256	0.04263	C
667	0.01638	0.01649	C
668	0.00947	0.01014	T
669	0.02121	0.02167	A
670	0.0329	0.03318	C
671	0.01274	0.01637	T
672	0.03206	0.03365	C
673	0.02437	0.02906	A
674	0.01032	0.01049	T
675	0.00525	0.00774	G
676	0.02333	0.02383	C
677	0.02525	0.0256	A
678	0.03363	0.03374	C
679	0.01953	0.0196	C
680	0.00818	0.00899	T
681	0.02371	0.02403	A
682	0.02849	0.02867	A
683	0.00921	0.00921	T
684	0.00764	0.00767	T
685	0.00364	0.00364	G
686	0.00328	0.00342	G
687	0.02493	0.02503	A
688	0.02537	0.02558	A
689	0.0049	0.0054	G
690	0.027	0.02797	C
691	0.00645	0.00695	G
692	0.02874	0.02874	C
693	0.01133	0.0114	C
694	0.01249	0.02372	A
695	0.03256	0.03263	C
696	0.02086	0.02086	C
697	0.01633	0.01654	C
698	0.00978	0.00996	T
699	0.02522	0.02529	A
700	0.00426	0.0048	G
701	0.0279	0.02854	C
702	0.02685	0.02707	A
703	0.02615	0.02665	A
704	0.01149	0.01214	T
705	0.03154	0.03193	A
706	0.01238	0.01568	T
707	0.03963	0.0417	C
708	0.02665	0.02676	A
709	0.02773	0.02792	A
710	0.04029	0.0405	C
711	0.02592	0.02599	C
712	0.02382	0.03115	A
713	0.01277	0.01313	T
714	0.01072	0.01142	T
715	0.01637	0.01648	A
716	0.03164	0.03267	A
717	0.04588	0.04618	C
718	0.0272	0.02743	C
719	0.01147	0.01163	T
720	0.01027	0.01031	T
721	0.0235	0.02362	C
722	0.01376	0.01388	C
723	0.02002	0.02006	C
724	0.00966	0.01064	T
725	0.02248	0.02313	C
726	0.01302	0.01355	T
727	0.02572	0.02715	A
728	0.03454	0.03474	C
729	0.0189	0.02	A
730	0.03851	0.03907	C
731	0.01254	0.01274	T
732	0.00994	0.0101	T
733	0.01672	0.03215	A
734	0.01389	0.01542	T
735	0.03338	0.0342	C
736	0.02648	0.02778	A
737	0.01175	0.01211	T
738	0.03155	0.03269	C
739	0.01105	0.01113	T
740	0.01362	0.01395	T
741	0.03212	0.03408	C
742	0.02456	0.02543	A
743	0.04885	0.05018	C
744	0.02187	0.0222	A
745	0.02904	0.02949	A
746	0.01125	0.01146	T
747	0.01032	0.01048	T
748	0.02349	0.03414	C
749	0.01102	0.0126	T
750	0.0165	0.01749	A
751	0.0302	0.03097	A
752	0.01089	0.01089	T
753	0.00908	0.00912	T
754	0.02434	0.02987	C
755	0.01288	0.01305	T
756	0.02569	0.027	A
757	0.03678	0.03704	C
758	0.01272	0.01316	T
759	0.00477	0.00574	G
760	0.02867	0.02903	A
761	0.04593	0.04691	C
762	0.00883	0.00906	T
763	0.02706	0.02897	A
764	0.0092	0.01074	T
765	0.0365	0.03682	C
766	0.01762	0.01799	C
767	0.00846	0.00897	T
768	0.02593	0.02662	A
769	0.00583	0.00611	G
770	0.01381	0.01381	A
771	0.01639	0.01644	A
772	0.02248	0.02261	A
773	0.00801	0.0088	T
774	0.02554	0.02573	C
775	0.00497	0.00497	G
776	0.01998	0.02007	C
777	0.00536	0.00552	T
778	0.00514	0.00567	G
779	0.00833	0.01017	T
780	0.02935	0.02946	C
781	0.00496	0.00507	G
782	0.0246	0.02465	C
783	0.01616	0.01621	C
784	0.01059	0.0107	T
785	0.0091	0.0091	T
786	0.01797	0.01859	A
787	0.02362	0.02362	A
788	0.01293	0.01454	T
789	0.03286	0.03337	C
790	0.01604	0.01616	C
791	0.01875	0.01881	A
792	0.03177	0.03195	A
793	0.00375	0.00421	G
794	0.01689	0.01689	C
795	0.00891	0.00891	C
796	0.00505	0.00539	T
797	0.02115	0.02138	A
798	0.02534	0.02557	C
799	0.00801	0.00929	G
800	0.0059	0.00608	T
801	0.00668	0.00668	T
802	0.01013	0.01013	T
803	0.01373	0.01373	T
804	0.02675	0.03109	C
805	0.02915	0.03006	A
806	0.04232	0.04268	C
807	0.02703	0.02763	A
808	0.03864	0.03907	C
809	0.00956	0.00987	T
810	0.00831	0.00855	T
811	0.01696	0.02071	C
812	0.00923	0.00929	T
813	0.02073	0.02177	A
814	0.00273	0.00286	G
815	0.00461	0.00761	T
816	0.01841	0.01849	A
817	0.02329	0.02384	A
818	0.00373	0.00389	G
819	0.02285	0.02293	C
820	0.00876	0.00876	C
821	0.00917	0.00986	T
822	0.02243	0.02312	C
823	0.0105	0.01094	T
824	0.02361	0.02467	A
825	0.03262	0.03271	C
826	0.01603	0.01656	C
827	0.01187	0.0126	T
828	0.00596	0.00633	G
829	0.01893	0.01902	C
830	0.01852	0.01889	A
831	0.03325	0.03363	C
832	0.008	0.00819	G
833	0.01945	0.01964	A
834	0.02668	0.02668	C
835	0.01826	0.01826	A
836	0.01201	0.01221	A
837	0.02903	0.02953	C
838	0.01309	0.01309	A
839	0.02666	0.02666	C
840	0.00114	0.00114	A
841	0.0	0.0	T
842	0.0	0.0	A
