Position	Mismatches	Mismatches + Deletions	Base
1	0.0	0.0	A
2	0.0	0.0	C
3	0.0	0.0	A
4	0.01032	0.01032	T
5	0.01715	0.01715	A
6	0.03593	0.03648	C
7	0.01528	0.01528	C
8	0.01881	0.01881	C
9	0.0165	0.02501	A
10	0.00782	0.00887	T
11	0.00261	0.00261	G
12	0.0	0.0	G
13	0.01093	0.01093	C
14	0.01596	0.01596	C
15	0.01875	0.01875	A
16	0.02676	0.02676	A
17	0.02587	0.02587	C
18	0.01122	0.01122	C
19	0.00426	0.00473	T
20	0.02351	0.02351	C
21	0.01394	0.01487	C
22	0.00829	0.00967	T
23	0.02674	0.03089	A
24	0.02587	0.02587	C
25	0.00356	0.00356	T
26	0.01809	0.01809	C
27	0.01886	0.0193	C
28	0.00735	0.00821	T
29	0.0237	0.02413	C
30	0.02336	0.03059	A
31	0.0109	0.0109	T
32	0.00715	0.00715	T
33	0.0058	0.00621	G
34	0.00863	0.01028	T
35	0.03745	0.03987	A
36	0.04752	0.04752	C
37	0.02034	0.02034	C
38	0.02054	0.02054	C
39	0.021	0.02606	A
40	0.0043	0.00469	T
41	0.00702	0.00702	T
42	0.0182	0.02904	C
43	0.00959	0.01074	T
44	0.02059	0.02212	A
45	0.03615	0.0369	A
46	0.00595	0.00632	T
47	0.03141	0.03215	C
48	0.00479	0.00479	G
49	0.02853	0.02926	C
50	0.02336	0.02336	A
51	0.01981	0.01981	A
52	0.00613	0.00649	T
53	0.00072	0.00072	G
54	0.00144	0.00144	G
55	0.02252	0.02324	C
56	0.01948	0.0216	A
57	0.00704	0.00739	T
58	0.00597	0.00597	T
59	0.03448	0.03448	C
60	0.02796	0.02796	C
61	0.00627	0.00697	T
62	0.01074	0.01247	A
63	0.01556	0.01556	A
64	0.00337	0.00337	T
65	0.00102	0.00136	G
66	0.01011	0.01011	C
67	0.00267	0.00267	T
68	0.00635	0.00668	T
69	0.01064	0.03059	A
70	0.0461	0.04676	C
71	0.01899	0.01899	C
72	0.00486	0.00583	G
73	0.02117	0.02117	A
74	0.03046	0.03046	A
75	0.04978	0.05135	C
76	0.00677	0.00862	G
77	0.00123	0.00123	A
78	0.01786	0.01786	A
79	0.00969	0.00969	A
80	0.02448	0.02448	A
81	0.03834	0.03834	A
82	0.00912	0.00912	T
83	0.00484	0.00484	T
84	0.02554	0.03065	C
85	0.00478	0.00478	T
86	0.03094	0.03205	A
87	0.00084	0.00111	G
88	0.00362	0.00362	G
89	0.0136	0.01471	C
90	0.00415	0.00415	T
91	0.02774	0.02994	A
92	0.01051	0.01105	T
93	0.03575	0.03763	A
94	0.01338	0.01443	T
95	0.02257	0.02283	A
96	0.05024	0.05226	C
97	0.02268	0.02268	A
98	0.02608	0.02632	A
99	0.03756	0.03992	C
100	0.00814	0.00884	T
101	0.03765	0.03947	A
102	0.03691	0.03737	C
103	0.00226	0.00317	G
104	0.01503	0.01615	C
105	0.02152	0.02174	A
106	0.01872	0.01894	A
107	0.02681	0.02704	A
108	0.00467	0.00467	G
109	0.00445	0.00445	G
110	0.02526	0.02526	C
111	0.01018	0.01018	C
112	0.03064	0.03064	C
113	0.03131	0.03153	C
114	0.0174	0.01783	A
115	0.02445	0.02445	A
116	0.05499	0.0552	C
117	0.0036	0.0036	G
118	0.00106	0.00106	T
119	0.00147	0.00169	T
120	0.00211	0.00211	G
121	0.00168	0.00189	T
122	0.00692	0.00734	A
123	0.00126	0.00126	G
124	0.00335	0.00355	G
125	0.00295	0.00295	C
126	0.00167	0.00167	C
127	0.00312	0.00312	C
128	0.03805	0.03805	C
129	0.01158	0.01303	T
130	0.03959	0.04124	A
131	0.05769	0.05851	C
132	0.00123	0.00123	G
133	0.00204	0.00204	G
134	0.00245	0.00245	G
135	0.00245	0.00449	C
136	0.00467	0.00467	T
137	0.03637	0.03698	A
138	0.00821	0.00821	C
139	0.00159	0.00159	T
140	0.00398	0.00398	A
141	0.00415	0.00434	C
142	0.00355	0.00355	A
143	0.00608	0.00745	A
144	0.00509	0.00509	C
145	0.01977	0.01996	C
146	0.01722	0.01722	C
147	0.00215	0.00215	T
148	0.0037	0.0037	T
149	0.02695	0.0291	C
150	0.00351	0.00351	G
151	0.00954	0.00954	C
152	0.00603	0.00622	T
153	0.00427	0.00524	G
154	0.0444	0.04654	A
155	0.03759	0.03837	C
156	0.00231	0.00251	G
157	0.01538	0.01538	C
158	0.01588	0.01607	C
159	0.02003	0.03034	A
160	0.00702	0.00759	T
161	0.0258	0.0258	A
162	0.01296	0.01296	A
163	0.02893	0.02893	A
164	0.04992	0.05066	A
165	0.01749	0.02102	C
166	0.00251	0.0027	T
167	0.01398	0.01398	C
168	0.00541	0.00541	T
169	0.00692	0.00692	T
170	0.03395	0.04014	C
171	0.0255	0.02663	A
172	0.04933	0.04933	C
173	0.03926	0.03944	C
174	0.0118	0.0118	A
175	0.02331	0.02349	A
176	0.01697	0.01715	A
177	0.00426	0.00482	G
178	0.0186	0.01897	A
179	0.00696	0.00715	G
180	0.03417	0.03436	C
181	0.01616	0.01616	C
182	0.02772	0.02772	C
183	0.02678	0.02678	C
184	0.00597	0.00671	T
185	0.02171	0.02265	A
186	0.01208	0.01208	A
187	0.02947	0.02965	A
188	0.02602	0.02602	A
189	0.03312	0.03387	C
190	0.02029	0.02029	C
191	0.02749	0.02749	C
192	0.00531	0.00702	G
193	0.02302	0.02302	C
194	0.02067	0.02067	C
195	0.01632	0.02258	A
196	0.03734	0.03771	C
197	0.02489	0.02621	A
198	0.00952	0.00971	T
199	0.03139	0.03195	C
200	0.00616	0.00635	T
201	0.03155	0.03286	A
202	0.05192	0.05192	C
203	0.01861	0.0188	C
204	0.0318	0.03937	A
205	0.01054	0.01393	T
206	0.0267	0.02859	C
207	0.01786	0.01957	A
208	0.02599	0.02599	C
209	0.01549	0.01549	C
210	0.01662	0.01681	C
211	0.00438	0.00495	T
212	0.02528	0.02604	C
213	0.00495	0.00495	T
214	0.02593	0.02766	A
215	0.03916	0.03954	C
216	0.03429	0.03583	A
217	0.00897	0.00974	T
218	0.02545	0.0268	C
219	0.02167	0.02266	A
220	0.02939	0.02939	C
221	0.03197	0.0322	C
222	0.00339	0.00484	G
223	0.02136	0.02136	C
224	0.01177	0.01177	C
225	0.01857	0.01857	C
226	0.02324	0.02324	C
227	0.00434	0.00578	G
228	0.0184	0.0184	A
229	0.02279	0.02279	C
230	0.01568	0.01568	C
231	0.00583	0.00583	T
232	0.00906	0.00906	T
233	0.026	0.03434	A
234	0.00432	0.00432	G
235	0.02242	0.02266	C
236	0.00655	0.00655	T
237	0.02523	0.02595	C
238	0.0079	0.01029	T
239	0.03074	0.0317	C
240	0.02187	0.02283	A
241	0.02617	0.02617	C
242	0.01456	0.01504	C
243	0.01706	0.02114	A
244	0.00744	0.00864	T
245	0.03605	0.03629	C
246	0.0049	0.00514	G
247	0.03128	0.03177	C
248	0.00709	0.00758	T
249	0.02596	0.02644	C
250	0.00658	0.00658	T
251	0.00581	0.00581	T
252	0.0205	0.02684	C
253	0.00821	0.00821	T
254	0.02935	0.03153	A
255	0.04756	0.04876	C
256	0.00884	0.00908	T
257	0.02681	0.02801	A
258	0.01258	0.01427	T
259	0.02285	0.02531	G
260	0.01853	0.01903	A
261	0.03662	0.03791	A
262	0.02891	0.04389	C
263	0.01525	0.01525	C
264	0.01674	0.01674	C
265	0.01772	0.01772	C
266	0.01731	0.01731	C
267	0.01988	0.01988	C
268	0.01026	0.01221	T
269	0.01525	0.01525	C
270	0.02564	0.02564	C
271	0.02547	0.02547	C
272	0.01871	0.01871	C
273	0.01131	0.0284	A
274	0.01556	0.01641	T
275	0.02166	0.02247	A
276	0.0373	0.0376	C
277	0.02414	0.02414	C
278	0.03605	0.03665	C
279	0.01812	0.01935	A
280	0.01994	0.02089	A
281	0.01803	0.01803	C
282	0.01889	0.01889	C
283	0.01311	0.01371	C
284	0.01052	0.01052	C
285	0.00989	0.00989	C
286	0.00489	0.00587	T
287	0.00193	0.00193	G
288	0.00278	0.00278	G
289	0.00125	0.00311	T
290	0.01543	0.01604	C
291	0.01764	0.01764	A
292	0.02648	0.02648	A
293	0.0405	0.04081	C
294	0.02758	0.02788	C
295	0.0056	0.00933	T
296	0.03076	0.0335	C
297	0.01535	0.02047	A
298	0.02407	0.02407	A
299	0.03319	0.03319	C
300	0.00537	0.00537	C
301	0.00247	0.00308	T
302	0.0127	0.01482	A
303	0.0025	0.0025	G
304	0.00152	0.00152	G
305	0.00849	0.00849	C
306	0.01391	0.01391	C
307	0.00399	0.00614	T
308	0.02851	0.02851	C
309	0.01456	0.01516	C
310	0.0067	0.007	T
311	0.01231	0.01437	A
312	0.00934	0.00934	T
313	0.00778	0.00778	T
314	0.00993	0.00993	T
315	0.03008	0.03383	A
316	0.00886	0.00886	T
317	0.01217	0.01246	T
318	0.03531	0.04099	C
319	0.01532	0.01618	T
320	0.03389	0.03835	A
321	0.00499	0.00499	G
322	0.02733	0.02795	C
323	0.00836	0.00867	C
324	0.01873	0.02529	A
325	0.0232	0.0232	C
326	0.02278	0.02278	C
327	0.00612	0.00612	T
328	0.02808	0.02904	C
329	0.0077	0.0077	T
330	0.04265	0.0471	A
331	0.0	0.0	G
332	0.01315	0.01315	C
333	0.00577	0.00609	C
334	0.00519	0.00584	T
335	0.00904	0.01001	A
336	0.00196	0.00196	G
337	0.03837	0.03837	C
338	0.03107	0.03107	C
339	0.00522	0.00522	G
340	0.00801	0.00836	T
341	0.00587	0.00587	T
342	0.0075	0.0075	T
343	0.03015	0.03376	A
344	0.04331	0.04363	C
345	0.00818	0.00884	T
346	0.04258	0.04422	C
347	0.02741	0.02838	A
348	0.0275	0.0275	A
349	0.01071	0.01136	T
350	0.0319	0.0319	C
351	0.02751	0.02817	C
352	0.0076	0.00926	T
353	0.02688	0.02688	C
354	0.00435	0.00435	T
355	0.002	0.002	G
356	0.00498	0.00498	A
357	0.002	0.00333	T
358	0.01183	0.01183	C
359	0.00706	0.0074	A
360	0.0017	0.0017	G
361	0.00068	0.00068	G
362	0.00403	0.00403	G
363	0.00236	0.00303	T
364	0.00235	0.00269	G
365	0.02337	0.0237	A
366	0.00539	0.00573	G
367	0.02954	0.03055	C
368	0.02088	0.02154	A
369	0.00823	0.00856	T
370	0.02831	0.02864	C
371	0.03236	0.03269	A
372	0.02782	0.02849	A
373	0.04199	0.04199	A
374	0.02554	0.02748	C
375	0.00485	0.00841	T
376	0.0172	0.01849	C
377	0.03108	0.03175	A
378	0.04951	0.04984	A
379	0.02409	0.02409	A
380	0.03953	0.04443	C
381	0.00429	0.00429	T
382	0.03772	0.04236	A
383	0.01661	0.01661	C
384	0.00335	0.00335	G
385	0.00632	0.00632	C
386	0.00469	0.00469	C
387	0.0117	0.0117	C
388	0.00234	0.00268	T
389	0.00738	0.00973	G
390	0.0174	0.01774	A
391	0.006	0.006	T
392	0.05943	0.0601	C
393	0.00067	0.00067	G
394	0.004	0.004	G
395	0.02065	0.02065	C
396	0.00434	0.00468	G
397	0.03138	0.03171	C
398	0.02534	0.02601	A
399	0.03321	0.03321	C
400	0.00504	0.00504	T
401	0.00404	0.00471	G
402	0.05752	0.05853	C
403	0.00569	0.00669	G
404	0.02275	0.02308	A
405	0.00402	0.00637	G
406	0.06897	0.0693	C
407	0.02459	0.02526	A
408	0.00336	0.0037	G
409	0.00439	0.00575	T
410	0.04147	0.04249	A
411	0.00607	0.00607	G
412	0.01819	0.01819	C
413	0.01783	0.01783	C
414	0.01386	0.01386	C
415	0.00974	0.00974	A
416	0.03891	0.03925	A
417	0.01988	0.01988	A
418	0.04508	0.05175	C
419	0.02286	0.02286	A
420	0.0237	0.02436	A
421	0.00937	0.01004	T
422	0.033	0.03399	C
423	0.00864	0.01096	T
424	0.04203	0.04236	C
425	0.03072	0.03342	A
426	0.0098	0.01014	T
427	0.02668	0.02871	A
428	0.00577	0.00577	T
429	0.00477	0.00546	G
430	0.02757	0.02757	A
431	0.03405	0.03405	A
432	0.0065	0.00722	G
433	0.01369	0.02183	T
434	0.02246	0.0232	C
435	0.02736	0.02736	A
436	0.02726	0.02726	C
437	0.01947	0.01947	C
438	0.00615	0.00615	C
439	0.00733	0.00772	T
440	0.01909	0.02065	A
441	0.00197	0.00236	G
442	0.02351	0.02351	C
443	0.00596	0.00596	C
444	0.01785	0.02142	A
445	0.00763	0.00884	T
446	0.02523	0.02603	C
447	0.03024	0.03183	A
448	0.0099	0.0099	T
449	0.00915	0.00915	T
450	0.02539	0.03063	C
451	0.00762	0.00802	T
452	0.02697	0.02738	A
453	0.04294	0.04494	C
454	0.01156	0.01156	T
455	0.02847	0.03163	A
456	0.00904	0.00904	T
457	0.03366	0.03485	C
458	0.03518	0.03518	A
459	0.01932	0.02012	A
460	0.02858	0.02858	C
461	0.02723	0.02878	A
462	0.01203	0.01242	T
463	0.01055	0.01055	T
464	0.00981	0.03297	A
465	0.04152	0.04307	C
466	0.00853	0.00853	T
467	0.02726	0.02726	A
468	0.02931	0.03008	A
469	0.00719	0.00757	T
470	0.03749	0.03749	A
471	0.02901	0.03049	A
472	0.0052	0.0052	G
473	0.00529	0.00566	T
474	0.0019	0.0019	G
475	0.00191	0.0023	G
476	0.01345	0.01421	C
477	0.0045	0.0045	T
478	0.03736	0.03736	C
479	0.02074	0.02183	C
480	0.00652	0.00652	T
481	0.00962	0.00962	T
482	0.00999	0.00999	T
483	0.02495	0.02708	A
484	0.02984	0.02984	A
485	0.04205	0.04205	C
486	0.01577	0.01612	C
487	0.00741	0.00812	T
488	0.01819	0.01854	C
489	0.00731	0.008	T
490	0.02339	0.02339	C
491	0.01511	0.01546	C
492	0.00527	0.0165	A
493	0.0166	0.0166	C
494	0.0192	0.0192	C
495	0.03086	0.03121	C
496	0.00615	0.00615	T
497	0.00785	0.00785	T
498	0.01482	0.02796	A
499	0.01038	0.01239	T
500	0.02945	0.02945	C
501	0.03818	0.03851	A
502	0.02886	0.02983	C
503	0.02214	0.02214	A
504	0.01019	0.01019	A
505	0.01921	0.02081	C
506	0.01966	0.01966	A
507	0.0231	0.02342	C
508	0.01732	0.01732	A
509	0.01837	0.01899	A
510	0.00312	0.00375	G
511	0.02233	0.02233	A
512	0.01311	0.01342	A
513	0.01907	0.02126	C
514	0.03696	0.03821	A
515	0.03207	0.03207	C
516	0.01603	0.01665	C
517	0.00436	0.00592	T
518	0.01901	0.01901	C
519	0.00763	0.00794	T
520	0.00568	0.00694	G
521	0.03058	0.0309	A
522	0.00913	0.00913	T
523	0.00661	0.00723	T
524	0.01794	0.03809	A
525	0.03347	0.03378	C
526	0.00717	0.00717	T
527	0.01903	0.01903	C
528	0.01025	0.01118	C
529	0.00835	0.00835	T
530	0.00342	0.00373	G
531	0.01153	0.01153	C
532	0.00716	0.00716	C
533	0.0168	0.02085	A
534	0.00501	0.00595	T
535	0.02945	0.03008	C
536	0.03109	0.03358	A
537	0.01279	0.01404	T
538	0.00344	0.00407	G
539	0.02949	0.02949	A
540	0.02399	0.02399	C
541	0.02379	0.02379	C
542	0.02591	0.02625	C
543	0.00703	0.00703	T
544	0.00668	0.00668	T
545	0.00192	0.00192	G
546	0.00191	0.00191	G
547	0.01809	0.01809	C
548	0.02127	0.02127	C
549	0.00951	0.01776	A
550	0.00826	0.00889	T
551	0.02817	0.02817	A
552	0.03073	0.03352	A
553	0.00837	0.00837	T
554	0.0207	0.02258	A
555	0.00395	0.00395	T
556	0.00241	0.00301	G
557	0.02342	0.02342	A
558	0.00418	0.00418	T
559	0.00742	0.00742	T
560	0.01059	0.01059	T
561	0.0175	0.01898	A
562	0.00892	0.00951	T
563	0.01802	0.01891	C
564	0.01	0.01089	T
565	0.02473	0.02473	C
566	0.01728	0.01757	C
567	0.01054	0.02371	A
568	0.03893	0.04009	C
569	0.03413	0.03645	A
570	0.03946	0.04176	C
571	0.00661	0.00689	T
572	0.0252	0.02577	A
573	0.00544	0.00658	G
574	0.0166	0.0166	C
575	0.04271	0.04299	A
576	0.00287	0.00287	G
577	0.01002	0.01231	A
578	0.00457	0.00457	G
579	0.00899	0.00899	A
580	0.00827	0.00856	C
581	0.01516	0.01516	C
582	0.02073	0.02102	A
583	0.0272	0.0272	A
584	0.04197	0.04197	C
585	0.00513	0.00513	C
586	0.00715	0.008	G
587	0.01715	0.01887	A
588	0.00568	0.00682	A
589	0.00312	0.00312	C
590	0.00312	0.00312	C
591	0.00284	0.00284	C
592	0.00257	0.00257	C
593	0.00599	0.00599	C
594	0.00201	0.00229	T
595	0.00172	0.00172	T
596	0.00457	0.00457	C
597	0.00257	0.00286	G
598	0.04357	0.04385	A
599	0.02849	0.02849	C
600	0.0294	0.0294	C
601	0.01001	0.01001	T
602	0.00798	0.00798	T
603	0.00286	0.00343	G
604	0.02171	0.02171	C
605	0.00256	0.00256	C
606	0.00483	0.00512	G
607	0.0083	0.00859	A
608	0.00655	0.00655	A
609	0.00085	0.00085	G
610	0.00199	0.00199	G
611	0.00199	0.00199	G
612	0.00227	0.00227	G
613	0.02027	0.0217	A
614	0.00394	0.00422	G
615	0.00169	0.00169	T
616	0.00959	0.00959	C
617	0.00592	0.00592	C
618	0.00589	0.00673	G
619	0.02128	0.02156	A
620	0.03664	0.03664	A
621	0.04129	0.0435	C
622	0.00304	0.00304	T
623	0.0667	0.06808	A
624	0.00164	0.00164	G
625	0.00111	0.00584	T
626	0.0052	0.0052	C
627	0.01039	0.01749	T
628	0.011	0.01127	C
629	0.05887	0.06052	A
630	0.00164	0.00164	G
631	0.00409	0.00409	G
632	0.00626	0.00626	C
633	0.0019	0.0019	T
634	0.00734	0.00761	T
635	0.04022	0.04293	C
636	0.02768	0.02768	A
637	0.02716	0.02716	A
638	0.0469	0.04743	C
639	0.03216	0.03216	A
640	0.00972	0.01051	T
641	0.03483	0.03509	C
642	0.00603	0.00603	G
643	0.03001	0.03001	A
644	0.02672	0.02672	A
645	0.00817	0.00844	T
646	0.03201	0.03308	A
647	0.05488	0.05704	C
648	0.00274	0.00274	G
649	0.02258	0.02258	C
650	0.01404	0.01488	C
651	0.00401	0.00773	G
652	0.02945	0.03263	C
653	0.02543	0.02752	A
654	0.0012	0.0012	G
655	0.00451	0.00481	G
656	0.01351	0.01351	C
657	0.01229	0.01229	C
658	0.0256	0.0256	C
659	0.02768	0.02768	C
660	0.00181	0.00181	T
661	0.0043	0.00492	T
662	0.02652	0.02778	C
663	0.0038	0.00412	G
664	0.0329	0.0329	C
665	0.01672	0.01672	C
666	0.01547	0.01547	C
667	0.00444	0.00444	T
668	0.03239	0.03302	A
669	0.0047	0.00501	T
670	0.00628	0.00628	T
671	0.01633	0.02261	C
672	0.00594	0.00594	T
673	0.00722	0.00754	T
674	0.03386	0.03542	C
675	0.02944	0.0332	A
676	0.00997	0.01183	T
677	0.02806	0.03087	A
678	0.00469	0.00532	G
679	0.04664	0.04695	C
680	0.01802	0.01802	C
681	0.00406	0.00499	G
682	0.02893	0.02924	A
683	0.01848	0.0188	A
684	0.01182	0.01182	T
685	0.02425	0.02521	A
686	0.04333	0.04364	C
687	0.0195	0.02011	A
688	0.033	0.03567	C
689	0.03062	0.03092	A
690	0.01502	0.01502	A
691	0.0104	0.0107	A
692	0.02301	0.02614	C
693	0.01635	0.01663	A
694	0.0104	0.01068	T
695	0.00907	0.00936	T
696	0.00587	0.02041	A
697	0.01129	0.01129	T
698	0.00958	0.01041	T
699	0.00881	0.02671	A
700	0.00844	0.00871	T
701	0.03247	0.03247	A
702	0.02103	0.02313	A
703	0.00936	0.01066	T
704	0.03133	0.03133	A
705	0.02596	0.02596	A
706	0.03099	0.03324	A
707	0.03155	0.03621	C
708	0.0207	0.02203	A
709	0.0365	0.0365	C
710	0.01399	0.01399	C
711	0.01332	0.01332	C
712	0.01808	0.01972	T
713	0.02339	0.02339	C
714	0.02267	0.02488	A
715	0.03413	0.03413	C
716	0.02206	0.02261	C
717	0.01012	0.02051	A
718	0.03421	0.03558	C
719	0.00713	0.00795	T
720	0.03085	0.03085	A
721	0.03245	0.03245	C
722	0.02631	0.02658	A
723	0.02525	0.02715	A
724	0.00746	0.00746	T
725	0.02309	0.02446	C
726	0.00606	0.00606	T
727	0.00496	0.00524	T
728	0.0349	0.0349	C
729	0.01352	0.01352	C
730	0.00496	0.00524	T
731	0.03535	0.03616	A
732	0.00136	0.00136	G
733	0.00244	0.00244	G
734	0.05527	0.05527	A
735	0.0229	0.0229	A
736	0.02744	0.02852	C
737	0.01978	0.01978	A
738	0.01357	0.01357	A
739	0.0331	0.03336	C
740	0.01826	0.01826	A
741	0.00624	0.00676	T
742	0.02194	0.0227	A
743	0.01233	0.01284	T
744	0.00179	0.00205	G
745	0.03695	0.03746	A
746	0.04535	0.04639	C
747	0.00923	0.01034	G
748	0.03863	0.0394	C
749	0.02874	0.03004	A
750	0.0279	0.02867	C
751	0.00614	0.00748	T
752	0.02748	0.02908	C
753	0.00639	0.00799	T
754	0.02667	0.02667	C
755	0.02648	0.02648	C
756	0.02711	0.02711	C
757	0.02117	0.02117	C
758	0.00554	0.00633	T
759	0.006	0.00653	G
760	0.03073	0.03124	A
761	0.02369	0.02369	A
762	0.03247	0.03323	C
763	0.00812	0.00812	T
764	0.02252	0.02277	C
765	0.00597	0.00622	T
766	0.026	0.02723	A
767	0.03378	0.03452	C
768	0.02709	0.02855	A
769	0.03883	0.041	C
770	0.03024	0.03024	A
771	0.03104	0.03104	A
772	0.02137	0.02278	C
773	0.01686	0.01686	A
774	0.00461	0.00507	T
775	0.01547	0.01547	A
776	0.00295	0.00295	T
777	0.0041	0.0041	T
778	0.00545	0.00545	T
779	0.0085	0.0085	T
780	0.00275	0.00389	G
781	0.00479	0.00548	T
782	0.01533	0.01533	C
783	0.02753	0.02775	A
784	0.03116	0.03116	C
785	0.02313	0.02336	C
786	0.02472	0.02541	A
787	0.03404	0.03404	A
788	0.00541	0.00631	G
789	0.0269	0.0269	A
790	0.0231	0.02333	C
791	0.02733	0.02733	C
792	0.0161	0.0161	C
793	0.00742	0.00809	T
794	0.02044	0.02134	A
795	0.03664	0.03664	C
796	0.00599	0.00622	T
797	0.00664	0.00709	T
798	0.0216	0.02984	C
799	0.01283	0.01396	T
800	0.03251	0.03499	A
801	0.02806	0.02852	A
802	0.03839	0.03862	C
803	0.01876	0.01899	C
804	0.0039	0.00482	T
805	0.02647	0.02647	C
806	0.03251	0.03251	C
807	0.00529	0.00529	C
808	0.00208	0.00231	T
809	0.00208	0.003	G
810	0.00184	0.00184	T
811	0.00254	0.00254	T
812	0.00738	0.00784	C
813	0.00485	0.00485	T
814	0.00762	0.00785	T
815	0.02026	0.04375	A
816	0.0129	0.01336	T
817	0.00437	0.00621	G
818	0.03125	0.03171	A
819	0.03644	0.03758	A
820	0.00638	0.00638	T
821	0.00613	0.00613	T
822	0.04173	0.04401	C
823	0.00365	0.00365	G
824	0.00774	0.00774	A
825	0.00617	0.00617	A
826	0.01072	0.01095	C
827	0.01121	0.01121	A
828	0.00757	0.00803	G
829	0.07501	0.07685	C
830	0.03861	0.04162	A
831	0.01892	0.02216	T
832	0.03423	0.03494	A
833	0.03071	0.03095	C
834	0.02139	0.02163	C
835	0.02085	0.02085	C
836	0.02419	0.02419	C
837	0.0272	0.0272	C
838	0.00501	0.00626	G
839	0.03126	0.03177	A
840	0.00819	0.00819	T
841	0.00619	0.00619	T
842	0.02204	0.02204	C
843	0.03603	0.03629	C
844	0.00347	0.00481	G
845	0.01608	0.01608	C
846	0.00456	0.00483	T
847	0.02855	0.02882	A
848	0.03515	0.03569	C
849	0.00298	0.00326	G
850	0.01932	0.01932	A
851	0.01932	0.01932	C
852	0.01252	0.01279	C
853	0.01345	0.01372	A
854	0.02645	0.02645	A
855	0.03518	0.03573	C
856	0.00927	0.01349	T
857	0.02139	0.02223	C
858	0.02638	0.02695	A
859	0.0072	0.00806	T
860	0.02595	0.02685	A
861	0.03608	0.03668	C
862	0.02552	0.02582	A
863	0.03148	0.03208	C
864	0.02434	0.02434	C
865	0.0067	0.00731	T
866	0.01988	0.01988	C
867	0.01317	0.01501	C
868	0.00523	0.00523	T
869	0.01477	0.0157	A
870	0.00711	0.00773	T
871	0.00403	0.00465	G
872	0.00124	0.00124	A
873	0.00431	0.00431	A
874	0.01443	0.01443	A
875	0.01451	0.01451	A
876	0.02101	0.02101	A
877	0.01223	0.01223	A
878	0.03082	0.03208	C
879	0.0038	0.0038	T
880	0.00582	0.00582	T
881	0.02191	0.02224	C
882	0.02064	0.02097	C
883	0.00832	0.00998	T
884	0.0331	0.03479	A
885	0.05111	0.05111	C
886	0.02562	0.02597	C
887	0.01019	0.02073	A
888	0.02751	0.02998	C
889	0.0342	0.03708	T
890	0.02399	0.02435	C
891	0.01645	0.01682	A
892	0.02862	0.02862	C
893	0.01722	0.01722	C
894	0.01394	0.01431	C
895	0.00612	0.0065	T
896	0.02992	0.0311	A
897	0.00601	0.00642	G
898	0.02551	0.02551	C
899	0.02466	0.02507	A
900	0.00876	0.00876	T
901	0.01056	0.01098	T
902	0.00603	0.01767	A
903	0.03013	0.03144	C
904	0.00834	0.00834	T
905	0.00587	0.00587	T
906	0.00963	0.02293	A
907	0.00782	0.00828	T
908	0.02332	0.02472	A
909	0.00657	0.00704	T
910	0.00617	0.00712	G
911	0.02807	0.02807	A
912	0.00824	0.00824	T
913	0.01669	0.01767	A
914	0.00852	0.00852	T
915	0.00279	0.00335	G
916	0.00988	0.01278	T
917	0.0074	0.0074	C
918	0.00633	0.0069	T
919	0.0275	0.02809	C
920	0.01478	0.01478	C
921	0.01144	0.0295	A
922	0.01579	0.01761	T
923	0.02412	0.02474	A
924	0.02871	0.02871	C
925	0.02399	0.02399	C
926	0.00955	0.00955	C
927	0.01292	0.02584	A
928	0.00791	0.00791	T
929	0.00809	0.00809	T
930	0.01453	0.02353	A
931	0.03659	0.038	C
932	0.02857	0.02857	A
933	0.02453	0.02453	A
934	0.01293	0.01293	T
935	0.02268	0.02268	C
936	0.00918	0.00995	T
937	0.03912	0.03912	C
938	0.01657	0.01657	C
939	0.01411	0.01852	A
940	0.00379	0.00379	G
941	0.02083	0.02083	C
942	0.02248	0.02355	A
943	0.00682	0.00795	T
944	0.04156	0.04286	T
945	0.01025	0.01025	C
946	0.02121	0.02121	C
947	0.01398	0.01398	C
948	0.00804	0.00804	C
949	0.00988	0.00988	C
950	0.00514	0.00685	T
951	0.02178	0.02178	C
952	0.0206	0.0206	A
953	0.01761	0.01761	A
954	0.00409	0.00409	A
955	0.0166	0.0166	C
956	0.00853	0.00853	C
957	0.0	0.0	T
958	0.0	0.0	A
959	0.0	0.0	A
