Position	Mismatches	Mismatches + Deletions	Base
7585	0.005	0.00502	A
7586	0.00236	0.00282	T
7587	0.00155	0.00183	G
7588	0.0041	0.00424	G
7589	0.01581	0.01582	C
7590	0.02995	0.03126	A
7591	0.02787	0.03152	C
7592	0.01876	0.01991	A
7593	0.00792	0.00832	T
7594	0.00362	0.0046	G
7595	0.02084	0.02208	C
7596	0.01849	0.01927	A
7597	0.00481	0.00491	G
7598	0.04357	0.04392	C
7599	0.00658	0.00675	G
7600	0.04316	0.04601	C
7601	0.01026	0.01026	A
7602	0.00786	0.00788	A
7603	0.00231	0.00243	G
7604	0.00112	0.00115	T
7605	0.00307	0.00318	A
7606	0.00242	0.00242	G
7607	0.00271	0.00271	G
7608	0.00107	0.00108	T
7609	0.00153	0.00163	C
7610	0.00426	0.00443	T
7611	0.03597	0.03653	A
7612	0.06137	0.06155	C
7613	0.03759	0.03759	A
7614	0.03217	0.03366	A
7615	0.00168	0.00181	G
7616	0.00543	0.00563	A
7617	0.00337	0.00341	C
7618	0.006	0.00617	G
7619	0.00244	0.00246	C
7620	0.00105	0.00108	T
7621	0.00397	0.0041	A
7622	0.00284	0.0029	C
7623	0.0009	0.0009	T
7624	0.00233	0.00237	T
7625	0.02217	0.02217	C
7626	0.0232	0.02324	C
7627	0.02852	0.02854	C
7628	0.0166	0.0166	C
7629	0.0071	0.00757	T
7630	0.02275	0.02293	A
7631	0.00612	0.00795	T
7632	0.01859	0.01885	C
7633	0.02049	0.02117	A
7634	0.00665	0.00701	T
7635	0.03551	0.03707	A
7636	0.00267	0.00315	G
7637	0.01846	0.01846	A
7638	0.01735	0.01817	A
7639	0.00242	0.0027	G
7640	0.02773	0.02844	A
7641	0.00394	0.00406	G
7642	0.02333	0.02411	C
7643	0.00674	0.00683	T
7644	0.01045	0.01058	T
7645	0.01909	0.02884	A
7646	0.00793	0.00963	T
7647	0.0346	0.0355	C
7648	0.04306	0.04333	A
7649	0.03005	0.03005	C
7650	0.01536	0.0154	C
7651	0.00394	0.004	T
7652	0.00552	0.00558	T
7653	0.00618	0.00618	T
7654	0.02422	0.02612	C
7655	0.02726	0.0274	A
7656	0.00402	0.00426	T
7657	0.00246	0.00328	G
7658	0.01451	0.01494	A
7659	0.00435	0.00586	T
7660	0.04315	0.04396	C
7661	0.02944	0.03136	A
7662	0.0478	0.0497	C
7663	0.00402	0.00446	G
7664	0.02879	0.02881	C
7665	0.0068	0.00681	C
7666	0.0194	0.01954	C
7667	0.00576	0.00782	T
7668	0.02634	0.02657	C
7669	0.01491	0.01707	A
7670	0.00965	0.01018	T
7671	0.02093	0.02107	A
7672	0.02447	0.02622	A
7673	0.01854	0.01923	T
7674	0.03277	0.03337	C
7675	0.03058	0.03084	A
7676	0.00695	0.00696	T
7677	0.00464	0.0047	T
7678	0.00984	0.00995	T
7679	0.00873	0.00877	T
7680	0.0248	0.0252	C
7681	0.02475	0.02478	C
7682	0.00833	0.00836	T
7683	0.01031	0.01047	T
7684	0.01355	0.0347	A
7685	0.00901	0.00966	T
7686	0.02996	0.03091	C
7687	0.00849	0.00863	T
7688	0.00329	0.00504	G
7689	0.0245	0.02672	C
7690	0.00694	0.00696	T
7691	0.00763	0.00765	T
7692	0.02734	0.02736	C
7693	0.02037	0.02049	C
7694	0.00724	0.00849	T
7695	0.02184	0.03239	A
7696	0.00377	0.00383	G
7697	0.00664	0.00683	T
7698	0.02162	0.02165	C
7699	0.01433	0.01442	C
7700	0.00508	0.00563	T
7701	0.00432	0.00498	G
7702	0.00678	0.00801	T
7703	0.02292	0.02432	A
7704	0.00871	0.009	T
7705	0.00527	0.00608	G
7706	0.03383	0.03443	C
7707	0.01307	0.0131	C
7708	0.02341	0.02354	C
7709	0.00294	0.00295	T
7710	0.00473	0.00475	T
7711	0.01056	0.01059	T
7712	0.00917	0.00918	T
7713	0.0249	0.02516	C
7714	0.01628	0.01639	C
7715	0.0084	0.00917	T
7716	0.02695	0.02763	A
7717	0.02328	0.02339	A
7718	0.03138	0.03198	C
7719	0.01898	0.01962	A
7720	0.0264	0.02749	C
7721	0.01164	0.01336	T
7722	0.02894	0.02949	C
7723	0.01782	0.01933	A
7724	0.03588	0.03807	C
7725	0.02457	0.02509	A
7726	0.02133	0.02175	A
7727	0.05967	0.06196	C
7728	0.02027	0.02037	A
7729	0.01816	0.0182	A
7730	0.02169	0.02172	A
7731	0.02518	0.02527	A
7732	0.03005	0.04323	C
7733	0.01073	0.01156	T
7734	0.02163	0.02177	A
7735	0.02014	0.0207	A
7736	0.03894	0.04046	C
7737	0.00901	0.00941	T
7738	0.02011	0.02041	A
7739	0.02079	0.02134	A
7740	0.01082	0.0114	T
7741	0.02919	0.02939	A
7742	0.04028	0.04239	C
7743	0.01038	0.01152	T
7744	0.0312	0.03138	A
7745	0.02855	0.02983	A
7746	0.04296	0.04451	C
7747	0.0321	0.03401	A
7748	0.00888	0.00984	T
7749	0.03233	0.03254	C
7750	0.00419	0.00511	T
7751	0.00687	0.00697	C
7752	0.00934	0.01035	A
7753	0.00204	0.00219	G
7754	0.00794	0.0081	A
7755	0.00927	0.00934	C
7756	0.00626	0.0065	G
7757	0.04041	0.04089	C
7758	0.00618	0.00766	T
7759	0.03053	0.03059	C
7760	0.03365	0.03457	A
7761	0.00303	0.00304	G
7762	0.0049	0.00496	G
7763	0.0105	0.01056	A
7764	0.03108	0.03121	A
7765	0.02982	0.03005	A
7766	0.01022	0.01141	T
7767	0.03668	0.03698	A
7768	0.00467	0.00509	G
7769	0.02745	0.02748	A
7770	0.02841	0.02841	A
7771	0.03208	0.03288	A
7772	0.06515	0.06591	C
7773	0.00604	0.00609	C
7774	0.00321	0.00351	G
7775	0.00133	0.00139	T
7776	0.00334	0.00336	C
7777	0.00162	0.0017	T
7778	0.00304	0.00338	G
7779	0.01359	0.01365	A
7780	0.03539	0.03548	A
7781	0.05387	0.05537	C
7782	0.00872	0.00895	T
7783	0.03369	0.03468	A
7784	0.00833	0.0085	T
7785	0.03363	0.03374	C
7786	0.01529	0.01551	C
7787	0.00609	0.00717	T
7788	0.00433	0.0049	G
7789	0.02311	0.02311	C
7790	0.01594	0.01603	C
7791	0.02361	0.02375	C
7792	0.00495	0.00593	G
7793	0.01456	0.01456	C
7794	0.00567	0.00571	C
7795	0.02189	0.02714	A
7796	0.00783	0.0106	T
7797	0.0422	0.04335	C
7798	0.02781	0.03113	A
7799	0.00849	0.00899	T
7800	0.03033	0.03104	C
7801	0.02339	0.02373	C
7802	0.00784	0.00896	T
7803	0.03345	0.04295	A
7804	0.00408	0.00425	G
7805	0.00601	0.00631	T
7806	0.0104	0.01043	C
7807	0.0192	0.01927	C
7808	0.00631	0.00735	T
7809	0.02847	0.02927	C
7810	0.02246	0.02788	A
7811	0.01064	0.01191	T
7812	0.03257	0.03339	C
7813	0.00781	0.00811	G
7814	0.03002	0.03006	C
7815	0.01187	0.0119	C
7816	0.01738	0.01753	C
7817	0.00658	0.0094	T
7818	0.02838	0.02838	C
7819	0.02685	0.02687	C
7820	0.02003	0.02047	C
7821	0.02588	0.03207	A
7822	0.01295	0.01405	T
7823	0.02822	0.02831	C
7824	0.02539	0.02545	C
7825	0.0137	0.01375	C
7826	0.00879	0.00975	T
7827	0.02775	0.02893	A
7828	0.04875	0.04901	C
7829	0.00713	0.00883	G
7830	0.01986	0.02747	C
7831	0.01796	0.0192	A
7832	0.00858	0.00894	T
7833	0.02888	0.02893	C
7834	0.01926	0.01938	C
7835	0.00718	0.00718	T
7836	0.01178	0.01182	T
7837	0.01076	0.0109	T
7838	0.024	0.02921	A
7839	0.04776	0.04841	C
7840	0.0342	0.03497	A
7841	0.01142	0.01337	T
7842	0.03186	0.03192	A
7843	0.02478	0.02636	A
7844	0.04384	0.0451	C
7845	0.03285	0.03383	A
7846	0.00309	0.00321	G
7847	0.02881	0.029	A
7848	0.05267	0.05301	C
7849	0.00317	0.00322	G
7850	0.01244	0.01291	A
7851	0.00367	0.00367	G
7852	0.00268	0.00269	G
7853	0.00368	0.00485	T
7854	0.02643	0.02707	C
7855	0.02816	0.02818	A
7856	0.03146	0.03161	A
7857	0.04615	0.0472	C
7858	0.00587	0.00621	G
7859	0.0326	0.03418	A
7860	0.01058	0.01121	T
7861	0.03775	0.03784	C
7862	0.01096	0.011	C
7863	0.0101	0.01017	C
7864	0.00419	0.00638	T
7865	0.01665	0.01665	C
7866	0.02474	0.02474	C
7867	0.01376	0.01395	C
7868	0.00594	0.00598	T
7869	0.00735	0.00753	T
7870	0.01003	0.01985	A
7871	0.02953	0.02957	C
7872	0.01533	0.01549	C
7873	0.01489	0.01863	A
7874	0.00713	0.00761	T
7875	0.03549	0.03591	C
7876	0.01806	0.01818	A
7877	0.02424	0.02524	A
7878	0.0297	0.03083	A
7879	0.0084	0.00989	T
7880	0.03296	0.03333	C
7881	0.02499	0.02531	A
7882	0.02742	0.02852	A
7883	0.01553	0.01561	T
7884	0.01839	0.01845	T
7885	0.00773	0.00808	G
7886	0.00335	0.00335	G
7887	0.01072	0.01075	C
7888	0.00928	0.0095	C
7889	0.01487	0.02168	A
7890	0.02363	0.02367	C
7891	0.02013	0.02031	C
7892	0.01962	0.01964	A
7893	0.01652	0.01698	A
7894	0.00526	0.00533	T
7895	0.00272	0.00272	G
7896	0.00254	0.00259	G
7897	0.00221	0.0023	T
7898	0.01428	0.01444	A
7899	0.0228	0.02292	C
7900	0.00665	0.00688	T
7901	0.00526	0.00628	G
7902	0.0256	0.02581	A
7903	0.02028	0.02041	A
7904	0.03252	0.03254	C
7905	0.01605	0.01629	C
7906	0.00717	0.00775	T
7907	0.02655	0.02673	A
7908	0.03682	0.03693	C
7909	0.00258	0.00263	G
7910	0.01415	0.01476	A
7911	0.00474	0.00498	G
7912	0.00477	0.00496	T
7913	0.01708	0.01766	A
7914	0.0211	0.02136	C
7915	0.03809	0.03824	A
7916	0.0347	0.03472	C
7917	0.02599	0.02606	C
7918	0.00328	0.00458	G
7919	0.03207	0.03231	A
7920	0.02213	0.02236	C
7921	0.00557	0.00588	T
7922	0.02643	0.02819	A
7923	0.04112	0.0414	C
7924	0.00284	0.00295	G
7925	0.00283	0.00284	G
7926	0.01497	0.01505	C
7927	0.00431	0.00431	G
7928	0.00231	0.00233	G
7929	0.02175	0.02865	A
7930	0.03081	0.03131	C
7931	0.00664	0.00693	T
7932	0.02103	0.02111	A
7933	0.0229	0.02305	A
7934	0.01161	0.01207	T
7935	0.03806	0.03825	C
7936	0.00874	0.00874	T
7937	0.01013	0.01021	T
7938	0.03969	0.04207	C
7939	0.02676	0.0276	A
7940	0.02556	0.02587	A
7941	0.03177	0.03447	C
7942	0.00797	0.00846	T
7943	0.03037	0.03038	C
7944	0.01671	0.01747	C
7945	0.01031	0.01112	T
7946	0.02754	0.02865	A
7947	0.04678	0.04725	C
7948	0.03584	0.03751	A
7949	0.01076	0.01126	T
7950	0.03368	0.03445	A
7951	0.04628	0.04898	C
7952	0.0111	0.01116	T
7953	0.02302	0.02331	T
7954	0.02339	0.02342	C
7955	0.01666	0.01683	C
7956	0.02361	0.02371	C
7957	0.02461	0.02463	C
7958	0.02078	0.02083	C
7959	0.01859	0.02813	A
7960	0.00932	0.00938	T
7961	0.00865	0.00881	T
7962	0.01486	0.02913	A
7963	0.00893	0.00895	T
7964	0.00799	0.00803	T
7965	0.03111	0.03139	C
7966	0.01807	0.01814	C
7967	0.00716	0.00759	T
7968	0.02827	0.02938	A
7969	0.00635	0.00782	G
7970	0.02995	0.03016	A
7971	0.03153	0.03187	A
7972	0.03933	0.03951	C
7973	0.02983	0.02987	C
7974	0.02562	0.03379	A
7975	0.00253	0.00257	G
7976	0.00398	0.00401	G
7977	0.02507	0.02521	C
7978	0.00606	0.0063	G
7979	0.02167	0.02308	A
7980	0.02949	0.02949	C
7981	0.02135	0.0216	C
7982	0.00627	0.00695	T
7983	0.00292	0.00326	G
7984	0.03112	0.03132	C
7985	0.00484	0.00506	G
7986	0.027	0.02836	A
7987	0.01742	0.01758	C
7988	0.00471	0.00498	T
7989	0.02991	0.02991	C
7990	0.02316	0.02361	C
7991	0.00567	0.00567	T
7992	0.00756	0.00758	T
7993	0.00274	0.00302	G
7994	0.02102	0.02112	A
7995	0.02572	0.02579	C
7996	0.00583	0.00594	G
7997	0.00551	0.00573	T
7998	0.00491	0.00492	T
7999	0.00338	0.00373	G
8000	0.05362	0.05398	A
8001	0.01601	0.01626	C
8002	0.01105	0.01105	A
8003	0.01266	0.01308	A
8004	0.00289	0.00307	T
8005	0.012	0.01207	C
8006	0.00311	0.0032	G
8007	0.02088	0.02163	A
8008	0.00394	0.00404	G
8009	0.00639	0.00663	T
8010	0.03418	0.03504	A
8011	0.00604	0.00641	G
8012	0.00704	0.00741	T
8013	0.0349	0.03587	A
8014	0.02487	0.02528	C
8015	0.00419	0.00489	T
8016	0.01402	0.01402	C
8017	0.01899	0.019	C
8018	0.0092	0.00922	C
8019	0.0023	0.00311	G
8020	0.0103	0.01062	A
8021	0.00283	0.00284	T
8022	0.0024	0.00244	T
8023	0.00375	0.00417	G
8024	0.04095	0.04126	A
8025	0.04339	0.04406	A
8026	0.0119	0.01263	G
8027	0.02001	0.0203	C
8028	0.00713	0.00713	C
8029	0.01976	0.01976	C
8030	0.02116	0.02116	C
8031	0.01695	0.01697	C
8032	0.03089	0.03275	A
8033	0.00846	0.00848	T
8034	0.0071	0.00713	T
8035	0.02666	0.02744	C
8036	0.00445	0.00452	G
8037	0.00765	0.00859	T
8038	0.0195	0.02003	A
8039	0.00974	0.01089	T
8040	0.02444	0.02467	A
8041	0.02212	0.02515	A
8042	0.01161	0.01287	T
8043	0.02283	0.02285	A
8044	0.02476	0.02774	A
8045	0.01245	0.01259	T
8046	0.01043	0.0105	T
8047	0.01484	0.0315	A
8048	0.03919	0.04055	C
8049	0.03185	0.03226	A
8050	0.01064	0.01199	T
8051	0.03554	0.037	C
8052	0.02936	0.02993	A
8053	0.04463	0.04649	C
8054	0.03696	0.03709	A
8055	0.02291	0.02426	A
8056	0.00222	0.00238	G
8057	0.0076	0.00771	A
8058	0.00526	0.00529	C
8059	0.00397	0.00404	G
8060	0.00152	0.00157	T
8061	0.00336	0.00344	C
8062	0.00361	0.00365	T
8063	0.00342	0.00346	T
8064	0.00273	0.00334	G
8065	0.01047	0.01081	C
8066	0.01165	0.01216	A
8067	0.02614	0.02622	C
8068	0.00596	0.00892	T
8069	0.03479	0.03524	C
8070	0.03338	0.03847	A
8071	0.00875	0.00914	T
8072	0.00263	0.00311	G
8073	0.01417	0.01447	A
8074	0.0032	0.00324	G
8075	0.00737	0.00753	C
8076	0.00488	0.005	T
8077	0.00798	0.00953	G
8078	0.01477	0.01561	T
8079	0.02034	0.02044	C
8080	0.01501	0.0151	C
8081	0.01649	0.01649	C
8082	0.02175	0.0219	C
8083	0.015	0.01733	A
8084	0.0284	0.02876	C
8085	0.03473	0.03642	A
8086	0.01275	0.0129	T
8087	0.01056	0.01083	T
8088	0.02339	0.04168	A
8089	0.00193	0.00193	G
8090	0.00208	0.0022	G
8091	0.01174	0.01227	C
8092	0.00523	0.00532	T
8093	0.00604	0.0063	T
8094	0.00401	0.00433	A
8095	0.02201	0.02207	A
8096	0.01338	0.01341	A
8097	0.03046	0.03046	A
8098	0.02433	0.02435	A
8099	0.05529	0.05882	C
8100	0.02225	0.02539	A
8101	0.00482	0.00513	G
8102	0.03126	0.03196	A
8103	0.00374	0.00381	T
8104	0.00293	0.00307	G
8105	0.01076	0.01107	C
8106	0.01936	0.01946	A
8107	0.0325	0.03279	A
8108	0.0092	0.00923	T
8109	0.00897	0.00906	T
8110	0.03425	0.03432	C
8111	0.03542	0.03546	C
8112	0.04452	0.04452	C
8113	0.00353	0.00365	G
8114	0.00188	0.00188	G
8115	0.00826	0.00941	A
8116	0.00591	0.006	C
8117	0.00505	0.00507	G
8118	0.00259	0.00277	T
8119	0.00779	0.00781	C
8120	0.005	0.00563	T
8121	0.00721	0.00739	A
8122	0.02674	0.02677	A
8123	0.02819	0.02823	A
8124	0.04016	0.04027	C
8125	0.01638	0.0165	C
8126	0.01629	0.01635	A
8127	0.02736	0.0276	A
8128	0.03025	0.03025	A
8129	0.03601	0.03648	C
8130	0.02502	0.02517	C
8131	0.01551	0.02278	A
8132	0.03485	0.0353	C
8133	0.00713	0.00729	T
8134	0.01154	0.01161	T
8135	0.01369	0.01371	T
8136	0.02916	0.03121	C
8137	0.02842	0.02983	A
8138	0.03261	0.03261	C
8139	0.0263	0.02645	C
8140	0.00857	0.00979	G
8141	0.01732	0.01779	C
8142	0.00809	0.00864	T
8143	0.03067	0.03175	A
8144	0.03706	0.03764	C
8145	0.02712	0.02841	A
8146	0.02901	0.02951	C
8147	0.00463	0.00523	G
8148	0.01824	0.01847	A
8149	0.02404	0.02411	C
8150	0.02229	0.0225	C
8151	0.00459	0.00459	G
8152	0.00186	0.00186	G
8153	0.00189	0.00189	G
8154	0.00256	0.00256	G
8155	0.00486	0.00486	G
8156	0.00515	0.00555	T
8157	0.02017	0.0206	A
8158	0.00869	0.00902	T
8159	0.03093	0.03102	A
8160	0.0223	0.02255	C
8161	0.00503	0.00529	T
8162	0.01901	0.01942	A
8163	0.03141	0.03191	C
8164	0.0043	0.0043	G
8165	0.0032	0.0032	G
8166	0.00418	0.00451	T
8167	0.00969	0.00987	C
8168	0.01874	0.01874	A
8169	0.01625	0.01638	A
8170	0.00581	0.00591	T
8171	0.00351	0.0037	G
8172	0.02277	0.02287	C
8173	0.0082	0.00845	T
8174	0.0273	0.0274	C
8175	0.00302	0.00312	T
8176	0.00286	0.00309	G
8177	0.00437	0.00437	A
8178	0.00792	0.00813	A
8179	0.00868	0.00868	A
8180	0.01203	0.0131	T
8181	0.00718	0.00719	C
8182	0.00218	0.00224	T
8183	0.00363	0.0037	G
8184	0.0013	0.00143	T
8185	0.00216	0.00216	G
8186	0.00146	0.00151	G
8187	0.04631	0.05836	A
8188	0.00827	0.00844	G
8189	0.04796	0.05237	C
8190	0.01632	0.01634	A
8191	0.03198	0.03237	A
8192	0.04714	0.04716	A
8193	0.00268	0.00271	C
8194	0.00151	0.00158	C
8195	0.00629	0.00871	A
8196	0.00423	0.0043	C
8197	0.00404	0.00462	A
8198	0.00395	0.00399	G
8199	0.00123	0.00125	T
8200	0.00163	0.00163	T
8201	0.00197	0.00197	T
8202	0.00589	0.00602	C
8203	0.0144	0.01552	A
8204	0.01153	0.01166	T
8205	0.00354	0.00386	G
8206	0.02349	0.02349	C
8207	0.02809	0.02816	C
8208	0.01242	0.01242	C
8209	0.01943	0.02357	A
8210	0.00572	0.00628	T
8211	0.02956	0.02977	C
8212	0.00498	0.00533	G
8213	0.00444	0.00475	T
8214	0.00964	0.00964	C
8215	0.00802	0.00807	C
8216	0.0051	0.00529	T
8217	0.02221	0.02253	A
8218	0.00506	0.00526	G
8219	0.02859	0.02863	A
8220	0.02786	0.02806	A
8221	0.00912	0.00933	T
8222	0.00841	0.00873	T
8223	0.01895	0.01914	A
8224	0.0363	0.03684	A
8225	0.01348	0.01352	T
8226	0.01922	0.0197	T
8227	0.02056	0.02094	C
8228	0.01599	0.01617	C
8229	0.01595	0.01632	C
8230	0.01816	0.0182	C
8231	0.01271	0.01412	T
8232	0.0029	0.00307	A
8233	0.01456	0.01473	A
8234	0.01418	0.01431	A
8235	0.02388	0.02401	A
8236	0.01775	0.01799	A
8237	0.01018	0.01089	T
8238	0.0331	0.03361	C
8239	0.0085	0.0085	T
8240	0.0113	0.0113	T
8241	0.00971	0.00973	T
8242	0.00513	0.00618	G
8243	0.00905	0.00905	A
8244	0.02733	0.02735	A
8245	0.0182	0.0182	A
8246	0.0056	0.00579	T
8247	0.01827	0.01869	A
8248	0.00256	0.00263	G
8249	0.00268	0.00273	G
8250	0.00299	0.00302	G
8251	0.03713	0.03731	C
8252	0.02558	0.02558	C
8253	0.03374	0.03377	C
8254	0.00665	0.00759	G
8255	0.01155	0.01242	T
8256	0.01765	0.01796	A
8257	0.00851	0.00851	T
8258	0.00937	0.00937	T
8259	0.00847	0.0086	T
8260	0.05893	0.06496	A
8261	0.00972	0.00975	C
8262	0.00548	0.00548	C
8263	0.00568	0.00568	C
8264	0.0028	0.00291	T
8265	0.01102	0.0129	A
8266	0.00908	0.01003	T
8267	0.03209	0.03282	A
8268	0.04179	0.04472	G
