Position	Mismatches	Mismatches + Deletions	Base
1	0.0	0.0	A
2	0.0	0.0	T
3	0.0	0.0	G
4	0.01452	0.01452	A
5	0.01189	0.01348	C
6	0.01293	0.01293	C
7	0.01722	0.01722	C
8	0.01783	0.01783	C
9	0.01651	0.02871	A
10	0.0193	0.0193	A
11	0.01048	0.01146	T
12	0.02398	0.02418	A
13	0.05223	0.05276	C
14	0.00694	0.00721	G
15	0.03903	0.04031	C
16	0.01211	0.01213	A
17	0.00741	0.00741	A
18	0.02286	0.02288	A
19	0.02473	0.02473	A
20	0.98012	0.99422	C
21	0.00932	0.01024	T
22	0.02036	0.02079	A
23	0.01081	0.01298	A
24	0.01562	0.01583	C
25	0.01379	0.01379	C
26	0.01597	0.01597	C
27	0.01559	0.01559	C
28	0.01543	0.01555	C
29	0.01066	0.01125	T
30	0.01348	0.014	A
31	0.01528	0.01548	A
32	0.00911	0.01018	T
33	0.01259	0.0127	A
34	0.0072	0.0072	A
35	0.01519	0.01519	A
36	0.02345	0.02424	A
37	0.00805	0.00819	T
38	0.01274	0.01312	T
39	0.01475	0.01508	A
40	0.0281	0.02812	A
41	0.01161	0.0119	T
42	0.01075	0.01101	T
43	0.01637	0.01644	A
44	0.03226	0.03294	A
45	0.03372	0.0341	C
46	0.02654	0.02665	C
47	0.97436	0.97611	A
48	0.02455	0.02466	C
49	0.00802	0.00958	T
50	0.03068	0.03102	C
51	0.02815	0.0327	A
52	0.00969	0.00992	T
53	0.00921	0.00949	T
54	0.02664	0.02831	C
55	0.02628	0.02709	A
56	0.00917	0.0116	T
57	0.02961	0.0302	C
58	0.00847	0.00888	G
59	0.03076	0.03136	A
60	0.02688	0.02689	C
61	0.01674	0.0169	C
62	0.0057	0.00879	T
63	0.02072	0.02074	C
64	0.01912	0.01912	C
65	0.02351	0.02351	C
66	0.01922	0.01946	C
67	0.01172	0.01902	A
68	0.02961	0.02961	C
69	0.02407	0.02407	C
70	0.02009	0.02009	C
71	0.01803	0.01813	C
72	0.02036	0.02615	A
73	0.01274	0.01421	T
74	0.02924	0.02929	C
75	0.02528	0.02547	C
76	0.02344	0.02365	A
77	0.0305	0.03056	A
78	0.0352	0.03632	C
79	0.02469	0.02557	A
80	0.00794	0.00868	T
81	0.02265	0.02275	C
82	0.00735	0.00841	T
83	0.03225	0.03225	C
84	0.03676	0.03693	C
85	0.00555	0.00871	G
86	0.02929	0.03039	C
87	0.02986	0.03272	A
88	0.00743	0.0077	T
89	0.00254	0.00288	G
90	0.01348	0.01386	A
91	0.00486	0.00501	T
92	0.00253	0.00314	G
93	0.01901	0.01917	A
94	0.0179	0.01823	A
95	0.02112	0.02116	A
96	0.054	0.05476	C
97	0.00768	0.00776	T
98	0.00836	0.00837	T
99	0.02437	0.0282	C
100	0.00288	0.0029	G
101	0.00376	0.00377	G
102	0.02073	0.02142	C
103	0.0078	0.00912	T
104	0.03463	0.03632	C
105	0.02291	0.02451	A
106	0.03876	0.03943	C
107	0.00848	0.0091	T
108	0.03014	0.03016	C
109	0.02818	0.02916	C
110	0.00873	0.00876	T
111	0.00734	0.00734	T
112	0.00225	0.00228	G
113	0.00328	0.00338	G
114	0.01199	0.01226	C
115	0.00667	0.00681	G
116	0.01573	0.01574	C
117	0.00776	0.00792	C
118	0.00462	0.00538	T
119	0.00308	0.00317	G
120	0.03491	0.03491	C
121	0.0204	0.02048	C
122	0.00428	0.00562	T
123	0.00394	0.0053	G
124	0.01847	0.01894	A
125	0.00688	0.00749	T
126	0.02547	0.02562	C
127	0.01758	0.01772	C
128	0.00823	0.01067	T
129	0.03389	0.0339	C
130	0.02792	0.02811	C
131	0.01329	0.01382	A
132	0.02908	0.02926	A
133	0.0268	0.0272	A
134	0.01036	0.01215	T
135	0.0288	0.02924	C
136	0.02968	0.03034	A
137	0.03882	0.03903	C
138	0.02715	0.02809	C
139	0.02499	0.03194	A
140	0.03862	0.03958	C
141	0.01989	0.02328	A
142	0.00296	0.00316	G
143	0.00208	0.00213	G
144	0.01918	0.0267	A
145	0.04428	0.04473	C
146	0.00804	0.00842	T
147	0.02521	0.04019	A
148	0.01009	0.01011	T
149	0.00783	0.0081	T
150	0.0221	0.0222	C
151	0.0064	0.00651	C
152	0.00784	0.00816	T
153	0.02905	0.03087	A
154	0.00398	0.00411	G
155	0.02134	0.02135	C
156	0.01746	0.0175	C
157	0.01422	0.02299	A
158	0.00797	0.00825	T
159	0.0054	0.00611	G
160	0.03876	0.03938	C
161	0.03506	0.03562	A
162	0.03783	0.03851	C
163	0.00829	0.00896	T
164	0.02762	0.02873	A
165	0.03757	0.03826	C
166	0.0094	0.01112	T
167	0.02887	0.03204	C
168	0.02033	0.02116	A
169	0.05259	0.05259	C
170	0.0168	0.01738	C
171	0.01089	0.01986	A
172	0.00399	0.00419	G
173	0.01842	0.01917	A
174	0.02126	0.02157	C
175	0.00396	0.00425	G
176	0.0132	0.01321	C
177	0.00677	0.00677	C
178	0.00616	0.0091	T
179	0.03929	0.04044	C
180	0.02698	0.02914	A
181	0.03742	0.03762	A
182	0.04165	0.04173	C
183	0.0323	0.03306	C
184	0.00688	0.00795	G
185	0.01491	0.01491	C
186	0.01199	0.01207	C
187	0.00587	0.00592	T
188	0.00528	0.00529	T
189	0.00745	0.00745	T
190	0.00832	0.00832	T
191	0.01553	0.02277	C
192	0.02181	0.0222	A
193	0.00911	0.00964	T
194	0.02445	0.02467	C
195	0.01786	0.01824	A
196	0.02414	0.02523	A
197	0.01536	0.01612	T
198	0.05189	0.0537	C
199	0.01257	0.01289	G
200	0.02373	0.02377	C
201	0.01689	0.01689	C
202	0.02266	0.02279	C
203	0.01893	0.02378	A
204	0.03848	0.03939	C
205	0.02501	0.02792	A
206	0.01147	0.01314	T
207	0.03145	0.03218	C
208	0.02436	0.02502	A
209	0.03925	0.04053	C
210	0.01067	0.01098	T
211	0.03332	0.03352	C
212	0.00494	0.00504	G
213	0.01793	0.01984	A
214	0.00444	0.00461	G
215	0.01368	0.01378	A
216	0.01703	0.0175	C
217	0.00585	0.00599	G
218	0.00633	0.00761	T
219	0.00819	0.00837	A
220	0.02006	0.02007	A
221	0.02563	0.02581	A
222	0.00935	0.00955	T
223	0.0114	0.0123	T
224	0.01449	0.03079	A
225	0.00868	0.00947	T
226	0.00213	0.00214	G
227	0.00285	0.00287	G
228	0.01058	0.01082	C
229	0.00599	0.00615	T
230	0.00649	0.00685	G
231	0.01315	0.01376	A
232	0.01538	0.01538	A
233	0.00862	0.01102	T
234	0.03134	0.03264	C
235	0.03235	0.0334	A
236	0.01922	0.0208	T
237	0.02676	0.02732	C
238	0.02459	0.02524	C
239	0.00584	0.00728	G
240	0.02377	0.02706	C
241	0.01086	0.0115	T
242	0.02688	0.02725	A
243	0.04228	0.04236	C
244	0.0219	0.02252	C
245	0.00681	0.00687	T
246	0.00752	0.00804	T
247	0.01687	0.01829	C
248	0.02404	0.02743	A
249	0.03971	0.04006	C
250	0.00497	0.00538	G
251	0.00747	0.00747	C
252	0.0077	0.00772	C
253	0.01672	0.01676	A
254	0.03122	0.03126	A
255	0.01097	0.01174	T
256	0.00383	0.00383	G
257	0.00364	0.00364	G
258	0.01002	0.01033	C
259	0.00572	0.00585	G
260	0.02163	0.02165	C
261	0.00889	0.00893	C
262	0.00861	0.00965	T
263	0.01815	0.01837	C
264	0.0269	0.02731	A
265	0.02474	0.02484	A
266	0.01332	0.0135	T
267	0.03128	0.03256	A
268	0.01075	0.01079	T
269	0.01156	0.0116	T
270	0.02495	0.03699	C
271	0.01125	0.01125	T
272	0.01195	0.01195	T
273	0.00959	0.00961	T
274	0.01775	0.02011	A
275	0.00844	0.00882	T
276	0.03619	0.03696	C
277	0.00969	0.00976	T
278	0.00271	0.00315	G
279	0.00615	0.00615	C
280	0.00241	0.00253	C
281	0.00221	0.00291	T
282	0.00977	0.01049	C
283	0.00908	0.00908	T
284	0.00764	0.00776	T
285	0.01048	0.01048	C
286	0.00706	0.00709	C
287	0.008	0.00842	T
288	0.03085	0.03188	A
289	0.04332	0.04422	C
290	0.02831	0.03021	A
291	0.04699	0.04911	C
292	0.0272	0.02831	A
293	0.01185	0.01303	T
294	0.03757	0.04016	C
295	0.00325	0.00325	G
296	0.00226	0.00234	G
297	0.00733	0.00735	G
298	0.18684	0.2113	C
299	0.00437	0.00468	G
300	0.01064	0.01234	A
301	0.00385	0.00385	G
302	0.00284	0.00284	G
303	0.00826	0.00826	C
304	0.02224	0.02231	C
305	0.00781	0.00826	T
306	0.0161	0.01612	A
307	0.00877	0.00887	T
308	0.02171	0.02189	A
309	0.01047	0.01047	T
310	0.01058	0.01086	T
311	0.01642	0.03329	A
312	0.04037	0.04109	C
313	0.00444	0.00452	G
314	0.00409	0.00417	G
315	0.0195	0.02422	A
316	0.00938	0.01055	T
317	0.03164	0.0324	C
318	0.03897	0.04057	A
319	0.00677	0.00682	T
320	0.0084	0.00857	T
321	0.00918	0.00924	T
322	0.02573	0.02809	C
323	0.01177	0.01208	T
324	0.03526	0.03576	C
325	0.01226	0.01251	T
326	0.03157	0.03321	A
327	0.02945	0.02995	C
328	0.00935	0.0107	T
329	0.02879	0.02943	C
330	0.02177	0.0227	A
331	0.00721	0.00785	G
332	0.01733	0.01739	A
333	0.02186	0.02189	A
334	0.02809	0.02857	A
335	0.03257	0.03293	C
336	0.02045	0.02062	C
337	0.00998	0.01069	T
338	0.00728	0.00813	G
339	0.03222	0.03236	A
340	0.03083	0.03083	A
341	0.02855	0.02855	A
342	0.03342	0.03571	C
343	0.03038	0.03108	A
344	0.01394	0.0145	T
345	0.03832	0.03903	C
346	0.00411	0.00414	G
347	0.00357	0.00357	G
348	0.03055	0.03091	C
349	0.02731	0.02749	A
350	0.00878	0.00887	T
351	0.00951	0.00976	T
352	0.01253	0.03061	A
353	0.00947	0.01152	T
354	0.02208	0.0227	C
355	0.01861	0.01891	C
356	0.00635	0.00769	T
357	0.02497	0.02497	C
358	0.0148	0.01591	C
359	0.00738	0.00832	T
360	0.0047	0.00494	G
361	0.01656	0.01745	C
362	0.0068	0.00683	T
363	0.0059	0.006	T
364	0.00366	0.00539	G
365	0.02517	0.02734	C
366	0.03338	0.03356	A
367	0.03253	0.03256	A
368	0.03764	0.03791	C
369	0.01003	0.01036	T
370	0.0228	0.02935	A
371	0.01135	0.01148	T
372	0.02477	0.02487	A
373	0.00582	0.00631	G
374	0.01168	0.01231	C
375	0.02376	0.02379	A
376	0.02482	0.02531	A
377	0.03558	0.03648	C
378	0.01781	0.01827	A
379	0.00251	0.00274	G
380	0.01215	0.01215	C
381	0.00393	0.00393	C
382	0.00433	0.00439	T
383	0.01009	0.01015	T
384	0.03989	0.04254	C
385	0.03378	0.03564	A
386	0.01458	0.01668	T
387	0.01747	0.02018	A
388	0.002	0.002	G
389	0.00222	0.00222	G
390	0.00725	0.0076	C
391	0.0037	0.0037	T
392	0.03193	0.03234	A
393	0.01004	0.01024	T
394	0.0062	0.0062	G
395	0.00614	0.00709	T
396	0.0106	0.0106	C
397	0.01055	0.01058	C
398	0.0059	0.00698	T
399	0.01596	0.01596	C
400	0.0318	0.0318	C
401	0.03298	0.03311	C
402	0.00555	0.00678	G
403	0.0131	0.01511	T
404	0.00319	0.00377	G
405	0.01575	0.01715	A
406	0.0052	0.0052	G
407	0.00284	0.00284	G
408	0.02803	0.02889	C
409	0.02304	0.02333	C
410	0.01373	0.01376	A
411	0.02382	0.02382	A
412	0.02084	0.02093	A
413	0.0097	0.01107	T
414	0.02869	0.02893	A
415	0.00934	0.01022	T
416	0.03845	0.03897	C
417	0.03628	0.0367	A
418	0.00882	0.00884	T
419	0.0087	0.00885	T
420	0.0219	0.02542	C
421	0.00778	0.00801	T
422	0.00321	0.00416	G
423	0.02549	0.02599	A
424	0.0052	0.0052	G
425	0.00334	0.00334	G
426	0.00508	0.00508	G
427	0.00649	0.00649	G
428	0.01635	0.01638	C
429	0.02498	0.02519	C
430	0.02746	0.03859	A
431	0.03434	0.03445	C
432	0.0166	0.01722	A
433	0.00749	0.00761	G
434	0.00593	0.00711	T
435	0.00786	0.00786	A
436	0.01484	0.01484	A
437	0.00773	0.00789	T
438	0.0116	0.01172	T
439	0.01014	0.0272	A
440	0.04867	0.04979	C
441	0.03459	0.03471	A
442	0.02575	0.02583	A
443	0.02327	0.0242	A
444	0.04548	0.04981	C
445	0.00822	0.00848	T
446	0.00749	0.00759	T
447	0.00945	0.02051	A
448	0.02606	0.02668	C
449	0.0074	0.00771	T
450	0.03032	0.03218	A
451	0.00816	0.00948	T
452	0.03639	0.03684	C
453	0.0328	0.03347	C
454	0.00439	0.00521	G
455	0.02594	0.02594	C
456	0.01226	0.01228	C
457	0.0221	0.0328	A
458	0.00809	0.00966	T
459	0.01965	0.01976	C
460	0.01964	0.01966	C
461	0.01845	0.0187	C
462	0.00692	0.02831	A
463	0.0112	0.0116	T
464	0.03019	0.03057	A
465	0.04665	0.04706	C
466	0.03399	0.03444	A
467	0.00963	0.00979	T
468	0.00875	0.00875	T
469	0.00313	0.00313	G
470	0.00453	0.00453	G
471	0.00178	0.00178	G
472	0.96516	0.97141	A
473	0.02337	0.0237	C
474	0.01926	0.02182	A
475	0.0036	0.00376	G
476	0.02023	0.02048	A
477	0.03919	0.03919	C
478	0.03429	0.0343	C
479	0.00935	0.00947	T
480	0.02117	0.02221	A
481	0.00421	0.00421	G
482	0.00703	0.00706	T
483	0.0097	0.0097	T
484	0.04363	0.04458	C
485	0.028	0.02822	A
486	0.02321	0.02324	A
487	0.00853	0.0087	T
488	0.00349	0.00367	G
489	0.0126	0.0127	A
490	0.01133	0.01156	A
491	0.0043	0.0044	T
492	0.01011	0.01025	C
493	0.00507	0.00507	T
494	0.00294	0.00317	G
495	0.01419	0.01434	A
496	0.00279	0.00279	G
497	0.00316	0.00321	G
498	0.02083	0.02713	A
499	0.00293	0.00293	G
500	0.00336	0.00338	G
501	0.01595	0.01724	C
502	0.00598	0.00625	T
503	0.02335	0.02406	A
504	0.02484	0.02496	C
505	0.00841	0.01096	T
506	0.03021	0.03048	C
507	0.03973	0.04053	A
508	0.00618	0.00623	G
509	0.01005	0.01075	T
510	0.02956	0.0303	A
511	0.00369	0.0038	G
512	0.0336	0.03406	A
513	0.04273	0.04301	C
514	0.02397	0.02466	A
515	0.00503	0.00557	G
516	0.00868	0.00959	T
517	0.01887	0.01902	C
518	0.01285	0.01296	C
519	0.01478	0.01489	C
520	0.02716	0.04261	A
521	0.03712	0.03712	C
522	0.00505	0.00505	C
523	0.00583	0.00603	C
524	0.00407	0.01036	T
525	0.00968	0.0099	C
526	0.01913	0.02588	A
527	0.05451	0.05556	C
528	0.03127	0.03184	A
529	0.04223	0.04282	C
530	0.00462	0.00477	G
531	0.01382	0.01398	A
532	0.00408	0.00413	T
533	0.00441	0.00444	T
534	0.01056	0.01482	C
535	0.00664	0.00664	T
536	0.0087	0.0087	T
537	0.01013	0.0102	T
538	0.02456	0.0313	A
539	0.04443	0.04451	C
540	0.03453	0.03459	C
541	0.00519	0.00522	T
542	0.01017	0.01023	T
543	0.01192	0.01193	T
544	0.03729	0.04037	C
545	0.03	0.03107	A
546	0.03897	0.03995	C
547	0.00841	0.00892	T
548	0.00962	0.01152	T
549	0.03741	0.0415	C
550	0.03682	0.03932	A
551	0.00806	0.00873	T
552	0.02497	0.02547	C
553	0.00913	0.00915	T
554	0.01034	0.01051	T
555	0.00436	0.00561	G
556	0.01702	0.01707	C
557	0.00994	0.00997	C
558	0.01253	0.01253	C
559	0.00582	0.00593	T
560	0.00964	0.00974	T
561	0.03302	0.03542	C
562	0.02525	0.0255	A
563	0.0091	0.00914	T
564	0.00776	0.00786	T
565	0.01321	0.02868	A
566	0.00931	0.00932	T
567	0.00942	0.00952	T
568	0.00489	0.00898	G
569	0.02389	0.02658	C
570	0.03319	0.03499	A
571	0.0057	0.00633	G
572	0.02144	0.02147	C
573	0.01577	0.01593	C
574	0.017	0.01702	C
575	0.00731	0.00776	T
576	0.03294	0.03378	A
577	0.00513	0.0061	G
578	0.02482	0.02528	C
579	0.02836	0.0286	A
580	0.95901	0.95944	A
581	0.02938	0.02962	C
582	0.02092	0.02443	A
583	0.02356	0.02397	C
584	0.007	0.00783	T
585	0.02074	0.02076	C
586	0.0171	0.01731	C
587	0.01528	0.0195	A
588	0.02329	0.02329	C
589	0.01473	0.0154	C
590	0.00492	0.00625	T
591	0.03457	0.03457	C
592	0.01691	0.01779	C
593	0.00562	0.00584	T
594	0.02232	0.02456	A
595	0.00782	0.00782	T
596	0.00667	0.00678	T
597	0.01848	0.02162	C
598	0.0096	0.0096	T
599	0.00927	0.00928	T
600	0.00516	0.00667	G
601	0.02498	0.02536	C
602	0.02622	0.02638	A
603	0.04093	0.04126	C
604	0.00599	0.00628	G
605	0.01824	0.01844	A
606	0.02632	0.02684	A
607	0.03191	0.03205	A
608	0.04201	0.04586	C
609	0.00279	0.0028	G
610	0.00303	0.00303	G
611	0.00305	0.00316	G
612	0.01816	0.02157	A
613	0.00963	0.0116	T
614	0.03921	0.04033	C
615	0.0341	0.03437	A
616	0.02979	0.03035	A
617	0.02746	0.02767	A
618	0.04376	0.04854	C
619	0.02598	0.02599	A
620	0.01875	0.02682	A
621	0.01775	0.0179	C
622	0.01209	0.01234	C
623	0.01347	0.01349	C
624	0.01802	0.01802	C
625	0.02026	0.02028	C
626	0.00871	0.00895	T
627	0.04003	0.04039	A
628	0.00253	0.00256	G
629	0.00312	0.00312	G
630	0.01033	0.0104	A
631	0.01681	0.01688	A
632	0.00815	0.00926	T
633	0.03835	0.03888	C
634	0.03334	0.03368	A
635	0.03782	0.03791	C
636	0.01934	0.01972	C
637	0.00564	0.0083	T
638	0.02847	0.02852	C
639	0.02669	0.02669	C
640	0.02541	0.02562	C
641	0.02887	0.03222	A
642	0.00602	0.00607	T
643	0.00419	0.0042	T
644	0.01588	0.01588	C
645	0.01575	0.01576	C
646	0.00585	0.0068	G
647	0.03109	0.0316	A
648	0.0115	0.01275	T
649	0.02221	0.02232	A
650	0.01331	0.01338	A
651	0.02636	0.02642	A
652	0.03214	0.03285	A
653	0.01247	0.0162	T
654	0.03396	0.03492	C
655	0.02697	0.02732	A
656	0.04695	0.04729	C
657	0.02878	0.02902	C
658	0.01239	0.01507	T
659	0.01111	0.01137	T
660	0.03225	0.03237	C
661	0.02008	0.02039	C
662	0.01049	0.02256	A
663	0.03424	0.03426	C
664	0.02174	0.02182	C
665	0.0212	0.02163	C
666	0.00992	0.0102	T
667	0.01068	0.01078	T
668	0.01717	0.0302	A
669	0.0358	0.03638	C
670	0.01171	0.01276	T
671	0.0367	0.03834	A
672	0.04246	0.0436	C
673	0.02078	0.02217	A
674	0.0431	0.04489	C
675	0.02584	0.02589	A
676	0.02873	0.02922	A
677	0.01178	0.0129	T
678	0.03645	0.03706	C
679	0.02468	0.02473	A
680	0.02555	0.02593	A
681	0.02756	0.02805	A
682	0.00438	0.00468	G
683	0.02972	0.03045	A
684	0.03713	0.0379	C
685	0.00552	0.00579	G
686	0.01414	0.01414	C
687	0.006	0.006	C
688	0.02288	0.02299	C
689	0.00877	0.00987	T
690	0.03915	0.03963	C
691	0.00299	0.00339	G
692	0.00359	0.0036	G
693	0.02035	0.02061	C
694	0.0077	0.00776	T
695	0.00857	0.0086	T
696	0.01626	0.02934	A
697	0.04418	0.04465	C
698	0.01029	0.01039	T
699	0.00998	0.0101	T
700	0.02727	0.03452	C
701	0.01129	0.01184	T
702	0.0392	0.04232	C
703	0.01061	0.01063	T
704	0.00912	0.00944	T
705	0.0323	0.03237	C
706	0.02968	0.03025	C
707	0.00993	0.00998	T
708	0.01283	0.01301	T
709	0.02724	0.03251	C
710	0.0114	0.01212	T
711	0.0337	0.035	C
712	0.01014	0.01145	T
713	0.02886	0.02886	C
714	0.02469	0.02554	C
715	0.01092	0.01092	T
716	0.01126	0.01139	T
717	0.01298	0.01371	A
718	0.02114	0.02124	A
719	0.00854	0.01024	T
720	0.93767	0.93996	G
721	0.01923	0.02076	A
722	0.03887	0.04108	C
723	0.0283	0.02862	A
724	0.0113	0.01142	T
725	0.01373	0.0143	T
726	0.02048	0.02074	A
727	0.02114	0.02158	A
728	0.04017	0.04115	C
729	0.03362	0.03392	A
730	0.03788	0.03887	C
731	0.00978	0.01014	T
732	0.03002	0.03187	A
733	0.01049	0.01056	T
734	0.00957	0.0098	T
735	0.02316	0.02561	C
736	0.01048	0.01258	T
737	0.02451	0.02562	C
738	0.02144	0.02276	A
739	0.03359	0.03362	C
740	0.01404	0.01433	C
741	0.02058	0.0352	A
742	0.00652	0.00722	G
743	0.02504	0.02513	A
744	0.03225	0.03228	C
745	0.01425	0.01459	C
746	0.00625	0.00749	T
747	0.02499	0.02499	C
748	0.01213	0.01265	C
749	0.00729	0.0079	T
750	0.0211	0.02341	A
751	0.00199	0.00199	G
752	0.00399	0.00408	G
753	0.02118	0.02162	C
754	0.00576	0.00682	G
755	0.02001	0.02286	A
756	0.04251	0.04262	C
757	0.02419	0.02436	C
758	0.02856	0.02868	C
759	0.01699	0.03614	A
760	0.0059	0.00608	G
761	0.02504	0.02519	A
762	0.04415	0.04455	C
763	0.02162	0.02168	A
764	0.02673	0.02702	A
765	0.01046	0.01064	T
766	0.01098	0.01126	T
767	0.01621	0.03418	A
768	0.01315	0.0146	T
769	0.03009	0.03342	A
770	0.04328	0.04387	C
771	0.02016	0.02026	C
772	0.0074	0.00748	C
773	0.00898	0.00957	T
774	0.02759	0.02827	A
775	0.00731	0.0077	G
776	0.03746	0.03756	C
777	0.02446	0.02549	C
778	0.01438	0.01468	A
779	0.01546	0.0171	A
780	0.01918	0.01926	C
781	0.02188	0.02205	C
782	0.01707	0.01721	C
783	0.01777	0.01785	C
784	0.00826	0.00842	T
785	0.00939	0.00953	T
786	0.02104	0.0214	A
787	0.02511	0.02526	A
788	0.04444	0.04466	A
789	0.03938	0.04253	C
790	0.03355	0.03807	A
791	0.03076	0.03088	C
792	0.02165	0.02169	C
793	0.01673	0.01678	C
794	0.01415	0.01438	C
795	0.00911	0.01225	T
796	0.02022	0.02022	C
797	0.0176	0.01761	C
798	0.02242	0.02242	C
799	0.02194	0.02209	C
800	0.01687	0.01993	A
801	0.02794	0.02891	C
802	0.02247	0.02439	A
803	0.00944	0.01055	T
804	0.03064	0.03127	C
805	0.02764	0.02778	A
806	0.03587	0.03674	A
807	0.00613	0.00702	G
808	0.02567	0.02575	C
809	0.01932	0.01932	C
810	0.01545	0.01545	C
811	0.01019	0.01078	G
812	0.01822	0.01835	A
813	0.02058	0.02089	A
814	0.00893	0.00923	T
815	0.00515	0.00577	G
816	0.02354	0.024	A
817	0.00947	0.00959	T
818	0.02894	0.02972	A
819	0.00764	0.00764	T
820	0.01133	0.01143	T
821	0.0078	0.0078	T
822	0.03701	0.03705	C
823	0.02479	0.02482	C
824	0.00976	0.01019	T
825	0.03018	0.03327	A
826	0.00944	0.00944	T
827	0.00932	0.00967	T
828	0.02217	0.02585	C
829	0.00577	0.00588	G
830	0.03519	0.03522	C
831	0.01005	0.0101	C
832	0.0079	0.00868	T
833	0.02535	0.02606	A
834	0.04068	0.04191	C
835	0.02446	0.02543	A
836	0.04743	0.04899	C
837	0.02782	0.02789	A
838	0.03495	0.03527	A
839	0.01032	0.01074	T
840	0.01021	0.01029	T
841	0.0206	0.02786	C
842	0.01123	0.01219	T
843	0.03323	0.03323	C
844	0.02723	0.02731	C
845	0.00775	0.00988	G
846	0.02417	0.0249	A
847	0.00856	0.00936	T
848	0.03376	0.03379	C
849	0.02263	0.02295	C
850	0.00738	0.00869	G
851	0.01082	0.01184	T
852	0.01606	0.01618	C
853	0.01983	0.01985	C
854	0.01664	0.0167	C
855	0.01014	0.01137	T
856	0.02016	0.02052	A
857	0.02184	0.02193	A
858	0.03974	0.04068	C
859	0.02582	0.02594	A
860	0.02463	0.02465	A
861	0.03361	0.03408	A
862	0.02771	0.03009	C
863	0.00557	0.00574	T
864	0.0134	0.01361	A
865	0.0021	0.00214	G
866	0.00187	0.00197	G
867	0.01759	0.02148	A
868	0.00297	0.00297	G
869	0.00289	0.00291	G
870	0.02051	0.02107	C
871	0.00873	0.00896	G
872	0.00875	0.00994	T
873	0.02709	0.0273	C
874	0.02227	0.02232	C
875	0.01099	0.01107	T
876	0.01316	0.01331	T
877	0.00635	0.00824	G
878	0.02628	0.02637	C
879	0.01796	0.01801	C
880	0.02069	0.02072	C
881	0.00941	0.00996	T
882	0.02779	0.02897	A
883	0.01286	0.01289	T
884	0.01153	0.01201	T
885	0.01555	0.03282	A
886	0.04422	0.0453	C
887	0.01019	0.01094	T
888	0.03128	0.03328	A
889	0.01217	0.01458	T
890	0.03699	0.03732	C
891	0.01992	0.02033	C
892	0.01959	0.0286	A
893	0.00976	0.01135	T
894	0.02832	0.02854	C
895	0.02364	0.02424	C
896	0.00931	0.01223	T
897	0.02793	0.03013	C
898	0.01425	0.02281	A
899	0.01173	0.01386	T
900	0.02557	0.02568	C
901	0.01749	0.01801	C
902	0.00985	0.01025	T
903	0.02578	0.0267	A
904	0.00438	0.00463	G
905	0.03105	0.03165	C
906	0.02478	0.02495	A
907	0.02578	0.02613	A
908	0.01128	0.01268	T
909	0.02601	0.02601	A
910	0.02395	0.0284	A
911	0.01757	0.01998	T
912	0.03939	0.0415	C
913	0.0217	0.02182	C
914	0.01763	0.01777	C
915	0.01575	0.01577	C
916	0.02449	0.03358	A
917	0.02639	0.02845	T
918	0.02226	0.02243	C
919	0.0117	0.01187	C
920	0.00788	0.00938	T
921	0.0218	0.02184	C
922	0.01869	0.01892	C
923	0.02051	0.02659	A
924	0.01198	0.01217	T
925	0.02974	0.03127	A
926	0.01343	0.0144	T
927	0.024	0.02531	A
928	0.01508	0.01786	T
929	0.03104	0.03145	C
930	0.02641	0.0267	C
931	0.01417	0.01425	A
932	0.02286	0.02301	A
933	0.02226	0.02232	A
934	0.04101	0.04492	C
935	0.02101	0.02104	A
936	0.01673	0.01693	A
937	0.03836	0.03995	C
938	0.02348	0.02348	A
939	0.02228	0.02228	A
940	0.03147	0.03189	A
941	0.00895	0.01048	G
942	0.02805	0.02828	C
943	0.02567	0.02618	A
944	0.0083	0.0109	T
945	0.02469	0.02469	A
946	0.02216	0.02465	A
947	0.01238	0.01266	T
948	0.02864	0.03007	A
949	0.00748	0.00748	T
950	0.0115	0.0115	T
951	0.01335	0.01339	T
952	0.04059	0.04259	C
953	0.00863	0.00935	G
954	0.01798	0.01798	C
955	0.01275	0.01277	C
956	0.01394	0.01396	C
957	0.01561	0.02034	A
958	0.02789	0.02838	C
959	0.00906	0.01113	T
960	0.01332	0.01345	A
961	0.02417	0.02503	A
962	0.00463	0.00534	G
963	0.02085	0.02085	C
964	0.02265	0.02267	C
965	0.01091	0.01093	A
966	0.02414	0.02427	A
967	0.01277	0.01429	T
968	0.02704	0.02733	C
969	0.01866	0.0189	A
970	0.03137	0.03262	C
971	0.01239	0.01253	T
972	0.0119	0.01194	T
973	0.01311	0.01347	T
974	0.01604	0.01881	A
975	0.01204	0.01204	T
976	0.01087	0.01103	T
977	0.00634	0.00687	G
978	0.02377	0.02435	A
979	0.01796	0.01802	C
980	0.008	0.00892	T
981	0.02513	0.02517	C
982	0.01024	0.01078	C
983	0.00955	0.00997	T
984	0.02676	0.02979	A
985	0.00599	0.00621	G
986	0.02756	0.02756	C
987	0.02415	0.02435	C
988	0.00835	0.01134	G
989	0.03013	0.03107	C
990	0.03089	0.03371	A
991	0.00732	0.0074	G
992	0.03692	0.03781	A
993	0.00579	0.00585	C
994	0.00382	0.00387	C
995	0.00237	0.00274	T
996	0.00471	0.00471	C
997	0.00419	0.00438	C
998	0.0133	0.01418	T
999	0.03647	0.0369	C
1000	0.01197	0.0149	A
1001	0.00286	0.00286	T
1002	0.00365	0.00375	T
1003	0.00709	0.00942	C
1004	0.01209	0.0139	T
1005	0.03084	0.03173	A
1006	0.03336	0.03372	A
1007	0.05872	0.05889	C
1008	0.03253	0.03302	C
1009	0.01352	0.01439	T
1010	0.00417	0.00425	G
1011	0.00898	0.00904	A
1012	0.00876	0.00887	A
1013	0.00679	0.00708	T
1014	0.06838	0.06892	C
1015	0.00276	0.00276	G
1016	0.00279	0.00281	G
1017	0.00652	0.0072	A
1018	0.00352	0.00352	G
1019	0.00301	0.00306	G
1020	0.02213	0.03684	A
1021	0.04004	0.04447	C
1022	0.0276	0.0276	A
1023	0.02622	0.02653	A
1024	0.03511	0.03516	C
1025	0.02328	0.02328	C
1026	0.02294	0.02872	A
1027	0.00886	0.00924	G
1028	0.00783	0.01286	T
1029	0.02949	0.02955	A
1030	0.03341	0.03387	A
1031	0.00366	0.00383	G
1032	0.00729	0.00812	C
1033	0.00678	0.00745	T
1034	0.00921	0.00946	A
1035	0.01124	0.01145	C
1036	0.01288	0.01296	C
1037	0.02118	0.02141	C
1038	0.00764	0.00764	T
1039	0.01056	0.01067	T
1040	0.01162	0.01162	T
1041	0.01186	0.01186	T
1042	0.03333	0.04421	A
1043	0.02139	0.02152	C
1044	0.00965	0.00967	C
1045	0.01793	0.02058	A
1046	0.0144	0.01525	T
1047	0.03671	0.03717	C
1048	0.03498	0.03618	A
1049	0.01223	0.01228	T
1050	0.00831	0.00853	T
1051	0.00381	0.00388	G
1052	0.00218	0.0022	G
1053	0.0205	0.03109	A
1054	0.04815	0.04865	C
1055	0.0297	0.0297	A
1056	0.04022	0.0408	A
1057	0.00398	0.00419	G
1058	0.00321	0.00399	T
1059	0.00847	0.00859	A
1060	0.01223	0.01313	G
1061	0.00854	0.00913	C
1062	0.04114	0.04259	A
1063	0.01027	0.01368	T
1064	0.02689	0.02691	C
1065	0.02653	0.02676	C
1066	0.00882	0.01103	G
1067	0.00997	0.01024	T
1068	0.02652	0.02666	A
1069	0.03281	0.03347	C
1070	0.01162	0.01201	T
1071	0.02805	0.02987	A
1072	0.01126	0.01163	T
1073	0.02299	0.02399	A
1074	0.03384	0.03601	C
1075	0.01017	0.01021	T
1076	0.01095	0.01135	T
1077	0.02696	0.02895	C
1078	0.02037	0.02109	A
1079	0.03582	0.03855	C
1080	0.02266	0.02305	A
1081	0.02372	0.02413	A
1082	0.04177	0.04344	C
1083	0.02305	0.02305	A
1084	0.0232	0.0244	A
1085	0.01332	0.015	T
1086	0.02746	0.02752	C
1087	0.0159	0.01625	C
1088	0.01025	0.01262	T
1089	0.00873	0.00974	A
1090	0.01982	0.02014	A
1091	0.01191	0.01371	T
1092	0.02822	0.02828	C
1093	0.01752	0.0177	C
1094	0.01044	0.01206	T
1095	0.02172	0.02232	A
1096	0.02121	0.02181	A
1097	0.01605	0.01821	T
1098	0.02441	0.02509	A
1099	0.03695	0.0378	C
1100	0.02693	0.02716	C
1101	0.01329	0.01353	A
1102	0.02099	0.02103	A
1103	0.03011	0.03101	C
1104	0.01172	0.01234	T
1105	0.0229	0.02375	A
1106	0.01293	0.01386	T
1107	0.02556	0.02678	C
1108	0.01917	0.02165	T
1109	0.01882	0.01892	C
1110	0.01703	0.01713	C
1111	0.01339	0.01379	C
1112	0.01207	0.01428	T
1113	0.01421	0.01456	A
1114	0.02244	0.0227	A
1115	0.01536	0.01536	T
1116	0.00909	0.00925	T
1117	0.00865	0.01089	G
1118	0.01691	0.01696	A
1119	0.0135	0.0135	A
1120	0.0201	0.0201	A
1121	0.01446	0.01462	A
1122	0.04888	0.06433	C
1123	0.01703	0.01703	A
1124	0.01191	0.01191	A
1125	0.01917	0.01917	A
1126	0.01556	0.01568	A
1127	0.01221	0.01403	T
1128	0.01554	0.01573	A
1129	0.03071	0.0313	C
1130	0.00943	0.0095	T
1131	0.02032	0.02146	C
1132	0.00574	0.00574	A
1133	0.01236	0.01236	A
1134	0.03181	0.03181	A
1135	0.06424	0.0698	T
1136	0.01956	0.01956	G
1137	0.00473	0.00473	G
1138	0.00447	0.00447	G
1139	0.01349	0.01349	C
1140	0.00644	0.00644	C
1141	0.00011	0.00011	T
1142	0.0	0.0	A
1143	0.0	0.0	A
