Position	Mismatches	Mismatches + Deletions	Base
1	0.0	0.0	A
2	0.0	0.0	T
3	0.0	0.0	G
4	0.02219	0.02219	A
5	0.00626	0.00626	T
6	0.00395	0.00398	G
7	0.0044	0.00558	T
8	0.02401	0.02459	A
9	0.0071	0.00715	T
10	0.00237	0.00249	G
11	0.03609	0.03638	C
12	0.00482	0.00484	T
13	0.00671	0.00678	T
14	0.0071	0.00711	T
15	0.00291	0.00381	G
16	0.00456	0.00456	T
17	0.00833	0.00833	T
18	0.00908	0.0091	T
19	0.03341	0.03529	C
20	0.0088	0.00884	T
21	0.00408	0.00592	G
22	0.00894	0.00894	T
23	0.00897	0.00904	T
24	0.0031	0.00336	G
25	0.02861	0.02921	A
26	0.00427	0.00429	G
27	0.0076	0.00862	T
28	0.00491	0.00567	G
29	0.00716	0.00832	T
30	0.00307	0.00307	G
31	0.00261	0.00261	G
32	0.00417	0.00421	G
33	0.00571	0.00571	T
34	0.00858	0.0086	T
35	0.00884	0.0089	T
36	0.02824	0.0326	A
37	0.00407	0.00415	G
38	0.00854	0.00896	T
39	0.03261	0.03282	A
40	0.0329	0.03313	A
41	0.00877	0.00901	T
42	0.00369	0.00375	G
43	0.00248	0.00249	G
44	0.00275	0.00275	G
45	0.00386	0.00388	G
46	0.00483	0.00485	T
47	0.00857	0.0086	T
48	0.00945	0.00946	T
49	0.00404	0.00474	G
50	0.00857	0.00995	T
51	0.00558	0.00559	G
52	0.00239	0.00239	G
53	0.00416	0.00417	G
54	0.00697	0.00705	G
55	0.00417	0.00419	T
56	0.00325	0.00326	T
57	0.00772	0.00773	T
58	0.00746	0.00746	T
59	0.02316	0.03081	C
60	0.00635	0.00635	T
61	0.00494	0.00497	T
62	0.00961	0.01327	C
63	0.00269	0.00314	T
64	0.0049	0.00532	A
65	0.01225	0.01233	A
66	0.00191	0.00218	G
67	0.00884	0.00887	C
68	0.00635	0.00639	C
69	0.00279	0.00287	T
70	0.00541	0.00551	T
71	0.01157	0.01582	C
72	0.00571	0.00588	T
73	0.03418	0.03421	C
74	0.02061	0.02195	C
75	0.0063	0.00669	T
76	0.03616	0.03943	A
77	0.0094	0.00941	T
78	0.0107	0.0107	T
79	0.01048	0.01054	T
80	0.01522	0.0171	A
81	0.01013	0.01026	T
82	0.00193	0.00198	G
83	0.00133	0.00134	G
84	0.00128	0.00128	G
85	0.00219	0.00219	G
86	0.00471	0.00472	G
87	0.00224	0.00224	T
88	0.00296	0.00296	T
89	0.00295	0.00296	T
90	0.01262	0.0139	A
91	0.00277	0.00281	G
92	0.00692	0.00774	T
93	0.03349	0.03415	A
94	0.01044	0.01045	T
95	0.01008	0.01013	T
96	0.00344	0.00407	G
97	0.03665	0.03751	A
98	0.01002	0.01007	T
99	0.01054	0.01072	T
100	0.00419	0.00609	G
101	0.00869	0.0087	T
102	0.01087	0.01097	T
103	0.03154	0.04196	A
104	0.00478	0.00498	G
105	0.03755	0.03801	C
106	0.00605	0.00605	G
107	0.00353	0.004	G
108	0.00593	0.00619	T
109	0.00587	0.00618	G
110	0.00963	0.0101	T
111	0.00576	0.00577	G
112	0.00326	0.00344	G
113	0.00928	0.01016	T
114	0.04282	0.0434	C
115	0.00642	0.00647	G
116	0.00453	0.00457	G
117	0.00372	0.00381	G
118	0.00503	0.00625	T
119	0.0034	0.00354	G
120	0.00825	0.00843	T
121	0.0039	0.00404	G
122	0.00879	0.0088	T
123	0.00861	0.0087	T
124	0.01426	0.03186	A
125	0.01006	0.01006	T
126	0.0099	0.01007	T
127	0.01462	0.0418	A
128	0.01051	0.01051	T
129	0.01042	0.01065	T
130	0.03998	0.04696	C
131	0.01166	0.01177	T
132	0.00933	0.01045	G
133	0.02212	0.02271	A
134	0.0281	0.02947	A
135	0.00443	0.00445	T
136	0.00697	0.00701	T
137	0.01581	0.01584	T
138	0.02654	0.02656	T
139	0.00893	0.00909	G
140	0.00502	0.00504	G
141	0.00335	0.00335	G
142	0.00398	0.004	G
143	0.00451	0.00458	G
144	0.02769	0.03376	A
145	0.00527	0.00529	G
146	0.00356	0.00362	G
147	0.00613	0.0062	T
148	0.00888	0.00895	T
149	0.01582	0.02679	A
150	0.01222	0.01248	T
151	0.06195	0.06426	A
152	0.02381	0.02445	T
153	0.00413	0.00424	G
154	0.0029	0.003	G
155	0.00326	0.00336	G
156	0.00713	0.00717	T
157	0.00849	0.0085	T
158	0.00902	0.0092	T
159	0.02645	0.02682	A
160	0.03292	0.03373	A
161	0.01167	0.012	T
162	0.02631	0.02744	A
163	0.00351	0.00463	G
164	0.00121	0.00126	T
165	0.00076	0.00081	T
166	0.00148	0.00152	T
167	0.00462	0.00468	T
168	0.00916	0.00921	T
169	0.00717	0.00722	T
170	0.0076	0.00791	T
171	0.01502	0.01752	A
172	0.0231	0.02485	A
173	0.00794	0.00796	T
174	0.0084	0.00848	T
175	0.00811	0.00818	T
176	0.0132	0.0203	A
177	0.00734	0.00734	T
178	0.01	0.01001	T
179	0.01712	0.01732	T
180	0.07122	0.07513	A
181	0.02293	0.023	G
182	0.00622	0.00623	G
183	0.00261	0.00263	G
184	0.00286	0.00288	G
185	0.00499	0.005	G
186	0.03982	0.04017	A
187	0.03197	0.03211	A
188	0.01034	0.01066	T
189	0.00316	0.00491	G
190	0.04209	0.04282	A
191	0.01152	0.01163	T
192	0.00567	0.00569	G
193	0.00545	0.00553	G
194	0.0077	0.00772	T
195	0.00538	0.0054	T
196	0.00426	0.0048	G
197	0.00307	0.00313	T
198	0.01048	0.01093	C
199	0.0032	0.0032	T
200	0.00554	0.00554	T
201	0.00469	0.00469	T
202	0.00198	0.00199	G
203	0.00196	0.00201	G
204	0.00736	0.01269	A
205	0.00404	0.00413	T
206	0.01372	0.01424	A
207	0.00601	0.00626	T
208	0.03783	0.03828	A
209	0.03108	0.03239	C
210	0.00531	0.00611	T
211	0.03397	0.03624	A
212	0.03942	0.04026	C
213	0.02015	0.02133	A
214	0.00288	0.003	G
215	0.02041	0.02109	C
216	0.00644	0.00761	G
217	0.04194	0.0481	A
218	0.01446	0.01485	T
219	0.00438	0.00438	G
220	0.00257	0.00259	G
221	0.01156	0.01239	C
222	0.00337	0.00345	T
223	0.04046	0.0414	A
224	0.00899	0.009	T
225	0.00854	0.00856	T
226	0.00387	0.00432	G
227	0.02167	0.02269	A
228	0.00296	0.00297	G
229	0.00246	0.0025	G
230	0.02822	0.04121	A
231	0.00578	0.00601	G
232	0.00405	0.00497	T
233	0.01308	0.01333	A
234	0.00314	0.0032	T
235	0.00981	0.00984	C
236	0.00804	0.00811	C
237	0.00294	0.00334	T
238	0.00186	0.00287	G
239	0.01146	0.01187	A
240	0.00306	0.00306	G
241	0.00229	0.0023	G
242	0.01069	0.01085	C
243	0.0209	0.02148	A
244	0.01402	0.01436	T
245	0.00422	0.00428	G
246	0.00333	0.00359	G
247	0.00321	0.00323	G
248	0.00381	0.00382	G
249	0.00516	0.00518	G
250	0.00876	0.01152	T
251	0.04908	0.04951	C
252	0.04001	0.041	A
253	0.00474	0.00476	G
254	0.00299	0.003	G
255	0.00442	0.00443	G
256	0.00624	0.00626	G
257	0.00775	0.0078	T
258	0.01046	0.01052	T
259	0.00404	0.00459	G
260	0.03887	0.03938	A
261	0.00656	0.00657	G
262	0.00492	0.00496	G
263	0.00821	0.00863	T
264	0.04226	0.04251	C
265	0.01031	0.01032	T
266	0.01095	0.01099	T
267	0.00467	0.00477	G
268	0.00434	0.00438	G
269	0.0064	0.00659	T
270	0.00365	0.00393	G
271	0.03122	0.032	A
272	0.00447	0.00452	G
273	0.00791	0.00821	T
274	0.00359	0.00373	G
275	0.0036	0.00361	T
276	0.00685	0.00686	T
277	0.00729	0.00729	T
278	0.00952	0.00952	T
279	0.03103	0.0421	A
280	0.00739	0.00762	G
281	0.01204	0.0136	T
282	0.00515	0.00516	G
283	0.00278	0.00279	G
284	0.00369	0.0037	G
285	0.00658	0.00661	G
286	0.01012	0.0102	T
287	0.02577	0.02619	T
288	0.02821	0.03863	A
289	0.0038	0.00387	G
290	0.03813	0.03915	C
291	0.00486	0.00595	G
292	0.03639	0.0389	A
293	0.01248	0.01272	T
294	0.00534	0.00538	G
295	0.00417	0.00427	G
296	0.02605	0.03026	A
297	0.00524	0.00524	G
298	0.00468	0.00475	G
299	0.00793	0.00824	T
300	0.0307	0.03107	A
301	0.00471	0.00474	G
302	0.00296	0.00297	G
303	0.0367	0.04409	A
304	0.01193	0.01203	T
305	0.0112	0.01124	T
306	0.0055	0.00553	G
307	0.00356	0.00362	G
308	0.00578	0.00602	T
309	0.00426	0.00432	G
310	0.04474	0.04531	C
311	0.011	0.01121	T
312	0.00592	0.00715	G
313	0.01141	0.01237	T
314	0.00514	0.00515	G
315	0.00301	0.00303	G
316	0.00416	0.00418	G
317	0.0064	0.0081	T
318	0.00558	0.00646	G
319	0.03015	0.03062	A
320	0.03509	0.03522	A
321	0.04199	0.042	A
322	0.00384	0.00405	G
323	0.04004	0.04038	A
324	0.00607	0.00624	G
325	0.00837	0.00929	T
326	0.03474	0.0351	A
327	0.01004	0.01023	T
328	0.00403	0.00681	G
329	0.05142	0.05285	A
330	0.01277	0.01311	T
331	0.0047	0.00473	G
332	0.00259	0.00264	G
333	0.00364	0.00365	G
334	0.00441	0.00442	G
335	0.00766	0.01044	T
336	0.00691	0.00692	G
337	0.00359	0.00377	G
338	0.00764	0.00791	T
339	0.00436	0.00436	G
340	0.00434	0.00464	G
341	0.00884	0.00887	T
342	0.01092	0.01097	T
343	0.00515	0.0058	G
344	0.01125	0.01152	T
345	0.00676	0.00676	G
346	0.00418	0.00428	G
347	0.0077	0.00794	T
348	0.02068	0.02072	A
349	0.01761	0.01762	A
350	0.01815	0.01817	A
351	0.03753	0.03949	C
352	0.00613	0.00618	T
353	0.00841	0.00844	T
354	0.00996	0.01014	T
355	0.02533	0.02604	A
356	0.03068	0.03078	A
357	0.00942	0.00952	T
358	0.02964	0.03061	A
359	0.00402	0.00467	G
360	0.00861	0.00886	T
361	0.00675	0.00754	G
362	0.0109	0.01155	T
363	0.03063	0.03134	A
364	0.00541	0.00544	G
365	0.00538	0.00544	G
366	0.02677	0.02692	A
367	0.04469	0.04478	A
368	0.00342	0.00409	G
369	0.03166	0.03302	C
370	0.00745	0.00762	T
371	0.00398	0.0047	G
372	0.02725	0.02755	A
373	0.02218	0.02241	A
374	0.01088	0.01144	T
375	0.02407	0.02411	A
376	0.01872	0.02783	A
377	0.00856	0.00871	T
378	0.01035	0.01062	T
379	0.01051	0.01053	T
380	0.01987	0.02465	A
381	0.01118	0.01135	T
382	0.00506	0.00695	G
383	0.04201	0.04212	A
384	0.03529	0.03544	A
385	0.00487	0.00496	G
386	0.00333	0.00339	G
387	0.02554	0.03487	A
388	0.00542	0.0057	G
389	0.0422	0.04536	A
390	0.00547	0.00548	G
391	0.00319	0.0032	G
392	0.00423	0.00424	G
393	0.00481	0.00484	G
394	0.0066	0.00975	T
395	0.04354	0.0439	C
396	0.03591	0.03669	A
397	0.00335	0.00337	G
398	0.00314	0.00316	G
399	0.00449	0.00452	G
400	0.00716	0.00718	T
401	0.00857	0.00863	T
402	0.00421	0.00453	G
403	0.03583	0.036	A
404	0.00897	0.00898	T
405	0.00914	0.00928	T
406	0.03371	0.0353	C
407	0.00493	0.00495	G
408	0.0054	0.00546	G
409	0.00326	0.00341	G
410	0.03164	0.03665	A
411	0.00649	0.00649	G
412	0.00468	0.00483	G
413	0.01692	0.02659	A
414	0.00617	0.00658	T
415	0.02362	0.02367	C
416	0.02207	0.02224	C
417	0.0063	0.00673	T
418	0.03658	0.04186	A
419	0.01046	0.01046	T
420	0.01205	0.01208	T
421	0.00522	0.00526	G
422	0.00386	0.00387	G
423	0.00996	0.01063	T
424	0.00647	0.0074	G
425	0.04435	0.04715	C
426	0.00778	0.00779	G
427	0.00351	0.00351	G
428	0.00395	0.00396	G
429	0.00478	0.00479	G
430	0.00426	0.00426	G
431	0.03984	0.04237	C
432	0.00482	0.00484	T
433	0.00634	0.00634	T
434	0.00695	0.00696	T
435	0.00273	0.003	G
436	0.00625	0.00685	T
437	0.03239	0.03259	A
438	0.00712	0.00746	T
439	0.00294	0.00314	G
440	0.03486	0.03582	A
441	0.00778	0.0078	T
442	0.01039	0.01052	T
443	0.026	0.04447	A
444	0.02788	0.02927	T
445	0.00498	0.0051	G
446	0.00242	0.00243	G
447	0.00211	0.00214	G
448	0.02852	0.03343	C
449	0.00996	0.01024	G
450	0.01254	0.01275	T
451	0.00896	0.00907	T
452	0.00252	0.0027	G
453	0.0281	0.02843	A
454	0.00883	0.00886	T
455	0.00872	0.00879	T
456	0.02698	0.03766	A
457	0.00371	0.0039	G
458	0.00687	0.00717	T
459	0.03065	0.03147	A
460	0.00452	0.00543	G
461	0.01035	0.01077	T
462	0.03905	0.04046	A
463	0.00512	0.00577	G
464	0.00941	0.00951	T
465	0.0085	0.00896	T
466	0.01906	0.03003	A
467	0.04251	0.04292	C
468	0.00852	0.00861	T
469	0.0045	0.00453	G
470	0.00389	0.00393	G
471	0.00779	0.00783	T
472	0.00933	0.00937	T
473	0.00568	0.00612	G
474	0.02762	0.02802	A
475	0.02538	0.02546	A
476	0.04196	0.04259	C
477	0.03521	0.03559	A
478	0.00944	0.00973	T
479	0.01023	0.01029	T
480	0.00288	0.00403	G
481	0.00788	0.00789	T
482	0.01047	0.01048	T
483	0.01022	0.01029	T
484	0.00488	0.0061	G
485	0.01492	0.01493	T
486	0.01686	0.0169	T
487	0.00611	0.00619	G
488	0.00366	0.00371	G
489	0.00619	0.0063	T
490	0.00403	0.00421	G
491	0.00857	0.00895	T
492	0.02193	0.02266	A
493	0.00999	0.01016	T
494	0.02896	0.02997	A
495	0.00973	0.0102	T
496	0.03023	0.03116	A
497	0.01124	0.01124	T
498	0.01026	0.01035	T
499	0.00277	0.00362	G
500	0.01083	0.01118	T
501	0.02954	0.03036	A
502	0.03557	0.03585	A
503	0.01239	0.01244	T
504	0.01287	0.01307	T
505	0.00348	0.00404	G
506	0.03668	0.03749	A
507	0.00468	0.00484	G
508	0.0363	0.03783	A
509	0.00943	0.00963	T
510	0.00974	0.00985	T
511	0.00391	0.00469	G
512	0.0299	0.03023	C
513	0.01366	0.0146	T
514	0.05619	0.05751	C
515	0.00637	0.00645	G
516	0.00472	0.00476	G
517	0.00359	0.00359	G
518	0.00285	0.00285	G
519	0.00369	0.00369	G
520	0.02349	0.02349	A
521	0.02582	0.02582	A
522	0.00859	0.00859	T
523	0.00059	0.00059	A
524	0.0	0.0	G
525	0.0	0.0	G
