Position	Mismatches	Mismatches + Deletions	Base
1	0.0	0.0	A
2	0.0	0.0	T
3	0.0	0.0	T
4	0.02464	0.02464	A
5	0.01612	0.01612	A
6	0.00814	0.00867	T
7	0.01711	0.01987	C
8	0.01872	0.01875	C
9	0.02017	0.02017	C
10	0.01136	0.01136	C
11	0.00352	0.00403	T
12	0.0021	0.00215	G
13	0.00196	0.00201	G
14	0.01268	0.01268	C
15	0.01448	0.01448	C
16	0.01812	0.01812	C
17	0.019	0.01924	A
18	0.02486	0.025	A
19	0.02993	0.02995	C
20	0.02218	0.02234	C
21	0.02784	0.02788	C
22	0.0034	0.0048	G
23	0.00775	0.00917	T
24	0.02173	0.02175	C
25	0.02906	0.03031	A
26	0.00782	0.00806	T
27	0.02274	0.02283	C
28	0.00499	0.00507	T
29	0.01959	0.02141	A
30	0.02066	0.02083	C
31	0.00546	0.00562	T
32	0.01572	0.01667	C
33	0.00559	0.00582	T
34	0.0239	0.02511	A
35	0.03869	0.0389	C
36	0.02072	0.02111	C
37	0.0169	0.02303	A
38	0.00574	0.00594	T
39	0.02221	0.02235	C
40	0.00515	0.00519	T
41	0.00619	0.00619	T
42	0.00466	0.0047	T
43	0.00322	0.00514	G
44	0.01923	0.02137	C
45	0.01745	0.01782	A
46	0.00207	0.00209	G
47	0.00445	0.00453	G
48	0.00861	0.00883	C
49	0.03031	0.03202	A
50	0.02407	0.02467	C
51	0.01711	0.01859	A
52	0.01726	0.01771	C
53	0.00421	0.00622	T
54	0.01644	0.01674	C
55	0.02435	0.02728	A
56	0.00783	0.00925	T
57	0.0373	0.03822	C
58	0.03486	0.03865	A
59	0.04124	0.04295	C
60	0.0267	0.03059	A
61	0.00353	0.00394	G
62	0.02154	0.02195	C
63	0.00504	0.00514	G
64	0.02566	0.02637	C
65	0.00699	0.00764	T
66	0.03112	0.03145	A
67	0.03781	0.03802	A
68	0.00348	0.00428	G
69	0.0209	0.02217	C
70	0.00435	0.00495	T
71	0.02611	0.02623	C
72	0.00334	0.00415	G
73	0.00744	0.00765	C
74	0.02402	0.0243	A
75	0.03008	0.03042	C
76	0.00516	0.00522	T
77	0.00326	0.0036	G
78	0.00579	0.00581	A
79	0.00075	0.00082	T
80	0.00227	0.00227	T
81	0.00675	0.00675	T
82	0.01044	0.01044	T
83	0.01004	0.01006	T
84	0.00873	0.00873	T
85	0.03038	0.03712	A
86	0.05081	0.05083	C
87	0.02896	0.029	C
88	0.00382	0.00425	T
89	0.00192	0.00206	G
90	0.01224	0.01245	A
91	0.00304	0.00311	G
92	0.00279	0.00353	T
93	0.02171	0.02382	A
94	0.00206	0.00208	G
95	0.00166	0.00171	G
96	0.02003	0.02008	C
97	0.00813	0.00821	C
98	0.00428	0.00452	T
99	0.0301	0.03029	A
100	0.00345	0.0036	G
101	0.01626	0.01631	A
102	0.02254	0.02254	A
103	0.01918	0.01936	A
104	0.00957	0.01087	T
105	0.02574	0.02576	A
106	0.0258	0.0258	A
107	0.03413	0.03465	A
108	0.04754	0.0533	C
109	0.0274	0.02777	A
110	0.00763	0.00784	T
111	0.00365	0.00381	G
112	0.02188	0.02281	C
113	0.0061	0.00626	T
114	0.02042	0.02098	A
115	0.00309	0.00315	G
116	0.02542	0.02584	C
117	0.0031	0.00316	T
118	0.00501	0.00504	T
119	0.00733	0.00733	T
120	0.00855	0.00873	T
121	0.01378	0.02384	A
122	0.00967	0.00967	T
123	0.00923	0.0093	T
124	0.03197	0.03281	C
125	0.02868	0.02907	C
126	0.02325	0.03129	A
127	0.00616	0.00639	G
128	0.00757	0.00767	T
129	0.00947	0.00965	T
130	0.02512	0.0302	C
131	0.01067	0.01246	T
132	0.02069	0.02167	A
133	0.02121	0.02162	A
134	0.03661	0.03667	C
135	0.04518	0.04729	C
136	0.00137	0.00155	A
137	0.00049	0.00051	A
138	0.00087	0.00092	A
139	0.01574	0.01575	A
140	0.00913	0.00915	A
141	0.01396	0.014	A
142	0.01159	0.0117	A
143	0.03428	0.03754	T
144	0.01873	0.01873	A
145	0.01853	0.01861	A
146	0.02426	0.02454	A
147	0.02854	0.02899	C
148	0.01519	0.01522	C
149	0.0179	0.01792	C
150	0.01019	0.0114	T
151	0.03057	0.03067	C
152	0.00391	0.00484	G
153	0.00711	0.00718	T
154	0.007	0.0071	T
155	0.02829	0.02831	C
156	0.02746	0.02774	C
157	0.01792	0.02669	A
158	0.04314	0.04346	C
159	0.0287	0.03291	A
160	0.00368	0.00436	G
161	0.01897	0.01899	A
162	0.01855	0.01939	A
163	0.00354	0.00407	G
164	0.01936	0.023	C
165	0.00621	0.00631	T
166	0.0023	0.00237	G
167	0.02426	0.0243	C
168	0.00666	0.0067	C
169	0.01435	0.01757	A
170	0.0068	0.00748	T
171	0.0296	0.02968	C
172	0.03114	0.03119	A
173	0.0555	0.05613	A
174	0.00285	0.00355	G
175	0.00587	0.00615	T
176	0.01932	0.01989	A
177	0.00332	0.00334	T
178	0.00672	0.00674	T
179	0.00423	0.00423	T
180	0.01467	0.01471	C
181	0.01961	0.0197	C
182	0.00784	0.01221	T
183	0.03174	0.0325	C
184	0.0111	0.01572	A
185	0.03901	0.03943	C
186	0.0058	0.00724	G
187	0.01835	0.02366	C
188	0.02069	0.02085	A
189	0.02446	0.02455	A
190	0.00575	0.00761	G
191	0.03176	0.03622	C
192	0.02371	0.02379	A
193	0.02477	0.02503	A
194	0.0296	0.02979	C
195	0.04593	0.04632	C
196	0.00617	0.01444	G
197	0.02033	0.02955	C
198	0.01976	0.02692	A
199	0.00907	0.0094	T
200	0.02896	0.0291	C
201	0.02431	0.02468	C
202	0.01869	0.0298	A
203	0.01018	0.01088	T
204	0.02192	0.02213	A
205	0.01932	0.02738	A
206	0.0086	0.00908	T
207	0.02953	0.03033	C
208	0.02017	0.02034	C
209	0.00674	0.00674	T
210	0.00762	0.00762	T
211	0.02264	0.0303	C
212	0.00731	0.00753	T
213	0.02798	0.02901	A
214	0.02339	0.02434	A
215	0.00896	0.01026	T
216	0.03	0.03113	A
217	0.00328	0.00368	G
218	0.02944	0.03079	C
219	0.00634	0.00694	T
220	0.02622	0.02726	A
221	0.00743	0.00784	T
222	0.02695	0.0272	C
223	0.01912	0.0196	C
224	0.00567	0.0065	T
225	0.02942	0.03	C
226	0.00704	0.00706	T
227	0.00831	0.00837	T
228	0.03214	0.03399	C
229	0.02578	0.02621	A
230	0.02167	0.02184	A
231	0.03788	0.03922	C
232	0.03453	0.03469	A
233	0.02649	0.02689	A
234	0.00924	0.00982	T
235	0.0334	0.03425	A
236	0.00913	0.00969	T
237	0.02843	0.02889	A
238	0.02808	0.0295	C
239	0.00648	0.00703	T
240	0.01786	0.0183	C
241	0.00731	0.00753	T
242	0.02724	0.02724	C
243	0.02318	0.02325	C
244	0.00341	0.00341	G
245	0.00269	0.00272	G
246	0.01166	0.01868	A
247	0.03039	0.03066	C
248	0.02884	0.02897	A
249	0.02531	0.0257	A
250	0.01255	0.01287	T
251	0.00524	0.00681	G
252	0.02228	0.02232	A
253	0.02001	0.02024	A
254	0.03005	0.03023	C
255	0.01878	0.01885	C
256	0.01023	0.02837	A
257	0.00738	0.01028	T
258	0.02566	0.02566	A
259	0.01871	0.01999	A
260	0.03208	0.03229	C
261	0.02532	0.02544	C
262	0.0155	0.01559	A
263	0.02187	0.0223	A
264	0.01083	0.0116	T
265	0.0288	0.02917	A
266	0.03833	0.03949	C
267	0.01372	0.01443	T
268	0.0262	0.02655	A
269	0.03738	0.03755	C
270	0.02985	0.03003	C
271	0.01218	0.01225	A
272	0.02228	0.02241	A
273	0.0127	0.01405	T
274	0.038	0.03847	C
275	0.03304	0.03326	A
276	0.02305	0.02414	A
277	0.01187	0.01247	T
278	0.02175	0.02293	A
279	0.03993	0.04132	C
280	0.00934	0.01049	T
281	0.02606	0.02684	C
282	0.02043	0.02438	A
283	0.01127	0.0128	T
284	0.0268	0.02741	C
285	0.01789	0.0188	A
286	0.00929	0.00933	T
287	0.00981	0.00999	T
288	0.01487	0.01535	A
289	0.02022	0.02056	A
290	0.01174	0.01215	T
291	0.02304	0.02309	A
292	0.02553	0.03075	A
293	0.00915	0.01238	T
294	0.04312	0.04405	C
295	0.02946	0.03043	A
296	0.01011	0.01061	T
297	0.02692	0.02692	A
298	0.01848	0.02199	A
299	0.00753	0.00802	T
300	0.95126	0.95222	A
301	0.0026	0.00266	G
302	0.0118	0.01196	C
303	0.00378	0.00396	T
304	0.01353	0.01778	A
305	0.00562	0.00593	T
306	0.03207	0.03267	A
307	0.00406	0.00455	G
308	0.03463	0.03529	C
309	0.02906	0.02911	A
310	0.02653	0.02681	A
311	0.01475	0.01566	T
312	0.02493	0.02495	A
313	0.01157	0.01159	A
314	0.02387	0.02387	A
315	0.03043	0.03087	A
316	0.03169	0.04296	C
317	0.00704	0.00713	T
318	0.02451	0.02493	A
319	0.00264	0.00268	G
320	0.00366	0.00368	G
321	0.02036	0.02038	A
322	0.01755	0.01759	A
323	0.00562	0.00601	T
324	0.01912	0.01998	A
325	0.00688	0.00737	G
326	0.00841	0.00867	C
327	0.0039	0.00392	C
328	0.03254	0.03256	C
329	0.02223	0.02225	C
330	0.02605	0.02605	C
331	0.00316	0.00322	T
332	0.00677	0.00681	T
333	0.00955	0.00966	T
334	0.03134	0.03263	C
335	0.02745	0.02793	A
336	0.03141	0.0318	C
337	0.00561	0.00563	T
338	0.00606	0.00606	T
339	0.01937	0.02314	C
340	0.00575	0.00577	T
341	0.00279	0.00364	G
342	0.0519	0.05341	A
343	0.00484	0.00497	G
344	0.00676	0.00723	T
345	0.03149	0.03166	C
346	0.02348	0.02348	C
347	0.01179	0.01181	C
348	0.00792	0.01164	A
349	0.00158	0.0016	G
350	0.00919	0.00951	A
351	0.00284	0.00288	G
352	0.00392	0.00396	G
353	0.00443	0.00451	T
354	0.00832	0.00846	T
355	0.01718	0.0401	A
356	0.04555	0.0456	C
357	0.02895	0.02899	C
358	0.02428	0.02436	C
359	0.02885	0.02898	A
360	0.03188	0.03195	A
361	0.00369	0.00384	G
362	0.00464	0.00502	G
363	0.01947	0.02045	C
364	0.03886	0.04219	A
365	0.03316	0.03343	C
366	0.02835	0.02843	C
367	0.00643	0.00643	C
368	0.00741	0.00741	C
369	0.00239	0.00287	T
370	0.01171	0.01171	C
371	0.00402	0.00423	T
372	0.00234	0.00253	G
373	0.03614	0.03624	A
374	0.0331	0.03404	C
375	0.0333	0.03409	A
376	0.00777	0.00857	T
377	0.03099	0.03105	C
378	0.02763	0.02767	C
379	0.00312	0.00321	G
380	0.00342	0.00344	G
381	0.01753	0.01753	C
382	0.00895	0.00912	C
383	0.00361	0.00398	T
384	0.00303	0.00353	G
385	0.01804	0.01832	C
386	0.00365	0.00367	T
387	0.00674	0.00674	T
388	0.01772	0.02281	C
389	0.00752	0.00752	T
390	0.00858	0.00862	T
391	0.02526	0.02885	C
392	0.00808	0.00909	T
393	0.03344	0.03416	C
394	0.02138	0.02275	A
395	0.03928	0.04004	C
396	0.03129	0.03233	A
397	0.01224	0.01292	T
398	0.00476	0.00521	G
399	0.02714	0.02745	A
400	0.05683	0.05893	C
401	0.01219	0.01219	A
402	0.01919	0.01931	A
403	0.0121	0.01226	A
404	0.02381	0.02383	A
405	0.02292	0.02294	A
406	0.02982	0.03533	C
407	0.0093	0.00993	T
408	0.03653	0.03902	A
409	0.01669	0.01795	G
410	0.0216	0.02164	C
411	0.0093	0.00932	C
412	0.0237	0.02378	C
413	0.02031	0.02031	C
414	0.01568	0.0158	C
415	0.01742	0.02351	A
416	0.00692	0.00727	T
417	0.02509	0.02524	C
418	0.00878	0.00962	T
419	0.03731	0.03776	C
420	0.02155	0.02251	A
421	0.02533	0.0254	A
422	0.0098	0.01146	T
423	0.04037	0.04095	C
424	0.02656	0.0279	A
425	0.01065	0.01115	T
426	0.02987	0.03351	A
427	0.01308	0.01416	T
428	0.0288	0.02933	A
429	0.04409	0.04453	C
430	0.02717	0.02738	C
431	0.00939	0.00948	A
432	0.02206	0.0223	A
433	0.02422	0.02447	A
434	0.00972	0.01101	T
435	0.03316	0.03349	C
436	0.01076	0.01235	T
437	0.02649	0.02726	C
438	0.01144	0.01239	T
439	0.03202	0.03202	C
440	0.01254	0.01254	C
441	0.01936	0.01987	C
442	0.01019	0.01239	T
443	0.02538	0.02554	C
444	0.01808	0.0199	A
445	0.02854	0.029	C
446	0.00744	0.00803	T
447	0.01057	0.01076	A
448	0.02557	0.02649	A
449	0.02813	0.02818	A
450	0.04032	0.043	C
451	0.00542	0.00555	G
452	0.00667	0.00862	T
453	0.0233	0.0234	A
454	0.02912	0.02928	A
455	0.00248	0.0028	G
456	0.02138	0.02141	C
457	0.01388	0.01388	C
458	0.00362	0.00379	T
459	0.00619	0.00627	T
460	0.02039	0.028	C
461	0.00535	0.00646	T
462	0.02391	0.02391	C
463	0.01715	0.01784	C
464	0.00742	0.00929	T
465	0.02364	0.02426	C
466	0.01403	0.01716	A
467	0.02607	0.02675	C
468	0.0068	0.00714	T
469	0.02538	0.0261	C
470	0.00729	0.00796	T
471	0.02849	0.0289	C
472	0.00802	0.00955	T
473	0.03409	0.03501	C
474	0.02327	0.02463	A
475	0.02503	0.02556	A
476	0.01032	0.01232	T
477	0.03608	0.03627	C
478	0.00959	0.00965	T
479	0.00883	0.00886	T
480	0.0047	0.02535	A
481	0.0093	0.00972	T
482	0.03121	0.0316	C
483	0.0134	0.01364	C
484	0.01753	0.02175	A
485	0.00701	0.00818	T
486	0.02486	0.02519	C
487	0.02839	0.03248	A
488	0.00796	0.00865	T
489	0.0295	0.03129	A
490	0.00801	0.00992	G
491	0.03217	0.03454	C
492	0.03013	0.03144	A
493	0.00212	0.00212	G
494	0.00226	0.00231	G
495	0.02355	0.02372	C
496	0.02267	0.02297	A
497	0.00502	0.00502	G
498	0.00392	0.00397	T
499	0.00393	0.00393	T
500	0.00233	0.00252	G
501	0.01356	0.01358	A
502	0.00276	0.00276	G
503	0.00287	0.00287	G
504	0.00524	0.00538	T
505	0.00253	0.00253	G
506	0.0028	0.00282	G
507	0.01699	0.02647	A
508	0.00756	0.00756	T
509	0.00904	0.00917	T
510	0.02173	0.02201	A
511	0.0272	0.02808	A
512	0.0312	0.03133	A
513	0.04106	0.04142	C
514	0.02164	0.02177	C
515	0.01605	0.01618	A
516	0.0283	0.02897	A
517	0.02711	0.02719	A
518	0.03627	0.03672	C
519	0.02387	0.02392	C
520	0.02386	0.02392	C
521	0.02501	0.0323	A
522	0.00347	0.00395	G
523	0.01551	0.01586	C
524	0.00363	0.00406	T
525	0.0171	0.01774	A
526	0.04393	0.04417	C
527	0.00482	0.00517	G
528	0.04568	0.04716	C
529	0.02646	0.02694	A
530	0.01766	0.01769	A
531	0.02568	0.02574	A
532	0.03093	0.03093	A
533	0.00724	0.00995	T
534	0.02532	0.02556	C
535	0.00618	0.00623	T
536	0.00715	0.00715	T
537	0.01283	0.02036	A
538	0.0085	0.01029	G
539	0.01988	0.02038	C
540	0.03935	0.04043	A
541	0.00873	0.00931	T
542	0.03265	0.03444	A
543	0.03025	0.03198	C
544	0.00501	0.00524	T
545	0.01454	0.01454	C
546	0.0093	0.00982	C
547	0.00475	0.00537	T
548	0.02676	0.02715	C
549	0.0156	0.0169	A
550	0.01982	0.01998	A
551	0.00898	0.00921	T
552	0.00985	0.01005	T
553	0.01308	0.03513	A
554	0.02522	0.02527	C
555	0.01509	0.01515	C
556	0.02443	0.02446	C
557	0.01794	0.02229	A
558	0.04165	0.04231	C
559	0.03369	0.03887	A
560	0.00659	0.00696	T
561	0.0208	0.02114	A
562	0.00223	0.00229	G
563	0.00176	0.00176	G
564	0.00912	0.01428	A
565	0.00366	0.00369	T
566	0.00236	0.00286	G
567	0.02153	0.02166	A
568	0.01569	0.01603	A
569	0.00675	0.00714	T
570	0.01962	0.01962	A
571	0.02258	0.02558	A
572	0.00843	0.00881	T
573	0.01935	0.02023	A
574	0.00389	0.00445	G
575	0.02446	0.02477	C
576	0.02333	0.02392	A
577	0.00565	0.00596	G
578	0.00468	0.00486	T
579	0.00636	0.00644	T
580	0.01998	0.0216	C
581	0.00848	0.00866	T
582	0.03627	0.03749	A
583	0.04511	0.04516	C
584	0.03534	0.03568	C
585	0.0084	0.01167	G
586	0.01228	0.01281	T
587	0.0307	0.0311	A
588	0.04749	0.04917	C
589	0.02649	0.02712	A
590	0.0223	0.02478	A
591	0.02981	0.02984	C
592	0.01921	0.0197	C
593	0.01543	0.01561	C
594	0.00752	0.012	T
595	0.02331	0.02344	A
596	0.02165	0.0218	A
597	0.03542	0.03586	C
598	0.03139	0.0339	A
599	0.01021	0.01495	T
600	0.02692	0.02692	A
601	0.02501	0.0279	A
602	0.03735	0.0379	C
603	0.02022	0.02059	C
604	0.02327	0.02625	A
605	0.0088	0.00893	T
606	0.00779	0.00812	T
607	0.02503	0.03037	C
608	0.00916	0.00933	T
609	0.01034	0.01063	T
610	0.00926	0.00976	A
611	0.01888	0.01912	A
612	0.00861	0.00875	T
613	0.00838	0.00848	T
614	0.01182	0.01182	T
615	0.01715	0.01748	A
616	0.02859	0.02948	A
617	0.03105	0.03252	C
618	0.00578	0.00589	T
619	0.01672	0.01809	A
620	0.0078	0.00793	T
621	0.00943	0.00947	T
622	0.00935	0.00946	T
623	0.01433	0.01825	A
624	0.00761	0.00783	T
625	0.02821	0.02951	A
626	0.00897	0.00897	T
627	0.00823	0.00852	T
628	0.00787	0.02494	A
629	0.00659	0.00723	T
630	0.02622	0.02702	C
631	0.01014	0.01028	C
632	0.00615	0.00672	T
633	0.02135	0.02177	A
634	0.0289	0.02921	A
635	0.03938	0.04108	C
636	0.00882	0.0108	T
637	0.03401	0.03534	A
638	0.03676	0.0402	C
639	0.00958	0.01064	T
640	0.03003	0.03364	A
641	0.03242	0.03328	C
642	0.03205	0.03291	C
643	0.00465	0.00594	G
644	0.02549	0.02703	C
645	0.02762	0.03035	A
646	0.00861	0.00869	T
647	0.00731	0.00732	T
648	0.02954	0.02954	C
649	0.01727	0.01742	C
650	0.00733	0.00797	T
651	0.02705	0.02772	A
652	0.03554	0.03657	C
653	0.00909	0.01007	T
654	0.02358	0.02515	A
655	0.03827	0.04001	C
656	0.00864	0.01064	T
657	0.03309	0.03489	C
658	0.0234	0.02482	A
659	0.02371	0.0238	A
660	0.03266	0.03377	C
661	0.00793	0.00805	T
662	0.00917	0.00927	T
663	0.01168	0.01189	A
664	0.02321	0.02338	A
665	0.02576	0.02594	A
666	0.02684	0.02799	C
667	0.00616	0.00644	T
668	0.02421	0.02424	C
669	0.01641	0.01657	C
670	0.02332	0.03102	A
671	0.0045	0.00561	G
672	0.02229	0.02256	C
673	0.01901	0.01973	A
674	0.01822	0.01829	C
675	0.0128	0.01324	C
676	0.01313	0.01731	A
677	0.0268	0.02743	C
678	0.00437	0.00532	G
679	0.01623	0.01666	A
680	0.01157	0.01157	C
681	0.01156	0.01159	C
682	0.03003	0.03013	C
683	0.00654	0.00725	T
684	0.02342	0.02422	A
685	0.03618	0.03734	C
686	0.00865	0.00914	T
687	0.033	0.03406	A
688	0.04191	0.04409	C
689	0.00816	0.00843	T
690	0.03291	0.03445	A
691	0.00623	0.00679	T
692	0.01911	0.01941	C
693	0.00519	0.0059	T
694	0.022	0.02241	C
695	0.00613	0.00685	G
696	0.01615	0.01676	C
697	0.01704	0.01724	A
698	0.02072	0.02072	C
699	0.02679	0.02693	C
700	0.0066	0.00786	T
701	0.00418	0.00524	G
702	0.02638	0.02643	A
703	0.02768	0.0277	A
704	0.0218	0.02188	A
705	0.03672	0.03967	C
706	0.02756	0.02773	A
707	0.02647	0.0276	A
708	0.00415	0.00485	G
709	0.02874	0.02981	C
710	0.00754	0.00806	T
711	0.02219	0.02226	A
712	0.0201	0.02017	A
713	0.02979	0.03011	C
714	0.0251	0.02568	A
715	0.0136	0.01411	T
716	0.00338	0.00356	G
717	0.0313	0.03162	A
718	0.02854	0.02879	C
719	0.00856	0.0092	T
720	0.02568	0.02639	A
721	0.02185	0.02277	A
722	0.03657	0.03786	C
723	0.02176	0.02712	A
724	0.03069	0.03084	C
725	0.01895	0.01906	C
726	0.02102	0.02136	C
727	0.00606	0.00606	T
728	0.00972	0.00976	T
729	0.01682	0.01736	A
730	0.02842	0.02868	A
731	0.00739	0.00748	T
732	0.00804	0.00814	T
733	0.02918	0.02941	C
734	0.01708	0.0173	C
735	0.02049	0.02721	A
736	0.01123	0.01179	T
737	0.02928	0.02937	C
738	0.02506	0.02613	C
739	0.02078	0.03078	A
740	0.0545	0.05454	C
741	0.00549	0.00549	C
742	0.00514	0.00538	C
743	0.00167	0.00255	T
744	0.00619	0.00619	C
745	0.00496	0.00519	C
746	0.0028	0.00525	T
747	0.04076	0.04177	C
748	0.00842	0.01089	T
749	0.03227	0.03227	C
750	0.02885	0.02885	C
751	0.0266	0.02695	C
752	0.00739	0.00774	T
753	0.01842	0.01869	A
754	0.00137	0.0014	G
755	0.00141	0.00146	G
756	0.00708	0.00885	A
757	0.00238	0.00238	G
758	0.00224	0.00227	G
759	0.05519	0.05527	C
760	0.02063	0.02075	C
761	0.00725	0.00813	T
762	0.00694	0.0074	G
763	0.01509	0.01515	C
764	0.00666	0.0067	C
765	0.01739	0.01742	C
766	0.01708	0.01708	C
767	0.02791	0.02791	C
768	0.00421	0.00517	G
769	0.02243	0.02289	C
770	0.00732	0.0076	T
771	0.02773	0.02796	A
772	0.0296	0.02963	A
773	0.04731	0.04737	C
774	0.03711	0.03725	C
775	0.0016	0.00161	G
776	0.00329	0.00331	G
777	0.017	0.01704	C
778	0.00175	0.00175	T
779	0.00403	0.00403	T
780	0.0074	0.0074	T
781	0.00957	0.00957	T
782	0.0095	0.0095	T
783	0.00224	0.00262	G
784	0.00535	0.00535	C
785	0.00324	0.00325	C
786	0.01541	0.01541	C
787	0.01026	0.01031	A
788	0.02927	0.0293	A
789	0.03543	0.03551	A
790	0.0133	0.01461	T
791	0.00196	0.00202	G
792	0.00148	0.00149	G
793	0.00246	0.00248	G
794	0.01144	0.01144	C
795	0.0366	0.03663	C
796	0.01552	0.02257	A
797	0.00791	0.00793	T
798	0.00925	0.00929	T
799	0.01246	0.02818	A
800	0.01055	0.01075	T
801	0.03967	0.04024	C
802	0.00668	0.00716	G
803	0.03177	0.03194	A
804	0.03562	0.03575	A
805	0.00508	0.00878	G
806	0.02769	0.02769	A
807	0.02974	0.03005	A
808	0.01096	0.01126	T
809	0.01117	0.01194	T
810	0.03528	0.03714	C
811	0.02433	0.02471	A
812	0.04907	0.05362	C
813	0.00253	0.00253	A
814	0.00669	0.00669	A
815	0.01812	0.0182	A
816	0.01365	0.01371	A
817	0.02054	0.02054	A
818	0.01526	0.01532	A
819	0.03515	0.04192	C
820	0.02612	0.02614	A
821	0.02502	0.02546	A
822	0.01019	0.011	T
823	0.03532	0.03617	A
824	0.00415	0.00448	G
825	0.02454	0.0246	C
826	0.01258	0.01262	C
827	0.00606	0.00714	T
828	0.0294	0.02987	C
829	0.02388	0.02741	A
830	0.00882	0.01061	T
831	0.02796	0.02893	C
832	0.02326	0.02656	A
833	0.01307	0.01394	T
834	0.0244	0.02496	C
835	0.01647	0.01685	C
836	0.01799	0.01806	C
837	0.01506	0.01519	C
838	0.01774	0.02325	A
839	0.03289	0.03289	C
840	0.01697	0.01741	C
841	0.01963	0.02344	A
842	0.00718	0.00834	T
843	0.02638	0.02661	C
844	0.02786	0.03124	A
845	0.00873	0.01026	T
846	0.03217	0.03458	A
847	0.00454	0.00482	G
848	0.01984	0.01991	C
849	0.00947	0.00962	C
850	0.01628	0.0243	A
851	0.03193	0.03193	C
852	0.01774	0.01809	C
853	0.02933	0.03563	A
854	0.00978	0.01361	T
855	0.03156	0.03251	C
856	0.02187	0.02381	A
857	0.03652	0.03659	C
858	0.01839	0.01839	C
859	0.01735	0.01756	C
860	0.00427	0.00569	T
861	0.02404	0.02404	C
862	0.02005	0.02059	C
863	0.0047	0.0047	T
864	0.01035	0.01046	T
865	0.01004	0.0106	A
866	0.02535	0.02537	A
867	0.0471	0.04712	C
868	0.02201	0.02253	C
869	0.00586	0.00606	T
870	0.95472	0.96273	C
871	0.00783	0.00814	T
872	0.02559	0.02641	A
873	0.03592	0.03693	C
874	0.00822	0.00834	T
875	0.00835	0.00844	T
876	0.02285	0.02874	C
877	0.00817	0.00828	T
878	0.02611	0.02714	A
879	0.03719	0.03719	C
880	0.01543	0.01643	C
881	0.00774	0.00936	T
882	0.01977	0.02655	A
883	0.04547	0.04625	C
884	0.00427	0.00507	G
885	0.02604	0.02604	C
886	0.00984	0.00991	C
887	0.00598	0.00659	T
888	0.01913	0.01968	A
889	0.02207	0.02225	A
890	0.00788	0.00806	T
891	0.02682	0.02732	C
892	0.01062	0.01082	T
893	0.01675	0.0211	A
894	0.02082	0.02139	C
895	0.00546	0.0057	T
896	0.01754	0.01754	C
897	0.0122	0.01246	C
898	0.01295	0.01666	A
899	0.02728	0.02728	C
900	0.01408	0.01436	C
901	0.0049	0.0062	T
902	0.03497	0.03548	C
903	0.02133	0.0229	A
904	0.02565	0.02607	A
905	0.00999	0.01278	T
906	0.0315	0.03198	C
907	0.02882	0.02934	A
908	0.03897	0.04062	C
909	0.03116	0.03192	A
910	0.03639	0.03725	C
911	0.00984	0.01061	T
912	0.03076	0.03427	A
913	0.03179	0.03311	C
914	0.01121	0.01235	T
915	0.02202	0.02202	C
916	0.01701	0.01703	C
917	0.0219	0.02192	C
918	0.02073	0.02079	C
919	0.01532	0.0238	A
920	0.00906	0.00959	T
921	0.02234	0.02281	A
922	0.00882	0.00912	T
923	0.03257	0.03283	C
924	0.00981	0.01009	T
925	0.02582	0.02606	A
926	0.0235	0.02363	A
927	0.04995	0.05087	C
928	0.02461	0.02464	A
929	0.02071	0.0209	A
930	0.05016	0.05082	C
931	0.00859	0.00934	G
932	0.00757	0.00836	T
933	0.0016	0.00187	A
934	0.01703	0.01739	A
935	0.01237	0.01239	A
936	0.01977	0.02097	A
937	0.01945	0.01961	A
938	0.01376	0.01671	T
939	0.01924	0.01924	A
940	0.01103	0.01103	A
941	0.02306	0.02306	A
942	0.0248	0.02532	A
943	0.01531	0.01626	T
944	0.0046	0.00507	G
945	0.02724	0.02743	A
946	0.03949	0.03967	C
947	0.02794	0.02805	A
948	0.0061	0.00622	G
949	0.00605	0.00605	T
950	0.00839	0.00849	T
951	0.00925	0.0093	T
952	0.00599	0.00721	G
953	0.02804	0.02811	A
954	0.02267	0.02272	A
955	0.04653	0.04731	C
956	0.03112	0.03294	A
957	0.00917	0.01001	T
958	0.02184	0.02243	A
959	0.04831	0.04942	C
960	0.03114	0.03114	A
961	0.01227	0.01227	A
962	0.04557	0.04557	A
963	0.02411	0.02451	A
964	0.02923	0.03073	C
965	0.02567	0.02576	C
966	0.01789	0.01813	C
967	0.0158	0.02618	A
968	0.02699	0.02708	C
969	0.02415	0.02418	C
970	0.0209	0.0209	C
971	0.01566	0.01573	C
972	0.02612	0.02759	A
973	0.00773	0.01395	T
974	0.00772	0.00823	T
975	0.02452	0.02459	C
976	0.01649	0.0166	C
977	0.007	0.00953	T
978	0.02115	0.02115	C
979	0.01681	0.01681	C
980	0.02477	0.02481	C
981	0.02046	0.02058	C
982	0.01055	0.02091	A
983	0.03174	0.03234	C
984	0.01841	0.02043	A
985	0.02898	0.02943	C
986	0.00576	0.00667	T
987	0.01737	0.0177	C
988	0.01917	0.02134	A
989	0.0085	0.00914	T
990	0.03946	0.04015	C
991	0.00467	0.00502	G
992	0.02601	0.02606	C
993	0.0176	0.0176	C
994	0.01404	0.01404	C
995	0.00567	0.00573	T
996	0.00712	0.00723	T
997	0.01524	0.0281	A
998	0.03163	0.03168	C
999	0.02165	0.02192	C
1000	0.01483	0.02019	A
1001	0.04571	0.04599	C
1002	0.00567	0.0064	G
1003	0.03063	0.03097	C
1004	0.00738	0.00772	T
1005	0.02129	0.0247	A
1006	0.02928	0.0301	C
1007	0.00558	0.0057	T
1008	0.02467	0.02467	C
1009	0.01351	0.01451	C
1010	0.00753	0.00937	T
1011	0.02706	0.02796	A
1012	0.04342	0.04342	C
1013	0.02019	0.02118	C
1014	0.00719	0.00752	T
1015	0.02658	0.02835	A
1016	0.01079	0.01094	T
1017	0.03129	0.03247	C
1018	0.01079	0.01252	T
1019	0.01526	0.01526	C
1020	0.01683	0.01683	C
1021	0.01072	0.01072	C
1022	0.01926	0.0195	C
1023	0.00302	0.00302	T
1024	0.00617	0.00627	T
1025	0.00643	0.00653	T
1026	0.00867	0.00867	T
1027	0.02326	0.02707	A
1028	0.01149	0.01172	T
1029	0.01161	0.01196	A
1030	0.02802	0.02872	C
1031	0.01079	0.01104	T
1032	0.01884	0.01884	A
1033	0.02075	0.02089	A
1034	0.00936	0.00979	T
1035	0.01537	0.01537	A
1036	0.00937	0.01028	A
1037	0.0065	0.00681	T
1038	0.01457	0.01457	C
1039	0.01116	0.01116	T
1040	0.00427	0.00427	T
1041	0.00574	0.00574	A
1042	0.0	0.0	T
1043	0.0	0.0	A
1044	0.0	0.0	G
