Position	Mismatches	Mismatches + Deletions	Base
1	0.0	0.0	A
2	0.0	0.0	T
3	0.0	0.0	G
4	0.01342	0.01342	C
5	0.00541	0.00541	C
6	0.00867	0.00867	C
7	0.01618	0.01618	C
8	0.02106	0.02172	T
9	0.01495	0.01533	C
10	0.01104	0.01317	A
11	0.00886	0.00886	T
12	0.01242	0.01242	T
13	0.00694	0.00694	T
14	0.00992	0.01225	A
15	0.02963	0.03009	C
16	0.01175	0.01175	A
17	0.01142	0.01271	T
18	0.0127	0.0127	A
19	0.01425	0.01425	A
20	0.01484	0.01545	A
21	0.00911	0.01049	T
22	0.02059	0.02069	A
23	0.00848	0.00848	T
24	0.0052	0.00568	T
25	0.00551	0.01245	A
26	0.00358	0.00358	T
27	0.00954	0.0101	A
28	0.01488	0.01507	C
29	0.00406	0.00425	T
30	0.01188	0.01207	A
31	0.00291	0.0031	G
32	0.01999	0.02017	C
33	0.01339	0.01374	A
34	0.00426	0.00426	T
35	0.00555	0.00555	T
36	0.01066	0.01066	T
37	0.02634	0.03073	A
38	0.0328	0.03315	C
39	0.01485	0.01485	C
40	0.02189	0.02813	A
41	0.01019	0.01163	T
42	0.03128	0.03128	C
43	0.01254	0.01655	T
44	0.03059	0.03059	C
45	0.03153	0.03244	A
46	0.01543	0.01584	C
47	0.007	0.00716	T
48	0.00674	0.00674	T
49	0.00868	0.01022	C
50	0.00865	0.00873	T
51	0.01402	0.01451	A
52	0.0012	0.0012	G
53	0.00272	0.00272	G
54	0.01297	0.01297	A
55	0.01089	0.01097	A
56	0.00356	0.00388	T
57	0.01629	0.01652	A
58	0.01143	0.01151	C
59	0.0014	0.0014	T
60	0.00512	0.0052	A
61	0.00185	0.00192	G
62	0.00339	0.00339	T
63	0.01014	0.01021	A
64	0.00413	0.00436	T
65	0.01621	0.01674	A
66	0.00884	0.00899	T
67	0.04328	0.04448	C
68	0.00665	0.0068	G
69	0.02836	0.02888	C
70	0.01108	0.01492	T
71	0.03641	0.03722	C
72	0.01945	0.02453	A
73	0.03388	0.03446	C
74	0.02283	0.02334	A
75	0.03659	0.03659	C
76	0.0195	0.01993	C
77	0.01004	0.01217	T
78	0.03086	0.031	C
79	0.02558	0.02901	A
80	0.00899	0.01199	T
81	0.02555	0.02949	A
82	0.00866	0.00955	T
83	0.02362	0.02389	C
84	0.01645	0.01652	C
85	0.006	0.00811	T
86	0.02556	0.02577	C
87	0.02271	0.02271	C
88	0.01826	0.01847	C
89	0.00829	0.00849	T
90	0.02132	0.02192	A
91	0.02935	0.03022	C
92	0.0072	0.0072	T
93	0.01058	0.01677	A
94	0.00819	0.00845	T
95	0.00633	0.0066	G
96	0.01101	0.01108	C
97	0.00711	0.00711	C
98	0.00432	0.00452	T
99	0.01011	0.01024	A
100	0.00239	0.00259	G
101	0.01469	0.01469	A
102	0.00927	0.0094	A
103	0.00308	0.00308	G
104	0.00433	0.00433	G
105	0.01412	0.01412	A
106	0.02405	0.02429	A
107	0.01417	0.01656	T
108	0.03021	0.03021	A
109	0.02214	0.02439	A
110	0.01079	0.01114	T
111	0.03304	0.03351	A
112	0.03905	0.04102	C
113	0.01185	0.01242	T
114	0.02842	0.03196	A
115	0.01038	0.01095	T
116	0.0387	0.03948	C
117	0.00443	0.00449	G
118	0.01465	0.01465	C
119	0.00572	0.00584	T
120	0.00797	0.00964	G
121	0.00702	0.00702	T
122	0.01097	0.01102	T
123	0.03208	0.03313	C
124	0.03239	0.03326	A
125	0.01264	0.01264	T
126	0.01048	0.0108	T
127	0.01003	0.02342	A
128	0.00929	0.00981	T
129	0.0198	0.02125	A
130	0.00477	0.00513	G
131	0.01605	0.01621	C
132	0.00888	0.00969	T
133	0.02594	0.02718	A
134	0.03465	0.03524	C
135	0.00948	0.01066	T
136	0.0324	0.03302	C
137	0.01037	0.01223	T
138	0.03385	0.03404	C
139	0.03099	0.03273	A
140	0.01386	0.0194	T
141	0.02758	0.02758	A
142	0.01703	0.02157	A
143	0.03338	0.03392	C
144	0.01682	0.01687	C
145	0.01645	0.01654	C
146	0.01163	0.01313	T
147	0.03145	0.03191	C
148	0.02858	0.04362	A
149	0.02528	0.02556	A
150	0.04005	0.04245	C
151	0.02245	0.02311	A
152	0.02738	0.02738	C
153	0.02382	0.02382	C
154	0.02219	0.02245	C
155	0.01476	0.01971	A
156	0.02056	0.02087	C
157	0.00672	0.00909	T
158	0.02822	0.02822	C
159	0.0246	0.0246	C
160	0.02768	0.02817	C
161	0.00664	0.00781	T
162	0.0178	0.01803	C
163	0.00831	0.00831	T
164	0.00916	0.0092	T
165	0.01884	0.04006	A
166	0.00346	0.00355	G
167	0.01465	0.01465	C
168	0.01339	0.01344	C
169	0.01772	0.01772	A
170	0.02416	0.02416	A
171	0.007	0.00718	T
172	0.02025	0.02048	A
173	0.01085	0.01085	T
174	0.00846	0.00851	T
175	0.00329	0.00387	G
176	0.0064	0.00693	T
177	0.00248	0.00248	G
178	0.02719	0.02733	C
179	0.02084	0.02084	C
180	0.0083	0.00861	T
181	0.02049	0.0236	A
182	0.0057	0.0057	T
183	0.00752	0.0077	T
184	0.00244	0.00297	G
185	0.03766	0.0377	C
186	0.02743	0.02747	C
187	0.00974	0.02782	A
188	0.00795	0.00817	T
189	0.06136	0.06184	A
190	0.00931	0.00966	C
191	0.00236	0.0024	T
192	0.00948	0.01036	A
193	0.00131	0.00131	G
194	0.00338	0.00365	T
195	0.02355	0.02363	C
196	0.01052	0.01057	T
197	0.01027	0.01027	T
198	0.01173	0.01173	T
199	0.00489	0.00583	G
200	0.00446	0.00446	C
201	0.00651	0.00651	C
202	0.00397	0.00478	G
203	0.03083	0.03083	C
204	0.0143	0.01434	C
205	0.00453	0.0052	T
206	0.00274	0.00296	G
207	0.01046	0.01096	C
208	0.00773	0.00978	G
209	0.03798	0.03941	A
210	0.03938	0.03942	A
211	0.00479	0.00625	G
212	0.00944	0.00993	C
213	0.01573	0.01605	A
214	0.00283	0.00283	G
215	0.00967	0.0098	C
216	0.00331	0.00331	G
217	0.00313	0.00322	G
218	0.00828	0.00877	T
219	0.00207	0.00207	G
220	0.00224	0.00224	G
221	0.00273	0.00277	G
222	0.00597	0.00597	C
223	0.01321	0.01321	C
224	0.00829	0.0096	T
225	0.02949	0.03407	A
226	0.00292	0.00327	G
227	0.02008	0.02012	C
228	0.00797	0.00797	C
229	0.00689	0.00689	C
230	0.00625	0.00677	T
231	0.01566	0.01592	A
232	0.01205	0.01252	C
233	0.00291	0.00291	T
234	0.01031	0.01096	A
235	0.00179	0.00188	G
236	0.0034	0.00379	T
237	0.02591	0.02595	C
238	0.00671	0.00756	T
239	0.02683	0.02696	C
240	0.01875	0.01973	A
241	0.0192	0.01959	A
242	0.0067	0.007	T
243	0.03523	0.03536	C
244	0.00823	0.00891	T
245	0.03053	0.03057	C
246	0.02641	0.02675	C
247	0.02627	0.02716	A
248	0.03774	0.03787	A
249	0.02627	0.02723	C
250	0.01386	0.01465	A
251	0.02962	0.03135	C
252	0.02063	0.02158	A
253	0.00579	0.00637	T
254	0.02218	0.02335	A
255	0.0055	0.006	T
256	0.00189	0.00197	G
257	0.00206	0.00206	G
258	0.01887	0.01887	C
259	0.01222	0.01226	C
260	0.00602	0.00669	T
261	0.01971	0.02059	A
262	0.0036	0.00369	G
263	0.01592	0.01601	A
264	0.02886	0.02911	C
265	0.0066	0.00672	T
266	0.02043	0.02097	A
267	0.04357	0.04382	C
268	0.00718	0.00722	G
269	0.00745	0.0079	T
270	0.02122	0.02155	A
271	0.04313	0.04358	C
272	0.03132	0.03307	A
273	0.0083	0.01332	T
274	0.02898	0.02898	A
275	0.02358	0.02745	A
276	0.04254	0.0433	C
277	0.02319	0.02371	C
278	0.00912	0.01195	T
279	0.00755	0.00827	A
280	0.02478	0.02532	A
281	0.02513	0.02572	A
282	0.04018	0.04035	C
283	0.01987	0.02085	C
284	0.0145	0.01587	T
285	0.02311	0.02927	A
286	0.03028	0.03153	C
287	0.00802	0.0088	T
288	0.02629	0.02646	C
289	0.01512	0.01529	C
290	0.01601	0.01684	A
291	0.01998	0.02016	A
292	0.00833	0.00894	T
293	0.00433	0.00451	G
294	0.02585	0.02603	C
295	0.00652	0.00709	T
296	0.01525	0.01547	A
297	0.01449	0.01462	A
298	0.02231	0.02253	A
299	0.02605	0.02618	A
300	0.02692	0.03388	C
301	0.00841	0.00902	T
302	0.01166	0.01179	A
303	0.02146	0.02159	A
304	0.01115	0.01252	T
305	0.04234	0.04294	C
306	0.01005	0.01067	G
307	0.01546	0.01658	T
308	0.02703	0.02736	C
309	0.03154	0.03165	C
310	0.03056	0.03078	C
311	0.01694	0.01716	A
312	0.01875	0.0188	A
313	0.04494	0.0457	C
314	0.01317	0.01317	A
315	0.02109	0.02146	A
316	0.00958	0.00963	T
317	0.00989	0.01	T
318	0.01287	0.02832	A
319	0.01058	0.01068	T
320	0.02527	0.02803	A
321	0.01389	0.01389	T
322	0.01162	0.01218	T
323	0.01793	0.03125	A
324	0.03426	0.03653	C
325	0.01216	0.01267	T
326	0.02492	0.02533	A
327	0.03278	0.03304	C
328	0.02184	0.02204	C
329	0.01462	0.02012	A
330	0.02804	0.0283	C
331	0.00994	0.01082	T
332	0.00714	0.00734	G
333	0.02537	0.02594	A
334	0.02937	0.02958	C
335	0.02829	0.02975	A
336	0.01027	0.01038	T
337	0.00542	0.00583	G
338	0.01752	0.01773	A
339	0.033	0.03326	C
340	0.00633	0.00639	T
341	0.00944	0.00965	T
342	0.00896	0.00901	T
343	0.02237	0.02243	C
344	0.04194	0.04204	C
345	0.00269	0.00275	A
346	0.00495	0.00506	A
347	0.0178	0.0178	A
348	0.01138	0.01138	A
349	0.01772	0.01787	A
350	0.00796	0.00806	A
351	0.04024	0.0451	C
352	0.01352	0.01392	A
353	0.04128	0.04272	C
354	0.0204	0.02099	A
355	0.01296	0.01627	T
356	0.01719	0.01719	A
357	0.02299	0.02699	A
358	0.00957	0.00957	T
359	0.01132	0.01171	T
360	0.00995	0.0101	T
361	0.00885	0.0099	G
362	0.02727	0.02747	A
363	0.02758	0.02768	A
364	0.01261	0.01345	T
365	0.03172	0.03246	C
366	0.02694	0.02704	A
367	0.02287	0.02351	A
368	0.03308	0.03462	C
369	0.02063	0.02203	A
370	0.02625	0.03317	C
371	0.01998	0.02003	A
372	0.03462	0.03891	A
373	0.03474	0.03582	C
374	0.02137	0.02173	C
375	0.01382	0.02199	A
376	0.02597	0.02597	C
377	0.01884	0.01884	C
378	0.01903	0.01983	C
379	0.0137	0.0186	A
380	0.02325	0.02562	C
381	0.01932	0.02437	A
382	0.00689	0.00727	G
383	0.02262	0.02262	C
384	0.01255	0.01266	C
385	0.00983	0.0131	T
386	0.01232	0.01248	A
387	0.01761	0.01778	A
388	0.00974	0.01012	T
389	0.00785	0.00834	T
390	0.00807	0.02552	A
391	0.01134	0.01134	T
392	0.01085	0.01102	T
393	0.02004	0.02842	A
394	0.00691	0.00751	G
395	0.02679	0.02846	C
396	0.02613	0.02669	A
397	0.01192	0.01346	T
398	0.02962	0.03106	C
399	0.02308	0.02592	A
400	0.01311	0.01478	T
401	0.02851	0.02902	C
402	0.0162	0.01637	C
403	0.01679	0.01696	C
404	0.01228	0.01324	T
405	0.03091	0.03187	C
406	0.01146	0.01252	T
407	0.01918	0.02007	A
408	0.02921	0.03214	C
409	0.0099	0.01078	T
410	0.00459	0.00541	A
411	0.00319	0.00319	T
412	0.0033	0.0033	T
413	0.00529	0.00529	T
414	0.01037	0.01037	T
415	0.00798	0.00798	T
416	0.00864	0.00869	T
417	0.01722	0.01923	A
418	0.0248	0.02486	A
419	0.04113	0.04118	C
420	0.0239	0.02401	C
421	0.01209	0.0122	A
422	0.02376	0.0243	A
423	0.02252	0.02315	A
424	0.01317	0.01556	T
425	0.03488	0.03558	C
426	0.02268	0.0229	A
427	0.02165	0.0217	A
428	0.04135	0.04356	C
429	0.02065	0.02075	A
430	0.01886	0.01969	A
431	0.03441	0.03623	C
432	0.02163	0.02163	A
433	0.02433	0.02525	A
434	0.03762	0.03773	C
435	0.02104	0.02155	C
436	0.00976	0.00996	T
437	0.02413	0.02575	A
438	0.00881	0.00881	T
439	0.00826	0.00826	T
440	0.00755	0.00765	T
441	0.02578	0.03053	A
442	0.00441	0.00441	G
443	0.02137	0.02148	C
444	0.00742	0.00747	T
445	0.00524	0.00739	G
446	0.00581	0.00581	T
447	0.00718	0.00723	T
448	0.02331	0.02331	C
449	0.02266	0.02266	C
450	0.01941	0.01941	C
451	0.0263	0.02672	C
452	0.01556	0.01712	A
453	0.02412	0.02428	A
454	0.03177	0.03187	C
455	0.02206	0.02222	C
456	0.0053	0.0053	T
457	0.00622	0.00622	T
458	0.01011	0.01011	T
459	0.00824	0.00829	T
460	0.0217	0.02202	C
461	0.01881	0.01886	C
462	0.009	0.0103	T
463	0.02824	0.02834	C
464	0.03455	0.03472	C
465	0.00724	0.01012	G
466	0.03314	0.03577	A
467	0.01502	0.01514	C
468	0.01859	0.01865	C
469	0.02014	0.02031	C
470	0.0223	0.02235	C
471	0.01675	0.01675	C
472	0.01	0.01093	T
473	0.02575	0.02593	A
474	0.0237	0.02424	A
475	0.04305	0.04417	C
476	0.02254	0.0226	A
477	0.01955	0.02347	A
478	0.01771	0.01862	C
479	0.0146	0.01478	C
480	0.01803	0.01814	C
481	0.01921	0.01921	C
482	0.01619	0.01619	C
483	0.01527	0.01538	C
484	0.00576	0.00668	T
485	0.02208	0.02213	C
486	0.01248	0.0127	C
487	0.01101	0.01187	T
488	0.01837	0.0187	A
489	0.01819	0.01841	A
490	0.01124	0.01158	T
491	0.02647	0.02685	A
492	0.03718	0.03817	C
493	0.0121	0.0137	T
494	0.0293	0.02957	A
495	0.02268	0.02371	A
496	0.03658	0.03915	C
497	0.01376	0.0144	T
498	0.02958	0.03119	A
499	0.03958	0.03984	C
500	0.02375	0.02427	C
501	0.0127	0.01403	T
502	0.00706	0.00872	G
503	0.02618	0.02733	A
504	0.02125	0.02146	C
505	0.00879	0.00973	T
506	0.02452	0.02473	C
507	0.01513	0.0162	C
508	0.01508	0.01691	T
509	0.02192	0.02543	A
510	0.02943	0.02948	C
511	0.02422	0.02475	C
512	0.01341	0.01346	C
513	0.01831	0.01852	C
514	0.00975	0.01182	T
515	0.02617	0.02643	C
516	0.01716	0.01884	A
517	0.03887	0.04074	C
518	0.02498	0.02544	A
519	0.02786	0.02826	A
520	0.01241	0.01474	T
521	0.03768	0.03804	C
522	0.04192	0.0437	A
523	0.0074	0.00761	T
524	0.00332	0.00363	G
525	0.00321	0.00321	G
526	0.00987	0.01084	C
527	0.02581	0.02586	A
528	0.03372	0.03403	A
529	0.0071	0.00818	G
530	0.03328	0.03344	C
531	0.02857	0.02867	C
532	0.0258	0.02626	A
533	0.0304	0.03056	A
534	0.04784	0.05042	C
535	0.00492	0.00507	G
536	0.00874	0.00879	C
537	0.00603	0.00603	C
538	0.00976	0.01691	A
539	0.04699	0.04734	C
540	0.01093	0.01163	T
541	0.01008	0.01032	T
542	0.00789	0.0274	A
543	0.00843	0.0096	T
544	0.03474	0.03503	C
545	0.02615	0.02619	C
546	0.0239	0.03091	A
547	0.00484	0.00489	G
548	0.02418	0.02472	T
549	0.00614	0.00776	G
550	0.01623	0.0172	A
551	0.03411	0.03431	A
552	0.04264	0.04293	C
553	0.02336	0.02355	C
554	0.01359	0.02572	A
555	0.03568	0.03611	C
556	0.0128	0.01363	T
557	0.02682	0.0274	A
558	0.00871	0.00973	T
559	0.0209	0.02236	C
560	0.01533	0.01582	A
561	0.0298	0.03072	C
562	0.01326	0.01506	G
563	0.00196	0.00216	A
564	0.00087	0.00111	A
565	0.00513	0.00517	A
566	0.01646	0.01656	A
567	0.01093	0.01098	A
568	0.01027	0.01041	A
569	0.01011	0.01011	A
570	0.03036	0.03395	C
571	0.01253	0.01318	T
572	0.02382	0.02492	C
573	0.01753	0.01817	T
574	0.02532	0.02683	A
575	0.03431	0.03467	C
576	0.01859	0.01965	C
577	0.00786	0.00856	T
578	0.02168	0.02248	C
579	0.01309	0.01324	T
580	0.02663	0.02739	C
581	0.01166	0.01181	T
582	0.02746	0.03028	A
583	0.01525	0.01611	T
584	0.02839	0.0296	A
585	0.03574	0.03746	C
586	0.01083	0.01193	T
587	0.02259	0.02269	A
588	0.02415	0.02557	A
589	0.0127	0.01353	T
590	0.02829	0.02953	C
591	0.01216	0.01386	T
592	0.025	0.02541	C
593	0.02202	0.02212	C
594	0.01853	0.01879	C
595	0.01731	0.01809	T
596	0.02273	0.02336	A
597	0.03775	0.03812	C
598	0.01472	0.01477	A
599	0.02104	0.02114	A
600	0.01972	0.02014	A
601	0.01223	0.01327	T
602	0.02545	0.02632	C
603	0.01083	0.0127	T
604	0.02263	0.02273	C
605	0.02014	0.02049	C
606	0.0154	0.0155	T
607	0.01868	0.01898	T
608	0.00929	0.01029	A
609	0.01876	0.01896	A
610	0.01254	0.01259	T
611	0.01185	0.01264	T
612	0.01284	0.02721	A
613	0.01588	0.01864	T
614	0.02537	0.02542	A
615	0.02053	0.02166	A
616	0.03859	0.03943	C
617	0.03007	0.03037	A
618	0.00933	0.00953	T
619	0.01513	0.01543	T
620	0.02897	0.03119	C
621	0.02514	0.02973	A
622	0.02579	0.0283	C
623	0.03226	0.03539	A
624	0.01561	0.01606	G
625	0.01759	0.01759	C
626	0.01398	0.01408	C
627	0.0116	0.01937	A
628	0.03332	0.03766	C
629	0.03585	0.03754	A
630	0.01095	0.01196	G
631	0.01919	0.01919	A
632	0.01888	0.01983	A
633	0.02644	0.02718	C
634	0.01624	0.01877	T
635	0.01045	0.0105	A
636	0.01678	0.01683	A
637	0.01409	0.01522	T
638	0.0282	0.02899	C
639	0.01417	0.01528	A
640	0.01224	0.01278	T
641	0.01016	0.01155	A
642	0.01067	0.01067	T
643	0.01191	0.01201	T
644	0.00945	0.00945	T
645	0.01179	0.01198	T
646	0.01608	0.02395	A
647	0.01312	0.01354	T
648	0.02134	0.02232	A
649	0.01224	0.01271	T
650	0.02747	0.02822	C
651	0.01344	0.01344	T
652	0.01218	0.01237	T
653	0.02006	0.0296	C
654	0.01648	0.01648	T
655	0.01674	0.01692	T
656	0.02947	0.03292	C
657	0.01674	0.01799	G
658	0.01398	0.01445	A
659	0.02073	0.02078	A
660	0.0253	0.02534	A
661	0.02979	0.03002	C
662	0.02206	0.02219	C
663	0.01026	0.02106	A
664	0.02797	0.02819	C
665	0.01509	0.01717	A
666	0.02612	0.0267	C
667	0.01435	0.01458	T
668	0.00895	0.00909	T
669	0.00995	0.02138	A
670	0.01366	0.01559	T
671	0.01896	0.01949	C
672	0.01307	0.01307	C
673	0.01332	0.01332	C
674	0.01746	0.01771	C
675	0.01323	0.01597	A
676	0.02247	0.02247	C
677	0.01493	0.01498	C
678	0.01267	0.01282	T
679	0.00632	0.00632	T
680	0.00194	0.00204	G
681	0.00239	0.00239	G
682	0.00533	0.00573	C
683	0.00914	0.00993	T
684	0.02625	0.02664	A
685	0.01183	0.01282	T
686	0.00906	0.00946	C
687	0.0111	0.0118	A
688	0.00697	0.00974	T
689	0.00891	0.0094	C
690	0.02664	0.02768	A
691	0.03856	0.03861	C
692	0.02918	0.02923	C
693	0.03086	0.03091	C
694	0.00635	0.0066	G
695	0.01086	0.01135	A
696	0.00531	0.00546	T
697	0.0053	0.00633	G
698	0.01297	0.01346	A
699	0.00363	0.00363	G
700	0.00476	0.00481	G
701	0.02141	0.0217	C
702	0.02642	0.02652	A
703	0.02296	0.02301	A
704	0.03804	0.03809	C
705	0.02566	0.02566	C
706	0.01204	0.01647	A
707	0.00448	0.00463	G
708	0.00953	0.00953	C
709	0.00787	0.00787	C
710	0.01479	0.02208	A
711	0.01151	0.01253	G
712	0.03144	0.03169	A
713	0.02495	0.02538	A
714	0.0367	0.03859	C
715	0.00403	0.00413	G
716	0.00301	0.00301	C
717	0.00156	0.00156	C
718	0.00274	0.00299	T
719	0.00586	0.00616	G
720	0.03984	0.03999	A
721	0.02903	0.02913	A
722	0.05012	0.0509	C
723	0.0352	0.03588	G
724	0.00608	0.0071	C
725	0.00462	0.00476	A
726	0.0014	0.0014	G
727	0.00291	0.003	G
728	0.00508	0.00517	C
729	0.01971	0.02151	A
730	0.03718	0.03785	C
731	0.01932	0.021	A
732	0.01539	0.01553	T
733	0.02187	0.02235	A
734	0.03854	0.03986	C
735	0.01371	0.0138	T
736	0.00988	0.00988	T
737	0.02706	0.02706	C
738	0.01271	0.01294	C
739	0.01686	0.01734	T
740	0.0256	0.02873	A
741	0.01542	0.01542	T
742	0.01555	0.01595	T
743	0.02479	0.02863	C
744	0.01506	0.01587	T
745	0.02691	0.0309	A
746	0.03337	0.0349	C
747	0.02104	0.02329	A
748	0.03522	0.03538	C
749	0.02306	0.02311	C
750	0.01557	0.01567	C
751	0.01449	0.01459	T
752	0.01363	0.01405	A
753	0.00406	0.00406	G
754	0.00292	0.00308	T
755	0.00595	0.00638	A
756	0.00171	0.00171	G
757	0.00511	0.00511	G
758	0.0278	0.02925	C
759	0.01309	0.0152	T
760	0.02653	0.02653	C
761	0.02165	0.02165	C
762	0.02608	0.02693	C
763	0.01197	0.01202	T
764	0.01246	0.01297	T
765	0.02174	0.02185	C
766	0.03231	0.03243	C
767	0.00622	0.00634	C
768	0.01143	0.01143	C
769	0.00704	0.00848	T
770	0.01055	0.01107	A
771	0.00783	0.00801	C
772	0.00778	0.00911	T
773	0.03214	0.03371	C
774	0.02096	0.02483	A
775	0.01579	0.01695	T
776	0.03299	0.03414	C
777	0.01331	0.01418	G
778	0.02448	0.02477	C
779	0.0193	0.01952	A
780	0.02703	0.02738	C
781	0.01595	0.0184	T
782	0.01973	0.01973	A
783	0.01712	0.01735	A
784	0.01392	0.01398	T
785	0.01258	0.01264	T
786	0.00944	0.0095	T
787	0.02157	0.02474	A
788	0.0387	0.03916	C
789	0.01832	0.0186	A
790	0.02451	0.02503	C
791	0.02782	0.02916	T
792	0.02144	0.02173	C
793	0.01522	0.01679	A
794	0.02598	0.02683	C
795	0.02037	0.02087	A
796	0.0209	0.02171	A
797	0.02472	0.02719	C
798	0.01766	0.01849	A
799	0.02633	0.02633	C
800	0.02067	0.02067	C
801	0.01048	0.01069	C
802	0.01733	0.01808	T
803	0.02087	0.02128	A
804	0.00387	0.00387	G
805	0.006	0.006	G
806	0.00911	0.00933	C
807	0.00889	0.01026	T
808	0.00933	0.00975	C
809	0.01575	0.01654	A
810	0.033	0.03358	C
811	0.01762	0.01925	T
812	0.01656	0.01685	A
813	0.02027	0.02027	A
814	0.01598	0.01605	A
815	0.02536	0.0281	C
816	0.02472	0.02529	A
817	0.0136	0.01367	T
818	0.0186	0.01896	T
819	0.01926	0.02277	C
820	0.01451	0.01466	T
821	0.023	0.02372	A
822	0.02655	0.02714	C
823	0.01373	0.01467	T
824	0.01722	0.01842	A
825	0.02361	0.02468	C
826	0.0138	0.01575	T
827	0.02024	0.02169	C
828	0.01347	0.01401	A
829	0.02358	0.02419	C
830	0.01778	0.01857	T
831	0.01918	0.02027	C
832	0.01955	0.02096	T
833	0.02228	0.02291	C
834	0.0194	0.02091	A
835	0.02881	0.02961	C
836	0.02766	0.02838	T
837	0.00712	0.00809	G
838	0.01622	0.0163	C
839	0.01187	0.01187	C
840	0.01418	0.01434	C
841	0.01152	0.0116	A
842	0.01412	0.01412	A
843	0.00807	0.01015	G
844	0.01286	0.01286	A
845	0.01428	0.01452	A
846	0.02214	0.02288	C
847	0.02099	0.02116	T
848	0.02592	0.02609	A
849	0.02346	0.02526	T
850	0.02833	0.03023	C
851	0.02018	0.02036	A
852	0.01761	0.01788	A
853	0.02115	0.02133	A
854	0.02132	0.02279	C
855	0.00685	0.00799	T
856	0.01607	0.01642	C
857	0.01414	0.01459	C
858	0.01138	0.01242	T
859	0.00349	0.00445	G
860	0.0089	0.00943	A
861	0.00867	0.00885	G
862	0.00887	0.00914	C
863	0.00747	0.00755	C
864	0.02086	0.02112	A
865	0.01618	0.01645	A
866	0.03032	0.03214	C
867	0.01524	0.01524	A
868	0.01321	0.01321	A
869	0.02466	0.0255	C
870	0.02035	0.02052	T
871	0.01241	0.01258	T
872	0.01504	0.01537	A
873	0.02313	0.02346	A
874	0.01555	0.01589	T
875	0.02146	0.02222	A
876	0.01253	0.01303	T
877	0.00822	0.00855	G
878	0.0182	0.01879	A
879	0.02123	0.02148	C
880	0.01563	0.01622	T
881	0.0128	0.01314	A
882	0.0061	0.00628	G
883	0.00636	0.00636	C
884	0.0131	0.01318	T
885	0.01141	0.01141	T
886	0.01193	0.0196	A
887	0.02774	0.028	C
888	0.01794	0.01853	A
889	0.03559	0.03609	C
890	0.01965	0.01965	A
891	0.01698	0.01748	A
892	0.01553	0.01645	T
893	0.0103	0.0103	A
894	0.00566	0.00583	G
895	0.00591	0.00591	C
896	0.01297	0.01297	T
897	0.01323	0.01323	T
898	0.01168	0.01168	T
899	0.01252	0.01252	T
900	0.00928	0.01325	A
901	0.0158	0.01613	T
902	0.02132	0.02156	A
903	0.0073	0.00755	G
904	0.00491	0.0054	T
905	0.00916	0.00916	A
906	0.01012	0.01012	A
907	0.01296	0.01313	A
908	0.00335	0.00376	G
909	0.0191	0.02042	A
910	0.0133	0.01379	T
911	0.02111	0.02127	A
912	0.03574	0.03598	C
913	0.0183	0.0183	C
914	0.00798	0.00848	T
915	0.00414	0.00422	C
916	0.00871	0.00871	T
917	0.00516	0.00516	T
918	0.00249	0.00258	T
919	0.00502	0.00571	A
920	0.01991	0.02017	C
921	0.00679	0.00679	G
922	0.00712	0.00721	G
923	0.01367	0.0169	A
924	0.0149	0.01499	C
925	0.00877	0.01076	T
926	0.01582	0.01582	C
927	0.01655	0.01663	C
928	0.01179	0.01747	A
929	0.02605	0.02666	C
930	0.01911	0.01946	T
931	0.01289	0.01368	T
932	0.01191	0.02391	A
933	0.01508	0.0157	T
934	0.00846	0.00882	G
935	0.02073	0.02119	A
936	0.01675	0.01693	C
937	0.01286	0.01681	T
938	0.01613	0.01613	C
939	0.01474	0.01474	C
940	0.01684	0.01702	C
941	0.01486	0.01681	T
942	0.01107	0.01107	A
943	0.01174	0.01202	A
944	0.02237	0.02237	A
945	0.00606	0.00652	G
946	0.01675	0.01685	C
947	0.00913	0.00913	C
948	0.00925	0.00925	C
949	0.01117	0.01445	A
950	0.01291	0.0131	T
951	0.00913	0.00922	G
952	0.0175	0.01759	T
953	0.00984	0.01021	C
954	0.00828	0.00895	G
955	0.01155	0.01165	A
956	0.02421	0.0245	A
957	0.01715	0.01804	G
958	0.01738	0.01768	C
959	0.00354	0.00363	C
960	0.01013	0.01013	C
961	0.01244	0.01244	C
962	0.01127	0.01127	C
963	0.02154	0.02532	A
964	0.01371	0.01442	T
965	0.01289	0.01402	C
966	0.01363	0.01373	G
967	0.01301	0.01322	C
968	0.00826	0.00899	T
969	0.00436	0.00436	G
970	0.00342	0.00342	G
971	0.01241	0.01241	G
972	0.00881	0.00901	T
973	0.00831	0.00893	C
974	0.00928	0.00928	A
975	0.00749	0.00749	A
976	0.01266	0.01266	T
977	0.01218	0.01229	A
978	0.00388	0.00398	G
979	0.00297	0.00297	T
980	0.0039	0.0041	A
981	0.00564	0.00595	C
982	0.00678	0.00678	T
983	0.01358	0.01358	T
984	0.00818	0.00849	G
985	0.01824	0.01834	C
986	0.01627	0.01637	C
987	0.01589	0.01744	G
988	0.02299	0.0234	C
989	0.02219	0.02282	A
990	0.00471	0.00481	G
991	0.00388	0.00409	T
992	0.00402	0.00423	A
993	0.00598	0.00598	C
994	0.00939	0.00993	T
995	0.01906	0.01928	C
996	0.00883	0.00883	T
997	0.00874	0.00874	T
998	0.95075	0.95086	A
999	0.01906	0.01906	A
1000	0.02147	0.02147	A
1001	0.02256	0.02256	A
1002	0.0262	0.02842	C
1003	0.01749	0.01802	T
1004	0.02149	0.02256	A
1005	0.00255	0.00266	G
1006	0.00502	0.00502	G
1007	0.07103	0.07253	C
1008	0.00223	0.00223	G
1009	0.00406	0.00406	G
1010	0.00866	0.00898	C
1011	0.00608	0.0064	T
1012	0.01046	0.01057	A
1013	0.00404	0.00511	T
1014	0.00385	0.00385	G
1015	0.00543	0.00543	G
1016	0.00564	0.00564	T
1017	0.01462	0.01505	A
1018	0.00686	0.00943	T
1019	0.02177	0.02177	A
1020	0.01719	0.01918	A
1021	0.00817	0.00859	T
1022	0.01994	0.02175	A
1023	0.03288	0.03509	C
1024	0.01537	0.01547	G
1025	0.00839	0.00839	C
1026	0.00282	0.00293	C
1027	0.00934	0.01512	T
1028	0.01486	0.0156	C
1029	0.01841	0.02288	A
1030	0.03099	0.03162	C
1031	0.02003	0.02076	A
1032	0.0315	0.03243	C
1033	0.01375	0.01479	T
1034	0.0267	0.0269	C
1035	0.02223	0.02514	A
1036	0.01926	0.01926	T
1037	0.01458	0.0149	T
1038	0.02193	0.02538	C
1039	0.01664	0.01784	T
1040	0.03356	0.03467	C
1041	0.02092	0.02161	A
1042	0.02223	0.02397	A
1043	0.0182	0.01832	C
1044	0.01281	0.01281	C
1045	0.01865	0.01865	C
1046	0.0194	0.0194	C
1047	0.02032	0.02032	C
1048	0.0244	0.02801	T
1049	0.01369	0.01381	G
1050	0.01639	0.01686	A
1051	0.03072	0.03235	C
1052	0.02039	0.02062	A
1053	0.01277	0.01289	A
1054	0.0202	0.0202	A
1055	0.01081	0.01081	A
1056	0.0255	0.03217	C
1057	0.01719	0.01776	A
1058	0.01862	0.01897	C
1059	0.01662	0.01801	A
1060	0.01002	0.01212	T
1061	0.01705	0.01752	A
1062	0.00734	0.00758	G
1063	0.01311	0.01311	C
1064	0.00778	0.00778	C
1065	0.01742	0.01917	T
1066	0.02129	0.02344	A
1067	0.02281	0.02306	C
1068	0.01544	0.01556	C
1069	0.0159	0.0159	C
1070	0.01889	0.01901	C
1071	0.02046	0.02097	T
1072	0.0123	0.01243	T
1073	0.02001	0.02001	C
1074	0.01749	0.01762	C
1075	0.01879	0.01879	T
1076	0.01542	0.01568	T
1077	0.01406	0.01444	G
1078	0.00927	0.00953	T
1079	0.01912	0.01977	A
1080	0.02526	0.02565	C
1081	0.01455	0.01481	T
1082	0.01283	0.0163	A
1083	0.01167	0.01578	T
1084	0.02302	0.02316	C
1085	0.01945	0.01945	C
1086	0.01626	0.01626	C
1087	0.01038	0.01065	T
1088	0.01647	0.01687	A
1089	0.01013	0.01054	T
1090	0.00337	0.00431	G
1091	0.00791	0.00805	A
1092	0.00206	0.00206	G
1093	0.00214	0.0024	G
1094	0.01879	0.01931	C
1095	0.01598	0.01625	A
1096	0.00519	0.00946	T
1097	0.00737	0.00737	A
1098	0.0142	0.01534	A
1099	0.00931	0.00931	T
1100	0.00682	0.00808	T
1101	0.00985	0.01896	A
1102	0.01136	0.01785	T
1103	0.01856	0.01856	A
1104	0.01845	0.01931	A
1105	0.02924	0.03059	C
1106	0.01778	0.01778	A
1107	0.01937	0.01986	A
1108	0.00751	0.00788	G
1109	0.01797	0.01822	C
1110	0.01775	0.01995	T
1111	0.02113	0.02113	C
1112	0.01537	0.01586	C
1113	0.02289	0.02834	A
1114	0.01208	0.0132	T
1115	0.01331	0.01344	C
1116	0.00684	0.00684	T
1117	0.00313	0.00325	G
1118	0.01904	0.01904	C
1119	0.00622	0.0066	C
1120	0.00746	0.0077	T
1121	0.01504	0.01705	A
1122	0.01601	0.01626	C
1123	0.0072	0.00757	G
1124	0.01895	0.01895	A
1125	0.02882	0.02979	C
1126	0.02756	0.02756	A
1127	0.02179	0.02191	A
1128	0.02396	0.02409	A
1129	0.02403	0.02772	C
1130	0.0244	0.02607	A
1131	0.0056	0.00572	G
1132	0.01906	0.01918	A
1133	0.02664	0.02676	C
1134	0.01671	0.01706	C
1135	0.01607	0.02032	T
1136	0.01523	0.01546	A
1137	0.01232	0.01244	A
1138	0.02342	0.02354	A
1139	0.02581	0.02617	A
1140	0.01607	0.01735	T
1141	0.0341	0.03515	C
1142	0.00777	0.00823	G
1143	0.01262	0.01262	C
1144	0.00812	0.00928	T
1145	0.02796	0.02843	C
1146	0.01674	0.01904	A
1147	0.00962	0.00962	T
1148	0.00866	0.00889	T
1149	0.00812	0.00903	G
1150	0.02766	0.02892	C
1151	0.02545	0.02614	A
1152	0.01642	0.01676	T
1153	0.01918	0.02031	A
1154	0.03241	0.03352	C
1155	0.02004	0.02071	T
1156	0.02573	0.02672	C
1157	0.01844	0.01844	T
1158	0.01814	0.01825	T
1159	0.01966	0.01977	C
1160	0.01286	0.01286	A
1161	0.01363	0.01363	A
1162	0.00972	0.0127	T
1163	0.02325	0.02369	C
1164	0.01449	0.01517	A
1165	0.00572	0.0064	G
1166	0.00775	0.00787	C
1167	0.01584	0.0164	C
1168	0.01021	0.0152	A
1169	0.02625	0.02693	C
1170	0.02113	0.02352	A
1171	0.01045	0.0117	T
1172	0.02136	0.02216	A
1173	0.00475	0.00566	G
1174	0.0206	0.0206	C
1175	0.00908	0.00919	C
1176	0.01459	0.01459	C
1177	0.01475	0.01497	T
1178	0.01276	0.01287	C
1179	0.00887	0.00898	G
1180	0.00763	0.0084	T
1181	0.00924	0.00946	A
1182	0.00756	0.00778	G
1183	0.01038	0.01246	T
1184	0.02519	0.02519	A
1185	0.02214	0.02236	A
1186	0.02202	0.02223	C
1187	0.0248	0.0249	A
1188	0.00679	0.007	G
1189	0.02363	0.02363	C
1190	0.01778	0.01799	C
1191	0.02125	0.02292	A
1192	0.01899	0.01909	T
1193	0.02159	0.02201	T
1194	0.02018	0.02412	C
1195	0.02378	0.02524	T
1196	0.02367	0.02618	C
1197	0.01923	0.02079	A
1198	0.01759	0.02328	T
1199	0.02132	0.02183	C
1200	0.01512	0.01554	C
1201	0.01229	0.01229	A
1202	0.02352	0.02394	A
1203	0.01898	0.01962	A
1204	0.01327	0.01359	C
1205	0.01348	0.01359	C
1206	0.01381	0.01402	C
1207	0.01556	0.01556	C
1208	0.01789	0.01789	C
1209	0.02525	0.02785	T
1210	0.01071	0.01217	G
1211	0.0209	0.02121	A
1212	0.02212	0.02212	A
1213	0.01004	0.01035	G
1214	0.01444	0.01476	C
1215	0.01182	0.01182	T
1216	0.00999	0.0102	T
1217	0.01627	0.01898	C
1218	0.01777	0.01799	A
1219	0.02681	0.02681	C
1220	0.0225	0.02293	C
1221	0.00556	0.00556	G
1222	0.00798	0.00798	G
1223	0.00954	0.00964	C
1224	0.01257	0.01382	G
1225	0.0293	0.03036	C
1226	0.01775	0.01868	A
1227	0.01224	0.01234	G
1228	0.01561	0.01654	T
1229	0.01891	0.01932	C
1230	0.0196	0.02032	A
1231	0.01895	0.01916	T
1232	0.0196	0.02001	T
1233	0.02	0.02355	C
1234	0.02422	0.02584	T
1235	0.02104	0.02135	C
1236	0.0211	0.02283	A
1237	0.01182	0.01814	T
1238	0.019	0.0191	A
1239	0.01907	0.02191	A
1240	0.01858	0.0192	T
1241	0.02222	0.02369	C
1242	0.01105	0.01221	G
1243	0.01461	0.01472	C
1244	0.00805	0.00805	C
1245	0.01434	0.01434	C
1246	0.01666	0.02056	A
1247	0.02838	0.03005	C
1248	0.00821	0.00821	G
1249	0.00535	0.00535	G
1250	0.9459	0.9459	G
1251	0.01309	0.01309	C
1252	0.01433	0.01464	T
1253	0.01395	0.01602	T
1254	0.01128	0.01806	A
1255	0.0208	0.02163	C
1256	0.02428	0.02491	A
1257	0.00878	0.01103	T
1258	0.00852	0.00852	C
1259	0.00989	0.00989	C
1260	0.01647	0.01882	T
1261	0.0183	0.01871	C
1262	0.01958	0.0207	A
1263	0.01737	0.01737	T
1264	0.01226	0.01276	T
1265	0.01022	0.01819	A
1266	0.02138	0.0222	C
1267	0.01905	0.01947	T
1268	0.02217	0.02493	A
1269	0.01601	0.01601	T
1270	0.01692	0.01692	T
1271	0.01592	0.01848	C
1272	0.032	0.03211	T
1273	0.01639	0.0166	G
1274	0.0144	0.0144	C
1275	0.0083	0.00872	C
1276	0.02392	0.02753	T
1277	0.01752	0.01816	A
1278	0.01752	0.01784	G
1279	0.01762	0.01942	C
1280	0.01542	0.01553	A
1281	0.01891	0.01901	A
1282	0.01476	0.01476	A
1283	0.02038	0.02132	C
1284	0.02187	0.02375	T
1285	0.01649	0.01742	C
1286	0.01528	0.01559	A
1287	0.01718	0.01718	A
1288	0.01634	0.01656	A
1289	0.01794	0.01971	C
1290	0.01633	0.01665	T
1291	0.01501	0.01522	A
1292	0.02038	0.02132	C
1293	0.01073	0.01146	G
1294	0.01127	0.01127	A
1295	0.0204	0.02073	A
1296	0.0277	0.02864	C
1297	0.01626	0.01679	G
1298	0.01331	0.01363	C
1299	0.01393	0.01467	A
1300	0.01633	0.01655	C
1301	0.01413	0.01679	T
1302	0.02079	0.021	C
1303	0.01434	0.0154	A
1304	0.02326	0.02369	C
1305	0.0152	0.01648	A
1306	0.01403	0.01434	G
1307	0.02223	0.02329	T
1308	0.01702	0.01777	C
1309	0.01365	0.01419	G
1310	0.01184	0.01355	C
1311	0.01584	0.01584	A
1312	0.01902	0.0205	T
1313	0.01507	0.0155	C
1314	0.0164	0.01683	A
1315	0.01192	0.02064	T
1316	0.01617	0.01617	A
1317	0.01711	0.02042	A
1318	0.00547	0.00772	T
1319	0.01353	0.01407	C
1320	0.00645	0.00645	C
1321	0.00899	0.00945	T
1322	0.01834	0.01867	C
1323	0.02633	0.02782	T
1324	0.01846	0.01891	C
1325	0.03023	0.03169	T
1326	0.02389	0.02434	C
1327	0.01561	0.01651	A
1328	0.01342	0.01365	A
1329	0.00327	0.00327	G
1330	0.00224	0.00224	G
1331	0.00663	0.00888	A
1332	0.01548	0.01593	C
1333	0.01703	0.01703	T
1334	0.02246	0.0228	T
1335	0.0166	0.01795	C
1336	0.01503	0.01514	A
1337	0.01171	0.01182	A
1338	0.01323	0.01323	A
1339	0.0225	0.02341	C
1340	0.01735	0.01781	T
1341	0.01544	0.01556	C
1342	0.01764	0.01836	T
1343	0.01406	0.01875	A
1344	0.01725	0.01813	C
1345	0.01913	0.02521	T
1346	0.01385	0.01385	C
1347	0.01145	0.01145	C
1348	0.01058	0.01071	C
1349	0.01495	0.01707	A
1350	0.01852	0.01852	C
1351	0.01881	0.02339	T
1352	0.01444	0.01468	A
1353	0.01873	0.01873	A
1354	0.0124	0.01277	T
1355	0.01355	0.01405	A
1356	0.01005	0.01042	G
1357	0.01639	0.01688	C
1358	0.01285	0.01297	T
1359	0.01456	0.01456	T
1360	0.01291	0.01291	T
1361	0.01184	0.01184	T
1362	0.00797	0.00797	T
1363	0.01003	0.01052	G
1364	0.01356	0.0143	A
1365	0.01395	0.01444	T
1366	0.00785	0.00834	G
1367	0.01652	0.01701	A
1368	0.01178	0.01215	C
1369	0.02059	0.02059	T
1370	0.02359	0.02372	T
1371	0.01335	0.01485	C
1372	0.01499	0.01561	T
1373	0.016	0.01689	A
1374	0.01131	0.01169	G
1375	0.0088	0.01033	C
1376	0.01479	0.01479	A
1377	0.01313	0.01402	A
1378	0.00884	0.00923	G
1379	0.01489	0.01489	C
1380	0.00681	0.00694	C
1381	0.01327	0.01443	T
1382	0.01791	0.01804	C
1383	0.00861	0.00874	G
1384	0.01333	0.01372	C
1385	0.01496	0.01758	T
1386	0.01363	0.01376	A
1387	0.01794	0.01807	A
1388	0.02503	0.02503	C
1389	0.01043	0.01056	C
1390	0.01716	0.01809	T
1391	0.02412	0.02466	C
1392	0.01079	0.01188	G
1393	0.0181	0.0181	C
1394	0.01133	0.01147	C
1395	0.02279	0.02294	T
1396	0.02265	0.02325	T
1397	0.01164	0.01935	A
1398	0.0117	0.01245	C
1399	0.01051	0.01066	C
1400	0.00848	0.00863	C
1401	0.01475	0.01475	C
1402	0.02387	0.02387	C
1403	0.01803	0.01803	C
1404	0.01716	0.02616	A
1405	0.01682	0.01696	C
1406	0.02764	0.02912	T
1407	0.02669	0.02709	A
1408	0.01604	0.01604	T
1409	0.01727	0.0178	T
1410	0.01512	0.01525	A
1411	0.02284	0.02297	A
1412	0.02953	0.02966	C
1413	0.01605	0.01656	C
1414	0.02626	0.02689	T
1415	0.02262	0.02312	A
1416	0.02741	0.02741	C
1417	0.02061	0.02579	T
1418	0.01188	0.01188	G
1419	0.00163	0.00176	G
1420	0.00075	0.00075	G
1421	0.00378	0.00505	A
1422	0.00239	0.00252	G
1423	0.01949	0.01949	A
1424	0.01423	0.01448	A
1425	0.01888	0.01963	C
1426	0.02783	0.02835	T
1427	0.02423	0.02436	C
1428	0.02109	0.02134	T
1429	0.01117	0.01129	C
1430	0.01883	0.01996	T
1431	0.01081	0.01106	G
1432	0.01015	0.01153	T
1433	0.00702	0.00715	G
1434	0.00701	0.00752	C
1435	0.01368	0.0143	T
1436	0.00917	0.00929	A
1437	0.01563	0.01575	G
1438	0.0086	0.01445	T
1439	0.0137	0.0137	A
1440	0.02133	0.02158	A
1441	0.03003	0.03003	C
1442	0.01901	0.01901	C
1443	0.01573	0.01979	A
1444	0.02636	0.02636	C
1445	0.00502	0.00514	G
1446	0.00711	0.00724	T
1447	0.00478	0.00478	T
1448	0.01366	0.01796	C
1449	0.00454	0.00552	T
1450	0.00246	0.00246	C
1451	0.00184	0.00184	C
1452	0.0226	0.02358	T
1453	0.01839	0.01863	G
1454	0.01808	0.01808	A
1455	0.0167	0.01694	T
1456	0.02823	0.02859	C
1457	0.01718	0.01718	A
1458	0.02118	0.02142	A
1459	0.02178	0.0219	A
1460	0.01984	0.02203	T
1461	0.02477	0.02477	A
1462	0.02002	0.02071	T
1463	0.01839	0.01964	C
1464	0.01865	0.01876	A
1465	0.03016	0.0315	C
1466	0.02697	0.02809	T
1467	0.02484	0.02571	C
1468	0.01814	0.02364	T
1469	0.02121	0.02121	C
1470	0.01576	0.01631	C
1471	0.02236	0.02346	T
1472	0.02069	0.02146	A
1473	0.02499	0.02555	C
1474	0.01916	0.01927	T
1475	0.00891	0.00945	T
1476	0.0118	0.02348	A
1477	0.0118	0.01202	C
1478	0.00694	0.00804	A
1479	0.00243	0.00243	G
1480	0.00208	0.00208	G
1481	0.00641	0.00818	A
1482	0.0308	0.03091	C
1483	0.01283	0.01413	T
1484	0.02161	0.02248	C
1485	0.01147	0.0119	A
1486	0.01172	0.01183	A
1487	0.01995	0.02005	C
1488	0.02824	0.02887	A
1489	0.014	0.014	T
1490	0.01295	0.01337	A
1491	0.00912	0.00923	C
1492	0.01784	0.01826	T
1493	0.00719	0.00729	A
1494	0.00254	0.00254	G
1495	0.01519	0.01551	T
1496	0.00913	0.00934	C
1497	0.01041	0.01212	A
1498	0.0113	0.01173	C
1499	0.00534	0.00727	A
1500	0.00755	0.00882	G
1501	0.05283	0.05283	C
1502	0.01392	0.01392	C
1503	0.0107	0.0107	C
1504	0.01309	0.01394	T
1505	0.01985	0.02039	A
1506	0.01366	0.01453	T
1507	0.02501	0.02588	A
1508	0.01616	0.01705	C
1509	0.01291	0.01679	T
1510	0.00967	0.00988	C
1511	0.00939	0.00939	C
1512	0.0149	0.01511	C
1513	0.0238	0.02474	T
1514	0.02329	0.0236	C
1515	0.03125	0.03177	T
1516	0.02523	0.02574	A
1517	0.02735	0.02745	C
1518	0.01771	0.01871	A
1519	0.01667	0.01737	T
1520	0.01363	0.01432	A
1521	0.02118	0.02118	T
1522	0.01772	0.01782	T
1523	0.0182	0.0183	T
1524	0.02015	0.02345	A
1525	0.02796	0.02815	C
1526	0.01574	0.01574	C
1527	0.01362	0.02057	A
1528	0.02344	0.02549	C
1529	0.02246	0.02256	A
1530	0.01513	0.0156	A
1531	0.02122	0.02338	C
1532	0.01911	0.02098	A
1533	0.02742	0.02873	C
1534	0.01504	0.01504	A
1535	0.01591	0.01629	A
1536	0.01774	0.01859	T
1537	0.01115	0.01115	G
1538	0.00143	0.00143	G
1539	0.00181	0.00181	G
1540	0.00793	0.00793	G
1541	0.01968	0.02331	C
1542	0.015	0.01587	T
1543	0.01817	0.01894	C
1544	0.01276	0.01394	A
1545	0.02196	0.02245	C
1546	0.02557	0.02883	T
1547	0.02172	0.02192	C
1548	0.01205	0.01383	A
1549	0.02207	0.02207	C
1550	0.01394	0.01404	C
1551	0.00869	0.00869	C
1552	0.01527	0.01889	A
1553	0.02653	0.02653	C
1554	0.0202	0.02088	C
1555	0.01929	0.02258	A
1556	0.01972	0.0202	C
1557	0.01716	0.01783	A
1558	0.02084	0.02084	T
1559	0.02559	0.02597	T
1560	0.01545	0.01545	A
1561	0.01699	0.01729	A
1562	0.02677	0.02782	C
1563	0.01687	0.01697	A
1564	0.02755	0.02793	A
1565	0.02313	0.02494	C
1566	0.01612	0.01621	A
1567	0.01544	0.01992	T
1568	0.01508	0.01508	A
1569	0.01182	0.01182	A
1570	0.01861	0.01861	A
1571	0.01537	0.01595	A
1572	0.01895	0.01992	C
1573	0.00715	0.00715	C
1574	0.00873	0.00893	C
1575	0.02316	0.02443	T
1576	0.01262	0.01321	C
1577	0.01739	0.02055	A
1578	0.02288	0.02288	T
1579	0.01704	0.01804	T
1580	0.01868	0.01968	C
1581	0.01632	0.01722	A
1582	0.02404	0.02454	C
1583	0.01439	0.01479	A
1584	0.02008	0.02048	C
1585	0.01183	0.01234	G
1586	0.00997	0.01058	A
1587	0.00653	0.00766	G
1588	0.0155	0.0155	A
1589	0.00922	0.00922	A
1590	0.01415	0.01425	A
1591	0.01708	0.01719	A
1592	0.02072	0.02484	C
1593	0.01516	0.01633	A
1594	0.02283	0.02283	C
1595	0.00939	0.0095	C
1596	0.00996	0.00996	C
1597	0.01233	0.01276	T
1598	0.01643	0.01665	C
1599	0.0114	0.01239	A
1600	0.01039	0.01072	T
1601	0.0118	0.0118	G
1602	0.00999	0.00999	T
1603	0.02448	0.02448	T
1604	0.01914	0.01936	C
1605	0.01878	0.01924	A
1606	0.01976	0.02022	T
1607	0.01823	0.01976	A
1608	0.02146	0.02205	C
1609	0.01469	0.01492	A
1610	0.0277	0.02806	C
1611	0.00806	0.00843	C
1612	0.02211	0.02223	T
1613	0.01715	0.01971	A
1614	0.02244	0.02763	T
1615	0.0154	0.01566	C
1616	0.00806	0.00806	C
1617	0.00982	0.01035	C
1618	0.01092	0.01092	C
1619	0.00881	0.00894	C
1620	0.01821	0.02042	A
1621	0.01953	0.01953	T
1622	0.02664	0.02806	T
1623	0.01611	0.01934	C
1624	0.01336	0.01801	T
1625	0.01738	0.01738	C
1626	0.01264	0.01307	C
1627	0.01709	0.0197	T
1628	0.01824	0.01824	C
1629	0.00872	0.00932	C
1630	0.02565	0.02627	T
1631	0.01751	0.02037	A
1632	0.02031	0.02927	T
1633	0.01677	0.01693	C
1634	0.00796	0.00796	C
1635	0.0107	0.0107	C
1636	0.02452	0.02537	T
1637	0.01638	0.01708	C
1638	0.01006	0.01078	A
1639	0.01424	0.01442	A
1640	0.01791	0.01827	C
1641	0.00345	0.00345	C
1642	0.00404	0.00404	C
1643	0.0087	0.00889	C
1644	0.0128	0.0128	G
1645	0.0123	0.01267	A
1646	0.01596	0.01596	C
1647	0.01305	0.01325	A
1648	0.02076	0.02215	T
1649	0.01444	0.01503	C
1650	0.01957	0.01977	A
1651	0.02423	0.02423	T
1652	0.01876	0.01897	T
1653	0.01368	0.01889	A
1654	0.01874	0.01874	C
1655	0.01321	0.01321	C
1656	0.00446	0.00446	G
1657	0.00227	0.00227	G
1658	0.00482	0.00482	G
1659	0.00875	0.00875	T
1660	0.00894	0.00894	T
1661	0.01089	0.01089	T
1662	0.00963	0.00963	T
1663	0.01261	0.01261	C
1664	0.00643	0.00643	C
1665	0.01298	0.01298	T
1666	0.00789	0.00789	C
1667	0.00407	0.00407	T
1668	0.0003	0.0003	T
1669	0.0	0.0	A
1670	0.0	0.0	A
