Position	Mismatches	Mismatches + Deletions	Base
1	0.0	0.0	A
2	0.0	0.0	T
3	0.0	0.0	G
4	0.0	0.0	A
5	0.0	0.0	C
6	0.0	0.0	C
7	0.0	0.0	C
8	0.0	0.0	A
9	0.0	0.0	C
10	0.0	0.0	C
11	0.0	0.0	A
12	0.0	0.0	A
13	0.0	0.0	T
14	0.0	0.0	C
15	0.0	0.0	A
16	0.0	0.0	C
17	0.0	0.0	A
18	0.0	0.0	T
19	0.0	0.0	G
20	0.0	0.0	C
21	0.0	0.0	C
22	0.0	0.0	T
23	0.0	0.0	A
24	0.0	0.0	T
25	0.0	0.0	C
26	0.0	0.0	A
27	0.0	0.0	T
28	0.0	0.0	A
29	0.0	0.0	T
30	0.0	0.0	A
31	0.0	0.0	G
32	0.0	0.0	T
33	0.0	0.0	A
34	0.0	0.0	A
35	0.0	0.0	A
36	0.0	0.0	A
37	0.0	0.0	C
38	0.0	0.0	C
39	0.0	0.0	C
40	0.0	0.0	A
41	0.0	0.0	G
42	0.0	0.0	C
43	0.0	0.0	C
44	0.0	0.0	C
45	0.0	0.0	A
46	0.0	0.0	T
47	0.0	0.0	G
48	0.0	0.0	A
49	0.0	0.0	C
50	0.0	0.0	C
51	0.0	0.0	C
52	0.0	0.0	C
53	0.0	0.0	T
54	0.0	0.0	A
55	0.0	0.0	A
56	0.0	0.0	C
57	0.0	0.0	A
58	0.0	0.0	G
59	0.0	0.0	G
60	0.0	0.0	G
61	0.0	0.0	G
62	0.0	0.0	C
63	0.0	0.0	C
64	0.0	0.0	C
65	0.0	0.0	T
66	0.0	0.0	C
67	0.0	0.0	T
68	0.0	0.0	C
69	0.0	0.0	A
70	0.0	0.0	G
71	0.0	0.0	C
72	0.0	0.0	C
73	0.0	0.0	C
74	0.0	0.0	T
75	0.0	0.0	C
76	0.0	0.0	C
77	0.0	0.0	T
78	0.0	0.0	A
79	0.0	0.0	A
80	0.0	0.0	T
81	0.0	0.0	G
82	0.0	0.0	A
83	0.0	0.0	C
84	0.0	0.0	C
85	0.0	0.0	T
86	0.0	0.0	C
87	0.0	0.0	C
88	0.0	0.0	G
89	0.0	0.0	G
90	0.0	0.0	C
91	0.0	0.0	C
92	0.0	0.0	T
93	0.0	0.0	A
94	0.0	0.0	G
95	0.0	0.0	C
96	0.0	0.0	C
97	0.0	0.0	A
98	0.0	0.0	T
99	0.0	0.0	G
100	0.0	0.0	T
101	0.0	0.0	G
102	0.0	0.0	A
103	0.0	0.0	T
104	0.0	0.0	T
105	0.0	0.0	T
106	0.0	0.0	C
107	0.0	0.0	A
108	0.0	0.0	C
109	0.0	0.0	T
110	0.0	0.0	T
111	0.0	0.0	C
112	0.0	0.0	C
113	0.0	0.0	A
114	0.0	0.0	C
115	0.0	0.0	T
116	0.0	0.0	C
117	0.0	0.0	C
118	0.0	0.0	A
119	0.0	0.0	T
120	0.0	0.0	A
121	0.0	0.0	A
122	0.0	0.0	C
123	0.0	0.0	G
124	0.0	0.0	C
125	0.0	0.0	T
126	0.0	0.0	C
127	0.0	0.0	C
128	0.0	0.0	T
129	0.0	0.0	C
130	0.0	0.0	A
131	0.0	0.0	T
132	0.0	0.0	A
133	0.0	0.0	C
134	0.0	0.0	T
135	0.0	0.0	A
136	0.0	0.0	G
137	0.0	0.0	G
138	0.0	0.0	C
139	0.0	0.0	C
140	0.0	0.0	T
141	0.0	0.0	A
142	0.0	0.0	C
143	0.0	0.0	T
144	0.0	0.0	A
145	0.0	0.0	A
146	0.0	0.0	C
147	0.0	0.0	C
148	0.0	0.0	A
149	0.0	0.0	A
150	0.0	0.0	C
151	0.0	0.0	A
152	0.0	0.0	C
153	0.0	0.0	A
154	0.0	0.0	C
155	0.0	0.0	T
156	0.0	0.0	A
157	0.0	0.0	A
158	0.0	0.0	C
159	0.0	0.0	C
160	0.0	0.0	A
161	0.0	0.0	T
162	0.0	0.0	A
163	0.0	0.0	T
164	0.0	0.0	A
165	0.0	0.0	C
166	0.0	0.0	C
167	0.0	0.0	A
168	0.0	0.0	A
169	0.0	0.0	T
170	0.0	0.0	G
171	0.0	0.0	A
172	0.0	0.0	T
173	0.0	0.0	G
174	0.0	0.0	G
175	0.0	0.0	C
176	0.0	0.0	G
177	0.0	0.0	C
178	0.0	0.0	G
179	0.0	0.0	A
180	0.0	0.0	T
181	0.0	0.0	G
182	0.0	0.0	T
183	0.0	0.0	A
184	0.0	0.0	A
185	0.0	0.0	C
186	0.0	0.0	A
187	0.0	0.0	C
188	0.0	0.0	G
189	0.0	0.0	A
190	0.0	0.0	G
191	0.0	0.0	A
192	0.0	0.0	A
193	0.0	0.0	A
194	0.0	0.0	G
195	0.0	0.0	C
196	0.0	0.0	A
197	0.0	0.0	C
198	0.0	0.0	A
199	0.0	0.0	T
200	0.0	0.0	A
201	0.0	0.0	C
202	0.0	0.0	C
203	0.0	0.0	A
204	0.0	0.0	A
205	0.0	0.0	G
206	0.0	0.0	G
207	0.0	0.0	C
208	0.0	0.0	C
209	0.0	0.0	A
210	0.0	0.0	C
211	0.0	0.0	C
212	0.0	0.0	A
213	0.0	0.0	C
214	0.0	0.0	A
215	0.0	0.0	C
216	0.0	0.0	A
217	0.0	0.0	C
218	0.0	0.0	C
219	0.0	0.0	A
220	0.0	0.0	C
221	0.0	0.0	C
222	0.0	0.0	T
223	0.0	0.0	G
224	0.0	0.0	T
225	0.0	0.0	C
226	0.0	0.0	C
227	0.0	0.0	A
228	0.0	0.0	A
229	0.0	0.0	A
230	0.0	0.0	A
231	0.0	0.0	A
232	0.0	0.0	G
233	0.0	0.0	G
234	0.0	0.0	C
235	0.0	0.0	C
236	0.0	0.0	T
237	0.0	0.0	T
238	0.0	0.0	C
239	0.0	0.0	G
240	0.0	0.0	A
241	0.0	0.0	T
242	0.0	0.0	A
243	0.0	0.0	C
244	0.0	0.0	G
245	0.0	0.0	G
246	0.0	0.0	G
247	0.0	0.0	A
248	0.0	0.0	T
249	0.0	0.0	A
250	0.0	0.0	A
251	0.0	0.0	T
252	0.0	0.0	C
253	0.0	0.0	C
254	0.0	0.0	T
255	0.0	0.0	A
256	0.0	0.0	T
257	0.0	0.0	T
258	0.0	0.0	T
259	0.0	0.0	A
260	0.0	0.0	T
261	0.0	0.0	T
262	0.0	0.0	A
263	0.0	0.0	C
264	0.0	0.0	C
265	0.0	0.0	T
266	0.0	0.0	C
267	0.0	0.0	A
268	0.0	0.0	G
269	0.0	0.0	A
270	0.0	0.0	A
271	0.0	0.0	G
272	0.0	0.0	T
273	0.0	0.0	T
274	0.0	0.0	T
275	0.0	0.0	T
276	0.0	0.0	T
277	0.0	0.0	T
278	0.0	0.0	T
279	0.0	0.0	C
280	0.0	0.0	T
281	0.0	0.0	T
282	0.0	0.0	C
283	0.0	0.0	G
284	0.0	0.0	C
285	0.0	0.0	A
286	0.0	0.0	G
287	0.0	0.0	G
288	0.0	0.0	A
289	0.0	0.0	T
290	0.0	0.0	T
291	0.0	0.0	T
292	0.0	0.0	T
293	0.0	0.0	T
294	0.0	0.0	C
295	0.0	0.0	T
296	0.0	0.0	G
297	0.0	0.0	A
298	0.0	0.0	G
299	0.0	0.0	C
300	0.0	0.0	C
301	0.0	0.0	T
302	0.0	0.0	T
303	0.0	0.0	T
304	0.0	0.0	T
305	0.0	0.0	A
306	0.0	0.0	C
307	0.0	0.0	C
308	0.0	0.0	A
309	0.0	0.0	C
310	0.0	0.0	T
311	0.0	0.0	C
312	0.0	0.0	C
313	0.0	0.0	A
314	0.0	0.0	G
315	0.0	0.0	C
316	0.0	0.0	C
317	0.0	0.0	T
318	0.0	0.0	A
319	0.0	0.0	G
320	0.0	0.0	C
321	0.0	0.0	C
322	0.0	0.0	C
323	0.0	0.0	C
324	0.0	0.0	T
325	0.0	0.0	A
326	0.0	0.0	C
327	0.0	0.0	C
328	0.0	0.0	C
329	0.0	0.0	C
330	0.0	0.0	C
331	0.0	0.0	C
332	0.0	0.0	A
333	0.0	0.0	A
334	0.0	0.0	T
335	0.0	0.0	T
336	0.0	0.0	A
337	0.0	0.0	G
338	0.0	0.0	G
339	0.0	0.0	A
340	0.0	0.0	G
341	0.0	0.0	G
342	0.0	0.0	G
343	0.0	0.0	C
344	0.0	0.0	A
345	0.0	0.0	C
346	0.0	0.0	T
347	0.0	0.0	G
348	0.0	0.0	G
349	0.0	0.0	C
350	0.0	0.0	C
351	0.0	0.0	C
352	0.0	0.0	C
353	0.0	0.0	C
354	0.0	0.0	A
355	0.0	0.0	A
356	0.0	0.0	C
357	0.0	0.0	A
358	0.0	0.0	G
359	0.0	0.0	G
360	0.0	0.0	C
361	0.0	0.0	A
362	0.0	0.0	T
363	0.0	0.0	C
364	0.0	0.0	A
365	0.0	0.0	C
366	0.0	0.0	C
367	0.0	0.0	C
368	0.0	0.0	C
369	0.0	0.0	G
370	0.0	0.0	C
371	0.0	0.0	T
372	0.0	0.0	A
373	0.0	0.0	A
374	0.0	0.0	A
375	0.0	0.0	T
376	0.0	0.0	C
377	0.0	0.0	C
378	0.0	0.0	C
379	0.0	0.0	C
380	0.0	0.0	T
381	0.0	0.0	A
382	0.0	0.0	G
383	0.0	0.0	A
384	0.0	0.0	A
385	0.0	0.0	G
386	0.0	0.0	T
387	0.0	0.0	C
388	0.0	0.0	C
389	0.0	0.0	C
390	0.0	0.0	A
391	0.0	0.0	C
392	0.0	0.0	T
393	0.0	0.0	C
394	0.0	0.0	C
395	0.0	0.0	T
396	0.0	0.0	A
397	0.0	0.0	A
398	0.0	0.0	A
399	0.0	0.0	C
400	0.0	0.0	A
401	0.0	0.0	C
402	0.0	0.0	A
403	0.0	0.0	T
404	0.0	0.0	C
405	0.0	0.0	C
406	0.0	0.0	G
407	0.0	0.0	T
408	0.0	0.0	A
409	0.0	0.0	T
410	0.0	0.0	T
411	0.0	0.0	A
412	0.0	0.0	C
413	0.0	0.0	T
414	0.0	0.0	C
415	0.0	0.0	G
416	0.0	0.0	C
417	0.0	0.0	A
418	0.0	0.0	T
419	0.0	0.0	C
420	0.0	0.0	A
421	0.0	0.0	G
422	0.0	0.0	G
423	0.0	0.0	A
424	0.0	0.0	G
425	0.0	0.0	T
426	0.0	0.0	A
427	0.0	0.0	T
428	0.0	0.0	C
429	0.0	0.0	A
430	0.0	0.0	A
431	0.0	0.0	T
432	0.0	0.0	C
433	0.0	0.0	A
434	0.0	0.0	C
435	0.0	0.0	C
436	0.0	0.0	T
437	0.0	0.0	G
438	0.0	0.0	A
439	0.0	0.0	G
440	0.0	0.0	C
441	0.0	0.0	T
442	0.0	0.0	C
443	0.0	0.0	A
444	0.0	0.0	C
445	0.0	0.0	C
446	0.0	0.0	A
447	0.0	0.0	T
448	0.0	0.0	A
449	0.0	0.0	G
450	0.0	0.0	T
451	0.0	0.0	C
452	0.0	0.0	T
453	0.0	0.0	A
454	0.0	0.0	A
455	0.0	0.0	T
456	0.0	0.0	A
457	0.0	0.0	G
458	0.0	0.0	A
459	0.0	0.0	A
460	0.0	0.0	A
461	0.0	0.0	A
462	0.0	0.0	C
463	0.0	0.0	A
464	0.0	0.0	A
465	0.0	0.0	C
466	0.0	0.0	C
467	0.0	0.0	G
468	0.0	0.0	A
469	0.0	0.0	A
470	0.0	0.0	A
471	0.0	0.0	C
472	0.0	0.0	C
473	0.0	0.0	A
474	0.0	0.0	A
475	0.0	0.0	A
476	0.0	0.0	T
477	0.0	0.0	A
478	0.0	0.0	A
479	0.0	0.0	T
480	0.0	0.0	T
481	0.0	0.0	C
482	0.0	0.0	A
483	0.0	0.0	A
484	0.0	0.0	G
485	0.0	0.0	C
486	0.0	0.0	A
487	0.0	0.0	C
488	0.0	0.0	T
489	0.0	0.0	G
490	0.0	0.0	C
491	0.0	0.0	T
492	0.0	0.0	T
493	0.0	0.0	A
494	0.0	0.0	T
495	0.0	0.0	T
496	0.0	0.0	A
497	0.0	0.0	C
498	0.0	0.0	A
499	0.0	0.0	A
500	0.0	0.0	T
501	0.0	0.0	T
502	0.0	0.0	T
503	0.0	0.0	T
504	0.0	0.0	A
505	0.0	0.0	C
506	0.0	0.0	T
507	0.0	0.0	G
508	0.0	0.0	G
509	0.0	0.0	G
510	0.0	0.0	T
511	0.0	0.0	C
512	0.0	0.0	T
513	0.0	0.0	C
514	0.0	0.0	T
515	0.0	0.0	A
516	0.0	0.0	T
517	0.0	0.0	T
518	0.0	0.0	T
519	0.0	0.0	T
520	0.0	0.0	A
521	0.0	0.0	C
522	0.0	0.0	C
523	0.0	0.0	C
524	0.0	0.0	T
525	0.0	0.0	C
526	0.0	0.0	C
527	0.0	0.0	T
528	0.0	0.0	A
529	0.0	0.0	C
530	0.0	0.0	A
531	0.0	0.0	A
532	0.0	0.0	G
533	0.0	0.0	C
534	0.0	0.0	C
535	0.0	0.0	T
536	0.0	0.0	C
537	0.0	0.0	A
538	0.0	0.0	G
539	0.0	0.0	A
540	0.0	0.0	G
541	0.0	0.0	T
542	0.0	0.0	A
543	0.0	0.0	C
544	0.0	0.0	T
545	0.0	0.0	T
546	0.0	0.0	C
547	0.0	0.0	G
548	0.0	0.0	A
549	0.0	0.0	G
550	0.0	0.0	T
551	0.0	0.0	C
552	0.0	0.0	T
553	0.0	0.0	C
554	0.0	0.0	C
555	0.0	0.0	C
556	0.0	0.0	T
557	0.0	0.0	T
558	0.0	0.0	C
559	0.0	0.0	A
560	0.0	0.0	C
561	0.0	0.0	C
562	0.0	0.0	A
563	0.0	0.0	T
564	0.0	0.0	T
565	0.0	0.0	T
566	0.0	0.0	C
567	0.0	0.0	C
568	0.0	0.0	G
569	0.0	0.0	A
570	0.0	0.0	C
571	0.0	0.0	G
572	0.0	0.0	G
573	0.0	0.0	C
574	0.0	0.0	A
575	0.0	0.0	T
576	0.0	0.0	C
577	0.0	0.0	T
578	0.0	0.0	A
579	0.0	0.0	C
580	0.0	0.0	G
581	0.0	0.0	G
582	0.0	0.0	C
583	0.0	0.0	T
584	0.0	0.0	C
585	0.0	0.0	A
586	0.0	0.0	A
587	0.0	0.0	C
588	0.0	0.0	A
589	0.0	0.0	T
590	0.0	0.0	T
591	0.0	0.0	T
592	0.0	0.0	T
593	0.0	0.0	T
594	0.0	0.0	T
595	0.0	0.0	G
596	0.0	0.0	T
597	0.0	0.0	A
598	0.0	0.0	G
599	0.0	0.0	C
600	0.0	0.0	C
601	0.0	0.0	A
602	0.0	0.0	C
603	0.0	0.0	A
604	0.0	0.0	G
605	0.0	0.0	G
606	0.0	0.0	C
607	0.0	0.0	T
608	0.0	0.0	T
609	0.0	0.0	C
610	0.0	0.0	C
611	0.0	0.0	A
612	0.0	0.0	C
613	0.0	0.0	G
614	0.0	0.0	G
615	0.0	0.0	A
616	0.0	0.0	C
617	0.0	0.0	T
618	0.0	0.0	T
619	0.0	0.0	C
620	0.0	0.0	A
621	0.0	0.0	C
622	0.0	0.0	G
623	0.0	0.0	T
624	0.0	0.0	C
625	0.0	0.0	A
626	0.0	0.0	T
627	0.0	0.0	T
628	0.0	0.0	A
629	0.0	0.0	T
630	0.0	0.0	T
631	0.0	0.0	G
632	0.0	0.0	G
633	0.0	0.0	C
634	0.0	0.0	T
635	0.0	0.0	C
636	0.0	0.0	A
637	0.0	0.0	A
638	0.0	0.0	C
639	0.0	0.0	T
640	0.0	0.0	T
641	0.0	0.0	T
642	0.0	0.0	C
643	0.0	0.0	C
644	0.0	0.0	T
645	0.0	0.0	C
646	0.0	0.0	A
647	0.0	0.0	C
648	0.0	0.0	T
649	0.0	0.0	A
650	0.0	0.0	T
651	0.0	0.0	C
652	0.0	0.0	T
653	0.0	0.0	G
654	0.0	0.0	C
655	0.0	0.0	T
656	0.0	0.0	T
657	0.0	0.0	C
658	0.0	0.0	A
659	0.0	0.0	T
660	0.0	0.0	C
661	0.0	0.0	C
662	0.0	0.0	G
663	0.0	0.0	C
664	0.0	0.0	C
665	0.0	0.0	A
666	0.0	0.0	A
667	0.0	0.0	C
668	0.0	0.0	T
669	0.0	0.0	A
670	0.0	0.0	A
671	0.0	0.0	T
672	0.0	0.0	A
673	0.0	0.0	T
674	0.0	0.0	T
675	0.0	0.0	T
676	0.0	0.0	C
677	0.0	0.0	A
678	0.0	0.0	C
679	0.0	0.0	T
680	0.0	0.0	T
681	0.0	0.0	T
682	0.0	0.0	A
683	0.0	0.0	C
684	0.0	0.0	A
685	0.0	0.0	T
686	0.0	0.0	C
687	0.0	0.0	C
688	0.0	0.0	A
689	0.0	0.0	A
690	0.0	0.0	A
691	0.0	0.0	C
692	0.0	0.0	A
693	0.0	0.0	T
694	0.0	0.0	C
695	0.0	0.0	A
696	0.0	0.0	C
697	0.0	0.0	T
698	0.0	0.0	T
699	0.0	0.0	T
700	0.0	0.0	G
701	0.0	0.0	G
702	0.0	0.0	C
703	0.0	0.0	T
704	0.0	0.0	T
705	0.0	0.0	C
706	0.0	0.0	G
707	0.0	0.0	A
708	0.0	0.0	A
709	0.0	0.0	G
710	0.0	0.0	C
711	0.0	0.0	C
712	0.0	0.0	G
713	0.0	0.0	C
714	0.0	0.0	C
715	0.0	0.0	G
716	0.0	0.0	C
717	0.0	0.0	C
718	0.0	0.0	T
719	0.0	0.0	G
720	0.0	0.0	A
721	0.0	0.0	T
722	0.0	0.0	A
723	0.0	0.0	C
724	0.0	0.0	T
725	0.0	0.0	G
726	0.0	0.0	G
727	0.0	0.0	C
728	0.0	0.0	A
729	0.0	0.0	T
730	0.0	0.0	T
731	0.0	0.0	T
732	0.0	0.0	T
733	0.0	0.0	G
734	0.0	0.0	T
735	0.0	0.0	A
736	0.0	0.0	G
737	0.0	0.0	A
738	0.0	0.0	T
739	0.0	0.0	G
740	0.0	0.0	T
741	0.0	0.0	G
742	0.0	0.0	G
743	0.0	0.0	T
744	0.0	0.0	T
745	0.0	0.0	T
746	0.0	0.0	G
747	0.0	0.0	A
748	0.0	0.0	C
749	0.0	0.0	T
750	0.0	0.0	A
751	0.0	0.0	T
752	0.0	0.0	T
753	0.0	0.0	T
754	0.0	0.0	C
755	0.0	0.0	T
756	0.0	0.0	G
757	0.0	0.0	T
758	0.0	0.0	A
759	0.0	0.0	T
760	0.0	0.0	G
761	0.0	0.0	T
762	0.0	0.0	C
763	0.0	0.0	T
764	0.0	0.0	C
765	0.0	0.0	C
766	0.0	0.0	A
767	0.0	0.0	T
768	0.0	0.0	C
769	0.0	0.0	T
770	0.0	0.0	A
771	0.0	0.0	T
772	0.0	0.0	T
773	0.0	0.0	G
774	0.0	0.0	A
775	0.0	0.0	T
776	0.0	0.0	G
777	0.0	0.0	A
778	0.0	0.0	G
779	0.0	0.0	G
780	0.0	0.0	G
781	0.0	0.0	T
782	0.0	0.0	C
783	0.0	0.0	T
784	0.0	0.0	T
785	0.0	0.0	A
786	0.0	0.0	A
