Position	Mismatches	Mismatches + Deletions	Base
1	0.0	0.0	A
2	0.0	0.0	T
3	0.0	0.0	A
4	0.01632	0.01632	A
5	0.0198	0.0198	A
6	0.03503	0.03586	C
7	0.01716	0.01797	T
8	0.0064	0.0064	T
9	0.01967	0.0236	C
10	0.01152	0.01152	G
11	0.03464	0.03464	C
12	0.02428	0.02428	C
13	0.01861	0.01861	T
14	0.01801	0.01801	T
15	0.0067	0.0067	A
16	0.00638	0.00638	A
17	0.00863	0.00863	T
18	0.00851	0.00912	T
19	0.01208	0.01208	T
20	0.00952	0.00952	T
21	0.01176	0.01293	A
22	0.01659	0.01659	A
23	0.01304	0.01901	T
24	0.02905	0.02905	A
25	0.0282	0.03158	A
26	0.01229	0.01485	T
27	0.02576	0.02791	C
28	0.03354	0.03404	A
29	0.02333	0.02389	A
30	0.0249	0.02801	C
31	0.02605	0.02655	A
32	0.03369	0.0342	C
33	0.02013	0.02013	C
34	0.02059	0.02059	C
35	0.00844	0.01022	T
36	0.02389	0.02389	C
37	0.00786	0.00829	C
38	0.01044	0.01087	T
39	0.02473	0.0269	A
40	0.00639	0.00767	G
41	0.03053	0.03053	C
42	0.01858	0.01899	C
43	0.01654	0.01654	T
44	0.01317	0.01317	T
45	0.01254	0.02669	A
46	0.03468	0.03507	C
47	0.00972	0.00972	T
48	0.02001	0.0215	A
49	0.03534	0.03643	C
50	0.00828	0.01008	T
51	0.01859	0.01859	A
52	0.01201	0.01304	A
53	0.01311	0.01681	T
54	0.01387	0.01387	A
55	0.0138	0.01631	A
56	0.01116	0.01116	T
57	0.00711	0.00865	T
58	0.01345	0.03109	A
59	0.01145	0.01145	T
60	0.01055	0.01084	T
61	0.00577	0.02047	A
62	0.04049	0.04134	C
63	0.02612	0.02612	A
64	0.00758	0.00758	T
65	0.00888	0.00888	T
66	0.00933	0.00986	T
67	0.01178	0.01178	T
68	0.00689	0.00848	G
69	0.03206	0.03206	A
70	0.02628	0.02654	C
71	0.00917	0.00993	T
72	0.02878	0.02954	A
73	0.03314	0.03314	C
74	0.02657	0.02657	C
75	0.00966	0.01809	A
76	0.03512	0.03684	C
77	0.02365	0.02365	A
78	0.02972	0.03117	A
79	0.03787	0.04004	C
80	0.00935	0.00959	T
81	0.02797	0.02845	C
82	0.01966	0.02155	A
83	0.02482	0.02482	A
84	0.04534	0.04651	C
85	0.00796	0.00796	G
86	0.00585	0.00585	G
87	0.01145	0.01168	C
88	0.00741	0.00764	T
89	0.00647	0.00647	A
90	0.02153	0.02153	C
91	0.03686	0.03686	A
92	0.0134	0.01475	T
93	0.02047	0.02069	A
94	0.0044	0.00572	G
95	0.00219	0.00219	A
96	0.01225	0.01225	A
97	0.00768	0.00768	A
98	0.02317	0.02317	A
99	0.01834	0.01834	A
100	0.00802	0.0097	T
101	0.04081	0.04102	C
102	0.02337	0.02401	C
103	0.0114	0.02323	A
104	0.03002	0.03002	C
105	0.02689	0.02689	C
106	0.0253	0.0253	C
107	0.02604	0.02625	C
108	0.01728	0.01728	T
109	0.00997	0.00997	T
110	0.01536	0.03279	A
111	0.03271	0.03271	C
112	0.00393	0.00393	G
113	0.0291	0.03013	A
114	0.00455	0.00455	G
115	0.0111	0.01234	T
116	0.00227	0.00248	G
117	0.01808	0.01995	C
118	0.00309	0.00309	G
119	0.00473	0.00514	G
120	0.03594	0.03656	C
121	0.01346	0.01346	T
122	0.01248	0.01269	T
123	0.0387	0.03972	C
124	0.00898	0.00959	G
125	0.02892	0.03096	A
126	0.03275	0.03316	C
127	0.03029	0.03029	C
128	0.02992	0.02992	C
129	0.01241	0.01282	T
130	0.02842	0.03083	A
131	0.01476	0.01598	T
132	0.05327	0.0573	A
133	0.01607	0.01667	T
134	0.02517	0.02597	C
135	0.02583	0.02583	C
136	0.04766	0.04766	C
137	0.02066	0.02066	C
138	0.02238	0.02238	C
139	0.00898	0.00959	G
140	0.02779	0.02779	C
141	0.0092	0.0092	C
142	0.01906	0.01927	C
143	0.00742	0.00865	G
144	0.02605	0.02708	C
145	0.00843	0.00966	G
146	0.01208	0.01433	T
147	0.03338	0.03338	C
148	0.03902	0.03902	C
149	0.03357	0.03357	C
150	0.00594	0.00614	T
151	0.0131	0.0131	T
152	0.0111	0.0111	T
153	0.0257	0.02776	C
154	0.01307	0.01491	T
155	0.03286	0.03286	C
156	0.03177	0.03177	C
157	0.01984	0.02946	A
158	0.00795	0.01121	T
159	0.01832	0.01832	A
160	0.00585	0.00585	A
161	0.01939	0.01959	A
162	0.02738	0.03078	A
163	0.00721	0.00721	T
164	0.00422	0.00442	T
165	0.0185	0.03378	C
166	0.0066	0.0066	T
167	0.00747	0.00747	T
168	0.01634	0.0232	C
169	0.00827	0.00827	T
170	0.01148	0.01148	T
171	0.05248	0.07085	A
172	0.00424	0.00444	G
173	0.00885	0.00945	T
174	0.0189	0.02011	A
175	0.00323	0.00323	G
176	0.02303	0.02444	C
177	0.0101	0.0101	T
178	0.03328	0.0345	A
179	0.00893	0.00893	T
180	0.01214	0.01295	T
181	0.01306	0.02448	A
182	0.04175	0.04175	C
183	0.03442	0.03462	C
184	0.01014	0.01035	T
185	0.01166	0.01207	T
186	0.02395	0.03357	C
187	0.00942	0.00942	T
188	0.00763	0.00763	T
189	0.00882	0.03158	A
190	0.01434	0.01434	T
191	0.01049	0.01192	T
192	0.0119	0.04432	A
193	0.00993	0.00993	T
194	0.01546	0.01546	T
195	0.0151	0.01552	T
196	0.00603	0.00957	G
197	0.03176	0.03197	A
198	0.0103	0.01072	T
199	0.03803	0.03824	C
200	0.0117	0.01212	T
201	0.03403	0.03528	A
202	0.00775	0.00817	G
203	0.00884	0.00884	A
204	0.02799	0.02799	A
205	0.02921	0.02921	A
206	0.01275	0.01275	T
207	0.0169	0.0169	T
208	0.01099	0.01248	G
209	0.03799	0.03799	C
210	0.01916	0.01941	C
211	0.02828	0.02879	C
212	0.01018	0.01425	T
213	0.02444	0.02444	C
214	0.02507	0.02737	C
215	0.0072	0.0072	T
216	0.00972	0.00972	T
217	0.01528	0.01528	T
218	0.01879	0.01905	T
219	0.0328	0.03569	A
220	0.03319	0.03319	C
221	0.02555	0.02555	C
222	0.02685	0.02685	C
223	0.01704	0.01704	C
224	0.01445	0.01581	T
225	0.0301	0.03065	A
226	0.03664	0.03664	C
227	0.02675	0.02675	C
228	0.02153	0.02756	A
229	0.01484	0.01833	T
230	0.0077	0.00948	G
231	0.03368	0.03519	A
232	0.00709	0.00709	G
233	0.03127	0.03127	C
234	0.01646	0.01646	C
235	0.01951	0.01951	C
236	0.01421	0.01421	T
237	0.01763	0.01794	A
238	0.03415	0.03537	C
239	0.03547	0.03609	A
240	0.01493	0.01493	A
241	0.02004	0.02004	A
242	0.03524	0.03892	C
243	0.01753	0.01753	A
244	0.02637	0.02699	A
245	0.0318	0.03398	C
246	0.01255	0.01318	T
247	0.02879	0.02879	A
248	0.02409	0.02409	A
249	0.04009	0.04009	C
250	0.02851	0.02883	C
251	0.02339	0.02636	T
252	0.00804	0.00871	G
253	0.03043	0.03043	C
254	0.01777	0.01777	C
255	0.01726	0.02301	A
256	0.03284	0.03353	C
257	0.00983	0.01089	T
258	0.01851	0.01887	A
259	0.02549	0.02584	A
260	0.01283	0.01354	T
261	0.02458	0.02494	A
262	0.00718	0.00718	G
263	0.00971	0.00971	T
264	0.00753	0.00753	T
265	0.0185	0.02684	A
266	0.00847	0.00847	T
267	0.00412	0.00412	G
268	0.00931	0.0097	T
269	0.01929	0.02052	C
270	0.01845	0.02096	A
271	0.00948	0.01293	T
272	0.02843	0.02888	C
273	0.01344	0.01389	C
274	0.01884	0.01884	C
275	0.00545	0.00636	T
276	0.03371	0.03508	C
277	0.00417	0.00417	T
278	0.00704	0.00751	T
279	0.01093	0.03042	A
280	0.00578	0.00578	T
281	0.01006	0.01006	T
282	0.01812	0.01959	A
283	0.02595	0.02595	A
284	0.0099	0.0099	T
285	0.0224	0.02339	C
286	0.02213	0.02314	A
287	0.0098	0.0129	T
288	0.02295	0.024	C
289	0.02499	0.02552	A
290	0.00758	0.00812	T
291	0.01488	0.01544	C
292	0.00845	0.00845	C
293	0.01429	0.01549	T
294	0.03094	0.03403	A
295	0.00255	0.00255	G
296	0.0204	0.0204	C
297	0.00321	0.00321	C
298	0.00979	0.01044	C
299	0.01205	0.01339	T
300	0.0203	0.02233	A
301	0.03008	0.03008	A
302	0.013	0.013	G
303	0.01172	0.01172	T
304	0.0331	0.03379	C
305	0.0097	0.01247	T
306	0.00211	0.00211	G
307	0.00282	0.00282	G
308	0.01983	0.01983	C
309	0.01624	0.01624	C
310	0.00715	0.00715	T
311	0.01293	0.01293	A
312	0.01008	0.0108	T
313	0.0029	0.0029	G
314	0.02542	0.02542	A
315	0.0125	0.0125	G
316	0.01534	0.01534	T
317	0.00222	0.00222	G
318	0.02077	0.02151	A
319	0.02479	0.02479	C
320	0.0076	0.0076	T
321	0.01871	0.01871	A
322	0.0384	0.04	C
323	0.00242	0.00242	A
324	0.00805	0.00805	A
325	0.01696	0.01696	A
326	0.02183	0.02183	A
327	0.01552	0.01552	A
328	0.00083	0.00083	G
329	0.00251	0.00251	G
330	0.00853	0.01108	A
331	0.00783	0.00783	T
332	0.00787	0.00787	T
333	0.0271	0.03071	A
334	0.0064	0.00732	G
335	0.01644	0.01644	A
336	0.02498	0.02498	C
337	0.01128	0.01128	T
338	0.02117	0.02214	G
339	0.01567	0.01567	A
340	0.01753	0.01753	A
341	0.02673	0.02673	C
342	0.01802	0.01802	C
343	0.01245	0.01349	G
344	0.01038	0.01038	A
345	0.00315	0.00315	A
346	0.0	0.0	T
347	0.0	0.0	A
348	0.0	0.0	A
