Position	Mismatches	Mismatches + Deletions	Base
1	0.0	0.0	A
2	0.0	0.0	C
3	0.0	0.0	A
4	0.00745	0.00745	T
5	0.01969	0.01969	A
6	0.0346	0.03476	C
7	0.01694	0.01694	C
8	0.01658	0.01658	C
9	0.0177	0.02354	A
10	0.00615	0.0063	T
11	0.00323	0.00323	G
12	0.00245	0.00245	G
13	0.01622	0.01622	C
14	0.01285	0.01293	C
15	0.01853	0.01875	A
16	0.02473	0.02473	A
17	0.03221	0.03235	C
18	0.01491	0.01519	C
19	0.00497	0.00591	T
20	0.02502	0.02502	C
21	0.01297	0.01328	C
22	0.00501	0.00573	T
23	0.02281	0.02683	A
24	0.03116	0.0315	C
25	0.00519	0.00542	T
26	0.02105	0.02105	C
27	0.018	0.0184	C
28	0.00743	0.00888	T
29	0.0263	0.02652	C
30	0.02544	0.02926	A
31	0.00838	0.00841	T
32	0.00848	0.00854	T
33	0.00517	0.00654	G
34	0.00676	0.00822	T
35	0.0304	0.03201	A
36	0.05311	0.05329	C
37	0.02216	0.02216	C
38	0.01883	0.01883	C
39	0.02388	0.02738	A
40	0.00737	0.0074	T
41	0.00683	0.00686	T
42	0.0199	0.02561	C
43	0.00813	0.00856	T
44	0.01874	0.01915	A
45	0.03217	0.03251	A
46	0.00651	0.00707	T
47	0.03413	0.0348	C
48	0.00536	0.00558	G
49	0.03303	0.03383	C
50	0.02313	0.02321	A
51	0.02215	0.0222	A
52	0.00672	0.00688	T
53	0.00143	0.00143	G
54	0.00258	0.00261	G
55	0.01924	0.01999	C
56	0.02104	0.02286	A
57	0.00566	0.00566	T
58	0.00653	0.00656	T
59	0.03507	0.03509	C
60	0.024	0.024	C
61	0.00797	0.0095	T
62	0.01017	0.01139	A
63	0.01487	0.01498	A
64	0.0041	0.00417	T
65	0.00274	0.00289	G
66	0.00775	0.00785	C
67	0.00334	0.00339	T
68	0.00566	0.00571	T
69	0.01216	0.03388	A
70	0.05082	0.05082	C
71	0.02033	0.02036	C
72	0.00484	0.00594	G
73	0.01669	0.01695	A
74	0.02724	0.02736	A
75	0.04507	0.04704	C
76	0.00715	0.00877	G
77	0.00182	0.00186	A
78	0.01901	0.01934	A
79	0.0101	0.01021	A
80	0.02261	0.02265	A
81	0.04155	0.0416	A
82	0.00797	0.00836	T
83	0.00788	0.00792	T
84	0.02488	0.03019	C
85	0.00689	0.007	T
86	0.03176	0.0345	A
87	0.00145	0.00147	G
88	0.00301	0.00308	G
89	0.01311	0.01371	C
90	0.00351	0.00359	T
91	0.02508	0.02622	A
92	0.00863	0.00903	T
93	0.03929	0.04051	A
94	0.00903	0.01003	T
95	0.02654	0.0271	A
96	0.04481	0.04721	C
97	0.024	0.024	A
98	0.0296	0.03018	A
99	0.03907	0.04084	C
100	0.00791	0.00824	T
101	0.03575	0.03726	A
102	0.04457	0.04476	C
103	0.00426	0.00459	G
104	0.01541	0.0169	C
105	0.01891	0.01894	A
106	0.01803	0.01817	A
107	0.02256	0.02262	A
108	0.0043	0.00433	G
109	0.00477	0.00477	G
110	0.02581	0.02581	C
111	0.01204	0.01204	C
112	0.02936	0.02936	C
113	0.02982	0.02984	C
114	0.01917	0.01943	A
115	0.02434	0.02434	A
116	0.04853	0.04871	C
117	0.00394	0.004	G
118	0.00094	0.00094	T
119	0.0011	0.0011	T
120	0.00223	0.00227	G
121	0.00087	0.00103	T
122	0.00515	0.00554	A
123	0.0027	0.0027	G
124	0.00312	0.00312	G
125	0.00292	0.00292	C
126	0.00099	0.00099	C
127	0.00319	0.00319	C
128	0.0433	0.04333	C
129	0.01098	0.0124	T
130	0.04088	0.0421	A
131	0.06094	0.06134	C
132	0.00221	0.00223	G
133	0.00179	0.00179	G
134	0.00321	0.00321	G
135	0.00295	0.00379	C
136	0.00452	0.00455	T
137	0.03157	0.03214	A
138	0.00725	0.0073	C
139	0.00132	0.00132	T
140	0.00495	0.00513	A
141	0.00482	0.0049	C
142	0.00489	0.00489	A
143	0.00551	0.00685	A
144	0.00572	0.00574	C
145	0.01942	0.01947	C
146	0.01558	0.01558	C
147	0.00333	0.00333	T
148	0.00392	0.00392	T
149	0.02807	0.03064	C
150	0.00284	0.00294	G
151	0.01098	0.0111	C
152	0.00445	0.00474	T
153	0.00421	0.00548	G
154	0.04257	0.04495	A
155	0.04236	0.04287	C
156	0.00363	0.00366	G
157	0.01468	0.01468	C
158	0.01603	0.0161	C
159	0.01839	0.03057	A
160	0.00858	0.0092	T
161	0.02806	0.0281	A
162	0.01329	0.0133	A
163	0.02873	0.02879	A
164	0.04227	0.04311	A
165	0.01572	0.01998	C
166	0.00356	0.00374	T
167	0.01347	0.01368	C
168	0.00335	0.00336	T
169	0.00582	0.0062	T
170	0.02955	0.03462	C
171	0.03028	0.0318	A
172	0.05271	0.05272	C
173	0.0401	0.04039	C
174	0.01394	0.01396	A
175	0.02241	0.02258	A
176	0.01936	0.0195	A
177	0.00422	0.00445	G
178	0.01614	0.01708	A
179	0.00569	0.00588	G
180	0.03208	0.03233	C
181	0.01351	0.01351	C
182	0.02444	0.02447	C
183	0.02304	0.02306	C
184	0.00781	0.00827	T
185	0.01999	0.02081	A
186	0.01218	0.01222	A
187	0.02773	0.0278	A
188	0.02664	0.02672	A
189	0.03332	0.03433	C
190	0.02247	0.02251	C
191	0.03256	0.03286	C
192	0.00384	0.00515	G
193	0.02465	0.02465	C
194	0.01995	0.02006	C
195	0.01637	0.02107	A
196	0.03795	0.03861	C
197	0.02145	0.02376	A
198	0.00842	0.00885	T
199	0.0289	0.02922	C
200	0.00868	0.00911	T
201	0.02992	0.03065	A
202	0.04572	0.04574	C
203	0.01972	0.01987	C
204	0.02938	0.03628	A
205	0.01122	0.01473	T
206	0.02888	0.03008	C
207	0.01962	0.02179	A
208	0.03264	0.03273	C
209	0.01514	0.01518	C
210	0.01382	0.01416	C
211	0.00572	0.00655	T
212	0.02333	0.02368	C
213	0.00583	0.00609	T
214	0.02593	0.02704	A
215	0.03993	0.04026	C
216	0.03047	0.03173	A
217	0.00782	0.00885	T
218	0.02846	0.0297	C
219	0.0245	0.02529	A
220	0.03471	0.03472	C
221	0.03206	0.0327	C
222	0.00609	0.00757	G
223	0.02108	0.02108	C
224	0.01018	0.01018	C
225	0.01637	0.01637	C
226	0.02106	0.02116	C
227	0.00292	0.00481	G
228	0.02038	0.02043	A
229	0.02177	0.02177	C
230	0.01569	0.01569	C
231	0.00431	0.00438	T
232	0.00669	0.00669	T
233	0.02249	0.02903	A
234	0.00347	0.00357	G
235	0.02377	0.02419	C
236	0.00518	0.00559	T
237	0.02612	0.02663	C
238	0.00688	0.00909	T
239	0.02898	0.0296	C
240	0.02028	0.02124	A
241	0.03079	0.03079	C
242	0.01697	0.01744	C
243	0.01824	0.0225	A
244	0.00707	0.00738	T
245	0.03719	0.03735	C
246	0.00508	0.00541	G
247	0.02835	0.02878	C
248	0.00499	0.00548	T
249	0.03309	0.03332	C
250	0.00559	0.00565	T
251	0.00705	0.00717	T
252	0.02136	0.02603	C
253	0.00725	0.00735	T
254	0.03048	0.03145	A
255	0.04172	0.04369	C
256	0.00752	0.00778	T
257	0.03038	0.03153	A
258	0.01236	0.01355	T
259	0.02255	0.02608	G
260	0.02173	0.02244	A
261	0.03315	0.03364	A
262	0.02789	0.04518	C
263	0.01455	0.01463	C
264	0.01904	0.01904	C
265	0.02025	0.02025	C
266	0.01907	0.01907	C
267	0.01598	0.01613	C
268	0.00912	0.01116	T
269	0.01736	0.01736	C
270	0.02189	0.02189	C
271	0.02699	0.02699	C
272	0.02139	0.02143	C
273	0.01417	0.0334	A
274	0.01422	0.01581	T
275	0.02439	0.02475	A
276	0.04352	0.04383	C
277	0.0257	0.02593	C
278	0.03248	0.03303	C
279	0.01522	0.01583	A
280	0.01735	0.01936	A
281	0.02039	0.02046	C
282	0.02083	0.02104	C
283	0.0109	0.0111	C
284	0.01237	0.01239	C
285	0.00986	0.00988	C
286	0.00413	0.00604	T
287	0.00192	0.00194	G
288	0.0039	0.0039	G
289	0.00357	0.00541	T
290	0.01409	0.01452	C
291	0.01691	0.017	A
292	0.02975	0.0298	A
293	0.04169	0.04181	C
294	0.02563	0.02588	C
295	0.00655	0.01246	T
296	0.03305	0.03585	C
297	0.0165	0.02133	A
298	0.02243	0.02243	A
299	0.03033	0.03045	C
300	0.00496	0.00508	C
301	0.00396	0.00438	T
302	0.01123	0.01381	A
303	0.00187	0.0019	G
304	0.00224	0.00227	G
305	0.0089	0.00894	C
306	0.01304	0.01315	C
307	0.0048	0.00623	T
308	0.03375	0.03375	C
309	0.01582	0.01634	C
310	0.00573	0.0062	T
311	0.0162	0.01741	A
312	0.00851	0.00854	T
313	0.00868	0.00868	T
314	0.01032	0.01035	T
315	0.0277	0.03216	A
316	0.0091	0.0091	T
317	0.01034	0.01048	T
318	0.03364	0.04014	C
319	0.01452	0.01526	T
320	0.03622	0.03997	A
321	0.00747	0.00779	G
322	0.02906	0.0294	C
323	0.01351	0.01378	C
324	0.01409	0.02045	A
325	0.02856	0.02861	C
326	0.02206	0.02231	C
327	0.00692	0.00786	T
328	0.03042	0.03147	C
329	0.00719	0.00737	T
330	0.04233	0.04604	A
331	0.0023	0.0024	G
332	0.01016	0.01024	C
333	0.00482	0.0049	C
334	0.00393	0.00436	T
335	0.01067	0.01162	A
336	0.00255	0.00268	G
337	0.04046	0.04048	C
338	0.03277	0.03277	C
339	0.00569	0.00604	G
340	0.00646	0.00657	T
341	0.00753	0.00753	T
342	0.00827	0.00837	T
343	0.02992	0.0331	A
344	0.04409	0.04429	C
345	0.0088	0.00961	T
346	0.0403	0.04136	C
347	0.02593	0.02694	A
348	0.02963	0.03021	A
349	0.00852	0.00927	T
350	0.03339	0.03339	C
351	0.02391	0.02446	C
352	0.00604	0.00685	T
353	0.02703	0.02708	C
354	0.00415	0.00428	T
355	0.00277	0.00357	G
356	0.00656	0.00681	A
357	0.00228	0.00317	T
358	0.009	0.00905	C
359	0.0066	0.00676	A
360	0.00117	0.00117	G
361	0.00155	0.00158	G
362	0.00387	0.00392	G
363	0.00348	0.00469	T
364	0.00291	0.00312	G
365	0.02011	0.0205	A
366	0.0061	0.00661	G
367	0.02737	0.0284	C
368	0.02048	0.02063	A
369	0.00664	0.00767	T
370	0.02842	0.0287	C
371	0.02985	0.02993	A
372	0.02828	0.02891	A
373	0.04086	0.04094	A
374	0.02167	0.02393	C
375	0.00591	0.00855	T
376	0.01786	0.01857	C
377	0.02477	0.02557	A
378	0.05006	0.05021	A
379	0.02968	0.02988	A
380	0.04023	0.04376	C
381	0.00466	0.00508	T
382	0.03462	0.03896	A
383	0.01861	0.01903	C
384	0.00408	0.00421	G
385	0.00487	0.00487	C
386	0.00271	0.00271	C
387	0.01063	0.01066	C
388	0.00272	0.0034	T
389	0.00441	0.00697	G
390	0.02276	0.02283	A
391	0.00653	0.00658	T
392	0.05739	0.05819	C
393	0.00288	0.00288	G
394	0.00433	0.00433	G
395	0.02321	0.02344	C
396	0.00538	0.00558	G
397	0.03044	0.03086	C
398	0.02201	0.02301	A
399	0.03136	0.03161	C
400	0.00438	0.00473	T
401	0.00329	0.00391	G
402	0.05788	0.05926	C
403	0.00394	0.00427	G
404	0.02429	0.02474	A
405	0.00556	0.00651	G
406	0.06803	0.06843	C
407	0.02532	0.02575	A
408	0.00733	0.00748	G
409	0.00453	0.00595	T
410	0.04118	0.04277	A
411	0.00623	0.00649	G
412	0.01421	0.01436	C
413	0.01655	0.01663	C
414	0.0191	0.01915	C
415	0.00986	0.01023	A
416	0.03254	0.03267	A
417	0.02566	0.02566	A
418	0.04942	0.05457	C
419	0.02058	0.02058	A
420	0.02534	0.02579	A
421	0.00892	0.00978	T
422	0.03333	0.0335	C
423	0.00684	0.00834	T
424	0.03379	0.03402	C
425	0.03027	0.03358	A
426	0.00912	0.00929	T
427	0.02679	0.0279	A
428	0.00823	0.00833	T
429	0.00351	0.00433	G
430	0.02459	0.02467	A
431	0.03346	0.03364	A
432	0.00644	0.00695	G
433	0.01162	0.01687	T
434	0.02367	0.02446	C
435	0.02355	0.02405	A
436	0.02777	0.0278	C
437	0.0202	0.02022	C
438	0.00698	0.00709	C
439	0.00739	0.00786	T
440	0.02578	0.027	A
441	0.00292	0.00312	G
442	0.02366	0.02369	C
443	0.00845	0.00859	C
444	0.01633	0.02047	A
445	0.00561	0.00663	T
446	0.02493	0.02525	C
447	0.02913	0.03023	A
448	0.00833	0.00833	T
449	0.00746	0.00766	T
450	0.02711	0.0328	C
451	0.0086	0.00877	T
452	0.02522	0.02591	A
453	0.04386	0.04532	C
454	0.0089	0.00933	T
455	0.03023	0.03167	A
456	0.00969	0.0109	T
457	0.03675	0.03817	C
458	0.0259	0.02604	A
459	0.025	0.02538	A
460	0.03571	0.03652	C
461	0.0336	0.03436	A
462	0.01319	0.01391	T
463	0.01019	0.01035	T
464	0.01112	0.02911	A
465	0.04246	0.04342	C
466	0.00897	0.00933	T
467	0.02895	0.02933	A
468	0.02787	0.02855	A
469	0.00792	0.00832	T
470	0.03353	0.03353	A
471	0.03474	0.03639	A
472	0.00336	0.00365	G
473	0.00613	0.00653	T
474	0.00228	0.00231	G
475	0.00205	0.00211	G
476	0.01048	0.01121	C
477	0.00468	0.00494	T
478	0.03502	0.03505	C
479	0.02306	0.02349	C
480	0.00551	0.00551	T
481	0.00704	0.00712	T
482	0.00914	0.00917	T
483	0.0245	0.02586	A
484	0.02983	0.02987	A
485	0.04034	0.04039	C
486	0.01992	0.02	C
487	0.01003	0.01116	T
488	0.02043	0.02053	C
489	0.00688	0.00752	T
490	0.02175	0.02178	C
491	0.01551	0.01573	C
492	0.00937	0.02255	A
493	0.02254	0.02254	C
494	0.02032	0.02032	C
495	0.02378	0.02395	C
496	0.00614	0.00624	T
497	0.00714	0.00728	T
498	0.01604	0.0277	A
499	0.00878	0.01069	T
500	0.03214	0.03271	C
501	0.03898	0.03968	A
502	0.0265	0.02764	C
503	0.01769	0.01775	A
504	0.01277	0.01306	A
505	0.02307	0.02414	C
506	0.02146	0.02182	A
507	0.02513	0.02591	C
508	0.01908	0.01908	A
509	0.02049	0.02095	A
510	0.00433	0.00585	G
511	0.01795	0.01795	A
512	0.01677	0.01715	A
513	0.01808	0.01924	C
514	0.03145	0.03221	A
515	0.03385	0.03392	C
516	0.01872	0.01892	C
517	0.00622	0.00733	T
518	0.0268	0.02686	C
519	0.00701	0.00742	T
520	0.00388	0.00478	G
521	0.02975	0.03018	A
522	0.00969	0.00971	T
523	0.00907	0.00931	T
524	0.01637	0.0327	A
525	0.03332	0.03372	C
526	0.00539	0.00554	T
527	0.02599	0.02599	C
528	0.01278	0.0132	C
529	0.00648	0.00711	T
530	0.00281	0.00292	G
531	0.01424	0.01424	C
532	0.00699	0.00713	C
533	0.01674	0.02092	A
534	0.00536	0.00642	T
535	0.02883	0.02908	C
536	0.02846	0.02997	A
537	0.01535	0.01605	T
538	0.00382	0.00506	G
539	0.02794	0.02817	A
540	0.02442	0.02454	C
541	0.02096	0.02096	C
542	0.02586	0.02591	C
543	0.00642	0.00642	T
544	0.00697	0.00704	T
545	0.00273	0.00273	G
546	0.00233	0.00233	G
547	0.01377	0.01379	C
548	0.02349	0.02353	C
549	0.01123	0.01897	A
550	0.00711	0.00736	T
551	0.02307	0.02307	A
552	0.02339	0.02611	A
553	0.0088	0.009	T
554	0.02728	0.0283	A
555	0.00802	0.00819	T
556	0.00274	0.00307	G
557	0.02489	0.02506	A
558	0.0074	0.0074	T
559	0.00743	0.00752	T
560	0.00803	0.00806	T
561	0.0209	0.02398	A
562	0.00889	0.00919	T
563	0.02437	0.02475	C
564	0.00836	0.00919	T
565	0.02461	0.02472	C
566	0.01775	0.01817	C
567	0.01012	0.02391	A
568	0.03237	0.03334	C
569	0.03158	0.03426	A
570	0.04115	0.04289	C
571	0.00808	0.00861	T
572	0.02115	0.0218	A
573	0.0053	0.00609	G
574	0.01841	0.01854	C
575	0.03928	0.03987	A
576	0.00276	0.00305	G
577	0.00882	0.01104	A
578	0.00292	0.00321	G
579	0.00859	0.00878	A
580	0.00898	0.00915	C
581	0.01575	0.01598	C
582	0.02083	0.021	A
583	0.02661	0.02671	A
584	0.03766	0.03781	C
585	0.00665	0.00669	C
586	0.00558	0.00612	G
587	0.0193	0.02043	A
588	0.0063	0.0076	A
589	0.00418	0.0042	C
590	0.00281	0.00281	C
591	0.00261	0.00261	C
592	0.00311	0.00311	C
593	0.00437	0.00437	C
594	0.00108	0.0011	T
595	0.00117	0.00119	T
596	0.00345	0.00362	C
597	0.00341	0.00351	G
598	0.04115	0.04133	A
599	0.02644	0.02646	C
600	0.02638	0.02648	C
601	0.00697	0.00706	T
602	0.00913	0.00917	T
603	0.00255	0.00296	G
604	0.02231	0.02235	C
605	0.00273	0.00273	C
606	0.0038	0.00386	G
607	0.0056	0.00568	A
608	0.00561	0.00563	A
609	0.00215	0.00217	G
610	0.00152	0.00152	G
611	0.00239	0.00239	G
612	0.00171	0.00171	G
613	0.01557	0.01719	A
614	0.00397	0.00415	G
615	0.00206	0.00225	T
616	0.01085	0.0109	C
617	0.00583	0.00583	C
618	0.00532	0.00571	G
619	0.01903	0.01905	A
620	0.03395	0.03395	A
621	0.05061	0.05247	C
622	0.00536	0.0054	T
623	0.06055	0.06145	A
624	0.00176	0.00176	G
625	0.0019	0.00438	T
626	0.00523	0.00525	C
627	0.00697	0.01451	T
628	0.00851	0.00869	C
629	0.05356	0.0556	A
630	0.00233	0.00235	G
631	0.00372	0.00372	G
632	0.00584	0.00616	C
633	0.0032	0.00322	T
634	0.00582	0.00585	T
635	0.03935	0.04132	C
636	0.02922	0.02957	A
637	0.03097	0.03107	A
638	0.04643	0.04711	C
639	0.03202	0.03211	A
640	0.00957	0.01003	T
641	0.03551	0.03567	C
642	0.00538	0.00551	G
643	0.03215	0.03226	A
644	0.02401	0.02434	A
645	0.00771	0.00828	T
646	0.03528	0.03672	A
647	0.05171	0.05329	C
648	0.00466	0.0049	G
649	0.02134	0.02144	C
650	0.01653	0.01663	C
651	0.00584	0.0091	G
652	0.03016	0.03252	C
653	0.02987	0.03249	A
654	0.00275	0.00292	G
655	0.00372	0.00393	G
656	0.01585	0.01588	C
657	0.01827	0.01827	C
658	0.02603	0.02605	C
659	0.02711	0.02711	C
660	0.00462	0.00462	T
661	0.00604	0.00624	T
662	0.02839	0.03049	C
663	0.00459	0.00518	G
664	0.03385	0.03385	C
665	0.01891	0.01891	C
666	0.01607	0.01609	C
667	0.00293	0.00327	T
668	0.0238	0.0251	A
669	0.00545	0.00545	T
670	0.00586	0.00588	T
671	0.01691	0.02591	C
672	0.00646	0.00648	T
673	0.00732	0.00752	T
674	0.03253	0.03427	C
675	0.02872	0.0308	A
676	0.0084	0.00963	T
677	0.02865	0.0318	A
678	0.00363	0.00407	G
679	0.05398	0.05411	C
680	0.01697	0.017	C
681	0.00567	0.00671	G
682	0.0268	0.0271	A
683	0.01768	0.01781	A
684	0.0111	0.01161	T
685	0.03028	0.03068	A
686	0.039	0.03991	C
687	0.01496	0.01531	A
688	0.03384	0.03674	C
689	0.02743	0.02753	A
690	0.01818	0.01818	A
691	0.01243	0.01272	A
692	0.02748	0.03197	C
693	0.01849	0.01893	A
694	0.00872	0.00904	T
695	0.00703	0.00713	T
696	0.00969	0.025	A
697	0.00992	0.00998	T
698	0.0102	0.01071	T
699	0.01068	0.02954	A
700	0.01015	0.01073	T
701	0.03211	0.03215	A
702	0.02327	0.02587	A
703	0.01012	0.0111	T
704	0.03179	0.03179	A
705	0.02619	0.02619	A
706	0.03541	0.03703	A
707	0.03587	0.03957	C
708	0.02285	0.02311	A
709	0.02853	0.02859	C
710	0.01105	0.01105	C
711	0.01127	0.01148	C
712	0.01827	0.01959	T
713	0.02518	0.02536	C
714	0.01978	0.02194	A
715	0.03051	0.03051	C
716	0.01975	0.0201	C
717	0.01121	0.02434	A
718	0.0298	0.03061	C
719	0.00606	0.00659	T
720	0.02831	0.02855	A
721	0.0371	0.03752	C
722	0.02441	0.02443	A
723	0.02156	0.02225	A
724	0.00559	0.00629	T
725	0.02469	0.02524	C
726	0.00639	0.00647	T
727	0.00706	0.00724	T
728	0.03472	0.03478	C
729	0.0154	0.01558	C
730	0.00604	0.00642	T
731	0.03204	0.03313	A
732	0.00283	0.00286	G
733	0.00365	0.00369	G
734	0.056	0.05602	A
735	0.0178	0.0179	A
736	0.02479	0.02564	C
737	0.01845	0.01845	A
738	0.01666	0.01693	A
739	0.02808	0.02853	C
740	0.01897	0.01921	A
741	0.00492	0.00513	T
742	0.01763	0.01795	A
743	0.00916	0.00927	T
744	0.00281	0.00366	G
745	0.03325	0.03373	A
746	0.0511	0.05162	C
747	0.01	0.01058	G
748	0.03026	0.03197	C
749	0.02679	0.02736	A
750	0.02795	0.02838	C
751	0.00752	0.0091	T
752	0.0285	0.02939	C
753	0.00743	0.00836	T
754	0.0255	0.0255	C
755	0.02359	0.02361	C
756	0.02652	0.02652	C
757	0.02228	0.02236	C
758	0.00597	0.00691	T
759	0.00504	0.00576	G
760	0.0267	0.02695	A
761	0.0245	0.02467	A
762	0.03074	0.03137	C
763	0.00573	0.0058	T
764	0.02462	0.02496	C
765	0.00739	0.00752	T
766	0.02762	0.02871	A
767	0.03593	0.03642	C
768	0.02699	0.028	A
769	0.03707	0.03861	C
770	0.02826	0.02826	A
771	0.03092	0.03123	A
772	0.02317	0.02418	C
773	0.01717	0.01785	A
774	0.0054	0.00569	T
775	0.01394	0.01424	A
776	0.00393	0.00393	T
777	0.00418	0.00418	T
778	0.00501	0.00501	T
779	0.00581	0.00581	T
780	0.00286	0.00348	G
781	0.00499	0.00621	T
782	0.01433	0.01449	C
783	0.02855	0.02885	A
784	0.02877	0.02877	C
785	0.0208	0.02107	C
786	0.02273	0.0228	A
787	0.03022	0.03135	A
788	0.00355	0.00441	G
789	0.02651	0.02675	A
790	0.02213	0.02218	C
791	0.02606	0.02621	C
792	0.01996	0.02011	C
793	0.00694	0.00749	T
794	0.02397	0.02465	A
795	0.03826	0.03871	C
796	0.00726	0.00734	T
797	0.00898	0.00922	T
798	0.02485	0.0339	C
799	0.00888	0.00948	T
800	0.02897	0.03084	A
801	0.03008	0.03039	A
802	0.03808	0.03825	C
803	0.01734	0.01804	C
804	0.00421	0.00631	T
805	0.02907	0.0296	C
806	0.03421	0.03425	C
807	0.00531	0.00538	C
808	0.00192	0.00218	T
809	0.00196	0.00233	G
810	0.0018	0.00182	T
811	0.00132	0.00132	T
812	0.00437	0.00498	C
813	0.0063	0.0063	T
814	0.00907	0.00922	T
815	0.01873	0.04362	A
816	0.01194	0.01207	T
817	0.00646	0.00782	G
818	0.02878	0.02892	A
819	0.04032	0.04165	A
820	0.0087	0.00875	T
821	0.00725	0.00742	T
822	0.03684	0.03947	C
823	0.00406	0.00426	G
824	0.00917	0.00922	A
825	0.00804	0.00813	A
826	0.00844	0.00892	C
827	0.0101	0.01019	A
828	0.00519	0.00637	G
829	0.0718	0.07317	C
830	0.03775	0.04061	A
831	0.0221	0.02351	T
832	0.03771	0.0391	A
833	0.02994	0.03028	C
834	0.02265	0.02281	C
835	0.01836	0.01836	C
836	0.02104	0.02104	C
837	0.02886	0.02886	C
838	0.00495	0.00632	G
839	0.03295	0.03375	A
840	0.00782	0.00784	T
841	0.00615	0.00615	T
842	0.02418	0.02422	C
843	0.03845	0.03853	C
844	0.00566	0.00647	G
845	0.01752	0.01844	C
846	0.00537	0.00553	T
847	0.02514	0.02555	A
848	0.03291	0.0334	C
849	0.00467	0.00508	G
850	0.01829	0.01887	A
851	0.02308	0.02308	C
852	0.01811	0.01819	C
853	0.01554	0.01556	A
854	0.02024	0.02034	A
855	0.03425	0.03515	C
856	0.00631	0.00973	T
857	0.02219	0.0224	C
858	0.02052	0.0219	A
859	0.00658	0.00693	T
860	0.02526	0.02658	A
861	0.03868	0.03924	C
862	0.02788	0.02833	A
863	0.03318	0.03348	C
864	0.01842	0.01889	C
865	0.00453	0.00523	T
866	0.02149	0.02149	C
867	0.01515	0.01566	C
868	0.00452	0.00473	T
869	0.0141	0.01484	A
870	0.00739	0.00795	T
871	0.00468	0.00534	G
872	0.00115	0.00122	A
873	0.00447	0.00466	A
874	0.0158	0.01592	A
875	0.01482	0.01487	A
876	0.01807	0.01809	A
877	0.0106	0.01063	A
878	0.03143	0.03376	C
879	0.00676	0.00684	T
880	0.00696	0.00699	T
881	0.0243	0.02447	C
882	0.01707	0.01724	C
883	0.01068	0.01183	T
884	0.0277	0.02851	A
885	0.05249	0.05252	C
886	0.02187	0.0221	C
887	0.0149	0.02246	A
888	0.0266	0.02888	C
889	0.03925	0.04401	T
890	0.02447	0.02535	C
891	0.01607	0.01733	A
892	0.03333	0.03333	C
893	0.02102	0.02102	C
894	0.01461	0.01478	C
895	0.00715	0.00747	T
896	0.02409	0.02471	A
897	0.0046	0.00485	G
898	0.02318	0.0233	C
899	0.02443	0.02539	A
900	0.00813	0.00826	T
901	0.00805	0.00824	T
902	0.00547	0.01526	A
903	0.03405	0.03474	C
904	0.00774	0.00778	T
905	0.00773	0.00807	T
906	0.01167	0.02875	A
907	0.00915	0.00929	T
908	0.02527	0.02656	A
909	0.00883	0.00904	T
910	0.0035	0.00407	G
911	0.028	0.0285	A
912	0.00711	0.00726	T
913	0.01841	0.01893	A
914	0.009	0.00913	T
915	0.00446	0.00463	G
916	0.0105	0.01166	T
917	0.00964	0.00972	C
918	0.00743	0.00881	T
919	0.0282	0.0282	C
920	0.01713	0.01736	C
921	0.01637	0.03264	A
922	0.01193	0.0132	T
923	0.02404	0.02513	A
924	0.04055	0.0407	C
925	0.02347	0.02357	C
926	0.01362	0.01381	C
927	0.01527	0.02899	A
928	0.01006	0.01011	T
929	0.00826	0.00831	T
930	0.01114	0.02222	A
931	0.04073	0.04116	C
932	0.02547	0.02547	A
933	0.02282	0.02322	A
934	0.01178	0.01225	T
935	0.02416	0.02427	C
936	0.01061	0.01091	T
937	0.02777	0.02777	C
938	0.01453	0.01453	C
939	0.01823	0.02374	A
940	0.00488	0.00495	G
941	0.02527	0.02567	C
942	0.02569	0.02698	A
943	0.01126	0.01144	T
944	0.04421	0.04534	T
945	0.02376	0.02387	C
946	0.01697	0.01697	C
947	0.01559	0.01559	C
948	0.00742	0.00742	C
949	0.01043	0.01043	C
950	0.00519	0.00572	T
951	0.01908	0.01963	C
952	0.01231	0.01245	A
953	0.02018	0.02018	A
954	0.01137	0.01137	A
955	0.02168	0.02168	C
956	0.01438	0.01438	C
957	0.00035	0.00035	T
958	0.0	0.0	A
959	0.0	0.0	A
