Position	Mismatches	Mismatches + Deletions	Base
1	0.0	0.0	A
2	0.0	0.0	T
3	0.0	0.0	A
4	0.025	0.025	A
5	0.02101	0.02101	C
6	0.0124	0.0124	C
7	0.01984	0.02381	A
8	0.01176	0.01176	T
9	0.01176	0.01176	G
10	0.02362	0.02756	C
11	0.01158	0.01158	A
12	0.02672	0.02672	C
13	0.01465	0.01465	A
14	0.03915	0.0427	C
15	0.00702	0.00702	T
16	0.02069	0.02069	A
17	0.05017	0.05351	C
18	0.01	0.01	T
19	0.02951	0.02951	A
20	0.00977	0.01303	T
21	0.02875	0.02875	A
22	0.03125	0.03438	A
23	0.03715	0.04025	C
24	0.03067	0.03067	C
25	0.02102	0.02703	A
26	0.03604	0.03604	C
27	0.04748	0.04748	C
28	0.00882	0.00882	C
29	0.01458	0.01458	T
30	0.00293	0.00293	A
31	0.01739	0.01739	A
32	0.04323	0.04323	C
33	0.03438	0.03438	C
34	0.02857	0.02857	C
35	0.01437	0.01724	T
36	0.9914	0.99427	G
37	0.02514	0.02514	A
38	0.03315	0.03315	C
39	0.00546	0.00546	T
40	0.00809	0.00809	T
41	0.03235	0.03235	C
42	0.02426	0.02426	C
43	0.02965	0.02965	C
44	0.00792	0.00792	T
45	0.02926	0.03191	A
46	0.04974	0.05236	A
47	0.0026	0.00521	T
48	0.00775	0.00775	T
49	0.01326	0.01326	C
50	0.02057	0.02057	C
51	0.02073	0.02073	C
52	0.04145	0.04145	C
53	0.03093	0.03093	C
54	0.03636	0.03636	C
55	0.01781	0.0229	A
56	0.0179	0.0179	T
57	0.02799	0.02799	C
58	0.02525	0.02525	C
59	0.01013	0.01013	T
60	0.0075	0.0075	T
61	0.02	0.04	A
62	0.0475	0.0475	C
63	0.04726	0.04726	C
64	0.02244	0.03242	A
65	0.06158	0.06158	C
66	0.01966	0.01966	C
67	0.04401	0.04401	C
68	0.00244	0.00488	T
69	0.03855	0.03855	C
70	0.00242	0.00242	G
71	0.01695	0.01937	T
72	0.00718	0.00718	T
73	0.02576	0.02576	A
74	0.02594	0.02594	A
75	0.0553	0.0553	C
76	0.03661	0.03661	C
77	0.01566	0.02013	C
78	0.01562	0.03348	T
79	0.00665	0.00665	A
80	0.01327	0.01549	A
81	0.03057	0.04148	C
82	0.00217	0.00217	A
83	0.0	0.0	A
84	0.0	0.0	A
85	0.0042	0.0042	A
86	0.01258	0.01258	A
87	0.00621	0.00621	A
88	0.00621	0.00621	A
89	0.00209	0.00209	A
90	0.04175	0.04802	C
91	0.01042	0.0125	T
92	0.03542	0.0375	C
93	0.04979	0.05187	A
94	0.02053	0.02053	T
95	0.01837	0.02245	A
96	0.01458	0.01458	C
97	0.03666	0.0387	C
98	0.0284	0.0284	C
99	0.03659	0.03659	C
100	0.02037	0.02037	C
101	0.02254	0.02664	A
102	0.01649	0.01649	T
103	0.01012	0.01215	T
104	0.00828	0.01863	A
105	0.02066	0.02066	T
106	0.00622	0.00622	G
107	0.01856	0.02268	T
108	0.02905	0.02905	A
109	0.00619	0.00619	A
110	0.03579	0.03579	A
111	0.02263	0.02263	A
112	0.0104	0.01247	T
113	0.0433	0.04536	C
114	0.01883	0.01883	C
115	0.02273	0.02479	A
116	0.0125	0.0125	T
117	0.00891	0.00891	T
118	0.00911	0.00911	G
119	0.01609	0.02069	T
120	0.03529	0.03529	C
121	0.02158	0.02398	G
122	0.03563	0.04988	C
123	0.02387	0.02625	A
124	0.01896	0.02133	T
125	0.04265	0.04502	C
126	0.01655	0.01655	C
127	0.01643	0.02113	A
128	0.02594	0.02594	C
129	0.02108	0.02108	C
130	0.01636	0.01636	T
131	0.00461	0.00461	T
132	0.01386	0.01386	T
133	0.02283	0.03425	A
134	0.00227	0.00227	T
135	0.01602	0.01602	T
136	0.025	0.03182	A
137	0.01584	0.01584	T
138	0.03425	0.03653	C
139	0.02743	0.02743	A
140	0.00506	0.00506	G
141	0.00777	0.00777	T
142	0.01562	0.01562	C
143	0.00815	0.00815	T
144	0.04372	0.04645	C
145	0.0109	0.0109	T
146	0.01939	0.01939	T
147	0.03361	0.03361	C
148	0.02241	0.02241	C
149	0.02793	0.03073	C
150	0.03944	0.03944	C
151	0.0085	0.01133	A
152	0.02833	0.02833	C
153	0.02266	0.02266	A
154	0.01408	0.0169	A
155	0.03989	0.04274	C
156	0.02801	0.02801	A
157	0.01389	0.01389	A
158	0.01124	0.01124	T
159	0.03361	0.03361	A
160	0.00826	0.00826	T
161	0.00278	0.00278	T
162	0.02514	0.02514	C
163	0.0309	0.0309	A
164	0.01955	0.01955	T
165	0.0057	0.01425	G
166	0.00568	0.00568	T
167	0.01143	0.01143	G
168	0.02011	0.02011	C
169	0.0086	0.0086	C
170	0.01445	0.01445	T
171	0.0236	0.02655	A
172	0.0	0.0	G
173	0.02941	0.02941	A
174	0.03509	0.03509	C
175	0.0089	0.0089	C
176	0.01475	0.01475	A
177	0.02071	0.02071	A
178	0.00297	0.00297	G
179	0.01216	0.01216	A
180	0.01484	0.01484	A
181	0.01479	0.01479	G
182	0.00898	0.00898	T
183	0.00302	0.00604	T
184	0.00901	0.00901	A
185	0.0119	0.0119	T
186	0.01205	0.01506	T
187	0.01497	0.03293	A
188	0.00629	0.00629	T
189	0.02736	0.0304	C
190	0.01187	0.01484	T
191	0.04451	0.04451	C
192	0.00612	0.00612	G
193	0.03647	0.03647	A
194	0.02492	0.02804	A
195	0.02439	0.02439	C
196	0.03077	0.03077	T
197	0.00613	0.00613	G
198	0.02446	0.02752	A
199	0.0216	0.02469	C
200	0.03704	0.03704	A
201	0.02711	0.02711	C
202	0.02752	0.03058	T
203	0.00915	0.00915	G
204	0.02147	0.02147	A
205	0.0	0.0	G
206	0.04088	0.04088	C
207	0.03774	0.03774	C
208	0.0	0.00952	A
209	0.03165	0.04114	C
210	0.02251	0.02251	A
211	0.02524	0.02524	A
212	0.06051	0.06051	C
213	0.04037	0.04348	C
214	0.02524	0.02524	C
215	0.0099	0.0132	A
216	0.02941	0.02941	A
217	0.01347	0.01347	A
218	0.04714	0.05724	C
219	0.0	0.0	A
220	0.03114	0.03114	A
221	0.04167	0.04167	C
222	0.02817	0.02817	C
223	0.02473	0.02473	C
224	0.02941	0.02941	A
225	0.01504	0.01504	G
226	0.0	0.0	C
227	0.01575	0.01575	T
228	0.04215	0.04215	C
229	0.01569	0.01569	T
230	0.02362	0.02362	C
231	0.01969	0.01969	C
232	0.00787	0.00787	C
233	0.01195	0.01992	T
234	0.03629	0.03629	A
235	0.02789	0.02789	A
236	0.00403	0.00403	G
237	0.03614	0.04016	C
238	0.004	0.004	T
239	0.0239	0.0239	T
240	0.028	0.032	C
241	0.01606	0.01606	A
242	0.00806	0.00806	A
243	0.02846	0.02846	A
244	0.02767	0.03557	C
245	0.01626	0.01626	T
246	0.02439	0.02439	A
247	0.0	0.0	G
248	0.06329	0.06329	A
249	0.0332	0.0332	C
250	0.01261	0.01261	T
251	0.0339	0.0339	A
252	0.02203	0.02203	C
253	0.00885	0.00885	T
254	0.01322	0.01322	T
255	0.03084	0.05286	C
256	0.00439	0.00877	T
257	0.02212	0.02212	C
258	0.05333	0.05333	C
259	0.02222	0.04444	A
260	0.00877	0.00877	T
261	0.03965	0.03965	A
262	0.03879	0.0431	A
263	0.02564	0.02564	T
264	0.05603	0.06034	A
265	0.00427	0.00427	T
266	0.00905	0.00905	T
267	0.03286	0.03286	C
268	0.04206	0.04206	A
269	0.00939	0.00939	T
270	0.00939	0.00939	C
271	0.00935	0.00935	C
272	0.00943	0.00943	C
273	0.01402	0.01402	T
274	0.00476	0.00476	G
275	0.0	0.0	T
276	0.00474	0.00474	A
277	0.00478	0.00957	G
278	0.0	0.0	C
279	0.05288	0.05288	A
280	0.00474	0.00474	T
281	0.01429	0.01429	T
282	0.00971	0.01942	G
283	0.0099	0.0099	T
284	0.00481	0.00481	T
285	0.04348	0.04348	C
286	0.0	0.0	G
287	0.00481	0.00481	T
288	0.02439	0.02439	T
289	0.01942	0.01942	A
290	0.00493	0.00493	C
291	0.00488	0.00488	A
292	0.01932	0.01932	T
293	0.0	0.0	G
294	0.0049	0.0049	G
295	0.01456	0.01456	T
296	0.05419	0.05419	C
297	0.0099	0.0099	C
298	0.0098	0.01471	A
299	0.0098	0.0098	T
300	0.02475	0.0297	C
301	0.0198	0.02475	A
302	0.01478	0.01478	T
303	0.0102	0.0102	A
304	0.00508	0.00508	G
305	0.02538	0.02538	A
306	0.04478	0.04478	A
307	0.02	0.02	T
308	0.00549	0.00549	T
309	0.04103	0.04615	C
310	0.01538	0.01538	T
311	0.04592	0.04592	C
312	0.02591	0.02591	A
313	0.02564	0.02564	C
314	0.01026	0.01026	T
315	0.0	0.0	G
316	0.0	0.0	T
317	0.00518	0.00518	G
318	0.01053	0.01053	A
319	0.00538	0.00538	T
320	0.02632	0.02632	A
321	0.02128	0.02128	T
322	0.03109	0.03109	A
323	0.01047	0.01047	T
324	0.01587	0.01587	A
325	0.00526	0.00526	A
326	0.01099	0.01099	A
327	0.05789	0.05789	C
328	0.00532	0.01064	T
329	0.05319	0.05319	C
330	0.03352	0.03352	A
331	0.01124	0.01124	G
332	0.00552	0.00552	A
333	0.02793	0.02793	C
334	0.0289	0.0289	C
335	0.01765	0.01765	C
336	0.0	0.0	A
337	0.04217	0.04217	A
338	0.02484	0.02484	A
339	0.01911	0.01911	C
340	0.04403	0.04403	A
341	0.01227	0.01227	T
342	0.00621	0.00621	T
343	0.04459	0.04459	A
344	0.01299	0.01299	A
345	0.01899	0.03165	T
346	0.03268	0.03268	C
347	0.03947	0.03947	A
348	0.02597	0.02597	G
349	0.0	0.0	T
350	0.0	0.0	T
351	0.02685	0.02685	C
352	0.02027	0.02027	T
353	0.0068	0.0068	T
354	0.02055	0.02055	C
355	0.01342	0.01342	A
356	0.01342	0.01342	A
357	0.02721	0.02721	A
358	0.0	0.0	T
359	0.02143	0.02143	A
360	0.00694	0.00694	T
361	0.01418	0.01418	C
362	0.0	0.0	T
363	0.04255	0.04255	A
364	0.48227	0.48936	C
365	0.02041	0.02041	T
366	0.01351	0.02027	C
367	0.02778	0.02778	A
368	0.03425	0.03425	T
369	0.05036	0.05755	C
370	0.01399	0.01399	T
371	0.01399	0.01399	T
372	0.01429	0.01429	C
373	0.00719	0.00719	C
374	0.00714	0.00714	T
375	0.02113	0.02113	A
376	0.0146	0.0146	A
377	0.02158	0.02158	T
378	0.0	0.0	T
379	0.00752	0.01504	A
380	0.06154	0.06154	C
381	0.03125	0.03125	C
382	0.00752	0.03008	A
383	0.01538	0.01538	T
384	0.03053	0.03053	A
385	0.03817	0.0458	C
386	0.0	0.0	T
387	0.0155	0.0155	A
388	0.02381	0.03175	A
389	0.01562	0.01562	T
390	0.05556	0.05556	C
391	0.0	0.0	T
392	0.01575	0.01575	T
393	0.00833	0.00833	A
394	0.0	0.0	G
395	0.0	0.0	T
396	0.00847	0.00847	T
397	0.0	0.02521	A
398	0.02479	0.02479	C
399	0.03333	0.03333	C
400	0.0084	0.01681	G
401	0.00847	0.00847	C
402	0.0	0.0	T
403	0.02479	0.02479	A
404	0.01667	0.01667	A
405	0.032	0.032	C
406	0.01681	0.01681	A
407	0.03252	0.04065	A
408	0.03226	0.03226	C
409	0.00794	0.00794	C
410	0.00813	0.00813	T
411	0.01587	0.01587	A
412	0.03906	0.03906	T
413	0.04	0.04	T
414	0.04032	0.04032	C
415	0.03226	0.03226	C
416	0.01613	0.01613	A
417	0.05	0.05	A
418	0.03876	0.03876	C
419	0.0	0.0	T
420	0.0	0.0	G
421	0.0	0.0	T
422	0.02479	0.02479	T
423	0.03306	0.03306	C
424	0.02542	0.02542	A
425	0.0	0.0	T
426	0.00826	0.00826	C
427	0.0	0.0	G
428	0.00826	0.00826	G
429	0.01695	0.01695	C
430	0.0	0.0	T
431	0.00826	0.00826	G
432	0.00833	0.00833	A
433	0.0082	0.0082	G
434	0.01802	0.01802	A
435	0.00826	0.00826	G
436	0.0	0.0	G
437	0.0	0.0	G
438	0.0084	0.0084	C
439	0.0	0.0	G
440	0.0	0.0	T
441	0.01681	0.01681	A
442	0.0	0.0	G
443	0.0	0.0	G
444	0.00893	0.00893	A
445	0.05	0.05	A
446	0.0	0.0	T
447	0.01709	0.01709	T
448	0.0	0.00862	A
449	0.0084	0.0084	T
450	0.00901	0.00901	A
451	0.0	0.0	T
452	0.02609	0.02609	C
453	0.0084	0.0084	C
454	0.00826	0.00826	T
455	0.00847	0.00847	T
456	0.025	0.025	C
457	0.01639	0.01639	T
458	0.0	0.0	T
459	0.0084	0.0084	G
460	0.0084	0.0084	C
461	0.00862	0.00862	T
462	0.0084	0.0084	C
463	0.0084	0.0084	A
464	0.0	0.0	T
465	0.94068	0.94915	C
466	0.02542	0.02542	A
467	0.00855	0.01709	G
468	0.0	0.0	T
469	0.01724	0.01724	T
470	0.0	0.0	G
471	0.04237	0.04237	A
472	0.0087	0.0087	T
473	0.0	0.0	G
474	0.03478	0.03478	A
475	0.00862	0.00862	T
476	0.0177	0.0177	A
477	0.04425	0.04425	C
478	0.0	0.0	G
479	0.02564	0.02564	C
480	0.01754	0.01754	C
481	0.0	0.0	C
482	0.0	0.0	G
483	0.02609	0.02609	A
484	0.0	0.0	G
485	0.0087	0.0087	C
486	0.0	0.0	A
487	0.00877	0.00877	G
488	0.02586	0.02586	A
489	0.01724	0.01724	T
490	0.0087	0.0087	G
491	0.06838	0.06838	C
492	0.06838	0.06838	C
493	0.01695	0.01695	A
494	0.0339	0.0339	A
495	0.02542	0.02542	C
496	0.02564	0.02564	A
497	0.07937	0.0873	C
498	0.05344	0.05344	A
499	0.0	0.0	G
500	0.01515	0.01515	C
501	0.03788	0.03788	A
502	0.0	0.0	G
503	0.0229	0.0229	C
504	0.04545	0.04545	C
505	0.0	0.0	A
506	0.02256	0.02256	T
507	0.01493	0.01493	T
508	0.06015	0.06015	C
509	0.02239	0.02239	A
510	0.02985	0.02985	A
511	0.01504	0.01504	G
512	0.01493	0.01493	C
513	0.01515	0.01515	A
514	0.02239	0.02985	A
515	0.0	0.0	T
516	0.00763	0.00763	C
517	0.01527	0.01527	C
518	0.00758	0.00758	T
519	0.0229	0.03053	A
520	0.02362	0.02362	T
521	0.01562	0.01562	A
522	0.03101	0.03101	C
523	0.01538	0.01538	A
524	0.04651	0.04651	A
525	0.03077	0.03077	C
526	0.05385	0.05385	C
527	0.008	0.008	G
528	0.0084	0.0084	T
529	0.02381	0.02381	A
530	0.00775	0.00775	T
531	0.01575	0.01575	C
532	0.00813	0.00813	G
533	0.0	0.00813	G
534	0.00806	0.00806	C
535	0.0	0.0	G
536	0.00794	0.00794	A
537	0.008	0.008	T
538	0.03226	0.03226	A
539	0.016	0.016	T
540	0.01562	0.01562	C
541	0.0	0.0	G
542	0.00787	0.00787	G
543	0.0082	0.0082	T
544	0.00787	0.00787	T
545	0.0	0.0	T
546	0.152	0.152	C
547	0.02439	0.02439	A
548	0.00806	0.01613	T
549	0.04065	0.04065	C
550	0.00813	0.00813	C
551	0.00826	0.00826	T
552	0.04202	0.04202	C
553	0.00855	0.00855	G
554	0.04237	0.04237	C
555	0.0	0.0	C
556	0.01709	0.01709	T
557	0.0	0.0	T
558	0.01709	0.05128	A
559	0.0	0.0	G
560	0.03448	0.03448	C
561	0.0	0.0	A
562	0.0	0.0	T
563	0.0	0.0	G
564	0.032	0.032	A
565	0.01639	0.01639	T
566	0.00787	0.00787	T
567	0.0	0.0	T
568	0.03125	0.03125	A
569	0.00787	0.00787	T
570	0.03125	0.03125	C
571	0.00794	0.00794	C
572	0.008	0.008	T
573	0.00813	0.00813	A
574	0.02419	0.02419	C
575	0.03252	0.04065	A
576	0.04032	0.04032	C
577	0.016	0.016	T
578	0.04	0.04	C
579	0.03226	0.03226	C
580	0.0	0.0	A
581	0.03252	0.03252	A
582	0.02344	0.03125	C
583	0.0	0.00787	T
584	0.03937	0.03937	C
585	0.02326	0.02326	A
586	0.01538	0.01538	T
587	0.02308	0.02308	G
588	0.02308	0.03077	A
589	0.00775	0.00775	G
590	0.03252	0.04065	A
591	0.00781	0.00781	C
592	0.03125	0.03125	C
593	0.00775	0.00775	C
594	0.0	0.00769	A
595	0.03101	0.03101	C
596	0.03053	0.03053	A
597	0.03731	0.03731	A
598	0.00741	0.00741	C
599	0.01471	0.01471	A
600	0.05147	0.05147	A
601	0.01504	0.01504	A
602	0.00752	0.00752	T
603	0.03846	0.03846	A
604	0.00769	0.00769	G
605	0.03788	0.03788	C
606	0.00746	0.00746	C
607	0.01471	0.01471	C
608	0.00725	0.00725	T
609	0.0	0.0	T
610	0.01481	0.02222	C
611	0.01449	0.01449	T
612	0.00735	0.01471	A
613	0.03704	0.03704	A
614	0.00735	0.00735	A
615	0.09489	0.09489	C
616	0.0	0.0	G
617	0.0	0.0	C
618	0.00725	0.00725	T
619	0.01481	0.01481	A
620	0.02158	0.02158	A
621	0.00719	0.00719	T
622	0.02963	0.02963	C
623	0.0146	0.0146	C
624	0.03876	0.03876	A
625	0.03817	0.03817	A
626	0.02308	0.02308	G
627	0.0229	0.0229	C
628	0.00758	0.00758	C
629	0.0	0.01493	T
630	0.02326	0.02326	C
631	0.02256	0.02256	A
632	0.01527	0.01527	C
633	0.0	0.0	C
634	0.01538	0.01538	C
635	0.01575	0.01575	C
636	0.01538	0.05385	A
637	0.01562	0.01562	C
638	0.0	0.0	T
639	0.03175	0.03175	A
640	0.01562	0.01562	C
641	0.0	0.0	T
642	0.00775	0.0155	A
643	0.0	0.0	G
644	0.0	0.0	G
645	0.03731	0.03731	C
646	0.0	0.0	C
647	0.0	0.0	T
648	0.05303	0.05303	C
649	0.01515	0.01515	C
650	0.00758	0.00758	T
651	0.0	0.0	C
652	0.00758	0.00758	C
653	0.0	0.0	T
654	0.01515	0.01515	A
655	0.0	0.0	G
656	0.02222	0.02222	C
657	0.01481	0.01481	A
658	0.0	0.0	G
659	0.02273	0.0303	C
660	0.02985	0.02985	A
661	0.01504	0.02256	G
662	0.02239	0.02239	C
663	0.01471	0.01471	A
664	0.0	0.0	G
665	0.0	0.0	G
666	0.0073	0.0073	C
667	0.01481	0.01481	A
668	0.0	0.0	A
669	0.02256	0.02256	A
670	0.01439	0.01439	T
671	0.02778	0.02778	C
672	0.00645	0.00645	A
673	0.00625	0.00625	G
674	0.02516	0.02516	C
675	0.0375	0.0375	C
676	0.03106	0.03106	C
677	0.0061	0.0061	A
678	0.03571	0.03571	A
679	0.0	0.0	T
680	0.00592	0.00592	T
681	0.02994	0.03593	A
682	0.0	0.0	G
683	0.0	0.0	G
684	0.00606	0.00606	T
685	0.01775	0.01775	C
686	0.00602	0.01205	T
687	0.02454	0.02454	C
688	0.01242	0.01242	C
689	0.0	0.00629	A
690	0.01266	0.01266	C
691	0.01258	0.01258	C
692	0.01899	0.01899	C
693	0.0	0.0	C
694	0.0	0.0	T
695	0.0	0.0	G
696	0.00641	0.00641	A
697	0.01961	0.02614	C
698	0.0	0.0	T
699	0.04575	0.04575	C
700	0.03846	0.03846	C
701	0.00662	0.00662	C
702	0.03185	0.03185	C
703	0.0	0.0	T
704	0.03185	0.03185	C
705	0.01899	0.02532	A
706	0.0	0.0	G
707	0.0125	0.0125	C
708	0.02484	0.02484	C
709	0.03125	0.03125	A
710	0.00625	0.00625	T
711	0.0375	0.0375	A
712	0.00617	0.00617	G
713	0.03774	0.03774	A
714	0.0125	0.0125	A
715	0.00629	0.00629	G
716	0.00617	0.00617	G
717	0.0	0.0	C
718	0.00617	0.00617	C
719	0.03086	0.03086	C
720	0.01887	0.01887	C
721	0.01875	0.03125	A
722	0.05031	0.05031	C
723	0.01818	0.01818	C
724	0.02454	0.02454	C
725	0.02959	0.02959	C
726	0.01176	0.02353	A
727	0.0	0.0	G
728	0.0	0.0	T
729	0.00581	0.00581	C
730	0.01744	0.02326	T
731	0.04734	0.05917	C
732	0.02381	0.02381	A
733	0.00595	0.00595	G
734	0.02907	0.02907	C
735	0.01744	0.01744	C
736	0.00588	0.00588	C
737	0.0	0.00585	T
738	0.03509	0.03509	A
739	0.02299	0.02299	C
740	0.01136	0.01136	T
741	0.02825	0.02825	C
742	0.0339	0.0339	C
743	0.00571	0.01143	A
744	0.04545	0.04545	C
745	0.00559	0.00559	T
746	0.0452	0.0452	C
747	0.02286	0.02286	A
748	0.02778	0.02778	A
749	0.00559	0.00559	G
750	0.02732	0.02732	C
751	0.03226	0.03226	A
752	0.03226	0.03763	C
753	0.01087	0.01087	T
754	0.02674	0.02674	A
755	0.01047	0.01047	T
756	0.04762	0.04762	A
757	0.0	0.0	G
758	0.0051	0.0051	T
759	0.0	0.0	T
760	0.0051	0.0102	G
761	0.00505	0.00505	T
762	0.0303	0.0303	A
763	0.0101	0.0101	G
764	0.04523	0.04523	C
765	0.02985	0.02985	A
766	0.00495	0.00495	G
767	0.00498	0.00498	G
768	0.00508	0.00508	A
769	0.0396	0.0396	A
770	0.01485	0.01485	T
771	0.04433	0.04926	C
772	0.00488	0.00488	T
773	0.00995	0.00995	T
774	0.00483	0.00966	C
775	0.00962	0.00962	T
776	0.00476	0.00476	T
777	0.01442	0.03846	A
778	0.03226	0.03226	C
779	0.01382	0.01382	T
780	0.02727	0.02727	C
781	0.02691	0.03139	A
782	0.00446	0.01339	T
783	0.02703	0.02703	C
784	0.03704	0.03704	C
785	0.00948	0.01422	G
786	0.0186	0.0186	C
787	0.00943	0.00943	T
788	0.00467	0.00467	T
789	0.0439	0.0439	C
790	0.01905	0.01905	C
791	0.01442	0.03846	A
792	0.00483	0.00483	C
793	0.01402	0.01402	C
794	0.04225	0.04225	C
795	0.01408	0.01408	C
796	0.02817	0.02817	C
797	0.01402	0.01869	T
798	0.02347	0.02347	A
799	0.0	0.0	G
800	0.03846	0.03846	C
801	0.04225	0.04695	A
802	0.00465	0.00465	G
803	0.03687	0.03687	A
804	0.01818	0.01818	A
805	0.01794	0.01794	A
806	0.01786	0.01786	A
807	0.01843	0.01843	T
808	0.0186	0.0186	A
809	0.02294	0.02294	G
810	0.02304	0.02304	C
811	0.01382	0.01382	C
812	0.0367	0.0367	C
813	0.02262	0.02715	A
814	0.03153	0.03153	C
815	0.02304	0.02304	T
816	0.00452	0.00452	A
817	0.03982	0.03982	A
818	0.02212	0.02212	T
819	0.03153	0.03153	C
820	0.0181	0.0181	C
821	0.00457	0.00457	A
822	0.03084	0.03084	A
823	0.01942	0.01942	A
824	0.03111	0.03556	C
825	0.01376	0.01376	T
826	0.00873	0.00873	C
827	0.02174	0.02174	T
828	0.0524	0.0524	A
829	0.01754	0.01754	A
830	0.04741	0.04741	C
831	0.03448	0.03448	A
832	0.04329	0.04329	C
833	0.01322	0.01322	T
834	0.03347	0.03347	A
835	0.0	0.00422	T
836	0.00422	0.00422	G
837	0.02092	0.02092	C
838	0.00415	0.00415	T
839	0.0082	0.0123	T
840	0.02479	0.02479	A
841	0.0	0.0	G
842	0.0	0.0	G
843	0.04472	0.04472	C
844	0.0	0.0	G
845	0.01224	0.01224	C
846	0.0166	0.0166	T
847	0.024	0.028	A
848	0.01606	0.01606	T
849	0.04032	0.04435	C
850	0.02756	0.02756	A
851	0.04669	0.04669	C
852	0.02713	0.02713	C
853	0.01154	0.01154	A
854	0.01931	0.01931	C
855	0.0	0.0	T
856	0.01163	0.01163	C
857	0.00388	0.00388	T
858	0.01158	0.01158	G
859	0.00389	0.00389	T
860	0.00775	0.00775	T
861	0.05019	0.05019	C
862	0.00772	0.00772	G
863	0.01931	0.01931	C
864	0.0	0.0	A
865	0.00388	0.00388	G
866	0.05769	0.05769	C
867	0.01145	0.01145	A
868	0.00763	0.00763	G
869	0.01533	0.01533	T
870	0.01901	0.01901	C
871	0.0076	0.0076	T
872	0.0	0.0	G
873	0.0076	0.0076	C
874	0.00379	0.00379	G
875	0.03409	0.03409	C
876	0.00758	0.00758	C
877	0.03371	0.03371	C
878	0.02239	0.02239	T
879	0.01487	0.01487	T
880	0.01498	0.03745	A
881	0.0369	0.0369	C
882	0.02941	0.03309	A
883	0.05694	0.05694	C
884	0.02143	0.02143	A
885	0.00348	0.00348	A
886	0.0036	0.0036	A
887	0.00692	0.00692	A
888	0.00345	0.00345	T
889	0.00348	0.00348	G
890	0.02456	0.02456	A
891	0.04467	0.04467	C
892	0.0173	0.0173	A
893	0.01389	0.01389	T
894	0.01413	0.01413	C
895	0.01099	0.01099	A
896	0.00346	0.00346	A
897	0.0	0.0	A
898	0.01347	0.01347	A
899	0.00669	0.00669	A
900	0.00336	0.00336	A
901	0.01684	0.01684	A
902	0.0069	0.0069	T
903	0.03125	0.03125	C
904	0.00697	0.00697	G
905	0.0	0.00699	T
906	0.02431	0.02431	A
907	0.00719	0.00719	G
908	0.01167	0.01167	C
909	0.0125	0.0125	C
910	0.01266	0.01266	T
911	0.02609	0.02609	T
912	0.0087	0.01739	C
913	0.02128	0.02553	T
914	0.04741	0.04741	C
915	0.03004	0.03004	C
916	0.02137	0.02564	A
917	0.01282	0.01282	C
918	0.02101	0.02101	T
919	0.02075	0.02075	T
920	0.03814	0.03814	C
921	0.03766	0.03766	A
922	0.01695	0.01695	A
923	0.00847	0.00847	G
924	0.00422	0.00422	T
925	0.00851	0.00851	C
926	0.01674	0.01674	A
927	0.04329	0.04329	A
928	0.03376	0.03376	C
929	0.0084	0.0084	T
930	0.02101	0.02101	A
931	0.0	0.0	G
932	0.0	0.0	G
933	0.01674	0.0251	A
934	0.02137	0.02137	C
935	0.0	0.01224	T
936	0.01235	0.01235	C
937	0.02429	0.02834	A
938	0.01215	0.01619	T
939	0.01626	0.01626	A
940	0.01215	0.01215	A
941	0.0	0.0	T
942	0.01688	0.01688	A
943	0.00823	0.00823	G
944	0.01639	0.01639	T
945	0.02439	0.02439	T
946	0.0	0.02469	A
947	0.04839	0.04839	C
948	0.01594	0.01594	A
949	0.02372	0.02372	A
950	0.02811	0.02811	T
951	0.01646	0.01646	C
952	0.00408	0.00408	G
953	0.0041	0.0041	G
954	0.0083	0.0083	C
955	0.0249	0.02905	A
956	0.01709	0.02137	T
957	0.03097	0.03097	C
958	0.00889	0.00889	A
959	0.02193	0.02193	A
960	0.03097	0.03097	C
961	0.05333	0.05333	C
962	0.00897	0.00897	A
963	0.00457	0.00457	A
964	0.01762	0.02203	C
965	0.0262	0.0262	C
966	0.01754	0.03509	A
967	0.02632	0.02632	C
968	0.02643	0.03084	A
969	0.05263	0.05263	C
970	0.00889	0.00889	C
971	0.02232	0.02679	T
972	0.02273	0.02273	A
973	0.00922	0.00922	G
974	0.03636	0.03636	C
975	0.00901	0.00901	A
976	0.00905	0.00905	T
977	0.00935	0.00935	T
978	0.00943	0.00943	C
979	0.00943	0.00943	C
980	0.01422	0.01422	T
981	0.00474	0.00474	G
982	0.00476	0.00476	C
983	0.06161	0.06161	A
984	0.03756	0.04225	C
985	0.02336	0.02336	A
986	0.00922	0.00922	T
987	0.04147	0.04147	C
988	0.00922	0.00922	T
989	0.0	0.0	G
990	0.00922	0.00922	T
991	0.00469	0.00469	A
992	0.01869	0.01869	C
993	0.01905	0.01905	C
994	0.00513	0.00513	C
995	0.02073	0.02591	A
996	0.08901	0.08901	C
997	0.02116	0.02116	G
998	0.04787	0.04787	C
999	0.02128	0.02128	C
1000	0.01087	0.01087	T
1001	0.01667	0.01667	T
1002	0.01657	0.0221	C
1003	0.01676	0.01676	T
1004	0.01111	0.01111	T
1005	0.03429	0.03429	C
1006	0.01724	0.01724	A
1007	0.02841	0.02841	A
1008	0.0339	0.0339	A
1009	0.01117	0.01117	G
1010	0.0	0.0	C
1011	0.01105	0.01105	C
1012	0.0	0.01111	A
1013	0.00559	0.00559	T
1014	0.0	0.0	A
1015	0.02825	0.0339	C
1016	0.0	0.0	T
1017	0.01124	0.01124	A
1018	0.01724	0.01724	T
1019	0.00559	0.00559	T
1020	0.0113	0.0113	T
1021	0.0	0.0	A
1022	0.00565	0.00565	T
1023	0.01143	0.01143	G
1024	0.00578	0.00578	T
1025	0.00585	0.01754	G
1026	0.0	0.0	C
1027	0.02976	0.02976	T
1028	0.0241	0.0241	C
1029	0.03593	0.03593	C
1030	0.01198	0.01198	G
1031	0.0122	0.0122	G
1032	0.0119	0.0119	G
1033	0.01176	0.01765	T
1034	0.03571	0.03571	C
1035	0.00592	0.00592	C
1036	0.02924	0.03509	A
1037	0.02339	0.02339	T
1038	0.02339	0.02339	C
1039	0.03468	0.03468	A
1040	0.01143	0.01714	T
1041	0.02312	0.02312	C
1042	0.01754	0.01754	C
1043	0.00585	0.0117	A
1044	0.0355	0.04734	C
1045	0.02857	0.02857	A
1046	0.03448	0.03448	A
1047	0.01143	0.01143	C
1048	0.02286	0.02286	C
1049	0.01714	0.01714	T
1050	0.02747	0.02747	T
1051	0.02793	0.02793	A
1052	0.03297	0.03297	A
1053	0.04396	0.04396	C
1054	0.02732	0.02732	A
1055	0.03279	0.03279	A
1056	0.00543	0.00543	T
1057	0.00546	0.00546	G
1058	0.00559	0.00559	A
1059	0.0	0.0	A
1060	0.04945	0.04945	C
1061	0.02198	0.02198	A
1062	0.01648	0.01648	A
1063	0.00549	0.00549	G
1064	0.02162	0.02162	A
1065	0.01639	0.01639	T
1066	0.03846	0.03846	A
1067	0.01058	0.01058	T
1068	0.01064	0.01064	T
1069	0.05291	0.0582	C
1070	0.0	0.0	G
1071	0.0	0.0	A
1072	0.01604	0.01604	A
1073	0.00521	0.00521	A
1074	0.02604	0.02604	A
1075	0.03109	0.03109	A
1076	0.00513	0.00513	T
1077	0.01538	0.01538	A
1078	0.0	0.0	G
1079	0.0	0.0	G
1080	0.01015	0.01015	A
1081	0.0051	0.0051	G
1082	0.0	0.0	G
1083	0.0102	0.01531	A
1084	0.05612	0.05612	C
1085	0.01	0.015	T
1086	0.045	0.045	A
1087	0.015	0.015	C
1088	0.00493	0.00493	T
1089	0.02956	0.02956	C
1090	0.02525	0.02525	A
1091	0.03431	0.03431	A
1092	0.0049	0.0049	A
1093	0.0199	0.0199	A
1094	0.01471	0.01961	C
1095	0.01932	0.01932	C
1096	0.0099	0.01485	A
1097	0.01914	0.02392	T
1098	0.01951	0.01951	A
1099	0.02985	0.02985	C
1100	0.015	0.015	C
1101	0.01	0.01	T
1102	0.00488	0.00488	C
1103	0.00966	0.01449	T
1104	0.02427	0.02427	C
1105	0.01471	0.01961	A
1106	0.035	0.035	C
1107	0.00962	0.00962	T
1108	0.0199	0.0199	T
1109	0.02956	0.02956	C
1110	0.02451	0.02941	A
1111	0.0201	0.0201	A
1112	0.0049	0.0049	C
1113	0.00995	0.00995	C
1114	0.01015	0.01523	T
1115	0.01515	0.01515	C
1116	0.0051	0.0051	C
1117	0.02538	0.02538	C
1118	0.00526	0.01053	T
1119	0.12308	0.12821	C
1120	0.02083	0.02604	A
1121	0.0	0.0	C
1122	0.02094	0.02094	C
1123	0.03723	0.03723	A
1124	0.0107	0.0107	T
1125	0.0	0.0	T
1126	0.0	0.0	G
1127	0.01613	0.01613	G
1128	0.0266	0.0266	C
1129	0.02139	0.02139	A
1130	0.01093	0.01093	G
1131	0.00546	0.00546	C
1132	0.03315	0.03315	C
1133	0.02809	0.02809	T
1134	0.0221	0.0221	A
1135	0.0	0.00565	G
1136	0.01093	0.01093	C
1137	0.03261	0.03261	A
1138	0.01093	0.01093	T
1139	0.01093	0.01093	T
1140	0.0221	0.03315	A
1141	0.01657	0.01657	G
1142	0.01676	0.01676	C
1143	0.02198	0.02198	A
1144	0.0	0.0	G
1145	0.01667	0.01667	G
1146	0.01105	0.01105	A
1147	0.01667	0.01667	A
1148	0.0	0.0	T
1149	0.01676	0.01676	A
1150	0.03867	0.0442	C
1151	0.02793	0.02793	C
1152	0.0	0.0	T
1153	0.00559	0.00559	T
1154	0.00556	0.00556	T
1155	0.01657	0.01657	C
1156	0.01657	0.01657	C
1157	0.00552	0.01657	T
1158	0.01639	0.01639	C
1159	0.02222	0.02778	A
1160	0.02717	0.02717	C
1161	0.02186	0.02186	A
1162	0.01093	0.01093	G
1163	0.01099	0.01099	G
1164	0.00543	0.00543	T
1165	0.0	0.0	T
1166	0.01667	0.01667	T
1167	0.01081	0.01081	C
1168	0.0	0.00535	T
1169	0.02703	0.03243	A
1170	0.01075	0.01075	C
1171	0.00541	0.00541	T
1172	0.03846	0.03846	C
1173	0.02762	0.03315	C
1174	0.0452	0.0452	A
1175	0.01695	0.01695	A
1176	0.03867	0.0442	A
1177	0.01695	0.01695	G
1178	0.03488	0.03488	A
1179	0.01156	0.01156	C
1180	0.01163	0.01163	C
1181	0.0289	0.04046	A
1182	0.04142	0.04142	C
1183	0.03049	0.03659	A
1184	0.00606	0.01818	T
1185	0.02454	0.02454	C
1186	0.03012	0.03614	A
1187	0.01198	0.01198	T
1188	0.01829	0.01829	C
1189	0.0	0.0	G
1190	0.01205	0.01205	A
1191	0.0	0.0	A
1192	0.01775	0.01775	A
1193	0.0	0.0	C
1194	0.02959	0.02959	C
1195	0.00599	0.00599	G
1196	0.01176	0.01176	C
1197	0.02353	0.02353	A
1198	0.01163	0.01163	A
1199	0.01948	0.01948	A
1200	0.04167	0.04167	C
1201	0.01754	0.01754	A
1202	0.00592	0.00592	T
1203	0.0117	0.0117	A
1204	0.01156	0.01156	T
1205	0.0355	0.0355	C
1206	0.02924	0.04094	A
1207	0.02339	0.02339	T
1208	0.00581	0.01163	A
1209	0.01754	0.01754	C
1210	0.0119	0.0119	A
1211	0.04217	0.04217	C
1212	0.0061	0.0061	A
1213	0.0122	0.0122	A
1214	0.03268	0.03268	A
1215	0.06962	0.07595	C
1216	0.00649	0.00649	G
1217	0.01316	0.01316	C
1218	0.01974	0.01974	C
1219	0.02041	0.02041	T
1220	0.02069	0.02069	G
1221	0.0137	0.0137	A
1222	0.01379	0.01379	G
1223	0.01379	0.01379	C
1224	0.01379	0.01379	C
1225	0.0	0.0	C
1226	0.02113	0.02113	T
1227	0.03497	0.03497	A
1228	0.00704	0.00704	T
1229	0.02817	0.02817	C
1230	0.02817	0.02817	T
1231	0.02083	0.02083	A
1232	0.00704	0.00704	T
1233	0.02143	0.02143	T
1234	0.01418	0.01418	A
1235	0.01399	0.01399	C
1236	0.02857	0.02857	T
1237	0.01389	0.01389	C
1238	0.0	0.00704	T
1239	0.02083	0.02083	C
1240	0.04861	0.04861	A
1241	0.00694	0.00694	T
1242	0.02878	0.02878	C
1243	0.0219	0.0219	G
1244	0.0	0.00752	C
1245	0.00752	0.00752	T
1246	0.03876	0.03876	A
1247	0.02308	0.02308	C
1248	0.0	0.0	C
1249	0.0	0.0	T
1250	0.02344	0.02344	C
1251	0.01527	0.01527	C
1252	0.02344	0.02344	C
1253	0.0	0.0	T
1254	0.0315	0.0315	G
1255	0.02362	0.02362	A
1256	0.0315	0.0315	C
1257	0.01562	0.01562	A
1258	0.02326	0.02326	A
1259	0.00787	0.00787	G
1260	0.01575	0.01575	C
1261	0.0	0.0	G
1262	0.06977	0.06977	C
1263	0.0	0.0	C
1264	0.0315	0.0315	T
1265	0.0	0.0	A
1266	0.008	0.008	T
1267	0.03252	0.03252	A
1268	0.00813	0.00813	G
1269	0.02419	0.02419	C
1270	0.01613	0.01613	A
1271	0.03226	0.04032	C
1272	0.0082	0.02459	T
1273	0.03226	0.03226	C
1274	0.01587	0.01587	G
1275	0.02439	0.02439	A
1276	0.01587	0.01587	A
1277	0.008	0.008	T
1278	0.03906	0.03906	A
1279	0.02362	0.02362	A
1280	0.008	0.008	T
1281	0.888	0.888	T
1282	0.00794	0.00794	C
1283	0.03226	0.03226	T
1284	0.03448	0.0431	T
1285	0.0	0.0	C
1286	0.0	0.0	T
1287	0.02586	0.02586	C
1288	0.01739	0.01739	A
1289	0.03448	0.03448	C
1290	0.0087	0.0087	C
1291	0.0	0.0	C
1292	0.02609	0.02609	T
1293	0.0431	0.0431	A
1294	0.01724	0.01724	A
1295	0.03448	0.03448	C
1296	0.0354	0.0354	A
1297	0.0177	0.0177	G
1298	0.00885	0.00885	G
1299	0.0177	0.02655	T
1300	0.00885	0.00885	C
1301	0.04425	0.04425	A
1302	0.03636	0.03636	A
1303	0.01786	0.01786	C
1304	0.00877	0.00877	C
1305	0.02609	0.02609	T
1306	0.0	0.0	C
1307	0.0177	0.0177	G
1308	0.05505	0.05505	C
1309	0.0381	0.0381	T
1310	0.0	0.0	T
1311	0.02083	0.02083	C
1312	0.0101	0.0101	C
1313	0.05263	0.05263	C
1314	0.04301	0.04301	C
1315	0.01064	0.03191	A
1316	0.03061	0.03061	C
1317	0.02041	0.02041	C
1318	0.0101	0.0101	C
1319	0.0	0.0	T
1320	0.0101	0.0101	T
1321	0.03061	0.03061	A
1322	0.04	0.04	C
1323	0.01	0.01	T
1324	0.0202	0.0202	A
1325	0.02	0.02	A
1326	0.05	0.05	C
1327	0.0198	0.0198	A
1328	0.0	0.0	T
1329	0.02	0.02	T
1330	0.0102	0.0102	A
1331	0.0	0.0	A
1332	0.04902	0.04902	C
1333	0.0202	0.0202	G
1334	0.0	0.0	A
1335	0.0	0.0	A
1336	0.0198	0.0198	A
1337	0.0098	0.0098	A
1338	0.01	0.02	T
1339	0.0102	0.0102	A
1340	0.03093	0.03093	A
1341	0.0	0.0	C
1342	0.0	0.0	C
1343	0.02174	0.02174	C
1344	0.0	0.0	C
1345	0.0	0.01099	A
1346	0.04301	0.04301	C
1347	0.02151	0.02151	C
1348	0.01075	0.01075	C
1349	0.01124	0.01124	T
1350	0.05556	0.05556	A
1351	0.05747	0.05747	C
1352	0.0	0.0	T
1353	0.01149	0.01149	A
1354	0.0	0.0	A
1355	0.01176	0.01176	A
1356	0.025	0.025	C
1357	0.02381	0.02381	C
1358	0.0122	0.0122	C
1359	0.0119	0.0119	C
1360	0.03704	0.03704	A
1361	0.02597	0.02597	T
1362	0.0	0.0	T
1363	0.0137	0.0137	A
1364	0.0	0.0137	A
1365	0.01408	0.01408	A
1366	0.01429	0.02857	C
1367	0.0	0.0	G
1368	0.01389	0.01389	C
1369	0.0	0.0	C
1370	0.01351	0.01351	T
1371	0.0	0.0	G
1372	0.0	0.0	G
1373	0.04412	0.04412	C
1374	0.04478	0.04478	A
1375	0.01408	0.02817	G
1376	0.01429	0.01429	C
1377	0.04286	0.04286	C
1378	0.0	0.0	G
1379	0.01389	0.01389	G
1380	0.01408	0.01408	A
1381	0.0	0.0	A
1382	0.02667	0.02667	G
1383	0.01333	0.01333	C
1384	0.01333	0.01333	C
1385	0.0137	0.0137	T
1386	0.01351	0.01351	A
1387	0.0	0.0	T
1388	0.03947	0.03947	T
1389	0.01316	0.01316	C
1390	0.04	0.04	G
1391	0.04167	0.04167	C
1392	0.02667	0.02667	A
1393	0.0	0.0	G
1394	0.02667	0.02667	G
1395	0.0137	0.0274	A
1396	0.0	0.0	T
1397	0.01316	0.01316	T
1398	0.01493	0.01493	T
1399	0.0274	0.0274	C
1400	0.01333	0.01333	T
1401	0.02632	0.02632	C
1402	0.01299	0.01299	A
1403	0.01282	0.01282	T
1404	0.02532	0.02532	T
1405	0.01266	0.02532	A
1406	0.03896	0.03896	C
1407	0.01266	0.01266	T
1408	0.01266	0.01266	A
1409	0.01266	0.01266	A
1410	0.0375	0.0375	C
1411	0.02532	0.02532	A
1412	0.025	0.025	A
1413	0.05195	0.05195	C
1414	0.02564	0.02564	A
1415	0.0	0.0	T
1416	0.01316	0.01316	T
1417	0.0	0.0	T
1418	0.02817	0.02817	C
1419	0.0137	0.0137	C
1420	0.01351	0.01351	C
1421	0.0	0.0	C
1422	0.0	0.0	C
1423	0.01449	0.01449	G
1424	0.02857	0.02857	C
1425	0.0	0.01493	A
1426	0.01493	0.01493	T
1427	0.0	0.0	C
1428	0.01389	0.01389	C
1429	0.04167	0.04167	C
1430	0.01408	0.01408	C
1431	0.04286	0.04286	C
1432	0.02817	0.02817	T
1433	0.02817	0.02817	T
1434	0.02817	0.02817	C
1435	0.01408	0.01408	C
1436	0.02817	0.02817	A
1437	0.02667	0.02667	A
1438	0.01389	0.01389	A
1439	0.02597	0.02597	C
1440	0.02597	0.02597	A
1441	0.02532	0.02532	A
1442	0.025	0.025	C
1443	0.0	0.0	A
1444	0.0	0.0	A
1445	0.0125	0.0125	T
1446	0.0375	0.0375	C
1447	0.0	0.0	C
1448	0.0	0.0	C
1449	0.0	0.0	C
1450	0.0241	0.0241	C
1451	0.03571	0.03571	T
1452	0.01136	0.01136	C
1453	0.0	0.0	T
1454	0.04545	0.04545	A
1455	0.03409	0.03409	C
1456	0.03371	0.03371	C
1457	0.01099	0.03297	T
1458	0.04348	0.04348	A
1459	0.0	0.0	A
1460	0.02198	0.02198	A
1461	0.01087	0.01087	A
1462	0.01099	0.01099	C
1463	0.01124	0.02247	T
1464	0.0	0.0	C
1465	0.01136	0.02273	A
1466	0.02273	0.02273	C
1467	0.02353	0.02353	A
1468	0.0	0.0	G
1469	0.01149	0.01149	C
1470	0.0	0.0	C
1471	0.01163	0.01163	C
1472	0.01136	0.01136	T
1473	0.02273	0.02273	C
1474	0.01136	0.01136	G
1475	0.01099	0.01099	C
1476	0.0	0.0	T
1477	0.0	0.0	G
1478	0.0	0.0	T
1479	0.04211	0.04211	C
1480	0.0	0.0	A
1481	0.0101	0.0101	C
1482	0.0198	0.0198	T
1483	0.0099	0.0099	T
1484	0.0099	0.0099	T
1485	0.04	0.04	C
1486	0.0	0.0	C
1487	0.0	0.0	T
1488	0.0101	0.0101	A
1489	0.0	0.0	G
1490	0.0	0.0	G
1491	0.0	0.0	A
1492	0.0	0.0	C
1493	0.0101	0.0101	T
1494	0.03191	0.03191	T
1495	0.0102	0.02041	C
1496	0.03061	0.03061	T
1497	0.0303	0.0303	A
1498	0.02041	0.02041	A
1499	0.0404	0.0404	C
1500	0.0202	0.0202	A
1501	0.01	0.01	G
1502	0.0297	0.0297	C
1503	0.0099	0.0099	C
1504	0.0	0.0	C
1505	0.0	0.0	T
1506	0.02083	0.03125	A
1507	0.0	0.0	G
1508	0.02151	0.02151	A
1509	0.04124	0.04124	C
1510	0.03125	0.03125	C
1511	0.02041	0.02041	T
1512	0.04082	0.04082	C
1513	0.0198	0.0198	A
1514	0.0101	0.0101	A
1515	0.03	0.03	C
1516	0.0	0.0	T
1517	0.02041	0.02041	A
1518	0.04082	0.04082	C
1519	0.01031	0.01031	C
1520	0.01	0.02	T
1521	0.01961	0.01961	A
1522	0.02	0.02	A
1523	0.01869	0.01869	C
1524	0.00909	0.00909	C
1525	0.01802	0.01802	A
1526	0.02703	0.02703	A
1527	0.03571	0.04464	C
1528	0.00877	0.00877	A
1529	0.0084	0.0084	A
1530	0.00877	0.00877	A
1531	0.06612	0.06612	C
1532	0.02459	0.02459	T
1533	0.0	0.0	T
1534	0.01626	0.01626	A
1535	0.01626	0.01626	A
1536	0.0	0.0	A
1537	0.01587	0.01587	A
1538	0.00787	0.01575	T
1539	0.03279	0.03279	A
1540	0.0	0.0	A
1541	0.02459	0.02459	A
1542	0.02459	0.02459	A
1543	0.04878	0.04878	T
1544	0.0155	0.0155	C
1545	0.0	0.0	C
1546	0.00763	0.00763	C
1547	0.01515	0.01515	C
1548	0.01504	0.02256	A
1549	0.02239	0.02239	C
1550	0.00741	0.00741	T
1551	0.02273	0.02273	A
1552	0.0155	0.0155	T
1553	0.9127	0.92063	G
1554	0.02239	0.02239	C
1555	0.0219	0.0219	A
1556	0.01471	0.01471	C
1557	0.02158	0.02158	A
1558	0.01449	0.01449	T
1559	0.00709	0.00709	T
1560	0.0	0.0	T
1561	0.0	0.0	T
1562	0.01418	0.03546	A
1563	0.00714	0.00714	T
1564	0.0	0.0	T
1565	0.00725	0.00725	T
1566	0.02174	0.02174	C
1567	0.02899	0.02899	T
1568	0.00719	0.00719	C
1569	0.00709	0.00709	C
1570	0.02098	0.02098	A
1571	0.00709	0.00709	A
1572	0.03448	0.03448	C
1573	0.02098	0.02098	A
1574	0.04861	0.04861	T
1575	0.03448	0.03448	A
1576	0.02027	0.02703	C
1577	0.0274	0.0274	T
1578	0.00676	0.00676	C
1579	0.02055	0.02055	G
1580	0.02083	0.02083	G
1581	0.02083	0.02083	A
1582	0.04082	0.04082	T
1583	0.00685	0.00685	T
1584	0.0	0.01399	C
1585	0.02083	0.02083	T
1586	0.01389	0.01389	A
1587	0.03546	0.03546	C
1588	0.01408	0.01408	C
1589	0.00685	0.00685	C
1590	0.01342	0.01342	T
1591	0.05333	0.05333	A
1592	0.01325	0.01325	G
1593	0.0	0.0	C
1594	0.00667	0.00667	A
1595	0.02614	0.03268	T
1596	0.01316	0.01316	C
1597	0.00667	0.00667	A
1598	0.00662	0.00662	C
1599	0.02013	0.02013	A
1600	0.01316	0.01316	C
1601	0.03974	0.03974	A
1602	0.00671	0.00671	C
1603	0.01316	0.01316	C
1604	0.03378	0.04054	G
1605	0.02667	0.02667	C
1606	0.0	0.00685	A
1607	0.04054	0.0473	C
1608	0.04082	0.04082	A
1609	0.01351	0.01351	A
1610	0.00658	0.00658	T
1611	0.01299	0.01299	C
1612	0.01987	0.01987	C
1613	0.01974	0.01974	C
1614	0.00667	0.00667	C
1615	0.02	0.02	T
1616	0.00658	0.00658	A
1617	0.01325	0.01325	T
1618	0.00662	0.00662	C
1619	0.0	0.0	T
1620	0.0	0.00662	A
1621	0.0	0.0	G
1622	0.0	0.0	G
1623	0.00649	0.00649	C
1624	0.01987	0.01987	C
1625	0.02597	0.02597	T
1626	0.01449	0.01449	T
1627	0.00671	0.01342	C
1628	0.03356	0.03356	T
1629	0.01351	0.01351	T
1630	0.00671	0.01342	A
1631	0.02685	0.02685	C
1632	0.00662	0.00662	G
1633	0.02667	0.02667	A
1634	0.0	0.0	G
1635	0.01987	0.01987	C
1636	0.01935	0.01935	C
1637	0.00662	0.00662	A
1638	0.02484	0.02484	A
1639	0.01875	0.01875	A
1640	0.01887	0.01887	A
1641	0.03145	0.03145	C
1642	0.02484	0.02484	C
1643	0.03822	0.04459	T
1644	0.00658	0.01316	G
1645	0.01948	0.01948	C
1646	0.0	0.0	C
1647	0.0	0.0	C
1648	0.03226	0.03226	C
1649	0.01961	0.01961	T
1650	0.01282	0.01282	A
1651	0.00662	0.00662	C
1652	0.02581	0.02581	T
1653	0.01923	0.01923	C
1654	0.0	0.0	C
1655	0.03185	0.03185	T
1656	0.00629	0.00629	C
1657	0.0	0.0	C
1658	0.00602	0.00602	T
1659	0.00595	0.00595	A
1660	0.0	0.0	G
1661	0.0	0.0	A
1662	0.0	0.0	C
1663	0.0	0.0	C
1664	0.01149	0.01149	T
1665	0.02247	0.02247	A
1666	0.02793	0.02793	A
1667	0.00562	0.00562	C
1668	0.0	0.0	C
1669	0.04278	0.04278	T
1670	0.01579	0.01579	G
1671	0.00535	0.00535	A
1672	0.01604	0.01604	C
1673	0.02646	0.02646	T
1674	0.0	0.0	A
1675	0.01015	0.01015	G
1676	0.01546	0.01546	A
1677	0.01531	0.01531	A
1678	0.035	0.035	A
1679	0.01478	0.01478	A
1680	0.0197	0.0197	G
1681	0.00498	0.00498	C
1682	0.01005	0.01005	T
1683	0.02451	0.02451	A
1684	0.01478	0.01478	T
1685	0.02451	0.02451	T
1686	0.00962	0.01442	A
1687	0.02381	0.02381	C
1688	0.00469	0.00469	C
1689	0.01869	0.02804	T
1690	0.01376	0.01376	A
1691	0.00917	0.00917	A
1692	0.00452	0.00452	A
1693	0.02262	0.02262	A
1694	0.03196	0.0411	C
1695	0.01376	0.01376	A
1696	0.0137	0.0137	A
1697	0.00922	0.00922	T
1698	0.01826	0.01826	T
1699	0.00467	0.00467	T
1700	0.00913	0.00913	C
1701	0.01852	0.01852	A
1702	0.01835	0.01835	C
1703	0.01389	0.01389	A
1704	0.01395	0.01395	G
1705	0.02262	0.02262	C
1706	0.01818	0.01818	A
1707	0.03211	0.03211	C
1708	0.00459	0.00459	C
1709	0.00463	0.00463	A
1710	0.00463	0.00463	A
1711	0.03653	0.03653	A
1712	0.01402	0.01402	T
1713	0.01835	0.01835	C
1714	0.0093	0.0093	T
1715	0.00917	0.00917	C
1716	0.01389	0.01389	C
1717	0.01852	0.02778	A
1718	0.00463	0.00463	C
1719	0.00469	0.00469	C
1720	0.00465	0.0093	T
1721	0.0186	0.0186	C
1722	0.01878	0.01878	C
1723	0.0	0.0	A
1724	0.01878	0.01878	T
1725	0.02315	0.02315	C
1726	0.02273	0.02273	A
1727	0.0181	0.02262	T
1728	0.02715	0.02715	C
1729	0.04	0.04	A
1730	0.02232	0.02232	C
1731	0.02212	0.02212	C
1732	0.00444	0.00444	T
1733	0.02655	0.02655	C
1734	0.03524	0.03524	A
1735	0.0	0.0	A
1736	0.04329	0.04329	C
1737	0.02643	0.02643	C
1738	0.01739	0.01739	C
1739	0.0	0.0	A
1740	0.01299	0.01299	A
1741	0.03017	0.03017	A
1742	0.04292	0.04292	A
1743	0.00844	0.00844	A
1744	0.0211	0.0211	G
1745	0.0	0.0	G
1746	0.0383	0.0383	C
1747	0.0042	0.0042	A
1748	0.00844	0.01266	T
1749	0.01261	0.01261	A
1750	0.01667	0.01667	A
1751	0.01639	0.01639	T
1752	0.0	0.0	T
1753	0.01667	0.01667	A
1754	0.02521	0.02521	A
1755	0.0249	0.0249	A
1756	0.025	0.025	C
1757	0.00851	0.00851	T
1758	0.0042	0.0042	T
1759	0.01277	0.01277	T
1760	0.02597	0.0303	A
1761	0.0131	0.0131	C
1762	0.01754	0.01754	T
1763	0.00866	0.00866	T
1764	0.00866	0.00866	C
1765	0.02183	0.02183	C
1766	0.01333	0.01778	T
1767	0.02655	0.02655	C
1768	0.02212	0.02212	T
1769	0.00885	0.01327	C
1770	0.01322	0.01322	T
1771	0.00885	0.00885	T
1772	0.01802	0.01802	T
1773	0.00885	0.00885	C
1774	0.01778	0.01778	T
1775	0.00913	0.00913	T
1776	0.01382	0.02304	C
1777	0.02347	0.02347	T
1778	0.01887	0.01887	T
1779	0.04785	0.04785	C
1780	0.0	0.0	C
1781	0.03846	0.03846	C
1782	0.00966	0.00966	A
1783	0.05825	0.05825	C
1784	0.01456	0.01456	T
1785	0.035	0.035	C
1786	0.015	0.015	A
1787	0.0101	0.0101	T
1788	0.03061	0.03061	C
1789	0.00513	0.00513	C
1790	0.01587	0.01587	T
1791	0.01604	0.01604	A
1792	0.01596	0.01596	A
1793	0.03226	0.03226	C
1794	0.02174	0.02174	C
1795	0.00543	0.00543	C
1796	0.02717	0.03804	T
1797	0.00552	0.00552	A
1798	0.01111	0.01111	C
1799	0.01657	0.0221	T
1800	0.01667	0.01667	C
1801	0.01685	0.01685	C
1802	0.01124	0.01124	T
1803	0.01685	0.01685	A
1804	0.0113	0.0113	A
1805	0.0113	0.0113	T
1806	0.04	0.04	C
1807	0.02273	0.02273	A
1808	0.01734	0.01734	C
1809	0.04046	0.04046	A
1810	0.0	0.0	T
1811	0.0	0.0	A
1812	0.0	0.0	A
