Position	Mismatches	Mismatches + Deletions	Base
1	0.0	0.0	A
2	0.0	0.0	T
3	0.0	0.0	G
4	0.01577	0.01577	A
5	0.01343	0.01502	C
6	0.01443	0.01443	C
7	0.01628	0.01628	C
8	0.01906	0.01906	C
9	0.01777	0.02961	A
10	0.01865	0.01887	A
11	0.01281	0.01394	T
12	0.0224	0.02264	A
13	0.05262	0.05291	C
14	0.00603	0.00629	G
15	0.04208	0.04306	C
16	0.01159	0.01178	A
17	0.00625	0.00625	A
18	0.02231	0.02231	A
19	0.02478	0.02478	A
20	0.98155	0.99404	C
21	0.00954	0.01061	T
22	0.01822	0.01879	A
23	0.01063	0.01229	A
24	0.01622	0.01639	C
25	0.01536	0.01536	C
26	0.01559	0.01559	C
27	0.01666	0.01666	C
28	0.01532	0.01542	C
29	0.01048	0.01137	T
30	0.01354	0.01373	A
31	0.0134	0.01357	A
32	0.00911	0.01042	T
33	0.0124	0.01253	A
34	0.00721	0.00721	A
35	0.01412	0.01412	A
36	0.02428	0.02519	A
37	0.00747	0.00761	T
38	0.01319	0.01366	T
39	0.01437	0.01459	A
40	0.02667	0.02674	A
41	0.01166	0.01207	T
42	0.0114	0.01155	T
43	0.01591	0.01614	A
44	0.03276	0.03359	A
45	0.03289	0.03318	C
46	0.02563	0.0259	C
47	0.97461	0.97669	A
48	0.02614	0.02618	C
49	0.00815	0.00943	T
50	0.03347	0.03401	C
51	0.0278	0.03202	A
52	0.0093	0.00946	T
53	0.00859	0.0087	T
54	0.02592	0.02769	C
55	0.02868	0.02959	A
56	0.00856	0.01064	T
57	0.02905	0.02962	C
58	0.00828	0.00862	G
59	0.03055	0.03117	A
60	0.02646	0.02655	C
61	0.0161	0.01633	C
62	0.00536	0.00875	T
63	0.02286	0.02286	C
64	0.01833	0.01834	C
65	0.0216	0.0216	C
66	0.01856	0.01885	C
67	0.01045	0.01901	A
68	0.02924	0.02925	C
69	0.02178	0.02178	C
70	0.02064	0.02064	C
71	0.01749	0.01754	C
72	0.01968	0.02655	A
73	0.01084	0.01262	T
74	0.03209	0.03222	C
75	0.02645	0.0266	C
76	0.02407	0.02422	A
77	0.02972	0.02984	A
78	0.03675	0.03779	C
79	0.02513	0.02587	A
80	0.00807	0.00858	T
81	0.02294	0.02324	C
82	0.00755	0.00838	T
83	0.03124	0.03126	C
84	0.03484	0.03498	C
85	0.00741	0.01108	G
86	0.02819	0.02905	C
87	0.02868	0.03178	A
88	0.00674	0.00693	T
89	0.00325	0.00358	G
90	0.01327	0.01344	A
91	0.00416	0.00447	T
92	0.0035	0.00438	G
93	0.01867	0.01869	A
94	0.01742	0.01755	A
95	0.02248	0.02254	A
96	0.05595	0.05687	C
97	0.00692	0.00692	T
98	0.00825	0.00825	T
99	0.02572	0.02911	C
100	0.00317	0.0032	G
101	0.00386	0.0039	G
102	0.02071	0.02155	C
103	0.00658	0.00818	T
104	0.03409	0.03578	C
105	0.02406	0.02572	A
106	0.03947	0.03995	C
107	0.0077	0.00823	T
108	0.03156	0.03156	C
109	0.02681	0.02764	C
110	0.00865	0.00865	T
111	0.00781	0.00787	T
112	0.00189	0.00195	G
113	0.0028	0.00291	G
114	0.01223	0.01256	C
115	0.00787	0.00804	G
116	0.01709	0.01709	C
117	0.00832	0.00842	C
118	0.00486	0.00575	T
119	0.00303	0.00316	G
120	0.03498	0.03498	C
121	0.01957	0.01976	C
122	0.00443	0.00574	T
123	0.00443	0.00571	G
124	0.01865	0.0192	A
125	0.0069	0.00743	T
126	0.02425	0.02434	C
127	0.01587	0.01601	C
128	0.0086	0.01134	T
129	0.03299	0.033	C
130	0.02898	0.02928	C
131	0.01436	0.01486	A
132	0.02956	0.02964	A
133	0.02687	0.02734	A
134	0.01014	0.01187	T
135	0.0285	0.02885	C
136	0.02762	0.02826	A
137	0.03984	0.03996	C
138	0.02866	0.02936	C
139	0.02416	0.03227	A
140	0.03926	0.04021	C
141	0.01885	0.02199	A
142	0.00335	0.00365	G
143	0.00216	0.00218	G
144	0.01874	0.02624	A
145	0.04595	0.0465	C
146	0.00727	0.0078	T
147	0.02417	0.0389	A
148	0.00961	0.00963	T
149	0.00741	0.00747	T
150	0.02352	0.02362	C
151	0.00695	0.00717	C
152	0.00843	0.00878	T
153	0.03034	0.03195	A
154	0.00482	0.00491	G
155	0.021	0.02102	C
156	0.01584	0.01585	C
157	0.01696	0.0252	A
158	0.00736	0.00774	T
159	0.00558	0.00652	G
160	0.03944	0.04016	C
161	0.03397	0.03448	A
162	0.03806	0.03859	C
163	0.00865	0.00923	T
164	0.02801	0.02933	A
165	0.03593	0.03656	C
166	0.00994	0.01181	T
167	0.02927	0.03207	C
168	0.01979	0.02055	A
169	0.05233	0.05233	C
170	0.01619	0.01669	C
171	0.01051	0.01855	A
172	0.00457	0.00483	G
173	0.01772	0.01844	A
174	0.0222	0.02261	C
175	0.00519	0.0054	G
176	0.01298	0.013	C
177	0.00616	0.00621	C
178	0.00605	0.00939	T
179	0.03848	0.03964	C
180	0.02732	0.02992	A
181	0.03433	0.03449	A
182	0.04274	0.04295	C
183	0.03021	0.0308	C
184	0.00754	0.00828	G
185	0.01378	0.01379	C
186	0.01484	0.01487	C
187	0.00559	0.00564	T
188	0.00514	0.00514	T
189	0.00714	0.00714	T
190	0.00683	0.00688	T
191	0.01636	0.02316	C
192	0.01975	0.02012	A
193	0.00905	0.00967	T
194	0.02555	0.02592	C
195	0.01967	0.02001	A
196	0.024	0.02507	A
197	0.01499	0.0156	T
198	0.05428	0.05554	C
199	0.0117	0.01237	G
200	0.02221	0.02223	C
201	0.0169	0.0169	C
202	0.02401	0.02414	C
203	0.01779	0.02307	A
204	0.03833	0.03905	C
205	0.02505	0.02725	A
206	0.01057	0.01193	T
207	0.03264	0.03346	C
208	0.02463	0.02538	A
209	0.03739	0.03851	C
210	0.01038	0.01062	T
211	0.03602	0.03618	C
212	0.00586	0.00605	G
213	0.01579	0.01784	A
214	0.00462	0.0048	G
215	0.01352	0.01385	A
216	0.0184	0.01884	C
217	0.00697	0.00706	G
218	0.00536	0.00714	T
219	0.00791	0.00803	A
220	0.01971	0.01971	A
221	0.02603	0.02634	A
222	0.01029	0.01046	T
223	0.01293	0.01445	T
224	0.01435	0.03024	A
225	0.00824	0.00903	T
226	0.00271	0.00284	G
227	0.00315	0.00319	G
228	0.00984	0.01016	C
229	0.00673	0.00682	T
230	0.00621	0.00666	G
231	0.01425	0.01495	A
232	0.01561	0.01572	A
233	0.00986	0.01255	T
234	0.03325	0.03439	C
235	0.03297	0.0343	A
236	0.01862	0.02008	T
237	0.02549	0.02591	C
238	0.02226	0.02296	C
239	0.00676	0.00815	G
240	0.02386	0.0268	C
241	0.01336	0.01366	T
242	0.02759	0.02771	A
243	0.04436	0.04436	C
244	0.02327	0.02392	C
245	0.00821	0.00823	T
246	0.00743	0.00761	T
247	0.01636	0.01714	C
248	0.02537	0.0285	A
249	0.0364	0.03668	C
250	0.0047	0.00496	G
251	0.00717	0.00717	C
252	0.00955	0.00955	C
253	0.01723	0.0173	A
254	0.03304	0.03329	A
255	0.01031	0.01075	T
256	0.00395	0.00395	G
257	0.00453	0.00464	G
258	0.00925	0.00962	C
259	0.0067	0.00688	G
260	0.02035	0.02035	C
261	0.00784	0.00807	C
262	0.00835	0.00935	T
263	0.01656	0.0168	C
264	0.028	0.02858	A
265	0.02506	0.02543	A
266	0.01254	0.01261	T
267	0.03403	0.03507	A
268	0.01207	0.01222	T
269	0.01231	0.01231	T
270	0.02656	0.0381	C
271	0.01247	0.01247	T
272	0.01122	0.01122	T
273	0.00946	0.00957	T
274	0.01638	0.01839	A
275	0.00953	0.01026	T
276	0.03404	0.03445	C
277	0.00934	0.00952	T
278	0.00305	0.00341	G
279	0.0071	0.00722	C
280	0.0023	0.0023	C
281	0.0028	0.00367	T
282	0.00933	0.01	C
283	0.00977	0.00986	T
284	0.00737	0.00752	T
285	0.01045	0.01045	C
286	0.00646	0.00653	C
287	0.00755	0.00809	T
288	0.03273	0.03372	A
289	0.04241	0.04327	C
290	0.0287	0.03101	A
291	0.05081	0.05298	C
292	0.0294	0.03127	A
293	0.01076	0.01165	T
294	0.03515	0.03751	C
295	0.00285	0.00285	G
296	0.00221	0.00221	G
297	0.00858	0.00861	G
298	0.18925	0.2111	C
299	0.00372	0.00382	G
300	0.00973	0.01186	A
301	0.0033	0.0033	G
302	0.00186	0.00186	G
303	0.00854	0.00854	C
304	0.02344	0.02347	C
305	0.00686	0.00728	T
306	0.01632	0.01635	A
307	0.0086	0.00866	T
308	0.02102	0.02134	A
309	0.0125	0.0125	T
310	0.01233	0.01262	T
311	0.01667	0.03208	A
312	0.044	0.04452	C
313	0.00465	0.00472	G
314	0.00446	0.00449	G
315	0.01919	0.02363	A
316	0.00889	0.01012	T
317	0.02955	0.03015	C
318	0.04034	0.04126	A
319	0.00558	0.00569	T
320	0.00833	0.00863	T
321	0.00846	0.0085	T
322	0.02346	0.02481	C
323	0.01179	0.01211	T
324	0.03794	0.03832	C
325	0.01083	0.01104	T
326	0.02614	0.02847	A
327	0.03177	0.03227	C
328	0.00985	0.01176	T
329	0.02964	0.03084	C
330	0.01981	0.02081	A
331	0.00677	0.0072	G
332	0.01655	0.01666	A
333	0.02143	0.02178	A
334	0.02807	0.02871	A
335	0.03399	0.03417	C
336	0.02135	0.02156	C
337	0.00959	0.01028	T
338	0.00747	0.00819	G
339	0.0343	0.03434	A
340	0.0346	0.03464	A
341	0.02655	0.02655	A
342	0.03243	0.0349	C
343	0.02691	0.02765	A
344	0.01412	0.01516	T
345	0.03834	0.03923	C
346	0.00548	0.00548	G
347	0.00397	0.00397	G
348	0.03305	0.03324	C
349	0.0293	0.02942	A
350	0.01057	0.01057	T
351	0.01107	0.01143	T
352	0.01006	0.02747	A
353	0.0095	0.01171	T
354	0.02051	0.02116	C
355	0.01577	0.01577	C
356	0.00589	0.00727	T
357	0.0264	0.0264	C
358	0.01537	0.01575	C
359	0.00566	0.00625	T
360	0.0049	0.00515	G
361	0.01678	0.01781	C
362	0.00708	0.00708	T
363	0.00489	0.00489	T
364	0.00479	0.00583	G
365	0.0207	0.02246	C
366	0.02782	0.02791	A
367	0.03296	0.033	A
368	0.03943	0.03997	C
369	0.01266	0.01275	T
370	0.02153	0.0278	A
371	0.01188	0.01225	T
372	0.02719	0.02786	A
373	0.00561	0.00667	G
374	0.01355	0.01433	C
375	0.02255	0.02259	A
376	0.02441	0.02514	A
377	0.03653	0.03798	C
378	0.01734	0.01808	A
379	0.00306	0.0031	G
380	0.01176	0.01176	C
381	0.00476	0.00476	C
382	0.00516	0.00516	T
383	0.01038	0.01042	T
384	0.04325	0.04484	C
385	0.034	0.03596	A
386	0.01309	0.0154	T
387	0.01682	0.01844	A
388	0.00198	0.00202	G
389	0.00342	0.00346	G
390	0.00834	0.00854	C
391	0.00384	0.00404	T
392	0.03265	0.03301	A
393	0.01012	0.01024	T
394	0.00633	0.00637	G
395	0.00755	0.00856	T
396	0.00987	0.00987	C
397	0.01116	0.0112	C
398	0.0058	0.00759	T
399	0.01456	0.01456	C
400	0.03117	0.03117	C
401	0.03225	0.03249	C
402	0.00629	0.00806	G
403	0.01093	0.01299	T
404	0.00345	0.00417	G
405	0.01225	0.01411	A
406	0.00318	0.00318	G
407	0.00282	0.00282	G
408	0.02383	0.02474	C
409	0.02469	0.02476	C
410	0.01283	0.01286	A
411	0.02168	0.02172	A
412	0.02193	0.02208	A
413	0.0105	0.01132	T
414	0.02878	0.02893	A
415	0.00991	0.01112	T
416	0.0361	0.0373	C
417	0.03624	0.03667	A
418	0.00801	0.00801	T
419	0.00743	0.00782	T
420	0.02221	0.02548	C
421	0.00847	0.00878	T
422	0.00343	0.00402	G
423	0.02266	0.02318	A
424	0.0046	0.00464	G
425	0.0035	0.0035	G
426	0.00446	0.00446	G
427	0.00711	0.00711	G
428	0.01773	0.01777	C
429	0.02129	0.02168	C
430	0.02707	0.03795	A
431	0.0376	0.03773	C
432	0.01732	0.0184	A
433	0.00592	0.00607	G
434	0.005	0.00676	T
435	0.00848	0.00848	A
436	0.01365	0.01368	A
437	0.00956	0.00965	T
438	0.01213	0.01222	T
439	0.01045	0.02535	A
440	0.05036	0.05176	C
441	0.03347	0.03354	A
442	0.02658	0.02658	A
443	0.02382	0.02444	A
444	0.04538	0.049	C
445	0.00795	0.00832	T
446	0.00744	0.00747	T
447	0.00844	0.02018	A
448	0.02496	0.02537	C
449	0.00634	0.00655	T
450	0.02884	0.03085	A
451	0.00818	0.00944	T
452	0.03898	0.03929	C
453	0.03462	0.03483	C
454	0.00527	0.00626	G
455	0.02665	0.02665	C
456	0.01065	0.01065	C
457	0.02176	0.03156	A
458	0.00957	0.01075	T
459	0.02235	0.02242	C
460	0.02075	0.02077	C
461	0.01829	0.01858	C
462	0.007	0.02862	A
463	0.00899	0.0094	T
464	0.02961	0.02991	A
465	0.04957	0.04998	C
466	0.03562	0.03589	A
467	0.00914	0.00927	T
468	0.00785	0.00798	T
469	0.00297	0.00301	G
470	0.00363	0.00363	G
471	0.0013	0.00136	G
472	0.96454	0.97129	A
473	0.02438	0.02484	C
474	0.01822	0.02033	A
475	0.00407	0.00407	G
476	0.01882	0.01886	A
477	0.04088	0.04095	C
478	0.03854	0.03859	C
479	0.00718	0.00773	T
480	0.01968	0.02049	A
481	0.00487	0.00495	G
482	0.00639	0.00639	T
483	0.00831	0.00831	T
484	0.04249	0.0429	C
485	0.02812	0.02821	A
486	0.02493	0.02501	A
487	0.00892	0.00918	T
488	0.00412	0.00454	G
489	0.01212	0.01222	A
490	0.01081	0.01118	A
491	0.00417	0.00423	T
492	0.01023	0.01043	C
493	0.0052	0.00544	T
494	0.00318	0.00338	G
495	0.01352	0.01383	A
496	0.00327	0.00327	G
497	0.00277	0.00295	G
498	0.02052	0.02761	A
499	0.00425	0.00425	G
500	0.00341	0.00343	G
501	0.0172	0.01842	C
502	0.00653	0.00685	T
503	0.02317	0.02422	A
504	0.02457	0.02461	C
505	0.0087	0.01111	T
506	0.02981	0.03001	C
507	0.04093	0.04196	A
508	0.00594	0.00598	G
509	0.01029	0.01155	T
510	0.02786	0.02855	A
511	0.00427	0.0044	G
512	0.03403	0.03438	A
513	0.04318	0.04345	C
514	0.02438	0.02529	A
515	0.00516	0.00563	G
516	0.00842	0.00945	T
517	0.01914	0.0192	C
518	0.01194	0.01198	C
519	0.01491	0.01501	C
520	0.02539	0.04161	A
521	0.03855	0.03856	C
522	0.00524	0.00524	C
523	0.00526	0.00544	C
524	0.00456	0.0092	T
525	0.01093	0.01108	C
526	0.01822	0.02353	A
527	0.05303	0.0541	C
528	0.0312	0.03181	A
529	0.04325	0.04412	C
530	0.00473	0.00478	G
531	0.01448	0.01459	A
532	0.00443	0.00445	T
533	0.0041	0.00419	T
534	0.01097	0.01556	C
535	0.00742	0.00742	T
536	0.0086	0.0086	T
537	0.00986	0.0099	T
538	0.02534	0.03202	A
539	0.04534	0.04544	C
540	0.03557	0.03578	C
541	0.00563	0.00574	T
542	0.01088	0.01107	T
543	0.01256	0.0126	T
544	0.03681	0.03988	C
545	0.02698	0.02816	A
546	0.0374	0.03801	C
547	0.0078	0.0081	T
548	0.0093	0.01138	T
549	0.03617	0.04033	C
550	0.03635	0.03915	A
551	0.00839	0.00889	T
552	0.0247	0.02515	C
553	0.00847	0.00849	T
554	0.011	0.0112	T
555	0.00449	0.00545	G
556	0.01635	0.0164	C
557	0.01006	0.01011	C
558	0.01173	0.01187	C
559	0.00696	0.00714	T
560	0.00933	0.00935	T
561	0.03312	0.03531	C
562	0.02686	0.02718	A
563	0.0092	0.00923	T
564	0.00975	0.01006	T
565	0.01244	0.02882	A
566	0.00945	0.00946	T
567	0.00858	0.00864	T
568	0.00587	0.00973	G
569	0.02449	0.02719	C
570	0.0311	0.0333	A
571	0.00637	0.00705	G
572	0.02243	0.02244	C
573	0.01554	0.01574	C
574	0.01609	0.01612	C
575	0.00844	0.00919	T
576	0.03118	0.03221	A
577	0.00495	0.00592	G
578	0.02469	0.02508	C
579	0.02792	0.02824	A
580	0.9638	0.96447	A
581	0.02872	0.02905	C
582	0.02058	0.02434	A
583	0.02428	0.02442	C
584	0.00715	0.00809	T
585	0.02138	0.02138	C
586	0.01653	0.01677	C
587	0.01467	0.01857	A
588	0.02363	0.02363	C
589	0.01485	0.01546	C
590	0.00555	0.00664	T
591	0.03673	0.03675	C
592	0.01635	0.0173	C
593	0.0068	0.00707	T
594	0.02225	0.02408	A
595	0.00757	0.00757	T
596	0.00715	0.00724	T
597	0.01796	0.02144	C
598	0.00942	0.00942	T
599	0.00915	0.00916	T
600	0.00627	0.00776	G
601	0.02546	0.02596	C
602	0.02566	0.02596	A
603	0.04123	0.04164	C
604	0.00587	0.00632	G
605	0.01799	0.01814	A
606	0.02809	0.02836	A
607	0.03191	0.03201	A
608	0.04464	0.0479	C
609	0.0028	0.00281	G
610	0.00305	0.0031	G
611	0.00341	0.00349	G
612	0.01772	0.02129	A
613	0.00942	0.01128	T
614	0.03952	0.04053	C
615	0.03397	0.03425	A
616	0.02967	0.03053	A
617	0.02765	0.02784	A
618	0.04773	0.05281	C
619	0.02555	0.02556	A
620	0.02019	0.02778	A
621	0.01781	0.01794	C
622	0.01198	0.01223	C
623	0.01295	0.013	C
624	0.01904	0.01904	C
625	0.02013	0.02014	C
626	0.00848	0.0088	T
627	0.03908	0.03961	A
628	0.00223	0.00226	G
629	0.00421	0.00424	G
630	0.01151	0.01153	A
631	0.01751	0.01768	A
632	0.00726	0.00838	T
633	0.03737	0.03794	C
634	0.03212	0.03276	A
635	0.03716	0.03724	C
636	0.02068	0.02086	C
637	0.00647	0.00887	T
638	0.02762	0.02763	C
639	0.02541	0.02543	C
640	0.02532	0.02553	C
641	0.02927	0.0328	A
642	0.00629	0.00637	T
643	0.00428	0.00429	T
644	0.01569	0.0157	C
645	0.01577	0.01582	C
646	0.00588	0.00701	G
647	0.03298	0.03332	A
648	0.01103	0.01243	T
649	0.0202	0.02034	A
650	0.01326	0.01335	A
651	0.02644	0.02647	A
652	0.03232	0.03275	A
653	0.01161	0.01527	T
654	0.03415	0.03493	C
655	0.02622	0.02647	A
656	0.04823	0.04843	C
657	0.02818	0.02842	C
658	0.01431	0.01649	T
659	0.01178	0.01194	T
660	0.03259	0.03267	C
661	0.02056	0.021	C
662	0.01005	0.02091	A
663	0.03472	0.03472	C
664	0.02041	0.02047	C
665	0.01896	0.01923	C
666	0.00992	0.01023	T
667	0.0112	0.01137	T
668	0.01488	0.02914	A
669	0.03631	0.0369	C
670	0.00981	0.01079	T
671	0.03738	0.03863	A
672	0.0432	0.04455	C
673	0.01976	0.02129	A
674	0.04282	0.04498	C
675	0.02437	0.02441	A
676	0.02938	0.02989	A
677	0.01196	0.01315	T
678	0.0345	0.03478	C
679	0.0259	0.02596	A
680	0.02462	0.0251	A
681	0.02694	0.02723	A
682	0.00501	0.00537	G
683	0.03008	0.03048	A
684	0.03767	0.03857	C
685	0.0063	0.00672	G
686	0.01504	0.01506	C
687	0.00682	0.00682	C
688	0.02185	0.02199	C
689	0.00871	0.01072	T
690	0.03846	0.03891	C
691	0.00337	0.00378	G
692	0.00441	0.00443	G
693	0.01999	0.02031	C
694	0.00948	0.00961	T
695	0.00873	0.00879	T
696	0.01776	0.03044	A
697	0.04411	0.04455	C
698	0.01019	0.01024	T
699	0.0094	0.00957	T
700	0.02776	0.03552	C
701	0.01194	0.01242	T
702	0.03926	0.04196	C
703	0.01165	0.0117	T
704	0.01004	0.01041	T
705	0.03249	0.03263	C
706	0.02937	0.02989	C
707	0.01048	0.01063	T
708	0.0131	0.0132	T
709	0.02832	0.03416	C
710	0.01136	0.0122	T
711	0.03319	0.03464	C
712	0.01006	0.01161	T
713	0.03116	0.03116	C
714	0.02244	0.0234	C
715	0.01054	0.01056	T
716	0.01109	0.01114	T
717	0.01407	0.0149	A
718	0.0221	0.02214	A
719	0.00938	0.01134	T
720	0.94197	0.94374	G
721	0.01716	0.01898	A
722	0.03648	0.03877	C
723	0.02852	0.02872	A
724	0.01035	0.01041	T
725	0.01155	0.01191	T
726	0.02085	0.02115	A
727	0.02037	0.02102	A
728	0.04096	0.04239	C
729	0.03269	0.03288	A
730	0.03762	0.03855	C
731	0.00836	0.00882	T
732	0.03037	0.03208	A
733	0.00801	0.00804	T
734	0.00862	0.00887	T
735	0.02592	0.02904	C
736	0.01044	0.01272	T
737	0.02629	0.02766	C
738	0.02116	0.02236	A
739	0.03455	0.03455	C
740	0.01409	0.01434	C
741	0.02098	0.03583	A
742	0.00896	0.00934	G
743	0.02618	0.02637	A
744	0.03249	0.03254	C
745	0.01581	0.01616	C
746	0.00551	0.00689	T
747	0.02739	0.0274	C
748	0.01231	0.01305	C
749	0.00731	0.00794	T
750	0.02041	0.02211	A
751	0.00283	0.00286	G
752	0.00379	0.00381	G
753	0.02237	0.02257	C
754	0.00783	0.00889	G
755	0.02191	0.02511	A
756	0.0409	0.04093	C
757	0.02369	0.02374	C
758	0.02797	0.02817	C
759	0.01796	0.0357	A
760	0.00654	0.00689	G
761	0.02435	0.02445	A
762	0.04631	0.04689	C
763	0.0204	0.02048	A
764	0.02728	0.02762	A
765	0.01117	0.01136	T
766	0.01061	0.01075	T
767	0.01751	0.03632	A
768	0.01281	0.01415	T
769	0.03301	0.03588	A
770	0.04484	0.04524	C
771	0.02239	0.02239	C
772	0.00833	0.00833	C
773	0.00816	0.0087	T
774	0.02715	0.028	A
775	0.00641	0.00666	G
776	0.04003	0.04026	C
777	0.02395	0.02478	C
778	0.01449	0.01489	A
779	0.01641	0.01794	A
780	0.01873	0.0189	C
781	0.02184	0.02204	C
782	0.01836	0.01847	C
783	0.01979	0.01994	C
784	0.00851	0.0086	T
785	0.01056	0.01066	T
786	0.02028	0.02067	A
787	0.02718	0.02729	A
788	0.0482	0.04854	A
789	0.0397	0.04232	C
790	0.03112	0.03472	A
791	0.03074	0.03076	C
792	0.02087	0.02089	C
793	0.01633	0.01635	C
794	0.01538	0.0155	C
795	0.00895	0.01213	T
796	0.01921	0.01921	C
797	0.01811	0.01811	C
798	0.02212	0.02212	C
799	0.02327	0.0234	C
800	0.01727	0.02041	A
801	0.0272	0.0289	C
802	0.02226	0.02388	A
803	0.00951	0.01076	T
804	0.0331	0.03398	C
805	0.02626	0.02628	A
806	0.03439	0.03522	A
807	0.00629	0.00743	G
808	0.02423	0.02423	C
809	0.01648	0.01648	C
810	0.01756	0.01756	C
811	0.01165	0.01231	G
812	0.01877	0.01887	A
813	0.01875	0.01887	A
814	0.00866	0.00883	T
815	0.00561	0.00636	G
816	0.02392	0.02437	A
817	0.0096	0.00972	T
818	0.02976	0.03051	A
819	0.00709	0.0071	T
820	0.01179	0.01186	T
821	0.00829	0.00837	T
822	0.03764	0.03769	C
823	0.02547	0.02555	C
824	0.01098	0.01138	T
825	0.03302	0.0362	A
826	0.00868	0.0087	T
827	0.00991	0.01005	T
828	0.02281	0.02679	C
829	0.00599	0.00637	G
830	0.03687	0.03691	C
831	0.01057	0.01067	C
832	0.00832	0.00914	T
833	0.02588	0.02675	A
834	0.04461	0.04585	C
835	0.02429	0.02541	A
836	0.04795	0.04899	C
837	0.02657	0.02662	A
838	0.03589	0.03604	A
839	0.011	0.01114	T
840	0.00951	0.0096	T
841	0.02036	0.02684	C
842	0.00959	0.01084	T
843	0.03304	0.03304	C
844	0.02776	0.02778	C
845	0.00798	0.00969	G
846	0.02438	0.0254	A
847	0.00868	0.00941	T
848	0.03596	0.03598	C
849	0.02185	0.0222	C
850	0.00815	0.00929	G
851	0.00985	0.01097	T
852	0.0171	0.01716	C
853	0.01848	0.0185	C
854	0.01508	0.01508	C
855	0.00868	0.01003	T
856	0.0206	0.02097	A
857	0.02288	0.02305	A
858	0.04001	0.04076	C
859	0.02431	0.02444	A
860	0.02515	0.02515	A
861	0.03395	0.0344	A
862	0.02993	0.03201	C
863	0.00541	0.0057	T
864	0.01282	0.01309	A
865	0.00167	0.00174	G
866	0.00234	0.00248	G
867	0.01949	0.02426	A
868	0.00318	0.00318	G
869	0.00294	0.00298	G
870	0.02055	0.02068	C
871	0.01006	0.01037	G
872	0.00894	0.01029	T
873	0.02758	0.02758	C
874	0.02483	0.02487	C
875	0.01299	0.01304	T
876	0.01367	0.01378	T
877	0.00693	0.00827	G
878	0.02477	0.02479	C
879	0.01651	0.01654	C
880	0.02361	0.02363	C
881	0.00985	0.01015	T
882	0.02658	0.02795	A
883	0.01428	0.01433	T
884	0.01194	0.01251	T
885	0.01394	0.03282	A
886	0.04271	0.04386	C
887	0.01111	0.0118	T
888	0.02957	0.03174	A
889	0.01237	0.01549	T
890	0.03607	0.0365	C
891	0.01966	0.01984	C
892	0.01953	0.02741	A
893	0.01212	0.01373	T
894	0.02763	0.02792	C
895	0.02557	0.02591	C
896	0.01046	0.01354	T
897	0.02923	0.03108	C
898	0.01476	0.02472	A
899	0.01197	0.01397	T
900	0.02856	0.02876	C
901	0.01534	0.01561	C
902	0.00996	0.01039	T
903	0.02733	0.02794	A
904	0.00515	0.00556	G
905	0.03139	0.03167	C
906	0.02534	0.02561	A
907	0.02462	0.0248	A
908	0.01007	0.01114	T
909	0.02404	0.02404	A
910	0.02212	0.0266	A
911	0.01788	0.02009	T
912	0.03929	0.04095	C
913	0.02276	0.02286	C
914	0.01924	0.01929	C
915	0.01581	0.01589	C
916	0.02494	0.033	A
917	0.02859	0.03199	T
918	0.02178	0.02197	C
919	0.01164	0.01188	C
920	0.00881	0.01055	T
921	0.02327	0.02332	C
922	0.02039	0.0207	C
923	0.01991	0.02482	A
924	0.01141	0.01187	T
925	0.02802	0.029	A
926	0.01372	0.01516	T
927	0.02485	0.02587	A
928	0.01485	0.01814	T
929	0.03348	0.03397	C
930	0.02961	0.02973	C
931	0.01536	0.01536	A
932	0.02313	0.02327	A
933	0.02246	0.02256	A
934	0.04252	0.0478	C
935	0.02091	0.02093	A
936	0.01773	0.01803	A
937	0.04088	0.04301	C
938	0.02289	0.02289	A
939	0.01911	0.01911	A
940	0.02747	0.02797	A
941	0.00905	0.01064	G
942	0.03083	0.03117	C
943	0.02382	0.02423	A
944	0.01059	0.01349	T
945	0.02563	0.02563	A
946	0.02219	0.02445	A
947	0.01311	0.01329	T
948	0.03001	0.03085	A
949	0.00788	0.00795	T
950	0.01065	0.01067	T
951	0.01197	0.01204	T
952	0.04159	0.04345	C
953	0.01018	0.01089	G
954	0.01554	0.0156	C
955	0.01211	0.01214	C
956	0.01261	0.01269	C
957	0.01355	0.01933	A
958	0.02711	0.02741	C
959	0.01132	0.01331	T
960	0.01331	0.01361	A
961	0.02325	0.02501	A
962	0.00428	0.00487	G
963	0.01908	0.01908	C
964	0.02363	0.02363	C
965	0.01186	0.01189	A
966	0.02156	0.0218	A
967	0.01281	0.01348	T
968	0.02886	0.02958	C
969	0.019	0.01937	A
970	0.03248	0.0335	C
971	0.01373	0.01384	T
972	0.01226	0.01231	T
973	0.01197	0.0124	T
974	0.01607	0.02018	A
975	0.01184	0.01184	T
976	0.01002	0.01005	T
977	0.00681	0.00761	G
978	0.02479	0.02548	A
979	0.01778	0.01808	C
980	0.00717	0.00776	T
981	0.02574	0.02584	C
982	0.00945	0.00983	C
983	0.00966	0.01023	T
984	0.02656	0.02925	A
985	0.00658	0.00688	G
986	0.02721	0.02727	C
987	0.02445	0.02445	C
988	0.00844	0.01074	G
989	0.03102	0.03159	C
990	0.03046	0.03266	A
991	0.00859	0.00873	G
992	0.03214	0.03306	A
993	0.00662	0.00665	C
994	0.0045	0.00464	C
995	0.00185	0.00199	T
996	0.00363	0.00372	C
997	0.00352	0.00371	C
998	0.01484	0.01595	T
999	0.03549	0.0361	C
1000	0.01079	0.01367	A
1001	0.00401	0.00401	T
1002	0.00436	0.00436	T
1003	0.00716	0.00996	C
1004	0.01083	0.01269	T
1005	0.03001	0.03067	A
1006	0.03158	0.03217	A
1007	0.05724	0.05741	C
1008	0.03288	0.03304	C
1009	0.01376	0.01429	T
1010	0.0039	0.00407	G
1011	0.00814	0.00819	A
1012	0.00855	0.00864	A
1013	0.00713	0.00732	T
1014	0.07254	0.07301	C
1015	0.00258	0.0026	G
1016	0.00268	0.00271	G
1017	0.00655	0.00722	A
1018	0.00449	0.00449	G
1019	0.00372	0.0038	G
1020	0.02107	0.03511	A
1021	0.03999	0.04389	C
1022	0.02637	0.0264	A
1023	0.0239	0.02434	A
1024	0.03692	0.03692	C
1025	0.02277	0.02277	C
1026	0.02283	0.03028	A
1027	0.00861	0.00883	G
1028	0.00705	0.01155	T
1029	0.02893	0.02893	A
1030	0.03231	0.03261	A
1031	0.00434	0.00445	G
1032	0.00691	0.00747	C
1033	0.00608	0.00673	T
1034	0.00907	0.00947	A
1035	0.00952	0.00955	C
1036	0.01279	0.01301	C
1037	0.01803	0.01818	C
1038	0.00708	0.00708	T
1039	0.00954	0.00963	T
1040	0.01169	0.01169	T
1041	0.01078	0.01081	T
1042	0.02923	0.04074	A
1043	0.02259	0.02262	C
1044	0.01007	0.01019	C
1045	0.01964	0.02212	A
1046	0.01208	0.01308	T
1047	0.03519	0.03561	C
1048	0.03342	0.03499	A
1049	0.01328	0.01334	T
1050	0.00861	0.00873	T
1051	0.00431	0.0044	G
1052	0.00301	0.00301	G
1053	0.01923	0.03067	A
1054	0.05047	0.05077	C
1055	0.0317	0.0317	A
1056	0.03702	0.03753	A
1057	0.00585	0.006	G
1058	0.00334	0.00403	T
1059	0.00789	0.00798	A
1060	0.01174	0.01276	G
1061	0.00863	0.00925	C
1062	0.03912	0.04069	A
1063	0.01028	0.01347	T
1064	0.02948	0.02964	C
1065	0.02548	0.02551	C
1066	0.00803	0.01079	G
1067	0.00982	0.01026	T
1068	0.02403	0.02428	A
1069	0.03421	0.03465	C
1070	0.00903	0.00962	T
1071	0.03151	0.03229	A
1072	0.01226	0.01302	T
1073	0.02264	0.02349	A
1074	0.03118	0.03299	C
1075	0.01004	0.01007	T
1076	0.01129	0.01167	T
1077	0.02405	0.02532	C
1078	0.02091	0.02157	A
1079	0.03634	0.0394	C
1080	0.02023	0.02043	A
1081	0.02295	0.02339	A
1082	0.04123	0.04245	C
1083	0.02389	0.02396	A
1084	0.02428	0.02518	A
1085	0.01435	0.01589	T
1086	0.02758	0.02768	C
1087	0.01703	0.01725	C
1088	0.0098	0.01185	T
1089	0.0084	0.0093	A
1090	0.02103	0.02157	A
1091	0.01381	0.01534	T
1092	0.02903	0.02931	C
1093	0.01791	0.01791	C
1094	0.00981	0.01147	T
1095	0.02251	0.02284	A
1096	0.02018	0.02077	A
1097	0.01691	0.01889	T
1098	0.02486	0.02516	A
1099	0.03815	0.03925	C
1100	0.02505	0.0251	C
1101	0.01368	0.01377	A
1102	0.02148	0.02152	A
1103	0.02932	0.02995	C
1104	0.01078	0.01094	T
1105	0.02229	0.02295	A
1106	0.01569	0.01665	T
1107	0.02348	0.02397	C
1108	0.02221	0.02508	T
1109	0.01571	0.01571	C
1110	0.01631	0.01631	C
1111	0.01675	0.01675	C
1112	0.01323	0.01578	T
1113	0.01274	0.01358	A
1114	0.02394	0.02401	A
1115	0.01321	0.01321	T
1116	0.01028	0.01065	T
1117	0.01117	0.01207	G
1118	0.01747	0.01762	A
1119	0.01651	0.01651	A
1120	0.01665	0.01672	A
1121	0.01428	0.01451	A
1122	0.05173	0.06898	C
1123	0.01925	0.01925	A
1124	0.00949	0.00949	A
1125	0.01799	0.01799	A
1126	0.01534	0.0155	A
1127	0.01013	0.01121	T
1128	0.01558	0.01617	A
1129	0.02715	0.02759	C
1130	0.01066	0.01084	T
1131	0.02486	0.02534	C
1132	0.00556	0.00585	A
1133	0.01072	0.01092	A
1134	0.02745	0.02745	A
1135	0.05564	0.0609	T
1136	0.01538	0.01538	G
1137	0.00673	0.00673	G
1138	0.00487	0.00487	G
1139	0.01074	0.01074	C
1140	0.0038	0.0038	C
1141	0.00031	0.00031	T
1142	0.0	0.0	A
1143	0.0	0.0	A
