Position	Mismatches	Mismatches + Deletions	Base
1	0.0	0.0	A
2	0.0	0.0	A
3	0.0	0.0	T
4	0.00278	0.00278	G
5	0.02069	0.02379	C
6	0.00946	0.00946	C
7	0.01696	0.01696	C
8	0.01646	0.01646	C
9	0.01324	0.01751	A
10	0.01977	0.01987	A
11	0.02874	0.02929	C
12	0.00832	0.00884	T
13	0.01406	0.01413	A
14	0.02331	0.02348	A
15	0.02002	0.02004	A
16	0.00947	0.01061	T
17	0.03242	0.03259	A
18	0.03819	0.03954	C
19	0.00816	0.00879	T
20	0.03185	0.03241	A
21	0.04555	0.04585	C
22	0.03469	0.03499	C
23	0.00553	0.00703	G
24	0.00419	0.00476	T
25	0.01541	0.01594	A
26	0.00486	0.00507	T
27	0.00236	0.00246	G
28	0.00223	0.00223	G
29	0.03348	0.03353	C
30	0.01628	0.01632	C
31	0.02071	0.0211	C
32	0.01979	0.02749	A
33	0.03514	0.03514	C
34	0.0236	0.02416	C
35	0.01547	0.02657	A
36	0.00941	0.01024	T
37	0.02382	0.02382	A
38	0.02839	0.02999	A
39	0.00925	0.0094	T
40	0.00958	0.00965	T
41	0.02453	0.02973	A
42	0.03183	0.03209	C
43	0.02351	0.02358	C
44	0.03081	0.03083	C
45	0.01347	0.01347	C
46	0.01442	0.01442	C
47	0.00791	0.01998	A
48	0.00605	0.00626	T
49	0.0166	0.01741	A
50	0.01857	0.01945	C
51	0.0056	0.00604	T
52	0.02764	0.02765	C
53	0.02008	0.02044	C
54	0.0077	0.00771	T
55	0.01109	0.01124	T
56	0.01297	0.03258	A
57	0.04365	0.04402	C
58	0.03037	0.03104	A
59	0.04125	0.04207	C
60	0.00833	0.00865	T
61	0.02323	0.03608	A
62	0.01094	0.011	T
63	0.009	0.00912	T
64	0.03102	0.0312	C
65	0.0252	0.02534	C
66	0.00933	0.01056	T
67	0.03377	0.03479	C
68	0.02424	0.02884	A
69	0.01178	0.02101	T
70	0.03476	0.03724	C
71	0.02407	0.02516	A
72	0.04556	0.04586	C
73	0.02865	0.02872	C
74	0.03083	0.0315	C
75	0.01378	0.014	A
76	0.02002	0.02011	A
77	0.04386	0.04605	C
78	0.01438	0.01693	T
79	0.00146	0.00168	A
80	0.01377	0.01401	A
81	0.01365	0.01372	A
82	0.01934	0.01942	A
83	0.01739	0.01746	A
84	0.00872	0.01031	T
85	0.02537	0.02569	A
86	0.00918	0.0093	T
87	0.00977	0.01026	T
88	0.01748	0.01757	A
89	0.02681	0.02711	A
90	0.02067	0.02084	A
91	0.04343	0.04758	C
92	0.02228	0.02328	A
93	0.04383	0.04788	C
94	0.0281	0.0281	A
95	0.02335	0.02335	A
96	0.02301	0.02329	A
97	0.03106	0.03408	C
98	0.00769	0.0081	T
99	0.03487	0.03543	A
100	0.02788	0.02803	C
101	0.01844	0.01883	C
102	0.01473	0.01976	A
103	0.03089	0.03104	C
104	0.01622	0.01693	C
105	0.00714	0.00849	T
106	0.03316	0.03416	A
107	0.04238	0.04276	C
108	0.02473	0.02663	C
109	0.00565	0.00872	T
110	0.03024	0.03026	C
111	0.0168	0.0168	C
112	0.01992	0.02054	C
113	0.00719	0.009	T
114	0.02619	0.02669	C
115	0.01823	0.0206	A
116	0.02893	0.02893	C
117	0.01898	0.01912	C
118	0.01199	0.01215	A
119	0.01987	0.02003	A
120	0.02895	0.02925	A
121	0.00639	0.00703	G
122	0.02553	0.02565	C
123	0.0297	0.02978	C
124	0.02902	0.0293	C
125	0.01526	0.01757	A
126	0.00951	0.01156	T
127	0.00181	0.00183	A
128	0.00986	0.00988	A
129	0.00924	0.00929	A
130	0.01584	0.01586	A
131	0.0154	0.01561	A
132	0.03336	0.03863	T
133	0.00292	0.00292	A
134	0.00222	0.00222	A
135	0.00979	0.00979	A
136	0.00821	0.00821	A
137	0.00934	0.00935	A
138	0.01351	0.01367	A
139	0.01177	0.01237	T
140	0.01036	0.01137	T
141	0.01431	0.02878	A
142	0.01133	0.01289	T
143	0.03387	0.0339	A
144	0.02821	0.02903	A
145	0.05709	0.05883	C
146	0.02605	0.02605	A
147	0.02432	0.02432	A
148	0.02799	0.0314	A
149	0.04255	0.04323	C
150	0.03128	0.03166	C
151	0.03073	0.03094	C
152	0.00894	0.01017	T
153	0.00427	0.00467	G
154	0.03289	0.03418	A
155	0.00694	0.0094	G
156	0.02538	0.02551	A
157	0.02536	0.0257	A
158	0.0419	0.04212	C
159	0.03759	0.03802	C
160	0.01274	0.0128	A
161	0.01377	0.0138	A
162	0.01562	0.0158	A
163	0.01233	0.01247	A
164	0.00492	0.00575	T
165	0.00274	0.00331	G
166	0.01111	0.01114	A
167	0.0139	0.01401	A
168	0.03917	0.04019	C
169	0.00456	0.00495	G
170	0.01348	0.0135	A
171	0.00841	0.00853	A
172	0.02714	0.02743	A
173	0.03501	0.03512	A
174	0.01012	0.01251	T
175	0.04618	0.04639	C
176	0.01183	0.01191	T
177	0.00618	0.00964	G
178	0.0052	0.0052	T
179	0.00592	0.00606	T
180	0.01836	0.01966	C
181	0.00532	0.00553	G
182	0.05011	0.05128	C
183	0.00498	0.00516	T
184	0.00556	0.00571	T
185	0.01837	0.01899	C
186	0.01854	0.01901	A
187	0.00606	0.00629	T
188	0.00684	0.00692	T
189	0.03378	0.03578	C
190	0.03102	0.03191	A
191	0.01157	0.01162	T
192	0.01737	0.01777	T
193	0.03809	0.03932	G
194	0.02744	0.02753	C
195	0.00868	0.00872	C
196	0.0293	0.02933	C
197	0.02284	0.02287	C
198	0.02728	0.02732	C
199	0.01686	0.02279	A
200	0.04097	0.0418	C
201	0.02305	0.02322	A
202	0.02278	0.02363	A
203	0.00693	0.00766	T
204	0.02995	0.02998	C
205	0.01486	0.01503	C
206	0.00786	0.00861	T
207	0.02865	0.03438	A
208	0.00225	0.00233	G
209	0.00338	0.00338	G
210	0.0138	0.01384	C
211	0.01037	0.0108	C
212	0.00656	0.00818	T
213	0.0281	0.02957	A
214	0.05313	0.05333	C
215	0.03768	0.03842	C
216	0.05039	0.05167	C
217	0.0045	0.0056	G
218	0.01996	0.01996	C
219	0.01807	0.01818	C
220	0.00582	0.00811	G
221	0.03632	0.03665	C
222	0.03262	0.03341	A
223	0.00641	0.00643	G
224	0.00858	0.0089	T
225	0.02826	0.02855	A
226	0.04354	0.0437	C
227	0.00955	0.00978	T
228	0.00384	0.00518	G
229	0.0247	0.02503	A
230	0.00768	0.0089	T
231	0.0261	0.02642	C
232	0.03285	0.03362	A
233	0.00886	0.0089	T
234	0.00903	0.00919	T
235	0.02859	0.03701	C
236	0.0089	0.00904	T
237	0.03657	0.04048	A
238	0.00579	0.0058	T
239	0.01457	0.01457	T
240	0.02409	0.02429	T
241	0.02719	0.02762	C
242	0.02504	0.02519	C
243	0.02739	0.02743	C
244	0.01982	0.01986	C
245	0.0207	0.02073	C
246	0.00787	0.00858	T
247	0.0331	0.03368	C
248	0.00822	0.00829	T
249	0.03348	0.03507	A
250	0.00906	0.00906	T
251	0.00926	0.00929	T
252	0.00458	0.00584	G
253	0.02203	0.02256	A
254	0.01215	0.01267	T
255	0.01745	0.01772	C
256	0.0295	0.02961	C
257	0.02476	0.02477	C
258	0.03232	0.03252	C
259	0.02101	0.02605	A
260	0.03341	0.03345	C
261	0.02109	0.02154	C
262	0.00598	0.00779	T
263	0.02849	0.02849	C
264	0.0234	0.0235	C
265	0.01367	0.01386	A
266	0.02434	0.0244	A
267	0.02561	0.02572	A
268	0.00942	0.01108	T
269	0.03057	0.03116	A
270	0.01067	0.01102	T
271	0.03164	0.03191	C
272	0.00893	0.01055	T
273	0.02964	0.03025	C
274	0.02469	0.02776	A
275	0.01065	0.01189	T
276	0.03616	0.03707	C
277	0.02621	0.02688	A
278	0.02435	0.02449	A
279	0.0411	0.04273	C
280	0.02783	0.02786	A
281	0.02292	0.02374	A
282	0.03744	0.03756	C
283	0.0292	0.02982	C
284	0.00358	0.00525	G
285	0.03057	0.03074	A
286	0.03012	0.03033	C
287	0.00807	0.00839	T
288	0.02108	0.02118	A
289	0.02254	0.02297	A
290	0.01719	0.01813	T
291	0.03013	0.03096	C
292	0.02447	0.0249	A
293	0.03449	0.03452	C
294	0.01795	0.01906	C
295	0.01419	0.02097	A
296	0.03186	0.03188	C
297	0.02367	0.02369	C
298	0.02441	0.02481	C
299	0.02003	0.02022	A
300	0.02333	0.02337	A
301	0.03847	0.03915	C
302	0.02171	0.02178	A
303	0.02276	0.02319	A
304	0.01202	0.01233	T
305	0.00304	0.00325	G
306	0.02649	0.02667	A
307	0.03301	0.03328	C
308	0.00947	0.00984	T
309	0.01882	0.01898	A
310	0.02667	0.02693	A
311	0.00924	0.01119	T
312	0.03484	0.03568	C
313	0.02655	0.02666	A
314	0.02666	0.02736	A
315	0.02537	0.02541	A
316	0.04147	0.04856	C
317	0.01202	0.01317	T
318	0.02446	0.02461	A
319	0.02432	0.02513	A
320	0.03848	0.03876	C
321	0.02434	0.02507	C
322	0.00852	0.00988	T
323	0.03428	0.03482	C
324	0.02258	0.0234	A
325	0.01383	0.01397	A
326	0.02348	0.02372	A
327	0.01751	0.01755	A
328	0.03557	0.04586	C
329	0.01399	0.01406	A
330	0.02181	0.02181	A
331	0.01868	0.01917	A
332	0.00791	0.00865	T
333	0.00439	0.00461	G
334	0.02584	0.02644	A
335	0.00654	0.00829	T
336	0.02014	0.02015	A
337	0.02274	0.02452	A
338	0.03681	0.03705	C
339	0.0235	0.02352	C
340	0.00936	0.02893	A
341	0.00926	0.00982	T
342	0.03136	0.03172	A
343	0.03711	0.03794	C
344	0.02591	0.02685	A
345	0.03908	0.04137	C
346	0.0219	0.0219	A
347	0.02078	0.02136	A
348	0.03407	0.03667	C
349	0.02325	0.02355	A
350	0.03486	0.03612	C
351	0.00792	0.00866	T
352	0.01599	0.01606	A
353	0.02262	0.0228	A
354	0.02116	0.02128	A
355	0.0039	0.00398	G
356	0.00225	0.00236	G
357	0.01817	0.02371	A
358	0.03508	0.03581	C
359	0.00893	0.00999	G
360	0.02565	0.02612	A
361	0.02609	0.02699	A
362	0.0375	0.03755	C
363	0.02351	0.02387	C
364	0.0096	0.01042	T
365	0.00632	0.00715	G
366	0.02247	0.02296	A
367	0.01124	0.01175	T
368	0.03596	0.03616	C
369	0.01267	0.01343	T
370	0.04101	0.04192	C
371	0.01598	0.01601	T
372	0.01183	0.01203	T
373	0.01404	0.03733	A
374	0.01142	0.01157	T
375	0.02561	0.02842	A
376	0.02878	0.02958	C
377	0.00672	0.00681	T
378	0.02597	0.02685	A
379	0.00404	0.00452	G
380	0.00598	0.00703	T
381	0.02974	0.03045	A
382	0.00618	0.0071	T
383	0.02666	0.02679	C
384	0.02297	0.02334	C
385	0.00606	0.00612	T
386	0.00836	0.0085	T
387	0.01412	0.01503	A
388	0.02786	0.02911	A
389	0.01176	0.0119	T
390	0.03539	0.03668	C
391	0.0145	0.016	A
392	0.00492	0.00493	T
393	0.00572	0.00577	T
394	0.00805	0.00813	T
395	0.00953	0.00953	T
396	0.01017	0.01017	T
397	0.01828	0.02996	A
398	0.01271	0.01271	T
399	0.01764	0.01771	T
400	0.00773	0.00839	G
401	0.02965	0.02976	C
402	0.0206	0.02086	C
403	0.01346	0.02518	A
404	0.04037	0.04337	C
405	0.02528	0.02528	A
406	0.02899	0.02919	A
407	0.03604	0.03891	C
408	0.00919	0.00999	T
409	0.02978	0.03007	A
410	0.02737	0.02805	A
411	0.03217	0.03234	C
412	0.01582	0.01669	C
413	0.00529	0.00641	T
414	0.0191	0.01913	C
415	0.01859	0.01918	C
416	0.0072	0.00847	T
417	0.03034	0.03096	C
418	0.00438	0.00462	G
419	0.00385	0.0039	G
420	0.024	0.0285	A
421	0.0221	0.02229	C
422	0.0042	0.00455	T
423	0.01856	0.01857	C
424	0.00909	0.00934	C
425	0.00641	0.00708	T
426	0.00438	0.00509	G
427	0.01198	0.012	C
428	0.00767	0.00781	C
429	0.00449	0.00598	T
430	0.01396	0.01419	C
431	0.00923	0.01055	A
432	0.01811	0.01823	C
433	0.0069	0.00831	T
434	0.01553	0.01574	C
435	0.01263	0.01496	A
436	0.00707	0.00708	T
437	0.01127	0.0113	T
438	0.01016	0.01028	T
439	0.0272	0.03132	A
440	0.04351	0.04443	C
441	0.03018	0.03087	A
442	0.03951	0.03956	C
443	0.02409	0.02468	C
444	0.03149	0.0318	A
445	0.0335	0.03379	A
446	0.0334	0.03426	C
447	0.02046	0.02086	C
448	0.01531	0.02371	A
449	0.03138	0.03144	C
450	0.02028	0.02028	C
451	0.02269	0.02328	C
452	0.01802	0.01813	A
453	0.02527	0.02528	A
454	0.03541	0.03633	C
455	0.01029	0.01055	T
456	0.02384	0.02399	A
457	0.00978	0.00994	T
458	0.03283	0.03312	C
459	0.01076	0.0109	T
460	0.0317	0.03297	A
461	0.01135	0.01217	T
462	0.01905	0.01917	A
463	0.02085	0.02093	A
464	0.03589	0.03706	A
465	0.03892	0.03938	C
466	0.0064	0.00664	C
467	0.00857	0.00885	T
468	0.02821	0.02893	A
469	0.00427	0.00437	G
470	0.02573	0.02576	C
471	0.02252	0.02256	C
472	0.02111	0.02951	A
473	0.00916	0.00979	T
474	0.00344	0.00346	G
475	0.00338	0.00354	G
476	0.02533	0.02539	C
477	0.0113	0.01137	C
478	0.02185	0.02811	A
479	0.00869	0.00977	T
480	0.01945	0.01955	C
481	0.02339	0.02341	C
482	0.02389	0.02397	C
483	0.01625	0.01625	C
484	0.00537	0.00544	T
485	0.00579	0.00584	T
486	0.00572	0.01495	A
487	0.00781	0.00791	T
488	0.00264	0.00285	G
489	0.00904	0.00921	A
490	0.00659	0.00663	G
491	0.02226	0.02291	C
492	0.0065	0.0065	G
493	0.00358	0.00358	G
494	0.00389	0.00394	G
495	0.02326	0.02717	C
496	0.97425	0.97464	A
497	0.015	0.01502	C
498	0.01939	0.01992	A
499	0.00551	0.00555	G
500	0.0094	0.0098	T
501	0.00423	0.00448	G
502	0.02355	0.02496	A
503	0.00811	0.00812	T
504	0.00889	0.00919	T
505	0.01755	0.03805	A
506	0.00942	0.0099	T
507	0.03348	0.03617	A
508	0.00248	0.00251	G
509	0.00222	0.00227	G
510	0.01314	0.01336	C
511	0.00187	0.00188	T
512	0.00673	0.00679	T
513	0.00662	0.00668	T
514	0.02224	0.02327	C
515	0.003	0.00329	G
516	0.01552	0.01562	C
517	0.00604	0.00614	T
518	0.02101	0.02115	C
519	0.00692	0.00736	T
520	0.01837	0.01855	A
521	0.02615	0.02628	A
522	0.00497	0.00558	G
523	0.03131	0.03168	A
524	0.00853	0.00872	T
525	0.00951	0.01108	T
526	0.00205	0.00215	A
527	0.02133	0.02154	A
528	0.017	0.0171	A
529	0.03157	0.03166	A
530	0.0237	0.02374	A
531	0.00905	0.0095	T
532	0.00562	0.00605	G
533	0.02202	0.02204	C
534	0.00909	0.00916	C
535	0.01077	0.01093	C
536	0.0068	0.00727	T
537	0.02921	0.03328	A
538	0.00443	0.00502	G
539	0.01907	0.01912	C
540	0.01289	0.01292	C
541	0.02383	0.02389	C
542	0.01663	0.02415	A
543	0.03499	0.03525	C
544	0.00798	0.00821	T
545	0.00926	0.0093	T
546	0.02641	0.03103	C
547	0.01119	0.0112	T
548	0.01277	0.0129	T
549	0.01737	0.03388	A
550	0.03832	0.03841	C
551	0.02877	0.02905	C
552	0.01873	0.02366	A
553	0.03918	0.04026	C
554	0.03184	0.03192	A
555	0.03602	0.03701	A
556	0.0044	0.00452	G
557	0.00362	0.00371	G
558	0.02132	0.02252	C
559	0.02716	0.03306	A
560	0.04703	0.04828	C
561	0.02367	0.02526	A
562	0.03978	0.03981	C
563	0.01743	0.01779	C
564	0.01192	0.0138	T
565	0.03597	0.04394	A
566	0.04067	0.04187	C
567	0.02306	0.02871	A
568	0.02379	0.02383	C
569	0.02266	0.02291	C
570	0.02031	0.02031	C
571	0.0197	0.01975	C
572	0.00702	0.00727	T
573	0.01121	0.01148	T
574	0.01298	0.02858	A
575	0.01226	0.01309	T
576	0.02987	0.03065	C
577	0.02524	0.0254	C
578	0.02634	0.02637	C
579	0.02767	0.02774	C
580	0.01072	0.02827	A
581	0.00787	0.00826	T
582	0.02076	0.02104	A
583	0.02467	0.02514	C
584	0.00689	0.00702	T
585	0.02091	0.02165	A
586	0.00304	0.00314	G
587	0.00721	0.00727	T
588	0.00856	0.00907	T
589	0.01317	0.03099	A
590	0.0098	0.0098	T
591	0.01058	0.01083	T
592	0.01187	0.03042	A
593	0.01384	0.01439	T
594	0.03637	0.03727	C
595	0.00976	0.01057	G
596	0.01148	0.01219	A
597	0.02329	0.02339	A
598	0.02667	0.02669	A
599	0.03621	0.03632	C
600	0.01848	0.01854	C
601	0.01903	0.02334	A
602	0.01007	0.0165	T
603	0.02319	0.02396	C
604	0.02794	0.0326	A
605	0.00499	0.00528	G
606	0.02635	0.02637	C
607	0.0112	0.01129	C
608	0.00826	0.00892	T
609	0.02472	0.02603	A
610	0.03767	0.03818	C
611	0.0098	0.01067	T
612	0.02877	0.02975	C
613	0.02311	0.02698	A
614	0.00949	0.00956	T
615	0.01033	0.01045	T
616	0.03156	0.03291	C
617	0.02742	0.02767	A
618	0.02913	0.02956	A
619	0.03349	0.0335	C
620	0.0323	0.03232	C
621	0.01982	0.01991	A
622	0.02751	0.02821	A
623	0.00947	0.01067	T
624	0.02878	0.03013	A
625	0.00506	0.00583	G
626	0.02136	0.02137	C
627	0.02261	0.02261	C
628	0.02259	0.02265	C
629	0.00454	0.00537	T
630	0.00353	0.00353	G
631	0.00322	0.00322	G
632	0.00508	0.0051	C
633	0.02335	0.02337	C
634	0.00648	0.00799	G
635	0.008	0.00933	T
636	0.02801	0.02972	A
637	0.04809	0.04844	C
638	0.0041	0.00424	G
639	0.01045	0.01046	C
640	0.00566	0.0057	C
641	0.00622	0.00713	T
642	0.0271	0.0276	A
643	0.02893	0.0291	A
644	0.04887	0.04889	C
645	0.0418	0.04197	C
646	0.00498	0.00575	G
647	0.01303	0.01365	C
648	0.00668	0.00743	T
649	0.02923	0.02952	A
650	0.03215	0.03233	A
651	0.04214	0.04244	C
652	0.03275	0.03381	A
653	0.00972	0.01006	T
654	0.00924	0.00932	T
655	0.01427	0.03178	A
656	0.04159	0.04189	C
657	0.00805	0.00809	T
658	0.00493	0.00712	G
659	0.02168	0.02279	C
660	0.02979	0.03137	A
661	0.00239	0.0024	G
662	0.00484	0.00489	G
663	0.01333	0.01335	C
664	0.00912	0.00935	C
665	0.01801	0.02467	A
666	0.04435	0.04446	C
667	0.01743	0.01755	C
668	0.00921	0.00996	T
669	0.02244	0.02316	A
670	0.03458	0.03493	C
671	0.0115	0.01485	T
672	0.03211	0.03392	C
673	0.02387	0.02882	A
674	0.01003	0.01031	T
675	0.00497	0.00727	G
676	0.02491	0.02573	C
677	0.02667	0.0271	A
678	0.03449	0.03469	C
679	0.02002	0.02018	C
680	0.009	0.00963	T
681	0.02275	0.02315	A
682	0.03028	0.03057	A
683	0.00851	0.00853	T
684	0.00762	0.00769	T
685	0.00323	0.00324	G
686	0.00378	0.00382	G
687	0.02358	0.0238	A
688	0.02499	0.02511	A
689	0.00635	0.00691	G
690	0.02796	0.02888	C
691	0.00776	0.00821	G
692	0.0301	0.03016	C
693	0.01299	0.01324	C
694	0.014	0.02595	A
695	0.03183	0.03185	C
696	0.02485	0.02487	C
697	0.01828	0.01837	C
698	0.01096	0.01137	T
699	0.02756	0.02775	A
700	0.00387	0.00423	G
701	0.02927	0.02989	C
702	0.02911	0.02934	A
703	0.02873	0.02894	A
704	0.01216	0.01285	T
705	0.03466	0.03482	A
706	0.01266	0.01577	T
707	0.03622	0.03825	C
708	0.02631	0.0264	A
709	0.02707	0.02716	A
710	0.04072	0.04085	C
711	0.02395	0.02401	C
712	0.02354	0.03035	A
713	0.01289	0.01324	T
714	0.01118	0.0118	T
715	0.01644	0.01655	A
716	0.03047	0.03139	A
717	0.04368	0.04404	C
718	0.02709	0.02726	C
719	0.01145	0.0116	T
720	0.01119	0.01132	T
721	0.02336	0.02343	C
722	0.01409	0.01424	C
723	0.02038	0.02042	C
724	0.00986	0.01095	T
725	0.02491	0.02563	C
726	0.01237	0.01313	T
727	0.02485	0.02605	A
728	0.03723	0.03749	C
729	0.01827	0.01903	A
730	0.03893	0.03951	C
731	0.01274	0.01294	T
732	0.01068	0.01099	T
733	0.01601	0.03029	A
734	0.01342	0.01471	T
735	0.03412	0.03489	C
736	0.02572	0.02698	A
737	0.01232	0.01286	T
738	0.03214	0.03335	C
739	0.01124	0.01125	T
740	0.01344	0.01376	T
741	0.03203	0.03387	C
742	0.0233	0.0242	A
743	0.05065	0.05197	C
744	0.02002	0.0202	A
745	0.02888	0.0295	A
746	0.01113	0.01139	T
747	0.01098	0.01107	T
748	0.02302	0.03364	C
749	0.01271	0.0149	T
750	0.0161	0.0169	A
751	0.03005	0.03052	A
752	0.01059	0.01063	T
753	0.00955	0.00977	T
754	0.02617	0.03254	C
755	0.0151	0.01551	T
756	0.02493	0.0262	A
757	0.03562	0.03592	C
758	0.01365	0.01409	T
759	0.00547	0.00622	G
760	0.02964	0.02986	A
761	0.04874	0.04993	C
762	0.0096	0.01016	T
763	0.02673	0.02857	A
764	0.00885	0.01097	T
765	0.03676	0.037	C
766	0.01872	0.01914	C
767	0.00919	0.00943	T
768	0.02379	0.02456	A
769	0.00563	0.00597	G
770	0.01351	0.01361	A
771	0.0149	0.01493	A
772	0.0218	0.02186	A
773	0.01037	0.01088	T
774	0.02433	0.0245	C
775	0.00563	0.00567	G
776	0.02066	0.0211	C
777	0.00649	0.00666	T
778	0.00539	0.00596	G
779	0.00733	0.00882	T
780	0.02774	0.02809	C
781	0.00481	0.00485	G
782	0.02469	0.02471	C
783	0.01552	0.01555	C
784	0.00924	0.00924	T
785	0.01078	0.01083	T
786	0.01633	0.01724	A
787	0.02265	0.02267	A
788	0.0112	0.01305	T
789	0.02942	0.02973	C
790	0.01511	0.01522	C
791	0.01783	0.01788	A
792	0.0327	0.03288	A
793	0.00431	0.00469	G
794	0.01766	0.01766	C
795	0.00815	0.00825	C
796	0.00528	0.00562	T
797	0.02311	0.02319	A
798	0.02672	0.02698	C
799	0.00848	0.01006	G
800	0.0066	0.00696	T
801	0.00741	0.00741	T
802	0.00937	0.00937	T
803	0.01254	0.01261	T
804	0.02694	0.03158	C
805	0.03205	0.03307	A
806	0.04204	0.04234	C
807	0.02399	0.02463	A
808	0.03669	0.0372	C
809	0.01145	0.01149	T
810	0.00835	0.00851	T
811	0.01751	0.02126	C
812	0.00958	0.00967	T
813	0.01818	0.01906	A
814	0.0034	0.00346	G
815	0.00529	0.00839	T
816	0.01585	0.016	A
817	0.02305	0.02361	A
818	0.00434	0.00477	G
819	0.02371	0.02382	C
820	0.00828	0.0083	C
821	0.01021	0.01133	T
822	0.02599	0.0266	C
823	0.01246	0.01307	T
824	0.0242	0.02532	A
825	0.02933	0.02945	C
826	0.01303	0.0133	C
827	0.00984	0.01105	T
828	0.00942	0.00962	G
829	0.01881	0.01925	C
830	0.01626	0.01689	A
831	0.02837	0.02868	C
832	0.0083	0.00859	G
833	0.01887	0.01919	A
834	0.02769	0.02799	C
835	0.02042	0.02042	A
836	0.01302	0.01307	A
837	0.02634	0.02699	C
838	0.01207	0.0121	A
839	0.02653	0.02653	C
840	0.00117	0.00117	A
841	0.0	0.0	T
842	0.0	0.0	A
