Position	Mismatches	Mismatches + Deletions	Base
1	0.0	0.0	A
2	0.0	0.0	T
3	0.0	0.0	G
4	0.02209	0.02209	A
5	0.00634	0.00634	T
6	0.00398	0.00401	G
7	0.00436	0.00542	T
8	0.02419	0.02469	A
9	0.00676	0.00682	T
10	0.00256	0.00267	G
11	0.03687	0.03718	C
12	0.00468	0.00472	T
13	0.00666	0.00675	T
14	0.00715	0.00715	T
15	0.00326	0.00398	G
16	0.0045	0.0045	T
17	0.00854	0.00854	T
18	0.0085	0.00854	T
19	0.03392	0.03588	C
20	0.00886	0.0089	T
21	0.00459	0.00639	G
22	0.00913	0.00913	T
23	0.00887	0.00895	T
24	0.00302	0.0033	G
25	0.02902	0.02968	A
26	0.00447	0.00449	G
27	0.00754	0.00854	T
28	0.00494	0.00563	G
29	0.00718	0.00832	T
30	0.00319	0.00319	G
31	0.00275	0.00275	G
32	0.00505	0.00506	G
33	0.00556	0.00559	T
34	0.00824	0.00824	T
35	0.00867	0.00875	T
36	0.02872	0.03297	A
37	0.00439	0.00452	G
38	0.00853	0.00897	T
39	0.03163	0.03185	A
40	0.03278	0.03303	A
41	0.00927	0.00949	T
42	0.00377	0.00386	G
43	0.00242	0.00243	G
44	0.00285	0.00286	G
45	0.00417	0.00418	G
46	0.00511	0.00512	T
47	0.00863	0.00864	T
48	0.00936	0.00937	T
49	0.00421	0.00492	G
50	0.00852	0.00988	T
51	0.00539	0.00541	G
52	0.00237	0.00238	G
53	0.0043	0.00431	G
54	0.00718	0.00725	G
55	0.00412	0.00415	T
56	0.00351	0.00352	T
57	0.00769	0.00769	T
58	0.00756	0.00758	T
59	0.02333	0.03093	C
60	0.0062	0.0062	T
61	0.00493	0.00497	T
62	0.00984	0.0132	C
63	0.00268	0.00313	T
64	0.00438	0.00481	A
65	0.01219	0.01227	A
66	0.00193	0.00219	G
67	0.00858	0.00861	C
68	0.00644	0.00647	C
69	0.00289	0.00294	T
70	0.00532	0.0054	T
71	0.0113	0.01596	C
72	0.00582	0.00602	T
73	0.03445	0.03446	C
74	0.0204	0.02165	C
75	0.0062	0.00658	T
76	0.03658	0.04004	A
77	0.00929	0.00929	T
78	0.01066	0.01066	T
79	0.01047	0.01051	T
80	0.01529	0.01718	A
81	0.00997	0.01012	T
82	0.00177	0.00186	G
83	0.00146	0.00146	G
84	0.00121	0.00122	G
85	0.0025	0.00251	G
86	0.0052	0.00522	G
87	0.0023	0.00231	T
88	0.00291	0.00291	T
89	0.00318	0.00319	T
90	0.01252	0.01389	A
91	0.00275	0.00278	G
92	0.00668	0.00743	T
93	0.03372	0.03437	A
94	0.0108	0.01081	T
95	0.01017	0.01021	T
96	0.00333	0.00392	G
97	0.03661	0.03743	A
98	0.00988	0.00995	T
99	0.01034	0.01051	T
100	0.00463	0.00644	G
101	0.00876	0.00877	T
102	0.01084	0.01094	T
103	0.03088	0.04189	A
104	0.00502	0.00523	G
105	0.03823	0.03872	C
106	0.00652	0.00653	G
107	0.00368	0.00407	G
108	0.00589	0.00613	T
109	0.00619	0.00643	G
110	0.00926	0.00971	T
111	0.00621	0.00621	G
112	0.00347	0.00369	G
113	0.00941	0.01028	T
114	0.04289	0.04349	C
115	0.00646	0.00653	G
116	0.00494	0.00499	G
117	0.0038	0.00389	G
118	0.00504	0.00635	T
119	0.00384	0.00397	G
120	0.00823	0.00845	T
121	0.00453	0.00463	G
122	0.00893	0.00893	T
123	0.00857	0.00864	T
124	0.01373	0.03138	A
125	0.0098	0.0098	T
126	0.00924	0.00939	T
127	0.01401	0.04181	A
128	0.01073	0.01073	T
129	0.01023	0.01038	T
130	0.04012	0.04781	C
131	0.0115	0.0116	T
132	0.00924	0.0104	G
133	0.02214	0.02275	A
134	0.02891	0.0304	A
135	0.00424	0.00426	T
136	0.00668	0.00669	T
137	0.01498	0.01502	T
138	0.0241	0.02411	T
139	0.00779	0.00792	G
140	0.00466	0.00466	G
141	0.00337	0.00338	G
142	0.00424	0.00426	G
143	0.00464	0.00471	G
144	0.02899	0.03462	A
145	0.00539	0.00539	G
146	0.00392	0.00399	G
147	0.00634	0.00645	T
148	0.00896	0.00902	T
149	0.016	0.02698	A
150	0.01178	0.01203	T
151	0.06176	0.06416	A
152	0.02075	0.02125	T
153	0.00405	0.00415	G
154	0.00286	0.00291	G
155	0.00366	0.00375	G
156	0.00699	0.00703	T
157	0.00847	0.00849	T
158	0.00922	0.00942	T
159	0.02669	0.02704	A
160	0.03208	0.03294	A
161	0.01131	0.0116	T
162	0.0257	0.02678	A
163	0.00363	0.00466	G
164	0.0014	0.00144	T
165	0.00069	0.00074	T
166	0.00137	0.00143	T
167	0.00462	0.00471	T
168	0.0085	0.00857	T
169	0.00716	0.00721	T
170	0.00752	0.00781	T
171	0.01509	0.01755	A
172	0.02282	0.02465	A
173	0.00803	0.00808	T
174	0.00864	0.00869	T
175	0.00822	0.00829	T
176	0.01307	0.0203	A
177	0.00698	0.00698	T
178	0.01003	0.01003	T
179	0.01626	0.01642	T
180	0.06886	0.0728	A
181	0.0219	0.02195	G
182	0.006	0.00601	G
183	0.00275	0.00277	G
184	0.00335	0.00336	G
185	0.00513	0.00516	G
186	0.04066	0.04105	A
187	0.03151	0.03162	A
188	0.01032	0.0107	T
189	0.00323	0.00492	G
190	0.04162	0.04246	A
191	0.01165	0.01177	T
192	0.00563	0.00564	G
193	0.00549	0.00558	G
194	0.00773	0.00774	T
195	0.0049	0.00491	T
196	0.00427	0.00486	G
197	0.00305	0.00311	T
198	0.01043	0.01096	C
199	0.0029	0.0029	T
200	0.00531	0.00531	T
201	0.00443	0.00445	T
202	0.00215	0.00217	G
203	0.00208	0.00211	G
204	0.00712	0.01222	A
205	0.00391	0.004	T
206	0.01357	0.01409	A
207	0.006	0.00618	T
208	0.03731	0.03773	A
209	0.03108	0.03227	C
210	0.00508	0.00579	T
211	0.03394	0.0361	A
212	0.03963	0.04042	C
213	0.02013	0.02136	A
214	0.00316	0.00326	G
215	0.01965	0.02026	C
216	0.00612	0.00726	G
217	0.04207	0.04811	A
218	0.01431	0.01466	T
219	0.00458	0.00461	G
220	0.0028	0.00283	G
221	0.0114	0.01215	C
222	0.00321	0.00328	T
223	0.04079	0.04163	A
224	0.00883	0.00883	T
225	0.00856	0.00858	T
226	0.00371	0.00421	G
227	0.02122	0.02206	A
228	0.00293	0.00293	G
229	0.00246	0.00251	G
230	0.0286	0.0416	A
231	0.00634	0.0066	G
232	0.00402	0.0048	T
233	0.0133	0.01349	A
234	0.00319	0.00324	T
235	0.0097	0.00973	C
236	0.00772	0.00777	C
237	0.00286	0.00328	T
238	0.00209	0.00304	G
239	0.01171	0.01213	A
240	0.00335	0.00336	G
241	0.00254	0.00256	G
242	0.01117	0.01135	C
243	0.02093	0.02148	A
244	0.01381	0.01415	T
245	0.00452	0.00458	G
246	0.00332	0.00361	G
247	0.00348	0.0035	G
248	0.00407	0.00408	G
249	0.00551	0.00552	G
250	0.00864	0.01162	T
251	0.04915	0.04957	C
252	0.04118	0.04211	A
253	0.00485	0.00489	G
254	0.00328	0.00329	G
255	0.00521	0.00523	G
256	0.00638	0.0064	G
257	0.00784	0.0079	T
258	0.01043	0.01049	T
259	0.0041	0.00461	G
260	0.03971	0.04023	A
261	0.00704	0.00705	G
262	0.00494	0.00498	G
263	0.00841	0.00886	T
264	0.04214	0.04236	C
265	0.01075	0.01076	T
266	0.01151	0.01156	T
267	0.00488	0.00502	G
268	0.00442	0.00445	G
269	0.00643	0.0066	T
270	0.00366	0.00395	G
271	0.03208	0.03287	A
272	0.00452	0.00456	G
273	0.00809	0.00839	T
274	0.00428	0.00447	G
275	0.00352	0.00354	T
276	0.00648	0.00648	T
277	0.00702	0.00702	T
278	0.00925	0.00926	T
279	0.03149	0.04238	A
280	0.00741	0.0076	G
281	0.01172	0.01324	T
282	0.00512	0.00513	G
283	0.00267	0.00267	G
284	0.0043	0.0043	G
285	0.00699	0.00701	G
286	0.01037	0.01044	T
287	0.02676	0.02719	T
288	0.02845	0.03892	A
289	0.00382	0.00389	G
290	0.03881	0.03977	C
291	0.00521	0.00633	G
292	0.03719	0.03967	A
293	0.01192	0.01215	T
294	0.00565	0.00567	G
295	0.00428	0.00435	G
296	0.02564	0.02987	A
297	0.00585	0.00585	G
298	0.00515	0.0052	G
299	0.00767	0.00796	T
300	0.03146	0.03183	A
301	0.00484	0.00488	G
302	0.00315	0.00317	G
303	0.03672	0.04438	A
304	0.0117	0.01183	T
305	0.01143	0.01148	T
306	0.00603	0.00606	G
307	0.00409	0.00418	G
308	0.00592	0.0062	T
309	0.00452	0.00463	G
310	0.04494	0.04558	C
311	0.01089	0.01107	T
312	0.0061	0.00731	G
313	0.01157	0.0125	T
314	0.00511	0.00516	G
315	0.00323	0.00325	G
316	0.00441	0.00443	G
317	0.00632	0.00806	T
318	0.00589	0.00678	G
319	0.02966	0.03012	A
320	0.03437	0.03451	A
321	0.04238	0.0424	A
322	0.0041	0.00432	G
323	0.04045	0.04079	A
324	0.00645	0.00658	G
325	0.00793	0.00888	T
326	0.03547	0.03583	A
327	0.00965	0.00985	T
328	0.00391	0.00658	G
329	0.05213	0.05356	A
330	0.01266	0.01297	T
331	0.00472	0.00475	G
332	0.00272	0.00277	G
333	0.00409	0.00409	G
334	0.00444	0.00445	G
335	0.00747	0.01015	T
336	0.00769	0.00769	G
337	0.00367	0.00386	G
338	0.00767	0.0079	T
339	0.00465	0.00465	G
340	0.00475	0.00515	G
341	0.00877	0.00879	T
342	0.01071	0.01077	T
343	0.0056	0.0063	G
344	0.01108	0.0114	T
345	0.00705	0.00705	G
346	0.00454	0.00463	G
347	0.00782	0.008	T
348	0.02031	0.02035	A
349	0.01686	0.01687	A
350	0.01788	0.01791	A
351	0.03799	0.04003	C
352	0.00595	0.00598	T
353	0.00816	0.00818	T
354	0.01008	0.01027	T
355	0.02522	0.02593	A
356	0.03054	0.03062	A
357	0.00932	0.00942	T
358	0.03015	0.0311	A
359	0.00394	0.0045	G
360	0.00855	0.00885	T
361	0.00686	0.00765	G
362	0.01058	0.01116	T
363	0.03062	0.03138	A
364	0.00526	0.00531	G
365	0.00563	0.0057	G
366	0.02574	0.02592	A
367	0.04471	0.0448	A
368	0.00342	0.00399	G
369	0.03208	0.03357	C
370	0.00714	0.00731	T
371	0.00387	0.00456	G
372	0.02672	0.02703	A
373	0.02102	0.02123	A
374	0.01072	0.01134	T
375	0.02326	0.02328	A
376	0.01869	0.0276	A
377	0.0084	0.00858	T
378	0.01024	0.01054	T
379	0.01061	0.01065	T
380	0.01982	0.02477	A
381	0.0106	0.01076	T
382	0.00486	0.00678	G
383	0.04221	0.04234	A
384	0.03495	0.03508	A
385	0.00512	0.00518	G
386	0.0036	0.00365	G
387	0.02586	0.0356	A
388	0.00591	0.00617	G
389	0.0426	0.0459	A
390	0.00565	0.00565	G
391	0.00338	0.00339	G
392	0.00494	0.00495	G
393	0.00533	0.00536	G
394	0.00655	0.00957	T
395	0.04359	0.0439	C
396	0.03534	0.03611	A
397	0.00369	0.0037	G
398	0.00334	0.00335	G
399	0.00495	0.00498	G
400	0.00693	0.00695	T
401	0.00859	0.00861	T
402	0.00493	0.0052	G
403	0.03591	0.03611	A
404	0.00877	0.00879	T
405	0.00886	0.00896	T
406	0.03292	0.0345	C
407	0.00474	0.00476	G
408	0.00589	0.00596	G
409	0.00318	0.00334	G
410	0.03223	0.0372	A
411	0.00688	0.00689	G
412	0.00481	0.00493	G
413	0.01713	0.02645	A
414	0.00627	0.0066	T
415	0.02348	0.02351	C
416	0.022	0.02214	C
417	0.00655	0.00697	T
418	0.03741	0.04242	A
419	0.01016	0.01016	T
420	0.0118	0.01184	T
421	0.00529	0.00533	G
422	0.00377	0.00378	G
423	0.00961	0.01034	T
424	0.0063	0.00726	G
425	0.04376	0.04692	C
426	0.00777	0.00778	G
427	0.00345	0.00345	G
428	0.00458	0.00458	G
429	0.00499	0.005	G
430	0.00462	0.00463	G
431	0.04046	0.04281	C
432	0.00482	0.00484	T
433	0.00635	0.00635	T
434	0.0069	0.00691	T
435	0.00275	0.00301	G
436	0.00617	0.00667	T
437	0.0322	0.0324	A
438	0.00665	0.00695	T
439	0.0034	0.00363	G
440	0.0355	0.03648	A
441	0.00803	0.00805	T
442	0.01049	0.01061	T
443	0.02543	0.04411	A
444	0.02566	0.02685	T
445	0.00478	0.00487	G
446	0.00242	0.00243	G
447	0.00204	0.00207	G
448	0.02839	0.03356	C
449	0.01108	0.01127	G
450	0.01191	0.01212	T
451	0.00892	0.00902	T
452	0.00265	0.00289	G
453	0.02814	0.02849	A
454	0.00874	0.00876	T
455	0.00878	0.00885	T
456	0.027	0.03795	A
457	0.00403	0.00425	G
458	0.00679	0.00713	T
459	0.02984	0.0307	A
460	0.00466	0.0057	G
461	0.01016	0.01056	T
462	0.03899	0.0406	A
463	0.00555	0.00613	G
464	0.00917	0.00928	T
465	0.0084	0.00887	T
466	0.01912	0.02996	A
467	0.04278	0.04317	C
468	0.00779	0.00794	T
469	0.00471	0.00476	G
470	0.00367	0.00373	G
471	0.0082	0.00822	T
472	0.00911	0.00916	T
473	0.00568	0.00611	G
474	0.02744	0.02783	A
475	0.02512	0.02521	A
476	0.04346	0.04403	C
477	0.03563	0.03601	A
478	0.00928	0.00953	T
479	0.01034	0.01041	T
480	0.003	0.00417	G
481	0.00808	0.0081	T
482	0.01003	0.01003	T
483	0.00983	0.00995	T
484	0.00499	0.00623	G
485	0.01403	0.01403	T
486	0.0156	0.01565	T
487	0.00591	0.00595	G
488	0.00372	0.00378	G
489	0.00617	0.00628	T
490	0.00475	0.00496	G
491	0.00871	0.00912	T
492	0.02271	0.0233	A
493	0.00997	0.01017	T
494	0.02794	0.029	A
495	0.00946	0.00981	T
496	0.03005	0.03105	A
497	0.01102	0.01102	T
498	0.01017	0.01025	T
499	0.0028	0.00353	G
500	0.01038	0.01076	T
501	0.03013	0.0308	A
502	0.03513	0.03541	A
503	0.01223	0.01226	T
504	0.01237	0.0125	T
505	0.00337	0.0039	G
506	0.03669	0.03736	A
507	0.00482	0.00498	G
508	0.03701	0.0387	A
509	0.00938	0.00963	T
510	0.00925	0.0094	T
511	0.00439	0.00509	G
512	0.03142	0.03178	C
513	0.0127	0.01351	T
514	0.0555	0.05687	C
515	0.00674	0.00681	G
516	0.00513	0.00518	G
517	0.00389	0.00389	G
518	0.0032	0.0032	G
519	0.00416	0.00416	G
520	0.02296	0.02296	A
521	0.02621	0.02621	A
522	0.00817	0.00817	T
523	0.00059	0.00059	A
524	0.0	0.0	G
525	0.0	0.0	G
