Position	Mismatches	Mismatches + Deletions	Base
1	0.0	0.0	A
2	0.0	0.0	T
3	0.0	0.0	G
4	0.0091	0.0091	C
5	0.00525	0.00525	C
6	0.0073	0.0073	C
7	0.01477	0.01477	C
8	0.02291	0.02326	T
9	0.01737	0.01737	C
10	0.01349	0.01551	A
11	0.00857	0.00857	T
12	0.0121	0.0121	T
13	0.00737	0.00737	T
14	0.01057	0.01306	A
15	0.02938	0.02938	C
16	0.01312	0.01312	A
17	0.00798	0.00969	T
18	0.01277	0.01277	A
19	0.01528	0.01528	A
20	0.01276	0.01383	A
21	0.00755	0.00808	T
22	0.02327	0.02404	A
23	0.01091	0.01091	T
24	0.0066	0.0066	T
25	0.00351	0.01053	A
26	0.00399	0.00399	T
27	0.00939	0.00988	A
28	0.01256	0.01305	C
29	0.00171	0.00171	T
30	0.01321	0.01345	A
31	0.00169	0.00193	G
32	0.01678	0.01726	C
33	0.01135	0.01182	A
34	0.00446	0.00446	T
35	0.00651	0.00651	T
36	0.00928	0.00928	T
37	0.02339	0.02918	A
38	0.03403	0.03426	C
39	0.01395	0.01418	C
40	0.02278	0.02703	A
41	0.01091	0.0118	T
42	0.0369	0.03756	C
43	0.01051	0.01445	T
44	0.02487	0.02553	C
45	0.02811	0.02962	A
46	0.01816	0.01837	C
47	0.00703	0.00703	T
48	0.0066	0.0066	T
49	0.01018	0.01273	C
50	0.01141	0.01141	T
51	0.01307	0.01391	A
52	0.0023	0.0023	G
53	0.00314	0.00314	G
54	0.01474	0.01474	A
55	0.00769	0.00769	A
56	0.00332	0.00436	T
57	0.01404	0.01425	A
58	0.01129	0.01129	C
59	0.00122	0.00122	T
60	0.00365	0.00425	A
61	0.00121	0.00121	G
62	0.00303	0.00323	T
63	0.00924	0.00964	A
64	0.00361	0.00361	T
65	0.01817	0.01837	A
66	0.01091	0.01131	T
67	0.04839	0.04937	C
68	0.0047	0.0049	G
69	0.02872	0.0293	C
70	0.01117	0.01502	T
71	0.03476	0.03553	C
72	0.02131	0.02591	A
73	0.03786	0.0388	C
74	0.02293	0.02406	A
75	0.02878	0.02878	C
76	0.02175	0.02212	C
77	0.01099	0.01465	T
78	0.02803	0.02857	C
79	0.0245	0.02885	A
80	0.01027	0.01333	T
81	0.02943	0.03264	A
82	0.00691	0.00815	T
83	0.02447	0.02447	C
84	0.01463	0.01499	C
85	0.00685	0.00966	T
86	0.03046	0.03046	C
87	0.02151	0.02151	C
88	0.01429	0.01516	C
89	0.00643	0.00695	T
90	0.02176	0.02262	A
91	0.02818	0.02852	C
92	0.00687	0.00704	T
93	0.01619	0.02481	A
94	0.00937	0.00937	T
95	0.00664	0.00664	G
96	0.01344	0.01361	C
97	0.00679	0.00679	C
98	0.00321	0.00321	T
99	0.01016	0.01066	A
100	0.00267	0.00267	G
101	0.01631	0.01631	A
102	0.01063	0.0108	A
103	0.00227	0.00227	G
104	0.0034	0.0034	G
105	0.01608	0.01608	A
106	0.02445	0.02461	A
107	0.01326	0.01594	T
108	0.0271	0.0271	A
109	0.02039	0.02239	A
110	0.01065	0.0108	T
111	0.02894	0.02986	A
112	0.04222	0.04342	C
113	0.01078	0.01108	T
114	0.02491	0.0283	A
115	0.01035	0.01108	T
116	0.03832	0.03861	C
117	0.00565	0.00565	G
118	0.01284	0.01284	C
119	0.00593	0.00593	T
120	0.00876	0.01034	G
121	0.00616	0.00616	T
122	0.01052	0.01052	T
123	0.03632	0.03731	C
124	0.03377	0.03419	A
125	0.01172	0.01172	T
126	0.01018	0.01059	T
127	0.01007	0.02084	A
128	0.00729	0.00756	T
129	0.01735	0.02016	A
130	0.00463	0.00476	G
131	0.01415	0.01455	C
132	0.00879	0.00906	T
133	0.02626	0.02741	A
134	0.03737	0.03762	C
135	0.00962	0.01088	T
136	0.03025	0.03088	C
137	0.0115	0.01385	T
138	0.03508	0.03532	C
139	0.02837	0.0302	A
140	0.01173	0.01741	T
141	0.02773	0.02821	A
142	0.01771	0.02278	A
143	0.03852	0.0391	C
144	0.01883	0.01883	C
145	0.01961	0.01984	C
146	0.00741	0.00859	T
147	0.0318	0.03239	C
148	0.02912	0.04011	A
149	0.02813	0.02899	A
150	0.04134	0.04421	C
151	0.0227	0.02338	A
152	0.02714	0.02714	C
153	0.02191	0.02191	C
154	0.02191	0.02213	C
155	0.01342	0.01781	A
156	0.02183	0.02239	C
157	0.00747	0.0094	T
158	0.03018	0.03018	C
159	0.0225	0.0225	C
160	0.0272	0.02777	C
161	0.00682	0.00844	T
162	0.01476	0.01487	C
163	0.00588	0.00588	T
164	0.00911	0.00923	T
165	0.01851	0.03885	A
166	0.00149	0.00161	G
167	0.01445	0.01445	C
168	0.01122	0.01122	C
169	0.01826	0.01826	A
170	0.02328	0.0234	A
171	0.00794	0.00817	T
172	0.02372	0.02418	A
173	0.00851	0.00851	T
174	0.0099	0.0099	T
175	0.00515	0.0056	G
176	0.00616	0.00696	T
177	0.00273	0.00284	G
178	0.02732	0.02732	C
179	0.01948	0.01948	C
180	0.00776	0.00834	T
181	0.02066	0.02317	A
182	0.00614	0.00614	T
183	0.00616	0.00627	T
184	0.0024	0.0024	G
185	0.03642	0.03642	C
186	0.02511	0.02522	C
187	0.00871	0.02679	A
188	0.00827	0.00838	T
189	0.06219	0.06253	A
190	0.01082	0.01116	C
191	0.0018	0.0018	T
192	0.00972	0.01052	A
193	0.0018	0.0018	G
194	0.00227	0.00284	T
195	0.02503	0.02514	C
196	0.01132	0.01132	T
197	0.00938	0.00938	T
198	0.00785	0.00785	T
199	0.00607	0.00744	G
200	0.00436	0.00436	C
201	0.00652	0.00652	C
202	0.00561	0.00619	G
203	0.03019	0.03019	C
204	0.01572	0.01572	C
205	0.00459	0.00493	T
206	0.00309	0.00332	G
207	0.00867	0.00879	C
208	0.0081	0.01015	G
209	0.03813	0.03927	A
210	0.03705	0.03705	A
211	0.005	0.00613	G
212	0.0101	0.01022	C
213	0.01539	0.01562	A
214	0.00261	0.00261	G
215	0.00825	0.00836	C
216	0.00384	0.00384	G
217	0.00259	0.00293	G
218	0.00835	0.00948	T
219	0.00271	0.00271	G
220	0.00146	0.00146	G
221	0.00394	0.00394	G
222	0.00641	0.00641	C
223	0.0111	0.01122	C
224	0.00616	0.00773	T
225	0.03414	0.03939	A
226	0.00312	0.00335	G
227	0.01669	0.01669	C
228	0.00754	0.00754	C
229	0.0071	0.0071	C
230	0.00707	0.00773	T
231	0.01422	0.01466	A
232	0.01155	0.01155	C
233	0.00197	0.00219	T
234	0.01346	0.01379	A
235	0.00087	0.00098	G
236	0.00244	0.00288	T
237	0.02177	0.02199	C
238	0.00674	0.00826	T
239	0.02375	0.02418	C
240	0.02022	0.02109	A
241	0.01888	0.01888	A
242	0.00756	0.00789	T
243	0.03762	0.03795	C
244	0.00844	0.00909	T
245	0.03233	0.03233	C
246	0.02997	0.03019	C
247	0.02444	0.02574	A
248	0.0378	0.03801	A
249	0.02952	0.02994	C
250	0.01267	0.01321	A
251	0.02879	0.03112	C
252	0.02164	0.02238	A
253	0.0032	0.00374	T
254	0.02121	0.02227	A
255	0.00588	0.00609	T
256	0.00205	0.00215	G
257	0.00215	0.00215	G
258	0.01826	0.01826	C
259	0.01331	0.01331	C
260	0.00566	0.00588	T
261	0.01917	0.01971	A
262	0.00514	0.00514	G
263	0.01248	0.01259	A
264	0.02609	0.02609	C
265	0.00827	0.00827	T
266	0.01864	0.01896	A
267	0.04408	0.04429	C
268	0.0094	0.00951	G
269	0.00732	0.00806	T
270	0.0177	0.01802	A
271	0.04486	0.04549	C
272	0.02976	0.03185	A
273	0.00753	0.01269	T
274	0.02733	0.02733	A
275	0.02496	0.02886	A
276	0.04164	0.04226	C
277	0.02134	0.02165	C
278	0.00879	0.0114	T
279	0.009	0.00954	A
280	0.02624	0.02697	A
281	0.02491	0.02523	A
282	0.04153	0.04185	C
283	0.02122	0.02252	C
284	0.01577	0.01729	T
285	0.02229	0.02843	A
286	0.02816	0.02926	C
287	0.00934	0.01011	T
288	0.02868	0.02868	C
289	0.01693	0.01738	C
290	0.01595	0.01651	A
291	0.02071	0.02082	A
292	0.00835	0.00857	T
293	0.00498	0.00532	G
294	0.02673	0.02685	C
295	0.00751	0.00796	T
296	0.01404	0.01438	A
297	0.0142	0.0142	A
298	0.02561	0.02583	A
299	0.02546	0.02546	A
300	0.02839	0.03652	C
301	0.00835	0.0089	T
302	0.01237	0.01237	A
303	0.02237	0.02249	A
304	0.01399	0.01624	T
305	0.03995	0.04078	C
306	0.01172	0.01272	G
307	0.01245	0.01415	T
308	0.02925	0.02939	C
309	0.02788	0.02802	C
310	0.03004	0.03018	C
311	0.01535	0.01591	A
312	0.01465	0.01465	A
313	0.04336	0.04475	C
314	0.01227	0.01227	A
315	0.02252	0.02279	A
316	0.00917	0.00917	T
317	0.01171	0.01185	T
318	0.01202	0.02729	A
319	0.00957	0.00957	T
320	0.02664	0.03143	A
321	0.01067	0.01067	T
322	0.01145	0.01145	T
323	0.02005	0.03625	A
324	0.03445	0.03551	C
325	0.01183	0.01262	T
326	0.02628	0.02681	A
327	0.03215	0.03241	C
328	0.01887	0.019	C
329	0.01327	0.01905	A
330	0.03047	0.03073	C
331	0.01313	0.01392	T
332	0.00867	0.00894	G
333	0.0231	0.0235	A
334	0.03092	0.03106	C
335	0.02985	0.03198	A
336	0.01035	0.01075	T
337	0.00535	0.00575	G
338	0.02034	0.02061	A
339	0.03295	0.03348	C
340	0.00801	0.00801	T
341	0.01197	0.01197	T
342	0.01067	0.01067	T
343	0.02505	0.02505	C
344	0.03558	0.03584	C
345	0.00162	0.00175	A
346	0.00632	0.00632	A
347	0.02122	0.02122	A
348	0.01023	0.01023	A
349	0.01934	0.01934	A
350	0.00841	0.00841	A
351	0.03887	0.04352	C
352	0.01326	0.01377	A
353	0.04213	0.04314	C
354	0.02147	0.02197	A
355	0.01188	0.01529	T
356	0.01181	0.01181	A
357	0.02272	0.02396	A
358	0.01022	0.01022	T
359	0.01155	0.01204	T
360	0.00776	0.00776	T
361	0.00779	0.00942	G
362	0.02824	0.02836	A
363	0.02848	0.02848	A
364	0.01433	0.01533	T
365	0.034	0.03539	C
366	0.02404	0.02404	A
367	0.02082	0.0217	A
368	0.03242	0.03418	C
369	0.02391	0.02466	A
370	0.02961	0.03608	C
371	0.01727	0.01727	A
372	0.03736	0.04291	A
373	0.03848	0.03913	C
374	0.01997	0.02037	C
375	0.01257	0.02051	A
376	0.02716	0.02716	C
377	0.0167	0.0167	C
378	0.02053	0.02053	C
379	0.01301	0.01657	A
380	0.02115	0.02266	C
381	0.01742	0.02281	A
382	0.00734	0.00734	G
383	0.02222	0.02222	C
384	0.01078	0.01078	C
385	0.00617	0.00898	T
386	0.01151	0.01165	A
387	0.01715	0.01729	A
388	0.01053	0.01067	T
389	0.00945	0.01029	T
390	0.0093	0.0286	A
391	0.00937	0.00937	T
392	0.00924	0.00924	T
393	0.02256	0.02956	A
394	0.00679	0.0075	G
395	0.02621	0.02765	C
396	0.02312	0.02341	A
397	0.00752	0.00866	T
398	0.0286	0.03064	C
399	0.02266	0.02513	A
400	0.01489	0.01692	T
401	0.02847	0.02978	C
402	0.01371	0.01415	C
403	0.01495	0.01495	C
404	0.01237	0.01325	T
405	0.02664	0.02708	C
406	0.01235	0.01293	T
407	0.02075	0.02161	A
408	0.02941	0.03242	C
409	0.00974	0.01045	T
410	0.00524	0.00665	A
411	0.00384	0.00384	T
412	0.00365	0.00365	T
413	0.00419	0.00419	T
414	0.00924	0.00924	T
415	0.00785	0.00785	T
416	0.00744	0.00744	T
417	0.0199	0.02075	A
418	0.02377	0.02391	A
419	0.04528	0.04542	C
420	0.02139	0.02166	C
421	0.01281	0.01281	A
422	0.01941	0.01968	A
423	0.02298	0.02325	A
424	0.0121	0.01444	T
425	0.03365	0.03489	C
426	0.0228	0.02294	A
427	0.02245	0.02272	A
428	0.03974	0.04273	C
429	0.02166	0.02166	A
430	0.021	0.02168	A
431	0.03747	0.03895	C
432	0.02487	0.02487	A
433	0.01984	0.02077	A
434	0.03516	0.03516	C
435	0.02008	0.02074	C
436	0.00928	0.00941	T
437	0.02214	0.0232	A
438	0.00855	0.00855	T
439	0.01021	0.01021	T
440	0.00739	0.00739	T
441	0.0277	0.03205	A
442	0.00398	0.00424	G
443	0.02357	0.02384	C
444	0.00746	0.00759	T
445	0.00418	0.0058	G
446	0.00551	0.00551	T
447	0.00783	0.00783	T
448	0.02364	0.02364	C
449	0.02121	0.02135	C
450	0.01909	0.01909	C
451	0.02827	0.02868	C
452	0.01539	0.01593	A
453	0.02029	0.02029	A
454	0.03473	0.03473	C
455	0.02196	0.0221	C
456	0.00443	0.00457	T
457	0.00628	0.00628	T
458	0.01083	0.01083	T
459	0.00928	0.00928	T
460	0.02108	0.02176	C
461	0.01772	0.01786	C
462	0.00901	0.01079	T
463	0.02811	0.02811	C
464	0.03301	0.03388	C
465	0.00898	0.01144	G
466	0.02739	0.02869	A
467	0.01531	0.01561	C
468	0.01931	0.01931	C
469	0.01721	0.01721	C
470	0.01934	0.01934	C
471	0.0167	0.0167	C
472	0.00837	0.00899	T
473	0.02476	0.02491	A
474	0.02198	0.02229	A
475	0.04104	0.04178	C
476	0.0224	0.02301	A
477	0.01627	0.02105	A
478	0.01964	0.02024	C
479	0.01237	0.01237	C
480	0.0203	0.0203	C
481	0.02168	0.02168	C
482	0.01534	0.01534	C
483	0.01696	0.01725	C
484	0.00627	0.00795	T
485	0.02001	0.02001	C
486	0.01508	0.01552	C
487	0.01225	0.01333	T
488	0.01764	0.01823	A
489	0.01811	0.01811	A
490	0.01187	0.01262	T
491	0.02711	0.02741	A
492	0.04114	0.04202	C
493	0.011	0.01218	T
494	0.02929	0.03001	A
495	0.02672	0.02744	A
496	0.0359	0.03807	C
497	0.01244	0.01375	T
498	0.03103	0.033	A
499	0.03428	0.03442	C
500	0.0235	0.02435	C
501	0.01232	0.01375	T
502	0.00624	0.00711	G
503	0.0262	0.0276	A
504	0.02113	0.02184	C
505	0.00887	0.00944	T
506	0.02562	0.02562	C
507	0.0128	0.01309	C
508	0.01658	0.01833	T
509	0.01912	0.02212	A
510	0.03267	0.03267	C
511	0.02371	0.02414	C
512	0.01532	0.01546	C
513	0.01916	0.0193	C
514	0.00923	0.01211	T
515	0.02664	0.02692	C
516	0.01663	0.01876	A
517	0.03869	0.03954	C
518	0.0247	0.02512	A
519	0.03017	0.03045	A
520	0.01102	0.01413	T
521	0.03495	0.03509	C
522	0.04485	0.04664	A
523	0.00862	0.00904	T
524	0.00323	0.00323	G
525	0.00351	0.00365	G
526	0.01183	0.01322	C
527	0.02749	0.02777	A
528	0.03436	0.03436	A
529	0.00892	0.00976	G
530	0.0333	0.0333	C
531	0.02758	0.02772	C
532	0.02694	0.02694	A
533	0.03312	0.03353	A
534	0.05022	0.0524	C
535	0.00452	0.0048	G
536	0.0073	0.0073	C
537	0.00595	0.00595	C
538	0.01003	0.01668	A
539	0.04582	0.04622	C
540	0.01225	0.01279	T
541	0.0114	0.0114	T
542	0.00776	0.02563	A
543	0.01077	0.01287	T
544	0.04001	0.04001	C
545	0.02678	0.02678	C
546	0.02383	0.03081	A
547	0.00515	0.00529	G
548	0.01848	0.01902	T
549	0.00491	0.00558	G
550	0.01807	0.019	A
551	0.03099	0.03112	A
552	0.04636	0.04649	C
553	0.02126	0.02152	C
554	0.0159	0.02841	A
555	0.03664	0.03729	C
556	0.01078	0.01158	T
557	0.02877	0.02995	A
558	0.00762	0.00788	T
559	0.01846	0.02109	C
560	0.01413	0.0144	A
561	0.02997	0.03143	C
562	0.01518	0.01808	G
563	0.00225	0.00278	A
564	0.00078	0.00156	A
565	0.00537	0.00563	A
566	0.0142	0.0142	A
567	0.00922	0.00922	A
568	0.00742	0.00755	A
569	0.01013	0.01013	A
570	0.0273	0.03163	C
571	0.01422	0.01475	T
572	0.02408	0.02517	C
573	0.02202	0.02365	T
574	0.02271	0.02448	A
575	0.03837	0.03878	C
576	0.01751	0.01834	C
577	0.00685	0.00712	T
578	0.02384	0.02493	C
579	0.01229	0.01257	T
580	0.02893	0.02948	C
581	0.01095	0.01122	T
582	0.02719	0.02952	A
583	0.01416	0.01443	T
584	0.02835	0.02931	A
585	0.03875	0.04095	C
586	0.00994	0.01185	T
587	0.02025	0.02038	A
588	0.02603	0.02754	A
589	0.01266	0.01435	T
590	0.02697	0.02837	C
591	0.01213	0.01352	T
592	0.0254	0.02596	C
593	0.02165	0.02165	C
594	0.01953	0.02037	C
595	0.01643	0.01698	T
596	0.02566	0.02635	A
597	0.04253	0.04281	C
598	0.01541	0.01555	A
599	0.01998	0.01998	A
600	0.0189	0.01918	A
601	0.01293	0.01362	T
602	0.02373	0.02495	C
603	0.01252	0.01373	T
604	0.02306	0.02306	C
605	0.01729	0.01755	C
606	0.01303	0.01303	T
607	0.01648	0.01688	T
608	0.01064	0.01144	A
609	0.02031	0.02044	A
610	0.01161	0.01174	T
611	0.0127	0.01361	T
612	0.0143	0.02873	A
613	0.01727	0.02181	T
614	0.02935	0.02935	A
615	0.01878	0.02007	A
616	0.03568	0.0362	C
617	0.02806	0.02832	A
618	0.01105	0.01156	T
619	0.01531	0.0157	T
620	0.03137	0.0324	C
621	0.02708	0.03122	A
622	0.02173	0.02503	C
623	0.03147	0.03531	A
624	0.01537	0.01589	G
625	0.0172	0.0172	C
626	0.01454	0.01454	C
627	0.01141	0.01854	A
628	0.03257	0.0353	C
629	0.0341	0.03542	A
630	0.01158	0.0125	G
631	0.01484	0.01497	A
632	0.01975	0.0204	A
633	0.02872	0.03014	C
634	0.0157	0.01853	T
635	0.00857	0.00857	A
636	0.01834	0.01847	A
637	0.01586	0.01611	T
638	0.02349	0.02451	C
639	0.01392	0.01455	A
640	0.01352	0.01414	T
641	0.00817	0.00916	A
642	0.00964	0.00964	T
643	0.01168	0.01181	T
644	0.00924	0.00924	T
645	0.01471	0.01471	T
646	0.01514	0.02075	A
647	0.01235	0.01247	T
648	0.02144	0.02228	A
649	0.01295	0.01319	T
650	0.03075	0.03123	C
651	0.01433	0.01433	T
652	0.01016	0.01041	T
653	0.02046	0.03172	C
654	0.01744	0.01744	T
655	0.01512	0.01524	T
656	0.03059	0.03421	C
657	0.01463	0.01548	G
658	0.01529	0.01627	A
659	0.01581	0.01593	A
660	0.02615	0.02615	A
661	0.03277	0.03313	C
662	0.01827	0.01839	C
663	0.01042	0.02156	A
664	0.02797	0.02879	C
665	0.01521	0.01769	A
666	0.02807	0.02854	C
667	0.01533	0.01568	T
668	0.01063	0.01087	T
669	0.00995	0.02193	A
670	0.01266	0.01543	T
671	0.01826	0.01876	C
672	0.01419	0.01419	C
673	0.01342	0.01355	C
674	0.01308	0.01308	C
675	0.01298	0.01688	A
676	0.02119	0.02119	C
677	0.01549	0.01549	C
678	0.01059	0.01099	T
679	0.00694	0.00694	T
680	0.0017	0.0017	G
681	0.0017	0.00183	G
682	0.00445	0.0051	C
683	0.00534	0.0056	T
684	0.02288	0.02314	A
685	0.01222	0.01274	T
686	0.00934	0.00999	C
687	0.01067	0.01119	A
688	0.00611	0.0091	T
689	0.01129	0.01194	C
690	0.0287	0.02883	A
691	0.04178	0.04204	C
692	0.02697	0.02697	C
693	0.03086	0.03086	C
694	0.00763	0.00776	G
695	0.01031	0.01057	A
696	0.00714	0.0074	T
697	0.00583	0.00648	G
698	0.01089	0.01128	A
699	0.00285	0.00285	G
700	0.00544	0.00544	G
701	0.02362	0.02414	C
702	0.0245	0.0245	A
703	0.0238	0.0238	A
704	0.03443	0.03443	C
705	0.02553	0.02553	C
706	0.01457	0.01934	A
707	0.00541	0.00554	G
708	0.00964	0.00964	C
709	0.0054	0.0054	C
710	0.01496	0.02335	A
711	0.01288	0.01416	G
712	0.03312	0.03325	A
713	0.02917	0.03046	A
714	0.03591	0.03771	C
715	0.00218	0.00231	G
716	0.00334	0.00334	C
717	0.00167	0.00167	C
718	0.00208	0.00247	T
719	0.00467	0.00518	G
720	0.0392	0.03933	A
721	0.02744	0.02757	A
722	0.05128	0.05283	C
723	0.03423	0.03525	G
724	0.00669	0.00785	C
725	0.00438	0.00438	A
726	0.00128	0.00128	G
727	0.0049	0.0049	G
728	0.00526	0.00564	C
729	0.0216	0.0233	A
730	0.0361	0.03686	C
731	0.02122	0.02249	A
732	0.0178	0.01806	T
733	0.02112	0.02137	A
734	0.0319	0.03353	C
735	0.01769	0.01782	T
736	0.01012	0.01012	T
737	0.0278	0.0278	C
738	0.01569	0.01594	C
739	0.01398	0.0145	T
740	0.02762	0.03089	A
741	0.0164	0.0164	T
742	0.01491	0.01504	T
743	0.02329	0.02739	C
744	0.0149	0.0161	T
745	0.0226	0.02569	A
746	0.03241	0.03443	C
747	0.02601	0.0283	A
748	0.03268	0.03268	C
749	0.02059	0.02059	C
750	0.01629	0.01629	C
751	0.01472	0.01486	T
752	0.01292	0.01361	A
753	0.00462	0.00476	G
754	0.00337	0.00351	T
755	0.00677	0.00677	A
756	0.00176	0.00176	G
757	0.00547	0.00591	G
758	0.02978	0.0317	C
759	0.00928	0.01325	T
760	0.02866	0.02866	C
761	0.02249	0.02249	C
762	0.02592	0.02698	C
763	0.01392	0.01392	T
764	0.01084	0.01115	T
765	0.02273	0.02288	C
766	0.03435	0.03466	C
767	0.00578	0.00578	C
768	0.01176	0.01176	C
769	0.00565	0.00779	T
770	0.01109	0.01171	A
771	0.00776	0.00776	C
772	0.00925	0.00987	T
773	0.03736	0.03828	C
774	0.02357	0.02647	A
775	0.01465	0.01541	T
776	0.0383	0.03952	C
777	0.01475	0.01551	G
778	0.02712	0.02727	C
779	0.01901	0.01946	A
780	0.0271	0.02741	C
781	0.016	0.01917	T
782	0.02106	0.02137	A
783	0.02018	0.02048	A
784	0.0163	0.0163	T
785	0.01291	0.01306	T
786	0.00933	0.00933	T
787	0.02303	0.02619	A
788	0.0369	0.03781	C
789	0.02408	0.02484	A
790	0.02501	0.02516	C
791	0.02284	0.02515	T
792	0.02313	0.02328	C
793	0.02043	0.02187	A
794	0.02531	0.02722	C
795	0.01918	0.02032	A
796	0.02082	0.02115	A
797	0.02773	0.02889	C
798	0.01733	0.01868	A
799	0.02483	0.02483	C
800	0.01681	0.01681	C
801	0.00881	0.00881	C
802	0.01462	0.01498	T
803	0.02231	0.02304	A
804	0.00204	0.00204	G
805	0.00762	0.00762	G
806	0.00892	0.00892	C
807	0.0072	0.00967	T
808	0.01103	0.01159	C
809	0.0183	0.01964	A
810	0.03326	0.03401	C
811	0.01703	0.01872	T
812	0.0134	0.0134	A
813	0.01868	0.01868	A
814	0.01545	0.01564	A
815	0.0263	0.02965	C
816	0.024	0.02437	A
817	0.0152	0.01539	T
818	0.01572	0.01609	T
819	0.019	0.02239	C
820	0.01248	0.01248	T
821	0.01997	0.02036	A
822	0.02629	0.02706	C
823	0.01528	0.01586	T
824	0.01831	0.01971	A
825	0.02452	0.02513	C
826	0.01375	0.01653	T
827	0.01874	0.01975	C
828	0.01104	0.01165	A
829	0.02599	0.0264	C
830	0.0175	0.0175	T
831	0.01974	0.02016	C
832	0.02078	0.0214	T
833	0.01838	0.01901	C
834	0.01716	0.01822	A
835	0.02523	0.02545	C
836	0.02441	0.02527	T
837	0.00773	0.00816	G
838	0.01753	0.01753	C
839	0.0139	0.0139	C
840	0.01432	0.01432	C
841	0.01006	0.01006	A
842	0.01151	0.01151	A
843	0.007	0.00853	G
844	0.00857	0.00857	A
845	0.01438	0.01438	A
846	0.02048	0.02114	C
847	0.02754	0.02754	T
848	0.03069	0.03092	A
849	0.0198	0.02047	T
850	0.02108	0.02176	C
851	0.02304	0.02304	A
852	0.018	0.01846	A
853	0.01742	0.01742	A
854	0.02046	0.02228	C
855	0.00666	0.00781	T
856	0.01514	0.01514	C
857	0.01357	0.01357	C
858	0.01228	0.01274	T
859	0.00343	0.00388	G
860	0.00753	0.00753	A
861	0.00938	0.00938	G
862	0.0068	0.00703	C
863	0.0104	0.01063	C
864	0.01279	0.01279	A
865	0.01594	0.01617	A
866	0.03068	0.03113	C
867	0.01303	0.01325	A
868	0.01303	0.01303	A
869	0.02604	0.02715	C
870	0.02211	0.02233	T
871	0.01647	0.01668	T
872	0.01318	0.01362	A
873	0.02308	0.02352	A
874	0.01464	0.01508	T
875	0.02152	0.02196	A
876	0.01619	0.01663	T
877	0.01278	0.01278	G
878	0.01907	0.0195	A
879	0.0207	0.02092	C
880	0.01286	0.0133	T
881	0.01421	0.01421	A
882	0.00562	0.00562	G
883	0.00654	0.00722	C
884	0.01014	0.01014	T
885	0.01328	0.01351	T
886	0.01247	0.02293	A
887	0.02698	0.02743	C
888	0.01367	0.01412	A
889	0.03975	0.04062	C
890	0.01836	0.01858	A
891	0.01687	0.01752	A
892	0.01456	0.01542	T
893	0.0127	0.01379	A
894	0.00349	0.00349	G
895	0.00566	0.00653	C
896	0.01311	0.01311	T
897	0.01123	0.01123	T
898	0.0128	0.0128	T
899	0.0157	0.01591	T
900	0.00607	0.01019	A
901	0.0142	0.01441	T
902	0.02056	0.02078	A
903	0.00558	0.0058	G
904	0.00406	0.00471	T
905	0.00792	0.00813	A
906	0.00725	0.00747	A
907	0.00938	0.0096	A
908	0.00493	0.00493	G
909	0.01975	0.02083	A
910	0.01594	0.01615	T
911	0.02085	0.0215	A
912	0.0314	0.03183	C
913	0.02046	0.0211	C
914	0.00739	0.00782	T
915	0.00455	0.00477	C
916	0.0086	0.0086	T
917	0.00704	0.00704	T
918	0.00313	0.00336	T
919	0.00657	0.0077	A
920	0.02302	0.02325	C
921	0.00659	0.00659	G
922	0.00711	0.00711	G
923	0.01494	0.01902	A
924	0.01624	0.01624	C
925	0.0061	0.00836	T
926	0.01522	0.01522	C
927	0.01754	0.01777	C
928	0.01068	0.01704	A
929	0.02386	0.02409	C
930	0.01795	0.01795	T
931	0.01527	0.01595	T
932	0.01259	0.0245	A
933	0.01689	0.01735	T
934	0.00686	0.00733	G
935	0.01732	0.01781	A
936	0.01853	0.01925	C
937	0.01273	0.01585	T
938	0.01763	0.01763	C
939	0.01607	0.01607	C
940	0.01854	0.01854	C
941	0.01269	0.01635	T
942	0.00936	0.0101	A
943	0.0152	0.01544	A
944	0.02379	0.02379	A
945	0.00587	0.00587	G
946	0.0184	0.0184	C
947	0.00761	0.00761	C
948	0.0094	0.0094	C
949	0.00939	0.01261	A
950	0.01402	0.01402	T
951	0.01214	0.01214	G
952	0.01985	0.01985	T
953	0.01072	0.01072	C
954	0.0065	0.00726	G
955	0.00907	0.00932	A
956	0.0212	0.02146	A
957	0.01883	0.01961	G
958	0.01807	0.01807	C
959	0.00438	0.00438	C
960	0.0098	0.0098	C
961	0.00941	0.00941	C
962	0.01078	0.01078	C
963	0.02644	0.02991	A
964	0.0118	0.0118	T
965	0.01132	0.01132	C
966	0.01277	0.01277	G
967	0.01116	0.01143	C
968	0.00574	0.00711	T
969	0.00193	0.00193	G
970	0.00523	0.00523	G
971	0.01282	0.01282	G
972	0.01092	0.01147	T
973	0.00953	0.01008	C
974	0.01012	0.01012	A
975	0.00655	0.00655	A
976	0.01118	0.01172	T
977	0.00978	0.01006	A
978	0.00409	0.00409	G
979	0.00383	0.00383	T
980	0.00441	0.00441	A
981	0.0033	0.0033	C
982	0.01046	0.01046	T
983	0.01446	0.01446	T
984	0.00969	0.01052	G
985	0.01796	0.01851	C
986	0.01269	0.01269	C
987	0.01628	0.01711	G
988	0.02521	0.02604	C
989	0.0312	0.03148	A
990	0.00584	0.00584	G
991	0.0025	0.00278	T
992	0.00536	0.00592	A
993	0.00531	0.00531	C
994	0.01108	0.01108	T
995	0.01846	0.01846	C
996	0.00793	0.00793	T
997	0.00425	0.00453	T
998	0.9449	0.9449	A
999	0.01812	0.01812	A
1000	0.02313	0.02313	A
1001	0.02033	0.02033	A
1002	0.02883	0.03081	C
1003	0.01272	0.01301	T
1004	0.01855	0.01998	A
1005	0.00429	0.00429	G
1006	0.00659	0.00659	G
1007	0.08286	0.08457	C
1008	0.00458	0.00458	G
1009	0.00689	0.00689	G
1010	0.00746	0.00746	C
1011	0.00485	0.00542	T
1012	0.01207	0.01207	A
1013	0.00343	0.00515	T
1014	0.0043	0.0043	G
1015	0.00371	0.00371	G
1016	0.00741	0.00741	T
1017	0.01506	0.01563	A
1018	0.00688	0.01118	T
1019	0.02471	0.02471	A
1020	0.02055	0.0228	A
1021	0.01018	0.01074	T
1022	0.01919	0.02176	A
1023	0.03872	0.04043	C
1024	0.01533	0.01533	G
1025	0.00964	0.00964	C
1026	0.00311	0.00311	C
1027	0.00911	0.01139	T
1028	0.01793	0.01793	C
1029	0.01752	0.02011	A
1030	0.03862	0.03919	C
1031	0.02081	0.02109	A
1032	0.03036	0.0312	C
1033	0.01618	0.01674	T
1034	0.02937	0.02993	C
1035	0.02176	0.02623	A
1036	0.01835	0.01835	T
1037	0.01792	0.01879	T
1038	0.02299	0.02608	C
1039	0.01496	0.01612	T
1040	0.03462	0.0355	C
1041	0.02307	0.02338	A
1042	0.02013	0.02257	A
1043	0.01762	0.01792	C
1044	0.01303	0.01394	C
1045	0.01602	0.01602	C
1046	0.01755	0.01755	C
1047	0.01335	0.01335	C
1048	0.02673	0.03103	T
1049	0.01326	0.01326	G
1050	0.0151	0.01602	A
1051	0.03577	0.03764	C
1052	0.02252	0.02252	A
1053	0.01495	0.01495	A
1054	0.01922	0.01922	A
1055	0.01286	0.01286	A
1056	0.01875	0.02429	C
1057	0.01256	0.01348	A
1058	0.01653	0.01653	C
1059	0.01607	0.01731	A
1060	0.00902	0.01089	T
1061	0.01613	0.01645	A
1062	0.00699	0.00699	G
1063	0.0099	0.0099	C
1064	0.0081	0.0081	C
1065	0.02273	0.02537	T
1066	0.01819	0.02083	A
1067	0.01857	0.01857	C
1068	0.01488	0.01488	C
1069	0.01595	0.01628	C
1070	0.01829	0.01829	C
1071	0.02108	0.02108	T
1072	0.01494	0.01527	T
1073	0.01589	0.01589	C
1074	0.01582	0.01582	C
1075	0.01716	0.01716	T
1076	0.0149	0.01523	T
1077	0.01666	0.01732	G
1078	0.01358	0.01391	T
1079	0.01631	0.01697	A
1080	0.02416	0.02483	C
1081	0.01537	0.01639	T
1082	0.01653	0.02101	A
1083	0.01573	0.02223	T
1084	0.02405	0.02439	C
1085	0.02749	0.02749	C
1086	0.01662	0.01662	C
1087	0.0105	0.0105	T
1088	0.02402	0.02402	A
1089	0.00804	0.00944	T
1090	0.00522	0.00662	G
1091	0.00799	0.00833	A
1092	0.00178	0.00178	G
1093	0.0038	0.0038	G
1094	0.01302	0.01302	C
1095	0.01532	0.01532	A
1096	0.00541	0.01083	T
1097	0.00848	0.00848	A
1098	0.01659	0.01858	A
1099	0.00662	0.00696	T
1100	0.01031	0.01097	T
1101	0.00754	0.01902	A
1102	0.00951	0.01705	T
1103	0.02086	0.02086	A
1104	0.02464	0.02561	A
1105	0.02569	0.02634	C
1106	0.01526	0.01526	A
1107	0.01456	0.01489	A
1108	0.0088	0.01141	G
1109	0.02017	0.02049	C
1110	0.01917	0.02209	T
1111	0.01496	0.01496	C
1112	0.01539	0.01572	C
1113	0.02155	0.02383	A
1114	0.01385	0.01418	T
1115	0.01514	0.01514	C
1116	0.00594	0.0066	T
1117	0.00198	0.00231	G
1118	0.02265	0.02265	C
1119	0.00461	0.00461	C
1120	0.00856	0.00888	T
1121	0.01424	0.01557	A
1122	0.02221	0.02221	C
1123	0.00781	0.00814	G
1124	0.01494	0.01494	A
1125	0.03208	0.03272	C
1126	0.02788	0.0282	A
1127	0.02118	0.02118	A
1128	0.02666	0.02666	A
1129	0.02522	0.02711	C
1130	0.02664	0.02854	A
1131	0.00443	0.00443	G
1132	0.02117	0.02117	A
1133	0.02668	0.02668	C
1134	0.01355	0.01355	C
1135	0.01507	0.02009	T
1136	0.01606	0.01638	A
1137	0.00782	0.00782	A
1138	0.02545	0.02576	A
1139	0.02678	0.02678	A
1140	0.01777	0.01933	T
1141	0.04146	0.04177	C
1142	0.00839	0.00839	G
1143	0.01453	0.01484	C
1144	0.00651	0.00682	T
1145	0.02459	0.0252	C
1146	0.01691	0.01967	A
1147	0.00856	0.00856	T
1148	0.00944	0.00944	T
1149	0.00916	0.00947	G
1150	0.03239	0.03361	C
1151	0.02012	0.02073	A
1152	0.01418	0.01478	T
1153	0.02364	0.02364	A
1154	0.03754	0.03904	C
1155	0.01677	0.01677	T
1156	0.03697	0.03816	C
1157	0.01722	0.01722	T
1158	0.02026	0.02026	T
1159	0.01887	0.01977	C
1160	0.00931	0.00931	A
1161	0.00903	0.00903	A
1162	0.009	0.01441	T
1163	0.029	0.02931	C
1164	0.0128	0.01341	A
1165	0.00638	0.00699	G
1166	0.00789	0.00789	C
1167	0.0195	0.0195	C
1168	0.01171	0.0151	A
1169	0.02859	0.0292	C
1170	0.01938	0.02246	A
1171	0.00893	0.00955	T
1172	0.02007	0.0213	A
1173	0.00584	0.00676	G
1174	0.02531	0.02531	C
1175	0.01068	0.01068	C
1176	0.01984	0.01984	C
1177	0.01095	0.01155	T
1178	0.01364	0.01364	C
1179	0.01089	0.01089	G
1180	0.00633	0.00664	T
1181	0.00987	0.01017	A
1182	0.00656	0.00686	G
1183	0.01162	0.0149	T
1184	0.02456	0.02456	A
1185	0.02126	0.02156	A
1186	0.01994	0.02023	C
1187	0.02159	0.02159	A
1188	0.00915	0.00943	G
1189	0.02378	0.02378	C
1190	0.01703	0.01731	C
1191	0.01821	0.02162	A
1192	0.01867	0.01924	T
1193	0.01909	0.01966	T
1194	0.02759	0.03266	C
1195	0.02103	0.02245	T
1196	0.02723	0.02921	C
1197	0.01731	0.01959	A
1198	0.01927	0.02522	T
1199	0.02426	0.02511	C
1200	0.01329	0.01357	C
1201	0.01349	0.01349	A
1202	0.02576	0.02604	A
1203	0.022	0.02259	A
1204	0.01204	0.01261	C
1205	0.01022	0.01022	C
1206	0.01303	0.01332	C
1207	0.01702	0.01702	C
1208	0.02132	0.02132	C
1209	0.02483	0.02683	T
1210	0.01234	0.01349	G
1211	0.02472	0.02472	A
1212	0.02142	0.02142	A
1213	0.01328	0.01443	G
1214	0.01637	0.01666	C
1215	0.01442	0.01442	T
1216	0.0136	0.01389	T
1217	0.00984	0.01163	C
1218	0.0159	0.01708	A
1219	0.02613	0.02613	C
1220	0.02175	0.02175	C
1221	0.00786	0.00786	G
1222	0.00813	0.00813	G
1223	0.00667	0.00696	C
1224	0.01476	0.0162	G
1225	0.03277	0.03482	C
1226	0.01576	0.01662	A
1227	0.00858	0.00858	G
1228	0.01517	0.01689	T
1229	0.01935	0.01935	C
1230	0.01942	0.01971	A
1231	0.0147	0.01498	T
1232	0.01995	0.01995	T
1233	0.02375	0.02629	C
1234	0.02616	0.02758	T
1235	0.02477	0.02534	C
1236	0.01814	0.01927	A
1237	0.01023	0.01762	T
1238	0.02115	0.02115	A
1239	0.01967	0.02082	A
1240	0.01984	0.02043	T
1241	0.01867	0.02074	C
1242	0.00857	0.01093	G
1243	0.01255	0.01255	C
1244	0.00672	0.00672	C
1245	0.01692	0.01721	C
1246	0.0195	0.02245	A
1247	0.02516	0.02604	C
1248	0.00888	0.00888	G
1249	0.00294	0.00294	G
1250	0.94848	0.94848	G
1251	0.0134	0.0134	C
1252	0.01374	0.01374	T
1253	0.01426	0.01659	T
1254	0.01054	0.01875	A
1255	0.02164	0.02222	C
1256	0.02763	0.02792	A
1257	0.0081	0.01128	T
1258	0.00868	0.00868	C
1259	0.00779	0.00779	C
1260	0.01853	0.02259	T
1261	0.02027	0.02056	C
1262	0.01848	0.0205	A
1263	0.02388	0.02388	T
1264	0.01321	0.01407	T
1265	0.00863	0.01985	A
1266	0.01988	0.02046	C
1267	0.01808	0.01808	T
1268	0.02215	0.02363	A
1269	0.01988	0.01988	T
1270	0.01543	0.01602	T
1271	0.0168	0.0216	C
1272	0.0256	0.0256	T
1273	0.01456	0.01516	G
1274	0.01211	0.01211	C
1275	0.00885	0.00885	C
1276	0.02121	0.02474	T
1277	0.02132	0.02191	A
1278	0.0198	0.02069	G
1279	0.0168	0.01946	C
1280	0.01305	0.01305	A
1281	0.02043	0.02043	A
1282	0.01405	0.01405	A
1283	0.02026	0.02229	C
1284	0.02356	0.02501	T
1285	0.02033	0.0212	C
1286	0.0206	0.02118	A
1287	0.01701	0.01701	A
1288	0.01548	0.01578	A
1289	0.02119	0.02264	C
1290	0.01516	0.01546	T
1291	0.01168	0.01226	A
1292	0.01523	0.01611	C
1293	0.01145	0.01145	G
1294	0.01354	0.01354	A
1295	0.01832	0.01832	A
1296	0.02463	0.02521	C
1297	0.02005	0.02034	G
1298	0.01113	0.01172	C
1299	0.01293	0.01352	A
1300	0.01543	0.01543	C
1301	0.01689	0.01921	T
1302	0.01775	0.01775	C
1303	0.02191	0.02279	A
1304	0.01972	0.02001	C
1305	0.01534	0.01593	A
1306	0.0141	0.01439	G
1307	0.02241	0.023	T
1308	0.01442	0.01442	C
1309	0.016	0.0163	G
1310	0.01274	0.01629	C
1311	0.0175	0.01809	A
1312	0.01562	0.01768	T
1313	0.01478	0.01507	C
1314	0.01509	0.01538	A
1315	0.01059	0.01883	T
1316	0.01525	0.01525	A
1317	0.01557	0.02203	A
1318	0.0068	0.01123	T
1319	0.01228	0.01228	C
1320	0.00729	0.0079	C
1321	0.00839	0.00932	T
1322	0.01766	0.01797	C
1323	0.02677	0.0277	T
1324	0.02071	0.02071	C
1325	0.02569	0.02813	T
1326	0.02235	0.02296	C
1327	0.01507	0.01722	A
1328	0.00921	0.00921	A
1329	0.00426	0.00426	G
1330	0.00212	0.00212	G
1331	0.00582	0.00857	A
1332	0.0222	0.02281	C
1333	0.02402	0.02402	T
1334	0.01846	0.01877	T
1335	0.01609	0.0167	C
1336	0.014	0.014	A
1337	0.01119	0.01119	A
1338	0.01438	0.01438	A
1339	0.02552	0.02612	C
1340	0.01828	0.01828	T
1341	0.01743	0.01775	C
1342	0.01883	0.01979	T
1343	0.015	0.01956	A
1344	0.01347	0.0138	C
1345	0.02257	0.03108	T
1346	0.01342	0.01342	C
1347	0.01214	0.01214	C
1348	0.01084	0.01084	C
1349	0.01587	0.01818	A
1350	0.0196	0.0196	C
1351	0.01861	0.02514	T
1352	0.01533	0.01533	A
1353	0.01768	0.01801	A
1354	0.0143	0.01528	T
1355	0.01595	0.01628	A
1356	0.01273	0.01403	G
1357	0.01973	0.01973	C
1358	0.01617	0.0165	T
1359	0.01129	0.01129	T
1360	0.01423	0.01423	T
1361	0.01138	0.01138	T
1362	0.00879	0.00879	T
1363	0.01007	0.01137	G
1364	0.01433	0.01498	A
1365	0.01006	0.01135	T
1366	0.00811	0.00811	G
1367	0.01823	0.01888	A
1368	0.01299	0.01364	C
1369	0.02047	0.02047	T
1370	0.02362	0.02396	T
1371	0.01648	0.01747	C
1372	0.01348	0.01381	T
1373	0.02026	0.02092	A
1374	0.0097	0.0097	G
1375	0.01513	0.01614	C
1376	0.01547	0.01547	A
1377	0.0135	0.01418	A
1378	0.00446	0.00446	G
1379	0.014	0.014	C
1380	0.0065	0.0065	C
1381	0.01407	0.01509	T
1382	0.01847	0.01916	C
1383	0.01124	0.01124	G
1384	0.00946	0.01016	C
1385	0.0137	0.01651	T
1386	0.01407	0.01407	A
1387	0.02072	0.02107	A
1388	0.02301	0.02301	C
1389	0.00982	0.01052	C
1390	0.01808	0.01952	T
1391	0.02244	0.02316	C
1392	0.01828	0.02011	G
1393	0.01831	0.01831	C
1394	0.0117	0.0117	C
1395	0.02982	0.02982	T
1396	0.02017	0.02057	T
1397	0.01681	0.02009	A
1398	0.01521	0.01562	C
1399	0.00706	0.00745	C
1400	0.00977	0.01016	C
1401	0.01758	0.01758	C
1402	0.02843	0.02843	C
1403	0.01361	0.01361	C
1404	0.01349	0.02361	A
1405	0.01382	0.01382	C
1406	0.02364	0.02436	T
1407	0.02785	0.0282	A
1408	0.01541	0.01541	T
1409	0.02041	0.02041	T
1410	0.01142	0.01177	A
1411	0.0156	0.0156	A
1412	0.02846	0.02846	C
1413	0.01409	0.01442	C
1414	0.02438	0.02605	T
1415	0.02272	0.02305	A
1416	0.02617	0.0265	C
1417	0.02521	0.02819	T
1418	0.01226	0.01226	G
1419	0.00066	0.00066	G
1420	0.00165	0.00165	G
1421	0.00497	0.00596	A
1422	0.00462	0.00462	G
1423	0.01982	0.01982	A
1424	0.01131	0.01131	A
1425	0.02445	0.02445	C
1426	0.02128	0.02195	T
1427	0.0227	0.0227	C
1428	0.02662	0.02826	T
1429	0.01353	0.01353	C
1430	0.01922	0.01922	T
1431	0.01717	0.0175	G
1432	0.00826	0.00958	T
1433	0.01052	0.01118	G
1434	0.00657	0.00657	C
1435	0.01306	0.01306	T
1436	0.01058	0.01124	A
1437	0.01746	0.01746	G
1438	0.00752	0.01242	T
1439	0.00884	0.00884	A
1440	0.02366	0.02366	A
1441	0.02915	0.02915	C
1442	0.01292	0.01292	C
1443	0.01415	0.01447	A
1444	0.01823	0.01823	C
1445	0.00384	0.00384	G
1446	0.00606	0.00606	T
1447	0.00294	0.00391	T
1448	0.01656	0.01847	C
1449	0.00507	0.00634	T
1450	0.00253	0.00253	C
1451	0.00222	0.00222	C
1452	0.01842	0.02032	T
1453	0.01419	0.01482	G
1454	0.02165	0.02165	A
1455	0.01871	0.01871	T
1456	0.02518	0.02673	C
1457	0.01663	0.01663	A
1458	0.02013	0.02013	A
1459	0.01699	0.01729	A
1460	0.02084	0.02235	T
1461	0.02942	0.02973	A
1462	0.02186	0.02246	T
1463	0.02142	0.02291	C
1464	0.01817	0.01847	A
1465	0.02294	0.02588	C
1466	0.02518	0.02547	T
1467	0.02328	0.02416	C
1468	0.01688	0.02037	T
1469	0.02269	0.02269	C
1470	0.01077	0.01223	C
1471	0.02296	0.02557	T
1472	0.02188	0.02392	A
1473	0.02855	0.02914	C
1474	0.02102	0.0219	T
1475	0.00938	0.00996	T
1476	0.01115	0.03022	A
1477	0.01088	0.01088	C
1478	0.00468	0.00556	A
1479	0.00263	0.00263	G
1480	0.00175	0.00175	G
1481	0.0053	0.00648	A
1482	0.03444	0.03473	C
1483	0.01072	0.01333	T
1484	0.02588	0.02646	C
1485	0.01284	0.01312	A
1486	0.00852	0.0088	A
1487	0.01729	0.01786	C
1488	0.03093	0.0315	A
1489	0.0112	0.01148	T
1490	0.01207	0.01235	A
1491	0.00872	0.00872	C
1492	0.02097	0.02125	T
1493	0.00481	0.00509	A
1494	0.00368	0.00368	G
1495	0.01357	0.01527	T
1496	0.00794	0.00794	C
1497	0.01	0.01086	A
1498	0.0127	0.01383	C
1499	0.00625	0.00682	A
1500	0.00739	0.00795	G
1501	0.05754	0.05754	C
1502	0.01452	0.01452	C
1503	0.01044	0.01072	C
1504	0.01347	0.01375	T
1505	0.01976	0.02033	A
1506	0.01231	0.01317	T
1507	0.02059	0.02117	A
1508	0.01489	0.01547	C
1509	0.01149	0.01666	T
1510	0.01129	0.01157	C
1511	0.0087	0.0087	C
1512	0.01652	0.01652	C
1513	0.02469	0.02497	T
1514	0.02943	0.02943	C
1515	0.02737	0.02737	T
1516	0.02543	0.02597	A
1517	0.02608	0.02635	C
1518	0.01464	0.0165	A
1519	0.0183	0.01857	T
1520	0.01241	0.01373	A
1521	0.02128	0.02128	T
1522	0.01801	0.01801	T
1523	0.01747	0.01774	T
1524	0.02086	0.02347	A
1525	0.02136	0.02162	C
1526	0.01793	0.01845	C
1527	0.01455	0.02183	A
1528	0.02166	0.02366	C
1529	0.02396	0.02396	A
1530	0.0153	0.01555	A
1531	0.02549	0.02724	C
1532	0.01746	0.01846	A
1533	0.02256	0.02356	C
1534	0.01712	0.01712	A
1535	0.01343	0.01368	A
1536	0.01862	0.02066	T
1537	0.00691	0.00691	G
1538	0.00254	0.00254	G
1539	0.0023	0.0023	G
1540	0.01131	0.01131	G
1541	0.016	0.02039	C
1542	0.01664	0.01872	T
1543	0.02095	0.0225	C
1544	0.01369	0.01395	A
1545	0.01961	0.01961	C
1546	0.02541	0.02673	T
1547	0.0201	0.02036	C
1548	0.00845	0.00925	A
1549	0.02482	0.02482	C
1550	0.01393	0.01393	C
1551	0.01064	0.01115	C
1552	0.01565	0.02034	A
1553	0.02914	0.02914	C
1554	0.02011	0.02037	C
1555	0.02262	0.02756	A
1556	0.02466	0.02543	C
1557	0.02057	0.02211	A
1558	0.02373	0.02373	T
1559	0.02822	0.02874	T
1560	0.01618	0.01618	A
1561	0.01832	0.01884	A
1562	0.02299	0.02402	C
1563	0.015	0.015	A
1564	0.0271	0.02736	A
1565	0.02032	0.02134	C
1566	0.0161	0.01636	A
1567	0.01391	0.02112	T
1568	0.01625	0.01625	A
1569	0.01088	0.01088	A
1570	0.01875	0.01875	A
1571	0.01664	0.0169	A
1572	0.01824	0.0198	C
1573	0.01434	0.01434	C
1574	0.01175	0.01175	C
1575	0.02484	0.02643	T
1576	0.00926	0.00979	C
1577	0.02116	0.02407	A
1578	0.02238	0.02238	T
1579	0.01893	0.02	T
1580	0.02425	0.02505	C
1581	0.01421	0.01447	A
1582	0.02068	0.02149	C
1583	0.01291	0.01318	A
1584	0.02424	0.02451	C
1585	0.01029	0.01083	G
1586	0.00685	0.00685	A
1587	0.00771	0.00799	G
1588	0.01423	0.01423	A
1589	0.00859	0.00886	A
1590	0.01339	0.01339	A
1591	0.01528	0.01528	A
1592	0.01843	0.02099	C
1593	0.01423	0.01651	A
1594	0.01965	0.01994	C
1595	0.00829	0.00829	C
1596	0.01033	0.01033	C
1597	0.0151	0.01655	T
1598	0.01406	0.01406	C
1599	0.01267	0.01384	A
1600	0.01393	0.01482	T
1601	0.01377	0.01377	G
1602	0.01479	0.01479	T
1603	0.02597	0.02597	T
1604	0.01915	0.02097	C
1605	0.02474	0.02505	A
1606	0.0248	0.0248	T
1607	0.017	0.01826	A
1608	0.0185	0.01976	C
1609	0.01265	0.01265	A
1610	0.0273	0.02794	C
1611	0.00516	0.00549	C
1612	0.02058	0.02125	T
1613	0.02125	0.02228	A
1614	0.02085	0.0278	T
1615	0.01415	0.01486	C
1616	0.00673	0.00673	C
1617	0.01068	0.01068	C
1618	0.0119	0.0119	C
1619	0.01057	0.01057	C
1620	0.01586	0.01733	A
1621	0.02488	0.02525	T
1622	0.02432	0.02546	T
1623	0.01674	0.01897	C
1624	0.01575	0.01912	T
1625	0.01447	0.01485	C
1626	0.00958	0.00958	C
1627	0.01819	0.01935	T
1628	0.01538	0.01538	C
1629	0.00724	0.00805	C
1630	0.02718	0.02718	T
1631	0.01479	0.01691	A
1632	0.01921	0.0269	T
1633	0.0191	0.01952	C
1634	0.00475	0.00475	C
1635	0.01091	0.01135	C
1636	0.02327	0.02418	T
1637	0.01945	0.01945	C
1638	0.01305	0.01595	A
1639	0.01335	0.01434	A
1640	0.016	0.016	C
1641	0.00343	0.00343	C
1642	0.00644	0.00644	C
1643	0.0085	0.0085	C
1644	0.0112	0.01222	G
1645	0.01129	0.01129	A
1646	0.01303	0.01303	C
1647	0.0131	0.0131	A
1648	0.01958	0.02012	T
1649	0.01122	0.01122	C
1650	0.02079	0.02133	A
1651	0.02159	0.02159	T
1652	0.02295	0.02352	T
1653	0.01221	0.02209	A
1654	0.01692	0.01692	C
1655	0.01124	0.01124	C
1656	0.0036	0.0036	G
1657	0.0049	0.0049	G
1658	0.00559	0.00559	G
1659	0.00872	0.00872	T
1660	0.01792	0.01792	T
1661	0.01401	0.01401	T
1662	0.01149	0.01149	T
1663	0.01042	0.01042	C
1664	0.009	0.009	C
1665	0.01259	0.01338	T
1666	0.00321	0.00321	C
1667	0.00164	0.00164	T
1668	0.00084	0.00084	T
1669	0.0	0.0	A
1670	0.0	0.0	A
