Position	Mismatches	Mismatches + Deletions	Base
1	0.0	0.0	A
2	0.0	0.0	T
3	0.0	0.0	T
4	0.02284	0.02284	A
5	0.01616	0.01616	A
6	0.0109	0.01324	T
7	0.01913	0.02295	C
8	0.01738	0.01738	C
9	0.02016	0.02016	C
10	0.00962	0.00962	C
11	0.00295	0.00295	T
12	0.00442	0.00442	G
13	0.00219	0.00219	G
14	0.01678	0.01678	C
15	0.01595	0.01595	C
16	0.02378	0.02378	C
17	0.0234	0.0234	A
18	0.02637	0.02637	A
19	0.03232	0.03232	C
20	0.02855	0.02855	C
21	0.02726	0.02726	C
22	0.00262	0.00459	G
23	0.00787	0.00853	T
24	0.02469	0.02469	C
25	0.03475	0.03539	A
26	0.00192	0.00192	T
27	0.02106	0.02106	C
28	0.00189	0.00189	T
29	0.01498	0.01498	A
30	0.0254	0.02602	C
31	0.00556	0.00617	T
32	0.01287	0.01409	C
33	0.00798	0.00798	T
34	0.02267	0.02328	A
35	0.03912	0.03912	C
36	0.01593	0.01654	C
37	0.01697	0.01879	A
38	0.00665	0.00665	T
39	0.01507	0.01507	C
40	0.003	0.003	T
41	0.00419	0.00419	T
42	0.00477	0.00477	T
43	0.00179	0.00299	G
44	0.02156	0.02335	C
45	0.01485	0.01604	A
46	0.00237	0.00237	G
47	0.00473	0.00473	G
48	0.01065	0.01124	C
49	0.03353	0.03588	A
50	0.01596	0.01596	C
51	0.01636	0.01811	A
52	0.02391	0.02449	C
53	0.00463	0.00694	T
54	0.01733	0.01791	C
55	0.02597	0.02712	A
56	0.00919	0.01034	T
57	0.04253	0.0431	C
58	0.03657	0.03943	A
59	0.05398	0.05625	C
60	0.03312	0.03598	A
61	0.00285	0.00285	G
62	0.02043	0.021	C
63	0.00907	0.00907	G
64	0.02953	0.0301	C
65	0.00625	0.00681	T
66	0.03523	0.03523	A
67	0.03887	0.03944	A
68	0.00396	0.00396	G
69	0.01064	0.01176	C
70	0.00337	0.00337	T
71	0.02346	0.02346	C
72	0.00279	0.00279	G
73	0.0078	0.00835	C
74	0.01639	0.01639	A
75	0.03548	0.03603	C
76	0.00609	0.00609	T
77	0.00332	0.00332	G
78	0.00497	0.00497	A
79	0.00056	0.00056	T
80	0.00164	0.00164	T
81	0.00544	0.00544	T
82	0.0092	0.0092	T
83	0.01354	0.01354	T
84	0.00863	0.00863	T
85	0.03394	0.04203	A
86	0.04949	0.04949	C
87	0.02626	0.02626	C
88	0.00635	0.00688	T
89	0.00211	0.00211	G
90	0.01365	0.01417	A
91	0.00314	0.00314	G
92	0.00367	0.00577	T
93	0.0224	0.02656	A
94	0.00104	0.00104	G
95	0.00258	0.00258	G
96	0.01948	0.01948	C
97	0.00667	0.00667	C
98	0.00409	0.0046	T
99	0.02943	0.03044	A
100	0.00404	0.00454	G
101	0.01498	0.0155	A
102	0.01928	0.01928	A
103	0.01623	0.01623	A
104	0.01029	0.01176	T
105	0.02327	0.02327	A
106	0.02543	0.02543	A
107	0.03204	0.03204	A
108	0.04054	0.04585	C
109	0.02893	0.02893	A
110	0.00859	0.00907	T
111	0.0043	0.00478	G
112	0.01577	0.02008	C
113	0.0057	0.0057	T
114	0.01899	0.01947	A
115	0.00427	0.00427	G
116	0.02748	0.02795	C
117	0.00331	0.00378	T
118	0.00472	0.00472	T
119	0.01048	0.01048	T
120	0.0062	0.0062	T
121	0.01135	0.02554	A
122	0.01346	0.01346	T
123	0.00554	0.006	T
124	0.03086	0.03179	C
125	0.03203	0.03203	C
126	0.02309	0.03372	A
127	0.00831	0.00831	G
128	0.00322	0.00322	T
129	0.00976	0.01023	T
130	0.02903	0.03502	C
131	0.01058	0.01196	T
132	0.02394	0.02529	A
133	0.02355	0.02355	A
134	0.03694	0.03738	C
135	0.04377	0.04509	C
136	0.00088	0.00088	A
137	0.00086	0.00086	A
138	0.00086	0.00086	A
139	0.01626	0.01626	A
140	0.0089	0.0089	A
141	0.0123	0.0123	A
142	0.00978	0.00978	A
143	0.03609	0.03739	T
144	0.01808	0.01808	A
145	0.02132	0.02132	A
146	0.03369	0.03415	A
147	0.0303	0.03077	C
148	0.0156	0.0156	C
149	0.02063	0.02063	C
150	0.00492	0.00688	T
151	0.02688	0.02738	C
152	0.00403	0.00504	G
153	0.00705	0.00705	T
154	0.00657	0.00707	T
155	0.03564	0.03564	C
156	0.03004	0.03004	C
157	0.01591	0.02155	A
158	0.04051	0.04051	C
159	0.03763	0.04175	A
160	0.00155	0.00258	G
161	0.02073	0.02073	A
162	0.02029	0.02081	A
163	0.00263	0.00315	G
164	0.01364	0.01574	C
165	0.00631	0.00631	T
166	0.00423	0.00423	G
167	0.0254	0.0254	C
168	0.00895	0.00895	C
169	0.02047	0.02257	A
170	0.00945	0.00998	T
171	0.02696	0.02696	C
172	0.02482	0.02482	A
173	0.0642	0.06472	A
174	0.00156	0.00313	G
175	0.00787	0.00787	T
176	0.01938	0.01991	A
177	0.00263	0.00263	T
178	0.00632	0.00632	T
179	0.00423	0.00423	T
180	0.00909	0.00909	C
181	0.02031	0.02031	C
182	0.00648	0.01026	T
183	0.03214	0.03214	C
184	0.01197	0.01687	A
185	0.047	0.047	C
186	0.00707	0.00761	G
187	0.01807	0.023	C
188	0.02088	0.02143	A
189	0.03025	0.03025	A
190	0.00555	0.00888	G
191	0.03054	0.03443	C
192	0.02045	0.02045	A
193	0.02713	0.02713	A
194	0.02742	0.02742	C
195	0.04556	0.04556	C
196	0.00744	0.01602	G
197	0.02018	0.0323	C
198	0.01838	0.03446	A
199	0.00629	0.00629	T
200	0.03806	0.03864	C
201	0.02773	0.02773	C
202	0.01921	0.02969	A
203	0.0121	0.01268	T
204	0.02908	0.02908	A
205	0.01642	0.02229	A
206	0.00629	0.00629	T
207	0.02946	0.03004	C
208	0.01507	0.01507	C
209	0.00635	0.00635	T
210	0.00647	0.00647	T
211	0.01827	0.02711	C
212	0.0082	0.0082	T
213	0.02639	0.02757	A
214	0.02624	0.02799	A
215	0.00636	0.0081	T
216	0.02947	0.03131	A
217	0.00419	0.00419	G
218	0.03002	0.03125	C
219	0.00423	0.00484	T
220	0.02908	0.02908	A
221	0.00847	0.00908	T
222	0.02569	0.0263	C
223	0.02103	0.02165	C
224	0.00625	0.00688	T
225	0.03386	0.03446	C
226	0.0079	0.0079	T
227	0.01102	0.01102	T
228	0.03309	0.03554	C
229	0.02744	0.02744	A
230	0.01874	0.01874	A
231	0.0451	0.0463	C
232	0.03922	0.03981	A
233	0.01869	0.01986	A
234	0.00766	0.00825	T
235	0.02941	0.02941	A
236	0.0071	0.0071	T
237	0.02957	0.02957	A
238	0.03321	0.03383	C
239	0.00524	0.0072	T
240	0.02125	0.02254	C
241	0.00587	0.00587	T
242	0.02792	0.02792	C
243	0.01757	0.01757	C
244	0.00393	0.00393	G
245	0.00261	0.00261	G
246	0.00715	0.01365	A
247	0.02926	0.02926	C
248	0.02564	0.02564	A
249	0.03192	0.03192	A
250	0.01438	0.01503	T
251	0.00858	0.01253	G
252	0.02301	0.02301	A
253	0.01484	0.01484	A
254	0.02594	0.02594	C
255	0.01543	0.01543	C
256	0.01146	0.02675	A
257	0.00957	0.01658	T
258	0.02788	0.02788	A
259	0.02043	0.02353	A
260	0.03327	0.03389	C
261	0.0171	0.0171	C
262	0.01773	0.01773	A
263	0.02314	0.02375	A
264	0.01647	0.01647	T
265	0.03529	0.03591	A
266	0.03488	0.03611	C
267	0.01094	0.01276	T
268	0.0299	0.0299	A
269	0.03993	0.03993	C
270	0.02723	0.02723	C
271	0.00878	0.00878	A
272	0.02283	0.02283	A
273	0.01327	0.0139	T
274	0.03183	0.03437	C
275	0.03678	0.03678	A
276	0.02219	0.02473	A
277	0.01283	0.01347	T
278	0.0226	0.02453	A
279	0.03421	0.03618	C
280	0.00518	0.00583	T
281	0.02354	0.02551	C
282	0.02143	0.02403	A
283	0.00649	0.00714	T
284	0.02814	0.02945	C
285	0.02205	0.02335	A
286	0.00725	0.00725	T
287	0.00855	0.0092	T
288	0.01773	0.01773	A
289	0.02016	0.02016	A
290	0.01408	0.01408	T
291	0.02769	0.02769	A
292	0.02969	0.03601	A
293	0.01457	0.01647	T
294	0.05807	0.05999	C
295	0.03151	0.03151	A
296	0.00823	0.00823	T
297	0.03082	0.03082	A
298	0.01811	0.02061	A
299	0.00572	0.00572	T
300	0.96164	0.96228	A
301	0.00254	0.00254	G
302	0.01075	0.01075	C
303	0.00127	0.00127	T
304	0.01006	0.01257	A
305	0.00379	0.00442	T
306	0.03567	0.03567	A
307	0.00504	0.00567	G
308	0.03885	0.0401	C
309	0.02838	0.02838	A
310	0.02384	0.02445	A
311	0.01888	0.01888	T
312	0.0209	0.0209	A
313	0.01505	0.01505	A
314	0.02218	0.02218	A
315	0.02518	0.02518	A
316	0.04524	0.05595	C
317	0.00415	0.00415	T
318	0.02419	0.02419	A
319	0.00356	0.00356	G
320	0.00357	0.00357	G
321	0.0221	0.0221	A
322	0.01827	0.01827	A
323	0.00178	0.00178	T
324	0.0158	0.01701	A
325	0.00913	0.00913	G
326	0.00805	0.00805	C
327	0.00424	0.00424	C
328	0.02829	0.02829	C
329	0.02404	0.02404	C
330	0.02808	0.02808	C
331	0.00179	0.00179	T
332	0.00777	0.00777	T
333	0.00658	0.00658	T
334	0.03578	0.03697	C
335	0.02439	0.02439	A
336	0.02839	0.02898	C
337	0.00651	0.00651	T
338	0.00416	0.00475	T
339	0.02013	0.02487	C
340	0.0071	0.0071	T
341	0.00178	0.00357	G
342	0.04991	0.05051	A
343	0.00596	0.00596	G
344	0.01014	0.01014	T
345	0.04154	0.04154	C
346	0.02855	0.02855	C
347	0.01308	0.01308	C
348	0.0107	0.01249	A
349	0.00238	0.00238	G
350	0.01082	0.01082	A
351	0.00476	0.00476	G
352	0.00298	0.00298	G
353	0.00539	0.00539	T
354	0.01013	0.01013	T
355	0.02017	0.04508	A
356	0.03682	0.03682	C
357	0.02906	0.02906	C
358	0.02599	0.02599	C
359	0.0291	0.0291	A
360	0.03136	0.03136	A
361	0.00297	0.00356	G
362	0.00299	0.00359	G
363	0.02273	0.02333	C
364	0.04082	0.04382	A
365	0.03142	0.03142	C
366	0.03144	0.03144	C
367	0.00604	0.00604	C
368	0.00728	0.00728	C
369	0.00363	0.00424	T
370	0.01454	0.01454	C
371	0.00424	0.00424	T
372	0.00244	0.00244	G
373	0.03528	0.03589	A
374	0.02979	0.03222	C
375	0.03278	0.03401	A
376	0.0085	0.0091	T
377	0.03461	0.03461	C
378	0.03147	0.0321	C
379	0.00249	0.00249	G
380	0.00374	0.00374	G
381	0.01689	0.01689	C
382	0.01001	0.01001	C
383	0.0031	0.0031	T
384	0.00374	0.00374	G
385	0.01317	0.01317	C
386	0.00248	0.00248	T
387	0.00774	0.00774	T
388	0.02038	0.02718	C
389	0.008	0.008	T
390	0.00965	0.00965	T
391	0.02894	0.0314	C
392	0.00737	0.0086	T
393	0.03012	0.03073	C
394	0.01846	0.02154	A
395	0.04557	0.04617	C
396	0.0303	0.03273	A
397	0.01454	0.01514	T
398	0.00181	0.00181	G
399	0.02722	0.02843	A
400	0.05606	0.05726	C
401	0.00858	0.00858	A
402	0.01892	0.01892	A
403	0.01013	0.01013	A
404	0.02893	0.02893	A
405	0.01703	0.01703	A
406	0.03048	0.03766	C
407	0.0069	0.0069	T
408	0.04244	0.04586	A
409	0.01984	0.01984	G
410	0.02393	0.02393	C
411	0.01092	0.01092	C
412	0.023	0.02374	C
413	0.02066	0.02066	C
414	0.01259	0.01259	C
415	0.01958	0.02108	A
416	0.00608	0.00684	T
417	0.01527	0.01527	C
418	0.01062	0.01214	T
419	0.03815	0.03815	C
420	0.02889	0.02963	A
421	0.02792	0.02792	A
422	0.00943	0.01161	T
423	0.03843	0.03916	C
424	0.02439	0.02439	A
425	0.00996	0.01139	T
426	0.02983	0.03338	A
427	0.01192	0.01262	T
428	0.02737	0.02807	A
429	0.04705	0.04705	C
430	0.02817	0.02817	C
431	0.01341	0.01341	A
432	0.02284	0.02284	A
433	0.02022	0.02022	A
434	0.01101	0.01395	T
435	0.03857	0.04071	C
436	0.0082	0.00895	T
437	0.02614	0.02763	C
438	0.00831	0.01057	T
439	0.02556	0.02556	C
440	0.00755	0.00831	C
441	0.02149	0.02149	C
442	0.01228	0.01305	T
443	0.02925	0.02925	C
444	0.017	0.01777	A
445	0.02939	0.02939	C
446	0.01003	0.01003	T
447	0.01204	0.01204	A
448	0.0272	0.0272	A
449	0.03432	0.03432	A
450	0.0395	0.04183	C
451	0.00078	0.00078	G
452	0.00925	0.01079	T
453	0.02586	0.02586	A
454	0.0378	0.0378	A
455	0.00158	0.00237	G
456	0.02316	0.02316	C
457	0.01264	0.01264	C
458	0.0025	0.0025	T
459	0.00604	0.00604	T
460	0.02091	0.02962	C
461	0.00421	0.00673	T
462	0.01897	0.01897	C
463	0.0141	0.0141	C
464	0.01026	0.01197	T
465	0.03169	0.03169	C
466	0.02281	0.02544	A
467	0.02109	0.02109	C
468	0.00617	0.00617	T
469	0.01903	0.01903	C
470	0.00785	0.0096	T
471	0.02923	0.02923	C
472	0.00603	0.00603	T
473	0.04378	0.04378	C
474	0.02399	0.02485	A
475	0.03387	0.03387	A
476	0.01576	0.01576	T
477	0.03136	0.03136	C
478	0.00687	0.00687	T
479	0.01127	0.01127	T
480	0.00591	0.02787	A
481	0.00678	0.00678	T
482	0.02647	0.02733	C
483	0.01359	0.01359	C
484	0.01607	0.02115	A
485	0.00602	0.00602	T
486	0.02393	0.02479	C
487	0.02625	0.03048	A
488	0.01028	0.01028	T
489	0.0246	0.02545	A
490	0.0043	0.00516	G
491	0.03843	0.04014	C
492	0.01775	0.0186	A
493	0.00171	0.00171	G
494	0.00256	0.00256	G
495	0.02302	0.02302	C
496	0.02984	0.02984	A
497	0.00426	0.00426	G
498	0.00258	0.00258	T
499	0.0034	0.0034	T
500	0.00255	0.00255	G
501	0.01276	0.01276	A
502	0.00598	0.00598	G
503	0.00256	0.00341	G
504	0.00169	0.00254	T
505	0.00341	0.00341	G
506	0.00424	0.00424	G
507	0.01597	0.02269	A
508	0.00669	0.00669	T
509	0.00836	0.00836	T
510	0.01522	0.01522	A
511	0.0304	0.03205	A
512	0.0338	0.0338	A
513	0.04649	0.04731	C
514	0.02467	0.02467	C
515	0.01667	0.0175	A
516	0.02848	0.02929	A
517	0.03191	0.03191	A
518	0.04689	0.04689	C
519	0.0219	0.0219	C
520	0.02348	0.02348	C
521	0.02676	0.03812	A
522	0.00164	0.00164	G
523	0.01066	0.01066	C
524	0.00329	0.00329	T
525	0.02051	0.02133	A
526	0.05392	0.05392	C
527	0.00661	0.00661	G
528	0.04967	0.0513	C
529	0.02583	0.02663	A
530	0.01911	0.01911	A
531	0.02555	0.02555	A
532	0.03236	0.03236	A
533	0.00968	0.01048	T
534	0.02139	0.02139	C
535	0.00318	0.00318	T
536	0.00477	0.00477	T
537	0.01351	0.02067	A
538	0.00876	0.00955	G
539	0.01998	0.02158	C
540	0.04303	0.04542	A
541	0.00872	0.00952	T
542	0.02389	0.02468	A
543	0.03078	0.03236	C
544	0.00708	0.00787	T
545	0.01416	0.01416	C
546	0.00551	0.00551	C
547	0.00631	0.00631	T
548	0.02758	0.02758	C
549	0.02518	0.02596	A
550	0.01952	0.01952	A
551	0.00859	0.00859	T
552	0.01086	0.01086	T
553	0.01163	0.03411	A
554	0.02241	0.02241	C
555	0.01633	0.01633	C
556	0.01797	0.01875	C
557	0.01254	0.01489	A
558	0.04399	0.04478	C
559	0.03816	0.04517	A
560	0.00622	0.00622	T
561	0.02108	0.02108	A
562	0.00237	0.00237	G
563	0.00312	0.00312	G
564	0.0109	0.01402	A
565	0.00233	0.00233	T
566	0.00313	0.00313	G
567	0.02266	0.02266	A
568	0.01916	0.01916	A
569	0.00763	0.00763	T
570	0.02154	0.02154	A
571	0.01741	0.01968	A
572	0.00827	0.00827	T
573	0.01516	0.01592	A
574	0.00303	0.00379	G
575	0.0197	0.02045	C
576	0.03076	0.03226	A
577	0.00523	0.00673	G
578	0.00375	0.0045	T
579	0.00761	0.00761	T
580	0.02278	0.0243	C
581	0.00683	0.00759	T
582	0.03656	0.03884	A
583	0.04189	0.04189	C
584	0.03963	0.03963	C
585	0.01154	0.01308	G
586	0.01526	0.01526	T
587	0.02998	0.02998	A
588	0.03659	0.03811	C
589	0.02276	0.02352	A
590	0.02365	0.02735	A
591	0.03267	0.03267	C
592	0.02579	0.02653	C
593	0.01699	0.01846	C
594	0.00593	0.01333	T
595	0.01557	0.01631	A
596	0.02214	0.02214	A
597	0.04164	0.04164	C
598	0.03723	0.03723	A
599	0.01011	0.01444	T
600	0.02381	0.02381	A
601	0.02888	0.03105	A
602	0.04351	0.04351	C
603	0.01777	0.01777	C
604	0.02022	0.02371	A
605	0.00908	0.00978	T
606	0.01136	0.01136	T
607	0.02898	0.03463	C
608	0.00704	0.00704	T
609	0.01128	0.01269	T
610	0.0049	0.0063	A
611	0.02297	0.02297	A
612	0.00868	0.00868	T
613	0.01152	0.01152	T
614	0.00994	0.00994	T
615	0.02037	0.02168	A
616	0.02584	0.02842	A
617	0.03517	0.03645	C
618	0.00375	0.00375	T
619	0.01517	0.01638	A
620	0.0074	0.00801	T
621	0.01145	0.01145	T
622	0.00726	0.00726	T
623	0.01571	0.01813	A
624	0.01134	0.01134	T
625	0.03068	0.03245	A
626	0.00749	0.00749	T
627	0.00462	0.00462	T
628	0.00746	0.02468	A
629	0.00735	0.00735	T
630	0.0273	0.02787	C
631	0.00902	0.00959	C
632	0.00446	0.00502	T
633	0.02117	0.02228	A
634	0.02878	0.02878	A
635	0.04278	0.04444	C
636	0.00777	0.00999	T
637	0.03116	0.0328	A
638	0.03886	0.04433	C
639	0.00596	0.00813	T
640	0.03452	0.03722	A
641	0.03156	0.03264	C
642	0.02981	0.03089	C
643	0.00488	0.00759	G
644	0.02269	0.02539	C
645	0.0267	0.02883	A
646	0.0111	0.0111	T
647	0.00688	0.00688	T
648	0.02651	0.02651	C
649	0.02116	0.02169	C
650	0.00786	0.00996	T
651	0.02453	0.02505	A
652	0.03958	0.04167	C
653	0.00617	0.0072	T
654	0.01929	0.02132	A
655	0.04036	0.04238	C
656	0.0065	0.01	T
657	0.0274	0.0289	C
658	0.02171	0.02269	A
659	0.02407	0.02407	A
660	0.03465	0.03657	C
661	0.00565	0.00612	T
662	0.01072	0.01165	T
663	0.0075	0.00797	A
664	0.02172	0.02172	A
665	0.03229	0.0328	A
666	0.02063	0.02109	C
667	0.00363	0.00409	T
668	0.02965	0.02965	C
669	0.01723	0.01769	C
670	0.02248	0.03211	A
671	0.00368	0.00461	G
672	0.02502	0.02502	C
673	0.02058	0.02103	A
674	0.02193	0.02193	C
675	0.01372	0.01372	C
676	0.01015	0.01523	A
677	0.02458	0.02458	C
678	0.0041	0.00456	G
679	0.0195	0.0195	A
680	0.01075	0.01075	C
681	0.01381	0.01426	C
682	0.02361	0.02361	C
683	0.00531	0.00619	T
684	0.03175	0.03263	A
685	0.03063	0.03107	C
686	0.01045	0.01045	T
687	0.03561	0.03604	A
688	0.0405	0.04265	C
689	0.00474	0.00517	T
690	0.0283	0.02916	A
691	0.00821	0.00821	T
692	0.01827	0.0187	C
693	0.00639	0.00852	T
694	0.01659	0.01659	C
695	0.00606	0.00735	G
696	0.02001	0.02043	C
697	0.0154	0.01583	A
698	0.02036	0.02036	C
699	0.02793	0.02835	C
700	0.00591	0.00676	T
701	0.00633	0.00759	G
702	0.0265	0.0265	A
703	0.02751	0.02751	A
704	0.0217	0.0217	A
705	0.04038	0.04288	C
706	0.02487	0.02487	A
707	0.02892	0.02974	A
708	0.00451	0.00492	G
709	0.02865	0.02947	C
710	0.00854	0.00895	T
711	0.01738	0.01778	A
712	0.02077	0.02077	A
713	0.02719	0.02841	C
714	0.01977	0.02017	A
715	0.01236	0.01236	T
716	0.006	0.006	G
717	0.02356	0.02356	A
718	0.03106	0.03146	C
719	0.00966	0.01127	T
720	0.02759	0.02879	A
721	0.02668	0.02709	A
722	0.03351	0.03432	C
723	0.02186	0.02672	A
724	0.0284	0.0284	C
725	0.0124	0.0124	C
726	0.024	0.0244	C
727	0.00805	0.00805	T
728	0.00606	0.00606	T
729	0.01507	0.01507	A
730	0.02521	0.02521	A
731	0.00648	0.00648	T
732	0.00731	0.00731	T
733	0.02513	0.02513	C
734	0.01853	0.01895	C
735	0.02395	0.03055	A
736	0.0124	0.01281	T
737	0.02239	0.02281	C
738	0.02578	0.02578	C
739	0.02159	0.0326	A
740	0.05381	0.05381	C
741	0.006	0.006	C
742	0.00607	0.00607	C
743	0.0026	0.00303	T
744	0.00866	0.00866	C
745	0.00522	0.00565	C
746	0.00309	0.00486	T
747	0.0359	0.0359	C
748	0.00841	0.01062	T
749	0.03067	0.03067	C
750	0.03285	0.03285	C
751	0.02486	0.02486	C
752	0.00843	0.00843	T
753	0.02256	0.02256	A
754	0.00133	0.00133	G
755	0.00133	0.00133	G
756	0.00754	0.00887	A
757	0.00309	0.00309	G
758	0.00176	0.00176	G
759	0.05002	0.05046	C
760	0.0173	0.0173	C
761	0.00849	0.00849	T
762	0.00499	0.00544	G
763	0.0096	0.01006	C
764	0.00589	0.00589	C
765	0.01443	0.01443	C
766	0.01859	0.01859	C
767	0.02073	0.02073	C
768	0.00543	0.00633	G
769	0.024	0.02491	C
770	0.00591	0.00591	T
771	0.02812	0.02857	A
772	0.0237	0.0237	A
773	0.0487	0.0487	C
774	0.03837	0.03837	C
775	0.00183	0.00183	G
776	0.00321	0.00366	G
777	0.01639	0.01639	C
778	0.00183	0.00183	T
779	0.00594	0.00594	T
780	0.00615	0.00615	T
781	0.01105	0.01105	T
782	0.01199	0.01199	T
783	0.00278	0.00278	G
784	0.00277	0.00277	C
785	0.00323	0.00323	C
786	0.01572	0.01572	C
787	0.01125	0.01125	A
788	0.0251	0.0251	A
789	0.03148	0.03148	A
790	0.01244	0.01336	T
791	0.00231	0.00231	G
792	0.00139	0.00139	G
793	0.0023	0.0023	G
794	0.01344	0.01344	C
795	0.04182	0.04228	C
796	0.01416	0.01964	A
797	0.00858	0.00858	T
798	0.00643	0.00643	T
799	0.0085	0.02504	A
800	0.00887	0.00932	T
801	0.03543	0.03543	C
802	0.01014	0.01102	G
803	0.02686	0.0273	A
804	0.03754	0.03754	A
805	0.00607	0.00997	G
806	0.02709	0.02709	A
807	0.02661	0.02705	A
808	0.01099	0.01099	T
809	0.01458	0.0159	T
810	0.03622	0.03799	C
811	0.02276	0.02365	A
812	0.05272	0.05926	C
813	0.00261	0.00261	A
814	0.00644	0.00644	A
815	0.01726	0.01726	A
816	0.01479	0.01522	A
817	0.02188	0.02188	A
818	0.01282	0.01282	A
819	0.02956	0.04113	C
820	0.02563	0.02563	A
821	0.02077	0.0212	A
822	0.01186	0.01229	T
823	0.03856	0.03901	A
824	0.00519	0.00562	G
825	0.0239	0.02435	C
826	0.01184	0.01184	C
827	0.00396	0.00527	T
828	0.03094	0.03229	C
829	0.02475	0.03195	A
830	0.00727	0.00863	T
831	0.02947	0.03037	C
832	0.0209	0.02462	A
833	0.01028	0.01075	T
834	0.02519	0.0262	C
835	0.01727	0.01778	C
836	0.02166	0.02166	C
837	0.01339	0.0139	C
838	0.01972	0.02595	A
839	0.03152	0.03152	C
840	0.01707	0.01759	C
841	0.01596	0.01957	A
842	0.00877	0.01135	T
843	0.02993	0.02993	C
844	0.02753	0.03117	A
845	0.00929	0.01135	T
846	0.03271	0.03592	A
847	0.00763	0.00763	G
848	0.02394	0.02503	C
849	0.01258	0.01258	C
850	0.01858	0.02896	A
851	0.03161	0.03161	C
852	0.01591	0.01646	C
853	0.0242	0.0319	A
854	0.01045	0.0132	T
855	0.02419	0.02474	C
856	0.02187	0.02296	A
857	0.03706	0.03706	C
858	0.01739	0.01739	C
859	0.01839	0.01947	C
860	0.00381	0.00489	T
861	0.02284	0.02284	C
862	0.02281	0.02444	C
863	0.00447	0.00503	T
864	0.00986	0.00986	T
865	0.01045	0.011	A
866	0.02357	0.02357	A
867	0.04898	0.04898	C
868	0.0237	0.02481	C
869	0.00461	0.00461	T
870	0.95982	0.96819	C
871	0.0105	0.0105	T
872	0.02205	0.02315	A
873	0.03618	0.03618	C
874	0.00821	0.00821	T
875	0.00772	0.00772	T
876	0.01965	0.02527	C
877	0.00562	0.00562	T
878	0.02421	0.02646	A
879	0.03499	0.03499	C
880	0.01756	0.01813	C
881	0.00401	0.00515	T
882	0.01954	0.02701	A
883	0.04496	0.04553	C
884	0.00516	0.00573	G
885	0.02647	0.02647	C
886	0.00746	0.00746	C
887	0.00631	0.00746	T
888	0.0168	0.01738	A
889	0.01841	0.01956	A
890	0.00868	0.00868	T
891	0.02563	0.02737	C
892	0.014	0.014	T
893	0.0123	0.01874	A
894	0.02106	0.02165	C
895	0.0065	0.0065	T
896	0.01921	0.01981	C
897	0.01321	0.01381	C
898	0.0102	0.01681	A
899	0.03479	0.03479	C
900	0.0186	0.0186	C
901	0.00425	0.00608	T
902	0.03463	0.03463	C
903	0.02855	0.03038	A
904	0.02488	0.02549	A
905	0.011	0.01345	T
906	0.0324	0.03362	C
907	0.02514	0.02575	A
908	0.03976	0.0422	C
909	0.03276	0.03276	A
910	0.03532	0.03656	C
911	0.0063	0.00693	T
912	0.02649	0.0323	A
913	0.03869	0.04	C
914	0.01256	0.01586	T
915	0.02865	0.02865	C
916	0.01588	0.01655	C
917	0.01995	0.01995	C
918	0.02392	0.02392	C
919	0.01332	0.01664	A
920	0.01144	0.01144	T
921	0.02242	0.02242	A
922	0.01187	0.01187	T
923	0.03175	0.03175	C
924	0.00693	0.00831	T
925	0.02568	0.02568	A
926	0.02225	0.02225	A
927	0.04829	0.05038	C
928	0.02148	0.02148	A
929	0.02147	0.02355	A
930	0.0523	0.0537	C
931	0.00914	0.00914	G
932	0.01262	0.01262	T
933	0.00215	0.00215	A
934	0.02211	0.02211	A
935	0.01001	0.01001	A
936	0.02067	0.0221	A
937	0.02291	0.02362	A
938	0.01433	0.01719	T
939	0.02079	0.02079	A
940	0.0122	0.0122	A
941	0.0201	0.0201	A
942	0.02804	0.02804	A
943	0.01606	0.01825	T
944	0.0044	0.0044	G
945	0.02863	0.02863	A
946	0.03772	0.03772	C
947	0.02765	0.02765	A
948	0.00459	0.00459	G
949	0.00657	0.00739	T
950	0.01108	0.01108	T
951	0.0064	0.0064	T
952	0.01048	0.01209	G
953	0.02899	0.02899	A
954	0.02026	0.02026	A
955	0.0358	0.0358	C
956	0.02874	0.02956	A
957	0.01235	0.01235	T
958	0.01925	0.02008	A
959	0.05046	0.05046	C
960	0.03507	0.03507	A
961	0.01424	0.01424	A
962	0.04843	0.04843	A
963	0.01893	0.01893	A
964	0.0299	0.03518	C
965	0.02597	0.02597	C
966	0.01328	0.01328	C
967	0.0154	0.02502	A
968	0.0281	0.0281	C
969	0.01761	0.01761	C
970	0.02002	0.02002	C
971	0.01945	0.01945	C
972	0.03171	0.03383	A
973	0.00325	0.00976	T
974	0.00555	0.00555	T
975	0.01865	0.01865	C
976	0.01561	0.01561	C
977	0.00488	0.00488	T
978	0.01746	0.01746	C
979	0.01884	0.01884	C
980	0.01877	0.01877	C
981	0.01772	0.01899	C
982	0.01022	0.01916	A
983	0.02941	0.02941	C
984	0.02081	0.02341	A
985	0.04302	0.04302	C
986	0.00533	0.008	T
987	0.01628	0.01628	C
988	0.02774	0.03051	A
989	0.00295	0.00442	T
990	0.04769	0.04928	C
991	0.01623	0.01948	G
992	0.01466	0.01466	C
993	0.01333	0.01333	C
994	0.01163	0.01163	C
995	0.00843	0.00843	T
996	0.01003	0.01003	T
997	0.01877	0.03072	A
998	0.02055	0.02055	C
999	0.0208	0.0208	C
1000	0.02888	0.0343	A
1001	0.05072	0.05072	C
1002	0.00368	0.00551	G
1003	0.02947	0.02947	C
1004	0.0056	0.0056	T
1005	0.01894	0.02462	A
1006	0.03598	0.03598	C
1007	0.01163	0.01163	T
1008	0.03557	0.03557	C
1009	0.00408	0.00612	C
1010	0.0102	0.01224	T
1011	0.02731	0.03151	A
1012	0.0383	0.0383	C
1013	0.01735	0.01952	C
1014	0.0022	0.0022	T
1015	0.02232	0.02232	A
1016	0.00487	0.00973	T
1017	0.02892	0.02892	C
1018	0.01716	0.01961	T
1019	0.02206	0.02206	C
1020	0.02494	0.02494	C
1021	0.01018	0.01018	C
1022	0.02089	0.02089	C
1023	0.0088	0.0088	T
1024	0.00971	0.00971	T
1025	0.00342	0.00342	T
1026	0.00358	0.00358	T
1027	0.04089	0.04089	A
1028	0.01115	0.01115	T
1029	0.0	0.0	A
1030	0.03846	0.03846	C
1031	0.00427	0.00427	T
1032	0.01843	0.01843	A
1033	0.01942	0.01942	A
1034	0.00985	0.00985	T
1035	0.01531	0.01531	A
1036	0.02073	0.02591	A
1037	0.00541	0.00541	T
1038	0.00578	0.00578	C
1039	0.0	0.0	T
1040	0.00735	0.00735	T
1041	0.0	0.0	A
1042	0.0	0.0	T
1043	0.0	0.0	A
1044	0.0	0.0	G
