Position	Mismatches	Mismatches + Deletions	Base
1	0.0	0.0	A
2	0.0	0.0	T
3	0.0	0.0	G
4	0.01114	0.01114	A
5	0.01652	0.01915	C
6	0.0112	0.0112	C
7	0.0126	0.0126	C
8	0.01471	0.01875	A
9	0.02326	0.02398	C
10	0.02504	0.0254	C
11	0.01649	0.01649	A
12	0.01496	0.01496	A
13	0.00816	0.00851	T
14	0.01516	0.01586	C
15	0.01154	0.01189	A
16	0.01659	0.01763	C
17	0.01643	0.0178	A
18	0.00711	0.00711	T
19	0.00737	0.00737	G
20	0.02792	0.02792	C
21	0.01062	0.01062	C
22	0.00689	0.00755	T
23	0.01788	0.01788	A
24	0.01129	0.01226	T
25	0.02249	0.02602	C
26	0.01482	0.01608	A
27	0.01145	0.01145	T
28	0.02822	0.03006	A
29	0.01236	0.01266	T
30	0.02784	0.02843	A
31	0.0085	0.0085	G
32	0.00961	0.01077	T
33	0.02281	0.02339	A
34	0.01073	0.01073	A
35	0.02574	0.02603	A
36	0.02934	0.02934	A
37	0.02697	0.02752	C
38	0.02405	0.02432	C
39	0.02428	0.02428	C
40	0.02726	0.03414	A
41	0.01024	0.01272	G
42	0.0212	0.0212	C
43	0.01567	0.01595	C
44	0.02005	0.02005	C
45	0.02141	0.02745	A
46	0.01293	0.0132	T
47	0.00193	0.00193	G
48	0.03207	0.0329	A
49	0.00765	0.00765	C
50	0.00548	0.00548	C
51	0.00603	0.00603	C
52	0.00383	0.00383	C
53	0.0074	0.00795	T
54	0.0398	0.0398	A
55	0.02683	0.02683	A
56	0.04528	0.0461	C
57	0.03411	0.03519	A
58	0.00081	0.00081	G
59	0.00215	0.00268	G
60	0.00134	0.00134	G
61	0.00429	0.00429	G
62	0.01117	0.01117	C
63	0.00884	0.00884	C
64	0.02269	0.02269	C
65	0.01182	0.01423	T
66	0.02572	0.02599	C
67	0.01243	0.01613	T
68	0.03254	0.03386	C
69	0.03182	0.03369	A
70	0.00587	0.00694	G
71	0.01584	0.01584	C
72	0.00657	0.00657	C
73	0.0118	0.0118	C
74	0.00888	0.01123	T
75	0.02613	0.02613	C
76	0.01285	0.0131	C
77	0.01464	0.01567	T
78	0.02166	0.02166	A
79	0.01667	0.01667	A
80	0.01341	0.01366	T
81	0.00733	0.00758	G
82	0.02642	0.02642	A
83	0.02474	0.02474	C
84	0.01981	0.01981	C
85	0.01079	0.01305	T
86	0.03197	0.03197	C
87	0.03086	0.03161	C
88	0.00428	0.00428	G
89	0.00301	0.00301	G
90	0.00951	0.00951	C
91	0.00575	0.00575	C
92	0.00651	0.00776	T
93	0.01049	0.01149	A
94	0.00325	0.00349	G
95	0.0436	0.0436	C
96	0.01534	0.01534	C
97	0.0074	0.00938	A
98	0.00937	0.00987	T
99	0.00467	0.00517	G
100	0.00537	0.00635	T
101	0.00487	0.00487	G
102	0.0183	0.01904	A
103	0.00386	0.00386	T
104	0.00723	0.00723	T
105	0.00886	0.00886	T
106	0.02627	0.02796	C
107	0.02906	0.02954	A
108	0.03745	0.03793	C
109	0.01424	0.01424	T
110	0.01511	0.01511	T
111	0.0243	0.0243	C
112	0.02109	0.02133	C
113	0.01694	0.02447	A
114	0.03187	0.03187	C
115	0.01386	0.01686	T
116	0.02693	0.02693	C
117	0.01953	0.01977	C
118	0.01534	0.02835	A
119	0.01584	0.01863	T
120	0.03205	0.03205	A
121	0.0261	0.02919	A
122	0.03319	0.03367	C
123	0.01049	0.01073	G
124	0.02144	0.02144	C
125	0.00577	0.00818	T
126	0.01579	0.01579	C
127	0.01052	0.01052	C
128	0.0083	0.01245	T
129	0.01496	0.01545	C
130	0.01223	0.0159	A
131	0.00921	0.00945	T
132	0.03725	0.03799	A
133	0.01745	0.0177	C
134	0.00898	0.00922	T
135	0.01661	0.0193	A
136	0.00219	0.00243	G
137	0.0051	0.0051	G
138	0.01034	0.01034	C
139	0.00673	0.00697	C
140	0.01367	0.01439	T
141	0.02429	0.02502	A
142	0.03153	0.03297	C
143	0.00884	0.01051	T
144	0.02098	0.02122	A
145	0.02469	0.0254	A
146	0.03088	0.03088	C
147	0.02501	0.02501	C
148	0.02104	0.02127	A
149	0.01811	0.01811	A
150	0.0381	0.03856	C
151	0.02861	0.02998	A
152	0.03939	0.04164	C
153	0.01529	0.01574	A
154	0.03568	0.03725	C
155	0.018	0.0198	T
156	0.02405	0.02405	A
157	0.02292	0.02339	A
158	0.02533	0.02533	C
159	0.01887	0.0191	C
160	0.02168	0.02602	A
161	0.01434	0.01526	T
162	0.02497	0.02682	A
163	0.01667	0.01829	T
164	0.02435	0.02527	A
165	0.02849	0.02896	C
166	0.02231	0.02231	C
167	0.01392	0.01415	A
168	0.01617	0.0164	A
169	0.0164	0.01711	T
170	0.0064	0.00687	G
171	0.01114	0.01114	A
172	0.00839	0.00839	T
173	0.00197	0.00197	G
174	0.0029	0.0029	G
175	0.02291	0.02315	C
176	0.01715	0.01788	G
177	0.02246	0.02294	C
178	0.01018	0.01043	G
179	0.01883	0.02028	A
180	0.00849	0.00849	T
181	0.00605	0.00678	G
182	0.00822	0.0104	T
183	0.02486	0.02486	A
184	0.02049	0.02097	A
185	0.02731	0.02873	C
186	0.0239	0.02414	A
187	0.0288	0.02927	C
188	0.00997	0.0102	G
189	0.0251	0.02533	A
190	0.01098	0.01189	G
191	0.02301	0.02325	A
192	0.02121	0.02121	A
193	0.02165	0.02188	A
194	0.01349	0.01394	G
195	0.02303	0.02326	C
196	0.01739	0.01899	A
197	0.03308	0.03466	C
198	0.02413	0.02684	A
199	0.01033	0.01213	T
200	0.02733	0.02778	A
201	0.02831	0.02854	C
202	0.02262	0.02262	C
203	0.01303	0.01303	A
204	0.01713	0.01758	A
205	0.00524	0.00547	G
206	0.00456	0.00456	G
207	0.00706	0.00706	C
208	0.00251	0.00296	C
209	0.01472	0.02115	A
210	0.02866	0.02866	C
211	0.02657	0.02793	C
212	0.01001	0.02638	A
213	0.03638	0.03797	C
214	0.01995	0.02471	A
215	0.0309	0.03226	C
216	0.02294	0.0243	A
217	0.03006	0.03006	C
218	0.01948	0.02017	C
219	0.01827	0.02012	A
220	0.02346	0.02346	C
221	0.01024	0.01117	C
222	0.01816	0.01888	T
223	0.01691	0.01763	G
224	0.01304	0.01497	T
225	0.01793	0.01793	C
226	0.02992	0.02992	C
227	0.00298	0.00323	A
228	0.01221	0.01221	A
229	0.0166	0.0166	A
230	0.02421	0.02421	A
231	0.01699	0.01699	A
232	0.00345	0.00345	G
233	0.00272	0.00272	G
234	0.01082	0.01082	C
235	0.00566	0.00566	C
236	0.00694	0.00694	T
237	0.01415	0.01465	T
238	0.02877	0.03227	C
239	0.01102	0.01102	G
240	0.0283	0.02905	A
241	0.01427	0.01427	T
242	0.02626	0.02727	A
243	0.04	0.04	C
244	0.00351	0.00376	G
245	0.00325	0.00351	G
246	0.006	0.006	G
247	0.01487	0.02168	A
248	0.0066	0.01066	T
249	0.01468	0.01468	A
250	0.01858	0.02367	A
251	0.0086	0.01088	T
252	0.02263	0.02263	C
253	0.01555	0.01606	C
254	0.00997	0.01048	T
255	0.02093	0.02244	A
256	0.01214	0.01214	T
257	0.00985	0.00985	T
258	0.00917	0.01045	T
259	0.02109	0.02439	A
260	0.01219	0.01219	T
261	0.01472	0.01549	T
262	0.01796	0.03541	A
263	0.05143	0.05194	C
264	0.00911	0.00911	C
265	0.0099	0.01142	T
266	0.00947	0.00973	C
267	0.00973	0.01024	A
268	0.00462	0.0054	G
269	0.00205	0.00256	A
270	0.00282	0.00282	A
271	0.92686	0.94554	G
272	0.02015	0.02245	T
273	0.00433	0.00637	T
274	0.00614	0.0064	T
275	0.00538	0.00564	T
276	0.00206	0.00206	T
277	0.00493	0.00493	T
278	0.00321	0.00321	T
279	0.01072	0.01804	C
280	0.01019	0.01019	T
281	0.01422	0.01501	T
282	0.0452	0.04679	C
283	0.00823	0.00903	G
284	0.04498	0.04578	C
285	0.02258	0.02311	A
286	0.00346	0.00372	G
287	0.00642	0.00642	G
288	0.00807	0.00807	A
289	0.0033	0.0033	T
290	0.00468	0.00495	T
291	0.00193	0.00193	T
292	0.00193	0.00193	T
293	0.00084	0.00112	T
294	0.00475	0.00671	C
295	0.00703	0.00731	T
296	0.00396	0.00424	G
297	0.01217	0.01245	A
298	0.00426	0.00426	G
299	0.02131	0.02131	C
300	0.01956	0.01956	C
301	0.01076	0.01076	T
302	0.00894	0.00894	T
303	0.01009	0.01009	T
304	0.01193	0.01193	T
305	0.02496	0.0326	A
306	0.0422	0.0422	C
307	0.02073	0.02073	C
308	0.01255	0.02081	A
309	0.02975	0.03005	C
310	0.01165	0.01349	T
311	0.03354	0.03354	C
312	0.0211	0.0211	C
313	0.02294	0.03249	A
314	0.00162	0.00259	G
315	0.01269	0.01269	C
316	0.00531	0.00531	C
317	0.00821	0.00893	T
318	0.03248	0.03474	A
319	0.00812	0.00967	G
320	0.01822	0.0186	C
321	0.00348	0.00387	C
322	0.01341	0.01341	C
323	0.01289	0.01329	C
324	0.01027	0.01807	T
325	0.02317	0.02607	A
326	0.01184	0.01184	C
327	0.01441	0.01483	C
328	0.01313	0.01313	C
329	0.01785	0.01785	C
330	0.01912	0.01912	C
331	0.02661	0.02661	C
332	0.01597	0.01597	A
333	0.02377	0.0242	A
334	0.0075	0.00794	T
335	0.00927	0.00927	T
336	0.0257	0.03146	A
337	0.00266	0.00266	G
338	0.0031	0.0031	G
339	0.02703	0.03013	A
340	0.0022	0.0022	G
341	0.00088	0.00088	G
342	0.00709	0.00709	G
343	0.00976	0.01109	C
344	0.03125	0.03259	A
345	0.02616	0.02705	C
346	0.00582	0.00672	T
347	0.00362	0.00362	G
348	0.005	0.005	G
349	0.00868	0.00868	C
350	0.00543	0.00543	C
351	0.01942	0.01942	C
352	0.02244	0.02244	C
353	0.02733	0.02733	C
354	0.02372	0.02372	A
355	0.02932	0.02932	A
356	0.03812	0.03812	C
357	0.02694	0.02915	A
358	0.00308	0.00308	G
359	0.00308	0.00308	G
360	0.01711	0.01711	C
361	0.03002	0.03046	A
362	0.00938	0.01072	T
363	0.03007	0.03052	C
364	0.01694	0.01877	A
365	0.03196	0.03196	C
366	0.02328	0.02328	C
367	0.01697	0.01697	C
368	0.02463	0.02509	C
369	0.01324	0.01466	G
370	0.02357	0.02357	C
371	0.01218	0.01359	T
372	0.01466	0.01466	A
373	0.02459	0.02459	A
374	0.02291	0.02291	A
375	0.00746	0.00885	T
376	0.02369	0.02415	C
377	0.01988	0.01988	C
378	0.0297	0.0297	C
379	0.01949	0.01949	C
380	0.01397	0.01629	T
381	0.03623	0.03623	A
382	0.00604	0.00604	G
383	0.01356	0.01356	A
384	0.01766	0.01812	A
385	0.01029	0.01075	G
386	0.01258	0.01398	T
387	0.012	0.012	C
388	0.01314	0.01314	C
389	0.02304	0.02304	C
390	0.01364	0.01834	A
391	0.02132	0.02178	C
392	0.00787	0.00972	T
393	0.02348	0.02348	C
394	0.01423	0.01423	C
395	0.02078	0.02216	T
396	0.0319	0.03236	A
397	0.0229	0.0229	A
398	0.01721	0.01721	A
399	0.03352	0.03627	C
400	0.02376	0.0265	A
401	0.02964	0.03146	C
402	0.02936	0.03119	A
403	0.01406	0.01678	T
404	0.02447	0.02447	C
405	0.02088	0.02133	C
406	0.012	0.01247	G
407	0.01294	0.0134	T
408	0.01999	0.02092	A
409	0.01124	0.0117	T
410	0.01495	0.01588	T
411	0.00629	0.01693	A
412	0.02072	0.02166	C
413	0.01467	0.01656	T
414	0.01847	0.01941	C
415	0.00762	0.00809	G
416	0.0114	0.01473	C
417	0.03565	0.03565	A
418	0.00709	0.00709	T
419	0.01621	0.01621	C
420	0.01759	0.0195	A
421	0.00333	0.00333	G
422	0.0019	0.0019	G
423	0.01009	0.01153	A
424	0.00758	0.00758	G
425	0.00904	0.00951	T
426	0.03475	0.03522	A
427	0.01367	0.01367	T
428	0.03544	0.03544	C
429	0.02997	0.02997	A
430	0.02425	0.0252	A
431	0.0104	0.01182	T
432	0.02239	0.02239	C
433	0.02146	0.02146	A
434	0.01037	0.01037	C
435	0.00566	0.00566	C
436	0.00818	0.00818	T
437	0.00338	0.00338	G
438	0.01017	0.01114	A
439	0.00581	0.00581	G
440	0.01449	0.01449	C
441	0.01419	0.01566	T
442	0.02578	0.02578	C
443	0.02512	0.02657	A
444	0.03844	0.03844	C
445	0.02254	0.02254	C
446	0.0192	0.02295	A
447	0.01538	0.01584	T
448	0.02529	0.02623	A
449	0.01213	0.0126	G
450	0.01593	0.01639	T
451	0.01154	0.01154	C
452	0.0121	0.01583	T
453	0.01994	0.01994	A
454	0.01654	0.01654	A
455	0.01414	0.0187	T
456	0.02907	0.03046	A
457	0.01185	0.01503	G
458	0.0178	0.0178	A
459	0.0244	0.0244	A
460	0.02263	0.02263	A
461	0.01826	0.01826	A
462	0.02642	0.03918	C
463	0.02797	0.02797	A
464	0.02149	0.02193	A
465	0.02861	0.02861	C
466	0.0198	0.02024	C
467	0.01453	0.01541	G
468	0.01594	0.01594	A
469	0.01624	0.01668	A
470	0.01715	0.01715	A
471	0.03078	0.03078	C
472	0.02098	0.02185	C
473	0.00704	0.00704	A
474	0.01687	0.01687	A
475	0.02267	0.02267	A
476	0.00901	0.01672	T
477	0.01373	0.01373	A
478	0.01606	0.0186	A
479	0.01221	0.01263	T
480	0.01442	0.01442	T
481	0.0239	0.02561	C
482	0.01944	0.01944	A
483	0.01858	0.01901	A
484	0.01251	0.01424	G
485	0.01468	0.01511	C
486	0.02164	0.0238	A
487	0.03137	0.03137	C
488	0.01892	0.02022	T
489	0.00689	0.00689	G
490	0.01129	0.01173	C
491	0.0094	0.00983	T
492	0.01028	0.01113	T
493	0.01186	0.02034	A
494	0.01373	0.01373	T
495	0.0145	0.01492	T
496	0.01015	0.01987	A
497	0.03445	0.0361	C
498	0.01554	0.01554	A
499	0.02165	0.02204	A
500	0.00745	0.00784	T
501	0.01063	0.01063	T
502	0.00858	0.00858	T
503	0.00826	0.00826	T
504	0.01913	0.02655	A
505	0.03629	0.03668	C
506	0.01156	0.01387	T
507	0.00346	0.00384	G
508	0.00536	0.00536	G
509	0.00381	0.00381	G
510	0.00731	0.00731	T
511	0.01148	0.01186	C
512	0.01322	0.01397	T
513	0.02572	0.02837	C
514	0.0161	0.01647	T
515	0.01918	0.01955	A
516	0.00846	0.00846	T
517	0.00979	0.00979	T
518	0.0055	0.0055	T
519	0.01151	0.01151	T
520	0.01618	0.01838	A
521	0.01183	0.0122	C
522	0.00856	0.00856	C
523	0.01186	0.01223	C
524	0.00928	0.01188	T
525	0.02477	0.02477	C
526	0.01187	0.01224	C
527	0.01887	0.01925	T
528	0.02264	0.02524	A
529	0.04407	0.04519	C
530	0.01816	0.01853	A
531	0.01621	0.01657	A
532	0.00666	0.0074	G
533	0.01987	0.01987	C
534	0.00808	0.00844	C
535	0.01323	0.01433	T
536	0.0253	0.02567	C
537	0.02113	0.02259	A
538	0.00471	0.00471	G
539	0.02032	0.02104	A
540	0.00722	0.0083	G
541	0.01368	0.01368	T
542	0.0237	0.02406	A
543	0.0307	0.03106	C
544	0.01604	0.01604	T
545	0.01175	0.0121	T
546	0.02218	0.02254	C
547	0.00927	0.00927	G
548	0.01689	0.01689	A
549	0.00936	0.00972	G
550	0.01176	0.01212	T
551	0.00867	0.00904	C
552	0.00759	0.01337	T
553	0.01515	0.01515	C
554	0.01793	0.01793	C
555	0.0161	0.0161	C
556	0.01721	0.01721	T
557	0.02213	0.02213	T
558	0.01495	0.021	C
559	0.02232	0.02374	A
560	0.03324	0.03324	C
561	0.02159	0.02194	C
562	0.01757	0.0239	A
563	0.00671	0.00671	T
564	0.01257	0.01257	T
565	0.00458	0.00458	T
566	0.01621	0.01621	C
567	0.01739	0.01774	C
568	0.00744	0.00851	G
569	0.02879	0.02951	A
570	0.02982	0.03053	C
571	0.00643	0.00643	G
572	0.00971	0.00971	G
573	0.02987	0.03058	C
574	0.03456	0.03491	A
575	0.01406	0.01406	T
576	0.02108	0.02179	C
577	0.00717	0.00752	T
578	0.02793	0.03294	A
579	0.0421	0.0421	C
580	0.00179	0.00179	G
581	0.00646	0.00646	G
582	0.00538	0.0061	C
583	0.0096	0.01031	T
584	0.01791	0.01934	C
585	0.01672	0.01708	A
586	0.01167	0.01167	A
587	0.04109	0.04145	C
588	0.01194	0.01264	A
589	0.00488	0.00488	T
590	0.00943	0.00943	T
591	0.00581	0.00581	T
592	0.01235	0.01235	T
593	0.00408	0.00408	T
594	0.00137	0.00137	T
595	0.00481	0.0055	G
596	0.00827	0.01102	T
597	0.00723	0.00895	A
598	0.00693	0.00727	G
599	0.00312	0.00312	C
600	0.00138	0.00138	C
601	0.0316	0.04132	A
602	0.03859	0.03963	C
603	0.02023	0.02469	A
604	0.00137	0.00137	G
605	0.00856	0.00856	G
606	0.01331	0.01365	C
607	0.01126	0.01126	T
608	0.00443	0.00443	T
609	0.01844	0.01844	C
610	0.02215	0.02215	C
611	0.02142	0.0255	A
612	0.02767	0.02835	C
613	0.00405	0.00405	G
614	0.00237	0.00237	G
615	0.00814	0.01017	A
616	0.02642	0.02642	C
617	0.01252	0.01252	T
618	0.01355	0.01423	T
619	0.02078	0.02214	C
620	0.01966	0.02102	A
621	0.03894	0.03894	C
622	0.0125	0.01351	G
623	0.00982	0.01151	T
624	0.01671	0.01671	C
625	0.02451	0.02451	A
626	0.01192	0.01192	T
627	0.01456	0.01456	T
628	0.0103	0.02334	A
629	0.0086	0.0086	T
630	0.00622	0.00622	T
631	0.00453	0.00453	G
632	0.00244	0.00244	G
633	0.01117	0.01152	C
634	0.01543	0.01858	T
635	0.03481	0.03481	C
636	0.02643	0.02819	A
637	0.02367	0.02403	A
638	0.03642	0.03713	C
639	0.01039	0.01039	T
640	0.01214	0.0125	T
641	0.01051	0.01051	T
642	0.02314	0.02351	C
643	0.0162	0.0162	C
644	0.00997	0.01145	T
645	0.02605	0.02642	C
646	0.02131	0.02542	A
647	0.031	0.03175	C
648	0.01236	0.01275	T
649	0.02456	0.02651	A
650	0.01252	0.01292	T
651	0.0312	0.03199	C
652	0.01419	0.01419	T
653	0.00496	0.00538	G
654	0.0187	0.0187	C
655	0.01459	0.01459	T
656	0.00479	0.00479	T
657	0.01609	0.01654	C
658	0.01575	0.0176	A
659	0.01313	0.01829	T
660	0.04406	0.04406	C
661	0.03509	0.03659	C
662	0.00657	0.00708	G
663	0.01004	0.01004	C
664	0.01464	0.01464	C
665	0.00758	0.00758	A
666	0.02144	0.02144	A
667	0.04636	0.0484	C
668	0.0168	0.01884	T
669	0.0196	0.0196	A
670	0.0164	0.0164	A
671	0.00913	0.00913	T
672	0.03004	0.03106	A
673	0.00795	0.00795	T
674	0.01392	0.01392	T
675	0.02112	0.02112	T
676	0.02178	0.02381	C
677	0.01924	0.01924	A
678	0.03254	0.03305	C
679	0.01614	0.01614	T
680	0.02073	0.02073	T
681	0.00732	0.00732	T
682	0.02038	0.02351	A
683	0.03042	0.03202	C
684	0.02077	0.02077	A
685	0.01399	0.01722	T
686	0.02532	0.02532	C
687	0.01879	0.01935	C
688	0.01249	0.01249	A
689	0.01684	0.01684	A
690	0.02049	0.02049	A
691	0.02231	0.02803	C
692	0.03553	0.03553	A
693	0.00752	0.00868	T
694	0.02741	0.02799	C
695	0.02227	0.02286	A
696	0.04345	0.04466	C
697	0.01195	0.01195	T
698	0.01402	0.01402	T
699	0.00428	0.00428	T
700	0.0	0.0	G
701	0.00248	0.0031	G
702	0.01472	0.01536	C
703	0.01703	0.01703	T
704	0.01454	0.01454	T
705	0.04183	0.0444	C
706	0.00654	0.00654	G
707	0.01428	0.01428	A
708	0.01497	0.01497	A
709	0.00785	0.0085	G
710	0.00794	0.00794	C
711	0.01949	0.01949	C
712	0.01226	0.01294	G
713	0.02923	0.02923	C
714	0.02304	0.02304	C
715	0.00204	0.00204	G
716	0.01092	0.01092	C
717	0.00689	0.00689	C
718	0.00492	0.00492	T
719	0.00699	0.00839	G
720	0.0306	0.03199	A
721	0.01254	0.01254	T
722	0.02254	0.02394	A
723	0.04237	0.04237	C
724	0.01198	0.01762	T
725	0.00213	0.00213	G
726	0.00212	0.00212	G
727	0.01	0.01	C
728	0.03433	0.03505	A
729	0.0078	0.0078	T
730	0.00888	0.00888	T
731	0.00714	0.00714	T
732	0.01221	0.01221	T
733	0.00584	0.00657	G
734	0.00437	0.0051	T
735	0.00654	0.00654	A
736	0.00516	0.00516	G
737	0.00808	0.00808	A
738	0.00295	0.00295	T
739	0.00666	0.00666	G
740	0.01105	0.01399	T
741	0.00596	0.00596	G
742	0.00223	0.00371	G
743	0.01032	0.01032	T
744	0.01079	0.01079	T
745	0.0045	0.0045	T
746	0.00228	0.00304	G
747	0.01066	0.01219	A
748	0.02144	0.02144	C
749	0.00542	0.00542	T
750	0.04538	0.0493	A
751	0.00407	0.00407	T
752	0.01161	0.01161	T
753	0.01179	0.01179	T
754	0.02506	0.02593	C
755	0.01232	0.01232	T
756	0.01379	0.01379	G
757	0.00195	0.00195	T
758	0.029	0.029	A
759	0.02164	0.02164	T
760	0.00733	0.00733	G
761	0.00755	0.00755	T
762	0.0	0.0	C
763	0.00384	0.00896	T
764	0.00781	0.00781	C
765	0.00789	0.00789	C
766	0.00653	0.00653	A
767	0.00951	0.00951	T
768	0.01133	0.01133	C
769	0.0153	0.01669	T
770	0.01124	0.01404	A
771	0.00963	0.00963	T
772	0.01108	0.01108	T
773	0.00148	0.00296	G
774	0.01597	0.01742	A
775	0.01135	0.01277	T
776	0.00441	0.00441	G
777	0.03698	0.03994	A
778	0.00449	0.00449	G
779	0.00587	0.00587	G
780	0.0075	0.0075	G
781	0.0031	0.00464	T
782	0.01294	0.01294	C
783	0.00482	0.00482	T
784	0.0	0.0	T
785	0.0	0.0	A
786	0.0	0.0	A
