Position	Mismatches	Mismatches + Deletions	Base
1	0.0	0.0	C
2	0.0	0.0	T
3	0.0	0.0	G
4	0.01011	0.01011	A
5	0.00519	0.00519	T
6	0.00693	0.00909	G
7	0.00731	0.0086	T
8	0.00636	0.00636	T
9	0.0191	0.02122	C
10	0.00956	0.00956	G
11	0.03086	0.03251	C
12	0.02957	0.03038	C
13	0.00479	0.00719	G
14	0.03136	0.03216	A
15	0.04261	0.04261	C
16	0.01998	0.01998	C
17	0.00877	0.00877	G
18	0.00881	0.00881	T
19	0.0098	0.0098	T
20	0.00482	0.00556	G
21	0.03552	0.03552	A
22	0.02852	0.02888	C
23	0.00349	0.00349	T
24	0.02142	0.02278	A
25	0.00668	0.00668	T
26	0.0053	0.0053	T
27	0.0197	0.02495	C
28	0.00744	0.00744	T
29	0.02032	0.02032	C
30	0.0073	0.0073	T
31	0.02386	0.02386	A
32	0.03505	0.03599	C
33	0.02124	0.02124	A
34	0.02494	0.02494	A
35	0.02844	0.0288	A
36	0.02597	0.02597	C
37	0.02084	0.02114	C
38	0.01089	0.01501	A
39	0.02612	0.02758	C
40	0.03363	0.03363	A
41	0.01964	0.01964	A
42	0.0329	0.0336	A
43	0.00584	0.00613	G
44	0.02324	0.02324	A
45	0.0295	0.03008	C
46	0.02498	0.02498	A
47	0.00771	0.00828	T
48	0.00775	0.00775	T
49	0.004	0.004	G
50	0.00513	0.00541	G
51	0.02298	0.02298	A
52	0.02626	0.02654	A
53	0.03131	0.03216	C
54	0.02769	0.02797	A
55	0.02875	0.02902	C
56	0.00662	0.00689	T
57	0.02101	0.02969	A
58	0.01195	0.01276	T
59	0.02558	0.02776	A
60	0.04079	0.04106	C
61	0.021	0.02153	C
62	0.0059	0.00644	T
63	0.02245	0.02271	A
64	0.00789	0.00789	T
65	0.00843	0.0087	T
66	0.00774	0.02323	A
67	0.00572	0.00572	T
68	0.00525	0.00525	T
69	0.01369	0.01474	C
70	0.00445	0.00445	G
71	0.00339	0.00339	G
72	0.01818	0.01844	C
73	0.00546	0.00572	G
74	0.0238	0.02511	C
75	0.01744	0.0177	A
76	0.00467	0.00467	T
77	0.00182	0.00312	G
78	0.02292	0.02318	A
79	0.0047	0.00497	G
80	0.01427	0.01427	C
81	0.00283	0.00308	T
82	0.0018	0.0018	G
83	0.00232	0.00232	G
84	0.02133	0.03007	A
85	0.00562	0.00562	G
86	0.00564	0.0059	T
87	0.01482	0.01482	C
88	0.00666	0.00666	C
89	0.00512	0.00563	T
90	0.02934	0.03138	A
91	0.00152	0.00152	G
92	0.00331	0.00331	G
93	0.00584	0.00634	C
94	0.02532	0.02785	A
95	0.00965	0.00991	C
96	0.01395	0.01547	A
97	0.00254	0.00254	G
98	0.00459	0.00459	C
99	0.00397	0.00397	T
100	0.00305	0.0033	C
101	0.00458	0.00535	T
102	0.01605	0.0163	A
103	0.0383	0.0383	A
104	0.00302	0.00327	G
105	0.02894	0.02894	C
106	0.00426	0.00451	C
107	0.00225	0.00275	T
108	0.01597	0.01597	C
109	0.02293	0.02317	C
110	0.00869	0.00869	T
111	0.01475	0.01525	T
112	0.00908	0.03803	A
113	0.01142	0.01142	T
114	0.0066	0.00709	T
115	0.06294	0.06637	C
116	0.00415	0.00415	G
117	0.0305	0.03147	A
118	0.00414	0.00414	G
119	0.01095	0.01095	C
120	0.02585	0.02585	C
121	0.00613	0.00637	G
122	0.01733	0.01758	A
123	0.00535	0.00535	G
124	0.00713	0.00713	C
125	0.00269	0.00343	T
126	0.00321	0.00321	G
127	0.00613	0.00613	G
128	0.00418	0.00443	G
129	0.00719	0.00719	C
130	0.00671	0.00671	C
131	0.03084	0.03862	A
132	0.0094	0.0094	G
133	0.03847	0.03847	C
134	0.03006	0.03006	C
135	0.02022	0.0268	A
136	0.00218	0.00218	G
137	0.00557	0.00557	G
138	0.02242	0.0229	C
139	0.03787	0.03787	A
140	0.03276	0.03324	A
141	0.03356	0.03356	C
142	0.02264	0.02264	C
143	0.00854	0.00854	T
144	0.01007	0.01007	T
145	0.0303	0.04008	C
146	0.00927	0.0095	T
147	0.02952	0.03048	A
148	0.00142	0.00142	G
149	0.00428	0.00428	G
150	0.00307	0.00331	T
151	0.01134	0.01134	A
152	0.00995	0.01019	A
153	0.01456	0.0148	C
154	0.00444	0.00444	G
155	0.03653	0.03676	A
156	0.02932	0.02932	C
157	0.0362	0.03643	C
158	0.02447	0.03024	A
159	0.04542	0.04565	C
160	0.02632	0.03177	A
161	0.00819	0.0091	T
162	0.03514	0.03537	C
163	0.01079	0.01124	T
164	0.031	0.03348	A
165	0.04775	0.04865	C
166	0.02926	0.02926	A
167	0.03977	0.03999	A
168	0.01946	0.02012	C
169	0.00556	0.00556	G
170	0.00289	0.00289	T
171	0.00183	0.00183	T
172	0.00707	0.01458	A
173	0.00509	0.00575	T
174	0.01395	0.01461	C
175	0.00886	0.00886	G
176	0.00855	0.00855	T
177	0.03302	0.03324	C
178	0.03705	0.03882	A
179	0.02028	0.02116	C
180	0.01948	0.02191	A
181	0.00532	0.00532	G
182	0.00638	0.00638	C
183	0.00661	0.00661	C
184	0.00894	0.00917	C
185	0.00929	0.0135	A
186	0.00504	0.00504	T
187	0.00333	0.00378	G
188	0.01215	0.01215	C
189	0.02184	0.02272	A
190	0.00626	0.00626	T
191	0.00736	0.00736	T
192	0.00906	0.00906	T
193	0.00477	0.00543	G
194	0.01042	0.01172	T
195	0.02238	0.02368	A
196	0.01865	0.01886	A
197	0.00595	0.00595	T
198	0.01724	0.01768	A
199	0.01873	0.02273	A
200	0.00601	0.00601	T
201	0.04542	0.04689	C
202	0.00837	0.00837	T
203	0.01142	0.01163	T
204	0.02757	0.03998	C
205	0.00984	0.00984	T
206	0.00994	0.01015	T
207	0.03467	0.03659	C
208	0.03068	0.03132	A
209	0.00949	0.01013	T
210	0.03055	0.03161	A
211	0.00611	0.00653	G
212	0.00922	0.00986	T
213	0.03194	0.03216	A
214	0.02098	0.02268	A
215	0.01706	0.01876	T
216	0.03439	0.03657	A
217	0.04516	0.0471	C
218	0.02105	0.02127	C
219	0.01592	0.01592	C
220	0.02072	0.02557	A
221	0.00964	0.01121	T
222	0.02985	0.0303	C
223	0.02319	0.02476	A
224	0.00705	0.00773	T
225	0.02345	0.02345	A
226	0.02252	0.02866	A
227	0.00431	0.00454	T
228	0.0121	0.0121	C
229	0.00323	0.00346	G
230	0.00185	0.00185	G
231	0.01703	0.02186	A
232	0.00481	0.00481	G
233	0.00276	0.00276	G
234	0.00802	0.00825	C
235	0.0023	0.0023	T
236	0.0053	0.0053	T
237	0.00463	0.00463	T
238	0.00186	0.00186	G
239	0.00416	0.00416	G
240	0.04363	0.04409	C
241	0.0199	0.0199	A
242	0.01579	0.01579	A
243	0.01675	0.01721	C
244	0.00389	0.00389	T
245	0.0055	0.00642	G
246	0.02758	0.02781	A
247	0.04059	0.04128	C
248	0.00959	0.00959	T
249	0.03196	0.03333	A
250	0.00592	0.00637	G
251	0.00501	0.00501	T
252	0.00524	0.00547	T
253	0.01238	0.01238	C
254	0.01349	0.01349	C
255	0.01486	0.01486	C
256	0.00961	0.00961	C
257	0.00413	0.00482	T
258	0.03427	0.03518	A
259	0.02982	0.02982	A
260	0.01045	0.01068	T
261	0.03895	0.03895	A
262	0.02048	0.02422	A
263	0.00416	0.00438	T
264	0.02038	0.02235	C
265	0.00333	0.00355	G
266	0.00335	0.00335	G
267	0.00876	0.00899	T
268	0.00453	0.00498	G
269	0.00999	0.00999	C
270	0.0045	0.0045	C
271	0.0137	0.0137	C
272	0.00471	0.00471	C
273	0.00336	0.00336	C
274	0.00536	0.00581	G
275	0.01066	0.01088	A
276	0.00312	0.00312	T
277	0.0205	0.0205	A
278	0.00508	0.0053	T
279	0.00154	0.00176	G
280	0.00309	0.00309	G
281	0.02877	0.02877	C
282	0.00703	0.00703	G
283	0.00248	0.00248	T
284	0.00897	0.0092	T
285	0.00672	0.00672	T
286	0.02912	0.02936	C
287	0.02399	0.02399	C
288	0.02214	0.02214	C
289	0.02248	0.02248	C
290	0.00383	0.00431	G
291	0.02595	0.02667	C
292	0.01896	0.02015	A
293	0.00933	0.0105	T
294	0.02723	0.02723	A
295	0.02297	0.02297	A
296	0.02605	0.0268	A
297	0.04179	0.04516	C
298	0.02506	0.02506	A
299	0.02676	0.02676	A
300	0.0394	0.04115	C
301	0.03135	0.03267	A
302	0.00954	0.01344	T
303	0.03134	0.03134	A
304	0.02644	0.02777	A
305	0.00566	0.00675	G
306	0.02865	0.02865	C
307	0.0083	0.0083	T
308	0.00663	0.00707	T
309	0.01795	0.02194	C
310	0.00652	0.00675	T
311	0.00222	0.00356	G
312	0.02297	0.02364	A
313	0.01689	0.01689	C
314	0.00617	0.00639	T
315	0.02719	0.02806	C
316	0.0087	0.0087	T
317	0.00629	0.0065	T
318	0.0251	0.05391	A
319	0.02706	0.02706	C
320	0.00805	0.00805	C
321	0.00426	0.00695	T
322	0.02697	0.0272	C
323	0.01258	0.01258	C
324	0.01424	0.01447	C
325	0.00702	0.00838	T
326	0.03554	0.03599	C
327	0.00678	0.00746	T
328	0.02207	0.0232	C
329	0.00271	0.00294	T
330	0.0162	0.0162	C
331	0.01015	0.01128	C
332	0.00632	0.00699	T
333	0.03324	0.03952	A
334	0.02174	0.02174	C
335	0.00315	0.0036	T
336	0.01709	0.01709	C
337	0.01005	0.0105	C
338	0.00673	0.0074	T
339	0.0027	0.00292	G
340	0.01284	0.01329	C
341	0.00449	0.00651	T
342	0.03495	0.03495	C
343	0.00919	0.01053	G
344	0.02195	0.02464	C
345	0.0285	0.02895	A
346	0.00626	0.00693	T
347	0.0272	0.0272	C
348	0.00782	0.00805	T
349	0.00381	0.00425	G
350	0.01584	0.01628	C
351	0.00732	0.00732	T
352	0.02122	0.02122	A
353	0.00777	0.00777	T
354	0.02853	0.02963	A
355	0.0045	0.00514	G
356	0.00595	0.00637	T
357	0.00318	0.00318	G
358	0.00253	0.00253	G
359	0.0097	0.01223	A
360	0.00444	0.00444	G
361	0.00337	0.00337	G
362	0.03585	0.03585	C
363	0.04288	0.04288	C
364	0.00486	0.00508	G
365	0.00231	0.00231	G
366	0.0056	0.00643	A
367	0.00435	0.00435	G
368	0.08269	0.08332	C
369	0.01006	0.01067	A
370	0.00244	0.00244	G
371	0.00443	0.00463	G
372	0.01028	0.01028	A
373	0.02403	0.02403	A
374	0.04581	0.047	C
375	0.02529	0.02529	A
376	0.00315	0.00315	G
377	0.00468	0.00468	G
378	0.00233	0.00233	T
379	0.0039	0.0039	T
380	0.00442	0.00461	G
381	0.03151	0.0317	A
382	0.02871	0.02871	A
383	0.06856	0.06894	C
384	0.03667	0.03742	A
385	0.00332	0.0035	G
386	0.0022	0.00238	T
387	0.00514	0.00514	C
388	0.00258	0.00369	T
389	0.01664	0.01868	A
390	0.01669	0.01725	C
391	0.03056	0.03074	C
392	0.01656	0.01712	C
393	0.00261	0.00373	T
394	0.00647	0.00647	C
395	0.00925	0.00925	C
396	0.01454	0.01454	C
397	0.00429	0.00429	T
398	0.00772	0.00772	T
399	0.03327	0.04558	A
400	0.00586	0.00659	G
401	0.04161	0.04197	C
402	0.02471	0.02507	A
403	0.00126	0.00126	G
404	0.00324	0.00324	G
405	0.00411	0.00411	G
406	0.01292	0.01292	A
407	0.03071	0.03071	A
408	0.04814	0.04902	C
409	0.00714	0.00731	T
410	0.05749	0.06026	A
411	0.01778	0.01795	C
412	0.00479	0.00479	T
413	0.01097	0.01097	C
414	0.01017	0.01017	C
415	0.02815	0.02832	C
416	0.01812	0.03176	A
417	0.03439	0.03439	C
418	0.02655	0.02655	C
419	0.02254	0.02374	C
420	0.0048	0.00532	T
421	0.0019	0.0019	G
422	0.00223	0.00257	G
423	0.01133	0.0163	A
424	0.00378	0.00378	G
425	0.04894	0.04894	C
426	0.0077	0.0077	C
427	0.00324	0.00409	T
428	0.02697	0.02714	C
429	0.03547	0.03547	C
430	0.00458	0.00458	G
431	0.0017	0.00187	T
432	0.01878	0.01895	A
433	0.00387	0.00404	G
434	0.01045	0.01096	A
435	0.01419	0.01419	C
436	0.00351	0.00351	C
437	0.00767	0.00833	T
438	0.02205	0.02222	A
439	0.02206	0.02206	A
440	0.02295	0.02295	C
441	0.01479	0.01479	C
442	0.02579	0.03356	A
443	0.00734	0.00803	T
444	0.02606	0.02623	C
445	0.00738	0.00772	T
446	0.01244	0.01244	T
447	0.01736	0.02495	C
448	0.00554	0.00571	T
449	0.02477	0.02477	C
450	0.01737	0.0177	C
451	0.00748	0.00748	T
452	0.01496	0.01496	T
453	0.01259	0.03382	A
454	0.01929	0.01946	C
455	0.0135	0.01384	A
456	0.0123	0.0123	C
457	0.01144	0.01144	C
458	0.0041	0.0041	T
459	0.03916	0.03968	A
460	0.00535	0.00552	G
461	0.0356	0.03578	C
462	0.03636	0.03722	A
463	0.00276	0.00276	G
464	0.0024	0.0024	G
465	0.00213	0.00213	T
466	0.00326	0.00326	G
467	0.00279	0.00335	T
468	0.02976	0.02976	C
469	0.0054	0.00558	T
470	0.01677	0.01677	C
471	0.01322	0.0134	C
472	0.0054	0.00594	T
473	0.0299	0.03152	C
474	0.00649	0.00703	T
475	0.02504	0.02647	A
476	0.00821	0.00839	T
477	0.04196	0.04196	C
478	0.00863	0.00863	T
479	0.00808	0.00808	T
480	0.01285	0.01707	A
481	0.00334	0.00334	G
482	0.00193	0.00193	G
483	0.00244	0.00244	G
484	0.00559	0.00559	G
485	0.03428	0.03428	C
486	0.01554	0.01554	C
487	0.01595	0.01934	A
488	0.00686	0.00686	T
489	0.03735	0.03751	C
490	0.01769	0.01786	A
491	0.03191	0.03207	A
492	0.00606	0.00606	T
493	0.00958	0.00988	T
494	0.00915	0.00915	T
495	0.03362	0.03688	C
496	0.0316	0.03298	A
497	0.01189	0.01295	T
498	0.0376	0.03867	C
499	0.02577	0.02683	A
500	0.04441	0.0494	C
501	0.02211	0.02225	A
502	0.02112	0.02141	A
503	0.0492	0.05135	C
504	0.01534	0.01534	A
505	0.02082	0.0211	A
506	0.01129	0.01171	T
507	0.01034	0.01034	T
508	0.01425	0.03129	A
509	0.01262	0.01318	T
510	0.04128	0.04226	C
511	0.03306	0.03634	A
512	0.02652	0.02774	A
513	0.00926	0.01019	T
514	0.02708	0.02853	A
515	0.01203	0.01295	T
516	0.02223	0.02223	A
517	0.01372	0.01372	A
518	0.0294	0.0294	A
519	0.03093	0.03093	A
520	0.01953	0.02058	C
521	0.01454	0.01454	C
522	0.01626	0.01626	C
523	0.01564	0.01564	C
524	0.01459	0.01459	C
525	0.00836	0.01008	T
526	0.00321	0.00348	G
527	0.02077	0.02077	C
528	0.01812	0.01825	C
529	0.0143	0.03113	A
530	0.00797	0.01089	T
531	0.02903	0.02917	A
532	0.01819	0.02224	A
533	0.03538	0.03616	C
534	0.02559	0.02559	C
535	0.02556	0.02556	C
536	0.01916	0.01916	A
537	0.02477	0.02528	A
538	0.0156	0.01774	T
539	0.0363	0.03681	A
540	0.03967	0.04017	C
541	0.02539	0.02552	C
542	0.01234	0.01234	A
543	0.02225	0.02237	A
544	0.02797	0.02951	A
545	0.05125	0.05495	C
546	0.0068	0.00745	G
547	0.01687	0.01687	C
548	0.00796	0.00796	C
549	0.01301	0.01301	C
550	0.01724	0.01724	C
551	0.00427	0.00491	T
552	0.03356	0.03394	C
553	0.0065	0.0065	T
554	0.00608	0.00659	T
555	0.03682	0.03911	C
556	0.00406	0.00406	G
557	0.00571	0.00571	T
558	0.018	0.01813	C
559	0.00444	0.00444	T
560	0.00417	0.00555	G
561	0.02706	0.02756	A
562	0.00791	0.00803	T
563	0.03566	0.03579	C
564	0.02917	0.02917	C
565	0.00511	0.00753	G
566	0.00788	0.00838	T
567	0.02271	0.02271	C
568	0.01763	0.01763	C
569	0.00821	0.00885	T
570	0.0258	0.02667	A
571	0.02569	0.02593	A
572	0.00806	0.00905	T
573	0.03289	0.03339	C
574	0.03071	0.03293	A
575	0.02014	0.02051	C
576	0.01934	0.02033	A
577	0.00467	0.00479	G
578	0.01006	0.01055	C
579	0.01364	0.01536	A
580	0.00454	0.00466	G
581	0.00577	0.00663	T
582	0.02167	0.02167	C
583	0.01826	0.01839	C
584	0.00585	0.0061	T
585	0.02164	0.02274	A
586	0.03528	0.03553	C
587	0.00597	0.00597	T
588	0.00672	0.00672	T
589	0.01862	0.02645	C
590	0.0062	0.00669	T
591	0.03041	0.03041	C
592	0.02008	0.02178	C
593	0.0085	0.00923	T
594	0.02868	0.03218	A
595	0.00925	0.0095	T
596	0.03571	0.03595	C
597	0.01051	0.01163	T
598	0.02933	0.03043	C
599	0.00981	0.01079	T
600	0.03907	0.03944	C
601	0.0233	0.0233	C
602	0.01598	0.01598	C
603	0.01666	0.02271	A
604	0.00395	0.00408	G
605	0.00531	0.00568	T
606	0.01805	0.01805	C
607	0.02082	0.02082	C
608	0.00682	0.00707	T
609	0.03031	0.03117	A
610	0.00236	0.00249	G
611	0.01389	0.01402	C
612	0.00359	0.00359	T
613	0.00385	0.00423	G
614	0.00732	0.00757	C
615	0.00359	0.00396	T
616	0.00422	0.00422	G
617	0.0031	0.0031	G
618	0.04411	0.04473	C
619	0.02676	0.02688	A
620	0.00959	0.01056	T
621	0.02977	0.03026	C
622	0.02371	0.02371	A
623	0.04129	0.04235	C
624	0.0083	0.0083	T
625	0.0328	0.03409	A
626	0.01102	0.01114	T
627	0.02821	0.02891	A
628	0.03959	0.04029	C
629	0.00638	0.00731	T
630	0.02849	0.02906	A
631	0.03605	0.0393	C
632	0.00755	0.00778	T
633	0.02948	0.02948	A
634	0.03244	0.03362	A
635	0.03173	0.03231	C
636	0.02797	0.03008	A
637	0.00526	0.0055	G
638	0.01513	0.01536	A
639	0.01903	0.01903	C
640	0.02053	0.0222	C
641	0.0087	0.01535	G
642	0.03112	0.04057	C
643	0.02046	0.02192	A
644	0.0265	0.02674	A
645	0.03413	0.03413	C
646	0.01875	0.01899	C
647	0.00624	0.00832	T
648	0.03107	0.03168	C
649	0.02707	0.02879	A
650	0.02087	0.02112	A
651	0.03288	0.03596	C
652	0.02111	0.02149	A
653	0.03828	0.03828	C
654	0.02887	0.02925	C
655	0.02712	0.03535	A
656	0.01116	0.01116	C
657	0.00674	0.00686	C
658	0.0023	0.0023	T
659	0.00326	0.00326	T
660	0.00322	0.00528	C
661	0.00206	0.00206	T
662	0.00197	0.00197	T
663	0.0092	0.00947	C
664	0.00402	0.00456	G
665	0.03754	0.03821	A
666	0.01059	0.01073	C
667	0.01333	0.01333	C
668	0.01532	0.01532	C
669	0.01791	0.01791	C
670	0.0051	0.00551	G
671	0.01877	0.01877	C
672	0.00495	0.00495	C
673	0.00278	0.00278	G
674	0.00208	0.00222	G
675	0.00779	0.0089	A
676	0.00514	0.00514	G
677	0.00319	0.00319	G
678	0.01045	0.01226	A
679	0.00334	0.00334	G
680	0.00222	0.00222	G
681	0.02797	0.04676	A
682	0.00802	0.0083	G
683	0.02726	0.02782	A
684	0.02152	0.02166	C
685	0.01575	0.01575	C
686	0.0195	0.0195	C
687	0.01675	0.01675	C
688	0.02109	0.02528	A
689	0.01064	0.01064	T
690	0.00831	0.00831	T
691	0.02579	0.03022	C
692	0.00764	0.00842	T
693	0.02059	0.02823	A
694	0.01128	0.01222	T
695	0.02728	0.02776	A
696	0.03528	0.0356	C
697	0.02294	0.02294	C
698	0.02942	0.02975	A
699	0.02202	0.02202	A
700	0.03756	0.04167	C
701	0.02448	0.02547	A
702	0.03472	0.03472	C
703	0.01558	0.01574	C
704	0.00603	0.00603	T
705	0.04056	0.04291	A
706	0.00304	0.00304	T
707	0.00424	0.00441	T
708	0.01962	0.02405	C
709	0.01263	0.01298	T
710	0.00811	0.00828	G
711	0.0329	0.03411	A
712	0.00207	0.00207	T
713	0.00175	0.00175	T
714	0.00191	0.00191	T
715	0.00244	0.00244	T
716	0.00335	0.00335	T
717	0.01123	0.01248	C
718	0.00626	0.00626	G
719	0.00629	0.00629	G
720	0.00841	0.01776	T
721	0.0229	0.02347	C
722	0.02865	0.02997	A
723	0.05202	0.05202	C
724	0.01355	0.01355	C
725	0.01169	0.01169	C
726	0.00588	0.00645	T
727	0.00362	0.004	G
728	0.01335	0.01354	A
729	0.0187	0.01889	A
730	0.00114	0.00133	G
731	0.00462	0.00462	T
732	0.00439	0.00458	T
733	0.01022	0.01022	T
734	0.01451	0.01896	A
735	0.00751	0.00828	T
736	0.03047	0.03587	A
737	0.00896	0.00896	T
738	0.00776	0.00776	T
739	0.02453	0.02974	C
740	0.01449	0.01449	T
741	0.00938	0.00958	T
742	0.00857	0.03284	A
743	0.00686	0.00727	T
744	0.03003	0.03151	C
745	0.01505	0.01505	C
746	0.00677	0.00742	T
747	0.03092	0.03137	A
748	0.03681	0.03705	C
749	0.02497	0.02497	C
750	0.0146	0.02128	A
751	0.00124	0.00124	G
752	0.00301	0.00301	G
753	0.02891	0.02916	C
754	0.00403	0.00403	T
755	0.00407	0.00407	T
756	0.01377	0.01428	C
757	0.00256	0.00256	G
758	0.00334	0.00334	G
759	0.01704	0.01704	A
760	0.01698	0.01698	A
761	0.00823	0.00849	T
762	0.01879	0.01879	A
763	0.01996	0.02177	A
764	0.00913	0.01047	T
765	0.02431	0.02485	C
766	0.01392	0.01446	T
767	0.03364	0.03364	C
768	0.02259	0.02259	C
769	0.02714	0.0274	C
770	0.02278	0.02627	A
771	0.00758	0.00758	T
772	0.02413	0.02467	A
773	0.01182	0.01182	T
774	0.00764	0.00819	T
775	0.00445	0.00556	G
776	0.00777	0.00888	T
777	0.02845	0.02845	A
778	0.01762	0.01844	A
779	0.03827	0.04021	C
780	0.00832	0.00832	T
781	0.00759	0.00759	T
782	0.0135	0.03188	A
783	0.02787	0.02816	C
784	0.00427	0.00549	T
785	0.02915	0.03406	A
786	0.02785	0.02816	C
787	0.00809	0.00902	T
788	0.01193	0.01193	C
789	0.01039	0.01039	C
790	0.00445	0.00476	G
791	0.00853	0.00853	G
792	0.00061	0.00061	A
793	0.0003	0.0003	A
794	0.0009	0.0009	A
795	0.00626	0.00626	A
796	0.01104	0.01104	A
797	0.01996	0.01996	A
798	0.01126	0.01126	A
799	0.00448	0.00597	G
800	0.01022	0.01022	A
801	0.0244	0.0244	A
802	0.03055	0.03055	C
803	0.01497	0.01497	C
804	0.01907	0.02119	A
805	0.00888	0.00888	T
806	0.00549	0.00549	T
807	0.00612	0.00612	T
808	0.00309	0.00309	G
809	0.004	0.004	G
810	0.00859	0.02333	A
811	0.00462	0.00462	T
812	0.01223	0.01223	A
813	0.02534	0.02534	C
814	0.01637	0.01668	A
815	0.00533	0.00533	T
816	0.01068	0.01068	A
817	0.00158	0.00158	G
818	0.00315	0.00315	G
819	0.00316	0.00316	T
820	0.02814	0.02814	A
821	0.00632	0.00663	T
822	0.00256	0.00256	G
823	0.00317	0.00317	G
824	0.00191	0.00191	T
825	0.01467	0.01467	C
826	0.00548	0.00612	T
827	0.00519	0.00681	G
828	0.02938	0.02971	A
829	0.00519	0.00551	G
830	0.00943	0.01041	C
831	0.00551	0.00615	T
832	0.01337	0.01337	A
833	0.00454	0.00454	T
834	0.00326	0.00326	G
835	0.03282	0.03282	A
836	0.00493	0.00493	T
837	0.01427	0.01427	A
838	0.00583	0.00583	T
839	0.02049	0.02082	C
840	0.01859	0.01859	A
841	0.022	0.022	A
842	0.0056	0.0056	T
843	0.00401	0.00401	T
844	0.00369	0.00369	G
845	0.00271	0.00271	G
846	0.0272	0.02754	C
847	0.00609	0.00609	T
848	0.00306	0.00306	T
849	0.0189	0.0189	C
850	0.0127	0.0127	C
851	0.00446	0.00446	T
852	0.03136	0.03274	A
853	0.00207	0.00207	G
854	0.00207	0.00207	G
855	0.00378	0.00378	G
856	0.00349	0.00349	T
857	0.00414	0.00414	T
858	0.00807	0.00807	T
859	0.02022	0.02197	A
860	0.00488	0.00523	T
861	0.04296	0.04296	C
862	0.00285	0.00285	G
863	0.0025	0.0025	T
864	0.00613	0.00613	G
865	0.02231	0.02411	T
866	0.00325	0.00325	G
867	0.02617	0.0269	A
868	0.0073	0.0073	G
869	0.02832	0.02869	C
870	0.02047	0.02558	A
871	0.02146	0.02146	C
872	0.0209	0.022	A
873	0.02356	0.02356	C
874	0.02787	0.02823	C
875	0.01417	0.01925	A
876	0.00805	0.00805	T
877	0.02023	0.02059	A
878	0.01461	0.01461	T
879	0.01515	0.01515	A
880	0.00899	0.00899	T
881	0.01116	0.01116	T
882	0.00613	0.00613	T
883	0.02277	0.03036	A
884	0.03632	0.03632	C
885	0.03235	0.03235	A
886	0.00648	0.00648	G
887	0.00581	0.00581	T
888	0.02384	0.02421	A
889	0.00217	0.00217	G
890	0.00218	0.00218	G
891	0.01987	0.02024	A
892	0.01853	0.01853	A
893	0.00761	0.00834	T
894	0.02672	0.02709	A
895	0.00397	0.00397	G
896	0.02236	0.02236	A
897	0.03661	0.03661	C
898	0.00361	0.00361	G
899	0.00579	0.00651	T
900	0.02475	0.02618	A
901	0.00393	0.00501	G
902	0.03206	0.03314	A
903	0.02804	0.02912	C
904	0.02202	0.0231	A
905	0.02437	0.02509	C
906	0.01825	0.01933	A
907	0.03084	0.03119	C
908	0.00424	0.00494	G
909	0.013	0.013	A
910	0.00669	0.0081	G
911	0.03096	0.03132	C
912	0.02506	0.02541	A
913	0.00833	0.00867	T
914	0.02494	0.02598	A
915	0.00792	0.00792	T
916	0.01111	0.01111	T
917	0.00922	0.00922	T
918	0.03145	0.03431	C
919	0.03221	0.03331	A
920	0.03695	0.03695	C
921	0.01759	0.01797	C
922	0.00347	0.00579	T
923	0.02104	0.02104	C
924	0.02768	0.02807	C
925	0.00757	0.00796	G
926	0.02231	0.0251	C
927	0.00792	0.00831	T
928	0.02581	0.02621	A
929	0.03299	0.03299	C
930	0.02753	0.02753	C
931	0.02301	0.03354	A
932	0.01001	0.01078	T
933	0.02684	0.02684	A
934	0.02199	0.02691	A
935	0.00957	0.01034	T
936	0.02985	0.03062	C
937	0.02744	0.02782	A
938	0.00722	0.0076	T
939	0.02852	0.02928	C
940	0.00386	0.00386	G
941	0.01462	0.01462	C
942	0.00626	0.00626	T
943	0.02751	0.03138	A
944	0.01316	0.01516	T
945	0.01172	0.01213	C
946	0.00907	0.00907	C
947	0.01915	0.01915	C
948	0.01975	0.01975	C
949	0.01843	0.02326	A
950	0.03259	0.03259	C
951	0.02102	0.02102	C
952	0.00265	0.00265	G
953	0.00353	0.00353	G
954	0.00882	0.0097	C
955	0.00835	0.00835	G
956	0.00396	0.00396	T
957	0.02427	0.0256	C
958	0.02844	0.02844	A
959	0.03867	0.03867	A
960	0.0209	0.0209	A
961	0.0056	0.00646	G
962	0.0026	0.00304	T
963	0.02275	0.02318	A
964	0.01389	0.01389	T
965	0.00931	0.00931	T
966	0.0114	0.0114	T
967	0.0357	0.042	A
968	0.00587	0.00629	G
969	0.01264	0.01264	C
970	0.00636	0.00636	T
971	0.0017	0.00297	G
972	0.0423	0.04399	A
973	0.03001	0.03001	C
974	0.01037	0.0108	T
975	0.02033	0.02076	C
976	0.00643	0.00643	G
977	0.0081	0.0081	C
978	0.00431	0.00431	C
979	0.01813	0.0423	A
980	0.03353	0.03482	C
981	0.03137	0.03438	A
982	0.03202	0.03288	C
983	0.02088	0.02088	T
984	0.02813	0.02813	C
985	0.01748	0.01748	C
986	0.01753	0.0218	A
987	0.04752	0.04794	C
988	0.00421	0.00421	G
989	0.00209	0.00209	G
990	0.01345	0.01345	A
991	0.01462	0.01462	A
992	0.01172	0.01213	G
993	0.01836	0.0192	C
994	0.0255	0.0255	A
995	0.0216	0.0216	A
996	0.01034	0.01034	T
997	0.02195	0.02195	A
998	0.00933	0.00974	T
999	0.00325	0.00406	G
1000	0.01304	0.01304	A
1001	0.03231	0.03231	A
1002	0.02511	0.02551	A
1003	0.0056	0.006	T
1004	0.00402	0.00483	G
1005	0.02391	0.02431	A
1006	0.00519	0.00519	T
1007	0.02882	0.02882	C
1008	0.00484	0.00524	T
1009	0.00162	0.00283	G
1010	0.00809	0.0089	C
1011	0.00605	0.00605	T
1012	0.00771	0.00852	G
1013	0.02192	0.02274	C
1014	0.01784	0.01905	A
1015	0.00406	0.00446	G
1016	0.00445	0.00485	T
1017	0.00611	0.00651	G
1018	0.01387	0.01387	C
1019	0.0077	0.0077	T
1020	0.02229	0.02229	C
1021	0.0102	0.0102	T
1022	0.00368	0.00572	G
1023	0.02725	0.02887	A
1024	0.00447	0.00447	G
1025	0.01141	0.01182	C
1026	0.01865	0.01865	C
1027	0.01057	0.01057	C
1028	0.00688	0.00688	T
1029	0.01503	0.01543	A
1030	0.0036	0.0036	G
1031	0.00119	0.00119	G
1032	0.01888	0.02129	A
1033	0.00791	0.00791	T
1034	0.01034	0.01074	T
1035	0.02565	0.02881	C
1036	0.02253	0.02292	A
1037	0.00777	0.00816	T
1038	0.03065	0.03065	C
1039	0.00692	0.00692	T
1040	0.01194	0.01194	T
1041	0.01328	0.01367	T
1042	0.03337	0.04113	C
1043	0.00274	0.00274	T
1044	0.00472	0.00472	T
1045	0.00871	0.00871	T
1046	0.0142	0.0146	T
1047	0.02747	0.03895	C
1048	0.03807	0.03848	A
1049	0.03156	0.03156	C
1050	0.02218	0.02218	C
1051	0.00819	0.00983	G
1052	0.00743	0.00826	T
1053	0.01916	0.01916	A
1054	0.00249	0.00249	G
1055	0.00248	0.00248	G
1056	0.00457	0.00457	T
1057	0.00416	0.00416	G
1058	0.0025	0.0025	G
1059	0.00961	0.00961	C
1060	0.00755	0.00755	C
1061	0.00504	0.00504	T
1062	0.00295	0.00295	G
1063	0.03406	0.03406	A
1064	0.04708	0.04708	C
1065	0.00798	0.00966	T
1066	0.00546	0.00546	G
1067	0.0042	0.0042	G
1068	0.00546	0.00546	C
1069	0.01744	0.01786	A
1070	0.00701	0.00701	T
1071	0.00371	0.00371	T
1072	0.0087	0.00953	G
1073	0.00746	0.00829	T
1074	0.02011	0.02094	A
1075	0.00773	0.00773	T
1076	0.01222	0.01222	T
1077	0.0177	0.02223	A
1078	0.00772	0.00853	G
1079	0.01328	0.01449	C
1080	0.01723	0.01723	A
1081	0.02658	0.02658	A
1082	0.02706	0.02706	A
1083	0.03527	0.03605	C
1084	0.00943	0.0106	T
1085	0.01644	0.01722	C
1086	0.02139	0.02645	A
1087	0.0116	0.01314	T
1088	0.03107	0.03262	C
1089	0.03495	0.03495	A
1090	0.03868	0.03907	C
1091	0.0096	0.00998	T
1092	0.02959	0.03075	A
1093	0.00381	0.00381	G
1094	0.01859	0.01859	A
1095	0.00723	0.00799	C
1096	0.01614	0.01614	A
1097	0.00344	0.00382	T
1098	0.01297	0.01297	C
1099	0.00731	0.00731	G
1100	0.00193	0.00193	T
1101	0.02036	0.02075	A
1102	0.01829	0.01867	C
1103	0.00534	0.00572	T
1104	0.01213	0.01364	A
1105	0.01056	0.01094	C
1106	0.0314	0.0329	A
1107	0.03829	0.03866	C
1108	0.00664	0.00701	G
1109	0.04003	0.0404	A
1110	0.05273	0.05309	C
1111	0.02391	0.02464	A
1112	0.04687	0.04687	C
1113	0.00578	0.00578	G
1114	0.00432	0.00432	T
1115	0.0158	0.0158	A
1116	0.02465	0.02465	C
1117	0.00289	0.00289	T
1118	0.01035	0.01035	A
1119	0.01033	0.01033	C
1120	0.00285	0.0032	G
1121	0.0039	0.0039	T
1122	0.00467	0.00467	T
1123	0.00426	0.00461	G
1124	0.00214	0.00249	T
1125	0.02432	0.02468	A
1126	0.00619	0.00619	G
1127	0.0238	0.0238	C
1128	0.95743	0.95743	C
1129	0.0252	0.0252	C
1130	0.02322	0.02599	A
1131	0.02722	0.02824	C
1132	0.00777	0.00811	T
1133	0.00811	0.00811	T
1134	0.03115	0.03115	C
1135	0.0195	0.01984	C
1136	0.02167	0.04064	A
1137	0.0308	0.03147	C
1138	0.0084	0.00874	T
1139	0.02293	0.02361	A
1140	0.00645	0.00645	T
1141	0.00409	0.00443	G
1142	0.00441	0.00441	T
1143	0.01325	0.01325	C
1144	0.0116	0.0116	C
1145	0.00922	0.00991	T
1146	0.02523	0.02556	A
1147	0.00907	0.01075	T
1148	0.04018	0.04018	C
1149	0.04121	0.04121	A
1150	0.02704	0.02737	A
1151	0.00532	0.00565	T
1152	0.009	0.009	A
1153	0.00033	0.00033	G
1154	0.00132	0.00132	G
1155	0.01751	0.02379	A
1156	0.00429	0.00429	G
1157	0.02797	0.0283	C
1158	0.00263	0.00263	T
1159	0.00461	0.00461	G
1160	0.00265	0.00265	T
1161	0.01203	0.01203	A
1162	0.01027	0.01027	T
1163	0.01229	0.01229	T
1164	0.00777	0.00777	T
1165	0.00357	0.00422	G
1166	0.01043	0.01043	C
1167	0.00324	0.00324	C
1168	0.03292	0.04067	A
1169	0.0094	0.01005	T
1170	0.03875	0.03875	C
1171	0.01162	0.01194	A
1172	0.00386	0.00386	T
1173	0.00934	0.0103	A
1174	0.00257	0.00257	G
1175	0.00193	0.00193	G
1176	0.02375	0.03081	A
1177	0.00128	0.00128	G
1178	0.00705	0.00705	G
1179	0.06609	0.06995	C
1180	0.0051	0.0051	T
1181	0.00259	0.00291	T
1182	0.00799	0.00831	C
1183	0.01562	0.01593	A
1184	0.00697	0.00697	T
1185	0.00952	0.00952	T
1186	0.05055	0.05403	C
1187	0.03868	0.03932	A
1188	0.05508	0.0554	C
1189	0.00407	0.00407	T
1190	0.00407	0.00439	G
1191	0.01504	0.01504	A
1192	0.00313	0.00313	T
1193	0.00912	0.00912	T
1194	0.00377	0.00377	T
1195	0.00472	0.00472	C
1196	0.00819	0.00819	C
1197	0.00411	0.00411	C
1198	0.00285	0.00285	C
1199	0.00159	0.00159	T
1200	0.00756	0.00787	A
1201	0.00252	0.00284	T
1202	0.00791	0.00824	T
1203	0.03904	0.04538	C
1204	0.01382	0.01768	T
1205	0.03916	0.04078	C
1206	0.03456	0.03585	A
1207	0.00452	0.00452	G
1208	0.00227	0.00227	G
1209	0.00679	0.00711	C
1210	0.0029	0.0029	T
1211	0.01569	0.01831	A
1212	0.01414	0.01446	C
1213	0.01877	0.01973	A
1214	0.01828	0.01828	C
1215	0.0106	0.0106	C
1216	0.00768	0.00768	C
1217	0.00306	0.00367	T
1218	0.02338	0.02799	A
1219	0.00276	0.00276	G
1220	0.0216	0.02222	A
1221	0.02481	0.02481	C
1222	0.00795	0.00825	C
1223	0.01652	0.01714	A
1224	0.02252	0.02404	A
1225	0.02908	0.02908	A
1226	0.04097	0.04127	C
1227	0.01761	0.01761	C
1228	0.00519	0.0055	T
1229	0.00799	0.01106	A
1230	0.0117	0.0117	C
1231	0.00526	0.00588	G
1232	0.01849	0.01849	C
1233	0.01414	0.01444	C
1234	0.01585	0.01585	A
1235	0.01885	0.01885	A
1236	0.02482	0.02482	A
1237	0.02481	0.02542	A
1238	0.00662	0.00933	T
1239	0.03821	0.03821	C
1240	0.02769	0.028	C
1241	0.02857	0.03669	A
1242	0.00903	0.00903	T
1243	0.01341	0.01341	T
1244	0.01953	0.01953	T
1245	0.03489	0.03699	C
1246	0.02672	0.02762	A
1247	0.04382	0.04502	C
1248	0.01365	0.01454	T
1249	0.03558	0.03617	A
1250	0.01032	0.01238	T
1251	0.03888	0.03976	C
1252	0.02959	0.03076	A
1253	0.00824	0.00853	T
1254	0.03152	0.03386	A
1255	0.0079	0.0079	T
1256	0.0097	0.00999	T
1257	0.03134	0.03371	C
1258	0.0251	0.02539	A
1259	0.00827	0.00827	T
1260	0.02884	0.03031	C
1261	0.00381	0.00381	G
1262	0.00292	0.00292	G
1263	0.01932	0.01932	C
1264	0.00644	0.00644	G
1265	0.00145	0.00233	T
1266	0.00597	0.00597	A
1267	0.0291	0.02939	A
1268	0.02755	0.02784	A
1269	0.00969	0.00969	T
1270	0.03246	0.03274	C
1271	0.00699	0.00783	T
1272	0.03596	0.03596	A
1273	0.03045	0.03072	A
1274	0.03757	0.03812	C
1275	0.00381	0.00381	T
1276	0.0073	0.0073	T
1277	0.00834	0.00834	T
1278	0.02703	0.03085	C
1279	0.00981	0.00981	T
1280	0.01442	0.01502	T
1281	0.02665	0.02665	C
1282	0.02039	0.02039	C
1283	0.01848	0.01848	C
1284	0.01376	0.02201	A
1285	0.02737	0.02828	C
1286	0.01828	0.01858	A
1287	0.02113	0.02173	A
1288	0.02655	0.02776	C
1289	0.02452	0.02512	A
1290	0.03238	0.03328	C
1291	0.00395	0.00395	T
1292	0.00609	0.00609	T
1293	0.01039	0.01039	T
1294	0.02504	0.02628	C
1295	0.00573	0.00636	T
1296	0.0305	0.03115	C
1297	0.00297	0.00297	G
1298	0.00395	0.00395	G
1299	0.02776	0.02776	C
1300	0.00927	0.00994	C
1301	0.00483	0.00587	T
1302	0.04188	0.04323	A
1303	0.01076	0.01211	T
1304	0.01454	0.01454	C
1305	0.01151	0.01151	C
1306	0.0017	0.0017	G
1307	0.00238	0.00238	G
1308	0.017	0.01734	A
1309	0.03315	0.03315	A
1310	0.01413	0.01555	T
1311	0.00498	0.00675	G
1312	0.02432	0.02432	C
1313	0.00995	0.00995	C
1314	0.01103	0.01103	C
1315	0.01145	0.01145	C
1316	0.00786	0.00822	G
1317	0.0226	0.02296	A
1318	0.04396	0.04396	C
1319	0.00965	0.00965	G
1320	0.0093	0.0093	T
1321	0.00682	0.00682	T
1322	0.01725	0.02839	A
1323	0.04305	0.04305	C
1324	0.00321	0.00321	T
1325	0.01039	0.01074	C
1326	0.0025	0.0025	G
1327	0.00286	0.00286	G
1328	0.04746	0.06185	A
1329	0.02581	0.02724	C
1330	0.00931	0.01038	T
1331	0.03487	0.0381	A
1332	0.04576	0.04576	C
1333	0.02743	0.02814	C
1334	0.00638	0.00638	C
1335	0.0075	0.0075	C
1336	0.00573	0.00609	G
1337	0.01725	0.01797	A
1338	0.00974	0.00974	T
1339	0.00363	0.00435	G
1340	0.03666	0.03739	C
1341	0.02338	0.02446	A
1342	0.00899	0.00899	T
1343	0.0225	0.02287	A
1344	0.04183	0.04219	C
1345	0.03184	0.03292	A
1346	0.03794	0.03794	C
1347	0.02685	0.02864	C
1348	0.02358	0.02965	A
1349	0.03498	0.03676	C
1350	0.02536	0.03	A
1351	0.00763	0.00763	T
1352	0.00219	0.00255	G
1353	0.02791	0.02791	A
1354	0.0225	0.0225	A
1355	0.02639	0.02676	A
1356	0.04858	0.05116	C
1357	0.02498	0.02498	A
1358	0.00662	0.00773	T
1359	0.01447	0.01447	C
1360	0.01381	0.01381	C
1361	0.00634	0.00746	T
1362	0.01347	0.01422	A
1363	0.00857	0.01043	T
1364	0.03109	0.03146	C
1365	0.02764	0.02914	A
1366	0.00787	0.00787	T
1367	0.02888	0.02888	C
1368	0.01199	0.01199	T
1369	0.00414	0.00639	G
1370	0.00376	0.00451	T
1371	0.01254	0.01368	A
1372	0.00152	0.00152	G
1373	0.00115	0.00115	G
1374	0.03352	0.0347	C
1375	0.00531	0.00569	T
1376	0.02617	0.02617	C
1377	0.02766	0.03145	A
1378	0.00601	0.00601	T
1379	0.00754	0.00754	T
1380	0.01361	0.01512	C
1381	0.02369	0.02557	A
1382	0.00414	0.00452	T
1383	0.00642	0.00642	T
1384	0.00752	0.00752	T
1385	0.02506	0.02737	C
1386	0.00632	0.00632	T
1387	0.02637	0.02714	C
1388	0.01283	0.01283	T
1389	0.0298	0.03019	A
1390	0.02434	0.02434	A
1391	0.03958	0.04074	C
1392	0.03115	0.03193	A
1393	0.00382	0.00611	G
1394	0.0237	0.02408	C
1395	0.02526	0.02526	A
1396	0.00616	0.00654	G
1397	0.00853	0.00931	T
1398	0.01133	0.01133	A
1399	0.01665	0.01742	A
1400	0.00853	0.00853	T
1401	0.01762	0.01801	A
1402	0.01143	0.01143	T
1403	0.00886	0.00886	T
1404	0.01672	0.0171	A
1405	0.02395	0.02507	A
1406	0.01382	0.01793	T
1407	0.01619	0.01619	A
1408	0.02128	0.03303	A
1409	0.00958	0.00958	T
1410	0.00368	0.00405	T
1411	0.00744	0.00744	T
1412	0.00599	0.00599	T
1413	0.02286	0.02922	C
1414	0.03096	0.03096	A
1415	0.0093	0.0093	T
1416	0.00224	0.00224	G
1417	0.02615	0.02652	A
1418	0.00645	0.00645	T
1419	0.00818	0.00818	T
1420	0.00487	0.00487	T
1421	0.00488	0.00563	G
1422	0.03332	0.0337	A
1423	0.00227	0.00227	G
1424	0.02085	0.02085	A
1425	0.02022	0.02246	A
1426	0.00527	0.00527	G
1427	0.02333	0.02409	C
1428	0.01877	0.01877	C
1429	0.00187	0.00187	T
1430	0.00263	0.00263	T
1431	0.01623	0.01774	C
1432	0.00453	0.00453	G
1433	0.00905	0.00905	C
1434	0.00188	0.00188	T
1435	0.00752	0.00752	T
1436	0.02232	0.02497	C
1437	0.00719	0.00832	G
1438	0.02803	0.02803	A
1439	0.01984	0.01984	A
1440	0.00377	0.00377	G
1441	0.01912	0.01912	C
1442	0.00753	0.00753	G
1443	0.00978	0.00978	A
1444	0.01418	0.01418	A
1445	0.02189	0.02189	A
1446	0.03972	0.03972	A
1447	0.0067	0.00707	G
1448	0.00296	0.00296	T
1449	0.00672	0.00672	C
1450	0.00484	0.00484	C
1451	0.00486	0.00523	T
1452	0.03924	0.04036	A
1453	0.01528	0.01528	A
1454	0.00524	0.00524	T
1455	0.01049	0.01124	A
1456	0.00488	0.00488	G
1457	0.00375	0.00375	T
1458	0.03292	0.03443	A
1459	0.00342	0.00342	G
1460	0.02848	0.02848	A
1461	0.03471	0.03471	A
1462	0.00734	0.01159	G
1463	0.03591	0.03591	A
1464	0.03691	0.03768	A
1465	0.0386	0.03937	C
1466	0.02338	0.02377	C
1467	0.00078	0.00078	C
1468	0.00118	0.00118	T
1469	0.00197	0.00197	C
1470	0.00354	0.00354	C
1471	0.00873	0.01548	A
1472	0.00517	0.00676	T
1473	0.01834	0.01834	A
1474	0.01856	0.01896	A
1475	0.03235	0.03474	A
1476	0.0689	0.07009	C
1477	0.04081	0.0412	C
1478	0.00159	0.00199	T
1479	0.0016	0.0016	G
1480	0.0012	0.0012	G
1481	0.00596	0.00636	A
1482	0.00239	0.00279	G
1483	0.00558	0.00558	T
1484	0.00441	0.00481	G
1485	0.02141	0.02181	A
1486	0.0124	0.01279	C
1487	0.0036	0.0036	T
1488	0.0064	0.0076	A
1489	0.00321	0.00321	T
1490	0.04339	0.0446	A
1491	0.00449	0.00449	T
1492	0.00127	0.00127	G
1493	0.00172	0.00172	G
1494	0.00705	0.01145	A
1495	0.01751	0.01841	T
1496	0.01153	0.01199	G
1497	0.02492	0.0254	C
1498	0.01279	0.01279	C
1499	0.02431	0.02431	C
1500	0.02247	0.02247	C
1501	0.02747	0.02747	C
1502	0.02405	0.02405	C
1503	0.01541	0.02167	A
1504	0.03788	0.03788	C
1505	0.0243	0.0243	C
1506	0.02051	0.02148	C
1507	0.01178	0.01227	T
1508	0.02604	0.02703	A
1509	0.0377	0.0377	C
1510	0.01947	0.01947	C
1511	0.00807	0.03076	A
1512	0.04171	0.04374	C
1513	0.01587	0.01639	A
1514	0.03284	0.0354	C
1515	0.03273	0.03273	A
1516	0.01042	0.01042	T
1517	0.00524	0.00524	T
1518	0.03062	0.03221	C
1519	0.00694	0.00694	G
1520	0.01825	0.01825	A
1521	0.0313	0.03185	A
1522	0.00618	0.00787	G
1523	0.02881	0.02881	A
1524	0.02709	0.02878	A
1525	0.03938	0.03995	C
1526	0.023	0.023	C
1527	0.02728	0.02728	C
1528	0.00118	0.00236	G
1529	0.00893	0.00893	T
1530	0.0307	0.03191	A
1531	0.01443	0.01503	T
1532	0.0226	0.02382	A
1533	0.05501	0.05685	C
1534	0.0314	0.03202	A
1535	0.01417	0.01664	T
1536	0.02388	0.02388	A
1537	0.01131	0.01131	A
1538	0.01963	0.01963	A
1539	0.01841	0.01841	A
1540	0.00986	0.01249	T
1541	0.02158	0.02224	C
1542	0.01234	0.01234	T
1543	0.00092	0.00092	A
1544	0.0	0.0	G
1545	0.0	0.0	A
