Position	Mismatches	Mismatches + Deletions	Base
1	0.0	0.0	A
2	0.0	0.0	G
3	0.0	0.0	A
4	0.01114	0.01114	T
5	0.01141	0.01444	A
6	0.0053	0.0053	A
7	0.02057	0.02057	A
8	0.03397	0.03397	A
9	0.00554	0.00822	T
10	0.01243	0.01251	T
11	0.01043	0.01043	T
12	0.00447	0.00523	G
13	0.01228	0.01229	A
14	0.02926	0.02926	A
15	0.0281	0.0281	A
16	0.0033	0.00348	T
17	0.01442	0.01452	C
18	0.00234	0.0024	T
19	0.00195	0.00199	G
20	0.00203	0.00205	G
21	0.00243	0.00243	T
22	0.00323	0.00328	T
23	0.05165	0.07422	A
24	0.00136	0.00136	G
25	0.00172	0.00173	G
26	0.01873	0.01921	C
27	0.00368	0.00372	T
28	0.00322	0.00322	G
29	0.00301	0.00302	G
30	0.00375	0.00379	T
31	0.00437	0.0045	G
32	0.00485	0.00485	T
33	0.00579	0.00583	T
34	0.03062	0.03684	A
35	0.00219	0.00219	G
36	0.0019	0.00191	G
37	0.00418	0.00418	G
38	0.0038	0.0038	T
39	0.00333	0.00333	T
40	0.01562	0.01896	C
41	0.00311	0.00311	T
42	0.0039	0.0039	T
43	0.00388	0.00389	T
44	0.00315	0.00365	G
45	0.0012	0.0012	T
46	0.00181	0.00181	T
47	0.00315	0.00315	T
48	0.0059	0.0059	T
49	0.00854	0.00855	T
50	0.00279	0.00282	G
51	0.00158	0.00158	G
52	0.00261	0.00261	G
53	0.00443	0.00443	G
54	0.0029	0.0029	T
55	0.00512	0.00513	T
56	0.00533	0.00533	T
57	0.00171	0.00172	G
58	0.00213	0.00215	G
59	0.01518	0.01538	C
60	0.01903	0.01943	A
61	0.00339	0.00348	G
62	0.01885	0.01979	A
63	0.00366	0.00374	G
64	0.03333	0.0345	A
65	0.00672	0.00687	T
66	0.00309	0.00322	G
67	0.0067	0.00701	T
68	0.05699	0.05733	G
69	0.00674	0.00674	T
70	0.00845	0.00845	T
71	0.00862	0.00864	T
72	0.03198	0.03224	A
73	0.03467	0.03496	A
74	0.00385	0.00458	G
75	0.00986	0.01029	T
76	0.00342	0.00351	G
77	0.01662	0.01686	C
78	0.00301	0.00312	T
79	0.00391	0.00467	G
80	0.012	0.0145	T
81	0.00314	0.00314	G
82	0.00209	0.00213	G
83	0.01162	0.01166	C
84	0.01219	0.01244	C
85	0.01595	0.02244	A
86	0.00339	0.00376	G
87	0.02451	0.02468	A
88	0.03774	0.03898	A
89	0.00423	0.00427	G
90	0.03877	0.04053	C
91	0.00028	0.00028	G
92	0.00029	0.00029	G
93	0.00039	0.00039	G
94	0.00081	0.00081	G
95	0.00081	0.00088	G
96	0.03569	0.03692	A
97	0.00046	0.00046	G
98	0.0002	0.00021	G
99	0.00021	0.00021	G
100	0.00024	0.00024	G
101	0.00033	0.00033	G
102	0.00056	0.00056	G
103	0.00067	0.0007	G
104	0.00412	0.00416	T
105	0.0053	0.00533	T
106	0.0049	0.005	T
107	0.00405	0.00407	G
108	0.00315	0.00335	G
109	0.00616	0.0063	T
110	0.0051	0.0051	G
111	0.00567	0.00579	G
112	0.0055	0.00554	A
113	0.01087	0.01088	A
114	0.00687	0.0069	A
115	0.00108	0.00111	T
116	0.00171	0.00171	T
117	0.0045	0.0045	T
118	0.00852	0.00852	T
119	0.00919	0.00919	T
120	0.00804	0.00806	T
121	0.00352	0.00455	G
122	0.00856	0.00856	T
123	0.00904	0.00908	T
124	0.02708	0.03969	A
125	0.00821	0.00831	T
126	0.00273	0.00317	G
127	0.01085	0.01139	A
128	0.00197	0.002	T
129	0.00143	0.00145	G
130	0.0011	0.00113	T
131	0.00284	0.00286	C
132	0.00141	0.00141	T
133	0.00311	0.00317	G
134	0.0021	0.00235	T
135	0.0037	0.00376	G
136	0.00414	0.00439	T
137	0.00295	0.00296	G
138	0.0024	0.00243	G
139	0.01613	0.01623	A
140	0.01799	0.01802	A
141	0.01714	0.01716	A
142	0.00259	0.00291	G
143	0.50876	0.50977	T
144	0.00172	0.00172	G
145	0.00188	0.00188	G
146	0.00533	0.00551	C
147	0.0023	0.00233	T
148	0.00361	0.00382	G
149	0.0029	0.00297	T
150	0.00233	0.00247	G
151	0.00741	0.0075	C
152	0.0073	0.00752	A
153	0.00195	0.00198	G
154	0.00666	0.0067	A
155	0.00696	0.00708	C
156	0.007	0.00702	A
157	0.0041	0.00414	T
158	0.0048	0.00481	T
159	0.03083	0.03099	C
160	0.01532	0.01537	A
161	0.03686	0.03687	A
162	0.01337	0.0134	T
163	0.00912	0.00912	T
164	0.00339	0.004	G
165	0.01122	0.01122	T
166	0.00772	0.00772	T
167	0.01175	0.02261	A
168	0.01119	0.01119	T
169	0.00661	0.00661	T
170	0.00134	0.00134	A
171	0.0	0.0	T
172	0.0	0.0	T
