Position	Mismatches	Mismatches + Deletions	Base
1	0.0	0.0	A
2	0.0	0.0	T
3	0.0	0.0	A
4	0.02041	0.02041	A
5	0.03095	0.03193	C
6	0.02074	0.02074	C
7	0.01125	0.01669	A
8	0.00765	0.00777	T
9	0.0042	0.00505	G
10	0.02346	0.02414	C
11	0.0247	0.02573	A
12	0.02532	0.02553	C
13	0.02027	0.02077	A
14	0.02633	0.02679	C
15	0.00705	0.00727	T
16	0.02042	0.02071	A
17	0.04278	0.04344	C
18	0.00778	0.00798	T
19	0.02093	0.02351	A
20	0.0076	0.00895	T
21	0.026	0.02604	A
22	0.02778	0.0292	A
23	0.04115	0.04155	C
24	0.02161	0.02174	C
25	0.01375	0.02577	A
26	0.04337	0.04338	C
27	0.03181	0.03181	C
28	0.01223	0.0124	C
29	0.01145	0.01318	T
30	0.01669	0.01722	A
31	0.02403	0.02423	A
32	0.04949	0.04956	C
33	0.03476	0.03485	C
34	0.0225	0.02288	C
35	0.00979	0.01058	T
36	0.99148	0.9936	G
37	0.02681	0.02707	A
38	0.04657	0.04717	C
39	0.00888	0.00905	T
40	0.00818	0.0083	T
41	0.03121	0.03125	C
42	0.03267	0.03273	C
43	0.0291	0.02916	C
44	0.01146	0.01214	T
45	0.03015	0.03088	A
46	0.03994	0.04108	A
47	0.00836	0.00848	T
48	0.00626	0.00659	T
49	0.01627	0.01645	C
50	0.02125	0.02134	C
51	0.02211	0.02216	C
52	0.03432	0.03439	C
53	0.03214	0.03218	C
54	0.02594	0.02597	C
55	0.02135	0.02845	A
56	0.01052	0.01127	T
57	0.03872	0.03877	C
58	0.02102	0.0211	C
59	0.00941	0.00948	T
60	0.0115	0.0118	T
61	0.0189	0.03645	A
62	0.05508	0.05523	C
63	0.03259	0.03339	C
64	0.01809	0.02854	A
65	0.05015	0.05016	C
66	0.02912	0.02915	C
67	0.0309	0.03197	C
68	0.00805	0.00927	T
69	0.04419	0.04434	C
70	0.00506	0.00566	G
71	0.01003	0.01021	T
72	0.01132	0.01168	T
73	0.02027	0.02059	A
74	0.02465	0.0248	A
75	0.0518	0.05191	C
76	0.0325	0.0326	C
77	0.02372	0.02404	C
78	0.00969	0.01453	T
79	0.01738	0.01924	A
80	0.01419	0.01433	A
81	0.03254	0.03546	C
82	0.00083	0.0009	A
83	0.0005	0.00053	A
84	0.00049	0.00051	A
85	0.00361	0.00362	A
86	0.01396	0.01398	A
87	0.00606	0.00606	A
88	0.01083	0.01084	A
89	0.00968	0.00969	A
90	0.04561	0.05052	C
91	0.0119	0.0137	T
92	0.03677	0.03757	C
93	0.0284	0.03339	A
94	0.01711	0.01845	T
95	0.02783	0.03156	A
96	0.03692	0.03744	C
97	0.02249	0.02271	C
98	0.02547	0.0255	C
99	0.02598	0.02601	C
100	0.0229	0.02295	C
101	0.01817	0.0269	A
102	0.00963	0.0097	T
103	0.00891	0.00922	T
104	0.01153	0.02292	A
105	0.00987	0.01	T
106	0.00491	0.00523	G
107	0.01141	0.01223	T
108	0.0236	0.0237	A
109	0.01131	0.01139	A
110	0.02238	0.02256	A
111	0.02633	0.02655	A
112	0.01118	0.01294	T
113	0.03697	0.03709	C
114	0.02602	0.02615	C
115	0.02698	0.03	A
116	0.01042	0.01043	T
117	0.01125	0.0114	T
118	0.00646	0.00747	G
119	0.01354	0.01738	T
120	0.04937	0.04977	C
121	0.01308	0.01445	G
122	0.02934	0.04387	C
123	0.02427	0.02544	A
124	0.01281	0.01407	T
125	0.0346	0.03486	C
126	0.02361	0.02454	C
127	0.01311	0.01976	A
128	0.04602	0.04608	C
129	0.02889	0.02914	C
130	0.00825	0.00852	T
131	0.0092	0.00935	T
132	0.00889	0.00905	T
133	0.01435	0.01933	A
134	0.01051	0.01052	T
135	0.00957	0.0098	T
136	0.01265	0.02693	A
137	0.00966	0.01136	T
138	0.03257	0.03316	C
139	0.03005	0.03087	A
140	0.00636	0.00669	G
141	0.00903	0.00961	T
142	0.02149	0.02177	C
143	0.01039	0.01111	T
144	0.03953	0.04157	C
145	0.01155	0.01157	T
146	0.01172	0.0124	T
147	0.02624	0.02635	C
148	0.02159	0.0219	C
149	0.03222	0.03228	C
150	0.02202	0.02209	C
151	0.01089	0.01551	A
152	0.03748	0.03874	C
153	0.01895	0.01915	A
154	0.02038	0.02065	A
155	0.04161	0.04298	C
156	0.02836	0.0284	A
157	0.02428	0.02446	A
158	0.01132	0.01174	T
159	0.03285	0.03375	A
160	0.01106	0.01108	T
161	0.01037	0.01046	T
162	0.03497	0.03647	C
163	0.03149	0.03186	A
164	0.01335	0.01378	T
165	0.00574	0.00714	G
166	0.01099	0.01226	T
167	0.00437	0.00443	G
168	0.03186	0.03202	C
169	0.01555	0.01562	C
170	0.01004	0.01136	T
171	0.02054	0.02615	A
172	0.00498	0.00522	G
173	0.02177	0.02196	A
174	0.03387	0.03391	C
175	0.02281	0.02285	C
176	0.01584	0.01587	A
177	0.02814	0.02841	A
178	0.00344	0.00468	G
179	0.02103	0.02103	A
180	0.02425	0.02454	A
181	0.00761	0.00797	G
182	0.00991	0.01017	T
183	0.0099	0.01052	T
184	0.01626	0.02891	A
185	0.0115	0.01151	T
186	0.01097	0.01124	T
187	0.01681	0.03374	A
188	0.0097	0.01003	T
189	0.04083	0.04237	C
190	0.0097	0.01021	T
191	0.03941	0.04055	C
192	0.00646	0.00691	G
193	0.02776	0.0279	A
194	0.0247	0.02481	A
195	0.03998	0.04056	C
196	0.01068	0.0109	T
197	0.00486	0.0059	G
198	0.02526	0.02548	A
199	0.03908	0.03966	C
200	0.02575	0.02628	A
201	0.03694	0.03731	C
202	0.01361	0.01521	T
203	0.00598	0.00755	G
204	0.0254	0.0261	A
205	0.0085	0.0088	G
206	0.04099	0.04116	C
207	0.02931	0.0297	C
208	0.01697	0.02749	A
209	0.04499	0.0501	C
210	0.02367	0.02375	A
211	0.02193	0.02518	A
212	0.04063	0.04074	C
213	0.02668	0.02713	C
214	0.0306	0.03081	C
215	0.01186	0.01225	A
216	0.02608	0.02622	A
217	0.02637	0.02654	A
218	0.05256	0.05764	C
219	0.02587	0.0261	A
220	0.0251	0.02721	A
221	0.04376	0.04389	C
222	0.03591	0.03679	C
223	0.03258	0.03261	C
224	0.02712	0.03478	A
225	0.00675	0.00703	G
226	0.02294	0.02345	C
227	0.00905	0.01106	T
228	0.03273	0.03349	C
229	0.01056	0.01336	T
230	0.03384	0.03384	C
231	0.02748	0.02749	C
232	0.00763	0.00789	C
233	0.00888	0.01078	T
234	0.02567	0.02605	A
235	0.02729	0.02736	A
236	0.00396	0.00461	G
237	0.02664	0.02727	C
238	0.00806	0.00808	T
239	0.00956	0.0096	T
240	0.02805	0.02975	C
241	0.02449	0.02461	A
242	0.02112	0.02116	A
243	0.02615	0.02617	A
244	0.03502	0.03825	C
245	0.0112	0.01149	T
246	0.02968	0.03069	A
247	0.00561	0.00588	G
248	0.03046	0.03078	A
249	0.0359	0.03661	C
250	0.00841	0.00872	T
251	0.02256	0.02396	A
252	0.03879	0.03972	C
253	0.01121	0.01133	T
254	0.01073	0.01085	T
255	0.02169	0.03092	C
256	0.01182	0.01296	T
257	0.03968	0.0397	C
258	0.02626	0.0265	C
259	0.01633	0.02685	A
260	0.0111	0.01304	T
261	0.0267	0.02684	A
262	0.02345	0.02654	A
263	0.01288	0.01322	T
264	0.03157	0.03365	A
265	0.01016	0.01017	T
266	0.01195	0.01224	T
267	0.03408	0.03592	C
268	0.03387	0.03514	A
269	0.01198	0.01318	T
270	0.02122	0.0215	C
271	0.01114	0.01123	C
272	0.01408	0.01412	C
273	0.00566	0.00609	T
274	0.00531	0.00596	G
275	0.00379	0.00435	T
276	0.01212	0.01254	A
277	0.00522	0.00595	G
278	0.01042	0.0107	C
279	0.0342	0.03482	A
280	0.01291	0.01296	T
281	0.01284	0.01302	T
282	0.00697	0.0101	G
283	0.01079	0.01081	T
284	0.01074	0.0108	T
285	0.03367	0.03481	C
286	0.00658	0.00669	G
287	0.00502	0.00502	T
288	0.00521	0.00527	T
289	0.0058	0.00941	A
290	0.01263	0.01295	C
291	0.01319	0.0133	A
292	0.00925	0.00979	T
293	0.00374	0.00379	G
294	0.00353	0.00355	G
295	0.00923	0.0096	T
296	0.04098	0.04102	C
297	0.02217	0.02234	C
298	0.0172	0.01975	A
299	0.00798	0.0095	T
300	0.01999	0.02045	C
301	0.01897	0.0203	A
302	0.00734	0.00787	T
303	0.02187	0.02308	A
304	0.00567	0.00634	G
305	0.0276	0.02763	A
306	0.03164	0.03238	A
307	0.01019	0.01031	T
308	0.01093	0.01111	T
309	0.035	0.04017	C
310	0.01176	0.01356	T
311	0.03594	0.03642	C
312	0.02115	0.02181	A
313	0.02251	0.02267	C
314	0.00835	0.00852	T
315	0.00683	0.00714	G
316	0.00591	0.00611	T
317	0.00419	0.00478	G
318	0.0123	0.0129	A
319	0.00764	0.00773	T
320	0.0222	0.02283	A
321	0.0108	0.01127	T
322	0.02518	0.02616	A
323	0.01044	0.01129	T
324	0.02039	0.0204	A
325	0.02309	0.02309	A
326	0.02467	0.02541	A
327	0.03521	0.03743	C
328	0.01449	0.01662	T
329	0.03466	0.03505	C
330	0.04114	0.04542	A
331	0.01959	0.02093	G
332	0.0273	0.02787	A
333	0.02722	0.02732	C
334	0.01812	0.01817	C
335	0.01915	0.01925	C
336	0.01166	0.0118	A
337	0.01945	0.01962	A
338	0.01528	0.01533	A
339	0.02902	0.03326	C
340	0.02411	0.02577	A
341	0.01094	0.01108	T
342	0.01037	0.01045	T
343	0.0158	0.01604	A
344	0.02763	0.0277	A
345	0.01221	0.014	T
346	0.02583	0.02609	C
347	0.02395	0.02467	A
348	0.011	0.01157	G
349	0.00929	0.00937	T
350	0.00931	0.0095	T
351	0.02381	0.0293	C
352	0.01226	0.01228	T
353	0.01261	0.01266	T
354	0.03059	0.03303	C
355	0.01731	0.01751	A
356	0.02035	0.0205	A
357	0.02191	0.02209	A
358	0.01176	0.01362	T
359	0.02349	0.02406	A
360	0.012	0.01219	T
361	0.02901	0.02947	C
362	0.01139	0.01161	T
363	0.02421	0.02555	A
364	0.45132	0.4541	C
365	0.01147	0.01242	T
366	0.02718	0.02811	C
367	0.02013	0.02273	A
368	0.02902	0.02981	T
369	0.05113	0.05205	C
370	0.01343	0.01345	T
371	0.01062	0.01085	T
372	0.02923	0.02931	C
373	0.0176	0.01771	C
374	0.0136	0.01504	T
375	0.01831	0.01871	A
376	0.02049	0.02075	A
377	0.01612	0.01616	T
378	0.01641	0.01651	T
379	0.01071	0.02244	A
380	0.03422	0.03442	C
381	0.02186	0.02218	C
382	0.01143	0.026	A
383	0.01316	0.0135	T
384	0.01847	0.01915	A
385	0.02726	0.02837	C
386	0.01167	0.01364	T
387	0.0158	0.01586	A
388	0.01982	0.02043	A
389	0.01427	0.01454	T
390	0.02551	0.02596	C
391	0.01122	0.01122	T
392	0.00881	0.00888	T
393	0.01184	0.01895	A
394	0.0096	0.00989	G
395	0.01138	0.01147	T
396	0.015	0.01513	T
397	0.01416	0.02419	A
398	0.02924	0.02934	C
399	0.0303	0.03056	C
400	0.00954	0.01063	G
401	0.01867	0.0191	C
402	0.01074	0.01237	T
403	0.0189	0.01915	A
404	0.01522	0.01539	A
405	0.02966	0.0302	C
406	0.01943	0.01954	A
407	0.01754	0.0182	A
408	0.02812	0.02817	C
409	0.01783	0.01813	C
410	0.01485	0.01544	T
411	0.01992	0.02597	A
412	0.01864	0.0187	T
413	0.01624	0.01635	T
414	0.0278	0.02791	C
415	0.02593	0.02608	C
416	0.01678	0.01681	A
417	0.02588	0.02602	A
418	0.02321	0.02386	C
419	0.0128	0.01292	T
420	0.01298	0.01417	G
421	0.01004	0.01005	T
422	0.01042	0.01044	T
423	0.01702	0.01748	C
424	0.01828	0.01868	A
425	0.01125	0.01195	T
426	0.01736	0.01793	C
427	0.00627	0.00645	G
428	0.00585	0.00586	G
429	0.00962	0.00989	C
430	0.00646	0.00713	T
431	0.00449	0.00484	G
432	0.01892	0.02033	A
433	0.0044	0.00449	G
434	0.03144	0.03246	A
435	0.00345	0.00345	G
436	0.00299	0.00299	G
437	0.00399	0.004	G
438	0.01161	0.01371	C
439	0.00735	0.00747	G
440	0.00641	0.00739	T
441	0.00798	0.00831	A
442	0.00279	0.00285	G
443	0.00316	0.00316	G
444	0.00826	0.00827	A
445	0.0248	0.02491	A
446	0.01402	0.01409	T
447	0.01665	0.01751	T
448	0.01729	0.03189	A
449	0.01324	0.01479	T
450	0.0304	0.035	A
451	0.00544	0.00754	T
452	0.01277	0.01302	C
453	0.01177	0.01182	C
454	0.01024	0.01024	T
455	0.01059	0.01079	T
456	0.01461	0.01871	C
457	0.01469	0.01469	T
458	0.01058	0.01074	T
459	0.00598	0.00681	G
460	0.014	0.01412	C
461	0.00858	0.00931	T
462	0.00969	0.0098	C
463	0.0213	0.02376	A
464	0.01114	0.01126	T
465	0.95162	0.96072	C
466	0.0233	0.02373	A
467	0.00569	0.00684	G
468	0.0097	0.00971	T
469	0.00805	0.00825	T
470	0.00536	0.00563	G
471	0.0173	0.01776	A
472	0.00958	0.01021	T
473	0.00654	0.00712	G
474	0.02093	0.02193	A
475	0.00871	0.00898	T
476	0.01853	0.01917	A
477	0.02414	0.02508	C
478	0.00506	0.00532	G
479	0.02327	0.02329	C
480	0.01643	0.01643	C
481	0.02011	0.02023	C
482	0.00569	0.00666	G
483	0.02568	0.02606	A
484	0.00887	0.00918	G
485	0.02071	0.02086	C
486	0.02595	0.0267	A
487	0.00505	0.00539	G
488	0.0221	0.02421	A
489	0.00968	0.01017	T
490	0.00499	0.00522	G
491	0.03032	0.03037	C
492	0.02397	0.02411	C
493	0.02362	0.02386	A
494	0.02226	0.02247	A
495	0.04384	0.04573	C
496	0.03186	0.03498	A
497	0.0447	0.0473	C
498	0.02864	0.03121	A
499	0.00958	0.01236	G
500	0.02183	0.02493	C
501	0.02117	0.02334	A
502	0.00607	0.00635	G
503	0.02057	0.02085	C
504	0.01819	0.01832	C
505	0.02598	0.02876	A
506	0.01096	0.01103	T
507	0.01061	0.01066	T
508	0.03501	0.03608	C
509	0.02534	0.02538	A
510	0.03203	0.03231	A
511	0.006	0.00677	G
512	0.02796	0.0301	C
513	0.01724	0.01728	A
514	0.02051	0.0213	A
515	0.01024	0.01144	T
516	0.02973	0.02975	C
517	0.01657	0.01681	C
518	0.01348	0.01412	T
519	0.02882	0.02985	A
520	0.01178	0.01302	T
521	0.03028	0.03091	A
522	0.03955	0.04192	C
523	0.01887	0.01896	A
524	0.02215	0.02324	A
525	0.01981	0.01988	C
526	0.01743	0.01775	C
527	0.01082	0.01194	G
528	0.007	0.00805	T
529	0.02647	0.02672	A
530	0.01078	0.0114	T
531	0.02939	0.02983	C
532	0.00343	0.00344	G
533	0.00595	0.00609	G
534	0.01619	0.01636	C
535	0.00469	0.00475	G
536	0.01563	0.01655	A
537	0.01112	0.01135	T
538	0.02408	0.02445	A
539	0.01427	0.01656	T
540	0.0202	0.02056	C
541	0.00513	0.00514	G
542	0.00716	0.00716	G
543	0.00601	0.00606	T
544	0.01112	0.01113	T
545	0.01302	0.01327	T
546	0.11754	0.11944	C
547	0.02475	0.02531	A
548	0.01005	0.01181	T
549	0.02429	0.02434	C
550	0.01356	0.01392	C
551	0.00666	0.00768	T
552	0.01979	0.01993	C
553	0.00488	0.00551	G
554	0.01271	0.01271	C
555	0.00822	0.0083	C
556	0.013	0.01305	T
557	0.01361	0.0137	T
558	0.0211	0.03126	A
559	0.00762	0.00815	G
560	0.03205	0.03254	C
561	0.02744	0.02777	A
562	0.01196	0.01333	T
563	0.00708	0.00739	G
564	0.02537	0.02606	A
565	0.00981	0.00985	T
566	0.01019	0.01024	T
567	0.01095	0.01126	T
568	0.02158	0.02367	A
569	0.01096	0.01309	T
570	0.03623	0.03657	C
571	0.01622	0.01648	C
572	0.0108	0.01184	T
573	0.02796	0.02912	A
574	0.03726	0.03802	C
575	0.02633	0.02948	A
576	0.03272	0.03334	C
577	0.01116	0.01294	T
578	0.02812	0.02815	C
579	0.02417	0.02442	C
580	0.01806	0.01896	A
581	0.02446	0.02462	A
582	0.03352	0.03436	C
583	0.01115	0.01377	T
584	0.03262	0.03298	C
585	0.02517	0.02896	A
586	0.01212	0.01262	T
587	0.00721	0.00823	G
588	0.02378	0.02641	A
589	0.01044	0.0111	G
590	0.01897	0.02017	A
591	0.02062	0.02073	C
592	0.01922	0.01925	C
593	0.02315	0.02336	C
594	0.01358	0.02069	A
595	0.03806	0.04021	C
596	0.02207	0.02223	A
597	0.0198	0.01994	A
598	0.0403	0.04165	C
599	0.01182	0.01182	A
600	0.02449	0.0245	A
601	0.02369	0.02395	A
602	0.01509	0.01708	T
603	0.02949	0.03059	A
604	0.00747	0.00858	G
605	0.03012	0.03021	C
606	0.01146	0.01148	C
607	0.0131	0.01311	C
608	0.00851	0.00858	T
609	0.01175	0.0119	T
610	0.01604	0.02191	C
611	0.01015	0.01115	T
612	0.01238	0.01273	A
613	0.02481	0.02487	A
614	0.02868	0.02874	A
615	0.05114	0.05471	C
616	0.00837	0.00848	G
617	0.01744	0.01769	C
618	0.00666	0.00813	T
619	0.01284	0.01314	A
620	0.02204	0.02212	A
621	0.01183	0.01299	T
622	0.03428	0.03441	C
623	0.01746	0.01759	C
624	0.02234	0.02249	A
625	0.03181	0.03203	A
626	0.00795	0.00908	G
627	0.01328	0.01329	C
628	0.0095	0.00956	C
629	0.01163	0.01949	T
630	0.02022	0.02089	C
631	0.0114	0.02078	A
632	0.02345	0.02345	C
633	0.01606	0.01606	C
634	0.01922	0.01922	C
635	0.01829	0.01835	C
636	0.01753	0.03588	A
637	0.01295	0.01307	C
638	0.00458	0.00481	T
639	0.02889	0.02906	A
640	0.01414	0.01436	C
641	0.00357	0.00372	T
642	0.00985	0.0121	A
643	0.00163	0.00176	G
644	0.00254	0.00261	G
645	0.0499	0.04995	C
646	0.00814	0.00829	C
647	0.00547	0.00789	T
648	0.03336	0.03345	C
649	0.02198	0.02268	C
650	0.01032	0.01224	T
651	0.00952	0.00952	C
652	0.00606	0.00638	C
653	0.00366	0.00395	T
654	0.01235	0.013	A
655	0.00361	0.00447	G
656	0.02254	0.02342	C
657	0.01706	0.01762	A
658	0.00607	0.00771	G
659	0.03594	0.03779	C
660	0.0272	0.02813	A
661	0.00836	0.00966	G
662	0.03435	0.03708	C
663	0.01821	0.01929	A
664	0.00212	0.00216	G
665	0.0031	0.00318	G
666	0.01057	0.01094	C
667	0.01063	0.01068	A
668	0.01906	0.01909	A
669	0.02169	0.02173	A
670	0.01165	0.01552	T
671	0.02807	0.02947	C
672	0.02076	0.02179	A
673	0.00673	0.00727	G
674	0.01849	0.01852	C
675	0.01654	0.01656	C
676	0.03147	0.03155	C
677	0.01528	0.01529	A
678	0.02531	0.02533	A
679	0.00906	0.00909	T
680	0.00854	0.00856	T
681	0.02435	0.0294	A
682	0.00294	0.00299	G
683	0.00465	0.00465	G
684	0.00573	0.00594	T
685	0.00745	0.00749	C
686	0.00695	0.00817	T
687	0.02325	0.02326	C
688	0.01985	0.0201	C
689	0.00843	0.01983	A
690	0.02494	0.02494	C
691	0.01751	0.01751	C
692	0.02165	0.02166	C
693	0.01391	0.0141	C
694	0.00617	0.00695	T
695	0.00484	0.00588	G
696	0.02343	0.02463	A
697	0.02103	0.02149	C
698	0.00698	0.00871	T
699	0.02375	0.02393	C
700	0.02054	0.02058	C
701	0.01794	0.01794	C
702	0.02415	0.02428	C
703	0.00764	0.01027	T
704	0.02597	0.02688	C
705	0.01699	0.02354	A
706	0.00406	0.0043	G
707	0.01489	0.0149	C
708	0.02111	0.02117	C
709	0.02339	0.04003	A
710	0.00729	0.00791	T
711	0.02277	0.0229	A
712	0.00436	0.00474	G
713	0.02359	0.0236	A
714	0.02063	0.02131	A
715	0.0038	0.00387	G
716	0.00295	0.00302	G
717	0.01114	0.0112	C
718	0.0204	0.02043	C
719	0.02761	0.02763	C
720	0.02941	0.02985	C
721	0.01318	0.02276	A
722	0.03111	0.03111	C
723	0.02583	0.02583	C
724	0.02571	0.02572	C
725	0.02784	0.02787	C
726	0.0241	0.03259	A
727	0.0064	0.00652	G
728	0.00709	0.00802	T
729	0.01574	0.01587	C
730	0.00876	0.01172	T
731	0.02445	0.02524	C
732	0.02756	0.02953	A
733	0.00678	0.00739	G
734	0.02715	0.02718	C
735	0.01672	0.01675	C
736	0.01762	0.01776	C
737	0.00706	0.00868	T
738	0.01756	0.02101	A
739	0.02323	0.02356	C
740	0.0062	0.00681	T
741	0.02063	0.02063	C
742	0.0151	0.01529	C
743	0.01075	0.01695	A
744	0.02532	0.02574	C
745	0.00946	0.01193	T
746	0.02962	0.03092	C
747	0.02391	0.02542	A
748	0.0287	0.0289	A
749	0.00655	0.00947	G
750	0.02156	0.02177	C
751	0.03097	0.0313	A
752	0.03565	0.03623	C
753	0.00927	0.00958	T
754	0.0259	0.02664	A
755	0.00879	0.00889	T
756	0.02461	0.02516	A
757	0.00452	0.005	G
758	0.00685	0.00689	T
759	0.00617	0.00621	T
760	0.00518	0.00558	G
761	0.00642	0.00713	T
762	0.02391	0.02436	A
763	0.00528	0.00623	G
764	0.02709	0.02747	C
765	0.02404	0.02452	A
766	0.00321	0.00322	G
767	0.00339	0.0035	G
768	0.01371	0.01377	A
769	0.0224	0.02252	A
770	0.00835	0.009	T
771	0.03338	0.0338	C
772	0.00876	0.00877	T
773	0.01032	0.01049	T
774	0.02891	0.0353	C
775	0.01242	0.01242	T
776	0.01174	0.01193	T
777	0.01223	0.03351	A
778	0.04672	0.04699	C
779	0.01392	0.01555	T
780	0.03766	0.03942	C
781	0.02431	0.02971	A
782	0.00809	0.00937	T
783	0.02869	0.02893	C
784	0.03373	0.03463	C
785	0.00582	0.00795	G
786	0.02364	0.02612	C
787	0.00711	0.00737	T
788	0.01027	0.01075	T
789	0.04113	0.04139	C
790	0.02563	0.02589	C
791	0.01523	0.03079	A
792	0.01866	0.01867	C
793	0.02084	0.02085	C
794	0.02475	0.02476	C
795	0.02632	0.02633	C
796	0.02357	0.02363	C
797	0.01523	0.01742	T
798	0.02919	0.02971	A
799	0.00449	0.00501	G
800	0.0242	0.02472	C
801	0.02414	0.02462	A
802	0.00555	0.00604	G
803	0.01899	0.01902	A
804	0.01144	0.01146	A
805	0.02754	0.02757	A
806	0.02133	0.02137	A
807	0.01155	0.01394	T
808	0.0347	0.0362	A
809	0.00953	0.01085	G
810	0.02356	0.02364	C
811	0.01599	0.01603	C
812	0.01757	0.01764	C
813	0.02166	0.02926	A
814	0.03131	0.03165	C
815	0.01251	0.01371	T
816	0.01021	0.01037	A
817	0.02045	0.02072	A
818	0.01065	0.01272	T
819	0.03111	0.03131	C
820	0.0286	0.02866	C
821	0.01231	0.0124	A
822	0.01969	0.01978	A
823	0.02345	0.02354	A
824	0.03459	0.03757	C
825	0.01322	0.01343	T
826	0.02768	0.02831	C
827	0.01552	0.0169	T
828	0.02602	0.02638	A
829	0.02143	0.02192	A
830	0.0408	0.04182	C
831	0.02931	0.02983	A
832	0.03549	0.03705	C
833	0.01146	0.01192	T
834	0.02264	0.02482	A
835	0.00924	0.00944	T
836	0.00419	0.00458	G
837	0.03248	0.03319	C
838	0.01317	0.01319	T
839	0.0073	0.00738	T
840	0.02257	0.03076	A
841	0.00194	0.00196	G
842	0.00256	0.00265	G
843	0.04478	0.04519	C
844	0.00434	0.00438	G
845	0.0154	0.01583	C
846	0.00976	0.01009	T
847	0.02287	0.02355	A
848	0.01206	0.01296	T
849	0.03326	0.03467	C
850	0.03231	0.03278	A
851	0.04608	0.04612	C
852	0.03009	0.03076	C
853	0.01356	0.02139	A
854	0.02772	0.02834	C
855	0.00616	0.00641	T
856	0.01344	0.01352	C
857	0.00728	0.00736	T
858	0.00837	0.00967	G
859	0.00632	0.00632	T
860	0.01283	0.01299	T
861	0.03185	0.03324	C
862	0.00809	0.00926	G
863	0.01563	0.01665	C
864	0.01566	0.01604	A
865	0.00614	0.00736	G
866	0.04019	0.04108	C
867	0.02236	0.02335	A
868	0.00632	0.00643	G
869	0.00937	0.01009	T
870	0.02002	0.02012	C
871	0.00527	0.00564	T
872	0.0023	0.00295	G
873	0.00668	0.00698	C
874	0.0054	0.00582	G
875	0.03892	0.03895	C
876	0.01299	0.013	C
877	0.02716	0.02722	C
878	0.01612	0.01618	T
879	0.01251	0.01291	T
880	0.01128	0.02174	A
881	0.04217	0.04306	C
882	0.01956	0.02013	A
883	0.06184	0.06572	C
884	0.01601	0.01603	A
885	0.0114	0.01142	A
886	0.01788	0.01788	A
887	0.02124	0.02129	A
888	0.01447	0.0159	T
889	0.00955	0.01051	G
890	0.02321	0.02368	A
891	0.04259	0.04366	C
892	0.01881	0.01898	A
893	0.01651	0.01857	T
894	0.02441	0.02746	C
895	0.00201	0.00207	A
896	0.00134	0.00136	A
897	0.00169	0.00171	A
898	0.00962	0.00966	A
899	0.00566	0.00567	A
900	0.0085	0.00851	A
901	0.01139	0.01141	A
902	0.00958	0.01072	T
903	0.03518	0.03545	C
904	0.01096	0.01116	G
905	0.00806	0.0096	T
906	0.02442	0.02508	A
907	0.00428	0.00434	G
908	0.01633	0.01643	C
909	0.01112	0.01115	C
910	0.01099	0.01104	T
911	0.01053	0.01099	T
912	0.01745	0.02541	C
913	0.01097	0.01257	T
914	0.03722	0.03726	C
915	0.02227	0.02254	C
916	0.01275	0.02172	A
917	0.03144	0.03182	C
918	0.01067	0.01091	T
919	0.01042	0.01042	T
920	0.03229	0.03398	C
921	0.025	0.0252	A
922	0.02139	0.02151	A
923	0.00424	0.00454	G
924	0.00964	0.01053	T
925	0.0203	0.02072	C
926	0.02415	0.02421	A
927	0.02754	0.02765	A
928	0.03234	0.03318	C
929	0.01143	0.01155	T
930	0.02843	0.02911	A
931	0.00376	0.00381	G
932	0.00219	0.00221	G
933	0.01053	0.01447	A
934	0.01497	0.01509	C
935	0.00623	0.00809	T
936	0.02952	0.02983	C
937	0.0173	0.01891	A
938	0.00972	0.01341	T
939	0.01869	0.01871	A
940	0.01828	0.02107	A
941	0.01137	0.01179	T
942	0.01961	0.02018	A
943	0.00711	0.00755	G
944	0.00813	0.00817	T
945	0.01112	0.01129	T
946	0.01183	0.02756	A
947	0.04488	0.04543	C
948	0.0262	0.02623	A
949	0.02611	0.02647	A
950	0.01417	0.01504	T
951	0.03289	0.03347	C
952	0.00476	0.00478	G
953	0.00544	0.00548	G
954	0.01126	0.01183	C
955	0.02242	0.02291	A
956	0.01113	0.01433	T
957	0.02236	0.02325	C
958	0.02106	0.0215	A
959	0.02469	0.02478	A
960	0.03549	0.03565	C
961	0.05411	0.05427	C
962	0.01396	0.01472	A
963	0.02198	0.02221	A
964	0.03392	0.0341	C
965	0.0229	0.02365	C
966	0.01172	0.02204	A
967	0.03491	0.03715	C
968	0.01995	0.02289	A
969	0.03502	0.03504	C
970	0.01819	0.01852	C
971	0.01176	0.01234	T
972	0.03062	0.0311	A
973	0.00572	0.00595	G
974	0.03464	0.03577	C
975	0.02081	0.02225	A
976	0.00949	0.00958	T
977	0.0071	0.00712	T
978	0.02124	0.0213	C
979	0.01042	0.01051	C
980	0.00811	0.00863	T
981	0.00561	0.00621	G
982	0.01369	0.01415	C
983	0.02429	0.02554	A
984	0.03559	0.03611	C
985	0.01789	0.01872	A
986	0.00888	0.00926	T
987	0.02887	0.02962	C
988	0.01061	0.01073	T
989	0.02004	0.02515	G
990	0.01	0.0111	T
991	0.01992	0.02101	A
992	0.02746	0.02752	C
993	0.01741	0.01748	C
994	0.01468	0.0147	C
995	0.02284	0.03132	A
996	0.05064	0.05104	C
997	0.00736	0.00796	G
998	0.03207	0.03207	C
999	0.01631	0.01634	C
1000	0.00999	0.01012	T
1001	0.01042	0.01065	T
1002	0.01848	0.02911	C
1003	0.01197	0.01199	T
1004	0.01184	0.01193	T
1005	0.03404	0.03701	C
1006	0.0254	0.02583	A
1007	0.03114	0.03125	A
1008	0.02166	0.02172	A
1009	0.00627	0.00654	G
1010	0.01149	0.01154	C
1011	0.01095	0.01102	C
1012	0.00705	0.01702	A
1013	0.0075	0.00804	T
1014	0.01528	0.01585	A
1015	0.05885	0.06051	C
1016	0.01194	0.01238	T
1017	0.02463	0.02617	A
1018	0.00877	0.00879	T
1019	0.01151	0.01153	T
1020	0.00591	0.00607	T
1021	0.00611	0.00679	A
1022	0.00351	0.00363	T
1023	0.00328	0.0034	G
1024	0.01123	0.01155	T
1025	0.00575	0.00603	G
1026	0.01038	0.01067	C
1027	0.00671	0.00753	T
1028	0.03236	0.03238	C
1029	0.0262	0.02628	C
1030	0.00472	0.00474	G
1031	0.00681	0.00684	G
1032	0.00534	0.00536	G
1033	0.01709	0.01794	T
1034	0.03042	0.03046	C
1035	0.02055	0.02064	C
1036	0.02426	0.0279	A
1037	0.01193	0.01369	T
1038	0.03088	0.03195	C
1039	0.01921	0.0215	A
1040	0.01213	0.01457	T
1041	0.02724	0.02766	C
1042	0.02122	0.02184	C
1043	0.01235	0.02249	A
1044	0.03072	0.03631	C
1045	0.01723	0.01725	A
1046	0.01838	0.01898	A
1047	0.02578	0.02582	C
1048	0.02107	0.02136	C
1049	0.01333	0.01355	T
1050	0.01352	0.01363	T
1051	0.01533	0.01545	A
1052	0.01989	0.01993	A
1053	0.03852	0.03919	C
1054	0.02243	0.02268	A
1055	0.02147	0.02183	A
1056	0.01265	0.01306	T
1057	0.00735	0.00831	G
1058	0.01594	0.01605	A
1059	0.01914	0.0193	A
1060	0.04081	0.04193	C
1061	0.02767	0.02771	A
1062	0.02502	0.02553	A
1063	0.00985	0.0104	G
1064	0.01956	0.01981	A
1065	0.01216	0.01257	T
1066	0.0248	0.02589	A
1067	0.01112	0.01115	T
1068	0.01201	0.01244	T
1069	0.02879	0.03063	C
1070	0.01161	0.01401	G
1071	0.00323	0.00346	A
1072	0.01508	0.01517	A
1073	0.00787	0.0079	A
1074	0.02147	0.02147	A
1075	0.01872	0.01872	A
1076	0.01032	0.01107	T
1077	0.02923	0.02948	A
1078	0.00478	0.00485	G
1079	0.00452	0.00466	G
1080	0.01117	0.0128	A
1081	0.00466	0.00467	G
1082	0.00356	0.00368	G
1083	0.02485	0.03375	A
1084	0.02984	0.0309	C
1085	0.01193	0.01501	T
1086	0.01999	0.02097	A
1087	0.03271	0.03316	C
1088	0.01488	0.01616	T
1089	0.03684	0.03781	C
1090	0.02519	0.02557	A
1091	0.01783	0.01795	A
1092	0.01882	0.01894	A
1093	0.02273	0.02278	A
1094	0.02712	0.02833	C
1095	0.01846	0.0186	C
1096	0.01442	0.03112	A
1097	0.01595	0.0166	T
1098	0.02506	0.02574	A
1099	0.03023	0.03048	C
1100	0.01882	0.01905	C
1101	0.00878	0.0103	T
1102	0.02245	0.0229	C
1103	0.01412	0.01625	T
1104	0.03015	0.03053	C
1105	0.02335	0.02461	A
1106	0.03832	0.03884	C
1107	0.01239	0.0125	T
1108	0.01177	0.0119	T
1109	0.03122	0.03247	C
1110	0.02402	0.02473	A
1111	0.02721	0.02737	A
1112	0.02313	0.02322	C
1113	0.01463	0.01492	C
1114	0.0081	0.01126	T
1115	0.01665	0.01665	C
1116	0.00924	0.00924	C
1117	0.01957	0.02	C
1118	0.01238	0.01414	T
1119	0.08158	0.0823	C
1120	0.01779	0.01964	A
1121	0.03101	0.03101	C
1122	0.02014	0.02032	C
1123	0.02195	0.02485	A
1124	0.01495	0.01506	T
1125	0.01153	0.01156	T
1126	0.00623	0.00625	G
1127	0.00582	0.00589	G
1128	0.01903	0.01973	C
1129	0.03033	0.03096	A
1130	0.02288	0.02366	G
1131	0.01758	0.01765	C
1132	0.00953	0.00967	C
1133	0.01109	0.0118	T
1134	0.02544	0.02571	A
1135	0.00837	0.01034	G
1136	0.02343	0.02357	C
1137	0.0274	0.02792	A
1138	0.012	0.01211	T
1139	0.00939	0.00949	T
1140	0.02343	0.03093	A
1141	0.00671	0.00702	G
1142	0.02402	0.02413	C
1143	0.01184	0.01228	A
1144	0.00316	0.00321	G
1145	0.0044	0.00441	G
1146	0.01053	0.01057	A
1147	0.01317	0.01324	A
1148	0.01288	0.01449	T
1149	0.03029	0.03058	A
1150	0.03805	0.03824	C
1151	0.02506	0.0252	C
1152	0.00864	0.00865	T
1153	0.0108	0.01081	T
1154	0.00745	0.00746	T
1155	0.01346	0.01352	C
1156	0.00992	0.00996	C
1157	0.00854	0.01129	T
1158	0.02716	0.02769	C
1159	0.02313	0.02651	A
1160	0.04319	0.04354	C
1161	0.02475	0.0258	A
1162	0.00256	0.00261	G
1163	0.00432	0.00434	G
1164	0.00316	0.00318	T
1165	0.00559	0.00561	T
1166	0.00616	0.00621	T
1167	0.01505	0.01563	C
1168	0.01776	0.01819	T
1169	0.02188	0.02862	A
1170	0.03581	0.03633	C
1171	0.01304	0.01521	T
1172	0.02959	0.02959	C
1173	0.02413	0.02444	C
1174	0.01725	0.01759	A
1175	0.02464	0.02467	A
1176	0.03305	0.03322	A
1177	0.01757	0.01807	G
1178	0.02354	0.02394	A
1179	0.02238	0.0225	C
1180	0.01527	0.01546	C
1181	0.01501	0.01877	A
1182	0.03524	0.03601	C
1183	0.02081	0.02279	A
1184	0.01033	0.01193	T
1185	0.02639	0.02703	C
1186	0.02259	0.02371	A
1187	0.01707	0.01757	T
1188	0.02867	0.02936	C
1189	0.00919	0.00973	G
1190	0.00908	0.00923	A
1191	0.01283	0.01295	A
1192	0.01214	0.0122	A
1193	0.01455	0.01475	C
1194	0.01398	0.01416	C
1195	0.01567	0.01753	G
1196	0.02407	0.02697	C
1197	0.02032	0.02079	A
1198	0.01745	0.01768	A
1199	0.0159	0.01592	A
1200	0.02894	0.03156	C
1201	0.01969	0.02016	A
1202	0.01488	0.01569	T
1203	0.01935	0.0195	A
1204	0.01809	0.01967	T
1205	0.03158	0.03294	C
1206	0.02643	0.02766	A
1207	0.01447	0.01506	T
1208	0.02389	0.02513	A
1209	0.03157	0.03293	C
1210	0.01695	0.01744	A
1211	0.02925	0.03095	C
1212	0.02111	0.02111	A
1213	0.0192	0.0192	A
1214	0.02606	0.02648	A
1215	0.02945	0.03301	C
1216	0.0093	0.0096	G
1217	0.01756	0.01756	C
1218	0.01182	0.01185	C
1219	0.01086	0.01216	T
1220	0.01129	0.01232	G
1221	0.01433	0.01553	A
1222	0.00718	0.00816	G
1223	0.02978	0.02985	C
1224	0.01408	0.0141	C
1225	0.01032	0.01042	C
1226	0.01753	0.01851	T
1227	0.02003	0.02052	A
1228	0.02003	0.02037	T
1229	0.02172	0.02194	C
1230	0.01625	0.01642	T
1231	0.02305	0.02419	A
1232	0.01547	0.01547	T
1233	0.01517	0.01565	T
1234	0.01036	0.02335	A
1235	0.02915	0.02959	C
1236	0.01467	0.01518	T
1237	0.02022	0.02069	C
1238	0.01545	0.01653	T
1239	0.01949	0.02003	C
1240	0.01703	0.01904	A
1241	0.01655	0.01714	T
1242	0.0322	0.03275	C
1243	0.01119	0.0115	G
1244	0.01302	0.01489	C
1245	0.01064	0.01104	T
1246	0.02597	0.0271	A
1247	0.02882	0.029	C
1248	0.01655	0.01774	C
1249	0.01237	0.01594	T
1250	0.02309	0.02311	C
1251	0.01778	0.01778	C
1252	0.01674	0.01702	C
1253	0.01439	0.01588	T
1254	0.01747	0.01769	G
1255	0.02081	0.02089	A
1256	0.03051	0.03085	C
1257	0.02287	0.02318	A
1258	0.02145	0.02195	A
1259	0.00487	0.00542	G
1260	0.01817	0.01844	C
1261	0.00605	0.00611	G
1262	0.02696	0.02696	C
1263	0.0127	0.01276	C
1264	0.01633	0.0174	T
1265	0.01705	0.02024	A
1266	0.01362	0.01429	T
1267	0.0229	0.02358	A
1268	0.00582	0.00649	G
1269	0.01898	0.01955	C
1270	0.01953	0.02052	A
1271	0.02601	0.02638	C
1272	0.0096	0.01044	T
1273	0.02094	0.02098	C
1274	0.00758	0.00796	G
1275	0.01731	0.01735	A
1276	0.01572	0.01577	A
1277	0.00965	0.01642	T
1278	0.01405	0.01407	A
1279	0.01479	0.01873	A
1280	0.00877	0.00888	T
1281	0.91324	0.91376	T
1282	0.01607	0.01632	C
1283	0.0145	0.0145	T
1284	0.01541	0.01635	T
1285	0.02311	0.02577	C
1286	0.01939	0.02302	T
1287	0.0278	0.02904	C
1288	0.01252	0.01385	A
1289	0.02419	0.02432	C
1290	0.01552	0.01553	C
1291	0.0101	0.01019	C
1292	0.01265	0.01579	T
1293	0.02424	0.02463	A
1294	0.02269	0.02288	A
1295	0.03877	0.03956	C
1296	0.0303	0.03151	A
1297	0.00413	0.00418	G
1298	0.00846	0.00853	G
1299	0.00923	0.01141	T
1300	0.03448	0.03567	C
1301	0.02141	0.0215	A
1302	0.02333	0.02346	A
1303	0.03015	0.03023	C
1304	0.018	0.01824	C
1305	0.01057	0.01163	T
1306	0.03476	0.03493	C
1307	0.01065	0.01159	G
1308	0.02105	0.02245	C
1309	0.0098	0.01003	T
1310	0.0084	0.00857	T
1311	0.01917	0.01933	C
1312	0.01878	0.01889	C
1313	0.02668	0.02675	C
1314	0.01985	0.02028	C
1315	0.01202	0.02219	A
1316	0.03123	0.03123	C
1317	0.01994	0.01994	C
1318	0.01784	0.01802	C
1319	0.01567	0.01575	T
1320	0.01269	0.01291	T
1321	0.0109	0.01971	A
1322	0.03132	0.03181	C
1323	0.01344	0.01499	T
1324	0.02036	0.02048	A
1325	0.01565	0.01598	A
1326	0.03616	0.03671	C
1327	0.02209	0.02266	A
1328	0.01352	0.0137	T
1329	0.01367	0.01399	T
1330	0.01394	0.01398	A
1331	0.02144	0.02179	A
1332	0.03917	0.04035	C
1333	0.01238	0.0146	G
1334	0.01894	0.01898	A
1335	0.01007	0.01013	A
1336	0.02103	0.02114	A
1337	0.01892	0.01898	A
1338	0.01305	0.01769	T
1339	0.02254	0.02254	A
1340	0.01801	0.01985	A
1341	0.02614	0.02741	C
1342	0.01497	0.01514	C
1343	0.02099	0.02105	C
1344	0.0131	0.01315	C
1345	0.01289	0.01782	A
1346	0.02312	0.02312	C
1347	0.02052	0.02052	C
1348	0.01663	0.01676	C
1349	0.01235	0.01295	T
1350	0.02063	0.02188	A
1351	0.02539	0.02578	C
1352	0.01294	0.01448	T
1353	0.01166	0.01179	A
1354	0.01635	0.0168	A
1355	0.02161	0.02179	A
1356	0.02662	0.02701	C
1357	0.01707	0.01724	C
1358	0.01754	0.0176	C
1359	0.01646	0.01651	C
1360	0.01872	0.02279	A
1361	0.01498	0.0151	T
1362	0.0119	0.012	T
1363	0.01412	0.01422	A
1364	0.02109	0.02132	A
1365	0.02479	0.0251	A
1366	0.03507	0.03786	C
1367	0.01433	0.01462	G
1368	0.02033	0.02033	C
1369	0.01301	0.01301	C
1370	0.01022	0.01341	T
1371	0.00614	0.00622	G
1372	0.00697	0.00724	G
1373	0.01456	0.01526	C
1374	0.10542	0.10762	A
1375	0.00729	0.00759	G
1376	0.01998	0.02059	C
1377	0.02103	0.02162	C
1378	0.01052	0.01053	G
1379	0.00766	0.0078	G
1380	0.01273	0.01281	A
1381	0.01555	0.01559	A
1382	0.00671	0.00705	G
1383	0.0216	0.02167	C
1384	0.01351	0.01352	C
1385	0.00943	0.00985	T
1386	0.02469	0.02693	A
1387	0.01319	0.01319	T
1388	0.01191	0.012	T
1389	0.03057	0.03176	C
1390	0.01179	0.0125	G
1391	0.02659	0.02719	C
1392	0.01935	0.01978	A
1393	0.00395	0.00397	G
1394	0.00618	0.00627	G
1395	0.01892	0.02326	A
1396	0.00511	0.00514	T
1397	0.01332	0.01333	T
1398	0.01577	0.01607	T
1399	0.02469	0.02554	C
1400	0.01552	0.01758	T
1401	0.02658	0.02701	C
1402	0.02209	0.02342	A
1403	0.01711	0.01712	T
1404	0.01503	0.01529	T
1405	0.01002	0.02301	A
1406	0.03721	0.03768	C
1407	0.01432	0.01598	T
1408	0.02374	0.02388	A
1409	0.02156	0.0222	A
1410	0.03748	0.03874	C
1411	0.02312	0.02313	A
1412	0.02372	0.02424	A
1413	0.04016	0.04118	C
1414	0.02821	0.0293	A
1415	0.00672	0.007	T
1416	0.01071	0.01079	T
1417	0.01252	0.01257	T
1418	0.02151	0.02174	C
1419	0.01773	0.01774	C
1420	0.02194	0.02195	C
1421	0.01992	0.01992	C
1422	0.03019	0.03022	C
1423	0.0109	0.01277	G
1424	0.02291	0.02775	C
1425	0.02474	0.03669	A
1426	0.01533	0.01854	T
1427	0.01585	0.01597	C
1428	0.01841	0.01841	C
1429	0.02649	0.02661	C
1430	0.02324	0.02326	C
1431	0.02536	0.0254	C
1432	0.02058	0.02083	T
1433	0.01335	0.0135	T
1434	0.02261	0.02268	C
1435	0.02043	0.02049	C
1436	0.014	0.01422	A
1437	0.02176	0.02181	A
1438	0.01992	0.02006	A
1439	0.03749	0.04154	C
1440	0.02388	0.02392	A
1441	0.02142	0.02176	A
1442	0.03628	0.03767	C
1443	0.02064	0.02067	A
1444	0.02187	0.0224	A
1445	0.01895	0.02195	T
1446	0.01699	0.01727	C
1447	0.01617	0.01627	C
1448	0.0178	0.0178	C
1449	0.01746	0.01746	C
1450	0.01671	0.0168	C
1451	0.01752	0.01922	T
1452	0.0229	0.02359	C
1453	0.02119	0.02273	T
1454	0.02428	0.02657	A
1455	0.03096	0.03102	C
1456	0.02329	0.02376	C
1457	0.01416	0.01689	T
1458	0.01559	0.01614	A
1459	0.01154	0.0116	A
1460	0.02351	0.02354	A
1461	0.02061	0.02071	A
1462	0.02723	0.0314	C
1463	0.01481	0.01575	T
1464	0.0277	0.02788	C
1465	0.01123	0.0129	A
1466	0.01525	0.01589	C
1467	0.01174	0.01387	A
1468	0.00733	0.00806	G
1469	0.00865	0.00872	C
1470	0.01151	0.01152	C
1471	0.01818	0.01823	C
1472	0.01584	0.0171	T
1473	0.03333	0.03353	C
1474	0.01453	0.01482	G
1475	0.00942	0.00948	C
1476	0.0075	0.00761	T
1477	0.00884	0.00914	G
1478	0.00823	0.00876	T
1479	0.03273	0.03306	C
1480	0.01879	0.01919	A
1481	0.03643	0.03681	C
1482	0.01224	0.01227	T
1483	0.01224	0.01229	T
1484	0.00863	0.00864	T
1485	0.0287	0.02876	C
1486	0.00665	0.00665	C
1487	0.00331	0.00346	T
1488	0.00881	0.00918	A
1489	0.0017	0.00171	G
1490	0.0019	0.00194	G
1491	0.00856	0.01199	A
1492	0.00731	0.00745	C
1493	0.0043	0.00432	T
1494	0.01424	0.01442	T
1495	0.02545	0.03288	C
1496	0.0184	0.02114	T
1497	0.0303	0.03079	A
1498	0.02015	0.02035	A
1499	0.03524	0.03623	C
1500	0.01068	0.01152	A
1501	0.00466	0.00498	G
1502	0.00827	0.00832	C
1503	0.00396	0.00396	C
1504	0.00489	0.00496	C
1505	0.0026	0.00306	T
1506	0.00668	0.00799	A
1507	0.04001	0.04005	G
1508	0.03357	0.03371	A
1509	0.03158	0.03163	C
1510	0.01994	0.0201	C
1511	0.01457	0.01633	T
1512	0.02931	0.03003	C
1513	0.01853	0.01953	A
1514	0.02001	0.02013	A
1515	0.03322	0.03413	C
1516	0.02548	0.04823	T
1517	0.02354	0.02391	A
1518	0.05416	0.05431	C
1519	0.02711	0.02781	C
1520	0.02079	0.02333	T
1521	0.01916	0.01954	A
1522	0.01659	0.01674	A
1523	0.04713	0.04718	C
1524	0.02091	0.02151	C
1525	0.01522	0.01532	A
1526	0.01491	0.015	A
1527	0.03063	0.03173	C
1528	0.01766	0.01769	A
1529	0.01669	0.0167	A
1530	0.00857	0.00863	A
1531	0.02932	0.03175	C
1532	0.02376	0.02427	T
1533	0.01165	0.01207	T
1534	0.00937	0.00993	A
1535	0.01037	0.01043	A
1536	0.01696	0.01733	A
1537	0.01548	0.01556	A
1538	0.01465	0.02044	T
1539	0.01513	0.01516	A
1540	0.00886	0.00886	A
1541	0.01655	0.01655	A
1542	0.01707	0.0177	A
1543	0.02455	0.02643	T
1544	0.01694	0.01714	C
1545	0.00904	0.00907	C
1546	0.01531	0.01535	C
1547	0.01268	0.0128	C
1548	0.01408	0.01814	A
1549	0.01728	0.01751	C
1550	0.02382	0.02526	T
1551	0.01454	0.01524	A
1552	0.0139	0.01403	T
1553	0.94059	0.94251	G
1554	0.02031	0.02223	C
1555	0.01226	0.01313	A
1556	0.01754	0.01793	C
1557	0.01387	0.01444	A
1558	0.01418	0.01423	T
1559	0.01419	0.01425	T
1560	0.00924	0.00925	T
1561	0.01131	0.01185	T
1562	0.01079	0.01664	A
1563	0.01216	0.01216	T
1564	0.01314	0.01314	T
1565	0.01103	0.01122	T
1566	0.01711	0.01802	C
1567	0.01493	0.01991	T
1568	0.01681	0.01685	C
1569	0.01221	0.01237	C
1570	0.01768	0.01824	A
1571	0.01899	0.01915	A
1572	0.02467	0.02587	C
1573	0.02054	0.02195	A
1574	0.01873	0.01932	T
1575	0.01826	0.01878	A
1576	0.02172	0.02238	C
1577	0.0192	0.01973	T
1578	0.01804	0.01861	C
1579	0.01002	0.01011	G
1580	0.01556	0.0156	G
1581	0.01308	0.01568	A
1582	0.02061	0.02064	T
1583	0.01771	0.01812	T
1584	0.0175	0.0197	C
1585	0.03014	0.03445	T
1586	0.01494	0.01672	A
1587	0.02163	0.02179	C
1588	0.01095	0.01102	C
1589	0.00921	0.00936	C
1590	0.019	0.01964	T
1591	0.01845	0.01879	A
1592	0.01658	0.01704	G
1593	0.01794	0.01848	C
1594	0.01454	0.01482	A
1595	0.01362	0.0189	T
1596	0.01577	0.01688	C
1597	0.0191	0.01966	A
1598	0.02408	0.02518	C
1599	0.02044	0.02176	A
1600	0.02013	0.02155	C
1601	0.0162	0.02032	A
1602	0.02279	0.0228	C
1603	0.02083	0.02113	C
1604	0.02564	0.02757	G
1605	0.01632	0.01659	C
1606	0.01629	0.01909	A
1607	0.02754	0.02837	C
1608	0.01917	0.01923	A
1609	0.01779	0.01807	A
1610	0.02005	0.02353	T
1611	0.01513	0.01523	C
1612	0.01514	0.01518	C
1613	0.01658	0.01659	C
1614	0.01229	0.01229	C
1615	0.02423	0.02504	T
1616	0.0204	0.02073	A
1617	0.01518	0.01539	T
1618	0.01635	0.01655	C
1619	0.01	0.01025	T
1620	0.0157	0.01877	A
1621	0.00195	0.00198	G
1622	0.00337	0.00338	G
1623	0.01493	0.01495	C
1624	0.00721	0.00722	C
1625	0.02118	0.02129	T
1626	0.01973	0.02042	T
1627	0.01441	0.01774	C
1628	0.02245	0.02245	T
1629	0.01536	0.01543	T
1630	0.01163	0.02169	A
1631	0.03291	0.03356	C
1632	0.00857	0.00903	G
1633	0.0182	0.01868	A
1634	0.0057	0.00604	G
1635	0.01682	0.01687	C
1636	0.01381	0.01382	C
1637	0.01096	0.01129	A
1638	0.01044	0.01047	A
1639	0.01747	0.01754	A
1640	0.01949	0.0195	A
1641	0.02169	0.02239	C
1642	0.01401	0.01422	C
1643	0.02351	0.02459	T
1644	0.01329	0.01523	G
1645	0.0262	0.02634	C
1646	0.0072	0.00733	C
1647	0.01668	0.01672	C
1648	0.0132	0.01329	C
1649	0.025	0.02741	T
1650	0.01956	0.02245	A
1651	0.0218	0.02211	C
1652	0.01389	0.01694	T
1653	0.01871	0.01873	C
1654	0.01182	0.01253	C
1655	0.03242	0.03447	T
1656	0.02208	0.02208	C
1657	0.011	0.01132	C
1658	0.01274	0.01425	T
1659	0.01263	0.01546	A
1660	0.00563	0.00591	G
1661	0.01708	0.01722	A
1662	0.01896	0.01899	C
1663	0.00333	0.00348	C
1664	0.0159	0.0178	T
1665	0.01547	0.01558	A
1666	0.01599	0.01609	A
1667	0.0236	0.02364	C
1668	0.01396	0.01404	C
1669	0.02409	0.02597	T
1670	0.01471	0.01505	G
1671	0.01876	0.01919	A
1672	0.01732	0.01766	C
1673	0.01737	0.01839	T
1674	0.01598	0.01652	A
1675	0.00983	0.01268	G
1676	0.02055	0.02059	A
1677	0.01393	0.01404	A
1678	0.01557	0.01558	A
1679	0.01684	0.0169	A
1680	0.01442	0.01496	G
1681	0.01618	0.01649	C
1682	0.01881	0.01946	T
1683	0.01598	0.01686	A
1684	0.01738	0.01744	T
1685	0.0211	0.02204	T
1686	0.00918	0.0168	A
1687	0.02608	0.02631	C
1688	0.0141	0.01435	C
1689	0.01469	0.01851	T
1690	0.01453	0.01519	A
1691	0.01193	0.01215	A
1692	0.01722	0.01734	A
1693	0.01603	0.01617	A
1694	0.02407	0.03306	C
1695	0.01496	0.01501	A
1696	0.019	0.01906	A
1697	0.01485	0.01492	T
1698	0.01395	0.01403	T
1699	0.00809	0.00815	T
1700	0.01966	0.02083	C
1701	0.01739	0.01907	A
1702	0.02446	0.02487	C
1703	0.01855	0.01994	A
1704	0.01874	0.01996	G
1705	0.017	0.01745	C
1706	0.01794	0.0188	A
1707	0.02371	0.02375	C
1708	0.01472	0.01482	C
1709	0.00892	0.00899	A
1710	0.01541	0.01558	A
1711	0.01657	0.01663	A
1712	0.02013	0.02124	T
1713	0.01323	0.01331	C
1714	0.01314	0.01669	T
1715	0.01416	0.01418	C
1716	0.01094	0.01123	C
1717	0.0107	0.01344	A
1718	0.01903	0.01904	C
1719	0.00985	0.01011	C
1720	0.01207	0.01476	T
1721	0.02286	0.02286	C
1722	0.01399	0.01427	C
1723	0.01666	0.02	A
1724	0.01937	0.02012	T
1725	0.02029	0.02148	C
1726	0.02054	0.02231	A
1727	0.01629	0.01786	T
1728	0.02546	0.02714	C
1729	0.02418	0.02481	A
1730	0.02719	0.0272	C
1731	0.01729	0.01749	C
1732	0.01507	0.01737	T
1733	0.02587	0.02737	C
1734	0.01693	0.01882	A
1735	0.02062	0.02098	A
1736	0.02702	0.02716	C
1737	0.01676	0.01681	C
1738	0.01752	0.0177	C
1739	0.00491	0.00507	A
1740	0.01268	0.0127	A
1741	0.0323	0.03232	A
1742	0.02321	0.02322	A
1743	0.01418	0.01419	A
1744	0.00659	0.00668	G
1745	0.00458	0.00505	G
1746	0.02907	0.02937	C
1747	0.01897	0.01927	A
1748	0.01067	0.01877	T
1749	0.01273	0.01273	A
1750	0.01812	0.02004	A
1751	0.01636	0.01645	T
1752	0.01067	0.0112	T
1753	0.01149	0.01161	A
1754	0.0167	0.01681	A
1755	0.0212	0.02154	A
1756	0.02619	0.02772	C
1757	0.01504	0.0151	T
1758	0.01181	0.01195	T
1759	0.01294	0.01312	T
1760	0.01731	0.02157	A
1761	0.03196	0.03272	C
1762	0.01614	0.01621	T
1763	0.00993	0.00998	T
1764	0.02109	0.02155	C
1765	0.01614	0.01646	C
1766	0.01412	0.01539	T
1767	0.02562	0.02662	C
1768	0.02271	0.0235	T
1769	0.02409	0.02506	C
1770	0.01394	0.01398	T
1771	0.01636	0.01636	T
1772	0.01423	0.01441	T
1773	0.02109	0.02381	C
1774	0.01596	0.01596	T
1775	0.015	0.01534	T
1776	0.02097	0.02871	C
1777	0.02078	0.02078	T
1778	0.01427	0.01459	T
1779	0.02597	0.026	C
1780	0.02092	0.02117	C
1781	0.01903	0.01924	C
1782	0.014	0.01888	A
1783	0.02779	0.02802	C
1784	0.02004	0.02258	T
1785	0.01972	0.02093	C
1786	0.01682	0.02134	A
1787	0.0136	0.01716	T
1788	0.02394	0.02407	C
1789	0.00664	0.00681	C
1790	0.01733	0.0197	T
1791	0.01395	0.01452	A
1792	0.01724	0.01755	A
1793	0.0273	0.02742	C
1794	0.01855	0.01861	C
1795	0.01561	0.01588	C
1796	0.01973	0.02229	T
1797	0.01949	0.02267	A
1798	0.02882	0.02951	C
1799	0.01573	0.01863	T
1800	0.02277	0.0228	C
1801	0.01119	0.01151	C
1802	0.0168	0.01931	T
1803	0.02025	0.02057	A
1804	0.02168	0.0218	A
1805	0.0183	0.01945	T
1806	0.02684	0.0277	C
1807	0.01574	0.01641	A
1808	0.03232	0.03305	C
1809	0.02591	0.02734	A
1810	0.01275	0.01943	T
1811	0.02092	0.02092	A
1812	0.01906	0.0214	A
1813	0.03345	0.03378	C
1814	0.01851	0.01872	C
1815	0.01467	0.01527	T
1816	0.0237	0.02756	A
1817	0.01541	0.01548	T
1818	0.01696	0.01721	T
1819	0.01889	0.01906	C
1820	0.01578	0.01584	C
1821	0.01896	0.01901	C
1822	0.0195	0.0195	C
1823	0.02295	0.02295	C
1824	0.01894	0.01998	G
1825	0.02268	0.0241	A
1826	0.01871	0.01928	G
1827	0.03065	0.03196	C
1828	0.01723	0.01732	A
1829	0.02469	0.02477	A
1830	0.0206	0.02167	T
1831	0.01831	0.01867	C
1832	0.019	0.01964	T
1833	0.02304	0.02342	C
1834	0.01415	0.01432	A
1835	0.01961	0.0197	A
1836	0.02282	0.02293	T
1837	0.01503	0.01534	T
1838	0.00945	0.01717	A
1839	0.02359	0.02466	C
1840	0.01819	0.01829	A
1841	0.01619	0.01638	A
1842	0.01767	0.0184	T
1843	0.01478	0.0156	A
1844	0.01609	0.01687	T
1845	0.02196	0.0226	A
1846	0.01777	0.01897	T
1847	0.02033	0.02121	A
1848	0.02444	0.02543	C
1849	0.0145	0.01518	A
1850	0.02032	0.02041	C
1851	0.01422	0.01483	C
1852	0.01563	0.01569	A
1853	0.01432	0.01444	A
1854	0.02136	0.02269	C
1855	0.01917	0.01919	A
1856	0.01567	0.01569	A
1857	0.01282	0.01294	A
1858	0.01849	0.0216	C
1859	0.0158	0.0158	A
1860	0.01407	0.01424	A
1861	0.02018	0.02051	T
1862	0.02106	0.0217	G
1863	0.01309	0.01312	T
1864	0.01303	0.01306	T
1865	0.0177	0.01831	C
1866	0.01473	0.01491	A
1867	0.01646	0.01655	A
1868	0.02058	0.02068	C
1869	0.01348	0.01359	C
1870	0.01142	0.01395	A
1871	0.02465	0.02498	G
1872	0.01198	0.01785	T
1873	0.01266	0.01277	A
1874	0.01496	0.01518	A
1875	0.01836	0.01887	C
1876	0.02352	0.02496	T
1877	0.01633	0.01686	A
1878	0.01688	0.01764	C
1879	0.01876	0.01973	T
1880	0.01342	0.01395	A
1881	0.01446	0.01533	C
1882	0.01682	0.02184	T
1883	0.01245	0.01257	A
1884	0.01408	0.01441	A
1885	0.01688	0.01742	T
1886	0.01425	0.01467	C
1887	0.01292	0.01295	A
1888	0.0177	0.01807	A
1889	0.02603	0.02724	C
1890	0.0231	0.02631	G
1891	0.01326	0.01332	C
1892	0.00961	0.00962	C
1893	0.01171	0.01176	C
1894	0.01652	0.02046	A
1895	0.01657	0.02657	T
1896	0.01357	0.01359	A
1897	0.01375	0.01487	A
1898	0.02348	0.02508	T
1899	0.01467	0.01513	C
1900	0.01541	0.01604	A
1901	0.0206	0.02127	T
1902	0.01259	0.01314	A
1903	0.01506	0.01545	C
1904	0.01278	0.01278	A
1905	0.01191	0.01191	A
1906	0.01413	0.01447	A
1907	0.02748	0.03009	G
1908	0.01282	0.01303	C
1909	0.00657	0.0066	C
1910	0.00992	0.00993	C
1911	0.01106	0.01106	C
1912	0.01716	0.01717	C
1913	0.03156	0.0334	G
1914	0.01272	0.01333	C
1915	0.01927	0.02288	A
1916	0.01434	0.01434	C
1917	0.01457	0.01461	C
1918	0.01306	0.01314	A
1919	0.01474	0.01489	A
1920	0.0238	0.02655	T
1921	0.01433	0.01455	A
1922	0.01358	0.01361	G
1923	0.01398	0.01406	G
1924	0.01031	0.01266	A
1925	0.01081	0.0166	T
1926	0.01408	0.01425	C
1927	0.01147	0.0116	C
1928	0.02124	0.02574	T
1929	0.01903	0.01904	C
1930	0.01191	0.01191	C
1931	0.01452	0.01468	C
1932	0.02327	0.0243	G
1933	0.01302	0.01316	A
1934	0.014	0.01408	A
1935	0.02592	0.02642	T
1936	0.0138	0.01438	C
1937	0.01204	0.01216	A
1938	0.0131	0.01321	A
1939	0.01712	0.01717	C
1940	0.01316	0.01324	C
1941	0.00948	0.00953	C
1942	0.02162	0.0236	T
1943	0.0278	0.02867	G
1944	0.01334	0.01451	A
1945	0.01009	0.01021	C
1946	0.01042	0.01048	C
1947	0.00989	0.00992	C
1948	0.01129	0.01141	C
1949	0.03008	0.0326	T
1950	0.01271	0.01292	C
1951	0.02352	0.03247	T
1952	0.01027	0.01027	C
1953	0.00728	0.00739	C
1954	0.02745	0.02749	T
1955	0.0255	0.02574	T
1956	0.01113	0.01264	C
1957	0.01479	0.01568	A
1958	0.01542	0.01831	T
1959	0.00881	0.00884	A
1960	0.01137	0.01138	A
1961	0.01439	0.01524	A
1962	0.0135	0.01385	T
1963	0.01551	0.02076	T
1964	0.00999	0.01755	A
1965	0.01509	0.01509	T
1966	0.01856	0.01864	T
1967	0.01263	0.01395	C
1968	0.01394	0.01425	A
1969	0.02392	0.02421	G
1970	0.01126	0.01233	C
1971	0.02897	0.02922	T
1972	0.01628	0.01666	T
1973	0.01133	0.01137	C
1974	0.00826	0.00836	C
1975	0.02002	0.02056	T
1976	0.0134	0.01405	A
1977	0.01695	0.01753	C
1978	0.0118	0.01278	A
1979	0.01262	0.01293	C
1980	0.02084	0.02186	T
1981	0.01338	0.01643	A
1982	0.02081	0.02082	T
1983	0.01606	0.01643	T
1984	0.01036	0.01078	A
1985	0.01111	0.01127	A
1986	0.01275	0.0128	A
1987	0.02589	0.02687	G
1988	0.01302	0.01309	T
1989	0.01454	0.01454	T
1990	0.01578	0.01581	T
1991	0.01319	0.01418	A
1992	0.01399	0.01403	C
1993	0.01098	0.01103	C
1994	0.00983	0.01292	A
1995	0.0119	0.01451	C
1996	0.01277	0.01278	A
1997	0.01787	0.0181	A
1998	0.01231	0.01241	C
1999	0.00767	0.00797	C
2000	0.01267	0.01498	A
2001	0.01227	0.0123	C
2002	0.0102	0.01084	C
2003	0.00883	0.01301	A
2004	0.01176	0.01176	C
2005	0.0106	0.0106	C
2006	0.00901	0.00901	C
2007	0.00657	0.00662	C
2008	0.01471	0.01662	A
2009	0.03515	0.03652	T
2010	0.00986	0.01138	C
2011	0.01394	0.01444	A
2012	0.02334	0.02399	T
2013	0.01286	0.01379	A
2014	0.01491	0.01536	C
2015	0.02712	0.02754	T
2016	0.01188	0.01212	C
2017	0.02318	0.02323	T
2018	0.02043	0.02044	T
2019	0.01987	0.01991	T
2020	0.01446	0.01571	C
2021	0.01227	0.01349	A
2022	0.01834	0.0184	C
2023	0.00939	0.0094	C
2024	0.0084	0.00847	C
2025	0.00994	0.01117	A
2026	0.01264	0.01367	C
2027	0.01355	0.01452	A
2028	0.03081	0.03132	G
2029	0.01002	0.01032	C
2030	0.01083	0.01106	A
2031	0.01265	0.01267	C
2032	0.00913	0.00919	C
2033	0.01137	0.01142	A
2034	0.01345	0.01367	A
2035	0.02363	0.02732	T
2036	0.01294	0.01299	C
2037	0.00802	0.00813	C
2038	0.02128	0.02209	T
2039	0.01241	0.0128	A
2040	0.01629	0.01638	C
2041	0.00899	0.00941	C
2042	0.01693	0.01919	T
2043	0.01298	0.01299	C
2044	0.00759	0.00765	C
2045	0.01246	0.01454	A
2046	0.02161	0.02242	T
2047	0.01485	0.01659	C
2048	0.02651	0.027	G
2049	0.01093	0.01115	C
2050	0.0168	0.0225	T
2051	0.01985	0.0201	A
2052	0.01032	0.01053	A
2053	0.01433	0.01441	C
2054	0.00866	0.00877	C
2055	0.00896	0.00899	C
2056	0.00865	0.00873	C
2057	0.01053	0.01316	A
2058	0.01402	0.01431	C
2059	0.02047	0.02678	T
2060	0.01086	0.01169	A
2061	0.00874	0.00877	A
2062	0.015	0.01504	A
2063	0.01096	0.01098	A
2064	0.0133	0.01548	C
2065	0.01134	0.0116	A
2066	0.01504	0.01532	C
2067	0.02246	0.02507	T
2068	0.01304	0.01336	C
2069	0.01092	0.01137	A
2070	0.0202	0.0202	C
2071	0.01352	0.01376	C
2072	0.01324	0.0133	A
2073	0.01676	0.0169	A
2074	0.02417	0.02482	G
2075	0.01754	0.01764	A
2076	0.01298	0.01303	C
2077	0.01245	0.01268	C
2078	0.02062	0.02178	T
2079	0.01744	0.01851	C
2080	0.01194	0.01295	A
2081	0.01286	0.01327	A
2082	0.01859	0.01869	C
2083	0.01388	0.014	C
2084	0.00988	0.00988	C
2085	0.00789	0.00791	C
2086	0.0194	0.02118	T
2087	0.02413	0.02496	G
2088	0.01425	0.01525	A
2089	0.0129	0.0129	C
2090	0.01184	0.01192	C
2091	0.01645	0.01654	C
2092	0.01568	0.01572	C
2093	0.01255	0.01256	C
2094	0.01738	0.02091	A
2095	0.01407	0.01482	T
2096	0.00715	0.00757	G
2097	0.01873	0.01875	C
2098	0.01143	0.01146	C
2099	0.00762	0.00867	T
2100	0.01459	0.01497	C
2101	0.0164	0.01739	A
2102	0.00399	0.00401	G
2103	0.00531	0.00539	G
2104	0.00629	0.01332	A
2105	0.00752	0.00761	T
2106	0.01082	0.01138	A
2107	0.01959	0.02038	C
2108	0.01378	0.0186	T
2109	0.01722	0.01722	C
2110	0.00821	0.00837	C
2111	0.01081	0.01142	T
2112	0.02118	0.02153	C
2113	0.01482	0.01583	A
2114	0.01464	0.01476	A
2115	0.02107	0.02183	T
2116	0.016	0.01696	A
2117	0.00717	0.00743	G
2118	0.0109	0.01094	C
2119	0.01409	0.0141	C
2120	0.01532	0.01806	A
2121	0.01984	0.02106	T
2122	0.0222	0.02376	C
2123	0.01146	0.01163	G
2124	0.00937	0.00943	C
2125	0.00911	0.00924	T
2126	0.01886	0.01925	G
2127	0.01367	0.01453	T
2128	0.0122	0.01255	A
2129	0.01175	0.01238	G
2130	0.0155	0.01602	T
2131	0.01967	0.02053	A
2132	0.00648	0.00723	T
2133	0.01321	0.01388	A
2134	0.00676	0.00883	T
2135	0.0175	0.01769	C
2136	0.01377	0.01387	C
2137	0.0109	0.01096	A
2138	0.01878	0.01882	A
2139	0.01632	0.01634	A
2140	0.00607	0.0066	G
2141	0.01948	0.01992	A
2142	0.02731	0.02962	C
2143	0.017	0.017	A
2144	0.0191	0.01942	A
2145	0.02819	0.02833	C
2146	0.01304	0.01309	C
2147	0.01376	0.01579	A
2148	0.01462	0.01512	T
2149	0.02224	0.02274	C
2150	0.02485	0.02612	A
2151	0.01255	0.01286	T
2152	0.01619	0.01725	T
2153	0.01517	0.01536	C
2154	0.01711	0.01723	C
2155	0.02145	0.02151	C
2156	0.02074	0.02081	C
2157	0.01133	0.0114	C
2158	0.01545	0.01705	T
2159	0.0067	0.0068	A
2160	0.00741	0.0077	A
2161	0.00998	0.01014	A
2162	0.01057	0.01314	T
2163	0.008	0.008	A
2164	0.00822	0.00824	A
2165	0.01403	0.01554	A
2166	0.01003	0.0102	T
2167	0.01411	0.0167	T
2168	0.0019	0.00241	A
2169	0.00219	0.00237	A
2170	0.00497	0.00501	A
2171	0.01307	0.0132	A
2172	0.00974	0.00983	A
2173	0.00868	0.00874	A
2174	0.0101	0.01011	A
2175	0.02959	0.03364	C
2176	0.01051	0.01109	T
2177	0.01998	0.02028	A
2178	0.01347	0.01351	T
2179	0.0118	0.01215	T
2180	0.01227	0.01243	A
2181	0.01981	0.02011	A
2182	0.01956	0.01974	A
2183	0.03493	0.03515	C
2184	0.0217	0.02174	C
2185	0.01928	0.01933	C
2186	0.01657	0.02048	A
2187	0.01675	0.01721	T
2188	0.01894	0.0195	A
2189	0.0092	0.01186	T
2190	0.02549	0.02555	A
2191	0.02604	0.02733	A
2192	0.03038	0.03063	C
2193	0.01815	0.0184	C
2194	0.01253	0.01705	T
2195	0.01739	0.01744	C
2196	0.01204	0.01205	C
2197	0.01585	0.01585	C
2198	0.01882	0.01882	C
2199	0.02607	0.02612	C
2200	0.01026	0.01049	A
2201	0.00597	0.00599	A
2202	0.01132	0.01133	A
2203	0.0192	0.01922	A
2204	0.01101	0.01109	T
2205	0.0099	0.00995	T
2206	0.02972	0.03086	C
2207	0.02643	0.02659	A
2208	0.00982	0.01129	G
2209	0.01726	0.01726	A
2210	0.01826	0.01837	A
2211	0.0103	0.01395	T
2212	0.02402	0.02406	A
2213	0.01919	0.02093	A
2214	0.01119	0.01386	T
2215	0.0268	0.0268	A
2216	0.02322	0.02434	A
2217	0.03449	0.03591	C
2218	0.02767	0.03021	A
2219	0.03335	0.03553	C
2220	0.02203	0.02393	A
2221	0.03101	0.03103	C
2222	0.01889	0.01889	C
2223	0.0215	0.02159	C
2224	0.00977	0.01177	G
2225	0.02941	0.03127	A
2226	0.03042	0.03044	C
2227	0.02104	0.02121	C
2228	0.01534	0.02532	A
2229	0.03726	0.03885	C
2230	0.02522	0.02834	A
2231	0.03272	0.03272	C
2232	0.03384	0.03429	C
2233	0.01004	0.011	G
2234	0.01993	0.02034	C
2235	0.01055	0.01234	T
2236	0.02516	0.02535	A
2237	0.01882	0.01893	A
2238	0.04119	0.04189	C
2239	0.01739	0.01743	A
2240	0.02311	0.02333	A
2241	0.01268	0.01372	T
2242	0.03194	0.03256	C
2243	0.02902	0.02923	A
2244	0.02619	0.0272	A
2245	0.01353	0.01421	T
2246	0.03079	0.03168	A
2247	0.0313	0.03246	C
2248	0.00847	0.00931	T
2249	0.00856	0.00891	A
2250	0.01622	0.01683	A
2251	0.02813	0.02848	A
2252	0.02252	0.02292	C
2253	0.01379	0.01408	C
2254	0.01696	0.01701	C
2255	0.01536	0.01538	C
2256	0.02089	0.02091	C
2257	0.01469	0.02243	A
2258	0.00858	0.00948	T
2259	0.00773	0.00774	A
2260	0.02593	0.02593	A
2261	0.03306	0.03469	A
2262	0.01129	0.01208	T
2263	0.0304	0.03107	A
2264	0.00409	0.00417	G
2265	0.00465	0.00482	G
2266	0.0192	0.02389	A
2267	0.00482	0.0054	G
2268	0.02809	0.02809	A
2269	0.02479	0.026	A
2270	0.00405	0.00414	G
2271	0.00369	0.00379	G
2272	0.02739	0.02856	C
2273	0.00456	0.00465	T
2274	0.00508	0.00519	T
2275	0.01717	0.02246	A
2276	0.00472	0.00529	G
2277	0.03324	0.03325	A
2278	0.0342	0.03494	A
2279	0.0076	0.00963	G
2280	0.02259	0.02259	A
2281	0.01448	0.01448	A
2282	0.02386	0.02387	A
2283	0.02177	0.02185	A
2284	0.03072	0.03175	C
2285	0.01547	0.01554	C
2286	0.0146	0.01464	C
2287	0.0181	0.01814	C
2288	0.01068	0.01383	A
2289	0.03006	0.03123	C
2290	0.01746	0.01771	A
2291	0.01956	0.01964	A
2292	0.02334	0.02427	A
2293	0.0307	0.03121	C
2294	0.02451	0.02469	C
2295	0.02258	0.02258	C
2296	0.01834	0.01839	C
2297	0.01419	0.02527	A
2298	0.01288	0.01455	T
2299	0.01093	0.01107	T
2300	0.01254	0.02463	A
2301	0.05066	0.05162	C
2302	0.01333	0.01627	T
2303	0.00892	0.00908	A
2304	0.06309	0.06346	A
2305	0.02141	0.02165	A
2306	0.0319	0.03213	C
2307	0.01987	0.01994	C
2308	0.01848	0.01854	C
2309	0.01081	0.01959	A
2310	0.02923	0.03002	C
2311	0.01476	0.01658	A
2312	0.02747	0.02785	C
2313	0.0081	0.0093	T
2314	0.0213	0.02167	C
2315	0.01636	0.01702	A
2316	0.0158	0.01601	A
2317	0.03262	0.0332	C
2318	0.03473	0.03553	A
2319	0.00808	0.00922	G
2320	0.02629	0.02629	A
2321	0.01953	0.01954	A
2322	0.01647	0.01657	A
2323	0.04048	0.04298	C
2324	0.0172	0.01722	A
2325	0.01755	0.01755	A
2326	0.02599	0.02646	A
2327	0.00959	0.01095	G
2328	0.03022	0.03123	C
2329	0.02245	0.0231	A
2330	0.00993	0.01041	T
2331	0.01542	0.01609	A
2332	0.03658	0.03697	C
2333	0.02001	0.02035	A
2334	0.00762	0.00967	T
2335	0.02581	0.0266	C
2336	0.0215	0.0222	A
2337	0.00967	0.0097	T
2338	0.00596	0.00617	T
2339	0.00885	0.01771	A
2340	0.00429	0.00429	T
2341	0.00265	0.00267	T
2342	0.00494	0.00566	C
2343	0.00257	0.00331	T
2344	0.00743	0.00752	C
2345	0.00546	0.00624	G
2346	0.00599	0.00623	C
2347	0.0073	0.0078	A
2348	0.00787	0.00802	C
2349	0.00374	0.00375	G
2350	0.00165	0.00165	G
2351	0.00633	0.00736	A
2352	0.00513	0.00513	C
2353	0.00283	0.00286	T
2354	0.00334	0.00341	A
2355	0.00596	0.00615	C
2356	0.00391	0.00392	A
2357	0.00526	0.00532	A
2358	0.00528	0.00529	C
2359	0.00861	0.00862	C
2360	0.00375	0.0046	A
2361	0.00774	0.00804	C
2362	0.00375	0.00382	G
2363	0.00402	0.00405	A
2364	0.00484	0.00484	C
2365	0.00754	0.00757	C
2366	0.00216	0.00216	A
2367	0.00376	0.00378	A
2368	0.00272	0.00277	T
2369	0.00197	0.00204	G
2370	0.0077	0.00777	A
2371	0.00328	0.00331	T
2372	0.00684	0.00689	A
2373	0.00464	0.00469	T
2374	0.00323	0.00323	G
2375	0.00506	0.00506	A
2376	0.00553	0.00553	A
2377	0.00024	0.00024	A
2378	0.0	0.0	A
2379	0.0	0.0	A
