Position	Mismatches	Mismatches + Deletions	Base
1	0.0	0.0	A
2	0.0	0.0	T
3	0.0	0.0	G
4	0.00345	0.00345	G
5	0.01438	0.01438	C
6	0.03109	0.03123	A
7	0.02913	0.03279	C
8	0.01897	0.01917	A
9	0.00803	0.00825	T
10	0.00399	0.00498	G
11	0.02079	0.02182	C
12	0.01767	0.01859	A
13	0.00482	0.005	G
14	0.04403	0.04456	C
15	0.00648	0.00668	G
16	0.0437	0.04673	C
17	0.00987	0.00987	A
18	0.00808	0.00809	A
19	0.00251	0.00259	G
20	0.00124	0.00126	T
21	0.00317	0.00325	A
22	0.00257	0.00257	G
23	0.00311	0.00311	G
24	0.00117	0.00118	T
25	0.0018	0.00188	C
26	0.00417	0.0043	T
27	0.03761	0.03814	A
28	0.06238	0.06257	C
29	0.03844	0.03844	A
30	0.03232	0.03391	A
31	0.00196	0.00209	G
32	0.00616	0.0064	A
33	0.00343	0.00345	C
34	0.00629	0.00637	G
35	0.00248	0.00255	C
36	0.00102	0.00106	T
37	0.00404	0.00418	A
38	0.00316	0.00322	C
39	0.00104	0.00104	T
40	0.00263	0.00271	T
41	0.02295	0.02296	C
42	0.0228	0.02286	C
43	0.02917	0.02918	C
44	0.01705	0.01705	C
45	0.00704	0.00742	T
46	0.02338	0.02358	A
47	0.00622	0.00816	T
48	0.01901	0.01923	C
49	0.02122	0.02185	A
50	0.00609	0.00636	T
51	0.03685	0.03823	A
52	0.00285	0.00332	G
53	0.01892	0.01892	A
54	0.01712	0.01792	A
55	0.00241	0.00272	G
56	0.02784	0.02848	A
57	0.00391	0.00406	G
58	0.02369	0.02449	C
59	0.00668	0.00681	T
60	0.01041	0.01051	T
61	0.01991	0.02976	A
62	0.00773	0.00943	T
63	0.03543	0.03628	C
64	0.04304	0.04335	A
65	0.02976	0.02976	C
66	0.01556	0.01558	C
67	0.00365	0.0037	T
68	0.00586	0.00594	T
69	0.00633	0.00635	T
70	0.02492	0.02678	C
71	0.02722	0.02741	A
72	0.00386	0.00406	T
73	0.00252	0.00328	G
74	0.01492	0.01527	A
75	0.00429	0.00577	T
76	0.0448	0.0457	C
77	0.02954	0.03128	A
78	0.04838	0.05034	C
79	0.00411	0.0045	G
80	0.02881	0.02884	C
81	0.0067	0.00672	C
82	0.01939	0.01955	C
83	0.00561	0.0077	T
84	0.0269	0.02712	C
85	0.01464	0.01672	A
86	0.00945	0.01005	T
87	0.02189	0.02198	A
88	0.02455	0.02646	A
89	0.01798	0.01857	T
90	0.03315	0.03389	C
91	0.03034	0.03069	A
92	0.00668	0.00669	T
93	0.00494	0.00503	T
94	0.00989	0.00998	T
95	0.0088	0.00882	T
96	0.02505	0.02554	C
97	0.02466	0.02469	C
98	0.00818	0.0082	T
99	0.01018	0.0103	T
100	0.01389	0.03588	A
101	0.00893	0.00955	T
102	0.02975	0.0308	C
103	0.00842	0.00857	T
104	0.00357	0.00524	G
105	0.02491	0.02728	C
106	0.00672	0.00673	T
107	0.00714	0.0072	T
108	0.02859	0.0286	C
109	0.02048	0.02054	C
110	0.00764	0.0089	T
111	0.0228	0.03328	A
112	0.00381	0.00387	G
113	0.00646	0.00666	T
114	0.02113	0.02118	C
115	0.01457	0.01468	C
116	0.0052	0.00569	T
117	0.00469	0.00541	G
118	0.00704	0.00832	T
119	0.02259	0.02403	A
120	0.00908	0.00938	T
121	0.00528	0.00596	G
122	0.03407	0.03465	C
123	0.0127	0.01272	C
124	0.02377	0.02388	C
125	0.00305	0.0031	T
126	0.00484	0.00486	T
127	0.01011	0.01014	T
128	0.00863	0.00864	T
129	0.02517	0.02547	C
130	0.01595	0.01604	C
131	0.00822	0.00895	T
132	0.02693	0.02756	A
133	0.02309	0.02331	A
134	0.03158	0.03205	C
135	0.01939	0.01998	A
136	0.02711	0.02816	C
137	0.01141	0.01319	T
138	0.02882	0.0293	C
139	0.01779	0.01914	A
140	0.03666	0.03895	C
141	0.02437	0.02489	A
142	0.0216	0.02202	A
143	0.06018	0.06244	C
144	0.01992	0.02001	A
145	0.01837	0.01844	A
146	0.02167	0.02172	A
147	0.02505	0.02517	A
148	0.0301	0.04353	C
149	0.01073	0.01152	T
150	0.0216	0.02173	A
151	0.01952	0.02003	A
152	0.039	0.04057	C
153	0.00904	0.00943	T
154	0.02005	0.0203	A
155	0.02133	0.02188	A
156	0.01061	0.01124	T
157	0.02872	0.02894	A
158	0.04017	0.04233	C
159	0.0103	0.01133	T
160	0.03079	0.03098	A
161	0.02828	0.02955	A
162	0.04287	0.04428	C
163	0.03252	0.03435	A
164	0.00888	0.0098	T
165	0.03276	0.03295	C
166	0.00391	0.00484	T
167	0.00656	0.00668	C
168	0.00942	0.01045	A
169	0.00195	0.00211	G
170	0.0077	0.00783	A
171	0.00923	0.00931	C
172	0.00646	0.00669	G
173	0.03995	0.0404	C
174	0.00616	0.00766	T
175	0.02952	0.02959	C
176	0.03359	0.03453	A
177	0.00299	0.00301	G
178	0.00523	0.0053	G
179	0.0103	0.01036	A
180	0.03146	0.03156	A
181	0.02986	0.0301	A
182	0.00976	0.01091	T
183	0.03639	0.03673	A
184	0.00494	0.00543	G
185	0.02761	0.02762	A
186	0.0271	0.0271	A
187	0.0322	0.03287	A
188	0.06522	0.066	C
189	0.00602	0.00605	C
190	0.00324	0.00355	G
191	0.00146	0.00151	T
192	0.00354	0.00357	C
193	0.00173	0.00179	T
194	0.00311	0.0035	G
195	0.01371	0.01377	A
196	0.03554	0.03562	A
197	0.05347	0.05491	C
198	0.00884	0.00911	T
199	0.03377	0.03463	A
200	0.0082	0.00845	T
201	0.03298	0.03309	C
202	0.01504	0.01527	C
203	0.00609	0.00704	T
204	0.00455	0.0051	G
205	0.02295	0.02296	C
206	0.01556	0.01565	C
207	0.0238	0.02393	C
208	0.00517	0.00613	G
209	0.01437	0.01437	C
210	0.00571	0.00575	C
211	0.022	0.02708	A
212	0.00764	0.01028	T
213	0.04201	0.04312	C
214	0.02814	0.03139	A
215	0.00857	0.00903	T
216	0.03053	0.03119	C
217	0.02381	0.02414	C
218	0.00752	0.00859	T
219	0.03331	0.04286	A
220	0.0042	0.00435	G
221	0.00591	0.00618	T
222	0.01043	0.01047	C
223	0.019	0.01907	C
224	0.00652	0.00759	T
225	0.02835	0.02917	C
226	0.0228	0.02835	A
227	0.01049	0.01182	T
228	0.03266	0.03355	C
229	0.00822	0.0087	G
230	0.02941	0.02946	C
231	0.01222	0.01225	C
232	0.01705	0.01718	C
233	0.00669	0.00945	T
234	0.02868	0.02868	C
235	0.02705	0.02705	C
236	0.02045	0.02085	C
237	0.02622	0.03262	A
238	0.01302	0.01409	T
239	0.02852	0.02857	C
240	0.0255	0.02554	C
241	0.01414	0.01419	C
242	0.00876	0.00974	T
243	0.02775	0.02901	A
244	0.0485	0.04876	C
245	0.00727	0.00891	G
246	0.02018	0.02843	C
247	0.01827	0.01935	A
248	0.00854	0.00895	T
249	0.02923	0.02927	C
250	0.0197	0.01981	C
251	0.00721	0.00721	T
252	0.01174	0.01178	T
253	0.01043	0.01053	T
254	0.024	0.02917	A
255	0.04816	0.04872	C
256	0.03422	0.03507	A
257	0.01116	0.01319	T
258	0.03191	0.03197	A
259	0.02472	0.02623	A
260	0.04435	0.04576	C
261	0.03251	0.0335	A
262	0.00317	0.00335	G
263	0.02876	0.02891	A
264	0.05202	0.05235	C
265	0.00319	0.00324	G
266	0.01249	0.01293	A
267	0.00375	0.00376	G
268	0.00288	0.00292	G
269	0.00377	0.00477	T
270	0.02633	0.02692	C
271	0.02847	0.02851	A
272	0.03178	0.03194	A
273	0.0465	0.04738	C
274	0.00591	0.00626	G
275	0.03118	0.03271	A
276	0.01068	0.01123	T
277	0.03816	0.03823	C
278	0.01113	0.01118	C
279	0.01019	0.01027	C
280	0.00403	0.00614	T
281	0.01643	0.01643	C
282	0.02466	0.02466	C
283	0.01408	0.0143	C
284	0.00607	0.00614	T
285	0.00739	0.00754	T
286	0.00959	0.01976	A
287	0.02957	0.02961	C
288	0.01513	0.01529	C
289	0.01538	0.01926	A
290	0.00701	0.00744	T
291	0.03605	0.03651	C
292	0.01794	0.01813	A
293	0.02442	0.02542	A
294	0.03005	0.0311	A
295	0.00817	0.00955	T
296	0.03332	0.03379	C
297	0.02484	0.02513	A
298	0.0272	0.0283	A
299	0.01608	0.01614	T
300	0.01862	0.01867	T
301	0.00837	0.0087	G
302	0.00339	0.00339	G
303	0.01101	0.01106	C
304	0.00906	0.00925	C
305	0.01503	0.0215	A
306	0.02419	0.02422	C
307	0.02027	0.02045	C
308	0.01963	0.01965	A
309	0.01649	0.0169	A
310	0.00505	0.00511	T
311	0.00298	0.00299	G
312	0.00268	0.00271	G
313	0.00215	0.00221	T
314	0.01462	0.0148	A
315	0.02355	0.02368	C
316	0.00632	0.00652	T
317	0.00536	0.00635	G
318	0.02595	0.02625	A
319	0.02096	0.02107	A
320	0.03227	0.03231	C
321	0.01646	0.01674	C
322	0.00691	0.00751	T
323	0.02653	0.02678	A
324	0.03758	0.03772	C
325	0.0027	0.00274	G
326	0.01528	0.01582	A
327	0.00503	0.00521	G
328	0.00501	0.00524	T
329	0.01646	0.01708	A
330	0.02115	0.02154	C
331	0.03781	0.03796	A
332	0.03378	0.03379	C
333	0.02646	0.0266	C
334	0.0034	0.00452	G
335	0.03312	0.03336	A
336	0.02243	0.02261	C
337	0.00558	0.00583	T
338	0.0258	0.02769	A
339	0.04062	0.04084	C
340	0.00294	0.00303	G
341	0.00287	0.00287	G
342	0.01481	0.0149	C
343	0.0045	0.0045	G
344	0.00223	0.00227	G
345	0.02233	0.02922	A
346	0.03054	0.0309	C
347	0.00684	0.00712	T
348	0.02049	0.02059	A
349	0.02245	0.02261	A
350	0.01179	0.01223	T
351	0.03862	0.03884	C
352	0.00885	0.00885	T
353	0.01021	0.01034	T
354	0.03959	0.04192	C
355	0.02629	0.02702	A
356	0.02602	0.02642	A
357	0.03254	0.03548	C
358	0.00835	0.00885	T
359	0.03112	0.03112	C
360	0.01722	0.01809	C
361	0.00996	0.01066	T
362	0.02774	0.02898	A
363	0.04727	0.04773	C
364	0.03524	0.03682	A
365	0.01096	0.0115	T
366	0.03355	0.03421	A
367	0.04642	0.04898	C
368	0.01128	0.01135	T
369	0.02479	0.02509	T
370	0.02369	0.02379	C
371	0.01632	0.01648	C
372	0.02334	0.02343	C
373	0.02441	0.02443	C
374	0.02022	0.02027	C
375	0.01878	0.0279	A
376	0.00912	0.00919	T
377	0.00842	0.0086	T
378	0.01439	0.02918	A
379	0.00894	0.00895	T
380	0.00804	0.00815	T
381	0.03105	0.03138	C
382	0.019	0.01906	C
383	0.00716	0.0075	T
384	0.02835	0.02938	A
385	0.00627	0.00782	G
386	0.02876	0.02892	A
387	0.03119	0.03162	A
388	0.03951	0.0397	C
389	0.02896	0.02899	C
390	0.02573	0.03374	A
391	0.00254	0.00258	G
392	0.00402	0.00407	G
393	0.02423	0.02443	C
394	0.00601	0.00638	G
395	0.02226	0.02387	A
396	0.03003	0.03004	C
397	0.02075	0.02101	C
398	0.00614	0.0069	T
399	0.00301	0.00333	G
400	0.03151	0.03183	C
401	0.0051	0.00533	G
402	0.02489	0.02623	A
403	0.01732	0.01743	C
404	0.00454	0.00483	T
405	0.03014	0.03014	C
406	0.02189	0.02223	C
407	0.00621	0.00621	T
408	0.00705	0.00711	T
409	0.00257	0.00291	G
410	0.02054	0.02062	A
411	0.02525	0.02528	C
412	0.00606	0.00613	G
413	0.00537	0.00551	T
414	0.00531	0.00533	T
415	0.00346	0.00374	G
416	0.05447	0.05478	A
417	0.01592	0.01612	C
418	0.01169	0.01169	A
419	0.01337	0.01376	A
420	0.00293	0.00308	T
421	0.01231	0.01237	C
422	0.00329	0.00334	G
423	0.02035	0.0211	A
424	0.00436	0.00442	G
425	0.00647	0.00673	T
426	0.03539	0.03629	A
427	0.00634	0.00678	G
428	0.00706	0.00762	T
429	0.03417	0.03531	A
430	0.02618	0.02664	C
431	0.00447	0.00531	T
432	0.01441	0.01441	C
433	0.01941	0.01942	C
434	0.00929	0.00931	C
435	0.00247	0.00324	G
436	0.00998	0.0102	A
437	0.00295	0.00301	T
438	0.00262	0.00265	T
439	0.00401	0.00438	G
440	0.03953	0.03977	A
441	0.04406	0.04461	A
442	0.01245	0.01327	G
443	0.02027	0.02055	C
444	0.00636	0.00636	C
445	0.01903	0.01903	C
446	0.0208	0.0208	C
447	0.01826	0.01829	C
448	0.031	0.03262	A
449	0.00844	0.00848	T
450	0.00694	0.00697	T
451	0.0276	0.02818	C
452	0.00459	0.00474	G
453	0.00736	0.00809	T
454	0.01966	0.02015	A
455	0.00948	0.01076	T
456	0.02427	0.02457	A
457	0.02209	0.02507	A
458	0.01163	0.01301	T
459	0.02199	0.022	A
460	0.02566	0.02882	A
461	0.01196	0.01207	T
462	0.01074	0.01085	T
463	0.01395	0.03122	A
464	0.03917	0.04044	C
465	0.03203	0.03255	A
466	0.01034	0.01179	T
467	0.03603	0.03744	C
468	0.03027	0.03077	A
469	0.04535	0.04701	C
470	0.03699	0.03717	A
471	0.02333	0.02479	A
472	0.00247	0.00263	G
473	0.00786	0.00795	A
474	0.0051	0.00516	C
475	0.00394	0.00397	G
476	0.00156	0.00163	T
477	0.00351	0.00356	C
478	0.00318	0.0032	T
479	0.00341	0.00348	T
480	0.00269	0.00342	G
481	0.01095	0.01131	C
482	0.01189	0.0124	A
483	0.02614	0.02619	C
484	0.0057	0.00893	T
485	0.0349	0.03529	C
486	0.03317	0.0382	A
487	0.00857	0.00902	T
488	0.00274	0.00321	G
489	0.01394	0.01423	A
490	0.00343	0.0035	G
491	0.00794	0.00809	C
492	0.00473	0.00487	T
493	0.00859	0.00996	G
494	0.01519	0.01596	T
495	0.01999	0.02005	C
496	0.01528	0.01535	C
497	0.01617	0.01619	C
498	0.02132	0.02143	C
499	0.0148	0.01744	A
500	0.02826	0.02856	C
501	0.03465	0.03647	A
502	0.01212	0.01229	T
503	0.01098	0.01119	T
504	0.02337	0.04118	A
505	0.00202	0.00202	G
506	0.00188	0.00196	G
507	0.01138	0.01191	C
508	0.00521	0.00528	T
509	0.00602	0.00628	T
510	0.00382	0.00407	A
511	0.02203	0.02209	A
512	0.0132	0.01321	A
513	0.03038	0.03042	A
514	0.0245	0.02451	A
515	0.05569	0.05934	C
516	0.02228	0.02531	A
517	0.00473	0.00498	G
518	0.03155	0.03212	A
519	0.00348	0.00357	T
520	0.00312	0.00328	G
521	0.01081	0.01113	C
522	0.01885	0.01894	A
523	0.03209	0.03245	A
524	0.00898	0.009	T
525	0.00868	0.00876	T
526	0.03336	0.03341	C
527	0.03601	0.03605	C
528	0.04479	0.0448	C
529	0.00353	0.00361	G
530	0.00217	0.00217	G
531	0.00837	0.00974	A
532	0.0056	0.00569	C
533	0.0051	0.00514	G
534	0.0028	0.00296	T
535	0.00789	0.00791	C
536	0.00493	0.00553	T
537	0.00727	0.00743	A
538	0.0254	0.0255	A
539	0.02738	0.02741	A
540	0.03904	0.03912	C
541	0.01602	0.0161	C
542	0.01605	0.01615	A
543	0.02697	0.02729	A
544	0.03004	0.03004	A
545	0.03661	0.03697	C
546	0.02466	0.02479	C
547	0.01504	0.02262	A
548	0.03523	0.03583	C
549	0.00714	0.00735	T
550	0.01156	0.01162	T
551	0.01479	0.0148	T
552	0.02951	0.03146	C
553	0.029	0.03038	A
554	0.03203	0.03206	C
555	0.02762	0.02779	C
556	0.00865	0.00972	G
557	0.0184	0.01889	C
558	0.00815	0.00866	T
559	0.03074	0.03193	A
560	0.03699	0.03751	C
561	0.02754	0.02874	A
562	0.03028	0.03088	C
563	0.00498	0.00549	G
564	0.0183	0.01857	A
565	0.02409	0.02413	C
566	0.02275	0.02303	C
567	0.00453	0.00453	G
568	0.00174	0.00174	G
569	0.00198	0.00198	G
570	0.00258	0.00258	G
571	0.00511	0.00511	G
572	0.00524	0.00568	T
573	0.01999	0.02033	A
574	0.00833	0.00873	T
575	0.03052	0.03066	A
576	0.02299	0.02329	C
577	0.00493	0.00516	T
578	0.02011	0.02045	A
579	0.03232	0.03284	C
580	0.00452	0.00452	G
581	0.00289	0.00289	G
582	0.00389	0.00426	T
583	0.00969	0.00991	C
584	0.01914	0.01924	A
585	0.01506	0.01513	A
586	0.00555	0.00561	T
587	0.00348	0.00364	G
588	0.0238	0.02388	C
589	0.00782	0.0081	T
590	0.02643	0.02652	C
591	0.00337	0.00345	T
592	0.00263	0.0029	G
593	0.00424	0.00426	A
594	0.00801	0.00818	A
595	0.00785	0.00785	A
596	0.0123	0.01334	T
597	0.00691	0.00692	C
598	0.00203	0.00212	T
599	0.00421	0.00431	G
600	0.00125	0.00139	T
601	0.00247	0.00247	G
602	0.00152	0.00158	G
603	0.04699	0.05913	A
604	0.00828	0.00855	G
605	0.04738	0.05208	C
606	0.01541	0.01542	A
607	0.03103	0.03137	A
608	0.04778	0.04779	A
609	0.0028	0.00283	C
610	0.00151	0.00154	C
611	0.00617	0.00842	A
612	0.00434	0.00438	C
613	0.00404	0.00453	A
614	0.00421	0.00428	G
615	0.001	0.00101	T
616	0.00157	0.00157	T
617	0.00188	0.00188	T
618	0.00596	0.00614	C
619	0.01464	0.01581	A
620	0.01152	0.01169	T
621	0.00336	0.00375	G
622	0.02366	0.02366	C
623	0.02723	0.02727	C
624	0.01179	0.01179	C
625	0.01906	0.02288	A
626	0.00564	0.00612	T
627	0.02932	0.02948	C
628	0.00502	0.00539	G
629	0.0044	0.00476	T
630	0.00937	0.00938	C
631	0.00786	0.00789	C
632	0.00514	0.0053	T
633	0.02219	0.02254	A
634	0.00521	0.0054	G
635	0.02784	0.0279	A
636	0.02781	0.02798	A
637	0.00873	0.009	T
638	0.00854	0.0089	T
639	0.01916	0.01934	A
640	0.03592	0.0364	A
641	0.01354	0.01357	T
642	0.01961	0.01989	T
643	0.02019	0.0207	C
644	0.01543	0.01565	C
645	0.01558	0.01584	C
646	0.0183	0.01835	C
647	0.01197	0.01321	T
648	0.00267	0.00282	A
649	0.01479	0.01505	A
650	0.01356	0.01367	A
651	0.02288	0.023	A
652	0.01835	0.01853	A
653	0.00959	0.01036	T
654	0.03339	0.03393	C
655	0.00846	0.00846	T
656	0.01115	0.01115	T
657	0.00947	0.00951	T
658	0.00534	0.00635	G
659	0.00931	0.00931	A
660	0.02742	0.02743	A
661	0.01852	0.01852	A
662	0.00539	0.00554	T
663	0.01833	0.01883	A
664	0.00252	0.00256	G
665	0.00267	0.0027	G
666	0.0032	0.00322	G
667	0.03721	0.03732	C
668	0.0262	0.0262	C
669	0.03403	0.03409	C
670	0.00699	0.00803	G
671	0.01197	0.01286	T
672	0.01768	0.01797	A
673	0.00824	0.00824	T
674	0.00902	0.00902	T
675	0.00861	0.0087	T
676	0.06051	0.06651	A
677	0.00929	0.00931	C
678	0.00603	0.00605	C
679	0.00531	0.00531	C
680	0.00262	0.0027	T
681	0.01042	0.01249	A
682	0.00919	0.01007	T
683	0.03302	0.03365	A
684	0.04702	0.04985	G
685	0.02909	0.03104	C
686	0.03134	0.03356	A
687	0.02354	0.02354	C
688	0.02079	0.02083	C
689	0.02075	0.02075	C
690	0.0212	0.0212	C
691	0.01356	0.01356	C
692	0.01069	0.0118	T
693	0.02025	0.02075	C
694	0.01615	0.02632	T
695	0.02588	0.02883	A
696	0.0177	0.01779	C
697	0.0162	0.01626	C
698	0.01377	0.01377	C
699	0.01089	0.01089	C
700	0.01225	0.01225	C
701	0.00624	0.00663	T
702	0.01914	0.01939	C
703	0.00876	0.00887	T
704	0.05285	0.05734	A
705	0.01398	0.01398	G
706	0.00129	0.00129	A
707	0.0	0.0	G
708	0.0	0.0	C
