Position	Mismatches	Mismatches + Deletions	Base
1	0.0	0.0	A
2	0.0	0.0	C
3	0.0	0.0	T
4	0.00231	0.00231	G
5	0.01325	0.01325	A
6	0.00517	0.00517	T
7	0.00484	0.00565	G
8	0.00614	0.00667	T
9	0.00628	0.00635	T
10	0.01944	0.02125	C
11	0.00611	0.00633	G
12	0.02901	0.03089	C
13	0.02685	0.0273	C
14	0.00532	0.00695	G
15	0.03349	0.03393	A
16	0.04444	0.04444	C
17	0.02664	0.02683	C
18	0.00634	0.00686	G
19	0.00868	0.00881	T
20	0.00937	0.00944	T
21	0.00386	0.00407	G
22	0.02914	0.02934	A
23	0.03046	0.03068	C
24	0.0075	0.00757	T
25	0.0253	0.02672	A
26	0.00892	0.00892	T
27	0.00747	0.00754	T
28	0.01982	0.02518	C
29	0.00849	0.00855	T
30	0.02161	0.02195	C
31	0.00878	0.00889	T
32	0.02267	0.02323	A
33	0.03721	0.03771	C
34	0.02101	0.02109	A
35	0.0242	0.02422	A
36	0.02676	0.02739	A
37	0.02621	0.02643	C
38	0.01744	0.01757	C
39	0.01259	0.01833	A
40	0.0318	0.03292	C
41	0.03024	0.03024	A
42	0.02492	0.02492	A
43	0.03219	0.033	A
44	0.00499	0.00549	G
45	0.02297	0.02304	A
46	0.02784	0.02807	C
47	0.02499	0.02531	A
48	0.00832	0.00845	T
49	0.00802	0.00802	T
50	0.00365	0.00371	G
51	0.0049	0.00505	G
52	0.02366	0.02372	A
53	0.02762	0.02768	A
54	0.0354	0.03627	C
55	0.0285	0.02884	A
56	0.03106	0.0314	C
57	0.00769	0.00791	T
58	0.01984	0.02698	A
59	0.00997	0.0108	T
60	0.02568	0.02679	A
61	0.04112	0.04152	C
62	0.02242	0.023	C
63	0.00631	0.00669	T
64	0.0222	0.02295	A
65	0.00694	0.00694	T
66	0.00741	0.00758	T
67	0.0095	0.02683	A
68	0.00634	0.00634	T
69	0.00489	0.00493	T
70	0.01481	0.01596	C
71	0.00404	0.00404	G
72	0.0043	0.00435	G
73	0.01847	0.01864	C
74	0.0055	0.00618	G
75	0.02013	0.02061	C
76	0.01934	0.01977	A
77	0.00425	0.00434	T
78	0.00208	0.00237	G
79	0.02479	0.02527	A
80	0.00356	0.00359	G
81	0.01242	0.01261	C
82	0.00237	0.00274	T
83	0.00306	0.00306	G
84	0.0025	0.00251	G
85	0.02111	0.02952	A
86	0.00494	0.005	G
87	0.00651	0.00695	T
88	0.01243	0.01244	C
89	0.00576	0.00577	C
90	0.00436	0.00458	T
91	0.03047	0.03204	A
92	0.00177	0.0018	G
93	0.00385	0.00386	G
94	0.00668	0.00705	C
95	0.02398	0.02713	A
96	0.01076	0.01095	C
97	0.01187	0.01352	A
98	0.0046	0.00472	G
99	0.00389	0.00392	C
100	0.00266	0.00277	T
101	0.00217	0.00222	C
102	0.00532	0.00627	T
103	0.01687	0.01709	A
104	0.04259	0.04274	A
105	0.00237	0.00251	G
106	0.02741	0.02742	C
107	0.00307	0.00307	C
108	0.00196	0.00317	T
109	0.01311	0.01311	C
110	0.02324	0.02361	C
111	0.00719	0.00721	T
112	0.0142	0.01433	T
113	0.01011	0.04345	A
114	0.01073	0.01073	T
115	0.00987	0.00995	T
116	0.05891	0.06219	C
117	0.00333	0.00359	G
118	0.02514	0.02596	A
119	0.00412	0.00414	G
120	0.01293	0.01294	C
121	0.0263	0.02639	C
122	0.00544	0.00582	G
123	0.01704	0.01807	A
124	0.00358	0.00361	G
125	0.00784	0.00796	C
126	0.00358	0.0039	T
127	0.00303	0.00304	G
128	0.00453	0.00458	G
129	0.00452	0.00453	G
130	0.00771	0.00775	C
131	0.00756	0.00764	C
132	0.02748	0.03793	A
133	0.00524	0.00529	G
134	0.03213	0.03216	C
135	0.02448	0.02459	C
136	0.01815	0.02478	A
137	0.00163	0.00165	G
138	0.00476	0.00477	G
139	0.0236	0.02406	C
140	0.04261	0.04275	A
141	0.02982	0.0299	A
142	0.03328	0.03334	C
143	0.02429	0.02436	C
144	0.00653	0.00654	T
145	0.0089	0.00894	T
146	0.02928	0.03647	C
147	0.00982	0.00988	T
148	0.03306	0.03427	A
149	0.00204	0.00206	G
150	0.00411	0.00415	G
151	0.00247	0.00264	T
152	0.01173	0.01176	A
153	0.01189	0.01197	A
154	0.01429	0.01455	C
155	0.00491	0.00513	G
156	0.04111	0.04174	A
157	0.03112	0.03115	C
158	0.02911	0.02929	C
159	0.02216	0.02938	A
160	0.04511	0.04601	C
161	0.02576	0.03055	A
162	0.01147	0.01198	T
163	0.03668	0.03685	C
164	0.01122	0.01165	T
165	0.03094	0.03235	A
166	0.04783	0.04868	C
167	0.03034	0.03036	A
168	0.03731	0.03798	A
169	0.01713	0.0174	C
170	0.00499	0.00509	G
171	0.00293	0.00294	T
172	0.00342	0.00354	T
173	0.00672	0.01572	A
174	0.00381	0.00447	T
175	0.01627	0.01651	C
176	0.00638	0.00657	G
177	0.00754	0.00834	T
178	0.02876	0.02893	C
179	0.03495	0.03778	A
180	0.02296	0.02425	C
181	0.02206	0.0248	A
182	0.00431	0.00465	G
183	0.00712	0.00713	C
184	0.00632	0.00632	C
185	0.00735	0.0074	C
186	0.0097	0.0146	A
187	0.00611	0.00626	T
188	0.00302	0.00318	G
189	0.01174	0.01184	C
190	0.02135	0.02182	A
191	0.00648	0.00651	T
192	0.00779	0.00782	T
193	0.00966	0.00967	T
194	0.00422	0.00457	G
195	0.01011	0.0108	T
196	0.02276	0.02326	A
197	0.01725	0.01738	A
198	0.00746	0.00778	T
199	0.02081	0.02093	A
200	0.01722	0.02079	A
201	0.00698	0.00748	T
202	0.04682	0.04808	C
203	0.00755	0.00756	T
204	0.00837	0.0085	T
205	0.02227	0.03535	C
206	0.00998	0.00998	T
207	0.00999	0.01029	T
208	0.03473	0.03672	C
209	0.03114	0.03198	A
210	0.01005	0.01032	T
211	0.02957	0.03041	A
212	0.00511	0.00582	G
213	0.00728	0.00784	T
214	0.03585	0.03611	A
215	0.0243	0.02545	A
216	0.01671	0.0183	T
217	0.0337	0.03489	A
218	0.03923	0.04089	C
219	0.0211	0.02119	C
220	0.0152	0.01525	C
221	0.02013	0.02515	A
222	0.01013	0.01211	T
223	0.02703	0.02763	C
224	0.02469	0.02606	A
225	0.00722	0.00772	T
226	0.02559	0.02562	A
227	0.02154	0.02598	A
228	0.00395	0.00472	T
229	0.01107	0.01167	C
230	0.00419	0.00427	G
231	0.00187	0.0019	G
232	0.01804	0.02424	A
233	0.0032	0.0032	G
234	0.00389	0.00392	G
235	0.00942	0.00967	C
236	0.0027	0.0027	T
237	0.00645	0.00649	T
238	0.00517	0.00517	T
239	0.00229	0.00232	G
240	0.00358	0.00359	G
241	0.03854	0.03888	C
242	0.02288	0.02294	A
243	0.01685	0.01686	A
244	0.01465	0.01493	C
245	0.00466	0.00469	T
246	0.00459	0.00543	G
247	0.03096	0.03118	A
248	0.03718	0.03753	C
249	0.00899	0.00909	T
250	0.0272	0.0284	A
251	0.00539	0.00559	G
252	0.00415	0.00421	T
253	0.00365	0.00369	T
254	0.01388	0.01389	C
255	0.01386	0.01386	C
256	0.01322	0.01324	C
257	0.01148	0.0115	C
258	0.00542	0.00624	T
259	0.03225	0.03286	A
260	0.02848	0.0287	A
261	0.00901	0.00964	T
262	0.03087	0.03088	A
263	0.02475	0.02958	A
264	0.0055	0.00581	T
265	0.02102	0.02211	C
266	0.00334	0.00336	G
267	0.00384	0.00389	G
268	0.00763	0.00797	T
269	0.0054	0.00585	G
270	0.01135	0.01144	C
271	0.0043	0.0043	C
272	0.01274	0.01276	C
273	0.00399	0.00399	C
274	0.00438	0.00438	C
275	0.00342	0.0038	G
276	0.00908	0.00922	A
277	0.00241	0.00244	T
278	0.02034	0.02068	A
279	0.00497	0.00503	T
280	0.00193	0.00197	G
281	0.00248	0.00249	G
282	0.02902	0.02918	C
283	0.00506	0.00526	G
284	0.00303	0.00316	T
285	0.0087	0.00874	T
286	0.00886	0.00889	T
287	0.02872	0.02888	C
288	0.02806	0.02807	C
289	0.02532	0.02532	C
290	0.0244	0.0244	C
291	0.00525	0.00724	G
292	0.0255	0.02572	C
293	0.02197	0.02363	A
294	0.00911	0.01025	T
295	0.02712	0.02716	A
296	0.02247	0.02251	A
297	0.02546	0.02568	A
298	0.03956	0.04248	C
299	0.02565	0.02567	A
300	0.0252	0.02576	A
301	0.03811	0.03907	C
302	0.03142	0.03316	A
303	0.00785	0.0101	T
304	0.03137	0.03137	A
305	0.02846	0.02992	A
306	0.0047	0.00571	G
307	0.02357	0.0242	C
308	0.00718	0.00721	T
309	0.00722	0.00732	T
310	0.0187	0.02162	C
311	0.00737	0.00751	T
312	0.00278	0.00408	G
313	0.02835	0.02871	A
314	0.01959	0.01972	C
315	0.00642	0.00653	T
316	0.02623	0.02711	C
317	0.00642	0.00644	T
318	0.00765	0.00786	T
319	0.02124	0.04888	A
320	0.02555	0.02576	C
321	0.01181	0.01202	C
322	0.00447	0.0064	T
323	0.0259	0.02625	C
324	0.0122	0.01221	C
325	0.01478	0.01527	C
326	0.00547	0.00624	T
327	0.03236	0.03291	C
328	0.00724	0.00793	T
329	0.02303	0.02354	C
330	0.00475	0.00524	T
331	0.01818	0.01819	C
332	0.01041	0.01092	C
333	0.00551	0.00613	T
334	0.03299	0.03988	A
335	0.02209	0.02257	C
336	0.00437	0.00469	T
337	0.01647	0.01649	C
338	0.01034	0.01072	C
339	0.00547	0.00602	T
340	0.00272	0.00326	G
341	0.01425	0.01468	C
342	0.00468	0.00669	T
343	0.03253	0.03308	C
344	0.00714	0.00875	G
345	0.01944	0.021	C
346	0.02586	0.02686	A
347	0.00707	0.00764	T
348	0.02374	0.02392	C
349	0.00685	0.00701	T
350	0.00402	0.00417	G
351	0.01664	0.01687	C
352	0.0068	0.00693	T
353	0.02508	0.02545	A
354	0.00815	0.00827	T
355	0.0289	0.03006	A
356	0.00348	0.00376	G
357	0.00616	0.00659	T
358	0.00287	0.00287	G
359	0.00173	0.00175	G
360	0.0095	0.01183	A
361	0.00284	0.00284	G
362	0.00363	0.00368	G
363	0.03226	0.0324	C
364	0.04001	0.04004	C
365	0.0042	0.0043	G
366	0.00226	0.00232	G
367	0.00565	0.0067	A
368	0.00444	0.00468	G
369	0.08334	0.08364	C
370	0.0098	0.01008	A
371	0.00261	0.00263	G
372	0.00393	0.004	G
373	0.01201	0.01203	A
374	0.02581	0.02586	A
375	0.04957	0.05027	C
376	0.02722	0.02747	A
377	0.00323	0.00326	G
378	0.00333	0.00335	G
379	0.00345	0.00347	T
380	0.00435	0.00435	T
381	0.00499	0.00515	G
382	0.03156	0.03164	A
383	0.03165	0.03167	A
384	0.06551	0.06583	C
385	0.0396	0.04017	A
386	0.00373	0.00383	G
387	0.0025	0.00262	T
388	0.00692	0.00709	C
389	0.00393	0.00536	T
390	0.01518	0.01671	A
391	0.01575	0.01583	C
392	0.02835	0.02852	C
393	0.01707	0.01724	C
394	0.00243	0.00411	T
395	0.0078	0.0078	C
396	0.00905	0.00905	C
397	0.01366	0.01379	C
398	0.0038	0.00382	T
399	0.00741	0.00741	T
400	0.03145	0.04736	A
401	0.00546	0.00601	G
402	0.0395	0.04048	C
403	0.02036	0.02082	A
404	0.00124	0.00124	G
405	0.00197	0.00201	G
406	0.00313	0.00314	G
407	0.01647	0.01653	A
408	0.03148	0.03152	A
409	0.04153	0.04276	C
410	0.00806	0.00866	T
411	0.05445	0.05798	A
412	0.01934	0.01987	C
413	0.00446	0.00477	T
414	0.01107	0.01107	C
415	0.00936	0.00936	C
416	0.02797	0.0282	C
417	0.02112	0.0341	A
418	0.03377	0.03377	C
419	0.0266	0.0266	C
420	0.02221	0.02327	C
421	0.00524	0.00584	T
422	0.0019	0.00193	G
423	0.00164	0.00175	G
424	0.01291	0.01704	A
425	0.00359	0.00361	G
426	0.04448	0.04465	C
427	0.01022	0.01029	C
428	0.00377	0.00514	T
429	0.02872	0.02872	C
430	0.03629	0.03638	C
431	0.00343	0.00387	G
432	0.00314	0.00342	T
433	0.01705	0.01773	A
434	0.00321	0.00326	G
435	0.01324	0.01344	A
436	0.01363	0.01367	C
437	0.00394	0.00401	C
438	0.00739	0.00789	T
439	0.02259	0.0229	A
440	0.02093	0.02106	A
441	0.02443	0.0245	C
442	0.0137	0.01376	C
443	0.02709	0.03396	A
444	0.007	0.00754	T
445	0.02649	0.02665	C
446	0.00651	0.00659	T
447	0.01492	0.01504	T
448	0.0168	0.02342	C
449	0.00602	0.00619	T
450	0.02232	0.02232	C
451	0.01497	0.01538	C
452	0.0073	0.00733	T
453	0.0184	0.01855	T
454	0.01203	0.03182	A
455	0.01862	0.01888	C
456	0.01309	0.01362	A
457	0.01474	0.01479	C
458	0.01264	0.01276	C
459	0.00404	0.00434	T
460	0.03409	0.03502	A
461	0.00468	0.0053	G
462	0.03254	0.03289	C
463	0.03339	0.03411	A
464	0.00192	0.00193	G
465	0.0026	0.00267	G
466	0.00143	0.0015	T
467	0.00333	0.00347	G
468	0.00292	0.00328	T
469	0.0284	0.0286	C
470	0.00565	0.00593	T
471	0.01843	0.01849	C
472	0.01307	0.01335	C
473	0.00516	0.00565	T
474	0.03142	0.03239	C
475	0.00682	0.00703	T
476	0.02683	0.02814	A
477	0.00865	0.00897	T
478	0.04239	0.04279	C
479	0.00902	0.00902	T
480	0.00961	0.00974	T
481	0.01631	0.02148	A
482	0.00292	0.00293	G
483	0.00178	0.00179	G
484	0.00242	0.00244	G
485	0.00452	0.00453	G
486	0.0353	0.03536	C
487	0.01559	0.01567	C
488	0.01818	0.02169	A
489	0.00797	0.00846	T
490	0.03795	0.03832	C
491	0.016	0.0161	A
492	0.03145	0.03179	A
493	0.00616	0.00621	T
494	0.01034	0.01042	T
495	0.01011	0.01018	T
496	0.03184	0.03456	C
497	0.03077	0.0315	A
498	0.01355	0.01508	T
499	0.03753	0.03893	C
500	0.02584	0.02657	A
501	0.04739	0.05192	C
502	0.02253	0.02259	A
503	0.02085	0.02111	A
504	0.05209	0.05424	C
505	0.01697	0.01701	A
506	0.02247	0.02284	A
507	0.01046	0.01073	T
508	0.01055	0.01071	T
509	0.01407	0.03171	A
510	0.01103	0.01168	T
511	0.04159	0.04268	C
512	0.03238	0.03406	A
513	0.02446	0.02563	A
514	0.01018	0.01071	T
515	0.02927	0.0305	A
516	0.01086	0.01155	T
517	0.02148	0.0215	A
518	0.01433	0.01434	A
519	0.02706	0.02706	A
520	0.03194	0.03212	A
521	0.02137	0.0222	C
522	0.01484	0.01488	C
523	0.01384	0.01387	C
524	0.01532	0.01534	C
525	0.01393	0.01394	C
526	0.00966	0.01145	T
527	0.00423	0.00443	G
528	0.02271	0.02272	C
529	0.01933	0.01939	C
530	0.01386	0.02848	A
531	0.00958	0.0128	T
532	0.02544	0.02549	A
533	0.01907	0.02393	A
534	0.03399	0.03422	C
535	0.02575	0.02585	C
536	0.0273	0.02737	C
537	0.01777	0.01804	A
538	0.02621	0.0267	A
539	0.01511	0.01654	T
540	0.03559	0.03592	A
541	0.04123	0.04147	C
542	0.02633	0.02651	C
543	0.01212	0.01223	A
544	0.02362	0.02385	A
545	0.02856	0.02923	A
546	0.0463	0.05089	C
547	0.00538	0.00596	G
548	0.01611	0.01613	C
549	0.00767	0.00769	C
550	0.01336	0.01336	C
551	0.01559	0.01561	C
552	0.00444	0.00542	T
553	0.03096	0.03144	C
554	0.00678	0.0068	T
555	0.00763	0.00793	T
556	0.03357	0.03492	C
557	0.00358	0.00381	G
558	0.00605	0.00643	T
559	0.01814	0.0182	C
560	0.00734	0.00763	T
561	0.00357	0.00528	G
562	0.02615	0.02694	A
563	0.00712	0.00729	T
564	0.03414	0.03428	C
565	0.02709	0.02729	C
566	0.00505	0.00699	G
567	0.00766	0.00805	T
568	0.02355	0.02359	C
569	0.01569	0.01572	C
570	0.00908	0.00967	T
571	0.02468	0.02533	A
572	0.02635	0.02657	A
573	0.0082	0.0093	T
574	0.03149	0.03182	C
575	0.03204	0.03409	A
576	0.02173	0.02228	C
577	0.01819	0.01978	A
578	0.00412	0.00435	G
579	0.01127	0.01179	C
580	0.01326	0.0156	A
581	0.00379	0.00388	G
582	0.00557	0.00607	T
583	0.02402	0.02405	C
584	0.01737	0.01753	C
585	0.00607	0.00665	T
586	0.02381	0.02476	A
587	0.03471	0.03518	C
588	0.00698	0.00705	T
589	0.00683	0.00697	T
590	0.01916	0.02728	C
591	0.00718	0.00757	T
592	0.03276	0.03277	C
593	0.01999	0.02152	C
594	0.00835	0.00914	T
595	0.03026	0.03324	A
596	0.00989	0.01025	T
597	0.03525	0.03595	C
598	0.00963	0.01087	T
599	0.03057	0.03178	C
600	0.00854	0.00929	T
601	0.03885	0.03898	C
602	0.02319	0.02319	C
603	0.01502	0.0151	C
604	0.01582	0.02305	A
605	0.00361	0.00369	G
606	0.0051	0.00542	T
607	0.02082	0.02083	C
608	0.0187	0.01874	C
609	0.00639	0.00672	T
610	0.03014	0.0313	A
611	0.0026	0.00268	G
612	0.0148	0.01503	C
613	0.00362	0.0037	T
614	0.00364	0.00387	G
615	0.00677	0.00706	C
616	0.0026	0.00296	T
617	0.00235	0.00237	G
618	0.00268	0.00279	G
619	0.04607	0.04659	C
620	0.02878	0.02903	A
621	0.00901	0.00998	T
622	0.02995	0.03025	C
623	0.02705	0.02727	A
624	0.03895	0.03957	C
625	0.00852	0.00879	T
626	0.03183	0.03348	A
627	0.01073	0.01114	T
628	0.03029	0.03107	A
629	0.03996	0.04157	C
630	0.00842	0.00916	T
631	0.02763	0.02831	A
632	0.03716	0.03976	C
633	0.00837	0.00907	T
634	0.03203	0.03221	A
635	0.03087	0.03188	A
636	0.03228	0.03306	C
637	0.02824	0.03041	A
638	0.0083	0.00864	G
639	0.01551	0.01592	A
640	0.01703	0.01711	C
641	0.02081	0.02175	C
642	0.00821	0.01596	G
643	0.03245	0.04105	C
644	0.02234	0.02411	A
645	0.02454	0.02468	A
646	0.0347	0.03475	C
647	0.01758	0.0179	C
648	0.00655	0.00823	T
649	0.03088	0.03133	C
650	0.02498	0.02659	A
651	0.02588	0.02609	A
652	0.03341	0.03592	C
653	0.02508	0.02581	A
654	0.03552	0.03558	C
655	0.02915	0.02973	C
656	0.02862	0.03745	A
657	0.00888	0.00889	C
658	0.00606	0.00611	C
659	0.00246	0.00252	T
660	0.00268	0.00269	T
661	0.00362	0.00557	C
662	0.00238	0.00239	T
663	0.00232	0.00237	T
664	0.00771	0.00812	C
665	0.00417	0.00478	G
666	0.03413	0.03478	A
667	0.00971	0.00974	C
668	0.01432	0.01441	C
669	0.01326	0.01328	C
670	0.01782	0.0179	C
671	0.00485	0.00557	G
672	0.02083	0.02083	C
673	0.00432	0.00434	C
674	0.00355	0.00357	G
675	0.00188	0.00191	G
676	0.00538	0.0065	A
677	0.00342	0.00342	G
678	0.00205	0.00207	G
679	0.00978	0.01188	A
680	0.00305	0.00305	G
681	0.00278	0.00286	G
682	0.02913	0.04668	A
683	0.0062	0.00673	G
684	0.0275	0.02837	A
685	0.02147	0.02164	C
686	0.01681	0.01681	C
687	0.01923	0.01923	C
688	0.01676	0.01677	C
689	0.02304	0.0259	A
690	0.00793	0.00794	T
691	0.0088	0.00891	T
692	0.02492	0.02921	C
693	0.00821	0.00856	T
694	0.02142	0.02862	A
695	0.01078	0.01172	T
696	0.02651	0.02706	A
697	0.03416	0.0344	C
698	0.02261	0.02276	C
699	0.02924	0.02968	A
700	0.02344	0.02381	A
701	0.04029	0.04379	C
702	0.0253	0.02672	A
703	0.0347	0.03488	C
704	0.01396	0.01427	C
705	0.00643	0.00677	T
706	0.03829	0.0401	A
707	0.00556	0.00556	T
708	0.00562	0.00567	T
709	0.0224	0.02676	C
710	0.01306	0.01316	T
711	0.00802	0.00848	G
712	0.03326	0.0349	A
713	0.00162	0.00172	T
714	0.00184	0.00186	T
715	0.0017	0.0017	T
716	0.0038	0.0038	T
717	0.00338	0.00339	T
718	0.01045	0.0116	C
719	0.0057	0.00574	G
720	0.00453	0.00461	G
721	0.00918	0.01561	T
722	0.02167	0.02224	C
723	0.02964	0.0302	A
724	0.05069	0.05079	C
725	0.01609	0.01611	C
726	0.01246	0.01251	C
727	0.00552	0.00636	T
728	0.00333	0.00369	G
729	0.01158	0.01175	A
730	0.01532	0.01537	A
731	0.00342	0.00352	G
732	0.00467	0.00468	T
733	0.00579	0.00581	T
734	0.00816	0.00824	T
735	0.01822	0.02276	A
736	0.00848	0.00887	T
737	0.03037	0.03508	A
738	0.0086	0.0086	T
739	0.00836	0.0085	T
740	0.0258	0.03199	C
741	0.01241	0.01241	T
742	0.00944	0.00957	T
743	0.00703	0.03003	A
744	0.00805	0.00836	T
745	0.02709	0.02758	C
746	0.01253	0.01271	C
747	0.00863	0.00945	T
748	0.0283	0.02904	A
749	0.03729	0.03735	C
750	0.02423	0.02434	C
751	0.0163	0.02231	A
752	0.00162	0.00165	G
753	0.00257	0.00257	G
754	0.02933	0.02984	C
755	0.0043	0.0043	T
756	0.00513	0.00514	T
757	0.01794	0.01856	C
758	0.00249	0.00249	G
759	0.00209	0.00215	G
760	0.01267	0.01275	A
761	0.01798	0.01801	A
762	0.00826	0.00868	T
763	0.01914	0.01918	A
764	0.01988	0.02212	A
765	0.00829	0.00894	T
766	0.02279	0.02402	C
767	0.01232	0.01296	T
768	0.03133	0.03143	C
769	0.02394	0.02399	C
770	0.02712	0.02747	C
771	0.02118	0.02711	A
772	0.00892	0.00925	T
773	0.02466	0.02507	A
774	0.01104	0.01106	T
775	0.0098	0.00996	T
776	0.00477	0.00547	G
777	0.00913	0.01094	T
778	0.0242	0.02449	A
779	0.01783	0.01797	A
780	0.03559	0.0364	C
781	0.01021	0.01035	T
782	0.00812	0.00838	T
783	0.0151	0.02911	A
784	0.03036	0.03083	C
785	0.0072	0.00788	T
786	0.02755	0.03135	A
787	0.02976	0.03059	C
788	0.00666	0.00719	T
789	0.01229	0.01229	C
790	0.01189	0.01213	C
791	0.00354	0.00369	G
792	0.00746	0.0078	G
793	0.00087	0.001	A
794	0.00066	0.00071	A
795	0.0013	0.00134	A
796	0.00899	0.00899	A
797	0.00903	0.00906	A
798	0.01719	0.01722	A
799	0.00955	0.00955	A
800	0.00861	0.00918	G
801	0.01362	0.01362	A
802	0.02791	0.02807	A
803	0.03163	0.03169	C
804	0.0157	0.01571	C
805	0.01935	0.02067	A
806	0.00604	0.00608	T
807	0.00693	0.00693	T
808	0.00551	0.00551	T
809	0.00319	0.00321	G
810	0.00336	0.0034	G
811	0.00737	0.02067	A
812	0.00435	0.00443	T
813	0.01354	0.01376	A
814	0.02634	0.02651	C
815	0.01571	0.01614	A
816	0.00428	0.00444	T
817	0.01118	0.01126	A
818	0.00178	0.0018	G
819	0.00486	0.00486	G
820	0.00446	0.00448	T
821	0.0326	0.0329	A
822	0.00792	0.00846	T
823	0.00218	0.00218	G
824	0.00234	0.00238	G
825	0.00424	0.00431	T
826	0.01406	0.01419	C
827	0.00581	0.00615	T
828	0.00518	0.00589	G
829	0.03098	0.03115	A
830	0.00515	0.0052	G
831	0.01287	0.01312	C
832	0.00321	0.00336	T
833	0.01205	0.01239	A
834	0.00453	0.00474	T
835	0.00257	0.00283	G
836	0.02949	0.03005	A
837	0.00428	0.00444	T
838	0.01842	0.01861	A
839	0.00541	0.00565	T
840	0.02313	0.02358	C
841	0.01858	0.01862	A
842	0.02031	0.0208	A
843	0.0067	0.00673	T
844	0.00491	0.00495	T
845	0.00308	0.00308	G
846	0.00237	0.00238	G
847	0.02571	0.02643	C
848	0.0043	0.00431	T
849	0.00383	0.0039	T
850	0.01882	0.01885	C
851	0.01161	0.01169	C
852	0.00636	0.00661	T
853	0.03267	0.03399	A
854	0.00157	0.00158	G
855	0.00215	0.00218	G
856	0.00368	0.00373	G
857	0.0037	0.00372	T
858	0.00621	0.00627	T
859	0.00772	0.00791	T
860	0.01987	0.02226	A
861	0.00607	0.00628	T
862	0.03329	0.03358	C
863	0.00449	0.00459	G
864	0.00355	0.00381	T
865	0.00695	0.00722	G
866	0.01647	0.01788	T
867	0.00394	0.00415	G
868	0.02564	0.02681	A
869	0.00787	0.00833	G
870	0.02943	0.03056	C
871	0.02556	0.0319	A
872	0.02539	0.02628	C
873	0.02322	0.02446	A
874	0.03094	0.03094	C
875	0.0281	0.02893	C
876	0.01564	0.02062	A
877	0.00842	0.00872	T
878	0.02031	0.02103	A
879	0.00818	0.00835	T
880	0.01627	0.01683	A
881	0.00807	0.0081	T
882	0.01011	0.01012	T
883	0.00895	0.009	T
884	0.02065	0.02608	A
885	0.03688	0.03704	C
886	0.02818	0.02848	A
887	0.00583	0.00596	G
888	0.005	0.00529	T
889	0.02078	0.021	A
890	0.00234	0.00241	G
891	0.00251	0.00252	G
892	0.01677	0.01689	A
893	0.02402	0.02417	A
894	0.00625	0.0069	T
895	0.02597	0.02661	A
896	0.00364	0.00377	G
897	0.02214	0.02228	A
898	0.03892	0.03917	C
899	0.00482	0.00491	G
900	0.00539	0.00612	T
901	0.02517	0.02578	A
902	0.00399	0.00418	G
903	0.03555	0.03635	A
904	0.02476	0.02528	C
905	0.02442	0.02518	A
906	0.0258	0.02668	C
907	0.01985	0.0206	A
908	0.02775	0.02849	C
909	0.00396	0.00435	G
910	0.01765	0.01793	A
911	0.00523	0.00599	G
912	0.03314	0.03341	C
913	0.02465	0.02514	A
914	0.0084	0.00859	T
915	0.02611	0.02692	A
916	0.00695	0.00696	T
917	0.00866	0.00866	T
918	0.00904	0.0091	T
919	0.02911	0.03048	C
920	0.03186	0.03218	A
921	0.03868	0.03877	C
922	0.01784	0.01801	C
923	0.00723	0.00871	T
924	0.0209	0.0209	C
925	0.02701	0.02715	C
926	0.00667	0.00829	G
927	0.0202	0.02338	C
928	0.0085	0.00902	T
929	0.02406	0.02447	A
930	0.0338	0.0338	C
931	0.02431	0.02438	C
932	0.01696	0.02924	A
933	0.00884	0.01004	T
934	0.02886	0.02888	A
935	0.02406	0.02801	A
936	0.00692	0.00821	T
937	0.02691	0.02747	C
938	0.02363	0.02481	A
939	0.00895	0.00921	T
940	0.02837	0.02919	C
941	0.00544	0.0055	G
942	0.01144	0.0119	C
943	0.00517	0.00549	T
944	0.03238	0.0346	A
945	0.0098	0.01068	T
946	0.0134	0.0137	C
947	0.00838	0.00847	C
948	0.01723	0.01724	C
949	0.0192	0.01925	C
950	0.02201	0.0262	A
951	0.03303	0.03304	C
952	0.02021	0.02037	C
953	0.00291	0.00296	G
954	0.00267	0.00267	G
955	0.00804	0.00815	C
956	0.00706	0.00706	G
957	0.00651	0.00744	T
958	0.02304	0.02422	C
959	0.03303	0.03311	A
960	0.03429	0.03429	A
961	0.02486	0.02486	A
962	0.00634	0.00661	G
963	0.00674	0.00732	T
964	0.02552	0.02619	A
965	0.01032	0.01033	T
966	0.01215	0.01215	T
967	0.01107	0.01107	T
968	0.0323	0.03902	A
969	0.00493	0.00503	G
970	0.01507	0.01532	C
971	0.00477	0.00505	T
972	0.00346	0.00399	G
973	0.04087	0.04196	A
974	0.02987	0.03023	C
975	0.00803	0.00853	T
976	0.02202	0.02267	C
977	0.0052	0.00553	G
978	0.00608	0.00608	C
979	0.00549	0.00563	C
980	0.01635	0.04121	A
981	0.0363	0.03729	C
982	0.02932	0.03446	A
983	0.02883	0.03001	C
984	0.02232	0.02299	T
985	0.02546	0.02546	C
986	0.02262	0.02276	C
987	0.0231	0.02905	A
988	0.04201	0.04245	C
989	0.00434	0.00441	G
990	0.00357	0.00364	G
991	0.01364	0.0137	A
992	0.01454	0.01454	A
993	0.00756	0.00823	G
994	0.02036	0.02093	C
995	0.02405	0.02406	A
996	0.02047	0.02058	A
997	0.00867	0.00899	T
998	0.02421	0.02436	A
999	0.00704	0.00735	T
1000	0.00362	0.00403	G
1001	0.01331	0.01333	A
1002	0.03084	0.0311	A
1003	0.02074	0.02098	A
1004	0.00637	0.00694	T
1005	0.0038	0.00461	G
1006	0.02282	0.02336	A
1007	0.00588	0.00605	T
1008	0.02993	0.03029	C
1009	0.00556	0.00582	T
1010	0.00452	0.00509	G
1011	0.01176	0.01207	C
1012	0.00448	0.00478	T
1013	0.00525	0.00563	G
1014	0.02537	0.02598	C
1015	0.02043	0.0216	A
1016	0.00483	0.00496	G
1017	0.00403	0.00445	T
1018	0.0046	0.00472	G
1019	0.01123	0.01145	C
1020	0.00648	0.00665	T
1021	0.0214	0.02147	C
1022	0.00828	0.00852	T
1023	0.0037	0.00481	G
1024	0.02608	0.02723	A
1025	0.00665	0.00698	G
1026	0.01139	0.01146	C
1027	0.01246	0.01247	C
1028	0.01207	0.01207	C
1029	0.00559	0.00606	T
1030	0.01968	0.02001	A
1031	0.00183	0.00188	G
1032	0.00238	0.0024	G
1033	0.0198	0.0233	A
1034	0.00814	0.00815	T
1035	0.00932	0.00957	T
1036	0.02576	0.02741	C
1037	0.02081	0.02229	A
1038	0.00817	0.00841	T
1039	0.02548	0.02615	C
1040	0.00573	0.00578	T
1041	0.00889	0.00892	T
1042	0.00928	0.00967	T
1043	0.02498	0.03189	C
1044	0.00581	0.00581	T
1045	0.00671	0.00671	T
1046	0.0102	0.0102	T
1047	0.01163	0.01164	T
1048	0.02519	0.03356	C
1049	0.03379	0.03407	A
1050	0.03633	0.03633	C
1051	0.0209	0.02111	C
1052	0.00638	0.00788	G
1053	0.00686	0.0073	T
1054	0.01848	0.01856	A
1055	0.00246	0.00248	G
1056	0.00344	0.00349	G
1057	0.00443	0.00476	T
1058	0.00303	0.00303	G
1059	0.00204	0.00209	G
1060	0.00941	0.00945	C
1061	0.00647	0.00656	C
1062	0.00461	0.00525	T
1063	0.00338	0.00367	G
1064	0.03582	0.03603	A
1065	0.04582	0.04606	C
1066	0.00737	0.00824	T
1067	0.00368	0.00368	G
1068	0.00368	0.00368	G
1069	0.00599	0.00605	C
1070	0.016	0.01634	A
1071	0.00696	0.00697	T
1072	0.00557	0.00567	T
1073	0.00656	0.00698	G
1074	0.00529	0.00546	T
1075	0.02232	0.02317	A
1076	0.01133	0.01133	T
1077	0.01281	0.01293	T
1078	0.01701	0.02349	A
1079	0.00653	0.00704	G
1080	0.01668	0.01811	C
1081	0.01776	0.0178	A
1082	0.02273	0.02279	A
1083	0.02845	0.02849	A
1084	0.03565	0.03781	C
1085	0.00858	0.00987	T
1086	0.0238	0.02405	C
1087	0.02022	0.02298	A
1088	0.0098	0.0117	T
1089	0.0309	0.03155	C
1090	0.03233	0.03277	A
1091	0.03788	0.03912	C
1092	0.00926	0.00968	T
1093	0.03285	0.0341	A
1094	0.00482	0.00504	G
1095	0.02042	0.02062	A
1096	0.01006	0.01047	C
1097	0.01383	0.014	A
1098	0.00419	0.00436	T
1099	0.01136	0.01144	C
1100	0.00632	0.00636	G
1101	0.00295	0.00307	T
1102	0.0188	0.01934	A
1103	0.02272	0.02297	C
1104	0.00412	0.00448	T
1105	0.01106	0.01182	A
1106	0.00978	0.01002	C
1107	0.02989	0.03083	A
1108	0.03968	0.04024	C
1109	0.0062	0.00669	G
1110	0.03791	0.03858	A
1111	0.04863	0.04924	C
1112	0.02971	0.0302	A
1113	0.04332	0.04359	C
1114	0.00577	0.00596	G
1115	0.00366	0.00388	T
1116	0.01435	0.01449	A
1117	0.02543	0.02562	C
1118	0.00333	0.00338	T
1119	0.0096	0.00969	A
1120	0.00987	0.0099	C
1121	0.00385	0.00404	G
1122	0.00384	0.00388	T
1123	0.00413	0.00419	T
1124	0.00425	0.00446	G
1125	0.00325	0.00367	T
1126	0.02431	0.02467	A
1127	0.00453	0.00454	G
1128	0.02408	0.02422	C
1129	0.95037	0.95041	C
1130	0.02624	0.02641	C
1131	0.02606	0.02743	A
1132	0.02951	0.03015	C
1133	0.00755	0.00783	T
1134	0.00885	0.0089	T
1135	0.02821	0.02825	C
1136	0.02158	0.02168	C
1137	0.01771	0.03322	A
1138	0.03028	0.03052	C
1139	0.00764	0.0079	T
1140	0.02198	0.02293	A
1141	0.0085	0.0086	T
1142	0.00422	0.00471	G
1143	0.00514	0.00544	T
1144	0.01432	0.01432	C
1145	0.01507	0.01514	C
1146	0.00635	0.00668	T
1147	0.02581	0.02601	A
1148	0.00931	0.00994	T
1149	0.0414	0.04163	C
1150	0.03322	0.03336	A
1151	0.03125	0.03209	A
1152	0.00568	0.00599	T
1153	0.01055	0.01093	A
1154	0.00159	0.00164	G
1155	0.00225	0.00225	G
1156	0.01779	0.02269	A
1157	0.00405	0.00406	G
1158	0.02765	0.02803	C
1159	0.00453	0.0046	T
1160	0.00593	0.00606	G
1161	0.00444	0.00459	T
1162	0.01388	0.01426	A
1163	0.00793	0.00793	T
1164	0.01	0.01	T
1165	0.00785	0.00785	T
1166	0.00303	0.00332	G
1167	0.00591	0.00591	C
1168	0.0027	0.0027	C
1169	0.02513	0.03145	A
1170	0.00752	0.00798	T
1171	0.0392	0.03937	C
1172	0.01306	0.01381	A
1173	0.00284	0.00299	T
1174	0.00837	0.00901	A
1175	0.00224	0.00228	G
1176	0.00178	0.00189	G
1177	0.02376	0.03188	A
1178	0.00218	0.0022	G
1179	0.00507	0.00509	G
1180	0.06943	0.07432	C
1181	0.0039	0.004	T
1182	0.00308	0.00323	T
1183	0.00978	0.01007	C
1184	0.01662	0.01696	A
1185	0.0078	0.00799	T
1186	0.01294	0.01322	T
1187	0.04578	0.0485	C
1188	0.03704	0.03738	A
1189	0.05169	0.0522	C
1190	0.00514	0.00532	T
1191	0.00305	0.00346	G
1192	0.01395	0.01426	A
1193	0.00377	0.00377	T
1194	0.00791	0.00794	T
1195	0.00567	0.00568	T
1196	0.00775	0.00789	C
1197	0.00783	0.00785	C
1198	0.00593	0.00594	C
1199	0.0042	0.00421	C
1200	0.00203	0.00214	T
1201	0.00924	0.00982	A
1202	0.00343	0.00345	T
1203	0.0083	0.00837	T
1204	0.03705	0.04168	C
1205	0.01209	0.01632	T
1206	0.0347	0.03594	C
1207	0.03382	0.03515	A
1208	0.0022	0.0022	G
1209	0.00372	0.00372	G
1210	0.00591	0.00614	C
1211	0.00449	0.00494	T
1212	0.01766	0.02016	A
1213	0.0158	0.01622	C
1214	0.01534	0.01672	A
1215	0.02017	0.02018	C
1216	0.01341	0.01342	C
1217	0.00892	0.00896	C
1218	0.00436	0.00511	T
1219	0.01882	0.02183	A
1220	0.00517	0.00535	G
1221	0.02718	0.02765	A
1222	0.02893	0.029	C
1223	0.00789	0.00802	C
1224	0.01575	0.01592	A
1225	0.0257	0.02623	A
1226	0.02911	0.02916	A
1227	0.0358	0.03607	C
1228	0.01663	0.01683	C
1229	0.00416	0.00476	T
1230	0.00815	0.01001	A
1231	0.01237	0.01249	C
1232	0.00483	0.00531	G
1233	0.01558	0.01558	C
1234	0.01611	0.01613	C
1235	0.0184	0.01853	A
1236	0.01328	0.01332	A
1237	0.02677	0.02693	A
1238	0.02451	0.02466	A
1239	0.00867	0.011	T
1240	0.0367	0.03677	C
1241	0.02389	0.02405	C
1242	0.02832	0.03625	A
1243	0.00772	0.00785	T
1244	0.01204	0.0121	T
1245	0.0165	0.0166	T
1246	0.03669	0.03886	C
1247	0.0279	0.0285	A
1248	0.04506	0.04603	C
1249	0.01157	0.0122	T
1250	0.03273	0.03362	A
1251	0.01181	0.01509	T
1252	0.04058	0.04184	C
1253	0.03386	0.03675	A
1254	0.01025	0.0111	T
1255	0.02951	0.03221	A
1256	0.00876	0.00878	T
1257	0.00898	0.00924	T
1258	0.03056	0.03238	C
1259	0.02911	0.02972	A
1260	0.00813	0.00837	T
1261	0.03213	0.03288	C
1262	0.00296	0.003	G
1263	0.00295	0.00302	G
1264	0.01915	0.01921	C
1265	0.00564	0.0058	G
1266	0.00262	0.00322	T
1267	0.0063	0.00632	A
1268	0.02588	0.02606	A
1269	0.02716	0.02731	A
1270	0.00813	0.00883	T
1271	0.03294	0.03325	C
1272	0.01019	0.01064	T
1273	0.03044	0.03063	A
1274	0.02698	0.02712	A
1275	0.03857	0.03981	C
1276	0.00376	0.00383	T
1277	0.0081	0.00833	T
1278	0.00733	0.0074	T
1279	0.02806	0.03129	C
1280	0.00975	0.00975	T
1281	0.01361	0.01387	T
1282	0.02371	0.02372	C
1283	0.01962	0.01972	C
1284	0.01961	0.01976	C
1285	0.01192	0.01986	A
1286	0.02931	0.03077	C
1287	0.02003	0.0203	A
1288	0.02024	0.02072	A
1289	0.02914	0.03048	C
1290	0.02455	0.02499	A
1291	0.03145	0.0322	C
1292	0.00335	0.00347	T
1293	0.0068	0.0068	T
1294	0.0077	0.0077	T
1295	0.02398	0.02496	C
1296	0.00971	0.01014	T
1297	0.02478	0.02555	C
1298	0.00399	0.00414	G
1299	0.00412	0.00413	G
1300	0.02925	0.02926	C
1301	0.00973	0.01032	C
1302	0.00803	0.00866	T
1303	0.03877	0.03998	A
1304	0.00802	0.00899	T
1305	0.01677	0.01685	C
1306	0.01314	0.01317	C
1307	0.0021	0.00215	G
1308	0.00318	0.00319	G
1309	0.01743	0.01752	A
1310	0.02414	0.02427	A
1311	0.01058	0.0117	T
1312	0.00499	0.0057	G
1313	0.02531	0.02538	C
1314	0.01176	0.01177	C
1315	0.01156	0.01156	C
1316	0.01491	0.01491	C
1317	0.00544	0.0063	G
1318	0.02214	0.02225	A
1319	0.04537	0.04544	C
1320	0.00831	0.00847	G
1321	0.00846	0.00862	T
1322	0.00884	0.00886	T
1323	0.02007	0.03318	A
1324	0.04234	0.04251	C
1325	0.00549	0.00568	T
1326	0.0107	0.01104	C
1327	0.00195	0.00197	G
1328	0.0023	0.0023	G
1329	0.04391	0.05719	A
1330	0.02543	0.02598	C
1331	0.00707	0.00806	T
1332	0.03591	0.03772	A
1333	0.04799	0.0481	C
1334	0.02497	0.02552	C
1335	0.00632	0.00632	C
1336	0.00865	0.00865	C
1337	0.00488	0.00542	G
1338	0.01922	0.01981	A
1339	0.00812	0.00833	T
1340	0.00445	0.0052	G
1341	0.0336	0.03422	C
1342	0.02446	0.02505	A
1343	0.00945	0.00991	T
1344	0.02703	0.02778	A
1345	0.03892	0.03951	C
1346	0.03058	0.03104	A
1347	0.03782	0.03805	C
1348	0.02647	0.02723	C
1349	0.02122	0.02591	A
1350	0.03789	0.03878	C
1351	0.0246	0.02688	A
1352	0.00788	0.0084	T
1353	0.00429	0.00487	G
1354	0.02574	0.0258	A
1355	0.023	0.02317	A
1356	0.0294	0.02956	A
1357	0.03765	0.0403	C
1358	0.0256	0.02605	A
1359	0.007	0.00775	T
1360	0.01702	0.01709	C
1361	0.01039	0.01065	C
1362	0.00501	0.00544	T
1363	0.01668	0.01739	A
1364	0.00906	0.01035	T
1365	0.02943	0.03069	C
1366	0.02695	0.02813	A
1367	0.00881	0.009	T
1368	0.03317	0.03367	C
1369	0.0122	0.01235	T
1370	0.0047	0.0055	G
1371	0.0053	0.00659	T
1372	0.01471	0.01563	A
1373	0.00173	0.00173	G
1374	0.00255	0.00255	G
1375	0.02973	0.0306	C
1376	0.00539	0.00632	T
1377	0.03171	0.03211	C
1378	0.02587	0.02915	A
1379	0.00742	0.00749	T
1380	0.00661	0.00673	T
1381	0.01912	0.02029	C
1382	0.02271	0.02393	A
1383	0.00491	0.00501	T
1384	0.0076	0.00763	T
1385	0.00768	0.00777	T
1386	0.02253	0.02425	C
1387	0.00913	0.00928	T
1388	0.03141	0.03191	C
1389	0.01221	0.01251	T
1390	0.03033	0.03087	A
1391	0.02947	0.02973	A
1392	0.04084	0.04236	C
1393	0.03081	0.03155	A
1394	0.0065	0.00744	G
1395	0.02428	0.02452	C
1396	0.02416	0.02457	A
1397	0.00508	0.00542	G
1398	0.00792	0.00882	T
1399	0.01513	0.01519	A
1400	0.01705	0.01755	A
1401	0.00723	0.00757	T
1402	0.01927	0.01968	A
1403	0.01219	0.01221	T
1404	0.01013	0.01072	T
1405	0.01431	0.01469	A
1406	0.02195	0.02291	A
1407	0.01403	0.01637	T
1408	0.01715	0.01717	A
1409	0.01706	0.02912	A
1410	0.00616	0.00618	T
1411	0.00435	0.0045	T
1412	0.00822	0.00831	T
1413	0.00783	0.00783	T
1414	0.02365	0.03065	C
1415	0.0283	0.02858	A
1416	0.00903	0.00928	T
1417	0.00296	0.00323	G
1418	0.02719	0.02744	A
1419	0.00522	0.00525	T
1420	0.00775	0.00794	T
1421	0.00588	0.0059	T
1422	0.00241	0.00307	G
1423	0.02628	0.02675	A
1424	0.00312	0.00338	G
1425	0.01914	0.01917	A
1426	0.01822	0.01962	A
1427	0.00471	0.00502	G
1428	0.01877	0.01898	C
1429	0.01939	0.0194	C
1430	0.00348	0.00348	T
1431	0.00321	0.00328	T
1432	0.01412	0.01532	C
1433	0.00433	0.00453	G
1434	0.00639	0.00666	C
1435	0.00196	0.00203	T
1436	0.00676	0.00676	T
1437	0.02655	0.02908	C
1438	0.00502	0.00577	G
1439	0.02431	0.0244	A
1440	0.02253	0.02258	A
1441	0.0038	0.00401	G
1442	0.01873	0.01902	C
1443	0.00674	0.00708	G
1444	0.01266	0.01308	A
1445	0.01391	0.01397	A
1446	0.01918	0.01919	A
1447	0.03086	0.03088	A
1448	0.0053	0.00564	G
1449	0.00291	0.00311	T
1450	0.00653	0.00653	C
1451	0.00757	0.00758	C
1452	0.00474	0.00519	T
1453	0.04176	0.04216	A
1454	0.01306	0.01313	A
1455	0.00425	0.0043	T
1456	0.01245	0.01271	A
1457	0.0042	0.00439	G
1458	0.00392	0.0041	T
1459	0.03456	0.03508	A
1460	0.00605	0.00632	G
1461	0.03135	0.03136	A
1462	0.03407	0.03488	A
1463	0.00734	0.01041	G
1464	0.03284	0.03284	A
1465	0.03824	0.04005	A
1466	0.04535	0.04565	C
1467	0.01596	0.01602	C
1468	0.00176	0.00182	C
1469	0.00142	0.00156	T
1470	0.00231	0.00231	C
1471	0.00253	0.00257	C
1472	0.0089	0.01436	A
1473	0.00908	0.01049	T
1474	0.0225	0.02253	A
1475	0.01897	0.01913	A
1476	0.03245	0.03486	A
1477	0.06594	0.06655	C
1478	0.04483	0.04526	C
1479	0.0023	0.00248	T
1480	0.00185	0.00187	G
1481	0.00116	0.00117	G
1482	0.00558	0.00667	A
1483	0.00229	0.00234	G
1484	0.00517	0.00586	T
1485	0.0036	0.00369	G
1486	0.02024	0.02054	A
1487	0.01122	0.01126	C
1488	0.00276	0.00287	T
1489	0.00995	0.01141	A
1490	0.00327	0.00337	T
1491	0.03834	0.04008	A
1492	0.00617	0.00631	T
1493	0.00169	0.00171	G
1494	0.0021	0.00214	G
1495	0.01086	0.01686	A
1496	0.01482	0.01517	T
1497	0.00946	0.01015	G
1498	0.02288	0.02307	C
1499	0.01435	0.01444	C
1500	0.02431	0.02435	C
1501	0.0269	0.0269	C
1502	0.02888	0.02888	C
1503	0.02187	0.02205	C
1504	0.01974	0.02707	A
1505	0.03644	0.03644	C
1506	0.02288	0.02288	C
1507	0.01836	0.01876	C
1508	0.01287	0.01399	T
1509	0.02611	0.02723	A
1510	0.03813	0.03815	C
1511	0.02551	0.02567	C
1512	0.00981	0.03126	A
1513	0.03896	0.04035	C
1514	0.01931	0.02027	A
1515	0.03654	0.03805	C
1516	0.03588	0.03598	A
1517	0.00833	0.00843	T
1518	0.00763	0.00764	T
1519	0.02639	0.02783	C
1520	0.00671	0.0071	G
1521	0.02385	0.02392	A
1522	0.02751	0.02777	A
1523	0.00959	0.012	G
1524	0.02703	0.02703	A
1525	0.02554	0.02652	A
1526	0.03964	0.03992	C
1527	0.02235	0.02235	C
1528	0.03319	0.0332	C
1529	0.00775	0.00872	G
1530	0.00756	0.0085	T
1531	0.02827	0.02871	A
1532	0.01136	0.01253	T
1533	0.0182	0.01854	A
1534	0.05188	0.05352	C
1535	0.02942	0.03	A
1536	0.0186	0.02013	T
1537	0.02058	0.02058	A
1538	0.01219	0.01219	A
1539	0.02326	0.02326	A
1540	0.02082	0.02092	A
1541	0.0095	0.01134	T
1542	0.02689	0.02727	C
1543	0.01076	0.01117	T
1544	0.02128	0.02263	A
1545	0.00444	0.00565	G
1546	0.01963	0.02011	A
1547	0.05074	0.05428	C
1548	0.00176	0.00176	A
1549	0.00114	0.00114	A
1550	0.00691	0.00691	A
1551	0.00741	0.00744	A
1552	0.01121	0.01121	A
1553	0.0086	0.00867	A
1554	0.00748	0.00748	G
1555	0.00292	0.00307	G
1556	0.01289	0.01296	A
1557	0.01658	0.01669	A
1558	0.00517	0.00525	G
1559	0.00443	0.00443	G
1560	0.01206	0.0121	A
1561	0.01349	0.01356	A
1562	0.09993	0.10106	T
1563	0.02575	0.02591	C
1564	0.01474	0.01637	G
1565	0.02121	0.02314	A
1566	0.01731	0.01932	A
1567	0.0239	0.0239	C
1568	0.01801	0.0181	C
1569	0.01676	0.01676	C
1570	0.02114	0.02114	C
1571	0.01942	0.01942	C
1572	0.01438	0.01443	C
1573	0.01033	0.01057	A
1574	0.01684	0.01698	A
1575	0.02673	0.02673	A
1576	0.00481	0.00506	G
1577	0.02187	0.02252	C
1578	0.00668	0.00708	T
1579	0.00397	0.00397	G
1580	0.00516	0.00516	G
1581	0.00798	0.00798	T
1582	0.01902	0.01902	T
1583	0.00711	0.00711	T
1584	0.01944	0.02105	C
1585	0.017	0.01716	A
1586	0.02579	0.02584	A
1587	0.0559	0.05671	G
1588	0.00693	0.00725	C
1589	0.00658	0.00702	C
1590	0.00991	0.01014	A
1591	0.01715	0.01816	A
1592	0.03737	0.03737	C
1593	0.03231	0.03248	C
1594	0.02755	0.02772	C
1595	0.02917	0.02917	C
1596	0.02136	0.02891	A
1597	0.00596	0.00675	T
1598	0.00334	0.00334	G
1599	0.00517	0.00517	G
1600	0.00843	0.00843	C
1601	0.00652	0.00652	C
1602	0.00463	0.00583	T
1603	0.01533	0.01533	C
1604	0.00845	0.00851	C
1605	0.00787	0.01079	A
1606	0.00607	0.00614	T
1607	0.00422	0.00436	G
1608	0.01493	0.01506	A
1609	0.00645	0.00658	C
1610	0.00306	0.00306	T
1611	0.00462	0.00462	T
1612	0.00354	0.00354	T
1613	0.00578	0.00578	T
1614	0.00413	0.00413	T
1615	0.01285	0.01285	C
1616	0.0001	0.0001	A
1617	0.0	0.0	A
1618	0.0	0.0	A
