Position	Mismatches	Mismatches + Deletions	Base
1	0.0	0.0	A
2	0.0	0.0	T
3	0.0	0.0	G
4	0.05673	0.05673	A
5	0.0109	0.0109	T
6	0.01241	0.01258	G
7	0.00839	0.01088	T
8	0.06955	0.0711	A
9	0.0112	0.01131	T
10	0.00694	0.00721	G
11	0.11635	0.1181	C
12	0.00703	0.00721	T
13	0.00972	0.00999	T
14	0.01026	0.01028	T
15	0.01087	0.01456	G
16	0.0049	0.0049	T
17	0.01169	0.01169	T
18	0.01356	0.01365	T
19	0.10733	0.11561	C
20	0.01289	0.01306	T
21	0.01183	0.02195	G
22	0.01283	0.01283	T
23	0.01371	0.014	T
24	0.01088	0.01212	G
25	0.08114	0.08458	A
26	0.01298	0.0132	G
27	0.01237	0.01382	T
28	0.01442	0.01732	G
29	0.01176	0.01406	T
30	0.01092	0.01092	G
31	0.00725	0.00726	G
32	0.00827	0.00843	G
33	0.00807	0.0081	T
34	0.01113	0.01116	T
35	0.01153	0.01171	T
36	0.0734	0.0878	A
37	0.01034	0.01146	G
38	0.01154	0.01244	T
39	0.08568	0.08769	A
40	0.09266	0.09743	A
41	0.01442	0.01512	T
42	0.01246	0.01307	G
43	0.00753	0.0076	G
44	0.00695	0.00699	G
45	0.01	0.01009	G
46	0.00607	0.00618	T
47	0.01222	0.01238	T
48	0.01316	0.0133	T
49	0.01353	0.01677	G
50	0.01205	0.01528	T
51	0.01721	0.01732	G
52	0.00701	0.00703	G
53	0.0082	0.00822	G
54	0.01199	0.01239	G
55	0.00549	0.0056	T
56	0.00404	0.00407	T
57	0.0092	0.00921	T
58	0.01023	0.01029	T
59	0.07789	0.10875	C
60	0.0083	0.0083	T
61	0.00829	0.00848	T
62	0.03831	0.05356	C
63	0.00523	0.0065	T
64	0.01999	0.02256	A
65	0.0385	0.03953	A
66	0.0053	0.00618	G
67	0.02741	0.02756	C
68	0.02345	0.02393	C
69	0.00489	0.00503	T
70	0.00993	0.01012	T
71	0.03167	0.04372	C
72	0.00858	0.00906	T
73	0.05936	0.05944	C
74	0.03825	0.04323	C
75	0.00599	0.00641	T
76	0.0835	0.0951	A
77	0.00911	0.00913	T
78	0.01248	0.01249	T
79	0.01319	0.01334	T
80	0.05212	0.06024	A
81	0.01626	0.01688	T
82	0.00768	0.00837	G
83	0.0051	0.00516	G
84	0.00415	0.00418	G
85	0.00448	0.00455	G
86	0.00729	0.00734	G
87	0.00406	0.00416	T
88	0.0048	0.00482	T
89	0.00496	0.00508	T
90	0.04102	0.04676	A
91	0.00892	0.00931	G
92	0.0104	0.01184	T
93	0.08514	0.08785	A
94	0.01247	0.01252	T
95	0.01229	0.01249	T
96	0.00978	0.01189	G
97	0.08998	0.09396	A
98	0.01257	0.01281	T
99	0.01313	0.01375	T
100	0.00942	0.01781	G
101	0.01096	0.01101	T
102	0.01385	0.01414	T
103	0.07344	0.09902	A
104	0.01363	0.0146	G
105	0.07708	0.07914	C
106	0.01658	0.01668	G
107	0.00855	0.00949	G
108	0.00861	0.00943	T
109	0.01407	0.01547	G
110	0.01334	0.01431	T
111	0.01536	0.01538	G
112	0.00803	0.00905	G
113	0.01421	0.01667	T
114	0.08349	0.08656	C
115	0.01391	0.01405	G
116	0.00871	0.00891	G
117	0.00713	0.00746	G
118	0.0063	0.00847	T
119	0.00785	0.00861	G
120	0.00973	0.01011	T
121	0.00756	0.0084	G
122	0.00929	0.00931	T
123	0.00945	0.00972	T
124	0.03413	0.06808	A
125	0.00988	0.0099	T
126	0.01003	0.0105	T
127	0.03695	0.09146	A
128	0.01167	0.01167	T
129	0.01041	0.01092	T
130	0.08499	0.10434	C
131	0.01091	0.01123	T
132	0.02086	0.02498	G
133	0.04073	0.04259	A
134	0.04905	0.05363	A
135	0.00396	0.00399	T
136	0.00554	0.00561	T
137	0.01429	0.01437	T
138	0.03381	0.03387	T
139	0.02016	0.02067	G
140	0.00952	0.00957	G
141	0.00655	0.0066	G
142	0.00778	0.00784	G
143	0.00756	0.00781	G
144	0.04472	0.05267	A
145	0.00936	0.00943	G
146	0.00562	0.00588	G
147	0.0059	0.00612	T
148	0.00832	0.00855	T
149	0.04112	0.06113	A
150	0.0103	0.01094	T
151	0.08582	0.09313	A
152	0.01859	0.01928	T
153	0.00931	0.00974	G
154	0.00662	0.00707	G
155	0.00665	0.00705	G
156	0.00656	0.00683	T
157	0.00805	0.00809	T
158	0.00873	0.00906	T
159	0.06123	0.06203	A
160	0.06386	0.06671	A
161	0.01012	0.01074	T
162	0.03995	0.0428	A
163	0.00745	0.01169	G
164	0.00178	0.00193	T
165	0.00116	0.00127	T
166	0.0019	0.00204	T
167	0.00548	0.00566	T
168	0.01013	0.01026	T
169	0.00663	0.00674	T
170	0.00771	0.00796	T
171	0.05002	0.05488	A
172	0.05766	0.06468	A
173	0.00804	0.00823	T
174	0.0077	0.00783	T
175	0.00985	0.01006	T
176	0.04363	0.06219	A
177	0.0073	0.0073	T
178	0.00977	0.00977	T
179	0.01476	0.01523	T
180	0.10076	0.11232	A
181	0.01848	0.01889	G
182	0.00769	0.00775	G
183	0.00628	0.00634	G
184	0.00611	0.00619	G
185	0.00871	0.00876	G
186	0.0789	0.08033	A
187	0.07484	0.07544	A
188	0.01109	0.01192	T
189	0.00699	0.01348	G
190	0.07655	0.07907	A
191	0.01213	0.01244	T
192	0.01451	0.01461	G
193	0.01294	0.01352	G
194	0.00881	0.00886	T
195	0.00647	0.00649	T
196	0.00811	0.0099	G
197	0.00338	0.00348	T
198	0.02287	0.02392	C
199	0.00353	0.00354	T
200	0.00544	0.00545	T
201	0.00563	0.00564	T
202	0.00427	0.00434	G
203	0.00405	0.00418	G
204	0.01557	0.02514	A
205	0.00354	0.00369	T
206	0.02979	0.03063	A
207	0.00572	0.00629	T
208	0.07834	0.07952	A
209	0.05428	0.05936	C
210	0.00525	0.00719	T
211	0.07515	0.08061	A
212	0.08279	0.08566	C
213	0.03626	0.04002	A
214	0.00658	0.00704	G
215	0.02871	0.03034	C
216	0.01566	0.01933	G
217	0.09226	0.10706	A
218	0.01871	0.01958	T
219	0.01403	0.01416	G
220	0.00528	0.00535	G
221	0.02024	0.02209	C
222	0.00371	0.00382	T
223	0.10574	0.10875	A
224	0.00915	0.0092	T
225	0.00998	0.01006	T
226	0.00974	0.01122	G
227	0.05488	0.05867	A
228	0.00736	0.00737	G
229	0.00514	0.00544	G
230	0.07499	0.10028	A
231	0.01135	0.01164	G
232	0.00334	0.00411	T
233	0.02846	0.02895	A
234	0.00312	0.00326	T
235	0.01884	0.01894	C
236	0.01377	0.01421	C
237	0.00424	0.00516	T
238	0.00482	0.00803	G
239	0.02733	0.0287	A
240	0.0075	0.00752	G
241	0.00496	0.00505	G
242	0.02582	0.02664	C
243	0.05832	0.06057	A
244	0.01802	0.01906	T
245	0.01507	0.01557	G
246	0.0104	0.01179	G
247	0.00838	0.00852	G
248	0.00834	0.0084	G
249	0.00818	0.00825	G
250	0.00862	0.01421	T
251	0.09645	0.09926	C
252	0.08485	0.0903	A
253	0.01254	0.01277	G
254	0.00757	0.00765	G
255	0.00809	0.0082	G
256	0.01069	0.01085	G
257	0.00856	0.00884	T
258	0.01276	0.01292	T
259	0.01325	0.0148	G
260	0.07581	0.07791	A
261	0.01561	0.01567	G
262	0.00802	0.00819	G
263	0.00816	0.00865	T
264	0.09004	0.09128	C
265	0.01125	0.01132	T
266	0.01151	0.01162	T
267	0.01589	0.01662	G
268	0.01098	0.01119	G
269	0.00901	0.00936	T
270	0.00915	0.0101	G
271	0.06456	0.06638	A
272	0.01018	0.0105	G
273	0.00777	0.00818	T
274	0.00819	0.00885	G
275	0.00345	0.00348	T
276	0.00651	0.00651	T
277	0.00753	0.00753	T
278	0.00922	0.00924	T
279	0.0822	0.10511	A
280	0.01787	0.01873	G
281	0.02084	0.02317	T
282	0.01228	0.01241	G
283	0.00614	0.00617	G
284	0.00707	0.00708	G
285	0.01046	0.01056	G
286	0.00966	0.00983	T
287	0.02314	0.02367	T
288	0.06553	0.08754	A
289	0.00857	0.00886	G
290	0.0656	0.06852	C
291	0.01054	0.01272	G
292	0.07078	0.07543	A
293	0.01433	0.01484	T
294	0.01197	0.0121	G
295	0.00806	0.00845	G
296	0.03686	0.04412	A
297	0.01073	0.01073	G
298	0.00789	0.00807	G
299	0.008	0.00884	T
300	0.0595	0.06058	A
301	0.01045	0.01057	G
302	0.00621	0.00628	G
303	0.08166	0.09702	A
304	0.0129	0.01328	T
305	0.01265	0.01274	T
306	0.01395	0.01411	G
307	0.00832	0.00847	G
308	0.0085	0.00896	T
309	0.00868	0.009	G
310	0.09054	0.09302	C
311	0.01191	0.01244	T
312	0.01292	0.01662	G
313	0.01655	0.01856	T
314	0.01255	0.01269	G
315	0.00671	0.00676	G
316	0.00679	0.00688	G
317	0.00706	0.00891	T
318	0.00988	0.01154	G
319	0.05229	0.05343	A
320	0.06223	0.06299	A
321	0.07258	0.07267	A
322	0.00667	0.00746	G
323	0.06251	0.06333	A
324	0.00978	0.01021	G
325	0.0079	0.00904	T
326	0.0736	0.07478	A
327	0.01042	0.01084	T
328	0.00761	0.0136	G
329	0.08121	0.08534	A
330	0.01836	0.01916	T
331	0.01011	0.01031	G
332	0.00599	0.00619	G
333	0.00715	0.00718	G
334	0.00895	0.009	G
335	0.00808	0.01119	T
336	0.01728	0.01729	G
337	0.0087	0.0094	G
338	0.00754	0.00809	T
339	0.00995	0.00995	G
340	0.00993	0.0109	G
341	0.00951	0.00958	T
342	0.01245	0.01255	T
343	0.01154	0.01336	G
344	0.0115	0.01201	T
345	0.01253	0.01255	G
346	0.00665	0.00708	G
347	0.0073	0.00761	T
348	0.04063	0.04095	A
349	0.03224	0.03232	A
350	0.02862	0.02884	A
351	0.06128	0.06823	C
352	0.00532	0.0055	T
353	0.00664	0.00673	T
354	0.00808	0.00827	T
355	0.05953	0.0609	A
356	0.05681	0.05738	A
357	0.00919	0.00951	T
358	0.05025	0.05246	A
359	0.00709	0.00838	G
360	0.00741	0.00779	T
361	0.00935	0.01114	G
362	0.00874	0.00955	T
363	0.05442	0.0562	A
364	0.01109	0.01134	G
365	0.00926	0.00957	G
366	0.04383	0.04444	A
367	0.0798	0.08033	A
368	0.00598	0.00716	G
369	0.04962	0.05427	C
370	0.00647	0.00676	T
371	0.00657	0.00822	G
372	0.04623	0.04692	A
373	0.04017	0.04122	A
374	0.0095	0.01048	T
375	0.04803	0.0481	A
376	0.05093	0.06626	A
377	0.00672	0.0072	T
378	0.00798	0.00833	T
379	0.0089	0.00895	T
380	0.07317	0.08607	A
381	0.01003	0.0104	T
382	0.01015	0.01463	G
383	0.07055	0.0711	A
384	0.07102	0.07171	A
385	0.0079	0.00837	G
386	0.00702	0.00715	G
387	0.0536	0.07027	A
388	0.01078	0.01174	G
389	0.08628	0.09553	A
390	0.01247	0.01248	G
391	0.00584	0.00584	G
392	0.00648	0.00648	G
393	0.00701	0.00708	G
394	0.00686	0.01333	T
395	0.08216	0.08394	C
396	0.07934	0.082	A
397	0.00917	0.00927	G
398	0.0073	0.00739	G
399	0.00889	0.00904	G
400	0.00793	0.00801	T
401	0.00977	0.00995	T
402	0.01007	0.01071	G
403	0.07257	0.07385	A
404	0.00871	0.00877	T
405	0.00987	0.01053	T
406	0.07161	0.07698	C
407	0.01322	0.01341	G
408	0.01556	0.01594	G
409	0.00721	0.00786	G
410	0.08191	0.09413	A
411	0.01363	0.01364	G
412	0.00646	0.00679	G
413	0.04423	0.06485	A
414	0.00558	0.00629	T
415	0.03653	0.03665	C
416	0.04951	0.04996	C
417	0.00609	0.00669	T
418	0.09549	0.10824	A
419	0.01114	0.01118	T
420	0.01373	0.01386	T
421	0.01573	0.01615	G
422	0.00964	0.00976	G
423	0.01493	0.01697	T
424	0.01589	0.01812	G
425	0.08748	0.10145	C
426	0.0197	0.01973	G
427	0.00803	0.00805	G
428	0.00724	0.00725	G
429	0.0089	0.00892	G
430	0.00588	0.00594	G
431	0.11967	0.1285	C
432	0.00503	0.00514	T
433	0.0064	0.00645	T
434	0.00791	0.00799	T
435	0.00726	0.00867	G
436	0.00676	0.00771	T
437	0.0863	0.08739	A
438	0.00846	0.00964	T
439	0.00628	0.00693	G
440	0.08024	0.08594	A
441	0.00843	0.00854	T
442	0.01141	0.01167	T
443	0.0689	0.10204	A
444	0.02232	0.02363	T
445	0.01127	0.01193	G
446	0.0065	0.0066	G
447	0.00512	0.00521	G
448	0.06146	0.07179	C
449	0.02506	0.02571	G
450	0.01307	0.01358	T
451	0.00988	0.01006	T
452	0.00572	0.00643	G
453	0.05682	0.05842	A
454	0.00975	0.00995	T
455	0.00988	0.01006	T
456	0.06066	0.08226	A
457	0.00976	0.01132	G
458	0.00736	0.0081	T
459	0.07392	0.07683	A
460	0.01162	0.0164	G
461	0.01047	0.01134	T
462	0.0817	0.08693	A
463	0.01334	0.01706	G
464	0.00888	0.00907	T
465	0.00909	0.01056	T
466	0.05643	0.07771	A
467	0.097	0.09956	C
468	0.01	0.01029	T
469	0.01364	0.01418	G
470	0.01243	0.01287	G
471	0.01013	0.01031	T
472	0.01062	0.0107	T
473	0.01358	0.01465	G
474	0.05071	0.05178	A
475	0.0544	0.05524	A
476	0.09121	0.09412	C
477	0.08947	0.09162	A
478	0.00859	0.00906	T
479	0.01033	0.01054	T
480	0.00965	0.01628	G
481	0.0066	0.00666	T
482	0.00899	0.00902	T
483	0.00966	0.0098	T
484	0.0154	0.02254	G
485	0.01107	0.01107	T
486	0.01273	0.01286	T
487	0.01759	0.01799	G
488	0.00879	0.00929	G
489	0.00795	0.00817	T
490	0.00881	0.00951	G
491	0.00886	0.0093	T
492	0.05011	0.05214	A
493	0.00869	0.00913	T
494	0.07606	0.0804	A
495	0.00833	0.00903	T
496	0.08975	0.0932	A
497	0.00864	0.00864	T
498	0.00909	0.00927	T
499	0.00615	0.00984	G
500	0.00932	0.00979	T
501	0.06371	0.06653	A
502	0.0927	0.09577	A
503	0.00928	0.00939	T
504	0.01101	0.01126	T
505	0.00841	0.00977	G
506	0.06657	0.06814	A
507	0.00872	0.00904	G
508	0.07699	0.07966	A
509	0.00843	0.00882	T
510	0.01572	0.01588	T
511	0.00871	0.01029	G
512	0.04809	0.04881	C
513	0.02206	0.02383	T
514	0.07898	0.08351	C
515	0.0125	0.01264	G
516	0.00863	0.00875	G
517	0.00569	0.00569	G
518	0.0038	0.0038	G
519	0.00435	0.00435	G
520	0.03686	0.03686	A
521	0.04757	0.04757	A
522	0.00686	0.00686	T
523	0.00244	0.00244	A
524	0.0	0.0	G
525	0.0	0.0	G
