Position	Mismatches	Mismatches + Deletions	Base
1	0.0	0.0	A
2	0.0	0.0	T
3	0.0	0.0	A
4	0.03711	0.03711	A
5	0.04193	0.04193	A
6	0.10594	0.10782	C
7	0.00854	0.0091	T
8	0.01454	0.01454	T
9	0.06833	0.07823	C
10	0.01341	0.01358	G
11	0.06213	0.06213	C
12	0.04409	0.04449	C
13	0.01652	0.01696	T
14	0.0146	0.0146	T
15	0.02312	0.02391	A
16	0.04243	0.04532	A
17	0.00572	0.00608	T
18	0.0047	0.0047	T
19	0.00711	0.00729	T
20	0.00742	0.00766	T
21	0.07245	0.07435	A
22	0.05769	0.0594	A
23	0.0103	0.01257	T
24	0.05501	0.05518	A
25	0.0575	0.06387	A
26	0.01482	0.0171	T
27	0.07116	0.07632	C
28	0.05617	0.05698	A
29	0.05601	0.05799	A
30	0.06669	0.07484	C
31	0.04416	0.04535	A
32	0.09697	0.09763	C
33	0.05197	0.05197	C
34	0.04879	0.05137	C
35	0.01134	0.01316	T
36	0.07828	0.07828	C
37	0.01972	0.02325	C
38	0.01384	0.01533	T
39	0.06897	0.076	A
40	0.01114	0.01211	G
41	0.06197	0.06265	C
42	0.04394	0.04437	C
43	0.01506	0.01513	T
44	0.01126	0.01204	T
45	0.03782	0.05841	A
46	0.07419	0.07792	C
47	0.01177	0.01323	T
48	0.05663	0.06014	A
49	0.08089	0.09005	C
50	0.0123	0.01525	T
51	0.05146	0.05248	A
52	0.03743	0.04076	A
53	0.00849	0.01202	T
54	0.04432	0.04456	A
55	0.04534	0.05537	A
56	0.00764	0.00764	T
57	0.01226	0.01274	T
58	0.07469	0.11668	A
59	0.01054	0.01054	T
60	0.01054	0.01151	T
61	0.04509	0.07919	A
62	0.12019	0.12606	C
63	0.0864	0.09364	A
64	0.00424	0.00431	T
65	0.0062	0.00631	T
66	0.00698	0.00705	T
67	0.00976	0.00981	T
68	0.01145	0.01463	G
69	0.08243	0.08331	A
70	0.09757	0.09958	C
71	0.01361	0.01472	T
72	0.0736	0.07799	A
73	0.08901	0.08947	C
74	0.06497	0.06608	C
75	0.03292	0.05006	A
76	0.07379	0.08078	C
77	0.05453	0.05465	A
78	0.06218	0.06377	A
79	0.08054	0.08832	C
80	0.01194	0.01421	T
81	0.07632	0.07993	C
82	0.05304	0.0559	A
83	0.05657	0.05686	A
84	0.09634	0.10209	C
85	0.00806	0.00835	G
86	0.0056	0.0057	G
87	0.02312	0.02471	C
88	0.00522	0.00572	T
89	0.01755	0.01836	A
90	0.04826	0.04924	C
91	0.08608	0.0877	A
92	0.01361	0.016	T
93	0.04485	0.04544	A
94	0.01204	0.01514	G
95	0.00518	0.00519	A
96	0.02853	0.02853	A
97	0.02069	0.02069	A
98	0.04642	0.04642	A
99	0.04449	0.04486	A
100	0.01647	0.01841	T
101	0.09319	0.09445	C
102	0.05653	0.05958	C
103	0.02701	0.05147	A
104	0.06559	0.06578	C
105	0.07203	0.07204	C
106	0.06061	0.06061	C
107	0.06529	0.066	C
108	0.01028	0.01068	T
109	0.01277	0.01286	T
110	0.04483	0.08071	A
111	0.08087	0.08304	C
112	0.00663	0.00725	G
113	0.0706	0.07569	A
114	0.00798	0.00823	G
115	0.01391	0.01532	T
116	0.00653	0.00733	G
117	0.02478	0.02647	C
118	0.00629	0.00634	G
119	0.00481	0.00493	G
120	0.11454	0.11764	C
121	0.0115	0.01175	T
122	0.01294	0.01327	T
123	0.10585	0.11149	C
124	0.01053	0.01331	G
125	0.06086	0.06323	A
126	0.09298	0.0931	C
127	0.08409	0.0849	C
128	0.05946	0.0599	C
129	0.0124	0.01419	T
130	0.06759	0.07372	A
131	0.01186	0.0136	T
132	0.10613	0.11848	A
133	0.01404	0.01595	T
134	0.07059	0.07403	C
135	0.07013	0.07072	C
136	0.10775	0.10804	C
137	0.03605	0.03609	C
138	0.03643	0.03673	C
139	0.00973	0.01157	G
140	0.04952	0.04952	C
141	0.02665	0.02665	C
142	0.04209	0.04271	C
143	0.00971	0.01226	G
144	0.06976	0.07551	C
145	0.00988	0.01442	G
146	0.01075	0.01259	T
147	0.09327	0.09338	C
148	0.10458	0.10464	C
149	0.08361	0.08394	C
150	0.004	0.00415	T
151	0.0109	0.01121	T
152	0.01236	0.0126	T
153	0.10643	0.1123	C
154	0.01444	0.01506	T
155	0.08102	0.08142	C
156	0.05612	0.05793	C
157	0.04509	0.065	A
158	0.01152	0.01482	T
159	0.04131	0.04229	A
160	0.02051	0.02087	A
161	0.0569	0.05772	A
162	0.07132	0.08211	A
163	0.00577	0.00628	T
164	0.00645	0.00672	T
165	0.08412	0.11621	C
166	0.00516	0.00517	T
167	0.00568	0.00585	T
168	0.04806	0.07087	C
169	0.00568	0.00569	T
170	0.00632	0.00634	T
171	0.1056	0.14932	A
172	0.01067	0.01185	G
173	0.00805	0.00992	T
174	0.04507	0.04676	A
175	0.00759	0.00884	G
176	0.05423	0.05848	C
177	0.0067	0.00711	T
178	0.09401	0.10142	A
179	0.00917	0.00932	T
180	0.00961	0.01088	T
181	0.0427	0.06817	A
182	0.11237	0.11528	C
183	0.09586	0.10207	C
184	0.00555	0.00603	T
185	0.00706	0.00741	T
186	0.08803	0.11989	C
187	0.00609	0.00616	T
188	0.00608	0.00631	T
189	0.04912	0.10899	A
190	0.00654	0.0066	T
191	0.00739	0.00772	T
192	0.05501	0.14664	A
193	0.0056	0.00561	T
194	0.00954	0.00954	T
195	0.01098	0.01106	T
196	0.01033	0.01846	G
197	0.06016	0.06151	A
198	0.01201	0.01225	T
199	0.09878	0.10129	C
200	0.00928	0.00976	T
201	0.07984	0.08312	A
202	0.01216	0.0136	G
203	0.01435	0.01452	A
204	0.05368	0.0542	A
205	0.07316	0.07429	A
206	0.01752	0.01832	T
207	0.03306	0.03315	T
208	0.01348	0.01576	G
209	0.08793	0.08871	C
210	0.05343	0.05379	C
211	0.05742	0.05882	C
212	0.0064	0.00866	T
213	0.04052	0.04055	C
214	0.05032	0.05623	C
215	0.00468	0.00472	T
216	0.00661	0.00665	T
217	0.0084	0.00846	T
218	0.01577	0.01605	T
219	0.05721	0.06198	A
220	0.08055	0.0807	C
221	0.04292	0.04308	C
222	0.03602	0.03615	C
223	0.02261	0.02285	C
224	0.00976	0.01086	T
225	0.04118	0.04305	A
226	0.04932	0.04941	C
227	0.03364	0.03409	C
228	0.02926	0.04018	A
229	0.01158	0.01222	T
230	0.00586	0.00806	G
231	0.04769	0.05047	A
232	0.00998	0.01081	G
233	0.03292	0.03336	C
234	0.02837	0.02863	C
235	0.01776	0.01804	C
236	0.00621	0.00719	T
237	0.02645	0.02683	A
238	0.04843	0.05002	C
239	0.03279	0.03421	A
240	0.02655	0.02668	A
241	0.023	0.02363	A
242	0.04325	0.04887	C
243	0.0209	0.02098	A
244	0.03006	0.03053	A
245	0.04283	0.0499	C
246	0.00751	0.0092	T
247	0.02984	0.03021	A
248	0.0363	0.03699	A
249	0.05954	0.06043	C
250	0.02699	0.02964	C
251	0.01419	0.01531	T
252	0.01137	0.0122	G
253	0.04898	0.04928	C
254	0.02628	0.02659	C
255	0.02028	0.02643	A
256	0.02844	0.02971	C
257	0.00607	0.00709	T
258	0.03214	0.03236	A
259	0.03772	0.0385	A
260	0.00705	0.00752	T
261	0.0354	0.0362	A
262	0.00784	0.00894	G
263	0.00606	0.00619	T
264	0.00655	0.00694	T
265	0.03335	0.04415	A
266	0.00995	0.0101	T
267	0.0052	0.00565	G
268	0.00757	0.0085	T
269	0.04202	0.04402	C
270	0.03742	0.04134	A
271	0.01477	0.01602	T
272	0.03854	0.03928	C
273	0.02901	0.02961	C
274	0.02661	0.02718	C
275	0.00653	0.00698	T
276	0.04351	0.04507	C
277	0.00506	0.00506	T
278	0.00571	0.00609	T
279	0.01723	0.03854	A
280	0.00687	0.00687	T
281	0.00806	0.00829	T
282	0.02747	0.02793	A
283	0.03957	0.04005	A
284	0.00615	0.00692	T
285	0.03899	0.04158	C
286	0.03581	0.03833	A
287	0.00785	0.00936	T
288	0.03092	0.0345	C
289	0.02728	0.03002	A
290	0.00616	0.00705	T
291	0.03608	0.03711	C
292	0.01507	0.01606	C
293	0.00854	0.00928	T
294	0.04396	0.05184	A
295	0.00588	0.00621	G
296	0.02909	0.02917	C
297	0.01446	0.01446	C
298	0.02288	0.02312	C
299	0.00775	0.0103	T
300	0.03476	0.035	A
301	0.03633	0.03739	A
302	0.01119	0.0117	G
303	0.00714	0.00766	T
304	0.03866	0.03901	C
305	0.01273	0.01575	T
306	0.00602	0.00618	G
307	0.00313	0.00314	G
308	0.01913	0.01915	C
309	0.03201	0.03228	C
310	0.00718	0.00766	T
311	0.03264	0.03313	A
312	0.00869	0.00903	T
313	0.00484	0.00552	G
314	0.03876	0.03976	A
315	0.00898	0.0093	G
316	0.00877	0.00931	T
317	0.00583	0.0062	G
318	0.02842	0.02942	A
319	0.04155	0.04258	C
320	0.00686	0.00793	T
321	0.02204	0.02256	A
322	0.05203	0.05559	C
323	0.0052	0.0052	A
324	0.01392	0.01398	A
325	0.02202	0.02215	A
326	0.02993	0.02993	A
327	0.02082	0.02089	A
328	0.00308	0.00324	G
329	0.00276	0.00276	G
330	0.01763	0.02426	A
331	0.00683	0.00688	T
332	0.00834	0.00837	T
333	0.02656	0.03365	A
334	0.0065	0.00666	G
335	0.02184	0.02186	A
336	0.03207	0.03244	C
337	0.01135	0.0117	T
338	0.01188	0.0136	G
339	0.01563	0.01593	A
340	0.01706	0.01725	A
341	0.02821	0.0284	C
342	0.01473	0.01477	C
343	0.00704	0.0079	G
344	0.00635	0.00635	A
345	0.00811	0.00811	A
346	0.00048	0.00048	T
347	0.0	0.0	A
348	0.0	0.0	A
