Position	Mismatches	Mismatches + Deletions	Base
1	0.0	0.0	A
2	0.0	0.0	A
3	0.0	0.0	T
4	0.00762	0.00762	G
5	0.0424	0.04889	C
6	0.02762	0.02762	C
7	0.03064	0.03064	C
8	0.03515	0.03515	C
9	0.02263	0.0296	A
10	0.04294	0.04418	A
11	0.05046	0.05272	C
12	0.01203	0.0141	T
13	0.0233	0.02335	A
14	0.03803	0.03821	A
15	0.03731	0.03769	A
16	0.01081	0.01231	T
17	0.0623	0.06257	A
18	0.08509	0.08995	C
19	0.01359	0.01451	T
20	0.05551	0.05702	A
21	0.08441	0.08552	C
22	0.04686	0.04839	C
23	0.01249	0.01695	G
24	0.00651	0.00761	T
25	0.0286	0.02953	A
26	0.00663	0.00786	T
27	0.0075	0.00787	G
28	0.00556	0.0057	G
29	0.08095	0.08111	C
30	0.04851	0.04867	C
31	0.04215	0.04254	C
32	0.03375	0.04102	A
33	0.06618	0.06623	C
34	0.0452	0.04585	C
35	0.02414	0.03788	A
36	0.01209	0.01502	T
37	0.04077	0.04077	A
38	0.05358	0.05705	A
39	0.01278	0.01299	T
40	0.01197	0.01208	T
41	0.04587	0.05369	A
42	0.05952	0.0606	C
43	0.0421	0.0424	C
44	0.05846	0.05853	C
45	0.02201	0.02201	C
46	0.02874	0.02888	C
47	0.01659	0.03529	A
48	0.00879	0.00958	T
49	0.03249	0.03407	A
50	0.03716	0.03905	C
51	0.01222	0.01372	T
52	0.05868	0.05873	C
53	0.04244	0.04419	C
54	0.01022	0.01033	T
55	0.01198	0.01241	T
56	0.02792	0.05274	A
57	0.08475	0.08741	C
58	0.05542	0.05772	A
59	0.06854	0.07116	C
60	0.00948	0.01068	T
61	0.04807	0.06352	A
62	0.01133	0.01156	T
63	0.01094	0.01138	T
64	0.05727	0.05785	C
65	0.04819	0.04916	C
66	0.01224	0.01287	T
67	0.05704	0.0599	C
68	0.03755	0.04456	A
69	0.01683	0.02446	T
70	0.05425	0.06198	C
71	0.03557	0.03822	A
72	0.07223	0.0729	C
73	0.04348	0.0438	C
74	0.04617	0.04892	C
75	0.01797	0.01848	A
76	0.02597	0.026	A
77	0.06841	0.07313	C
78	0.01928	0.02401	T
79	0.00352	0.00385	A
80	0.01397	0.01437	A
81	0.01622	0.01638	A
82	0.02806	0.02823	A
83	0.01961	0.01966	A
84	0.01307	0.01583	T
85	0.02931	0.0301	A
86	0.01371	0.01403	T
87	0.01472	0.01605	T
88	0.03139	0.03171	A
89	0.03873	0.03945	A
90	0.02679	0.02709	A
91	0.07962	0.09128	C
92	0.02656	0.02804	A
93	0.0749	0.08767	C
94	0.04061	0.04062	A
95	0.03428	0.03428	A
96	0.02926	0.02961	A
97	0.05381	0.06029	C
98	0.00922	0.01016	T
99	0.06357	0.06515	A
100	0.05202	0.05268	C
101	0.03488	0.03609	C
102	0.02338	0.02876	A
103	0.05536	0.05567	C
104	0.0276	0.02916	C
105	0.00907	0.0113	T
106	0.05576	0.05817	A
107	0.08178	0.08342	C
108	0.04448	0.05119	C
109	0.00949	0.01325	T
110	0.0674	0.06747	C
111	0.04318	0.04323	C
112	0.04218	0.04492	C
113	0.01368	0.01569	T
114	0.05566	0.0582	C
115	0.03693	0.0405	A
116	0.05314	0.05314	C
117	0.03624	0.0373	C
118	0.02093	0.02186	A
119	0.0295	0.03026	A
120	0.03819	0.03956	A
121	0.01687	0.019	G
122	0.05001	0.05156	C
123	0.07238	0.07385	C
124	0.0552	0.05778	C
125	0.01503	0.01866	A
126	0.0183	0.02426	T
127	0.00203	0.00215	A
128	0.01221	0.01228	A
129	0.01231	0.01242	A
130	0.01715	0.01716	A
131	0.01197	0.01225	A
132	0.21402	0.23036	T
133	0.00619	0.00619	A
134	0.00567	0.00568	A
135	0.01637	0.01637	A
136	0.01291	0.01291	A
137	0.01493	0.01493	A
138	0.02299	0.02334	A
139	0.03069	0.03193	T
140	0.0328	0.03925	T
141	0.03097	0.05878	A
142	0.02794	0.0367	T
143	0.05931	0.05936	A
144	0.04869	0.05068	A
145	0.1551	0.16674	C
146	0.04333	0.04333	A
147	0.04272	0.04274	A
148	0.05205	0.05554	A
149	0.10717	0.11023	C
150	0.06952	0.07123	C
151	0.05061	0.05166	C
152	0.01102	0.01444	T
153	0.01176	0.0144	G
154	0.07399	0.07643	A
155	0.01768	0.02328	G
156	0.04707	0.04758	A
157	0.05645	0.05758	A
158	0.10655	0.10757	C
159	0.07967	0.08267	C
160	0.02621	0.02679	A
161	0.02716	0.02738	A
162	0.03473	0.03508	A
163	0.03058	0.03091	A
164	0.00635	0.00745	T
165	0.00573	0.0071	G
166	0.02065	0.02076	A
167	0.02617	0.02639	A
168	0.03447	0.0363	C
169	0.00876	0.01077	G
170	0.02733	0.02776	A
171	0.01622	0.01656	A
172	0.06573	0.06622	A
173	0.08216	0.08259	A
174	0.01143	0.01434	T
175	0.11186	0.1128	C
176	0.01408	0.0143	T
177	0.00952	0.01673	G
178	0.00555	0.00555	T
179	0.00649	0.00657	T
180	0.02688	0.02922	C
181	0.00942	0.01019	G
182	0.12632	0.12948	C
183	0.00507	0.00578	T
184	0.00501	0.00517	T
185	0.04088	0.04274	C
186	0.04225	0.04429	A
187	0.00566	0.00635	T
188	0.00727	0.00762	T
189	0.08397	0.08903	C
190	0.07612	0.07996	A
191	0.01445	0.01471	T
192	0.02473	0.02602	T
193	0.01851	0.02186	G
194	0.05662	0.05714	C
195	0.03252	0.03297	C
196	0.05399	0.05432	C
197	0.04259	0.04273	C
198	0.05082	0.05119	C
199	0.03428	0.04254	A
200	0.0875	0.09325	C
201	0.04411	0.04503	A
202	0.04485	0.04689	A
203	0.00917	0.01069	T
204	0.07442	0.0747	C
205	0.03502	0.03629	C
206	0.01135	0.0134	T
207	0.06173	0.0731	A
208	0.00879	0.00904	G
209	0.00547	0.00556	G
210	0.01828	0.01843	C
211	0.03399	0.03473	C
212	0.00901	0.01253	T
213	0.05464	0.05889	A
214	0.11198	0.11301	C
215	0.07447	0.07832	C
216	0.08704	0.09361	C
217	0.00577	0.00746	G
218	0.02572	0.02574	C
219	0.02228	0.02288	C
220	0.00727	0.01374	G
221	0.08542	0.08771	C
222	0.06277	0.06537	A
223	0.01114	0.01142	G
224	0.00974	0.01037	T
225	0.06276	0.06355	A
226	0.10352	0.10478	C
227	0.01222	0.01266	T
228	0.0057	0.00971	G
229	0.0394	0.0404	A
230	0.00827	0.00899	T
231	0.06221	0.064	C
232	0.08608	0.08911	A
233	0.00829	0.00836	T
234	0.0078	0.00815	T
235	0.06524	0.08556	C
236	0.00673	0.0071	T
237	0.12587	0.14107	A
238	0.00474	0.00474	T
239	0.01114	0.01114	T
240	0.02049	0.02061	T
241	0.07423	0.0751	C
242	0.05138	0.05185	C
243	0.04505	0.04523	C
244	0.03966	0.03973	C
245	0.03054	0.03065	C
246	0.00651	0.00744	T
247	0.05192	0.05322	C
248	0.00541	0.00552	T
249	0.05739	0.06087	A
250	0.00697	0.00697	T
251	0.00859	0.00866	T
252	0.00928	0.01105	G
253	0.03084	0.03192	A
254	0.01896	0.01977	T
255	0.03033	0.03104	C
256	0.03862	0.03894	C
257	0.02764	0.02771	C
258	0.02984	0.03018	C
259	0.02782	0.03259	A
260	0.04203	0.04207	C
261	0.02263	0.02309	C
262	0.00742	0.00891	T
263	0.02597	0.02598	C
264	0.02104	0.02128	C
265	0.01219	0.01269	A
266	0.02448	0.02462	A
267	0.02417	0.02444	A
268	0.00779	0.00885	T
269	0.03507	0.03596	A
270	0.00768	0.00784	T
271	0.03188	0.03256	C
272	0.00579	0.00659	T
273	0.02688	0.02862	C
274	0.02292	0.02565	A
275	0.00742	0.0086	T
276	0.03141	0.03303	C
277	0.02118	0.0225	A
278	0.02028	0.02047	A
279	0.03482	0.03831	C
280	0.02103	0.02116	A
281	0.02096	0.02123	A
282	0.03789	0.03805	C
283	0.02487	0.02567	C
284	0.00459	0.00631	G
285	0.01751	0.01774	A
286	0.02245	0.02276	C
287	0.00495	0.00544	T
288	0.01919	0.01928	A
289	0.02356	0.02415	A
290	0.0101	0.01088	T
291	0.03556	0.03679	C
292	0.02636	0.02778	A
293	0.02888	0.029	C
294	0.01532	0.01659	C
295	0.02091	0.02452	A
296	0.02346	0.02349	C
297	0.02443	0.02443	C
298	0.01902	0.02	C
299	0.01356	0.01378	A
300	0.01657	0.01672	A
301	0.03538	0.03703	C
302	0.01725	0.01746	A
303	0.01657	0.0168	A
304	0.00832	0.00871	T
305	0.00571	0.00616	G
306	0.02275	0.02302	A
307	0.0382	0.03905	C
308	0.00964	0.01113	T
309	0.01932	0.01952	A
310	0.02477	0.02492	A
311	0.00939	0.01083	T
312	0.03924	0.0421	C
313	0.02218	0.0226	A
314	0.019	0.02014	A
315	0.02281	0.02291	A
316	0.04497	0.05418	C
317	0.01538	0.01772	T
318	0.02134	0.02159	A
319	0.0227	0.02315	A
320	0.04691	0.04734	C
321	0.0248	0.02765	C
322	0.01172	0.01335	T
323	0.04437	0.04687	C
324	0.01843	0.01981	A
325	0.01246	0.01278	A
326	0.01869	0.01918	A
327	0.02048	0.02055	A
328	0.10208	0.1114	C
329	0.01698	0.01703	A
330	0.0245	0.02456	A
331	0.0263	0.02672	A
332	0.01299	0.01416	T
333	0.01317	0.01469	G
334	0.0381	0.03914	A
335	0.01068	0.01358	T
336	0.03186	0.03191	A
337	0.03994	0.04094	A
338	0.0589	0.05953	C
339	0.03808	0.03839	C
340	0.01522	0.03804	A
341	0.013	0.0143	T
342	0.04486	0.04574	A
343	0.06992	0.07375	C
344	0.0413	0.04296	A
345	0.06966	0.07808	C
346	0.03866	0.03866	A
347	0.03829	0.03913	A
348	0.06558	0.0721	C
349	0.04618	0.04686	A
350	0.07093	0.07519	C
351	0.0112	0.01352	T
352	0.04012	0.04046	A
353	0.0464	0.04666	A
354	0.03874	0.03925	A
355	0.00652	0.00676	G
356	0.0056	0.00581	G
357	0.05308	0.06767	A
358	0.07674	0.07984	C
359	0.01685	0.0206	G
360	0.04758	0.0484	A
361	0.05655	0.05821	A
362	0.0738	0.07434	C
363	0.04076	0.04168	C
364	0.00831	0.00998	T
365	0.00918	0.01331	G
366	0.05229	0.05323	A
367	0.0122	0.01246	T
368	0.07645	0.07779	C
369	0.01154	0.01196	T
370	0.08873	0.09272	C
371	0.01021	0.01021	T
372	0.01263	0.01309	T
373	0.03854	0.07565	A
374	0.01215	0.01301	T
375	0.06779	0.07355	A
376	0.08372	0.0877	C
377	0.0084	0.00902	T
378	0.07295	0.07643	A
379	0.0124	0.0155	G
380	0.00826	0.01052	T
381	0.09198	0.09427	A
382	0.00854	0.0096	T
383	0.07029	0.07091	C
384	0.05484	0.05718	C
385	0.00682	0.00685	T
386	0.0081	0.0088	T
387	0.05	0.0526	A
388	0.07954	0.08593	A
389	0.0153	0.01605	T
390	0.10417	0.10979	C
391	0.0462	0.05539	A
392	0.00442	0.00453	T
393	0.00259	0.00262	T
394	0.00364	0.00364	T
395	0.00502	0.00502	T
396	0.00608	0.00612	T
397	0.09804	0.14208	A
398	0.00897	0.00897	T
399	0.01472	0.01495	T
400	0.0221	0.02434	G
401	0.07961	0.08011	C
402	0.06119	0.06262	C
403	0.03343	0.05348	A
404	0.06354	0.07379	C
405	0.04307	0.04334	A
406	0.06623	0.06728	A
407	0.07732	0.09052	C
408	0.00976	0.01186	T
409	0.06163	0.06345	A
410	0.05824	0.06023	A
411	0.07956	0.08112	C
412	0.0523	0.0588	C
413	0.00926	0.0114	T
414	0.05863	0.05913	C
415	0.04764	0.05115	C
416	0.01	0.01223	T
417	0.06387	0.06772	C
418	0.00842	0.00969	G
419	0.00636	0.00691	G
420	0.04314	0.05232	A
421	0.05101	0.05227	C
422	0.00802	0.00855	T
423	0.06355	0.06356	C
424	0.03536	0.03809	C
425	0.015	0.01762	T
426	0.0077	0.00983	G
427	0.05485	0.05531	C
428	0.04027	0.0418	C
429	0.01102	0.01316	T
430	0.04323	0.04578	C
431	0.03815	0.04031	A
432	0.05468	0.05648	C
433	0.01061	0.01286	T
434	0.04535	0.04696	C
435	0.0309	0.03601	A
436	0.00768	0.00774	T
437	0.0102	0.01029	T
438	0.00897	0.0095	T
439	0.04962	0.05551	A
440	0.07053	0.07381	C
441	0.04363	0.04463	A
442	0.07037	0.07086	C
443	0.03633	0.04006	C
444	0.02044	0.02102	A
445	0.0349	0.03575	A
446	0.04629	0.04759	C
447	0.03105	0.03243	C
448	0.02766	0.03702	A
449	0.0477	0.04794	C
450	0.03367	0.03386	C
451	0.02861	0.03073	C
452	0.01834	0.01858	A
453	0.0447	0.04509	A
454	0.04874	0.05154	C
455	0.00641	0.00682	T
456	0.0361	0.03704	A
457	0.00763	0.00795	T
458	0.05162	0.0523	C
459	0.00698	0.00724	T
460	0.04668	0.05017	A
461	0.00762	0.00905	T
462	0.03195	0.03233	A
463	0.0313	0.03153	A
464	0.04393	0.04601	A
465	0.07162	0.07344	C
466	0.01636	0.01743	C
467	0.00933	0.00994	T
468	0.05942	0.06193	A
469	0.00694	0.00739	G
470	0.05195	0.05212	C
471	0.04558	0.04581	C
472	0.03459	0.05255	A
473	0.01064	0.01185	T
474	0.00654	0.0066	G
475	0.0047	0.00482	G
476	0.04764	0.0478	C
477	0.04222	0.04272	C
478	0.04485	0.05587	A
479	0.00963	0.01135	T
480	0.0442	0.04462	C
481	0.05571	0.05596	C
482	0.05621	0.05639	C
483	0.02556	0.0256	C
484	0.00412	0.00425	T
485	0.00427	0.0045	T
486	0.01592	0.0372	A
487	0.01349	0.0136	T
488	0.00455	0.00518	G
489	0.01892	0.01971	A
490	0.00575	0.00587	G
491	0.01619	0.0174	C
492	0.00656	0.00656	G
493	0.00385	0.00387	G
494	0.00386	0.00389	G
495	0.03223	0.0393	C
496	0.79758	0.80067	A
497	0.06026	0.06084	C
498	0.06269	0.06589	A
499	0.01005	0.01023	G
500	0.0118	0.0125	T
501	0.00586	0.00651	G
502	0.05178	0.05624	A
503	0.01292	0.01298	T
504	0.01465	0.01485	T
505	0.05431	0.09298	A
506	0.01143	0.01251	T
507	0.07787	0.08736	A
508	0.00724	0.00785	G
509	0.00407	0.00407	G
510	0.01437	0.01501	C
511	0.00314	0.00315	T
512	0.01006	0.0101	T
513	0.01262	0.01264	T
514	0.02456	0.02662	C
515	0.00922	0.00965	G
516	0.01776	0.01811	C
517	0.00395	0.00408	T
518	0.02061	0.02107	C
519	0.00546	0.00601	T
520	0.02794	0.02833	A
521	0.02991	0.03032	A
522	0.00768	0.00903	G
523	0.06083	0.06277	A
524	0.01284	0.01316	T
525	0.01596	0.01863	T
526	0.00676	0.00704	A
527	0.03353	0.03399	A
528	0.02592	0.02619	A
529	0.05244	0.05299	A
530	0.04467	0.04484	A
531	0.01619	0.01719	T
532	0.00843	0.01031	G
533	0.05046	0.05059	C
534	0.03331	0.03355	C
535	0.03241	0.03274	C
536	0.01006	0.01135	T
537	0.06631	0.07375	A
538	0.0122	0.01367	G
539	0.03775	0.03807	C
540	0.03896	0.03912	C
541	0.05425	0.05469	C
542	0.02612	0.03403	A
543	0.06978	0.07121	C
544	0.00823	0.00861	T
545	0.00754	0.00771	T
546	0.0502	0.06075	C
547	0.00889	0.00892	T
548	0.0113	0.01171	T
549	0.03678	0.05431	A
550	0.06347	0.06389	C
551	0.04442	0.04569	C
552	0.02471	0.02932	A
553	0.05058	0.05364	C
554	0.03263	0.03284	A
555	0.03838	0.03996	A
556	0.00524	0.00566	G
557	0.00516	0.00562	G
558	0.03519	0.03863	C
559	0.04011	0.04476	A
560	0.05618	0.05894	C
561	0.0226	0.02333	A
562	0.05609	0.05629	C
563	0.02249	0.02369	C
564	0.00745	0.00932	T
565	0.03103	0.03681	A
566	0.0513	0.05546	C
567	0.0241	0.0288	A
568	0.02959	0.02965	C
569	0.02886	0.0291	C
570	0.02179	0.02212	C
571	0.02431	0.02465	C
572	0.00463	0.0051	T
573	0.00753	0.00804	T
574	0.02001	0.03563	A
575	0.01566	0.01729	T
576	0.03458	0.03633	C
577	0.02796	0.02846	C
578	0.02591	0.02607	C
579	0.02239	0.0227	C
580	0.01038	0.02804	A
581	0.00519	0.00566	T
582	0.02337	0.02392	A
583	0.03671	0.03841	C
584	0.00513	0.0054	T
585	0.03	0.03108	A
586	0.00493	0.00567	G
587	0.00531	0.00534	T
588	0.00653	0.00707	T
589	0.02648	0.04504	A
590	0.00628	0.00628	T
591	0.00886	0.00932	T
592	0.02426	0.04526	A
593	0.01092	0.01141	T
594	0.04967	0.05221	C
595	0.01125	0.01292	G
596	0.01504	0.01568	A
597	0.02885	0.0292	A
598	0.03164	0.03166	A
599	0.04221	0.04239	C
600	0.02352	0.02371	C
601	0.02432	0.02835	A
602	0.0089	0.01611	T
603	0.03257	0.03439	C
604	0.03464	0.04261	A
605	0.0077	0.00839	G
606	0.05067	0.05079	C
607	0.02435	0.02511	C
608	0.00796	0.00884	T
609	0.03396	0.03598	A
610	0.05316	0.05533	C
611	0.00849	0.00897	T
612	0.05255	0.05616	C
613	0.03737	0.04285	A
614	0.00842	0.00858	T
615	0.00802	0.00824	T
616	0.05209	0.05585	C
617	0.03595	0.03678	A
618	0.04223	0.04316	A
619	0.06217	0.06254	C
620	0.05389	0.05434	C
621	0.03193	0.03205	A
622	0.04794	0.04931	A
623	0.01036	0.01168	T
624	0.05381	0.05782	A
625	0.00826	0.00971	G
626	0.05045	0.05094	C
627	0.06392	0.06407	C
628	0.0472	0.04762	C
629	0.00732	0.00949	T
630	0.00553	0.00556	G
631	0.00426	0.00426	G
632	0.00951	0.00956	C
633	0.06126	0.06131	C
634	0.01052	0.01734	G
635	0.00905	0.01171	T
636	0.05771	0.0623	A
637	0.11235	0.11489	C
638	0.0057	0.00577	G
639	0.01803	0.0184	C
640	0.0154	0.01572	C
641	0.00848	0.01026	T
642	0.04844	0.04962	A
643	0.05552	0.05691	A
644	0.10972	0.11037	C
645	0.07006	0.07149	C
646	0.00579	0.00736	G
647	0.02523	0.02704	C
648	0.00835	0.00935	T
649	0.05165	0.05231	A
650	0.06097	0.06119	A
651	0.08756	0.08899	C
652	0.05495	0.05755	A
653	0.009	0.00959	T
654	0.00935	0.00969	T
655	0.03782	0.06285	A
656	0.08734	0.08907	C
657	0.0096	0.00979	T
658	0.0068	0.01092	G
659	0.04903	0.05219	C
660	0.05727	0.06499	A
661	0.00806	0.00819	G
662	0.0074	0.00753	G
663	0.02571	0.02586	C
664	0.03205	0.03292	C
665	0.03672	0.04616	A
666	0.08851	0.08887	C
667	0.03674	0.03776	C
668	0.00902	0.0101	T
669	0.05126	0.05342	A
670	0.07228	0.07462	C
671	0.01356	0.01893	T
672	0.06704	0.07478	C
673	0.04574	0.0538	A
674	0.01159	0.01217	T
675	0.00845	0.01127	G
676	0.04725	0.04943	C
677	0.04807	0.04884	A
678	0.06791	0.06875	C
679	0.03557	0.03662	C
680	0.00937	0.01032	T
681	0.04277	0.04323	A
682	0.06449	0.06592	A
683	0.00985	0.01002	T
684	0.00832	0.00834	T
685	0.00727	0.00728	G
686	0.00685	0.00711	G
687	0.042	0.04255	A
688	0.05012	0.05073	A
689	0.02165	0.02282	G
690	0.04849	0.05151	C
691	0.01397	0.01468	G
692	0.04919	0.04933	C
693	0.03416	0.03477	C
694	0.03409	0.04884	A
695	0.06544	0.06549	C
696	0.0496	0.04967	C
697	0.03093	0.03233	C
698	0.01047	0.01103	T
699	0.04334	0.04413	A
700	0.00704	0.00755	G
701	0.04526	0.04628	C
702	0.03795	0.03872	A
703	0.03798	0.03871	A
704	0.01175	0.01233	T
705	0.04349	0.04412	A
706	0.01015	0.01203	T
707	0.05248	0.05665	C
708	0.02967	0.03024	A
709	0.03615	0.03635	A
710	0.05667	0.05703	C
711	0.03419	0.03436	C
712	0.0334	0.04121	A
713	0.00925	0.01044	T
714	0.00859	0.00924	T
715	0.02406	0.0243	A
716	0.04049	0.04168	A
717	0.07104	0.07205	C
718	0.04404	0.04535	C
719	0.00993	0.01053	T
720	0.0099	0.01038	T
721	0.04415	0.04429	C
722	0.03709	0.03762	C
723	0.03253	0.0329	C
724	0.00736	0.00819	T
725	0.0405	0.04293	C
726	0.00686	0.00772	T
727	0.03995	0.04256	A
728	0.04965	0.0514	C
729	0.02202	0.02391	A
730	0.05342	0.05692	C
731	0.00799	0.00845	T
732	0.0083	0.00868	T
733	0.03321	0.04903	A
734	0.00829	0.00953	T
735	0.05218	0.05414	C
736	0.04104	0.04615	A
737	0.00894	0.00977	T
738	0.05906	0.0644	C
739	0.00731	0.00743	T
740	0.00905	0.00954	T
741	0.05649	0.06104	C
742	0.03825	0.04026	A
743	0.07851	0.08174	C
744	0.02725	0.02865	A
745	0.05042	0.0528	A
746	0.00743	0.00785	T
747	0.00828	0.00859	T
748	0.05309	0.06803	C
749	0.0106	0.01226	T
750	0.0315	0.03454	A
751	0.05967	0.06179	A
752	0.00761	0.00769	T
753	0.00828	0.00861	T
754	0.0589	0.0719	C
755	0.00954	0.01001	T
756	0.06198	0.06476	A
757	0.07296	0.07487	C
758	0.00988	0.01056	T
759	0.00574	0.00787	G
760	0.0615	0.06238	A
761	0.07513	0.07847	C
762	0.00759	0.00794	T
763	0.0565	0.06071	A
764	0.00928	0.01039	T
765	0.08157	0.08245	C
766	0.04277	0.04462	C
767	0.0087	0.00974	T
768	0.06221	0.06516	A
769	0.00908	0.01001	G
770	0.02105	0.02115	A
771	0.0455	0.04588	A
772	0.05633	0.05711	A
773	0.01168	0.01343	T
774	0.07182	0.07289	C
775	0.01067	0.01092	G
776	0.05081	0.05153	C
777	0.00902	0.00931	T
778	0.0077	0.01006	G
779	0.02148	0.02486	T
780	0.06098	0.0632	C
781	0.00677	0.00701	G
782	0.05036	0.05036	C
783	0.04958	0.04986	C
784	0.00642	0.00654	T
785	0.01027	0.01036	T
786	0.03752	0.03906	A
787	0.0448	0.04558	A
788	0.01882	0.02023	T
789	0.07039	0.07176	C
790	0.03045	0.03118	C
791	0.02666	0.02735	A
792	0.06674	0.06819	A
793	0.00716	0.00811	G
794	0.04503	0.04512	C
795	0.03108	0.03148	C
796	0.01743	0.01791	T
797	0.03444	0.03502	A
798	0.05945	0.06026	C
799	0.01118	0.01288	G
800	0.00438	0.00448	T
801	0.00426	0.00434	T
802	0.00662	0.00684	T
803	0.00982	0.00986	T
804	0.06919	0.08212	C
805	0.05027	0.05223	A
806	0.05946	0.06178	C
807	0.0265	0.0274	A
808	0.05746	0.05999	C
809	0.01009	0.01063	T
810	0.00536	0.00539	T
811	0.03317	0.04106	C
812	0.00607	0.0061	T
813	0.03938	0.04306	A
814	0.0053	0.00557	G
815	0.00578	0.00757	T
816	0.02419	0.02446	A
817	0.03727	0.03893	A
818	0.00545	0.00665	G
819	0.06764	0.06835	C
820	0.0221	0.0222	C
821	0.00474	0.00547	T
822	0.02849	0.02961	C
823	0.00647	0.00683	T
824	0.02237	0.02382	A
825	0.04213	0.04228	C
826	0.01876	0.01987	C
827	0.00488	0.00527	T
828	0.00547	0.00578	G
829	0.02207	0.02303	C
830	0.01586	0.01723	A
831	0.02468	0.02532	C
832	0.00366	0.00385	G
833	0.01297	0.01312	A
834	0.0213	0.02179	C
835	0.01404	0.01404	A
836	0.00925	0.0093	A
837	0.01879	0.01971	C
838	0.00823	0.00833	A
839	0.01959	0.01959	C
840	0.0006	0.0006	A
841	0.0	0.0	T
842	0.0	0.0	A
