Position	Mismatches	Mismatches + Deletions	Base
1	0.0	0.0	A
2	0.0	0.0	T
3	0.0	0.0	G
4	0.01679	0.01679	A
5	0.02712	0.03024	C
6	0.01505	0.01505	C
7	0.02417	0.02417	C
8	0.0251	0.0251	C
9	0.02437	0.03772	A
10	0.03327	0.03327	A
11	0.03295	0.03456	T
12	0.04069	0.04208	A
13	0.08442	0.08541	C
14	0.02683	0.02701	G
15	0.05915	0.06521	C
16	0.02283	0.02283	A
17	0.01833	0.01833	A
18	0.02893	0.02893	A
19	0.03531	0.03531	A
20	0.97643	0.99125	C
21	0.01969	0.02227	T
22	0.0296	0.03108	A
23	0.01665	0.01671	A
24	0.02624	0.02624	C
25	0.02359	0.02381	C
26	0.02914	0.02914	C
27	0.02877	0.02877	C
28	0.02582	0.02608	C
29	0.02902	0.03257	T
30	0.02517	0.02658	A
31	0.02775	0.02857	A
32	0.01762	0.02563	T
33	0.02511	0.02533	A
34	0.01238	0.01238	A
35	0.02011	0.02011	A
36	0.03543	0.03697	A
37	0.01742	0.01769	T
38	0.02584	0.02762	T
39	0.03255	0.03316	A
40	0.05568	0.05571	A
41	0.01876	0.01913	T
42	0.01586	0.0164	T
43	0.04666	0.04752	A
44	0.06135	0.06248	A
45	0.08624	0.08852	C
46	0.05207	0.05323	C
47	0.92421	0.93305	A
48	0.05845	0.05871	C
49	0.01878	0.0213	T
50	0.07486	0.07664	C
51	0.06519	0.07046	A
52	0.01666	0.01752	T
53	0.01632	0.01646	T
54	0.08953	0.0941	C
55	0.06758	0.0707	A
56	0.01685	0.02061	T
57	0.06902	0.0711	C
58	0.01934	0.02093	G
59	0.05718	0.05916	A
60	0.08163	0.08214	C
61	0.0386	0.04033	C
62	0.01155	0.01618	T
63	0.05488	0.05493	C
64	0.04855	0.04884	C
65	0.0524	0.0524	C
66	0.04891	0.05068	C
67	0.02712	0.04043	A
68	0.0751	0.0751	C
69	0.06343	0.06343	C
70	0.04059	0.04059	C
71	0.03315	0.03372	C
72	0.03871	0.05198	A
73	0.01723	0.02192	T
74	0.06887	0.06919	C
75	0.05893	0.06012	C
76	0.04219	0.0433	A
77	0.07027	0.07073	A
78	0.08351	0.08819	C
79	0.05837	0.06102	A
80	0.01502	0.01597	T
81	0.0589	0.05952	C
82	0.01339	0.01634	T
83	0.07338	0.0734	C
84	0.05993	0.06099	C
85	0.01221	0.01685	G
86	0.0617	0.06528	C
87	0.06311	0.06709	A
88	0.01069	0.0117	T
89	0.00559	0.00642	G
90	0.02764	0.02864	A
91	0.00649	0.00679	T
92	0.00628	0.00776	G
93	0.03211	0.03231	A
94	0.03051	0.03111	A
95	0.04386	0.04408	A
96	0.16699	0.17307	C
97	0.01141	0.01146	T
98	0.01591	0.01595	T
99	0.05335	0.06553	C
100	0.00874	0.00891	G
101	0.0072	0.00743	G
102	0.04787	0.0502	C
103	0.0157	0.01755	T
104	0.1008	0.10964	C
105	0.05676	0.06052	A
106	0.10498	0.11087	C
107	0.01518	0.01635	T
108	0.09608	0.09608	C
109	0.07676	0.08202	C
110	0.01403	0.01411	T
111	0.01211	0.01223	T
112	0.00655	0.00664	G
113	0.00621	0.00645	G
114	0.01838	0.01958	C
115	0.01089	0.01116	G
116	0.03635	0.03644	C
117	0.01887	0.01943	C
118	0.00825	0.01044	T
119	0.00594	0.0063	G
120	0.09574	0.09594	C
121	0.05176	0.05278	C
122	0.00823	0.0112	T
123	0.00698	0.01122	G
124	0.04213	0.04583	A
125	0.01065	0.0117	T
126	0.07834	0.07889	C
127	0.04374	0.0447	C
128	0.01552	0.01822	T
129	0.0805	0.08086	C
130	0.04823	0.04899	C
131	0.02374	0.02567	A
132	0.04918	0.05041	A
133	0.04784	0.04917	A
134	0.01293	0.01547	T
135	0.06971	0.07244	C
136	0.05392	0.056	A
137	0.08337	0.08398	C
138	0.05481	0.0584	C
139	0.04175	0.0501	A
140	0.08281	0.08694	C
141	0.03187	0.04052	A
142	0.0056	0.00614	G
143	0.00435	0.00443	G
144	0.03845	0.05476	A
145	0.10182	0.10358	C
146	0.00942	0.01002	T
147	0.05768	0.07964	A
148	0.01358	0.01358	T
149	0.00953	0.00988	T
150	0.05125	0.05173	C
151	0.01751	0.01856	C
152	0.00814	0.0089	T
153	0.05785	0.06433	A
154	0.01073	0.01128	G
155	0.06244	0.06251	C
156	0.04735	0.04758	C
157	0.03628	0.05894	A
158	0.01193	0.01316	T
159	0.00948	0.01165	G
160	0.07845	0.08097	C
161	0.06153	0.06354	A
162	0.07889	0.0814	C
163	0.01502	0.01598	T
164	0.0557	0.05873	A
165	0.0857	0.08913	C
166	0.01744	0.02099	T
167	0.04763	0.05488	C
168	0.03539	0.03773	A
169	0.11139	0.11139	C
170	0.02224	0.02315	C
171	0.01474	0.03482	A
172	0.01477	0.01602	G
173	0.03157	0.03312	A
174	0.02559	0.02707	C
175	0.00769	0.00795	G
176	0.01734	0.01741	C
177	0.01255	0.0132	C
178	0.01008	0.01437	T
179	0.09682	0.10265	C
180	0.04456	0.04874	A
181	0.06011	0.06135	A
182	0.09062	0.09157	C
183	0.05933	0.06209	C
184	0.00665	0.00839	G
185	0.02795	0.028	C
186	0.02238	0.02295	C
187	0.00626	0.00635	T
188	0.00584	0.0059	T
189	0.00507	0.00516	T
190	0.00629	0.0063	T
191	0.03109	0.03939	C
192	0.02998	0.03124	A
193	0.00638	0.00708	T
194	0.03174	0.03327	C
195	0.0374	0.03847	A
196	0.05454	0.05798	A
197	0.02996	0.03214	T
198	0.07678	0.08037	C
199	0.01092	0.01197	G
200	0.04466	0.04489	C
201	0.0599	0.0601	C
202	0.04746	0.04804	C
203	0.03215	0.03656	A
204	0.06285	0.06553	C
205	0.0422	0.04708	A
206	0.01012	0.01303	T
207	0.06494	0.06734	C
208	0.05155	0.05267	A
209	0.07621	0.08109	C
210	0.01048	0.01112	T
211	0.06044	0.06092	C
212	0.00681	0.00748	G
213	0.02047	0.02246	A
214	0.00563	0.00594	G
215	0.01904	0.01932	A
216	0.02955	0.03017	C
217	0.00823	0.00857	G
218	0.00579	0.00762	T
219	0.01679	0.01697	A
220	0.03761	0.03792	A
221	0.04867	0.04959	A
222	0.00836	0.00851	T
223	0.01049	0.01102	T
224	0.03946	0.07603	A
225	0.00813	0.00888	T
226	0.00457	0.00471	G
227	0.00467	0.00474	G
228	0.01606	0.01678	C
229	0.00774	0.00779	T
230	0.00871	0.0101	G
231	0.02725	0.02828	A
232	0.03814	0.03839	A
233	0.01227	0.01591	T
234	0.07372	0.07981	C
235	0.0522	0.05929	A
236	0.01173	0.01349	T
237	0.07615	0.0785	C
238	0.08079	0.08717	C
239	0.00763	0.01275	G
240	0.0629	0.06891	C
241	0.01384	0.01507	T
242	0.0645	0.06573	A
243	0.0916	0.09178	C
244	0.05845	0.06236	C
245	0.00779	0.00794	T
246	0.00679	0.01008	T
247	0.04144	0.04622	C
248	0.05048	0.058	A
249	0.0996	0.10073	C
250	0.00583	0.00622	G
251	0.00736	0.00736	C
252	0.01284	0.01287	C
253	0.03704	0.03756	A
254	0.07078	0.07162	A
255	0.0135	0.01419	T
256	0.00986	0.0099	G
257	0.00614	0.0064	G
258	0.013	0.01352	C
259	0.00633	0.00659	G
260	0.04711	0.04728	C
261	0.02163	0.02182	C
262	0.00458	0.00519	T
263	0.03183	0.03257	C
264	0.04694	0.04816	A
265	0.04981	0.05114	A
266	0.00806	0.00824	T
267	0.11691	0.12277	A
268	0.00518	0.00518	T
269	0.00708	0.00714	T
270	0.17254	0.21032	C
271	0.00543	0.00543	T
272	0.00615	0.00615	T
273	0.00705	0.00709	T
274	0.13083	0.14171	A
275	0.01082	0.01157	T
276	0.11568	0.11876	C
277	0.01291	0.01301	T
278	0.00501	0.00566	G
279	0.01512	0.01531	C
280	0.00656	0.00714	C
281	0.00256	0.00287	T
282	0.01742	0.01836	C
283	0.01071	0.01071	T
284	0.00868	0.00871	T
285	0.01842	0.01847	C
286	0.01052	0.01093	C
287	0.00733	0.01029	T
288	0.07099	0.07381	A
289	0.11063	0.11693	C
290	0.05327	0.06057	A
291	0.10855	0.1188	C
292	0.06594	0.07204	A
293	0.01424	0.01634	T
294	0.0913	0.10529	C
295	0.004	0.00413	G
296	0.00327	0.00333	G
297	0.00776	0.00776	G
298	0.32093	0.36267	C
299	0.00488	0.00545	G
300	0.01389	0.01714	A
301	0.00583	0.00587	G
302	0.00356	0.00373	G
303	0.01796	0.01799	C
304	0.09507	0.09552	C
305	0.00725	0.00761	T
306	0.03959	0.04094	A
307	0.00873	0.00889	T
308	0.0822	0.08464	A
309	0.00934	0.00934	T
310	0.01059	0.01125	T
311	0.04062	0.06496	A
312	0.10945	0.11412	C
313	0.01173	0.012	G
314	0.00738	0.00761	G
315	0.04075	0.05058	A
316	0.01146	0.01269	T
317	0.07216	0.07482	C
318	0.0891	0.11745	A
319	0.00549	0.00561	T
320	0.01128	0.01135	T
321	0.01136	0.01144	T
322	0.06843	0.07382	C
323	0.0094	0.00959	T
324	0.07087	0.07349	C
325	0.00848	0.00896	T
326	0.04996	0.0539	A
327	0.06494	0.06732	C
328	0.00861	0.0128	T
329	0.051	0.05464	C
330	0.03583	0.03873	A
331	0.00915	0.01091	G
332	0.02667	0.02704	A
333	0.03607	0.03625	A
334	0.04706	0.04804	A
335	0.06035	0.06145	C
336	0.02752	0.02817	C
337	0.00576	0.00769	T
338	0.00594	0.00807	G
339	0.03921	0.0398	A
340	0.04058	0.04094	A
341	0.03768	0.03785	A
342	0.05409	0.06091	C
343	0.04172	0.0434	A
344	0.01215	0.01366	T
345	0.04926	0.05073	C
346	0.00605	0.00625	G
347	0.00358	0.00365	G
348	0.05007	0.05076	C
349	0.03962	0.04019	A
350	0.00792	0.00807	T
351	0.00725	0.00755	T
352	0.02277	0.04496	A
353	0.00955	0.01171	T
354	0.04238	0.0442	C
355	0.02912	0.02989	C
356	0.00627	0.00814	T
357	0.04593	0.04613	C
358	0.03116	0.0338	C
359	0.00724	0.00846	T
360	0.00519	0.00577	G
361	0.03795	0.04071	C
362	0.00445	0.0045	T
363	0.00548	0.00586	T
364	0.00338	0.00452	G
365	0.03238	0.03596	C
366	0.03052	0.03085	A
367	0.04547	0.04548	A
368	0.0552	0.05837	C
369	0.00814	0.00862	T
370	0.03659	0.04512	A
371	0.00941	0.00971	T
372	0.04	0.04096	A
373	0.00502	0.00579	G
374	0.02479	0.02634	C
375	0.03308	0.03329	A
376	0.04228	0.04375	A
377	0.07325	0.07623	C
378	0.02849	0.03061	A
379	0.00284	0.00317	G
380	0.01028	0.01028	C
381	0.00405	0.00414	C
382	0.00306	0.00315	T
383	0.00853	0.0087	T
384	0.08712	0.09252	C
385	0.06682	0.07486	A
386	0.01445	0.01711	T
387	0.02107	0.02643	A
388	0.00455	0.00477	G
389	0.00518	0.00518	G
390	0.00958	0.00998	C
391	0.00404	0.00413	T
392	0.06721	0.06832	A
393	0.01118	0.01133	T
394	0.00854	0.00906	G
395	0.00803	0.00896	T
396	0.02436	0.02444	C
397	0.02043	0.02072	C
398	0.00779	0.01191	T
399	0.03093	0.03095	C
400	0.0924	0.09241	C
401	0.07265	0.0737	C
402	0.00812	0.01361	G
403	0.01506	0.01709	T
404	0.00567	0.00618	G
405	0.02394	0.02684	A
406	0.00712	0.00712	G
407	0.0038	0.00389	G
408	0.06379	0.06413	C
409	0.05598	0.05633	C
410	0.02171	0.02179	A
411	0.04389	0.0439	A
412	0.04679	0.04742	A
413	0.01123	0.01269	T
414	0.06661	0.06822	A
415	0.01201	0.01315	T
416	0.08883	0.09189	C
417	0.07871	0.08242	A
418	0.01155	0.01155	T
419	0.0116	0.01214	T
420	0.06704	0.07824	C
421	0.01687	0.01736	T
422	0.00913	0.01237	G
423	0.08163	0.08592	A
424	0.01415	0.01415	G
425	0.00835	0.00835	G
426	0.00971	0.00971	G
427	0.00624	0.00624	G
428	0.02349	0.02363	C
429	0.06341	0.06384	C
430	0.04376	0.05588	A
431	0.07613	0.07662	C
432	0.03118	0.03382	A
433	0.01016	0.01052	G
434	0.00761	0.00911	T
435	0.02281	0.02285	A
436	0.04067	0.04082	A
437	0.01004	0.01028	T
438	0.01211	0.01244	T
439	0.0246	0.04845	A
440	0.10138	0.10694	C
441	0.0519	0.05212	A
442	0.04359	0.04417	A
443	0.03452	0.03578	A
444	0.09249	0.10333	C
445	0.00792	0.0086	T
446	0.0082	0.00844	T
447	0.02671	0.04633	A
448	0.0658	0.06895	C
449	0.01038	0.01091	T
450	0.06398	0.07123	A
451	0.01014	0.01225	T
452	0.08181	0.08384	C
453	0.06067	0.06285	C
454	0.00613	0.00917	G
455	0.05158	0.05161	C
456	0.04123	0.0415	C
457	0.06685	0.08404	A
458	0.01336	0.01577	T
459	0.03441	0.03467	C
460	0.02285	0.02299	C
461	0.02513	0.02591	C
462	0.01484	0.04764	A
463	0.01113	0.01228	T
464	0.06276	0.06401	A
465	0.10857	0.11079	C
466	0.07764	0.0793	A
467	0.01123	0.01139	T
468	0.0098	0.00992	T
469	0.00618	0.00629	G
470	0.00463	0.00465	G
471	0.00406	0.00406	G
472	0.81664	0.83363	A
473	0.0602	0.06148	C
474	0.04893	0.05545	A
475	0.00832	0.00848	G
476	0.04096	0.04183	A
477	0.12008	0.12036	C
478	0.07351	0.07384	C
479	0.00921	0.00973	T
480	0.05704	0.05948	A
481	0.01132	0.01161	G
482	0.0097	0.00974	T
483	0.0119	0.01194	T
484	0.10507	0.10737	C
485	0.07273	0.07348	A
486	0.06515	0.06539	A
487	0.01365	0.01403	T
488	0.00774	0.00819	G
489	0.02658	0.02743	A
490	0.03063	0.0315	A
491	0.00477	0.00502	T
492	0.02317	0.02356	C
493	0.00719	0.00745	T
494	0.00505	0.00597	G
495	0.0297	0.03108	A
496	0.00694	0.00694	G
497	0.00541	0.00581	G
498	0.06541	0.08677	A
499	0.00503	0.00503	G
500	0.00585	0.00592	G
501	0.03859	0.04226	C
502	0.00733	0.00761	T
503	0.04651	0.04859	A
504	0.04926	0.04997	C
505	0.0112	0.02084	T
506	0.06218	0.06398	C
507	0.08805	0.09137	A
508	0.01348	0.01393	G
509	0.01498	0.0164	T
510	0.0672	0.0699	A
511	0.00892	0.00949	G
512	0.069	0.07051	A
513	0.11661	0.11795	C
514	0.0521	0.05527	A
515	0.00987	0.01101	G
516	0.01553	0.01717	T
517	0.06265	0.06316	C
518	0.03234	0.03251	C
519	0.04335	0.04444	C
520	0.07091	0.09785	A
521	0.09678	0.09688	C
522	0.0085	0.0085	C
523	0.00775	0.00812	C
524	0.00729	0.01389	T
525	0.01223	0.01277	C
526	0.0501	0.05767	A
527	0.11813	0.1229	C
528	0.05551	0.05671	A
529	0.09479	0.09776	C
530	0.00591	0.00632	G
531	0.02764	0.02838	A
532	0.00347	0.00356	T
533	0.00398	0.00408	T
534	0.05638	0.06546	C
535	0.00833	0.00839	T
536	0.00848	0.00852	T
537	0.01087	0.01123	T
538	0.0781	0.09115	A
539	0.11598	0.11834	C
540	0.09377	0.09642	C
541	0.00544	0.00591	T
542	0.0083	0.00883	T
543	0.01142	0.01144	T
544	0.09699	0.10555	C
545	0.05764	0.06131	A
546	0.11065	0.11679	C
547	0.00713	0.00906	T
548	0.00794	0.00894	T
549	0.07765	0.0853	C
550	0.08084	0.08822	A
551	0.00845	0.00944	T
552	0.07859	0.08411	C
553	0.0094	0.00953	T
554	0.02108	0.02138	T
555	0.01043	0.01225	G
556	0.04817	0.04939	C
557	0.03137	0.03206	C
558	0.02726	0.02788	C
559	0.00602	0.00618	T
560	0.00838	0.00843	T
561	0.06126	0.06536	C
562	0.05475	0.05801	A
563	0.01024	0.01026	T
564	0.00704	0.00725	T
565	0.04932	0.08331	A
566	0.00995	0.00997	T
567	0.00915	0.00919	T
568	0.00861	0.01461	G
569	0.04922	0.05627	C
570	0.0605	0.06834	A
571	0.01112	0.01209	G
572	0.03296	0.03308	C
573	0.04571	0.04604	C
574	0.03431	0.03456	C
575	0.00934	0.00994	T
576	0.06637	0.06952	A
577	0.00803	0.01066	G
578	0.04223	0.04339	C
579	0.04825	0.0491	A
580	0.5825	0.58384	A
581	0.04251	0.04355	C
582	0.04042	0.04383	A
583	0.05796	0.06	C
584	0.01474	0.01738	T
585	0.0414	0.0417	C
586	0.03414	0.03532	C
587	0.0293	0.03457	A
588	0.06234	0.06238	C
589	0.03502	0.03871	C
590	0.00707	0.00868	T
591	0.06093	0.06093	C
592	0.03158	0.03562	C
593	0.00645	0.00706	T
594	0.04718	0.05431	A
595	0.00708	0.00708	T
596	0.00601	0.00608	T
597	0.04814	0.0583	C
598	0.00792	0.00792	T
599	0.00986	0.00993	T
600	0.0086	0.0108	G
601	0.04474	0.0464	C
602	0.03475	0.03585	A
603	0.05369	0.05533	C
604	0.00803	0.00987	G
605	0.02313	0.02432	A
606	0.035	0.03537	A
607	0.04059	0.0408	A
608	0.07466	0.08114	C
609	0.00661	0.0067	G
610	0.00429	0.00446	G
611	0.00359	0.00391	G
612	0.02767	0.03243	A
613	0.00989	0.01145	T
614	0.06129	0.0632	C
615	0.0436	0.0441	A
616	0.03639	0.03805	A
617	0.03433	0.03495	A
618	0.06946	0.07844	C
619	0.03081	0.03094	A
620	0.02932	0.03733	A
621	0.02775	0.02857	C
622	0.01803	0.01869	C
623	0.01794	0.01815	C
624	0.03571	0.03576	C
625	0.03895	0.03895	C
626	0.00854	0.00887	T
627	0.05192	0.05315	A
628	0.00509	0.00518	G
629	0.00515	0.0054	G
630	0.01914	0.01947	A
631	0.03183	0.03209	A
632	0.00985	0.01106	T
633	0.06261	0.06415	C
634	0.04399	0.04531	A
635	0.07649	0.07652	C
636	0.03741	0.03813	C
637	0.01408	0.01686	T
638	0.04274	0.04275	C
639	0.03786	0.03786	C
640	0.03485	0.03607	C
641	0.03847	0.04617	A
642	0.00633	0.00649	T
643	0.00484	0.00496	T
644	0.03304	0.0331	C
645	0.02571	0.02591	C
646	0.0097	0.01207	G
647	0.03567	0.03676	A
648	0.01442	0.01696	T
649	0.03044	0.03113	A
650	0.02048	0.0208	A
651	0.03278	0.0328	A
652	0.04416	0.04564	A
653	0.00921	0.01118	T
654	0.04901	0.05112	C
655	0.03461	0.03531	A
656	0.09059	0.09107	C
657	0.04498	0.04569	C
658	0.01062	0.01124	T
659	0.01644	0.0169	T
660	0.04673	0.04704	C
661	0.03344	0.03478	C
662	0.02151	0.03388	A
663	0.06987	0.06994	C
664	0.03596	0.03597	C
665	0.02435	0.02531	C
666	0.00976	0.01016	T
667	0.00863	0.00895	T
668	0.0243	0.0385	A
669	0.04898	0.05182	C
670	0.0083	0.01096	T
671	0.04374	0.04693	A
672	0.06164	0.06657	C
673	0.02458	0.02785	A
674	0.06439	0.06951	C
675	0.02698	0.0271	A
676	0.04359	0.04444	A
677	0.01257	0.01476	T
678	0.06564	0.06718	C
679	0.03662	0.03698	A
680	0.04044	0.04242	A
681	0.05197	0.05417	A
682	0.00949	0.01008	G
683	0.05397	0.05596	A
684	0.06882	0.07111	C
685	0.00867	0.00969	G
686	0.02002	0.02002	C
687	0.01511	0.01511	C
688	0.04411	0.04426	C
689	0.01158	0.01337	T
690	0.06766	0.06892	C
691	0.0069	0.00768	G
692	0.0064	0.00647	G
693	0.01844	0.01917	C
694	0.01188	0.01195	T
695	0.01011	0.01042	T
696	0.03715	0.05412	A
697	0.10014	0.10349	C
698	0.01066	0.01075	T
699	0.00885	0.00901	T
700	0.05811	0.0702	C
701	0.01127	0.01288	T
702	0.10406	0.11398	C
703	0.01044	0.01061	T
704	0.00973	0.00999	T
705	0.07524	0.07583	C
706	0.08469	0.09124	C
707	0.01262	0.01332	T
708	0.01446	0.01466	T
709	0.06497	0.07746	C
710	0.01331	0.01495	T
711	0.0671	0.07288	C
712	0.01032	0.01173	T
713	0.05759	0.05759	C
714	0.03781	0.04274	C
715	0.00857	0.00857	T
716	0.00887	0.00898	T
717	0.02978	0.03134	A
718	0.0362	0.03693	A
719	0.0071	0.01033	T
720	0.54512	0.54948	G
721	0.02726	0.03106	A
722	0.05118	0.05935	C
723	0.03806	0.03994	A
724	0.00923	0.01028	T
725	0.01026	0.01154	T
726	0.03487	0.03508	A
727	0.03038	0.03131	A
728	0.06148	0.06546	C
729	0.0474	0.04866	A
730	0.06038	0.06604	C
731	0.00804	0.00859	T
732	0.05768	0.06136	A
733	0.008	0.0081	T
734	0.00932	0.00937	T
735	0.05736	0.0624	C
736	0.01379	0.01656	T
737	0.04522	0.04846	C
738	0.03248	0.03654	A
739	0.06904	0.06916	C
740	0.02885	0.0301	C
741	0.03142	0.06202	A
742	0.01508	0.01645	G
743	0.04634	0.0468	A
744	0.05492	0.05536	C
745	0.02696	0.02807	C
746	0.00661	0.0086	T
747	0.05655	0.05658	C
748	0.02028	0.02215	C
749	0.01091	0.01172	T
750	0.03618	0.04223	A
751	0.00487	0.00489	G
752	0.00571	0.00621	G
753	0.03487	0.03622	C
754	0.01137	0.01396	G
755	0.03074	0.03559	A
756	0.07731	0.07775	C
757	0.04626	0.04697	C
758	0.04562	0.04574	C
759	0.02394	0.05465	A
760	0.01139	0.01228	G
761	0.03583	0.03664	A
762	0.07623	0.07756	C
763	0.02215	0.02231	A
764	0.04084	0.04109	A
765	0.01218	0.01238	T
766	0.0106	0.0112	T
767	0.0368	0.06904	A
768	0.01656	0.02041	T
769	0.05585	0.06133	A
770	0.07822	0.08021	C
771	0.04348	0.04372	C
772	0.01432	0.01478	C
773	0.01366	0.01548	T
774	0.04965	0.05171	A
775	0.01734	0.01833	G
776	0.07068	0.07117	C
777	0.05383	0.05487	C
778	0.02837	0.02931	A
779	0.02547	0.03001	A
780	0.03959	0.04012	C
781	0.03779	0.0384	C
782	0.02912	0.02944	C
783	0.03331	0.0335	C
784	0.01283	0.01313	T
785	0.01247	0.01272	T
786	0.03249	0.03352	A
787	0.04714	0.04795	A
788	0.05038	0.05179	A
789	0.07157	0.08368	C
790	0.03942	0.04467	A
791	0.06295	0.06353	C
792	0.04115	0.04115	C
793	0.03137	0.03147	C
794	0.03643	0.03693	C
795	0.02139	0.02576	T
796	0.04218	0.04218	C
797	0.03765	0.03765	C
798	0.04573	0.04574	C
799	0.04012	0.04028	C
800	0.02713	0.0303	A
801	0.05108	0.05317	C
802	0.04468	0.04649	A
803	0.01154	0.01413	T
804	0.06368	0.06558	C
805	0.03666	0.03753	A
806	0.06022	0.06535	A
807	0.01362	0.01696	G
808	0.04798	0.04798	C
809	0.03884	0.03893	C
810	0.02502	0.0251	C
811	0.01924	0.02255	G
812	0.03369	0.03417	A
813	0.03711	0.03766	A
814	0.01274	0.01296	T
815	0.01037	0.0137	G
816	0.03966	0.04091	A
817	0.01105	0.01155	T
818	0.1035	0.10537	A
819	0.00789	0.00789	T
820	0.01055	0.01056	T
821	0.00824	0.00831	T
822	0.09596	0.09642	C
823	0.05892	0.05949	C
824	0.01189	0.013	T
825	0.08211	0.09029	A
826	0.01054	0.01061	T
827	0.01904	0.01934	T
828	0.04893	0.0584	C
829	0.01005	0.01056	G
830	0.07216	0.07234	C
831	0.0317	0.03221	C
832	0.01115	0.01262	T
833	0.04636	0.04702	A
834	0.07748	0.08124	C
835	0.03927	0.04061	A
836	0.07999	0.0844	C
837	0.03912	0.03938	A
838	0.06779	0.06861	A
839	0.01144	0.01176	T
840	0.01116	0.01133	T
841	0.05672	0.07136	C
842	0.01304	0.01473	T
843	0.07522	0.07524	C
844	0.04068	0.04184	C
845	0.01305	0.01891	G
846	0.0485	0.05088	A
847	0.00995	0.01158	T
848	0.0741	0.07426	C
849	0.03849	0.03962	C
850	0.01347	0.01837	G
851	0.01165	0.01542	T
852	0.03674	0.03679	C
853	0.03325	0.03343	C
854	0.0233	0.02345	C
855	0.00957	0.01136	T
856	0.03169	0.03258	A
857	0.04111	0.04188	A
858	0.09212	0.09646	C
859	0.04284	0.04346	A
860	0.04023	0.04029	A
861	0.05622	0.05689	A
862	0.06249	0.0726	C
863	0.00651	0.00678	T
864	0.02394	0.02537	A
865	0.00531	0.00536	G
866	0.00503	0.00521	G
867	0.04824	0.05867	A
868	0.00623	0.00631	G
869	0.00373	0.00392	G
870	0.02534	0.02594	C
871	0.01366	0.01393	G
872	0.01109	0.01292	T
873	0.08191	0.08193	C
874	0.06741	0.06772	C
875	0.01553	0.01562	T
876	0.01807	0.01818	T
877	0.0086	0.0111	G
878	0.0545	0.05464	C
879	0.04621	0.04659	C
880	0.04434	0.0447	C
881	0.01128	0.01202	T
882	0.03818	0.03981	A
883	0.01241	0.01251	T
884	0.01074	0.01201	T
885	0.04034	0.07447	A
886	0.07399	0.07763	C
887	0.01063	0.01159	T
888	0.05729	0.06095	A
889	0.01898	0.02179	T
890	0.06816	0.06928	C
891	0.03856	0.04024	C
892	0.03088	0.04236	A
893	0.01085	0.01271	T
894	0.05662	0.0572	C
895	0.04599	0.04755	C
896	0.01025	0.01341	T
897	0.05238	0.05686	C
898	0.02897	0.03997	A
899	0.01045	0.01346	T
900	0.05795	0.05843	C
901	0.02847	0.03078	C
902	0.01168	0.01256	T
903	0.04059	0.04262	A
904	0.00722	0.008	G
905	0.05507	0.05611	C
906	0.03657	0.03687	A
907	0.03418	0.03535	A
908	0.0081	0.00946	T
909	0.03326	0.03336	A
910	0.03674	0.04046	A
911	0.02315	0.02731	T
912	0.03691	0.03884	C
913	0.03576	0.03582	C
914	0.0266	0.02666	C
915	0.02367	0.02406	C
916	0.02582	0.03615	A
917	0.01323	0.01569	T
918	0.0325	0.0329	C
919	0.01595	0.01673	C
920	0.00988	0.01205	T
921	0.02718	0.02721	C
922	0.02202	0.0224	C
923	0.01615	0.02138	A
924	0.01305	0.01373	T
925	0.02758	0.02997	A
926	0.01239	0.01419	T
927	0.02929	0.03119	A
928	0.01604	0.01882	T
929	0.03925	0.04096	C
930	0.03199	0.03338	C
931	0.0126	0.01368	A
932	0.02137	0.02197	A
933	0.02107	0.02141	A
934	0.06209	0.06838	C
935	0.01885	0.01904	A
936	0.02096	0.02146	A
937	0.06777	0.07307	C
938	0.02436	0.02436	A
939	0.01918	0.01918	A
940	0.03589	0.03681	A
941	0.01771	0.01904	G
942	0.04119	0.04256	C
943	0.02931	0.03029	A
944	0.00908	0.01339	T
945	0.02847	0.02848	A
946	0.03691	0.04019	A
947	0.01178	0.01242	T
948	0.07199	0.07396	A
949	0.00487	0.00499	T
950	0.01135	0.01135	T
951	0.01841	0.01852	T
952	0.07735	0.08201	C
953	0.01498	0.01584	G
954	0.04006	0.04007	C
955	0.03144	0.03144	C
956	0.02869	0.02886	C
957	0.02549	0.03029	A
958	0.05322	0.05594	C
959	0.01296	0.01628	T
960	0.02741	0.02795	A
961	0.0407	0.04284	A
962	0.00836	0.00955	G
963	0.04053	0.04085	C
964	0.05254	0.05263	C
965	0.02297	0.02322	A
966	0.03627	0.03675	A
967	0.01194	0.01316	T
968	0.04936	0.05158	C
969	0.0358	0.03675	A
970	0.08262	0.08988	C
971	0.01147	0.01169	T
972	0.0086	0.0087	T
973	0.01164	0.01235	T
974	0.1362	0.14547	A
975	0.00893	0.00898	T
976	0.00844	0.00845	T
977	0.01201	0.01453	G
978	0.05646	0.0577	A
979	0.06369	0.06495	C
980	0.01073	0.01228	T
981	0.07991	0.08038	C
982	0.03053	0.03534	C
983	0.01643	0.0177	T
984	0.06287	0.07463	A
985	0.01406	0.01537	G
986	0.07156	0.0719	C
987	0.0603	0.06121	C
988	0.02027	0.0278	G
989	0.07571	0.08009	C
990	0.05813	0.06485	A
991	0.01401	0.01474	G
992	0.07519	0.07744	A
993	0.0149	0.01507	C
994	0.00917	0.00938	C
995	0.00237	0.00282	T
996	0.00687	0.00687	C
997	0.00568	0.0058	C
998	0.01642	0.01759	T
999	0.07773	0.07901	C
1000	0.02347	0.02829	A
1001	0.00591	0.00591	T
1002	0.00414	0.00438	T
1003	0.02332	0.0307	C
1004	0.01692	0.02018	T
1005	0.05569	0.058	A
1006	0.06388	0.0652	A
1007	0.12066	0.12182	C
1008	0.06547	0.06673	C
1009	0.01369	0.01555	T
1010	0.00619	0.00688	G
1011	0.0173	0.01753	A
1012	0.02177	0.02204	A
1013	0.00772	0.00819	T
1014	0.11971	0.12086	C
1015	0.00474	0.00483	G
1016	0.00384	0.00422	G
1017	0.01176	0.01344	A
1018	0.0066	0.00666	G
1019	0.00555	0.00577	G
1020	0.04737	0.06925	A
1021	0.07788	0.08639	C
1022	0.04643	0.04647	A
1023	0.05227	0.05293	A
1024	0.07686	0.07729	C
1025	0.05262	0.05273	C
1026	0.04096	0.0634	A
1027	0.01817	0.01901	G
1028	0.00957	0.01489	T
1029	0.06795	0.06804	A
1030	0.07294	0.07433	A
1031	0.00776	0.00831	G
1032	0.01915	0.02124	C
1033	0.00879	0.01027	T
1034	0.02174	0.02384	A
1035	0.03064	0.03132	C
1036	0.03426	0.03503	C
1037	0.0547	0.05524	C
1038	0.0093	0.00939	T
1039	0.00884	0.00884	T
1040	0.00841	0.00846	T
1041	0.01274	0.01291	T
1042	0.06569	0.07799	A
1043	0.05797	0.05867	C
1044	0.02542	0.02597	C
1045	0.02443	0.02702	A
1046	0.01132	0.01299	T
1047	0.0602	0.06202	C
1048	0.05565	0.05789	A
1049	0.01359	0.01361	T
1050	0.01106	0.01112	T
1051	0.00532	0.00553	G
1052	0.00343	0.0036	G
1053	0.03108	0.04158	A
1054	0.06371	0.06489	C
1055	0.0338	0.0338	A
1056	0.05386	0.05517	A
1057	0.00708	0.00762	G
1058	0.00455	0.00501	T
1059	0.017	0.0175	A
1060	0.01649	0.01762	G
1061	0.01749	0.01912	C
1062	0.06075	0.06191	A
1063	0.00856	0.01078	T
1064	0.04241	0.04252	C
1065	0.0319	0.03232	C
1066	0.01072	0.01452	G
1067	0.0089	0.00935	T
1068	0.03321	0.03351	A
1069	0.04782	0.05002	C
1070	0.0098	0.01109	T
1071	0.04016	0.0429	A
1072	0.00979	0.01043	T
1073	0.02586	0.02764	A
1074	0.0439	0.04736	C
1075	0.00878	0.00899	T
1076	0.00751	0.00785	T
1077	0.03701	0.04017	C
1078	0.02197	0.02333	A
1079	0.03966	0.04605	C
1080	0.01838	0.01871	A
1081	0.02134	0.02177	A
1082	0.04271	0.0491	C
1083	0.02103	0.0212	A
1084	0.02431	0.02517	A
1085	0.00916	0.01075	T
1086	0.03471	0.03496	C
1087	0.02082	0.02143	C
1088	0.00909	0.01106	T
1089	0.01053	0.0119	A
1090	0.02312	0.02369	A
1091	0.00786	0.01018	T
1092	0.0292	0.02999	C
1093	0.01598	0.01636	C
1094	0.00952	0.01156	T
1095	0.02076	0.02133	A
1096	0.0155	0.01711	A
1097	0.00714	0.00865	T
1098	0.02075	0.02177	A
1099	0.03202	0.03404	C
1100	0.02362	0.02444	C
1101	0.01069	0.01075	A
1102	0.01896	0.01913	A
1103	0.02327	0.02491	C
1104	0.01087	0.01101	T
1105	0.02635	0.02761	A
1106	0.01374	0.01427	T
1107	0.02395	0.02559	C
1108	0.01243	0.01457	T
1109	0.01311	0.01357	C
1110	0.01252	0.01252	C
1111	0.00974	0.00999	C
1112	0.01051	0.01304	T
1113	0.00852	0.00924	A
1114	0.01463	0.01534	A
1115	0.0091	0.00912	T
1116	0.00635	0.007	T
1117	0.00924	0.0109	G
1118	0.00865	0.00872	A
1119	0.00491	0.00501	A
1120	0.00938	0.00938	A
1121	0.00753	0.00773	A
1122	0.04735	0.05438	C
1123	0.0097	0.0097	A
1124	0.0062	0.0062	A
1125	0.00971	0.00971	A
1126	0.00631	0.00631	A
1127	0.00315	0.00417	T
1128	0.01458	0.0147	A
1129	0.01562	0.0164	C
1130	0.00779	0.00796	T
1131	0.013	0.01355	C
1132	0.00414	0.00414	A
1133	0.00731	0.00731	A
1134	0.01011	0.01011	A
1135	0.02098	0.02168	T
1136	0.00621	0.00621	G
1137	0.00662	0.00662	G
1138	0.00523	0.00523	G
1139	0.01142	0.01142	C
1140	0.00867	0.00867	C
1141	0.0001	0.0001	T
1142	0.0	0.0	A
1143	0.0	0.0	A
