Position	Mismatches	Mismatches + Deletions	Base
1	0.0	0.0	A
2	0.0	0.0	T
3	0.0	0.0	A
4	0.03394	0.03394	A
5	0.08102	0.08102	C
6	0.03878	0.03878	C
7	0.03854	0.04817	A
8	0.01284	0.01284	T
9	0.01261	0.01261	G
10	0.04293	0.04293	C
11	0.02609	0.02957	A
12	0.0437	0.0437	C
13	0.04708	0.04708	A
14	0.05296	0.05296	C
15	0.01316	0.01462	T
16	0.03714	0.03714	A
17	0.05056	0.05197	C
18	0.01348	0.01348	T
19	0.03311	0.03709	A
20	0.01279	0.01662	T
21	0.03694	0.03822	A
22	0.0527	0.05395	A
23	0.06527	0.0665	C
24	0.02179	0.023	C
25	0.02017	0.03203	A
26	0.05122	0.05122	C
27	0.06081	0.06081	C
28	0.0187	0.0198	C
29	0.01623	0.0184	T
30	0.02922	0.03139	A
31	0.04717	0.04717	A
32	0.06771	0.06771	C
33	0.06333	0.06333	C
34	0.03955	0.04361	C
35	0.01331	0.01535	T
36	0.96266	0.97376	G
37	0.05613	0.05613	A
38	0.09756	0.10208	C
39	0.01288	0.01288	T
40	0.01262	0.0143	T
41	0.05546	0.05546	C
42	0.07166	0.07166	C
43	0.04868	0.04868	C
44	0.01818	0.02055	T
45	0.06604	0.06604	A
46	0.07159	0.07312	A
47	0.00898	0.00898	T
48	0.00519	0.00519	T
49	0.04003	0.04003	C
50	0.04896	0.0497	C
51	0.04	0.04	C
52	0.07493	0.07493	C
53	0.05096	0.05096	C
54	0.03675	0.03675	C
55	0.03701	0.05003	A
56	0.0168	0.01747	T
57	0.05478	0.05478	C
58	0.04581	0.04777	C
59	0.01821	0.01821	T
60	0.0149	0.01878	T
61	0.04489	0.06962	A
62	0.09464	0.09596	C
63	0.05784	0.06234	C
64	0.03982	0.05436	A
65	0.08638	0.08701	C
66	0.06758	0.0682	C
67	0.05311	0.05678	C
68	0.0178	0.01964	T
69	0.07173	0.07234	C
70	0.01743	0.01923	G
71	0.01691	0.01751	T
72	0.01376	0.01495	T
73	0.03719	0.03779	A
74	0.04633	0.04633	A
75	0.11588	0.11706	C
76	0.06459	0.06459	C
77	0.03774	0.04117	C
78	0.01539	0.02109	T
79	0.02587	0.02925	A
80	0.01502	0.01557	A
81	0.11203	0.12307	C
82	0.00472	0.00472	A
83	0.0023	0.0023	A
84	0.00136	0.00136	A
85	0.0027	0.0027	A
86	0.01516	0.01516	A
87	0.01147	0.01147	A
88	0.01585	0.01585	A
89	0.01961	0.01961	A
90	0.10166	0.11038	C
91	0.01735	0.01996	T
92	0.07438	0.07656	C
93	0.04288	0.04807	A
94	0.01786	0.02309	T
95	0.04185	0.04487	A
96	0.06212	0.06387	C
97	0.03153	0.0324	C
98	0.04152	0.04152	C
99	0.04036	0.04078	C
100	0.03426	0.03426	C
101	0.03038	0.04022	A
102	0.01166	0.01166	T
103	0.00823	0.00997	T
104	0.02079	0.03681	A
105	0.00943	0.00943	T
106	0.00733	0.00863	G
107	0.00943	0.01028	T
108	0.03831	0.03874	A
109	0.01754	0.01796	A
110	0.04002	0.04044	A
111	0.04839	0.04839	A
112	0.01494	0.01921	T
113	0.06832	0.06832	C
114	0.06202	0.06245	C
115	0.05591	0.06353	A
116	0.01518	0.01518	T
117	0.01307	0.01307	T
118	0.00935	0.01317	G
119	0.01701	0.01913	T
120	0.08844	0.08844	C
121	0.0104	0.0117	G
122	0.04618	0.06172	C
123	0.04079	0.04251	A
124	0.02019	0.02148	T
125	0.06193	0.0628	C
126	0.05004	0.05393	C
127	0.02014	0.03342	A
128	0.08845	0.08887	C
129	0.03269	0.03351	C
130	0.00712	0.00791	T
131	0.00907	0.00946	T
132	0.0068	0.0068	T
133	0.06007	0.06888	A
134	0.01173	0.01173	T
135	0.0098	0.01019	T
136	0.04678	0.07744	A
137	0.01059	0.01452	T
138	0.06515	0.06633	C
139	0.07188	0.07588	A
140	0.01314	0.01592	G
141	0.01356	0.01356	T
142	0.05123	0.05163	C
143	0.01186	0.01227	T
144	0.09076	0.09532	C
145	0.01345	0.01345	T
146	0.0203	0.02072	T
147	0.03984	0.04028	C
148	0.04098	0.04185	C
149	0.03902	0.03945	C
150	0.0285	0.0285	C
151	0.02043	0.02826	A
152	0.05327	0.05544	C
153	0.02644	0.02774	A
154	0.03308	0.03351	A
155	0.06456	0.06926	C
156	0.03932	0.03932	A
157	0.0387	0.03911	A
158	0.016	0.01682	T
159	0.06102	0.06224	A
160	0.0093	0.0093	T
161	0.01055	0.01096	T
162	0.06541	0.06787	C
163	0.05255	0.05336	A
164	0.01587	0.01709	T
165	0.00774	0.01018	G
166	0.01464	0.01586	T
167	0.0045	0.00491	G
168	0.053	0.0534	C
169	0.03993	0.04035	C
170	0.00953	0.01077	T
171	0.02851	0.03719	A
172	0.01198	0.0124	G
173	0.0374	0.04275	A
174	0.05389	0.05389	C
175	0.03802	0.03802	C
176	0.02233	0.02233	A
177	0.04969	0.04969	A
178	0.00244	0.0057	G
179	0.03834	0.03834	A
180	0.0378	0.0382	A
181	0.01412	0.01493	G
182	0.01056	0.01137	T
183	0.01141	0.01345	T
184	0.03846	0.06424	A
185	0.00979	0.00979	T
186	0.00979	0.0106	T
187	0.04328	0.07717	A
188	0.01222	0.01263	T
189	0.0528	0.05608	C
190	0.00819	0.00819	T
191	0.05904	0.06068	C
192	0.00743	0.00784	G
193	0.03805	0.03848	A
194	0.04956	0.04956	A
195	0.063	0.06552	C
196	0.0076	0.00802	T
197	0.00676	0.00676	G
198	0.03883	0.03926	A
199	0.05897	0.06152	C
200	0.04624	0.04834	A
201	0.06946	0.07113	C
202	0.01417	0.01584	T
203	0.00753	0.00963	G
204	0.03992	0.04286	A
205	0.01504	0.01546	G
206	0.04615	0.04615	C
207	0.05218	0.05303	C
208	0.02141	0.03383	A
209	0.05459	0.0639	C
210	0.02993	0.02993	A
211	0.02661	0.03077	A
212	0.05067	0.05067	C
213	0.03588	0.03713	C
214	0.03565	0.03733	C
215	0.01627	0.01712	A
216	0.03474	0.036	A
217	0.03867	0.03867	A
218	0.08238	0.09632	C
219	0.02707	0.0275	A
220	0.03431	0.03643	A
221	0.06644	0.06686	C
222	0.04796	0.05171	C
223	0.03008	0.03008	C
224	0.0355	0.05156	A
225	0.01144	0.01144	G
226	0.02595	0.0268	C
227	0.01332	0.01504	T
228	0.04201	0.04415	C
229	0.01208	0.01596	T
230	0.05212	0.05212	C
231	0.0438	0.0438	C
232	0.01465	0.01508	C
233	0.00741	0.01089	T
234	0.04386	0.04605	A
235	0.04502	0.04502	A
236	0.00571	0.00615	G
237	0.0331	0.0353	C
238	0.01504	0.01593	T
239	0.00976	0.00976	T
240	0.04159	0.04651	C
241	0.03755	0.038	A
242	0.03083	0.03083	A
243	0.05049	0.05049	A
244	0.06449	0.07951	C
245	0.01279	0.01279	T
246	0.05198	0.05595	A
247	0.00878	0.00966	G
248	0.04418	0.04506	A
249	0.06013	0.06231	C
250	0.00912	0.00912	T
251	0.04991	0.05385	A
252	0.07656	0.08002	C
253	0.01285	0.01328	T
254	0.01199	0.01242	T
255	0.03785	0.05419	C
256	0.01234	0.01276	T
257	0.06474	0.06518	C
258	0.05213	0.05343	C
259	0.02463	0.03992	A
260	0.01133	0.01342	T
261	0.04635	0.04635	A
262	0.04438	0.05008	A
263	0.01337	0.01418	T
264	0.06669	0.06991	A
265	0.00636	0.00636	T
266	0.01059	0.01099	T
267	0.08672	0.09461	C
268	0.06438	0.07099	A
269	0.01232	0.01437	T
270	0.04266	0.04348	C
271	0.02042	0.02124	C
272	0.01964	0.02005	C
273	0.00329	0.00329	T
274	0.00372	0.00537	G
275	0.00293	0.00334	T
276	0.01767	0.01851	A
277	0.00591	0.00591	G
278	0.01481	0.01481	C
279	0.0676	0.06886	A
280	0.01349	0.01349	T
281	0.01608	0.01608	T
282	0.01106	0.01999	G
283	0.0106	0.0106	T
284	0.00978	0.00978	T
285	0.08048	0.08433	C
286	0.01071	0.01071	G
287	0.003	0.003	T
288	0.00602	0.00602	T
289	0.00951	0.01297	A
290	0.02259	0.02346	C
291	0.01962	0.01962	A
292	0.01189	0.01233	T
293	0.0072	0.0072	G
294	0.00632	0.00632	G
295	0.01958	0.02095	T
296	0.087	0.08745	C
297	0.03947	0.04084	C
298	0.03255	0.03668	A
299	0.00782	0.01242	T
300	0.04432	0.04663	C
301	0.04751	0.04984	A
302	0.00799	0.00846	T
303	0.04757	0.0504	A
304	0.00807	0.00902	G
305	0.04309	0.04309	A
306	0.054	0.05542	A
307	0.01183	0.01277	T
308	0.01811	0.01811	T
309	0.05569	0.06289	C
310	0.01587	0.01683	T
311	0.05888	0.0618	C
312	0.03237	0.03286	A
313	0.04818	0.05061	C
314	0.00491	0.00491	T
315	0.00749	0.00849	G
316	0.00503	0.00503	T
317	0.00506	0.00607	G
318	0.01982	0.02287	A
319	0.00766	0.00868	T
320	0.03064	0.03269	A
321	0.0041	0.00461	T
322	0.03184	0.03493	A
323	0.00977	0.0108	T
324	0.03297	0.03297	A
325	0.03297	0.03297	A
326	0.04595	0.04648	A
327	0.04724	0.05459	C
328	0.00691	0.0117	T
329	0.03786	0.03786	C
330	0.03716	0.04481	A
331	0.01162	0.01549	G
332	0.03633	0.03689	A
333	0.037	0.037	C
334	0.01991	0.01991	C
335	0.02716	0.02716	C
336	0.01297	0.01356	A
337	0.02335	0.0251	A
338	0.02239	0.02239	A
339	0.03082	0.03616	C
340	0.02813	0.02932	A
341	0.0091	0.0091	T
342	0.00856	0.00856	T
343	0.01798	0.01798	A
344	0.03043	0.03043	A
345	0.00688	0.00688	T
346	0.03157	0.0322	C
347	0.03181	0.03181	A
348	0.00512	0.00576	G
349	0.00772	0.00772	T
350	0.00653	0.00653	T
351	0.04928	0.05388	C
352	0.00733	0.00733	T
353	0.00739	0.00739	T
354	0.04709	0.05055	C
355	0.01786	0.01854	A
356	0.02546	0.02546	A
357	0.03304	0.03372	A
358	0.00626	0.00765	T
359	0.03905	0.04114	A
360	0.00622	0.00622	T
361	0.04708	0.04919	C
362	0.00423	0.00423	T
363	0.03824	0.04108	A
364	0.18349	0.18631	C
365	0.01259	0.01259	T
366	0.04255	0.04326	C
367	0.02657	0.03077	A
368	0.01129	0.01129	T
369	0.07153	0.07296	C
370	0.00992	0.00992	T
371	0.00707	0.00707	T
372	0.06331	0.06331	C
373	0.02979	0.02979	C
374	0.00915	0.01126	T
375	0.02793	0.02933	A
376	0.0465	0.04858	A
377	0.01244	0.01244	T
378	0.01243	0.01243	T
379	0.02915	0.04592	A
380	0.07827	0.07827	C
381	0.04345	0.04487	C
382	0.01241	0.03653	A
383	0.0129	0.01358	T
384	0.0403	0.04164	A
385	0.05824	0.0642	C
386	0.01244	0.01441	T
387	0.04457	0.04457	A
388	0.04431	0.04862	A
389	0.01216	0.01398	T
390	0.06964	0.07269	C
391	0.00825	0.00825	T
392	0.00711	0.00711	T
393	0.04402	0.06068	A
394	0.00764	0.00764	G
395	0.01006	0.01065	T
396	0.0124	0.0124	T
397	0.04653	0.06714	A
398	0.09836	0.09836	C
399	0.06907	0.07023	C
400	0.0069	0.01036	G
401	0.04457	0.04686	C
402	0.00731	0.00787	T
403	0.04525	0.04581	A
404	0.0471	0.04819	A
405	0.07345	0.07454	C
406	0.04117	0.04169	A
407	0.03518	0.03568	A
408	0.09393	0.09442	C
409	0.04039	0.04227	C
410	0.00918	0.01056	T
411	0.05282	0.06727	A
412	0.01243	0.01243	T
413	0.01193	0.01193	T
414	0.07958	0.07958	C
415	0.08126	0.08209	C
416	0.04041	0.04041	A
417	0.07827	0.07827	A
418	0.08541	0.08919	C
419	0.01205	0.01241	T
420	0.00832	0.01266	G
421	0.00893	0.00893	T
422	0.00605	0.00605	T
423	0.05918	0.06132	C
424	0.04817	0.05201	A
425	0.00902	0.01145	T
426	0.04645	0.04714	C
427	0.00753	0.00855	G
428	0.00376	0.00376	G
429	0.00923	0.00957	C
430	0.00548	0.00548	T
431	0.00821	0.00992	G
432	0.0566	0.06069	A
433	0.00706	0.00841	G
434	0.10359	0.10929	A
435	0.00659	0.00659	G
436	0.00329	0.00329	G
437	0.00524	0.00524	G
438	0.01181	0.01411	C
439	0.00954	0.00954	G
440	0.00361	0.00427	T
441	0.01855	0.01921	A
442	0.00545	0.00545	G
443	0.00575	0.00575	G
444	0.01723	0.01723	A
445	0.06327	0.06327	A
446	0.01377	0.01377	T
447	0.01404	0.01465	T
448	0.06111	0.10679	A
449	0.01415	0.01566	T
450	0.10671	0.12267	A
451	0.00608	0.00666	T
452	0.02954	0.02983	C
453	0.03208	0.03208	C
454	0.00835	0.00835	T
455	0.01122	0.01122	T
456	0.06849	0.09525	C
457	0.0183	0.0183	T
458	0.01683	0.01712	T
459	0.01054	0.01509	G
460	0.05349	0.05378	C
461	0.01029	0.0123	T
462	0.0356	0.03618	C
463	0.06017	0.06644	A
464	0.00889	0.00889	T
465	0.86293	0.88305	C
466	0.06157	0.06325	A
467	0.00549	0.00988	G
468	0.0112	0.0112	T
469	0.01261	0.01261	T
470	0.01039	0.01149	G
471	0.03329	0.03329	A
472	0.01156	0.01318	T
473	0.00889	0.00943	G
474	0.0789	0.08293	A
475	0.00937	0.0099	T
476	0.0335	0.03647	A
477	0.03683	0.03925	C
478	0.0086	0.0094	G
479	0.04329	0.04329	C
480	0.03544	0.03544	C
481	0.02468	0.02521	C
482	0.00484	0.00914	G
483	0.06149	0.06337	A
484	0.00883	0.00963	G
485	0.03468	0.03468	C
486	0.05556	0.05717	A
487	0.00805	0.00859	G
488	0.05249	0.05811	A
489	0.01252	0.01279	T
490	0.00453	0.0048	G
491	0.07707	0.07707	C
492	0.04352	0.04433	C
493	0.0474	0.04848	A
494	0.04653	0.0468	A
495	0.08882	0.09523	C
496	0.0507	0.05761	A
497	0.09296	0.09976	C
498	0.07526	0.08421	A
499	0.01426	0.02308	G
500	0.04961	0.05736	C
501	0.04303	0.05106	A
502	0.00902	0.00953	G
503	0.04557	0.04609	C
504	0.04675	0.04803	C
505	0.07912	0.08554	A
506	0.01253	0.01381	T
507	0.01099	0.01176	T
508	0.10044	0.10658	C
509	0.06027	0.06053	A
510	0.07735	0.07913	A
511	0.00736	0.00863	G
512	0.07239	0.07644	C
513	0.04135	0.04211	A
514	0.05802	0.05852	A
515	0.01311	0.0136	T
516	0.08994	0.08994	C
517	0.03962	0.03986	C
518	0.01304	0.01378	T
519	0.05409	0.05926	A
520	0.01171	0.01707	T
521	0.05994	0.06241	A
522	0.10243	0.11345	C
523	0.04016	0.0404	A
524	0.03737	0.03857	A
525	0.04032	0.04056	C
526	0.03082	0.03297	C
527	0.01008	0.01488	G
528	0.0072	0.00912	T
529	0.06468	0.06636	A
530	0.01556	0.01675	T
531	0.07407	0.0755	C
532	0.00622	0.00646	G
533	0.00671	0.00719	G
534	0.02147	0.02195	C
535	0.007	0.00724	G
536	0.0318	0.03447	A
537	0.01241	0.01241	T
538	0.06004	0.06126	A
539	0.01901	0.02047	T
540	0.04653	0.04751	C
541	0.00465	0.00465	G
542	0.00713	0.00713	G
543	0.00346	0.00346	T
544	0.01334	0.01334	T
545	0.01613	0.01662	T
546	0.23015	0.23541	C
547	0.06029	0.06456	A
548	0.01735	0.01936	T
549	0.06378	0.06429	C
550	0.02473	0.02731	C
551	0.01809	0.02071	T
552	0.0203	0.02056	C
553	0.00557	0.00663	G
554	0.0155	0.0155	C
555	0.01451	0.01451	C
556	0.01409	0.01409	T
557	0.01795	0.01822	T
558	0.04481	0.07404	A
559	0.01094	0.01176	G
560	0.08111	0.08359	C
561	0.05164	0.05385	A
562	0.014	0.01482	T
563	0.00526	0.00692	G
564	0.05071	0.05209	A
565	0.01063	0.01063	T
566	0.00881	0.00881	T
567	0.00706	0.00762	T
568	0.07608	0.0804	A
569	0.01226	0.01568	T
570	0.0712	0.07296	C
571	0.03159	0.03278	C
572	0.00721	0.00991	T
573	0.04766	0.04859	A
574	0.07363	0.07797	C
575	0.05403	0.0594	A
576	0.06272	0.06652	C
577	0.01686	0.01813	T
578	0.05297	0.05297	C
579	0.03406	0.03633	C
580	0.02176	0.02468	A
581	0.03384	0.03449	A
582	0.05461	0.0569	C
583	0.0085	0.01373	T
584	0.05749	0.0588	C
585	0.04068	0.04495	A
586	0.01275	0.01341	T
587	0.01291	0.01457	G
588	0.02798	0.02998	A
589	0.01235	0.01436	G
590	0.02492	0.0256	A
591	0.0256	0.02628	C
592	0.04255	0.0429	C
593	0.04	0.04139	C
594	0.02227	0.03181	A
595	0.06155	0.06789	C
596	0.02593	0.02698	A
597	0.01878	0.01878	A
598	0.08354	0.08631	C
599	0.0135	0.01383	A
600	0.03395	0.03429	A
601	0.03362	0.0343	A
602	0.0191	0.02044	T
603	0.05948	0.06254	A
604	0.00991	0.01196	G
605	0.0655	0.06653	C
606	0.01811	0.01811	C
607	0.0193	0.0193	C
608	0.01051	0.01051	T
609	0.01053	0.01053	T
610	0.02512	0.03397	C
611	0.01097	0.01168	T
612	0.01881	0.0199	A
613	0.03419	0.03419	A
614	0.04787	0.04823	A
615	0.09172	0.10211	C
616	0.00755	0.00755	G
617	0.0294	0.03194	C
618	0.00584	0.00766	T
619	0.02537	0.02612	A
620	0.04091	0.04346	A
621	0.01747	0.0182	T
622	0.06803	0.0684	C
623	0.04317	0.04317	C
624	0.0367	0.03783	A
625	0.06478	0.06625	A
626	0.00775	0.00848	G
627	0.02372	0.02372	C
628	0.02016	0.02016	C
629	0.01412	0.02862	T
630	0.03827	0.04059	C
631	0.0398	0.05664	A
632	0.05941	0.05941	C
633	0.03168	0.03168	C
634	0.03704	0.03704	C
635	0.03166	0.03205	C
636	0.04435	0.0811	A
637	0.01958	0.02037	C
638	0.00516	0.00556	T
639	0.05468	0.05507	A
640	0.01732	0.0185	C
641	0.00318	0.00358	T
642	0.01237	0.01476	A
643	0.0044	0.0044	G
644	0.0052	0.006	G
645	0.25969	0.2601	C
646	0.03513	0.03593	C
647	0.01562	0.01922	T
648	0.06675	0.06715	C
649	0.0625	0.06448	C
650	0.02029	0.02307	T
651	0.01232	0.01232	C
652	0.00955	0.01035	C
653	0.00363	0.00443	T
654	0.01625	0.01829	A
655	0.00736	0.0094	G
656	0.05049	0.05501	C
657	0.02452	0.02615	A
658	0.01098	0.01709	G
659	0.08766	0.09821	C
660	0.06637	0.07207	A
661	0.01705	0.01989	G
662	0.09213	0.1039	C
663	0.03499	0.03743	A
664	0.00812	0.00812	G
665	0.00608	0.00649	G
666	0.013	0.01381	C
667	0.02547	0.02547	A
668	0.03985	0.03985	A
669	0.04916	0.04916	A
670	0.01191	0.02065	T
671	0.07325	0.08002	C
672	0.0479	0.05344	A
673	0.0098	0.01019	G
674	0.04452	0.04492	C
675	0.03447	0.03447	C
676	0.08034	0.08034	C
677	0.03432	0.03432	A
678	0.07189	0.07189	A
679	0.01437	0.01474	T
680	0.01209	0.01209	T
681	0.05923	0.07062	A
682	0.00868	0.00868	G
683	0.00867	0.00867	G
684	0.01368	0.01406	T
685	0.03479	0.03517	C
686	0.01683	0.02027	T
687	0.06185	0.06185	C
688	0.07598	0.07639	C
689	0.02724	0.05081	A
690	0.07699	0.07699	C
691	0.06425	0.06425	C
692	0.05885	0.05885	C
693	0.04488	0.04686	C
694	0.00922	0.01083	T
695	0.01051	0.02021	G
696	0.06732	0.0714	A
697	0.06453	0.06778	C
698	0.01877	0.02326	T
699	0.06537	0.06661	C
700	0.05137	0.05137	C
701	0.04509	0.04549	C
702	0.0594	0.0598	C
703	0.01471	0.02247	T
704	0.06148	0.06352	C
705	0.0374	0.05244	A
706	0.00405	0.00486	G
707	0.02914	0.02914	C
708	0.06578	0.06739	C
709	0.05728	0.09197	A
710	0.00927	0.00927	T
711	0.04895	0.04935	A
712	0.00889	0.00929	G
713	0.04941	0.04941	A
714	0.04828	0.05278	A
715	0.00413	0.00413	G
716	0.00662	0.00703	G
717	0.02625	0.02625	C
718	0.07354	0.07354	C
719	0.06598	0.06598	C
720	0.06272	0.0636	C
721	0.03327	0.04729	A
722	0.08485	0.08528	C
723	0.05852	0.05852	C
724	0.06596	0.06596	C
725	0.06863	0.06905	C
726	0.05241	0.0765	A
727	0.00792	0.00834	G
728	0.00883	0.01135	T
729	0.04219	0.04262	C
730	0.01232	0.02337	T
731	0.05353	0.05525	C
732	0.06107	0.07146	A
733	0.02027	0.02113	G
734	0.06947	0.06947	C
735	0.06519	0.06606	C
736	0.04849	0.04893	C
737	0.01014	0.01455	T
738	0.04346	0.05055	A
739	0.08367	0.08721	C
740	0.01203	0.01337	T
741	0.05117	0.05117	C
742	0.03661	0.03839	C
743	0.02962	0.03546	A
744	0.05378	0.05644	C
745	0.00981	0.01383	T
746	0.05506	0.06088	C
747	0.03944	0.04213	A
748	0.07611	0.07831	A
749	0.01006	0.01487	G
750	0.04623	0.04754	C
751	0.06275	0.06362	A
752	0.07425	0.07642	C
753	0.00864	0.00907	T
754	0.06508	0.06681	A
755	0.00909	0.00909	T
756	0.06582	0.06757	A
757	0.00906	0.01035	G
758	0.00862	0.00862	T
759	0.0095	0.0095	T
760	0.00737	0.0091	G
761	0.00955	0.01303	T
762	0.04762	0.04893	A
763	0.00871	0.01263	G
764	0.04764	0.04939	C
765	0.06719	0.07155	A
766	0.0104	0.0104	G
767	0.00477	0.00521	G
768	0.03057	0.03057	A
769	0.04354	0.04571	A
770	0.00955	0.00999	T
771	0.09926	0.0997	C
772	0.01151	0.01151	T
773	0.01108	0.0115	T
774	0.0813	0.09628	C
775	0.01448	0.01448	T
776	0.01401	0.01486	T
777	0.03615	0.06465	A
778	0.10342	0.10598	C
779	0.01637	0.01723	T
780	0.07562	0.08214	C
781	0.04645	0.05247	A
782	0.01321	0.01449	T
783	0.04787	0.0483	C
784	0.06533	0.0662	C
785	0.00928	0.01281	G
786	0.04239	0.04685	C
787	0.0085	0.00895	T
788	0.01673	0.01718	T
789	0.06323	0.06323	C
790	0.04534	0.04682	C
791	0.04584	0.06407	A
792	0.03758	0.03758	C
793	0.03608	0.03657	C
794	0.03754	0.03754	C
795	0.0464	0.0464	C
796	0.03493	0.03493	C
797	0.01365	0.01414	T
798	0.04292	0.0444	A
799	0.00785	0.00884	G
800	0.04085	0.04183	C
801	0.04473	0.04618	A
802	0.0062	0.00858	G
803	0.02604	0.02604	A
804	0.0166	0.0166	A
805	0.05033	0.05033	A
806	0.02922	0.02922	A
807	0.00898	0.0104	T
808	0.05099	0.05146	A
809	0.01507	0.01649	G
810	0.03209	0.03303	C
811	0.02956	0.03003	C
812	0.0255	0.0255	C
813	0.03775	0.04719	A
814	0.05236	0.05423	C
815	0.00874	0.01012	T
816	0.02343	0.02343	A
817	0.03146	0.03283	A
818	0.01728	0.02228	T
819	0.05492	0.05629	C
820	0.05441	0.05441	C
821	0.01556	0.01602	A
822	0.03658	0.03746	A
823	0.04633	0.04677	A
824	0.06304	0.06904	C
825	0.0157	0.01698	T
826	0.04898	0.0494	C
827	0.01016	0.01397	T
828	0.04918	0.0496	A
829	0.03784	0.03784	A
830	0.08234	0.08767	C
831	0.05675	0.05992	A
832	0.07758	0.08417	C
833	0.0129	0.01328	T
834	0.05893	0.0612	A
835	0.01154	0.01191	T
836	0.00447	0.00447	G
837	0.09213	0.09326	C
838	0.01826	0.01826	T
839	0.01115	0.01115	T
840	0.04384	0.0607	A
841	0.00372	0.00372	G
842	0.00482	0.00519	G
843	0.09598	0.09784	C
844	0.00631	0.00631	G
845	0.01565	0.0164	C
846	0.00969	0.01007	T
847	0.04525	0.04674	A
848	0.01561	0.01709	T
849	0.09272	0.0976	C
850	0.07172	0.07284	A
851	0.10927	0.10927	C
852	0.05988	0.06311	C
853	0.03764	0.04865	A
854	0.0641	0.06795	C
855	0.00849	0.0092	T
856	0.03681	0.03681	C
857	0.00741	0.00776	T
858	0.00985	0.01512	G
859	0.01124	0.01124	T
860	0.0165	0.01685	T
861	0.06471	0.0686	C
862	0.01561	0.01845	G
863	0.02213	0.02534	C
864	0.03331	0.03474	A
865	0.01169	0.01629	G
866	0.08802	0.09191	C
867	0.07014	0.07403	A
868	0.00812	0.00918	G
869	0.01099	0.01241	T
870	0.04826	0.04826	C
871	0.00999	0.01034	T
872	0.00679	0.00964	G
873	0.00717	0.00717	C
874	0.00718	0.00753	G
875	0.10249	0.10249	C
876	0.03685	0.03685	C
877	0.07536	0.07571	C
878	0.01462	0.01462	T
879	0.01312	0.0156	T
880	0.0286	0.04873	A
881	0.10141	0.10915	C
882	0.0374	0.03878	A
883	0.15923	0.17227	C
884	0.02935	0.02969	A
885	0.02002	0.02002	A
886	0.02661	0.02661	A
887	0.04796	0.0486	A
888	0.01884	0.02209	T
889	0.02137	0.02947	G
890	0.04447	0.04641	A
891	0.10752	0.11648	C
892	0.03768	0.038	A
893	0.03468	0.03886	T
894	0.10254	0.1223	C
895	0.00246	0.00246	A
896	0.00133	0.00133	A
897	0.00158	0.00158	A
898	0.00787	0.00787	A
899	0.0089	0.0089	A
900	0.01567	0.01567	A
901	0.02488	0.02514	A
902	0.01401	0.01609	T
903	0.08574	0.08626	C
904	0.01689	0.01768	G
905	0.00817	0.01002	T
906	0.05359	0.0557	A
907	0.00847	0.00873	G
908	0.05444	0.05498	C
909	0.0408	0.0408	C
910	0.01135	0.01249	T
911	0.01772	0.01829	T
912	0.03193	0.05022	C
913	0.01772	0.01888	T
914	0.07464	0.07464	C
915	0.0514	0.05345	C
916	0.02913	0.04224	A
917	0.08218	0.08565	C
918	0.01322	0.0138	T
919	0.01356	0.01384	T
920	0.07605	0.08041	C
921	0.05765	0.05881	A
922	0.05153	0.05325	A
923	0.00836	0.00923	G
924	0.00723	0.00896	T
925	0.04247	0.04421	C
926	0.04936	0.05023	A
927	0.06206	0.06265	A
928	0.08461	0.09331	C
929	0.01247	0.01276	T
930	0.0634	0.06514	A
931	0.00549	0.00549	G
932	0.00463	0.00463	G
933	0.01652	0.02232	A
934	0.02841	0.02957	C
935	0.00582	0.00844	T
936	0.07088	0.07147	C
937	0.03248	0.03599	A
938	0.00757	0.01048	T
939	0.04394	0.04394	A
940	0.04287	0.04751	A
941	0.01189	0.01189	T
942	0.04678	0.04997	A
943	0.01133	0.01191	G
944	0.01074	0.01074	T
945	0.01717	0.01746	T
946	0.03316	0.0537	A
947	0.11612	0.12025	C
948	0.05013	0.05013	A
949	0.0585	0.05908	A
950	0.01843	0.02077	T
951	0.06295	0.06532	C
952	0.01162	0.01162	G
953	0.00572	0.00602	G
954	0.03643	0.03734	C
955	0.05671	0.05671	A
956	0.01319	0.01687	T
957	0.06199	0.0645	C
958	0.03825	0.03889	A
959	0.04883	0.04946	A
960	0.07907	0.08035	C
961	0.04583	0.04678	C
962	0.01909	0.02132	A
963	0.03679	0.03807	A
964	0.05058	0.05251	C
965	0.04167	0.04457	C
966	0.0224	0.04513	A
967	0.0688	0.07584	C
968	0.02932	0.03314	A
969	0.07896	0.07896	C
970	0.02894	0.03146	C
971	0.0104	0.01072	T
972	0.06802	0.07023	A
973	0.01015	0.01047	G
974	0.0733	0.07521	C
975	0.04036	0.04353	A
976	0.0112	0.01184	T
977	0.01023	0.01023	T
978	0.05543	0.05575	C
979	0.02798	0.0296	C
980	0.00879	0.01009	T
981	0.00588	0.00686	G
982	0.02594	0.02725	C
983	0.046	0.04831	A
984	0.07806	0.0807	C
985	0.03953	0.04116	A
986	0.01401	0.01629	T
987	0.06573	0.06606	C
988	0.01402	0.01467	T
989	0.01504	0.02027	G
990	0.01255	0.01487	T
991	0.04361	0.04823	A
992	0.04713	0.04713	C
993	0.0232	0.0232	C
994	0.02084	0.02118	C
995	0.03225	0.04057	A
996	0.07962	0.08065	C
997	0.00792	0.0093	G
998	0.0404	0.0404	C
999	0.03353	0.03353	C
1000	0.00806	0.00806	T
1001	0.0125	0.0125	T
1002	0.03546	0.05516	C
1003	0.00639	0.00639	T
1004	0.00644	0.00715	T
1005	0.05608	0.06591	C
1006	0.02983	0.03132	A
1007	0.04255	0.04255	A
1008	0.03326	0.03326	A
1009	0.008	0.00909	G
1010	0.01423	0.01423	C
1011	0.0088	0.00917	C
1012	0.01106	0.02801	A
1013	0.00707	0.00744	T
1014	0.02143	0.0218	A
1015	0.08831	0.09207	C
1016	0.01265	0.01265	T
1017	0.05582	0.05806	A
1018	0.00938	0.00938	T
1019	0.00943	0.00979	T
1020	0.00733	0.00733	T
1021	0.02079	0.02117	A
1022	0.00334	0.00334	T
1023	0.0034	0.0034	G
1024	0.01063	0.01063	T
1025	0.00771	0.00809	G
1026	0.01948	0.02104	C
1027	0.00588	0.00627	T
1028	0.06498	0.06498	C
1029	0.04357	0.04357	C
1030	0.00282	0.00282	G
1031	0.00527	0.00527	G
1032	0.0074	0.0074	G
1033	0.01697	0.01821	T
1034	0.05671	0.05671	C
1035	0.03029	0.03029	C
1036	0.03814	0.04195	A
1037	0.01531	0.01778	T
1038	0.04724	0.05069	C
1039	0.03133	0.03377	A
1040	0.03036	0.03281	T
1041	0.04561	0.04611	C
1042	0.04285	0.04634	C
1043	0.01711	0.03271	A
1044	0.04852	0.05653	C
1045	0.02354	0.02404	A
1046	0.031	0.031	A
1047	0.03579	0.03628	C
1048	0.03491	0.03541	C
1049	0.01354	0.01354	T
1050	0.01259	0.0131	T
1051	0.02289	0.0234	A
1052	0.02589	0.02589	A
1053	0.05835	0.06342	C
1054	0.02916	0.02916	A
1055	0.03065	0.03065	A
1056	0.01502	0.01753	T
1057	0.0141	0.01813	G
1058	0.01967	0.01967	A
1059	0.03245	0.03395	A
1060	0.073	0.076	C
1061	0.03534	0.03534	A
1062	0.03761	0.03859	A
1063	0.0138	0.01479	G
1064	0.03733	0.03831	A
1065	0.01327	0.01327	T
1066	0.03964	0.04063	A
1067	0.00992	0.00992	T
1068	0.01099	0.01199	T
1069	0.05374	0.05826	C
1070	0.01642	0.0204	G
1071	0.00337	0.00337	A
1072	0.02022	0.02069	A
1073	0.00844	0.00844	A
1074	0.02714	0.02714	A
1075	0.03035	0.03035	A
1076	0.01212	0.01492	T
1077	0.06349	0.06443	A
1078	0.00841	0.00841	G
1079	0.00799	0.00846	G
1080	0.01517	0.01802	A
1081	0.00617	0.00617	G
1082	0.00951	0.00999	G
1083	0.0365	0.05283	A
1084	0.0574	0.05933	C
1085	0.01418	0.01565	T
1086	0.02604	0.02604	A
1087	0.04478	0.04675	C
1088	0.01675	0.0202	T
1089	0.07234	0.07628	C
1090	0.03573	0.03722	A
1091	0.02263	0.02359	A
1092	0.02431	0.02431	A
1093	0.03004	0.03052	A
1094	0.06028	0.0632	C
1095	0.02994	0.02994	C
1096	0.02671	0.05576	A
1097	0.01638	0.01778	T
1098	0.04981	0.04981	A
1099	0.06351	0.06398	C
1100	0.04275	0.04414	C
1101	0.00652	0.00885	T
1102	0.0413	0.04316	C
1103	0.02073	0.02257	T
1104	0.05923	0.06108	C
1105	0.04552	0.04644	A
1106	0.08478	0.0866	C
1107	0.0154	0.01676	T
1108	0.01718	0.01808	T
1109	0.07315	0.07678	C
1110	0.05573	0.05754	A
1111	0.05405	0.05631	A
1112	0.04018	0.04063	C
1113	0.0261	0.02655	C
1114	0.0108	0.01215	T
1115	0.02913	0.02913	C
1116	0.02159	0.02159	C
1117	0.05088	0.05268	C
1118	0.01624	0.01804	T
1119	0.05751	0.05979	C
1120	0.03938	0.04029	A
1121	0.0696	0.0696	C
1122	0.04616	0.04794	C
1123	0.0486	0.05429	A
1124	0.01563	0.01563	T
1125	0.01476	0.01476	T
1126	0.01174	0.01174	G
1127	0.00439	0.00483	G
1128	0.0557	0.05833	C
1129	0.0713	0.07393	A
1130	0.01876	0.02007	G
1131	0.04675	0.04718	C
1132	0.02392	0.02523	C
1133	0.01189	0.01233	T
1134	0.06063	0.06193	A
1135	0.00732	0.00732	G
1136	0.04492	0.04579	C
1137	0.05361	0.05577	A
1138	0.01382	0.01382	T
1139	0.01043	0.01043	T
1140	0.06078	0.08439	A
1141	0.01134	0.01134	G
1142	0.05024	0.05024	C
1143	0.01791	0.01879	A
1144	0.00523	0.00523	G
1145	0.00658	0.00658	G
1146	0.02727	0.02727	A
1147	0.03853	0.03897	A
1148	0.01596	0.01773	T
1149	0.05541	0.05629	A
1150	0.10319	0.10585	C
1151	0.06497	0.06585	C
1152	0.0065	0.0065	T
1153	0.01129	0.01129	T
1154	0.00478	0.00478	T
1155	0.04245	0.04376	C
1156	0.03285	0.03373	C
1157	0.00973	0.01105	T
1158	0.06917	0.07274	C
1159	0.04764	0.05209	A
1160	0.10586	0.10849	C
1161	0.04772	0.04991	A
1162	0.00304	0.00304	G
1163	0.00611	0.00611	G
1164	0.00175	0.00175	T
1165	0.00747	0.00747	T
1166	0.00441	0.00441	T
1167	0.03943	0.04211	C
1168	0.01559	0.01648	T
1169	0.05693	0.07037	A
1170	0.08363	0.08763	C
1171	0.01599	0.01688	T
1172	0.05951	0.05951	C
1173	0.05807	0.06115	C
1174	0.02638	0.02729	A
1175	0.04281	0.04281	A
1176	0.0533	0.05461	A
1177	0.01217	0.01435	G
1178	0.06269	0.06313	A
1179	0.05497	0.05497	C
1180	0.03702	0.03878	C
1181	0.03459	0.04213	A
1182	0.06794	0.07099	C
1183	0.04158	0.04501	A
1184	0.00729	0.00815	T
1185	0.06338	0.06638	C
1186	0.04311	0.04524	A
1187	0.01366	0.01494	T
1188	0.05283	0.05795	C
1189	0.01185	0.01439	G
1190	0.01366	0.01408	A
1191	0.02261	0.02346	A
1192	0.01319	0.01319	A
1193	0.02422	0.02465	C
1194	0.0154	0.01625	C
1195	0.01717	0.02146	G
1196	0.05636	0.06447	C
1197	0.03145	0.03187	A
1198	0.03415	0.03415	A
1199	0.0295	0.02992	A
1200	0.04609	0.05412	C
1201	0.03467	0.03551	A
1202	0.01339	0.01549	T
1203	0.03759	0.03759	A
1204	0.0175	0.02	T
1205	0.06188	0.06686	C
1206	0.03808	0.04056	A
1207	0.01447	0.01736	T
1208	0.04067	0.04151	A
1209	0.06539	0.07455	C
1210	0.0306	0.03102	A
1211	0.07332	0.08161	C
1212	0.03538	0.03538	A
1213	0.03455	0.03455	A
1214	0.0407	0.04322	A
1215	0.07884	0.08921	C
1216	0.01084	0.01209	G
1217	0.05151	0.05151	C
1218	0.03922	0.04007	C
1219	0.01242	0.01328	T
1220	0.01551	0.0181	G
1221	0.03219	0.03915	A
1222	0.01341	0.01557	G
1223	0.07266	0.07354	C
1224	0.04604	0.04604	C
1225	0.02002	0.02002	C
1226	0.02289	0.02289	T
1227	0.03855	0.04034	A
1228	0.02484	0.02529	T
1229	0.05498	0.05633	C
1230	0.02003	0.02225	T
1231	0.06057	0.06595	A
1232	0.02234	0.02279	T
1233	0.01833	0.01967	T
1234	0.03147	0.0589	A
1235	0.06897	0.07255	C
1236	0.01426	0.01471	T
1237	0.0584	0.06065	C
1238	0.01913	0.0205	T
1239	0.05799	0.06073	C
1240	0.0367	0.0422	A
1241	0.02418	0.02646	T
1242	0.06382	0.06474	C
1243	0.01662	0.01708	G
1244	0.03515	0.03978	C
1245	0.01747	0.01889	T
1246	0.07374	0.08088	A
1247	0.08208	0.08402	C
1248	0.03918	0.04456	C
1249	0.01878	0.02669	T
1250	0.05248	0.05248	C
1251	0.04391	0.04391	C
1252	0.03312	0.03312	C
1253	0.01691	0.0179	T
1254	0.02551	0.02601	G
1255	0.0348	0.0353	A
1256	0.06402	0.06657	C
1257	0.0427	0.04474	A
1258	0.04774	0.05028	A
1259	0.01268	0.01624	G
1260	0.02591	0.02693	C
1261	0.00711	0.00813	G
1262	0.06738	0.06738	C
1263	0.05128	0.05128	C
1264	0.01656	0.01863	T
1265	0.04295	0.05343	A
1266	0.01471	0.01576	T
1267	0.06013	0.06329	A
1268	0.00797	0.00903	G
1269	0.03378	0.03646	C
1270	0.03976	0.04245	A
1271	0.07577	0.0763	C
1272	0.01235	0.01289	T
1273	0.05308	0.05308	C
1274	0.01132	0.01132	G
1275	0.0425	0.04303	A
1276	0.05204	0.05258	A
1277	0.0118	0.02198	T
1278	0.03431	0.03486	A
1279	0.03786	0.04218	A
1280	0.00718	0.00773	T
1281	0.69214	0.69654	T
1282	0.03989	0.04262	C
1283	0.01316	0.01316	T
1284	0.0138	0.01767	T
1285	0.07187	0.08029	C
1286	0.03229	0.03569	T
1287	0.06357	0.06701	C
1288	0.03506	0.03621	A
1289	0.04792	0.04849	C
1290	0.03237	0.03237	C
1291	0.01822	0.01936	C
1292	0.01667	0.02184	T
1293	0.03687	0.03802	A
1294	0.04488	0.04603	A
1295	0.09717	0.10006	C
1296	0.05421	0.05825	A
1297	0.00401	0.00401	G
1298	0.00803	0.0086	G
1299	0.01269	0.01442	T
1300	0.09942	0.10349	C
1301	0.03246	0.03304	A
1302	0.03806	0.03864	A
1303	0.0794	0.07998	C
1304	0.03968	0.04082	C
1305	0.01081	0.01252	T
1306	0.06061	0.06118	C
1307	0.01669	0.01784	G
1308	0.04186	0.04535	C
1309	0.01774	0.01774	T
1310	0.01607	0.01667	T
1311	0.05006	0.05006	C
1312	0.03493	0.03493	C
1313	0.0445	0.04514	C
1314	0.03051	0.03369	C
1315	0.03209	0.04365	A
1316	0.06134	0.06134	C
1317	0.03619	0.03619	C
1318	0.02908	0.02971	C
1319	0.01589	0.01653	T
1320	0.01017	0.01081	T
1321	0.02299	0.0364	A
1322	0.05404	0.05594	C
1323	0.01569	0.01883	T
1324	0.03795	0.03922	A
1325	0.02687	0.03062	A
1326	0.0524	0.05429	C
1327	0.04133	0.04442	A
1328	0.01389	0.0151	T
1329	0.01506	0.01566	T
1330	0.01943	0.01943	A
1331	0.03967	0.03967	A
1332	0.07778	0.07953	C
1333	0.02062	0.02635	G
1334	0.02525	0.02637	A
1335	0.01769	0.01769	A
1336	0.04059	0.04114	A
1337	0.04471	0.04471	A
1338	0.02378	0.03081	T
1339	0.03742	0.03742	A
1340	0.03118	0.03548	A
1341	0.05924	0.06304	C
1342	0.03254	0.03308	C
1343	0.03359	0.03413	C
1344	0.03373	0.03428	C
1345	0.03542	0.04305	A
1346	0.06352	0.06352	C
1347	0.0479	0.0479	C
1348	0.03108	0.03162	C
1349	0.01133	0.01241	T
1350	0.04675	0.04944	A
1351	0.06738	0.06952	C
1352	0.01682	0.02366	T
1353	0.02556	0.02822	A
1354	0.03371	0.03475	A
1355	0.04838	0.05198	A
1356	0.05688	0.05946	C
1357	0.04933	0.04933	C
1358	0.035	0.035	C
1359	0.04192	0.04192	C
1360	0.05118	0.06192	A
1361	0.01586	0.01688	T
1362	0.01284	0.01284	T
1363	0.03437	0.03543	A
1364	0.04781	0.04884	A
1365	0.06629	0.06629	A
1366	0.10152	0.11218	C
1367	0.01925	0.02077	G
1368	0.05058	0.05058	C
1369	0.03177	0.03177	C
1370	0.01761	0.02279	T
1371	0.01076	0.01076	G
1372	0.00934	0.01142	G
1373	0.02717	0.03083	C
1374	0.36644	0.37846	A
1375	0.01331	0.01382	G
1376	0.03586	0.03791	C
1377	0.04264	0.04569	C
1378	0.01423	0.01423	G
1379	0.01063	0.01063	G
1380	0.03546	0.03546	A
1381	0.04372	0.04372	A
1382	0.00814	0.00865	G
1383	0.04515	0.04617	C
1384	0.04114	0.04114	C
1385	0.01223	0.01274	T
1386	0.07665	0.08533	A
1387	0.01551	0.01551	T
1388	0.01494	0.01494	T
1389	0.0854	0.0911	C
1390	0.01608	0.02075	G
1391	0.05806	0.0648	C
1392	0.04969	0.0528	A
1393	0.00927	0.00927	G
1394	0.0072	0.0072	G
1395	0.06701	0.07732	A
1396	0.01183	0.01183	T
1397	0.0154	0.0154	T
1398	0.01946	0.01946	T
1399	0.08633	0.0889	C
1400	0.02005	0.02519	T
1401	0.08264	0.08523	C
1402	0.05553	0.06015	A
1403	0.02252	0.02252	T
1404	0.01842	0.01945	T
1405	0.03139	0.05353	A
1406	0.09348	0.09399	C
1407	0.01337	0.01851	T
1408	0.03586	0.03638	A
1409	0.03052	0.03052	A
1410	0.07708	0.08639	C
1411	0.03306	0.03306	A
1412	0.0441	0.04562	A
1413	0.08126	0.08583	C
1414	0.06687	0.07143	A
1415	0.01205	0.01255	T
1416	0.01471	0.01471	T
1417	0.01583	0.01634	T
1418	0.05277	0.05277	C
1419	0.04944	0.04944	C
1420	0.03674	0.03674	C
1421	0.04627	0.04627	C
1422	0.0457	0.0457	C
1423	0.01798	0.02247	G
1424	0.03458	0.04265	C
1425	0.05493	0.07463	A
1426	0.01734	0.02033	T
1427	0.02717	0.02717	C
1428	0.02518	0.02518	C
1429	0.03508	0.03508	C
1430	0.02917	0.02917	C
1431	0.03021	0.03021	C
1432	0.0215	0.0215	T
1433	0.01001	0.01064	T
1434	0.02585	0.02585	C
1435	0.02908	0.0297	C
1436	0.01514	0.0164	A
1437	0.02045	0.02107	A
1438	0.02333	0.02333	A
1439	0.05811	0.0678	C
1440	0.02786	0.02786	A
1441	0.035	0.035	A
1442	0.0622	0.06703	C
1443	0.03018	0.03018	A
1444	0.04448	0.04567	A
1445	0.02458	0.02809	T
1446	0.04029	0.04029	C
1447	0.03052	0.03052	C
1448	0.0373	0.0373	C
1449	0.03871	0.03871	C
1450	0.03484	0.03541	C
1451	0.01943	0.02	T
1452	0.04018	0.04305	C
1453	0.0131	0.01367	T
1454	0.04527	0.04867	A
1455	0.07521	0.07521	C
1456	0.0405	0.04212	C
1457	0.01637	0.01954	T
1458	0.02835	0.0294	A
1459	0.02137	0.02137	A
1460	0.04152	0.04152	A
1461	0.04065	0.04065	A
1462	0.05465	0.06759	C
1463	0.01979	0.02309	T
1464	0.08483	0.08578	C
1465	0.03453	0.03826	A
1466	0.017	0.01837	C
1467	0.00877	0.01293	A
1468	0.00971	0.01248	G
1469	0.01685	0.01685	C
1470	0.05192	0.05192	C
1471	0.0595	0.0595	C
1472	0.02114	0.02298	T
1473	0.09062	0.09199	C
1474	0.00954	0.00954	G
1475	0.01364	0.01364	C
1476	0.00453	0.00453	T
1477	0.01315	0.01361	G
1478	0.01094	0.01185	T
1479	0.14358	0.14449	C
1480	0.04932	0.04932	A
1481	0.11116	0.11295	C
1482	0.01001	0.01044	T
1483	0.01562	0.01562	T
1484	0.01041	0.01041	T
1485	0.09024	0.09024	C
1486	0.00954	0.00954	C
1487	0.00131	0.00131	T
1488	0.01049	0.01093	A
1489	0.00175	0.00175	G
1490	0.0048	0.0048	G
1491	0.00919	0.01401	A
1492	0.00703	0.00703	C
1493	0.00264	0.00264	T
1494	0.01321	0.01321	T
1495	0.07266	0.09703	C
1496	0.02076	0.02518	T
1497	0.07518	0.07696	A
1498	0.04117	0.04117	A
1499	0.08798	0.09682	C
1500	0.02333	0.02553	A
1501	0.00837	0.00881	G
1502	0.00748	0.00748	C
1503	0.0057	0.0057	C
1504	0.00132	0.00132	C
1505	0.0022	0.00309	T
1506	0.00969	0.01057	A
1507	0.01015	0.01015	G
1508	0.09604	0.0978	A
1509	0.09903	0.09903	C
1510	0.04789	0.04921	C
1511	0.01146	0.01366	T
1512	0.07228	0.07627	C
1513	0.03836	0.03924	A
1514	0.06401	0.06401	A
1515	0.07972	0.0876	C
1516	0.01577	0.0184	T
1517	0.05454	0.05716	A
1518	0.09274	0.09318	C
1519	0.02166	0.026	C
1520	0.02165	0.02902	T
1521	0.04247	0.04422	A
1522	0.03457	0.03457	A
1523	0.06664	0.06839	C
1524	0.0563	0.06236	C
1525	0.02328	0.02457	A
1526	0.03288	0.0333	A
1527	0.11252	0.12094	C
1528	0.03661	0.03661	A
1529	0.02575	0.02575	A
1530	0.01754	0.01833	A
1531	0.09925	0.1123	C
1532	0.01636	0.0222	T
1533	0.01809	0.02156	T
1534	0.0221	0.02363	A
1535	0.02167	0.02167	A
1536	0.03122	0.03159	A
1537	0.03947	0.03947	A
1538	0.03939	0.04559	T
1539	0.03704	0.03704	A
1540	0.01452	0.01488	A
1541	0.03573	0.03573	A
1542	0.04112	0.04612	A
1543	0.03203	0.0363	T
1544	0.04654	0.04906	C
1545	0.02625	0.02625	C
1546	0.0265	0.0265	C
1547	0.02006	0.02006	C
1548	0.0204	0.02827	A
1549	0.03279	0.03421	C
1550	0.01241	0.01348	T
1551	0.04294	0.04403	A
1552	0.01135	0.01208	T
1553	0.63898	0.64784	G
1554	0.05047	0.05842	C
1555	0.02523	0.03021	A
1556	0.0464	0.04992	C
1557	0.02477	0.02566	A
1558	0.00793	0.0082	T
1559	0.00733	0.00733	T
1560	0.00603	0.00603	T
1561	0.00723	0.00806	T
1562	0.05892	0.09495	A
1563	0.00596	0.00596	T
1564	0.00927	0.00927	T
1565	0.00853	0.00853	T
1566	0.07291	0.07788	C
1567	0.00856	0.01049	T
1568	0.05574	0.05574	C
1569	0.03361	0.03473	C
1570	0.03564	0.03876	A
1571	0.03785	0.0387	A
1572	0.07125	0.07266	C
1573	0.0546	0.05933	A
1574	0.01283	0.01646	T
1575	0.05891	0.0603	A
1576	0.08223	0.0861	C
1577	0.01641	0.01724	T
1578	0.06187	0.06327	C
1579	0.00641	0.00641	G
1580	0.00726	0.00838	G
1581	0.03697	0.04426	A
1582	0.01093	0.01121	T
1583	0.01183	0.01268	T
1584	0.07475	0.08787	C
1585	0.01607	0.0178	T
1586	0.05069	0.05584	A
1587	0.07755	0.07784	C
1588	0.04003	0.04118	C
1589	0.03621	0.03678	C
1590	0.01211	0.013	T
1591	0.07607	0.07786	A
1592	0.01405	0.01614	G
1593	0.06002	0.06062	C
1594	0.04234	0.04444	A
1595	0.01506	0.01898	T
1596	0.05323	0.05846	C
1597	0.05192	0.05376	A
1598	0.0631	0.07272	C
1599	0.04752	0.05113	A
1600	0.06609	0.08062	C
1601	0.04321	0.04617	A
1602	0.08889	0.08889	C
1603	0.04963	0.05257	C
1604	0.01265	0.01589	G
1605	0.04438	0.04615	C
1606	0.03457	0.03605	A
1607	0.08294	0.08853	C
1608	0.03778	0.03867	A
1609	0.04696	0.04902	A
1610	0.01763	0.02233	T
1611	0.0495	0.0498	C
1612	0.0422	0.0425	C
1613	0.04339	0.04339	C
1614	0.02538	0.02538	C
1615	0.01302	0.01361	T
1616	0.05565	0.05684	A
1617	0.0113	0.01159	T
1618	0.06168	0.06198	C
1619	0.00808	0.00928	T
1620	0.0518	0.06018	A
1621	0.006	0.006	G
1622	0.00361	0.00361	G
1623	0.03324	0.03324	C
1624	0.02117	0.02148	C
1625	0.01122	0.01122	T
1626	0.01465	0.01526	T
1627	0.0522	0.06502	C
1628	0.01647	0.01678	T
1629	0.01075	0.01075	T
1630	0.03343	0.05973	A
1631	0.09497	0.09963	C
1632	0.00598	0.00756	G
1633	0.05459	0.05712	A
1634	0.00819	0.00882	G
1635	0.02846	0.02846	C
1636	0.01992	0.02024	C
1637	0.02234	0.02336	A
1638	0.02509	0.02509	A
1639	0.03927	0.03927	A
1640	0.04726	0.04726	A
1641	0.06977	0.07784	C
1642	0.03678	0.03742	C
1643	0.02779	0.03432	T
1644	0.01187	0.01516	G
1645	0.05369	0.05369	C
1646	0.03619	0.03685	C
1647	0.04673	0.04673	C
1648	0.03109	0.03143	C
1649	0.01986	0.03322	T
1650	0.05072	0.05901	A
1651	0.06379	0.06655	C
1652	0.02568	0.02706	T
1653	0.04917	0.04917	C
1654	0.02577	0.02855	C
1655	0.01015	0.0119	T
1656	0.05379	0.05379	C
1657	0.0227	0.02448	C
1658	0.01044	0.01116	T
1659	0.04056	0.05225	A
1660	0.00956	0.01139	G
1661	0.03112	0.03112	A
1662	0.04473	0.04473	C
1663	0.01048	0.01198	C
1664	0.0174	0.02157	T
1665	0.0304	0.03153	A
1666	0.04252	0.04366	A
1667	0.07312	0.07388	C
1668	0.03021	0.03134	C
1669	0.01479	0.01706	T
1670	0.00918	0.01185	G
1671	0.03945	0.04098	A
1672	0.05215	0.05483	C
1673	0.01729	0.01845	T
1674	0.0347	0.03932	A
1675	0.01274	0.01467	G
1676	0.03845	0.03845	A
1677	0.03695	0.03695	A
1678	0.03613	0.03651	A
1679	0.03588	0.03626	A
1680	0.01153	0.01269	G
1681	0.0402	0.04135	C
1682	0.01804	0.0188	T
1683	0.04423	0.04577	A
1684	0.01696	0.01734	T
1685	0.01662	0.01893	T
1686	0.01866	0.02954	A
1687	0.06921	0.06921	C
1688	0.03182	0.03337	C
1689	0.02008	0.02395	T
1690	0.01884	0.02076	A
1691	0.0175	0.01903	A
1692	0.02729	0.02729	A
1693	0.02831	0.02869	A
1694	0.0701	0.09181	C
1695	0.02567	0.02567	A
1696	0.04125	0.04125	A
1697	0.00907	0.00944	T
1698	0.01128	0.01128	T
1699	0.01166	0.01166	T
1700	0.05603	0.05934	C
1701	0.03849	0.0433	A
1702	0.07117	0.07375	C
1703	0.04137	0.04622	A
1704	0.02119	0.02305	G
1705	0.04009	0.04306	C
1706	0.03591	0.03665	A
1707	0.05298	0.05298	C
1708	0.03486	0.03523	C
1709	0.01917	0.01917	A
1710	0.03272	0.03272	A
1711	0.03537	0.03537	A
1712	0.01674	0.01856	T
1713	0.03922	0.03996	C
1714	0.01694	0.01915	T
1715	0.0342	0.0342	C
1716	0.03102	0.03257	C
1717	0.02767	0.03118	A
1718	0.04902	0.04902	C
1719	0.0345	0.03718	C
1720	0.01232	0.01501	T
1721	0.04366	0.04366	C
1722	0.0262	0.0262	C
1723	0.02383	0.02998	A
1724	0.01872	0.02063	T
1725	0.0557	0.06101	C
1726	0.0485	0.05526	A
1727	0.01425	0.01762	T
1728	0.05648	0.06401	C
1729	0.04104	0.04291	A
1730	0.06805	0.06805	C
1731	0.0426	0.04444	C
1732	0.01033	0.01218	T
1733	0.05902	0.06603	C
1734	0.03506	0.03764	A
1735	0.04698	0.04843	A
1736	0.05466	0.05503	C
1737	0.0333	0.0333	C
1738	0.03809	0.03881	C
1739	0.00512	0.00512	A
1740	0.02187	0.02223	A
1741	0.02743	0.02743	A
1742	0.04809	0.04809	A
1743	0.03782	0.03782	A
1744	0.01264	0.013	G
1745	0.00772	0.00878	G
1746	0.09256	0.09466	C
1747	0.03637	0.03741	A
1748	0.01238	0.01753	T
1749	0.03382	0.03382	A
1750	0.04947	0.05445	A
1751	0.0111	0.01143	T
1752	0.01176	0.01307	T
1753	0.02739	0.02805	A
1754	0.04094	0.04126	A
1755	0.07166	0.07387	A
1756	0.07296	0.08196	C
1757	0.00676	0.00706	T
1758	0.01141	0.01172	T
1759	0.01023	0.01023	T
1760	0.067	0.08046	A
1761	0.10087	0.10897	C
1762	0.01206	0.01206	T
1763	0.00869	0.009	T
1764	0.07714	0.08127	C
1765	0.06519	0.07018	C
1766	0.00833	0.00864	T
1767	0.09133	0.10178	C
1768	0.00974	0.01004	T
1769	0.09745	0.10625	C
1770	0.00509	0.00509	T
1771	0.01323	0.01323	T
1772	0.00671	0.00702	T
1773	0.0939	0.10776	C
1774	0.01068	0.01068	T
1775	0.01466	0.01528	T
1776	0.08259	0.11817	C
1777	0.01409	0.01409	T
1778	0.01487	0.01551	T
1779	0.07086	0.07086	C
1780	0.04962	0.05061	C
1781	0.04447	0.04614	C
1782	0.02626	0.03199	A
1783	0.05708	0.05978	C
1784	0.06316	0.06521	T
1785	0.05007	0.05318	C
1786	0.08055	0.09225	A
1787	0.01172	0.01345	T
1788	0.05179	0.05249	C
1789	0.01328	0.01363	C
1790	0.01301	0.01687	T
1791	0.02142	0.02249	A
1792	0.0317	0.03312	A
1793	0.05172	0.05244	C
1794	0.03912	0.0402	C
1795	0.02604	0.02676	C
1796	0.01203	0.01494	T
1797	0.03968	0.04409	A
1798	0.05351	0.05683	C
1799	0.01261	0.01372	T
1800	0.04079	0.04079	C
1801	0.01955	0.01955	C
1802	0.0053	0.00605	T
1803	0.0282	0.03011	A
1804	0.03444	0.03444	A
1805	0.0119	0.01267	T
1806	0.05174	0.05212	C
1807	0.02218	0.02218	A
1808	0.04244	0.04244	C
1809	0.03103	0.03103	A
1810	0.0008	0.0008	T
1811	0.0	0.0	A
1812	0.0	0.0	A
