Position	Mismatches	Mismatches + Deletions	Base
1	0.0	0.0	C
2	0.0	0.0	T
3	0.0	0.0	G
4	0.04788	0.04788	A
5	0.00779	0.00779	T
6	0.00952	0.01211	G
7	0.00927	0.00927	T
8	0.00753	0.00753	T
9	0.06002	0.06255	C
10	0.01329	0.01412	G
11	0.08279	0.09344	C
12	0.05397	0.05476	C
13	0.00385	0.01155	G
14	0.03969	0.04122	A
15	0.11021	0.11021	C
16	0.07747	0.07818	C
17	0.00969	0.01176	G
18	0.01154	0.01154	T
19	0.01466	0.01466	T
20	0.00524	0.0059	G
21	0.06821	0.07014	A
22	0.07567	0.07692	C
23	0.00953	0.01013	T
24	0.07529	0.08161	A
25	0.00815	0.00815	T
26	0.01508	0.01508	T
27	0.07497	0.09008	C
28	0.01185	0.01236	T
29	0.06333	0.06435	C
30	0.01141	0.01141	T
31	0.04552	0.0465	A
32	0.09134	0.0966	C
33	0.05177	0.05177	A
34	0.04537	0.04537	A
35	0.0432	0.04405	A
36	0.06271	0.06398	C
37	0.04027	0.04234	C
38	0.01883	0.02684	A
39	0.06895	0.07242	C
40	0.06005	0.0608	A
41	0.06356	0.06356	A
42	0.05946	0.06142	A
43	0.00967	0.01061	G
44	0.04575	0.04636	A
45	0.09318	0.09408	C
46	0.08865	0.08894	A
47	0.01128	0.01182	T
48	0.0106	0.01086	T
49	0.008	0.00826	G
50	0.0094	0.00965	G
51	0.05519	0.05519	A
52	0.06202	0.0625	A
53	0.07624	0.07858	C
54	0.05511	0.05556	A
55	0.09634	0.09925	C
56	0.00934	0.0107	T
57	0.05733	0.07134	A
58	0.0117	0.014	T
59	0.05901	0.06228	A
60	0.12159	0.12291	C
61	0.05546	0.05765	C
62	0.00746	0.00761	T
63	0.0702	0.07551	A
64	0.00724	0.00724	T
65	0.01173	0.01185	T
66	0.0825	0.14712	A
67	0.01107	0.01107	T
68	0.01205	0.01217	T
69	0.05946	0.06802	C
70	0.00784	0.00784	G
71	0.0069	0.00712	G
72	0.0472	0.04877	C
73	0.00943	0.01145	G
74	0.0744	0.07685	C
75	0.05792	0.05914	A
76	0.00643	0.00654	T
77	0.00314	0.00379	G
78	0.03758	0.03844	A
79	0.00676	0.00686	G
80	0.02459	0.02524	C
81	0.00289	0.00331	T
82	0.00436	0.00436	G
83	0.00501	0.00544	G
84	0.06708	0.08916	A
85	0.00856	0.00877	G
86	0.00852	0.00894	T
87	0.03234	0.03244	C
88	0.02029	0.02029	C
89	0.00631	0.00683	T
90	0.0901	0.09532	A
91	0.00617	0.00617	G
92	0.00655	0.00655	G
93	0.01641	0.01742	C
94	0.07103	0.07667	A
95	0.01467	0.01517	C
96	0.01595	0.01904	A
97	0.00548	0.00558	G
98	0.00527	0.00527	C
99	0.00269	0.00288	T
100	0.00377	0.00397	C
101	0.00785	0.00944	T
102	0.0469	0.04761	A
103	0.11751	0.11966	A
104	0.00379	0.00399	G
105	0.06089	0.06109	C
106	0.01263	0.01311	C
107	0.00337	0.00481	T
108	0.06519	0.06519	C
109	0.07098	0.074	C
110	0.00917	0.00917	T
111	0.01407	0.01416	T
112	0.03742	0.11829	A
113	0.0128	0.0128	T
114	0.01374	0.01383	T
115	0.13722	0.15319	C
116	0.00821	0.01068	G
117	0.07491	0.07781	A
118	0.00681	0.00698	G
119	0.03987	0.04031	C
120	0.05646	0.05698	C
121	0.00548	0.0073	G
122	0.07337	0.0783	A
123	0.00577	0.00586	G
124	0.01967	0.02053	C
125	0.00474	0.005	T
126	0.00473	0.00473	G
127	0.00652	0.00686	G
128	0.0073	0.00739	G
129	0.0226	0.02286	C
130	0.0321	0.03261	C
131	0.06682	0.10239	A
132	0.00794	0.00803	G
133	0.08453	0.08461	C
134	0.0652	0.06537	C
135	0.04441	0.07634	A
136	0.00479	0.00487	G
137	0.00496	0.00496	G
138	0.06596	0.06831	C
139	0.09526	0.09568	A
140	0.05924	0.05941	A
141	0.08529	0.08546	C
142	0.06101	0.06133	C
143	0.00674	0.00682	T
144	0.01231	0.01239	T
145	0.08733	0.11012	C
146	0.01292	0.01292	T
147	0.07609	0.07995	A
148	0.00447	0.00455	G
149	0.00753	0.00769	G
150	0.00304	0.00313	T
151	0.036	0.03608	A
152	0.03286	0.03334	A
153	0.04053	0.04198	C
154	0.0106	0.01204	G
155	0.08458	0.08708	A
156	0.09193	0.09217	C
157	0.07188	0.07358	C
158	0.04102	0.04875	A
159	0.1014	0.10394	C
160	0.04925	0.05472	A
161	0.01547	0.01617	T
162	0.0837	0.08558	C
163	0.01394	0.01518	T
164	0.07444	0.07716	A
165	0.10204	0.1068	C
166	0.05461	0.05469	A
167	0.07096	0.07267	A
168	0.04316	0.04478	C
169	0.00658	0.00695	G
170	0.00446	0.00453	T
171	0.00526	0.00533	T
172	0.02329	0.03933	A
173	0.00515	0.00559	T
174	0.03424	0.03506	C
175	0.00919	0.01015	G
176	0.00965	0.01173	T
177	0.08763	0.08876	C
178	0.06966	0.08077	A
179	0.06459	0.07112	C
180	0.0642	0.07579	A
181	0.00943	0.01033	G
182	0.0178	0.01796	C
183	0.02043	0.02058	C
184	0.01503	0.01533	C
185	0.01606	0.02274	A
186	0.00978	0.01024	T
187	0.00355	0.00386	G
188	0.01934	0.02004	C
189	0.06354	0.06521	A
190	0.00614	0.00622	T
191	0.0084	0.0084	T
192	0.00969	0.00984	T
193	0.0084	0.00975	G
194	0.00871	0.00969	T
195	0.057	0.05926	A
196	0.04763	0.04949	A
197	0.00963	0.0097	T
198	0.0533	0.05397	A
199	0.05412	0.06894	A
200	0.00775	0.00826	T
201	0.14039	0.15146	C
202	0.00887	0.00887	T
203	0.00798	0.00805	T
204	0.07789	0.10653	C
205	0.00698	0.00698	T
206	0.00885	0.00913	T
207	0.07865	0.08515	C
208	0.07828	0.08051	A
209	0.00882	0.00931	T
210	0.06821	0.07071	A
211	0.00732	0.00897	G
212	0.00997	0.01087	T
213	0.07042	0.07091	A
214	0.05598	0.06123	A
215	0.01644	0.01908	T
216	0.05666	0.05909	A
217	0.083	0.08798	C
218	0.04453	0.04515	C
219	0.02668	0.02695	C
220	0.03778	0.04508	A
221	0.01	0.01393	T
222	0.07071	0.07328	C
223	0.05436	0.05986	A
224	0.00606	0.00682	T
225	0.05283	0.0529	A
226	0.04239	0.04843	A
227	0.00288	0.00377	T
228	0.01114	0.0121	C
229	0.00783	0.00811	G
230	0.0047	0.00484	G
231	0.02795	0.03764	A
232	0.0045	0.0045	G
233	0.00541	0.00569	G
234	0.01227	0.01227	C
235	0.00423	0.00423	T
236	0.00702	0.00702	T
237	0.00814	0.00814	T
238	0.00434	0.00434	G
239	0.00479	0.00486	G
240	0.10051	0.10161	C
241	0.02495	0.02561	A
242	0.01992	0.01999	A
243	0.01967	0.02018	C
244	0.0062	0.00657	T
245	0.00678	0.00899	G
246	0.07929	0.08026	A
247	0.12145	0.12345	C
248	0.00987	0.01009	T
249	0.05197	0.05477	A
250	0.00855	0.00914	G
251	0.00637	0.00652	T
252	0.00582	0.00582	T
253	0.04493	0.04493	C
254	0.02877	0.02893	C
255	0.03544	0.03544	C
256	0.02472	0.02479	C
257	0.00729	0.00844	T
258	0.06762	0.06947	A
259	0.06377	0.06507	A
260	0.01125	0.01171	T
261	0.06484	0.06499	A
262	0.06747	0.07913	A
263	0.00778	0.00839	T
264	0.06637	0.07067	C
265	0.0063	0.00638	G
266	0.00641	0.00649	G
267	0.01155	0.01194	T
268	0.00769	0.00809	G
269	0.01096	0.01128	C
270	0.00583	0.00583	C
271	0.02218	0.02218	C
272	0.00521	0.00521	C
273	0.00602	0.00602	C
274	0.00476	0.00524	G
275	0.01625	0.01657	A
276	0.00316	0.00316	T
277	0.04709	0.04799	A
278	0.00862	0.00894	T
279	0.00489	0.00489	G
280	0.00466	0.00474	G
281	0.08531	0.08597	C
282	0.00683	0.00725	G
283	0.00391	0.00408	T
284	0.0089	0.00907	T
285	0.01319	0.01319	T
286	0.09216	0.09253	C
287	0.08207	0.08225	C
288	0.06698	0.06698	C
289	0.0516	0.05178	C
290	0.00584	0.00793	G
291	0.05137	0.05302	C
292	0.03903	0.04208	A
293	0.01103	0.01412	T
294	0.05519	0.05528	A
295	0.04218	0.04236	A
296	0.04519	0.04602	A
297	0.08116	0.09011	C
298	0.03364	0.0339	A
299	0.03865	0.04026	A
300	0.08236	0.08796	C
301	0.0577	0.06135	A
302	0.00748	0.00972	T
303	0.05682	0.05682	A
304	0.05861	0.06363	A
305	0.00676	0.00828	G
306	0.06747	0.06983	C
307	0.00914	0.00923	T
308	0.01144	0.01161	T
309	0.05401	0.06407	C
310	0.01165	0.01181	T
311	0.00543	0.00877	G
312	0.05243	0.05352	A
313	0.06137	0.06337	C
314	0.00961	0.0097	T
315	0.06913	0.07307	C
316	0.00835	0.00835	T
317	0.00862	0.00912	T
318	0.03464	0.0583	A
319	0.08457	0.08631	C
320	0.04803	0.04969	C
321	0.01126	0.01452	T
322	0.05828	0.0597	C
323	0.04784	0.04784	C
324	0.0477	0.05153	C
325	0.0088	0.0102	T
326	0.06157	0.06496	C
327	0.01196	0.01309	T
328	0.05538	0.05782	C
329	0.00528	0.00614	T
330	0.04631	0.04631	C
331	0.02766	0.02993	C
332	0.00906	0.01084	T
333	0.07228	0.08219	A
334	0.05067	0.05329	C
335	0.00938	0.00973	T
336	0.04036	0.04044	C
337	0.02351	0.02575	C
338	0.00958	0.01217	T
339	0.00902	0.01082	G
340	0.05066	0.0535	C
341	0.00946	0.01162	T
342	0.07356	0.07717	C
343	0.00893	0.01098	G
344	0.03644	0.03915	C
345	0.04035	0.04262	A
346	0.00613	0.00705	T
347	0.04995	0.05045	C
348	0.01311	0.01353	T
349	0.00509	0.0055	G
350	0.03495	0.03645	C
351	0.00659	0.00659	T
352	0.05614	0.05748	A
353	0.00965	0.00973	T
354	0.07652	0.07957	A
355	0.00845	0.0091	G
356	0.00715	0.00755	T
357	0.00489	0.00489	G
358	0.00484	0.00501	G
359	0.02751	0.03604	A
360	0.00591	0.00591	G
361	0.00535	0.0056	G
362	0.08026	0.08084	C
363	0.07328	0.07352	C
364	0.00514	0.00522	G
365	0.00299	0.00316	G
366	0.01298	0.01524	A
367	0.00638	0.00705	G
368	0.15679	0.1588	C
369	0.01924	0.02	A
370	0.003	0.003	G
371	0.00433	0.00458	G
372	0.03089	0.03098	A
373	0.07116	0.07158	A
374	0.12804	0.1312	C
375	0.05345	0.05386	A
376	0.00442	0.0045	G
377	0.00614	0.00614	G
378	0.00599	0.00599	T
379	0.00704	0.00704	T
380	0.01047	0.01096	G
381	0.06776	0.06801	A
382	0.06943	0.06984	A
383	0.14477	0.14646	C
384	0.08136	0.08231	A
385	0.00545	0.00561	G
386	0.00397	0.00412	T
387	0.02514	0.02554	C
388	0.00541	0.00638	T
389	0.02836	0.03128	A
390	0.02909	0.02942	C
391	0.09682	0.09758	C
392	0.06895	0.07046	C
393	0.0076	0.01013	T
394	0.00875	0.00875	C
395	0.01564	0.01564	C
396	0.04157	0.04216	C
397	0.0043	0.00465	T
398	0.01228	0.01228	T
399	0.07491	0.12457	A
400	0.01268	0.0144	G
401	0.12207	0.12542	C
402	0.04246	0.044	A
403	0.00323	0.00323	G
404	0.00348	0.00373	G
405	0.00432	0.00441	G
406	0.01951	0.0196	A
407	0.07267	0.07301	A
408	0.107	0.10971	C
409	0.00928	0.0097	T
410	0.11381	0.12144	A
411	0.04623	0.04936	C
412	0.00839	0.00916	T
413	0.02892	0.02901	C
414	0.01859	0.01859	C
415	0.07036	0.07217	C
416	0.04402	0.06521	A
417	0.09947	0.09947	C
418	0.06942	0.06942	C
419	0.06011	0.06591	C
420	0.00782	0.00926	T
421	0.00413	0.00413	G
422	0.00369	0.00414	G
423	0.02185	0.02829	A
424	0.00651	0.00661	G
425	0.14247	0.14419	C
426	0.04294	0.04321	C
427	0.00556	0.0072	T
428	0.0672	0.0672	C
429	0.08315	0.08333	C
430	0.00455	0.00619	G
431	0.00311	0.00329	T
432	0.02138	0.02258	A
433	0.00459	0.00514	G
434	0.02323	0.02406	A
435	0.02356	0.02365	C
436	0.01638	0.01666	C
437	0.01001	0.01123	T
438	0.03407	0.03482	A
439	0.0377	0.03827	A
440	0.0493	0.04949	C
441	0.02555	0.02584	C
442	0.06263	0.07415	A
443	0.00863	0.0093	T
444	0.07239	0.07287	C
445	0.00992	0.01012	T
446	0.00841	0.0087	T
447	0.03736	0.0507	C
448	0.00623	0.00643	T
449	0.05472	0.05482	C
450	0.03501	0.03731	C
451	0.00769	0.00779	T
452	0.01101	0.01122	T
453	0.03201	0.06742	A
454	0.03038	0.03184	C
455	0.02023	0.02138	A
456	0.02416	0.02437	C
457	0.02635	0.02677	C
458	0.00387	0.0043	T
459	0.06173	0.06477	A
460	0.00707	0.00881	G
461	0.06291	0.064	C
462	0.04453	0.04597	A
463	0.00354	0.00354	G
464	0.00634	0.00679	G
465	0.00201	0.00249	T
466	0.00555	0.00591	G
467	0.00437	0.00498	T
468	0.07919	0.08018	C
469	0.00788	0.00813	T
470	0.05577	0.05614	C
471	0.03838	0.04063	C
472	0.00731	0.00845	T
473	0.06412	0.06791	C
474	0.00825	0.00838	T
475	0.05416	0.05851	A
476	0.00628	0.00654	T
477	0.10005	0.10211	C
478	0.00856	0.00856	T
479	0.01307	0.01346	T
480	0.04382	0.05491	A
481	0.01283	0.01283	G
482	0.0061	0.0061	G
483	0.00602	0.00602	G
484	0.00428	0.00428	G
485	0.08005	0.08034	C
486	0.04287	0.04302	C
487	0.03396	0.03848	A
488	0.00683	0.00757	T
489	0.06058	0.06194	C
490	0.02508	0.02538	A
491	0.05858	0.06025	A
492	0.00747	0.00747	T
493	0.01206	0.01221	T
494	0.01164	0.01196	T
495	0.05655	0.062	C
496	0.0469	0.04819	A
497	0.01303	0.01547	T
498	0.07641	0.087	C
499	0.03367	0.0345	A
500	0.08422	0.10738	C
501	0.02633	0.02801	A
502	0.03227	0.03278	A
503	0.10732	0.11728	C
504	0.02224	0.02241	A
505	0.03564	0.03681	A
506	0.01048	0.01116	T
507	0.01046	0.01131	T
508	0.03531	0.06144	A
509	0.00884	0.00954	T
510	0.07368	0.07754	C
511	0.04178	0.04523	A
512	0.0296	0.0315	A
513	0.01052	0.01173	T
514	0.04461	0.04703	A
515	0.01331	0.0166	T
516	0.02653	0.02653	A
517	0.01954	0.01954	A
518	0.0283	0.0283	A
519	0.05342	0.05378	A
520	0.05154	0.05506	C
521	0.02348	0.02348	C
522	0.02129	0.02129	C
523	0.02482	0.02482	C
524	0.02035	0.02076	C
525	0.021	0.02247	T
526	0.00583	0.00735	G
527	0.05623	0.05623	C
528	0.04918	0.0494	C
529	0.02627	0.04872	A
530	0.00653	0.01058	T
531	0.03614	0.03636	A
532	0.03079	0.03419	A
533	0.06969	0.06969	C
534	0.05937	0.0596	C
535	0.04206	0.04252	C
536	0.02596	0.02665	A
537	0.03704	0.03815	A
538	0.00735	0.01114	T
539	0.05229	0.05408	A
540	0.08194	0.08375	C
541	0.05954	0.06067	C
542	0.0223	0.02277	A
543	0.03774	0.03843	A
544	0.05668	0.05849	A
545	0.13412	0.14947	C
546	0.00903	0.01083	G
547	0.03898	0.03944	C
548	0.02954	0.02954	C
549	0.03431	0.03454	C
550	0.03494	0.03561	C
551	0.00694	0.00895	T
552	0.10268	0.10582	C
553	0.01055	0.01077	T
554	0.01253	0.01341	T
555	0.0778	0.08265	C
556	0.01405	0.01471	G
557	0.01159	0.01268	T
558	0.06942	0.07052	C
559	0.01456	0.01587	T
560	0.00646	0.01313	G
561	0.05387	0.05752	A
562	0.0106	0.01103	T
563	0.09837	0.09901	C
564	0.06137	0.06243	C
565	0.00759	0.01454	G
566	0.01542	0.01647	T
567	0.07558	0.07558	C
568	0.04293	0.04356	C
569	0.01304	0.01449	T
570	0.04359	0.04522	A
571	0.06075	0.06235	A
572	0.0137	0.01589	T
573	0.08393	0.08592	C
574	0.06876	0.07479	A
575	0.04776	0.05177	C
576	0.03047	0.03558	A
577	0.00804	0.00841	G
578	0.03675	0.03825	C
579	0.03689	0.0421	A
580	0.00555	0.00684	G
581	0.00626	0.00681	T
582	0.08018	0.08055	C
583	0.05131	0.05168	C
584	0.00693	0.00711	T
585	0.05148	0.05567	A
586	0.09961	0.10298	C
587	0.00939	0.01009	T
588	0.01052	0.01104	T
589	0.05897	0.08586	C
590	0.01094	0.01144	T
591	0.11119	0.11119	C
592	0.05366	0.06125	C
593	0.01137	0.01251	T
594	0.06267	0.07472	A
595	0.01357	0.01421	T
596	0.08739	0.09059	C
597	0.01428	0.01601	T
598	0.08977	0.09541	C
599	0.01572	0.01633	T
600	0.12386	0.12417	C
601	0.05277	0.05277	C
602	0.02908	0.02938	C
603	0.02439	0.04045	A
604	0.0065	0.0068	G
605	0.00753	0.00797	T
606	0.06623	0.06653	C
607	0.05768	0.05783	C
608	0.00934	0.00978	T
609	0.07765	0.08027	A
610	0.00448	0.00463	G
611	0.05811	0.0597	C
612	0.0065	0.00665	T
613	0.00664	0.00693	G
614	0.01275	0.01275	C
615	0.00587	0.00601	T
616	0.00351	0.00351	G
617	0.00499	0.00499	G
618	0.13749	0.14027	C
619	0.04795	0.04837	A
620	0.00939	0.0115	T
621	0.05902	0.06042	C
622	0.05878	0.05918	A
623	0.08828	0.09314	C
624	0.00764	0.00866	T
625	0.06531	0.07033	A
626	0.00785	0.00969	T
627	0.06993	0.07139	A
628	0.08676	0.09477	C
629	0.01011	0.01243	T
630	0.06096	0.06316	A
631	0.09353	0.10311	C
632	0.00953	0.0115	T
633	0.06038	0.06093	A
634	0.06186	0.0639	A
635	0.06142	0.06437	C
636	0.04955	0.05486	A
637	0.00782	0.00895	G
638	0.02732	0.02783	A
639	0.03739	0.03769	C
640	0.03753	0.03794	C
641	0.01062	0.02852	G
642	0.07419	0.09278	C
643	0.05285	0.05628	A
644	0.06076	0.06133	A
645	0.10338	0.10348	C
646	0.04877	0.05059	C
647	0.00958	0.01188	T
648	0.08096	0.08475	C
649	0.05827	0.06168	A
650	0.05235	0.05326	A
651	0.08559	0.09522	C
652	0.05424	0.05816	A
653	0.08925	0.08986	C
654	0.06826	0.07166	C
655	0.06741	0.0813	A
656	0.01556	0.01556	C
657	0.00971	0.00978	C
658	0.00137	0.00165	T
659	0.0015	0.0015	T
660	0.01184	0.01772	C
661	0.00197	0.00197	T
662	0.00224	0.00244	T
663	0.01441	0.01564	C
664	0.00875	0.01115	G
665	0.07581	0.07855	A
666	0.04675	0.04697	C
667	0.06368	0.0643	C
668	0.06151	0.06171	C
669	0.07008	0.07157	C
670	0.00629	0.00913	G
671	0.06614	0.06614	C
672	0.00826	0.00826	C
673	0.00425	0.00431	G
674	0.00383	0.0039	G
675	0.01079	0.01262	A
676	0.00461	0.00474	G
677	0.00334	0.00348	G
678	0.01401	0.0177	A
679	0.00567	0.00567	G
680	0.00459	0.005	G
681	0.06852	0.11404	A
682	0.01118	0.01469	G
683	0.06123	0.06467	A
684	0.08445	0.08632	C
685	0.06215	0.06234	C
686	0.06415	0.06415	C
687	0.05672	0.05678	C
688	0.05991	0.06682	A
689	0.00827	0.00864	T
690	0.01224	0.0131	T
691	0.07566	0.09137	C
692	0.01106	0.01185	T
693	0.06249	0.07909	A
694	0.01134	0.01515	T
695	0.06133	0.06356	A
696	0.09022	0.09234	C
697	0.05805	0.05943	C
698	0.0518	0.05384	A
699	0.05491	0.05757	A
700	0.0954	0.10695	C
701	0.05735	0.06095	A
702	0.10573	0.10709	C
703	0.04051	0.04355	C
704	0.00591	0.00693	T
705	0.10355	0.10979	A
706	0.00937	0.00966	T
707	0.00901	0.0092	T
708	0.09646	0.11751	C
709	0.0183	0.01854	T
710	0.02727	0.03015	G
711	0.07496	0.08314	A
712	0.00183	0.00183	T
713	0.00264	0.00268	T
714	0.00186	0.00186	T
715	0.00579	0.00583	T
716	0.00738	0.00738	T
717	0.06711	0.07399	C
718	0.00933	0.00947	G
719	0.00782	0.00858	G
720	0.01502	0.02067	T
721	0.08466	0.08895	C
722	0.07478	0.0773	A
723	0.14207	0.14216	C
724	0.04833	0.04846	C
725	0.03359	0.03478	C
726	0.00544	0.0086	T
727	0.0059	0.00734	G
728	0.02516	0.02585	A
729	0.03842	0.03872	A
730	0.00734	0.00819	G
731	0.00622	0.00639	T
732	0.00592	0.006	T
733	0.00931	0.00939	T
734	0.07458	0.08799	A
735	0.00811	0.00878	T
736	0.09569	0.1072	A
737	0.01035	0.01039	T
738	0.00937	0.00962	T
739	0.09387	0.12003	C
740	0.01522	0.01522	T
741	0.01166	0.01191	T
742	0.02602	0.0772	A
743	0.0107	0.01124	T
744	0.08838	0.0906	C
745	0.04135	0.04405	C
746	0.00867	0.0102	T
747	0.05741	0.06065	A
748	0.08802	0.08837	C
749	0.06119	0.06202	C
750	0.03189	0.05721	A
751	0.00644	0.00679	G
752	0.00497	0.00502	G
753	0.09152	0.09415	C
754	0.00622	0.0064	T
755	0.00821	0.00825	T
756	0.04912	0.05265	C
757	0.00532	0.00545	G
758	0.00403	0.00425	G
759	0.03682	0.0374	A
760	0.04879	0.04914	A
761	0.00873	0.00899	T
762	0.05375	0.05392	A
763	0.05754	0.0634	A
764	0.01202	0.01285	T
765	0.0632	0.07219	C
766	0.01391	0.01591	T
767	0.0577	0.0581	C
768	0.04886	0.04903	C
769	0.06355	0.06551	C
770	0.03608	0.04804	A
771	0.00887	0.00963	T
772	0.04573	0.04716	A
773	0.009	0.00908	T
774	0.00943	0.00979	T
775	0.0067	0.00895	G
776	0.01136	0.01359	T
777	0.05285	0.05378	A
778	0.04381	0.04425	A
779	0.08962	0.09432	C
780	0.00773	0.00816	T
781	0.00886	0.00968	T
782	0.03521	0.05716	A
783	0.07648	0.0804	C
784	0.00899	0.0112	T
785	0.05873	0.06814	A
786	0.06852	0.07417	C
787	0.00922	0.00958	T
788	0.04288	0.043	C
789	0.03002	0.03054	C
790	0.00566	0.00609	G
791	0.0122	0.01359	G
792	0.00115	0.0015	A
793	0.00137	0.0014	A
794	0.00296	0.00302	A
795	0.02416	0.02419	A
796	0.02352	0.02356	A
797	0.03592	0.03596	A
798	0.03738	0.03741	A
799	0.01512	0.01611	G
800	0.0317	0.0317	A
801	0.06826	0.06858	A
802	0.02133	0.02146	C
803	0.01239	0.01246	C
804	0.02392	0.02492	A
805	0.00251	0.00254	T
806	0.00297	0.003	T
807	0.00481	0.00481	T
808	0.00584	0.00597	G
809	0.00503	0.00519	G
810	0.00815	0.02314	A
811	0.00277	0.00297	T
812	0.01556	0.01573	A
813	0.02747	0.02774	C
814	0.01861	0.01944	A
815	0.00299	0.00312	T
816	0.01296	0.01306	A
817	0.00355	0.00375	G
818	0.0045	0.00464	G
819	0.00694	0.0072	T
820	0.08821	0.08968	A
821	0.01271	0.01308	T
822	0.00618	0.00632	G
823	0.00504	0.00521	G
824	0.00554	0.00605	T
825	0.03897	0.03982	C
826	0.00795	0.00863	T
827	0.00609	0.00806	G
828	0.12415	0.12565	A
829	0.00558	0.00564	G
830	0.01444	0.01492	C
831	0.00239	0.00246	T
832	0.01672	0.0172	A
833	0.00342	0.00352	T
834	0.00347	0.00402	G
835	0.07952	0.08065	A
836	0.00365	0.00376	T
837	0.02442	0.02463	A
838	0.00347	0.00398	T
839	0.02618	0.02735	C
840	0.02906	0.0292	A
841	0.03348	0.03514	A
842	0.00376	0.0039	T
843	0.00746	0.00756	T
844	0.00554	0.00568	G
845	0.0044	0.00444	G
846	0.10364	0.10736	C
847	0.00477	0.00477	T
848	0.0038	0.00387	T
849	0.03308	0.03326	C
850	0.03548	0.03588	C
851	0.00896	0.0097	T
852	0.08651	0.09176	A
853	0.00462	0.00473	G
854	0.00563	0.00566	G
855	0.0068	0.00713	G
856	0.00541	0.00545	T
857	0.00693	0.00697	T
858	0.01033	0.01045	T
859	0.07597	0.08488	A
860	0.00688	0.00752	T
861	0.04767	0.04922	C
862	0.00818	0.00853	G
863	0.00456	0.00514	T
864	0.00884	0.00923	G
865	0.01061	0.01276	T
866	0.007	0.00763	G
867	0.06305	0.06612	A
868	0.00953	0.01029	G
869	0.047	0.05087	C
870	0.04597	0.05303	A
871	0.0431	0.04537	C
872	0.04536	0.04648	A
873	0.05553	0.05561	C
874	0.04896	0.05055	C
875	0.03126	0.03898	A
876	0.00858	0.00925	T
877	0.03698	0.03904	A
878	0.00597	0.00605	T
879	0.04257	0.04405	A
880	0.00713	0.00726	T
881	0.00922	0.00931	T
882	0.00783	0.00791	T
883	0.04576	0.05426	A
884	0.07695	0.07742	C
885	0.06335	0.0645	A
886	0.00721	0.00802	G
887	0.0085	0.00923	T
888	0.05605	0.05787	A
889	0.0055	0.00568	G
890	0.00475	0.00479	G
891	0.04151	0.04178	A
892	0.05555	0.05612	A
893	0.00943	0.01005	T
894	0.05664	0.05829	A
895	0.00458	0.00485	G
896	0.04226	0.04339	A
897	0.08532	0.08727	C
898	0.00533	0.00555	G
899	0.00453	0.00636	T
900	0.06215	0.06362	A
901	0.00686	0.00723	G
902	0.07865	0.08071	A
903	0.03753	0.03979	C
904	0.03283	0.03373	A
905	0.0337	0.03686	C
906	0.02447	0.02513	A
907	0.04643	0.04852	C
908	0.00574	0.00674	G
909	0.03271	0.03348	A
910	0.00677	0.00759	G
911	0.09288	0.09434	C
912	0.05255	0.05328	A
913	0.00958	0.00992	T
914	0.07196	0.07382	A
915	0.00508	0.00508	T
916	0.00916	0.00916	T
917	0.01174	0.01184	T
918	0.07653	0.08006	C
919	0.05396	0.05535	A
920	0.09718	0.09741	C
921	0.04264	0.04368	C
922	0.01131	0.01345	T
923	0.05628	0.05628	C
924	0.05373	0.05479	C
925	0.00625	0.01027	G
926	0.04945	0.05567	C
927	0.00793	0.00854	T
928	0.04541	0.04676	A
929	0.07836	0.07861	C
930	0.05647	0.05709	C
931	0.02859	0.04964	A
932	0.00687	0.00824	T
933	0.05077	0.05095	A
934	0.05631	0.06186	A
935	0.00898	0.01089	T
936	0.06653	0.06974	C
937	0.05115	0.05512	A
938	0.01028	0.0113	T
939	0.07561	0.0785	C
940	0.00729	0.00763	G
941	0.0338	0.03572	C
942	0.00507	0.00547	T
943	0.0764	0.08342	A
944	0.01247	0.01322	T
945	0.03894	0.04053	C
946	0.02501	0.02544	C
947	0.04912	0.04918	C
948	0.05889	0.05927	C
949	0.04353	0.0505	A
950	0.10147	0.10147	C
951	0.0476	0.04815	C
952	0.00384	0.00433	G
953	0.00331	0.00331	G
954	0.01456	0.01481	C
955	0.00578	0.00591	G
956	0.00377	0.00445	T
957	0.04787	0.04856	C
958	0.0495	0.04987	A
959	0.05748	0.05772	A
960	0.05237	0.0526	A
961	0.00917	0.0107	G
962	0.0071	0.00788	T
963	0.07465	0.07598	A
964	0.00916	0.00916	T
965	0.01253	0.01258	T
966	0.01425	0.0143	T
967	0.08335	0.10206	A
968	0.00914	0.00919	G
969	0.05653	0.0577	C
970	0.0056	0.00569	T
971	0.00444	0.00565	G
972	0.06876	0.06996	A
973	0.06357	0.06443	C
974	0.01468	0.01569	T
975	0.0569	0.05887	C
976	0.00866	0.00942	G
977	0.00982	0.00982	C
978	0.01323	0.01357	C
979	0.04317	0.08481	A
980	0.10114	0.10925	C
981	0.05535	0.06438	A
982	0.0895	0.09707	C
983	0.01236	0.0132	T
984	0.07318	0.07318	C
985	0.05513	0.05628	C
986	0.04581	0.06023	A
987	0.12256	0.12579	C
988	0.00498	0.00554	G
989	0.00366	0.004	G
990	0.02505	0.02553	A
991	0.03644	0.03657	A
992	0.00655	0.0083	G
993	0.04171	0.04298	C
994	0.07193	0.07259	A
995	0.06022	0.06107	A
996	0.00981	0.0106	T
997	0.0703	0.07123	A
998	0.01024	0.01077	T
999	0.00716	0.00907	G
1000	0.03464	0.03486	A
1001	0.08602	0.08754	A
1002	0.06275	0.06514	A
1003	0.00775	0.00916	T
1004	0.00719	0.01167	G
1005	0.06557	0.0691	A
1006	0.00858	0.00915	T
1007	0.10529	0.10746	C
1008	0.00614	0.0065	T
1009	0.00537	0.00669	G
1010	0.0291	0.03042	C
1011	0.00325	0.00348	T
1012	0.00499	0.00578	G
1013	0.04118	0.04259	C
1014	0.0346	0.03911	A
1015	0.00802	0.00832	G
1016	0.00422	0.00461	T
1017	0.00539	0.00568	G
1018	0.02006	0.02088	C
1019	0.00706	0.00719	T
1020	0.07832	0.07907	C
1021	0.01161	0.0123	T
1022	0.00592	0.01016	G
1023	0.07975	0.08468	A
1024	0.00841	0.00906	G
1025	0.02144	0.02177	C
1026	0.02951	0.02954	C
1027	0.03544	0.03563	C
1028	0.00704	0.00782	T
1029	0.06003	0.06207	A
1030	0.00515	0.00524	G
1031	0.00514	0.0053	G
1032	0.06398	0.07585	A
1033	0.00952	0.00983	T
1034	0.01108	0.01141	T
1035	0.1006	0.10701	C
1036	0.09081	0.09969	A
1037	0.00714	0.00742	T
1038	0.10003	0.10693	C
1039	0.00259	0.00279	T
1040	0.00843	0.00845	T
1041	0.00577	0.00607	T
1042	0.17516	0.202	C
1043	0.00428	0.00428	T
1044	0.00446	0.00446	T
1045	0.00854	0.00854	T
1046	0.01108	0.01113	T
1047	0.09857	0.1199	C
1048	0.06639	0.067	A
1049	0.07219	0.07219	C
1050	0.03764	0.03805	C
1051	0.00694	0.01301	G
1052	0.01159	0.0135	T
1053	0.05322	0.05395	A
1054	0.00726	0.00736	G
1055	0.0081	0.00861	G
1056	0.01196	0.0123	T
1057	0.00744	0.00744	G
1058	0.0041	0.00412	G
1059	0.01563	0.01573	C
1060	0.01587	0.01631	C
1061	0.00521	0.00685	T
1062	0.00618	0.00815	G
1063	0.09236	0.09416	A
1064	0.12007	0.12222	C
1065	0.01372	0.01403	T
1066	0.00513	0.00531	G
1067	0.00441	0.00449	G
1068	0.00786	0.00797	C
1069	0.02714	0.0274	A
1070	0.0044	0.00445	T
1071	0.00416	0.00419	T
1072	0.00518	0.00615	G
1073	0.00417	0.00446	T
1074	0.06905	0.07161	A
1075	0.01329	0.01329	T
1076	0.0159	0.01631	T
1077	0.03684	0.05238	A
1078	0.00818	0.00903	G
1079	0.02752	0.03067	C
1080	0.03175	0.03186	A
1081	0.0483	0.04883	A
1082	0.06161	0.06192	A
1083	0.08894	0.09929	C
1084	0.00737	0.00851	T
1085	0.05257	0.05437	C
1086	0.0333	0.03842	A
1087	0.00892	0.01242	T
1088	0.06494	0.06865	C
1089	0.0628	0.06394	A
1090	0.09085	0.1007	C
1091	0.00796	0.00879	T
1092	0.07114	0.07618	A
1093	0.00691	0.0074	G
1094	0.03976	0.04055	A
1095	0.03799	0.03945	C
1096	0.03453	0.03549	A
1097	0.00526	0.00602	T
1098	0.02875	0.02911	C
1099	0.0054	0.00566	G
1100	0.00302	0.00331	T
1101	0.03604	0.03679	A
1102	0.04933	0.05035	C
1103	0.00355	0.00458	T
1104	0.02277	0.02382	A
1105	0.02115	0.02236	C
1106	0.04595	0.04883	A
1107	0.07571	0.07822	C
1108	0.0073	0.00992	G
1109	0.05725	0.05909	A
1110	0.08859	0.0921	C
1111	0.03898	0.04002	A
1112	0.08528	0.08733	C
1113	0.00401	0.00448	G
1114	0.00339	0.0038	T
1115	0.03233	0.03293	A
1116	0.05823	0.05935	C
1117	0.00376	0.00402	T
1118	0.02123	0.02175	A
1119	0.02401	0.02469	C
1120	0.00475	0.00517	G
1121	0.00422	0.00422	T
1122	0.00474	0.0048	T
1123	0.00564	0.00662	G
1124	0.00365	0.0043	T
1125	0.04699	0.0485	A
1126	0.00691	0.00709	G
1127	0.06567	0.06656	C
1128	0.65272	0.65348	C
1129	0.05982	0.06091	C
1130	0.0432	0.04499	A
1131	0.06761	0.06976	C
1132	0.00733	0.00923	T
1133	0.01299	0.0131	T
1134	0.0593	0.05945	C
1135	0.04429	0.04531	C
1136	0.03501	0.05723	A
1137	0.07482	0.07724	C
1138	0.00751	0.00792	T
1139	0.05157	0.05464	A
1140	0.01016	0.0107	T
1141	0.00642	0.008	G
1142	0.00799	0.00842	T
1143	0.05358	0.05382	C
1144	0.03662	0.03728	C
1145	0.00802	0.00868	T
1146	0.04646	0.04822	A
1147	0.00964	0.01089	T
1148	0.07664	0.07803	C
1149	0.05483	0.05583	A
1150	0.07065	0.07577	A
1151	0.00467	0.00533	T
1152	0.01917	0.02069	A
1153	0.00317	0.00362	G
1154	0.00262	0.00262	G
1155	0.03698	0.04733	A
1156	0.00601	0.00601	G
1157	0.08018	0.08296	C
1158	0.00396	0.004	T
1159	0.00766	0.00799	G
1160	0.00419	0.00448	T
1161	0.04052	0.04126	A
1162	0.00849	0.00849	T
1163	0.01504	0.01504	T
1164	0.01902	0.01906	T
1165	0.00698	0.00785	G
1166	0.01292	0.01296	C
1167	0.00824	0.00849	C
1168	0.06792	0.07621	A
1169	0.00724	0.00856	T
1170	0.09008	0.09085	C
1171	0.02984	0.03294	A
1172	0.0035	0.00381	T
1173	0.02265	0.0251	A
1174	0.00553	0.00584	G
1175	0.0047	0.00501	G
1176	0.04947	0.06893	A
1177	0.00625	0.00625	G
1178	0.00328	0.00337	G
1179	0.16964	0.18371	C
1180	0.00298	0.0032	T
1181	0.00483	0.00492	T
1182	0.03474	0.0363	C
1183	0.05404	0.0556	A
1184	0.00771	0.00793	T
1185	0.01864	0.01938	T
1186	0.11997	0.12858	C
1187	0.07279	0.07385	A
1188	0.11679	0.11835	C
1189	0.00806	0.00833	T
1190	0.00543	0.00718	G
1191	0.04607	0.047	A
1192	0.0034	0.0034	T
1193	0.00838	0.00852	T
1194	0.01261	0.01261	T
1195	0.02102	0.02117	C
1196	0.01635	0.01635	C
1197	0.01544	0.01544	C
1198	0.00689	0.00689	C
1199	0.00183	0.00193	T
1200	0.0194	0.02121	A
1201	0.004	0.004	T
1202	0.00912	0.00923	T
1203	0.09256	0.10635	C
1204	0.01928	0.03596	T
1205	0.09663	0.10376	C
1206	0.07961	0.08478	A
1207	0.00494	0.00505	G
1208	0.00519	0.00519	G
1209	0.01229	0.01314	C
1210	0.005	0.00558	T
1211	0.02816	0.03153	A
1212	0.02856	0.03008	C
1213	0.02326	0.0252	A
1214	0.03348	0.03354	C
1215	0.02275	0.02275	C
1216	0.01452	0.01476	C
1217	0.00402	0.0054	T
1218	0.03481	0.04156	A
1219	0.01005	0.01151	G
1220	0.05145	0.05316	A
1221	0.08084	0.08115	C
1222	0.02367	0.02441	C
1223	0.0247	0.02578	A
1224	0.04237	0.04349	A
1225	0.04874	0.04892	A
1226	0.10036	0.10211	C
1227	0.04736	0.04904	C
1228	0.01714	0.01827	T
1229	0.01612	0.02	A
1230	0.01276	0.0134	C
1231	0.00818	0.00902	G
1232	0.0077	0.0077	C
1233	0.01003	0.01035	C
1234	0.03189	0.03243	A
1235	0.02245	0.02265	A
1236	0.04331	0.04437	A
1237	0.04215	0.04355	A
1238	0.00951	0.01449	T
1239	0.07562	0.07642	C
1240	0.05012	0.051	C
1241	0.05512	0.06892	A
1242	0.00609	0.00656	T
1243	0.00904	0.00959	T
1244	0.01822	0.01829	T
1245	0.08035	0.08671	C
1246	0.05265	0.05397	A
1247	0.0804	0.0842	C
1248	0.01164	0.01205	T
1249	0.05626	0.06007	A
1250	0.01165	0.01537	T
1251	0.08641	0.09192	C
1252	0.05703	0.06983	A
1253	0.00854	0.00971	T
1254	0.06624	0.07852	A
1255	0.00737	0.00765	T
1256	0.00922	0.00963	T
1257	0.07918	0.08503	C
1258	0.07253	0.07796	A
1259	0.00965	0.01036	T
1260	0.08011	0.08518	C
1261	0.00443	0.0045	G
1262	0.00287	0.00294	G
1263	0.00872	0.00887	C
1264	0.00759	0.00839	G
1265	0.00145	0.0021	T
1266	0.01279	0.01315	A
1267	0.04918	0.04962	A
1268	0.05666	0.05781	A
1269	0.00668	0.0079	T
1270	0.08359	0.08598	C
1271	0.00959	0.01017	T
1272	0.05847	0.05862	A
1273	0.08252	0.08446	A
1274	0.10255	0.11322	C
1275	0.00231	0.00238	T
1276	0.00608	0.00629	T
1277	0.00469	0.00476	T
1278	0.19679	0.21202	C
1279	0.00724	0.00732	T
1280	0.01098	0.01151	T
1281	0.06655	0.0667	C
1282	0.04653	0.04701	C
1283	0.04027	0.04163	C
1284	0.02328	0.03627	A
1285	0.06015	0.06758	C
1286	0.03516	0.03649	A
1287	0.04035	0.042	A
1288	0.06905	0.0805	C
1289	0.04654	0.04753	A
1290	0.11129	0.11756	C
1291	0.0031	0.00342	T
1292	0.00854	0.00854	T
1293	0.01287	0.01287	T
1294	0.08705	0.09084	C
1295	0.01098	0.0124	T
1296	0.04683	0.05015	C
1297	0.00942	0.00968	G
1298	0.00507	0.00507	G
1299	0.07427	0.07427	C
1300	0.03652	0.03765	C
1301	0.00758	0.00784	T
1302	0.07431	0.07714	A
1303	0.01031	0.01057	T
1304	0.04587	0.04659	C
1305	0.02458	0.02476	C
1306	0.0027	0.0027	G
1307	0.00424	0.00433	G
1308	0.05015	0.05089	A
1309	0.05743	0.05853	A
1310	0.01735	0.01875	T
1311	0.0085	0.00945	G
1312	0.06325	0.06373	C
1313	0.03208	0.03217	C
1314	0.03846	0.03846	C
1315	0.03128	0.03128	C
1316	0.00778	0.01041	G
1317	0.03861	0.0391	A
1318	0.10262	0.1035	C
1319	0.00954	0.00984	G
1320	0.00791	0.00909	T
1321	0.00962	0.00982	T
1322	0.05319	0.07149	A
1323	0.09925	0.10115	C
1324	0.00633	0.00643	T
1325	0.01344	0.01475	C
1326	0.00586	0.00586	G
1327	0.00346	0.00378	G
1328	0.06865	0.09334	A
1329	0.07193	0.07428	C
1330	0.01044	0.01431	T
1331	0.07177	0.07835	A
1332	0.10256	0.10267	C
1333	0.04603	0.04788	C
1334	0.0147	0.0147	C
1335	0.01674	0.01685	C
1336	0.00396	0.00506	G
1337	0.03305	0.03406	A
1338	0.00958	0.00969	T
1339	0.005	0.00557	G
1340	0.07974	0.08294	C
1341	0.05065	0.0526	A
1342	0.00976	0.01091	T
1343	0.05338	0.05476	A
1344	0.0781	0.08299	C
1345	0.05973	0.06275	A
1346	0.07543	0.07625	C
1347	0.04781	0.05187	C
1348	0.03184	0.03711	A
1349	0.07013	0.07489	C
1350	0.04281	0.05004	A
1351	0.00768	0.00917	T
1352	0.00601	0.00797	G
1353	0.04939	0.05009	A
1354	0.04695	0.04775	A
1355	0.04635	0.04761	A
1356	0.06218	0.06836	C
1357	0.04161	0.04263	A
1358	0.00684	0.00695	T
1359	0.03175	0.03198	C
1360	0.02347	0.02405	C
1361	0.00653	0.00664	T
1362	0.0382	0.04096	A
1363	0.00631	0.00848	T
1364	0.0571	0.0608	C
1365	0.04814	0.05089	A
1366	0.0081	0.00867	T
1367	0.06959	0.07073	C
1368	0.01185	0.01208	T
1369	0.00653	0.00927	G
1370	0.00687	0.0079	T
1371	0.03536	0.03791	A
1372	0.00824	0.00847	G
1373	0.00549	0.00584	G
1374	0.07423	0.07918	C
1375	0.00672	0.00743	T
1376	0.04873	0.05027	C
1377	0.04834	0.05415	A
1378	0.0063	0.00642	T
1379	0.00654	0.007	T
1380	0.05309	0.05726	C
1381	0.07084	0.079	A
1382	0.00309	0.0032	T
1383	0.00965	0.00976	T
1384	0.00906	0.00917	T
1385	0.07685	0.08206	C
1386	0.0078	0.00803	T
1387	0.06205	0.06479	C
1388	0.00659	0.0075	T
1389	0.04671	0.04752	A
1390	0.036	0.03703	A
1391	0.06357	0.0676	C
1392	0.04716	0.04945	A
1393	0.00646	0.00839	G
1394	0.05353	0.05455	C
1395	0.04043	0.04076	A
1396	0.00659	0.00824	G
1397	0.00675	0.00708	T
1398	0.02855	0.02898	A
1399	0.03297	0.03486	A
1400	0.00511	0.00552	T
1401	0.06207	0.06484	A
1402	0.0099	0.01018	T
1403	0.00572	0.00637	T
1404	0.04898	0.05038	A
1405	0.05063	0.05861	A
1406	0.01047	0.0122	T
1407	0.05136	0.05163	A
1408	0.06668	0.09949	A
1409	0.00365	0.00372	T
1410	0.00233	0.00247	T
1411	0.00488	0.00502	T
1412	0.00633	0.00633	T
1413	0.11362	0.13315	C
1414	0.08317	0.08452	A
1415	0.01191	0.01248	T
1416	0.00592	0.00761	G
1417	0.09404	0.09523	A
1418	0.00603	0.00603	T
1419	0.0082	0.00868	T
1420	0.00857	0.00864	T
1421	0.00681	0.0094	G
1422	0.07289	0.07424	A
1423	0.00697	0.00739	G
1424	0.04955	0.0497	A
1425	0.05105	0.05739	A
1426	0.00737	0.00857	G
1427	0.0582	0.05991	C
1428	0.07622	0.07622	C
1429	0.00351	0.00365	T
1430	0.00645	0.00645	T
1431	0.03521	0.03778	C
1432	0.00686	0.00728	G
1433	0.02079	0.02157	C
1434	0.00245	0.00252	T
1435	0.01019	0.01026	T
1436	0.07518	0.08512	C
1437	0.01072	0.01408	G
1438	0.05265	0.05324	A
1439	0.05319	0.05369	A
1440	0.00523	0.0058	G
1441	0.03129	0.03322	C
1442	0.00803	0.00888	G
1443	0.03627	0.03671	A
1444	0.04221	0.04242	A
1445	0.0605	0.06071	A
1446	0.08579	0.08607	A
1447	0.0056	0.00645	G
1448	0.00485	0.0052	T
1449	0.03886	0.03886	C
1450	0.02364	0.02371	C
1451	0.00466	0.00509	T
1452	0.08611	0.08654	A
1453	0.03903	0.03917	A
1454	0.00552	0.0058	T
1455	0.04612	0.04697	A
1456	0.00617	0.00667	G
1457	0.0079	0.0084	T
1458	0.09097	0.09191	A
1459	0.01551	0.01637	G
1460	0.0761	0.07639	A
1461	0.08001	0.08432	A
1462	0.01042	0.01841	G
1463	0.06066	0.06073	A
1464	0.07838	0.0825	A
1465	0.11319	0.11656	C
1466	0.03567	0.03588	C
1467	0.003	0.00314	C
1468	0.00196	0.00196	T
1469	0.00462	0.00462	C
1470	0.00393	0.00414	C
1471	0.02094	0.03423	A
1472	0.01118	0.01555	T
1473	0.04461	0.04484	A
1474	0.04537	0.04624	A
1475	0.06622	0.07191	A
1476	0.14875	0.15264	C
1477	0.10096	0.10561	C
1478	0.00387	0.00443	T
1479	0.00295	0.00295	G
1480	0.00331	0.00338	G
1481	0.01492	0.01746	A
1482	0.00663	0.0067	G
1483	0.00671	0.00756	T
1484	0.00559	0.00573	G
1485	0.05308	0.0545	A
1486	0.04812	0.04841	C
1487	0.00434	0.00441	T
1488	0.03754	0.04118	A
1489	0.00554	0.00576	T
1490	0.08316	0.08631	A
1491	0.01065	0.0108	T
1492	0.00492	0.00507	G
1493	0.00486	0.00486	G
1494	0.03312	0.04865	A
1495	0.05609	0.05746	T
1496	0.01653	0.01833	G
1497	0.06235	0.06354	C
1498	0.03772	0.0379	C
1499	0.05344	0.05372	C
1500	0.04242	0.04251	C
1501	0.04555	0.04555	C
1502	0.0389	0.0392	C
1503	0.06167	0.07015	A
1504	0.05827	0.05827	C
1505	0.03656	0.03656	C
1506	0.02327	0.02402	C
1507	0.02793	0.03013	T
1508	0.03229	0.03518	A
1509	0.05375	0.05387	C
1510	0.03167	0.03237	C
1511	0.01293	0.02754	A
1512	0.04756	0.05145	C
1513	0.02539	0.02688	A
1514	0.04393	0.04709	C
1515	0.05231	0.05282	A
1516	0.00586	0.00612	T
1517	0.00528	0.00541	T
1518	0.03854	0.04174	C
1519	0.00758	0.0084	G
1520	0.02514	0.02514	A
1521	0.03394	0.03394	A
1522	0.00718	0.01077	G
1523	0.02806	0.02806	A
1524	0.02602	0.02675	A
1525	0.04328	0.04508	C
1526	0.02594	0.02609	C
1527	0.02613	0.02613	C
1528	0.00359	0.00453	G
1529	0.00429	0.00541	T
1530	0.02999	0.03015	A
1531	0.00469	0.00569	T
1532	0.02032	0.02066	A
1533	0.05349	0.05575	C
1534	0.02374	0.02409	A
1535	0.01389	0.01443	T
1536	0.01585	0.01585	A
1537	0.01039	0.01039	A
1538	0.0187	0.0187	A
1539	0.01995	0.01995	A
1540	0.00313	0.00371	T
1541	0.03531	0.03531	C
1542	0.00473	0.00473	T
1543	0.00181	0.00181	A
1544	0.0	0.0	G
1545	0.0	0.0	A
