Position	Mismatches	Mismatches + Deletions	Base
1	0.0	0.0	A
2	0.0	0.0	C
3	0.0	0.0	A
4	0.00969	0.00969	T
5	0.05652	0.05652	A
6	0.06267	0.06426	C
7	0.03926	0.03926	C
8	0.03857	0.03857	C
9	0.03562	0.05019	A
10	0.00905	0.01081	T
11	0.00895	0.00901	G
12	0.00596	0.00611	G
13	0.06462	0.06462	C
14	0.05546	0.05565	C
15	0.03623	0.03671	A
16	0.04894	0.04894	A
17	0.07677	0.07697	C
18	0.04329	0.04545	C
19	0.0082	0.0101	T
20	0.06624	0.06624	C
21	0.05423	0.05723	C
22	0.00782	0.00942	T
23	0.06282	0.07153	A
24	0.09561	0.09956	C
25	0.01361	0.01467	T
26	0.07595	0.07602	C
27	0.05582	0.0576	C
28	0.01248	0.01396	T
29	0.07572	0.07734	C
30	0.06086	0.07063	A
31	0.01251	0.01263	T
32	0.01402	0.01433	T
33	0.01413	0.01909	G
34	0.0108	0.01314	T
35	0.06569	0.06849	A
36	0.1754	0.17584	C
37	0.05603	0.05652	C
38	0.03987	0.04032	C
39	0.04397	0.05079	A
40	0.00799	0.00799	T
41	0.00936	0.0095	T
42	0.05871	0.07551	C
43	0.01641	0.01799	T
44	0.04958	0.05248	A
45	0.0746	0.07641	A
46	0.01375	0.01503	T
47	0.08265	0.0853	C
48	0.00821	0.00872	G
49	0.07983	0.08323	C
50	0.04417	0.04429	A
51	0.04428	0.04493	A
52	0.01247	0.01298	T
53	0.00721	0.00721	G
54	0.00652	0.00662	G
55	0.0599	0.06199	C
56	0.04647	0.04868	A
57	0.00792	0.00792	T
58	0.00909	0.00915	T
59	0.09105	0.09131	C
60	0.05617	0.05695	C
61	0.01333	0.01574	T
62	0.02838	0.03027	A
63	0.03475	0.03539	A
64	0.00867	0.00885	T
65	0.00609	0.00658	G
66	0.02991	0.03038	C
67	0.00771	0.00776	T
68	0.0087	0.00979	T
69	0.02805	0.05591	A
70	0.09995	0.10038	C
71	0.03948	0.04024	C
72	0.01392	0.01843	G
73	0.02874	0.02943	A
74	0.0453	0.04559	A
75	0.11117	0.11703	C
76	0.02633	0.03052	G
77	0.007	0.00733	A
78	0.02452	0.02512	A
79	0.0133	0.01333	A
80	0.03282	0.03295	A
81	0.05008	0.05022	A
82	0.01115	0.01164	T
83	0.01496	0.01496	T
84	0.07973	0.10169	C
85	0.01163	0.01242	T
86	0.06786	0.07675	A
87	0.00662	0.00663	G
88	0.00585	0.00608	G
89	0.02962	0.03146	C
90	0.00928	0.01004	T
91	0.04512	0.04721	A
92	0.01243	0.01323	T
93	0.05833	0.06085	A
94	0.01042	0.01255	T
95	0.04984	0.05075	A
96	0.09192	0.10196	C
97	0.0392	0.03924	A
98	0.05565	0.05721	A
99	0.08198	0.09043	C
100	0.01104	0.01195	T
101	0.0636	0.06749	A
102	0.09131	0.09275	C
103	0.00679	0.0072	G
104	0.03002	0.03226	C
105	0.0336	0.03408	A
106	0.03314	0.03343	A
107	0.04362	0.04379	A
108	0.00676	0.00744	G
109	0.00439	0.00458	G
110	0.08042	0.08063	C
111	0.05106	0.05123	C
112	0.0735	0.07368	C
113	0.07143	0.07147	C
114	0.03601	0.03724	A
115	0.05058	0.05073	A
116	0.10862	0.10988	C
117	0.0052	0.00522	G
118	0.00114	0.00119	T
119	0.00125	0.00125	T
120	0.00519	0.00536	G
121	0.00111	0.00135	T
122	0.00965	0.01058	A
123	0.00594	0.00594	G
124	0.00419	0.00419	G
125	0.00462	0.00476	C
126	0.00182	0.00185	C
127	0.00406	0.00406	C
128	0.10764	0.10767	C
129	0.01542	0.01687	T
130	0.09584	0.09978	A
131	0.12096	0.1245	C
132	0.0043	0.00466	G
133	0.00516	0.00516	G
134	0.00462	0.00462	G
135	0.00417	0.00509	C
136	0.00842	0.00846	T
137	0.07384	0.07658	A
138	0.01587	0.01596	C
139	0.00158	0.00167	T
140	0.0087	0.009	A
141	0.00495	0.00548	C
142	0.00785	0.00788	A
143	0.00776	0.00879	A
144	0.01117	0.01122	C
145	0.06655	0.06671	C
146	0.05099	0.05103	C
147	0.0066	0.00664	T
148	0.00832	0.00839	T
149	0.07352	0.0808	C
150	0.00793	0.0085	G
151	0.03741	0.03873	C
152	0.01475	0.01601	T
153	0.01218	0.01627	G
154	0.09466	0.10155	A
155	0.12057	0.12274	C
156	0.00899	0.00929	G
157	0.03493	0.03493	C
158	0.03837	0.03917	C
159	0.042	0.06312	A
160	0.01737	0.01951	T
161	0.05002	0.05025	A
162	0.0264	0.02675	A
163	0.0552	0.05529	A
164	0.08462	0.08728	A
165	0.03131	0.0407	C
166	0.00684	0.0072	T
167	0.03823	0.03915	C
168	0.00529	0.0055	T
169	0.01049	0.01125	T
170	0.05942	0.07029	C
171	0.05252	0.05638	A
172	0.08893	0.08893	C
173	0.07572	0.07703	C
174	0.02254	0.02274	A
175	0.03108	0.03154	A
176	0.03176	0.0325	A
177	0.01185	0.01324	G
178	0.027	0.03028	A
179	0.0134	0.01443	G
180	0.06873	0.06954	C
181	0.04333	0.04359	C
182	0.04863	0.0488	C
183	0.03919	0.03976	C
184	0.01179	0.01396	T
185	0.0273	0.03313	A
186	0.01803	0.01823	A
187	0.03254	0.03314	A
188	0.0387	0.0393	A
189	0.05772	0.06165	C
190	0.03814	0.03867	C
191	0.03829	0.03933	C
192	0.01048	0.01451	G
193	0.04062	0.04062	C
194	0.03938	0.03959	C
195	0.01991	0.02319	A
196	0.05495	0.05647	C
197	0.02675	0.0282	A
198	0.01116	0.01169	T
199	0.0433	0.04417	C
200	0.00924	0.01037	T
201	0.03903	0.04012	A
202	0.06064	0.06087	C
203	0.02953	0.03037	C
204	0.02968	0.03728	A
205	0.01249	0.01618	T
206	0.03808	0.04119	C
207	0.02844	0.03152	A
208	0.05055	0.05088	C
209	0.04981	0.04981	C
210	0.02565	0.02635	C
211	0.00896	0.00965	T
212	0.03787	0.03848	C
213	0.00783	0.00825	T
214	0.03826	0.04058	A
215	0.05385	0.055	C
216	0.04236	0.04629	A
217	0.01171	0.01353	T
218	0.05061	0.05439	C
219	0.03548	0.03825	A
220	0.06444	0.06462	C
221	0.04377	0.04614	C
222	0.0097	0.01311	G
223	0.04046	0.04046	C
224	0.02662	0.02662	C
225	0.02923	0.02923	C
226	0.04448	0.04521	C
227	0.006	0.00977	G
228	0.02436	0.0248	A
229	0.04182	0.04194	C
230	0.02874	0.02888	C
231	0.00848	0.00866	T
232	0.00898	0.00915	T
233	0.04192	0.05539	A
234	0.00914	0.0094	G
235	0.05225	0.05338	C
236	0.01038	0.01096	T
237	0.05907	0.0631	C
238	0.01225	0.01443	T
239	0.06154	0.06688	C
240	0.03619	0.03887	A
241	0.06434	0.06434	C
242	0.03355	0.03509	C
243	0.02977	0.03743	A
244	0.01643	0.01772	T
245	0.0639	0.0647	C
246	0.01083	0.01218	G
247	0.05573	0.05786	C
248	0.00901	0.00919	T
249	0.08154	0.08349	C
250	0.00771	0.0079	T
251	0.01011	0.01041	T
252	0.05283	0.06292	C
253	0.00856	0.00893	T
254	0.06	0.06219	A
255	0.08039	0.08488	C
256	0.00764	0.00839	T
257	0.06357	0.06697	A
258	0.01065	0.01127	T
259	0.01377	0.02107	G
260	0.02298	0.02406	A
261	0.02433	0.02489	A
262	0.05412	0.05714	C
263	0.02787	0.02796	C
264	0.03921	0.03936	C
265	0.04305	0.04305	C
266	0.04404	0.04423	C
267	0.03653	0.03684	C
268	0.02545	0.02872	T
269	0.04304	0.04312	C
270	0.04452	0.04455	C
271	0.05992	0.06004	C
272	0.04508	0.04542	C
273	0.03006	0.06641	A
274	0.01427	0.01862	T
275	0.05123	0.05359	A
276	0.08534	0.08651	C
277	0.0473	0.04776	C
278	0.05859	0.06107	C
279	0.02824	0.03052	A
280	0.02682	0.03056	A
281	0.04174	0.04227	C
282	0.03562	0.03661	C
283	0.02731	0.02905	C
284	0.03321	0.03357	C
285	0.03501	0.03508	C
286	0.00552	0.0076	T
287	0.00507	0.00518	G
288	0.0049	0.005	G
289	0.00636	0.00792	T
290	0.0488	0.05059	C
291	0.0413	0.0418	A
292	0.06336	0.06366	A
293	0.09944	0.10002	C
294	0.05697	0.05896	C
295	0.01101	0.01676	T
296	0.07085	0.07778	C
297	0.03656	0.04118	A
298	0.04533	0.04553	A
299	0.07291	0.07301	C
300	0.01043	0.01117	C
301	0.00722	0.00824	T
302	0.02685	0.0308	A
303	0.00956	0.00989	G
304	0.00603	0.00647	G
305	0.0192	0.01934	C
306	0.05867	0.06018	C
307	0.00698	0.00845	T
308	0.07962	0.07988	C
309	0.0383	0.04218	C
310	0.00599	0.00642	T
311	0.05444	0.0609	A
312	0.00483	0.00483	T
313	0.00647	0.00647	T
314	0.00658	0.0068	T
315	0.17168	0.18307	A
316	0.00916	0.00916	T
317	0.00923	0.00943	T
318	0.10761	0.13124	C
319	0.01326	0.0138	T
320	0.07059	0.08097	A
321	0.01427	0.0154	G
322	0.09724	0.09818	C
323	0.05978	0.06104	C
324	0.0406	0.05171	A
325	0.08036	0.08052	C
326	0.05548	0.05727	C
327	0.01038	0.01227	T
328	0.08857	0.09427	C
329	0.01026	0.01074	T
330	0.09363	0.1065	A
331	0.00468	0.00483	G
332	0.02221	0.02243	C
333	0.01044	0.01106	C
334	0.00408	0.00462	T
335	0.01941	0.02149	A
336	0.00537	0.00566	G
337	0.10991	0.11015	C
338	0.05935	0.05958	C
339	0.01061	0.01223	G
340	0.00588	0.00603	T
341	0.0086	0.00867	T
342	0.0109	0.01101	T
343	0.06492	0.06963	A
344	0.10069	0.10275	C
345	0.01097	0.01162	T
346	0.09224	0.09775	C
347	0.04476	0.0496	A
348	0.05895	0.0626	A
349	0.01102	0.01236	T
350	0.09265	0.09297	C
351	0.06161	0.06562	C
352	0.01077	0.01153	T
353	0.06566	0.06628	C
354	0.00763	0.00793	T
355	0.00415	0.0048	G
356	0.01009	0.01046	A
357	0.00136	0.0022	T
358	0.00493	0.005	C
359	0.01011	0.01083	A
360	0.0022	0.00227	G
361	0.00456	0.00463	G
362	0.00535	0.00557	G
363	0.00554	0.00796	T
364	0.00512	0.00584	G
365	0.03983	0.04112	A
366	0.00881	0.00983	G
367	0.06774	0.07052	C
368	0.05301	0.05415	A
369	0.00869	0.01103	T
370	0.07528	0.07719	C
371	0.05312	0.05435	A
372	0.04955	0.05358	A
373	0.06669	0.06728	A
374	0.05094	0.05915	C
375	0.00796	0.01198	T
376	0.04517	0.04846	C
377	0.04745	0.04895	A
378	0.0504	0.05131	A
379	0.06485	0.06513	A
380	0.07495	0.08934	C
381	0.00641	0.00787	T
382	0.07613	0.08752	A
383	0.05907	0.06126	C
384	0.0064	0.00697	G
385	0.00738	0.00738	C
386	0.00593	0.00593	C
387	0.01284	0.01289	C
388	0.00273	0.00375	T
389	0.00661	0.01058	G
390	0.02546	0.02649	A
391	0.00431	0.00441	T
392	0.0514	0.05371	C
393	0.00579	0.00579	G
394	0.00492	0.00498	G
395	0.0827	0.08353	C
396	0.00673	0.00711	G
397	0.06421	0.0663	C
398	0.04242	0.04352	A
399	0.0527	0.05351	C
400	0.0079	0.00816	T
401	0.00652	0.0088	G
402	0.06822	0.0712	C
403	0.01039	0.01157	G
404	0.07219	0.07338	A
405	0.00892	0.00967	G
406	0.05999	0.06073	C
407	0.03866	0.03937	A
408	0.01054	0.01122	G
409	0.00768	0.01021	T
410	0.08774	0.09193	A
411	0.01956	0.0215	G
412	0.02273	0.02324	C
413	0.03671	0.03687	C
414	0.03485	0.035	C
415	0.01403	0.01513	A
416	0.04085	0.04156	A
417	0.03761	0.03763	A
418	0.10133	0.11324	C
419	0.03581	0.03588	A
420	0.04733	0.04836	A
421	0.01137	0.01292	T
422	0.05715	0.05789	C
423	0.00856	0.01026	T
424	0.06178	0.06347	C
425	0.04971	0.05529	A
426	0.01031	0.01117	T
427	0.05079	0.05517	A
428	0.01008	0.01048	T
429	0.00648	0.00791	G
430	0.03737	0.03784	A
431	0.04728	0.04776	A
432	0.00825	0.00998	G
433	0.01496	0.01875	T
434	0.04875	0.0506	C
435	0.03519	0.03716	A
436	0.05944	0.05982	C
437	0.04972	0.0498	C
438	0.01463	0.01523	C
439	0.0081	0.00907	T
440	0.03696	0.03929	A
441	0.00808	0.00874	G
442	0.02721	0.02734	C
443	0.01491	0.01508	C
444	0.02032	0.02389	A
445	0.0054	0.00603	T
446	0.0332	0.03402	C
447	0.03871	0.041	A
448	0.0078	0.00784	T
449	0.00718	0.00762	T
450	0.03586	0.04314	C
451	0.00657	0.00713	T
452	0.03442	0.0356	A
453	0.04299	0.04811	C
454	0.0102	0.01125	T
455	0.02925	0.03288	A
456	0.00571	0.00695	T
457	0.0435	0.04635	C
458	0.02642	0.02702	A
459	0.02554	0.02681	A
460	0.0439	0.04604	C
461	0.031	0.03269	A
462	0.00723	0.00796	T
463	0.00578	0.0061	T
464	0.02053	0.03603	A
465	0.05174	0.05318	C
466	0.00689	0.00765	T
467	0.03035	0.03055	A
468	0.03292	0.03397	A
469	0.00422	0.00561	T
470	0.03594	0.03595	A
471	0.04773	0.05131	A
472	0.00394	0.00511	G
473	0.00543	0.00579	T
474	0.00453	0.00453	G
475	0.00294	0.00305	G
476	0.03739	0.04001	C
477	0.00429	0.00484	T
478	0.05895	0.05911	C
479	0.03438	0.03606	C
480	0.00505	0.00506	T
481	0.00577	0.00627	T
482	0.00811	0.00817	T
483	0.0358	0.03692	A
484	0.03976	0.03997	A
485	0.11681	0.11729	C
486	0.03301	0.03375	C
487	0.00899	0.01026	T
488	0.03961	0.04042	C
489	0.01416	0.016	T
490	0.03878	0.03886	C
491	0.02933	0.0302	C
492	0.01797	0.0309	A
493	0.05706	0.05716	C
494	0.04786	0.04786	C
495	0.04186	0.04296	C
496	0.00594	0.0062	T
497	0.00739	0.00781	T
498	0.03055	0.04549	A
499	0.00959	0.01178	T
500	0.06455	0.06635	C
501	0.04676	0.04753	A
502	0.0363	0.04092	C
503	0.02101	0.02123	A
504	0.01806	0.01915	A
505	0.0321	0.03691	C
506	0.0262	0.02695	A
507	0.03828	0.04236	C
508	0.02147	0.02147	A
509	0.03524	0.03696	A
510	0.00759	0.01029	G
511	0.02619	0.02619	A
512	0.02534	0.02621	A
513	0.036	0.03983	C
514	0.04858	0.04974	A
515	0.08919	0.08955	C
516	0.05215	0.05365	C
517	0.00942	0.01021	T
518	0.06216	0.06262	C
519	0.00885	0.00961	T
520	0.00716	0.00892	G
521	0.05291	0.054	A
522	0.01007	0.01019	T
523	0.01009	0.0104	T
524	0.04343	0.06636	A
525	0.08452	0.08825	C
526	0.00976	0.01076	T
527	0.0819	0.08216	C
528	0.03922	0.04259	C
529	0.01394	0.01569	T
530	0.00679	0.00722	G
531	0.02083	0.02083	C
532	0.01283	0.01304	C
533	0.04611	0.05256	A
534	0.00865	0.01149	T
535	0.07416	0.07536	C
536	0.06203	0.06714	A
537	0.01705	0.01871	T
538	0.00595	0.01113	G
539	0.0536	0.05468	A
540	0.08791	0.08891	C
541	0.05816	0.05852	C
542	0.05162	0.05194	C
543	0.01133	0.01133	T
544	0.01138	0.0117	T
545	0.00625	0.00649	G
546	0.00514	0.00521	G
547	0.01677	0.01695	C
548	0.09971	0.10009	C
549	0.02126	0.03187	A
550	0.00768	0.00883	T
551	0.04043	0.04085	A
552	0.05105	0.05764	A
553	0.00709	0.00772	T
554	0.06025	0.06409	A
555	0.00993	0.01037	T
556	0.0072	0.00808	G
557	0.05689	0.05865	A
558	0.00703	0.00706	T
559	0.0087	0.00875	T
560	0.00896	0.00916	T
561	0.14429	0.15216	A
562	0.01587	0.01651	T
563	0.09595	0.0991	C
564	0.0172	0.01905	T
565	0.06708	0.06764	C
566	0.04823	0.0497	C
567	0.02899	0.05627	A
568	0.08036	0.08592	C
569	0.05826	0.0608	A
570	0.09333	0.10051	C
571	0.00983	0.01099	T
572	0.04279	0.04514	A
573	0.01023	0.01211	G
574	0.03066	0.031	C
575	0.0836	0.08461	A
576	0.004	0.00417	G
577	0.01136	0.01396	A
578	0.00496	0.00528	G
579	0.01061	0.01078	A
580	0.00748	0.00758	C
581	0.05237	0.05279	C
582	0.04518	0.0454	A
583	0.05946	0.05968	A
584	0.08525	0.08556	C
585	0.00671	0.00673	C
586	0.0065	0.00764	G
587	0.02869	0.03066	A
588	0.00719	0.00901	A
589	0.00314	0.00314	C
590	0.00116	0.00116	C
591	0.00159	0.00159	C
592	0.0013	0.0013	C
593	0.00223	0.00223	C
594	0.00119	0.00125	T
595	0.00077	0.00082	T
596	0.00163	0.00189	C
597	0.0069	0.00784	G
598	0.06963	0.0703	A
599	0.08093	0.08116	C
600	0.09925	0.10073	C
601	0.01465	0.01534	T
602	0.02019	0.02026	T
603	0.0091	0.01096	G
604	0.07336	0.0735	C
605	0.00485	0.00485	C
606	0.00693	0.00714	G
607	0.011	0.01106	A
608	0.011	0.01112	A
609	0.00443	0.00444	G
610	0.00328	0.00333	G
611	0.00458	0.00458	G
612	0.00309	0.00309	G
613	0.04295	0.04852	A
614	0.00522	0.00532	G
615	0.0015	0.00164	T
616	0.01671	0.01671	C
617	0.00544	0.00544	C
618	0.00862	0.01044	G
619	0.04454	0.04477	A
620	0.08867	0.08891	A
621	0.1187	0.12948	C
622	0.00585	0.00605	T
623	0.11845	0.12256	A
624	0.00293	0.00307	G
625	0.00246	0.00673	T
626	0.00497	0.00509	C
627	0.01522	0.04217	T
628	0.00879	0.00929	C
629	0.12585	0.13265	A
630	0.00962	0.00968	G
631	0.006	0.00602	G
632	0.01738	0.0183	C
633	0.00457	0.00476	T
634	0.01123	0.01134	T
635	0.10418	0.10952	C
636	0.06322	0.0652	A
637	0.06422	0.06471	A
638	0.11282	0.11739	C
639	0.06656	0.0673	A
640	0.0127	0.0135	T
641	0.08867	0.08998	C
642	0.01272	0.01408	G
643	0.06572	0.06667	A
644	0.05306	0.05578	A
645	0.00968	0.01095	T
646	0.07756	0.08484	A
647	0.11526	0.12363	C
648	0.0117	0.01244	G
649	0.05149	0.05216	C
650	0.03784	0.03869	C
651	0.0108	0.02058	G
652	0.07717	0.0876	C
653	0.05648	0.06654	A
654	0.01194	0.01275	G
655	0.00688	0.00741	G
656	0.03152	0.0317	C
657	0.08183	0.08202	C
658	0.06832	0.06861	C
659	0.06638	0.06656	C
660	0.00895	0.00945	T
661	0.02464	0.0249	T
662	0.06217	0.06937	C
663	0.00782	0.00917	G
664	0.05053	0.05062	C
665	0.04226	0.0423	C
666	0.03036	0.03065	C
667	0.00463	0.00493	T
668	0.05567	0.0597	A
669	0.00746	0.00751	T
670	0.00645	0.00645	T
671	0.04916	0.06345	C
672	0.00479	0.00479	T
673	0.00726	0.00764	T
674	0.0491	0.05297	C
675	0.04397	0.04842	A
676	0.01215	0.01411	T
677	0.05535	0.06293	A
678	0.00603	0.00677	G
679	0.04614	0.04645	C
680	0.01977	0.02006	C
681	0.00594	0.00785	G
682	0.02125	0.02173	A
683	0.0159	0.01626	A
684	0.00728	0.00817	T
685	0.02447	0.0254	A
686	0.04077	0.04291	C
687	0.01198	0.01259	A
688	0.03842	0.04589	C
689	0.02371	0.0239	A
690	0.01983	0.01991	A
691	0.01685	0.01747	A
692	0.03485	0.04004	C
693	0.01818	0.01943	A
694	0.00524	0.00563	T
695	0.00544	0.00578	T
696	0.02602	0.04187	A
697	0.0052	0.0053	T
698	0.00766	0.00796	T
699	0.01878	0.03305	A
700	0.00562	0.0062	T
701	0.03084	0.03101	A
702	0.02039	0.02263	A
703	0.0087	0.01157	T
704	0.0328	0.0328	A
705	0.0252	0.0252	A
706	0.03075	0.03214	A
707	0.03918	0.04449	C
708	0.02221	0.02317	A
709	0.04163	0.04175	C
710	0.02626	0.02637	C
711	0.01796	0.01886	C
712	0.01255	0.01384	T
713	0.03764	0.03896	C
714	0.02328	0.02507	A
715	0.04574	0.04574	C
716	0.02443	0.02658	C
717	0.01534	0.02652	A
718	0.03751	0.04128	C
719	0.00784	0.00839	T
720	0.03046	0.03176	A
721	0.04585	0.04654	C
722	0.02641	0.02641	A
723	0.02832	0.02926	A
724	0.00752	0.00797	T
725	0.04771	0.04984	C
726	0.00638	0.00638	T
727	0.00677	0.0072	T
728	0.04638	0.04638	C
729	0.0302	0.03069	C
730	0.00835	0.00877	T
731	0.04611	0.04902	A
732	0.00803	0.00825	G
733	0.00734	0.0074	G
734	0.04338	0.04351	A
735	0.0366	0.03696	A
736	0.05917	0.06309	C
737	0.03145	0.03182	A
738	0.0294	0.03	A
739	0.06153	0.06531	C
740	0.04157	0.04255	A
741	0.00802	0.00871	T
742	0.05165	0.05222	A
743	0.0108	0.01146	T
744	0.01009	0.01209	G
745	0.04503	0.04677	A
746	0.0823	0.08351	C
747	0.01645	0.01782	G
748	0.04935	0.05229	C
749	0.04835	0.05176	A
750	0.05932	0.06243	C
751	0.01777	0.01959	T
752	0.08159	0.08787	C
753	0.01256	0.01454	T
754	0.06073	0.0608	C
755	0.05111	0.05111	C
756	0.0538	0.0538	C
757	0.03746	0.03799	C
758	0.01007	0.01272	T
759	0.01148	0.01461	G
760	0.04206	0.0433	A
761	0.0464	0.04737	A
762	0.05987	0.06249	C
763	0.0093	0.00958	T
764	0.04923	0.05077	C
765	0.01048	0.01144	T
766	0.04699	0.04923	A
767	0.06366	0.06614	C
768	0.03742	0.03936	A
769	0.05851	0.06569	C
770	0.0395	0.04037	A
771	0.04083	0.04179	A
772	0.06425	0.06985	C
773	0.0541	0.05774	A
774	0.00704	0.00763	T
775	0.08059	0.08186	A
776	0.00392	0.00393	T
777	0.00491	0.00499	T
778	0.00554	0.00554	T
779	0.00819	0.00819	T
780	0.01284	0.01589	G
781	0.00898	0.01031	T
782	0.05102	0.05224	C
783	0.06619	0.06876	A
784	0.08089	0.08089	C
785	0.05309	0.0543	C
786	0.0439	0.04411	A
787	0.07063	0.07531	A
788	0.00752	0.00909	G
789	0.0439	0.04568	A
790	0.05625	0.05711	C
791	0.08649	0.08678	C
792	0.05245	0.05319	C
793	0.01001	0.01147	T
794	0.04999	0.05216	A
795	0.09323	0.0984	C
796	0.00994	0.01015	T
797	0.01283	0.01313	T
798	0.07827	0.10595	C
799	0.01433	0.01603	T
800	0.05997	0.06444	A
801	0.07079	0.07276	A
802	0.10591	0.10728	C
803	0.05309	0.05754	C
804	0.0103	0.01262	T
805	0.08125	0.08371	C
806	0.1063	0.10657	C
807	0.01756	0.01828	C
808	0.0027	0.00285	T
809	0.00482	0.0064	G
810	0.00307	0.00307	T
811	0.00261	0.00271	T
812	0.02085	0.02427	C
813	0.01061	0.01063	T
814	0.01128	0.01151	T
815	0.0485	0.09645	A
816	0.01493	0.01534	T
817	0.01337	0.01743	G
818	0.05836	0.05956	A
819	0.07827	0.08307	A
820	0.01056	0.01069	T
821	0.01019	0.01053	T
822	0.07575	0.08284	C
823	0.00674	0.00712	G
824	0.01607	0.01609	A
825	0.0144	0.01455	A
826	0.01632	0.01723	C
827	0.02362	0.02402	A
828	0.00974	0.01159	G
829	0.17542	0.18016	C
830	0.0676	0.07392	A
831	0.01543	0.01874	T
832	0.05769	0.06059	A
833	0.06535	0.06611	C
834	0.07195	0.0729	C
835	0.04095	0.04112	C
836	0.05453	0.05484	C
837	0.0493	0.04957	C
838	0.00919	0.01293	G
839	0.06049	0.06199	A
840	0.01054	0.01091	T
841	0.00933	0.00942	T
842	0.06197	0.06212	C
843	0.05627	0.05697	C
844	0.00753	0.00993	G
845	0.03171	0.03376	C
846	0.00758	0.00802	T
847	0.04125	0.04338	A
848	0.06871	0.07079	C
849	0.00928	0.01024	G
850	0.03164	0.033	A
851	0.03711	0.03732	C
852	0.02373	0.02427	C
853	0.02211	0.02215	A
854	0.0278	0.02799	A
855	0.05205	0.05413	C
856	0.00925	0.01207	T
857	0.04262	0.04425	C
858	0.03178	0.0349	A
859	0.01005	0.01206	T
860	0.04346	0.04626	A
861	0.05947	0.06311	C
862	0.03562	0.03689	A
863	0.04822	0.04928	C
864	0.02499	0.02619	C
865	0.00696	0.00808	T
866	0.03665	0.03665	C
867	0.02614	0.02843	C
868	0.00834	0.00921	T
869	0.02648	0.02884	A
870	0.01162	0.01264	T
871	0.01108	0.01206	G
872	0.00391	0.00411	A
873	0.0078	0.00793	A
874	0.01726	0.01752	A
875	0.01508	0.01527	A
876	0.01872	0.019	A
877	0.01829	0.01839	A
878	0.06306	0.06719	C
879	0.00876	0.00908	T
880	0.00884	0.00884	T
881	0.04516	0.04534	C
882	0.02756	0.02871	C
883	0.01012	0.01097	T
884	0.03915	0.04188	A
885	0.05696	0.0572	C
886	0.03412	0.03468	C
887	0.02423	0.03167	A
888	0.04037	0.04216	C
889	0.02015	0.02392	T
890	0.03277	0.03515	C
891	0.02861	0.03025	A
892	0.04757	0.04757	C
893	0.03469	0.03472	C
894	0.0202	0.02105	C
895	0.00691	0.0074	T
896	0.03636	0.03761	A
897	0.00903	0.00977	G
898	0.04066	0.04125	C
899	0.0328	0.03409	A
900	0.00762	0.00818	T
901	0.0096	0.00978	T
902	0.01184	0.02551	A
903	0.05066	0.05335	C
904	0.0077	0.00796	T
905	0.00784	0.00808	T
906	0.01796	0.03747	A
907	0.00675	0.00715	T
908	0.03868	0.04219	A
909	0.00669	0.00701	T
910	0.0059	0.0079	G
911	0.03366	0.03582	A
912	0.0074	0.00775	T
913	0.04262	0.04486	A
914	0.00794	0.00808	T
915	0.01011	0.01035	G
916	0.01006	0.01054	T
917	0.025	0.02526	C
918	0.0164	0.01951	T
919	0.03497	0.03497	C
920	0.02386	0.02453	C
921	0.01942	0.04026	A
922	0.01095	0.01211	T
923	0.03505	0.03707	A
924	0.04229	0.04285	C
925	0.02996	0.0301	C
926	0.01894	0.01941	C
927	0.02007	0.03322	A
928	0.00833	0.00865	T
929	0.00662	0.00695	T
930	0.01581	0.0261	A
931	0.0509	0.05237	C
932	0.02933	0.02971	A
933	0.0305	0.03064	A
934	0.00781	0.00841	T
935	0.03234	0.03359	C
936	0.01012	0.01075	T
937	0.03329	0.03329	C
938	0.02298	0.02354	C
939	0.0211	0.03217	A
940	0.00664	0.00697	G
941	0.03248	0.03328	C
942	0.03142	0.03242	A
943	0.00641	0.00641	T
944	0.01535	0.01539	T
945	0.02628	0.02665	C
946	0.02002	0.02002	C
947	0.01307	0.01307	C
948	0.00896	0.00896	C
949	0.00533	0.00533	C
950	0.00412	0.00475	T
951	0.01036	0.01074	C
952	0.00597	0.00612	A
953	0.00654	0.00654	A
954	0.00316	0.00316	A
955	0.00709	0.00709	C
956	0.00683	0.00683	C
957	0.00036	0.00036	T
958	0.0	0.0	A
959	0.0	0.0	A
