Position	Mismatches	Mismatches + Deletions	Base
1	0.0	0.0	A
2	0.0	0.0	A
3	0.0	0.0	T
4	0.00526	0.00526	A
5	0.00236	0.00238	G
6	0.00187	0.00187	G
7	0.00102	0.00131	T
8	0.0012	0.0012	T
9	0.00167	0.00167	T
10	0.004	0.00502	G
11	0.0029	0.00299	G
12	0.0013	0.0015	T
13	0.00707	0.00707	C
14	0.00321	0.00325	C
15	0.00185	0.00228	T
16	0.31304	0.31583	A
17	0.00165	0.00171	G
18	0.00515	0.00516	C
19	0.00611	0.00619	C
20	0.0008	0.0008	T
21	0.00094	0.00099	T
22	0.00145	0.00145	T
23	0.01512	0.01675	C
24	0.00084	0.0009	T
25	0.02278	0.02409	A
26	0.00113	0.00113	T
27	0.00135	0.00137	T
28	0.04681	0.0574	A
29	0.00171	0.00181	G
30	0.01003	0.01029	C
31	0.00112	0.00123	T
32	0.05369	0.05408	C
33	0.00224	0.00224	T
34	0.0015	0.0015	T
35	0.00905	0.01191	A
36	0.00474	0.00482	G
37	0.00195	0.00217	T
38	0.01175	0.01177	A
39	0.0118	0.01197	A
40	0.00275	0.00286	G
41	0.03197	0.03274	A
42	0.00177	0.00179	T
43	0.00147	0.00156	T
44	0.01627	0.0271	A
45	0.01259	0.01319	C
46	0.01451	0.01662	A
47	0.01249	0.01378	C
48	0.01536	0.01706	A
49	0.00234	0.00251	T
50	0.00522	0.00593	G
51	0.00656	0.00829	C
52	0.01309	0.01314	A
53	0.01165	0.01171	A
54	0.01267	0.01388	G
55	0.00752	0.00867	C
56	0.01304	0.01376	A
57	0.00513	0.00531	T
58	0.00716	0.00719	C
59	0.00351	0.00351	C
60	0.00513	0.00513	C
61	0.00433	0.00433	C
62	0.0211	0.02397	G
63	0.01235	0.01239	T
64	0.0284	0.02844	T
65	0.00807	0.00807	C
66	0.00743	0.00747	C
67	0.01328	0.01532	A
68	0.00165	0.00167	G
69	0.00177	0.00189	T
70	0.00226	0.00232	G
71	0.01153	0.01179	A
72	0.00288	0.00309	G
73	0.00248	0.0025	T
74	0.00487	0.00518	T
75	0.04474	0.04706	C
76	0.01991	0.02014	A
77	0.00631	0.00631	C
78	0.00509	0.00509	C
79	0.00258	0.00266	C
80	0.00141	0.00155	T
81	0.01	0.0105	C
82	0.00165	0.00193	T
83	0.04403	0.04464	A
84	0.15017	0.15186	A
85	0.00338	0.00352	A
86	0.00178	0.00275	T
87	0.00297	0.00329	C
88	0.05549	0.05677	A
89	0.0744	0.07443	C
90	0.04512	0.04843	C
91	0.04451	0.05544	A
92	0.09746	0.10054	C
93	0.00273	0.0029	G
94	0.0033	0.00342	A
95	0.0009	0.0011	T
96	0.01013	0.01049	C
97	0.00428	0.00433	A
98	0.05473	0.05498	A
99	0.16235	0.16266	A
100	0.00993	0.00994	A
101	0.00151	0.00168	G
102	0.00184	0.00189	G
103	0.65775	0.65782	A
104	0.04041	0.04161	A
105	0.043	0.04636	C
106	0.00972	0.00972	A
107	0.01141	0.01217	A
108	0.00421	0.00455	G
109	0.00259	0.00273	C
110	0.00914	0.00972	A
111	0.00174	0.00217	T
112	0.00934	0.00968	C
113	0.00616	0.00623	A
114	0.01297	0.01325	A
115	0.02514	0.06774	G
116	0.01422	0.01792	C
117	0.38237	0.38781	A
118	0.0057	0.006	C
119	0.00471	0.00561	G
120	0.00191	0.00223	C
121	0.0106	0.01121	A
122	0.00426	0.00487	G
123	0.13302	0.14123	C
124	0.05102	0.05175	A
125	0.06604	0.06882	A
126	0.00269	0.00307	T
127	0.01009	0.01111	G
128	0.00228	0.00243	C
129	0.00906	0.00939	A
130	0.01068	0.01074	G
131	0.0026	0.00268	C
132	0.00104	0.00124	T
133	0.01002	0.01016	C
134	0.00655	0.00668	A
135	0.01283	0.01285	A
136	0.00818	0.00818	A
137	0.00747	0.00747	A
138	0.00883	0.00983	C
139	0.00348	0.00368	G
140	0.0021	0.00215	C
141	0.00199	0.00223	T
142	0.00109	0.00116	T
143	0.01803	0.03822	A
144	0.00734	0.00752	G
145	0.00561	0.00564	C
146	0.03927	0.03946	C
147	0.00364	0.0041	T
148	0.03789	0.0406	A
149	0.00792	0.00819	G
150	0.00483	0.00483	C
151	0.00563	0.00573	C
152	0.00621	0.01458	A
153	0.0082	0.00876	C
154	0.01152	0.01865	A
155	0.00923	0.00923	C
156	0.0062	0.00623	C
157	0.0035	0.0035	C
158	0.01287	0.01287	C
159	0.02027	0.02028	C
160	0.03234	0.0399	A
161	0.1109	0.12599	C
162	0.00165	0.00187	G
163	0.00295	0.00296	G
164	0.0038	0.00381	G
165	0.09042	0.09099	A
166	0.1055	0.10552	A
167	0.02322	0.02337	A
168	0.02971	0.03135	C
169	0.01866	0.01897	A
170	0.0065	0.00666	G
171	0.00441	0.00453	C
172	0.00908	0.00924	A
173	0.0027	0.00276	G
174	0.00154	0.00168	T
175	0.0034	0.00353	G
176	0.02062	0.02178	A
177	0.00188	0.00188	T
178	0.00217	0.00236	T
179	0.03529	0.03535	A
180	0.03754	0.03783	A
181	0.06976	0.06991	C
182	0.01143	0.01147	C
183	0.00111	0.00111	T
184	0.00239	0.00241	T
185	0.00623	0.00624	T
186	0.01106	0.01307	A
187	0.0023	0.00267	G
188	0.0093	0.00944	C
189	0.01225	0.01228	A
190	0.00745	0.00753	A
191	0.0017	0.0019	T
192	0.00655	0.00655	A
193	0.00544	0.00544	A
194	0.00722	0.0073	A
195	0.00699	0.00737	C
196	0.00476	0.00496	G
197	0.01487	0.01492	A
198	0.03025	0.03028	A
199	0.01444	0.01446	A
200	0.00455	0.00462	G
201	0.00097	0.00099	T
202	0.00064	0.00064	T
203	0.00076	0.00077	T
204	0.00632	0.00635	A
205	0.0076	0.00765	A
206	0.00757	0.00781	C
207	0.00221	0.00244	T
208	0.00983	0.00989	A
209	0.00935	0.00963	A
210	0.00175	0.00185	G
211	0.00529	0.0054	C
212	0.00132	0.00142	T
213	0.00853	0.00878	A
214	0.00182	0.00196	T
215	0.00965	0.00987	A
216	0.01151	0.01196	C
217	0.00392	0.00481	T
218	0.00777	0.00879	A
219	0.00856	0.00962	A
220	0.09043	0.09082	C
221	0.07427	0.07538	C
222	0.08	0.08035	C
223	0.19956	0.19977	C
224	0.0063	0.00932	A
225	0.00276	0.00279	G
226	0.00199	0.002	G
227	0.00335	0.00339	G
228	0.00091	0.00092	T
229	0.00104	0.00104	T
230	0.00206	0.00206	G
231	0.00151	0.00154	G
232	0.0039	0.00407	T
233	0.04528	0.04546	C
234	0.00756	0.0076	A
235	0.00958	0.0096	A
236	0.0022	0.0022	T
237	0.00098	0.00098	T
238	0.00086	0.00086	T
239	0.00578	0.0061	C
240	0.00287	0.00305	G
241	0.00176	0.00185	T
242	0.00253	0.00269	G
243	0.04147	0.04151	C
244	0.00379	0.00384	C
245	0.00938	0.01753	A
246	0.00326	0.00334	G
247	0.00317	0.00319	C
248	0.00407	0.00424	C
249	0.00876	0.01021	A
250	0.01093	0.01094	C
251	0.00778	0.00798	C
252	0.00289	0.00307	G
253	0.00504	0.00525	C
254	0.00315	0.00315	G
255	0.00613	0.00709	G
256	0.0049	0.0051	T
257	0.06836	0.06872	C
258	0.01112	0.01132	A
259	0.03327	0.03352	C
260	0.00577	0.00606	A
261	0.00674	0.00693	C
262	0.00163	0.00175	G
263	0.00744	0.00767	A
264	0.00144	0.00149	T
265	0.00163	0.00166	T
266	0.0065	0.00655	A
267	0.00374	0.00381	A
268	0.00313	0.00314	C
269	0.00231	0.00232	C
270	0.00203	0.00204	C
271	0.04838	0.04845	A
272	0.00572	0.00574	A
273	0.00167	0.00187	G
274	0.00087	0.00101	T
275	0.00559	0.00592	C
276	0.00389	0.0039	A
277	0.00534	0.00547	A
278	0.00151	0.00162	T
279	0.00897	0.00922	A
280	0.00305	0.00333	G
281	0.00845	0.00846	A
282	0.02993	0.03245	A
283	0.00842	0.00957	G
284	0.05927	0.05997	C
285	0.00597	0.00598	C
286	0.00245	0.00245	G
287	0.00192	0.00195	G
288	0.00221	0.00232	C
289	0.00353	0.0037	G
290	0.0018	0.00199	T
291	0.00509	0.00517	A
292	0.00797	0.00799	A
293	0.0066	0.00668	A
294	0.00496	0.00524	G
295	0.0143	0.01505	A
296	0.00154	0.00167	G
297	0.00109	0.00119	T
298	0.00281	0.00308	G
299	0.00068	0.00068	T
300	0.00075	0.00078	T
301	0.00119	0.00121	T
302	0.0027	0.00271	T
303	0.00613	0.00788	A
304	0.00563	0.00614	G
305	0.01115	0.01143	A
306	0.02569	0.02669	T
307	0.0246	0.02701	C
308	0.02365	0.02627	A
309	0.03506	0.03518	C
310	0.03446	0.03453	C
311	0.02844	0.02844	C
312	0.02684	0.02685	C
313	0.04372	0.04507	C
314	0.01228	0.01567	T
315	0.02461	0.02461	C
316	0.01857	0.01859	C
317	0.02091	0.02092	C
318	0.00903	0.00914	C
319	0.19507	0.20955	A
320	0.00229	0.00238	A
321	0.00112	0.00155	T
322	0.00305	0.00305	A
323	0.00552	0.00552	A
324	0.00704	0.00715	A
325	0.00463	0.00481	G
326	0.00644	0.00677	C
327	0.00241	0.0032	T
328	0.00296	0.00301	A
329	0.00335	0.00337	A
330	0.00425	0.00426	A
331	0.03677	0.0368	A
332	0.35182	0.40786	C
333	0.00388	0.00458	T
334	0.00533	0.00635	C
335	0.00525	0.00559	A
336	0.00984	0.00984	C
337	0.00578	0.00584	C
338	0.00257	0.00307	T
339	0.00471	0.00684	G
340	0.04049	0.04111	A
341	0.02072	0.02096	G
342	0.0029	0.00313	T
343	0.00308	0.00309	T
344	0.00746	0.00842	G
345	0.00808	0.01022	T
346	0.0053	0.00546	A
347	0.00846	0.00848	A
348	0.00879	0.0088	A
349	0.00592	0.00592	A
350	0.00445	0.00445	A
351	0.00426	0.00426	A
352	0.00729	0.00779	C
353	0.00694	0.00713	T
354	0.0674	0.06741	C
355	0.00845	0.00875	C
356	0.00429	0.00566	A
357	0.0024	0.00254	G
358	0.00148	0.00155	T
359	0.00193	0.00197	T
360	0.00282	0.00334	G
361	0.01724	0.01754	A
362	0.02272	0.0241	C
363	0.01038	0.01052	A
364	0.1417	0.14835	C
365	0.00362	0.00362	A
366	0.00272	0.00272	A
367	0.05026	0.05027	A
368	0.00584	0.00585	A
369	0.00279	0.00301	T
370	0.00936	0.00956	A
371	0.00385	0.00396	G
372	0.07575	0.07603	A
373	0.01053	0.0108	C
374	0.05298	0.05323	T
375	0.0086	0.00883	A
376	0.00995	0.01015	C
377	0.004	0.00421	G
378	0.00645	0.00647	A
379	0.00685	0.00691	A
380	0.0099	0.00993	A
381	0.0057	0.00583	G
382	0.00363	0.00377	T
383	0.00527	0.00529	G
384	0.00143	0.00144	G
385	0.0035	0.00378	C
386	0.00102	0.00105	T
387	0.00106	0.00107	T
388	0.00117	0.00118	T
389	0.00666	0.00674	A
390	0.03487	0.03495	A
391	0.04887	0.04944	C
392	0.01099	0.01168	A
393	0.0023	0.00239	T
394	0.06258	0.06294	A
395	0.00164	0.00168	T
396	0.00759	0.00767	C
397	0.00187	0.00193	T
398	0.00256	0.0029	G
399	0.01051	0.01062	A
400	0.02059	0.02069	A
401	0.02148	0.02202	C
402	0.03489	0.03545	A
403	0.00726	0.00753	C
404	0.00457	0.00497	A
405	0.00798	0.00818	C
406	0.00911	0.00912	A
407	0.00763	0.00773	A
408	0.00333	0.00383	T
409	0.01557	0.01562	A
410	0.00227	0.00242	G
411	0.00253	0.00271	C
412	0.00136	0.00149	T
413	0.00596	0.00608	A
414	0.00862	0.00898	A
415	0.00344	0.00376	G
416	0.03599	0.03645	A
417	0.00627	0.0063	C
418	0.00611	0.00613	C
419	0.00325	0.00333	C
420	0.00228	0.00232	A
421	0.00451	0.00454	A
422	0.02613	0.0262	A
423	0.38011	0.40189	C
424	0.00117	0.00132	T
425	0.00115	0.00116	G
426	0.00109	0.00111	G
427	0.00199	0.00202	G
428	0.0212	0.02562	A
429	0.00181	0.00189	T
430	0.00219	0.0022	T
431	0.02873	0.03443	A
432	0.00271	0.00283	G
433	0.02419	0.02539	A
434	0.003	0.00353	T
435	0.08754	0.08838	A
436	0.08273	0.08403	C
437	0.00151	0.00152	C
438	0.00142	0.00142	C
439	0.00208	0.0021	C
440	0.00706	0.0102	A
441	0.01101	0.01129	C
442	0.00133	0.00141	T
443	0.00977	0.01007	A
444	0.00133	0.00138	T
445	0.00171	0.0018	G
446	0.00343	0.00351	C
447	0.00115	0.00116	T
448	0.00145	0.00153	T
449	0.00713	0.00964	A
450	0.0072	0.00748	G
451	0.00258	0.00263	C
452	0.0106	0.01061	C
453	0.00581	0.00589	C
454	0.00335	0.00377	T
455	0.00324	0.00349	A
456	0.00624	0.00635	A
457	0.0069	0.00692	A
458	0.01153	0.01165	C
459	0.0599	0.06029	C
460	0.00228	0.0027	T
461	0.08083	0.08167	C
462	0.006	0.00639	A
463	0.00745	0.00751	A
464	0.00715	0.00753	C
465	0.00815	0.00851	A
466	0.0068	0.00725	G
467	0.00256	0.00302	T
468	0.00189	0.0026	T
469	0.03358	0.03388	A
470	0.07597	0.07672	A
471	0.04275	0.04307	A
472	0.01203	0.01384	T
473	0.06046	0.06193	C
474	0.00566	0.0057	A
475	0.00587	0.00597	A
476	0.02239	0.0234	C
477	0.03333	0.03354	A
478	0.0315	0.03153	A
479	0.02197	0.02199	A
480	0.00769	0.00777	A
481	0.00473	0.00559	C
482	0.00269	0.00275	T
483	0.00393	0.00408	G
484	0.00519	0.00529	C
485	0.00399	0.00441	T
486	0.00339	0.00349	C
487	0.00277	0.00292	G
488	0.00413	0.00413	C
489	0.00365	0.00369	C
490	0.03582	0.05868	A
491	0.00344	0.00398	G
492	0.04257	0.04336	A
493	0.00616	0.00629	A
494	0.0088	0.00911	C
495	0.01181	0.01216	A
496	0.0068	0.00721	C
497	0.00158	0.00167	T
498	0.02367	0.02383	A
499	0.00722	0.0074	C
500	0.00304	0.00347	G
501	0.0053	0.00549	A
502	0.01241	0.01346	G
503	0.00179	0.00185	C
504	0.02553	0.02605	C
505	0.23113	0.34013	A
506	0.12544	0.13219	C
507	0.00639	0.0125	A
508	0.0043	0.00474	G
509	0.00384	0.00392	C
510	0.00126	0.0013	T
511	0.00141	0.00144	T
512	0.00433	0.00442	A
513	0.00567	0.0057	A
514	0.01231	0.01234	A
515	0.0108	0.01082	A
516	0.01024	0.01219	C
517	0.00123	0.00156	T
518	0.00687	0.00724	C
519	0.00183	0.00188	A
520	0.00315	0.00318	A
521	0.62769	0.62794	A
522	0.002	0.00208	G
523	0.00196	0.00197	G
524	0.00372	0.00384	A
525	0.0023	0.0023	C
526	0.00227	0.00227	C
527	0.0025	0.00296	T
528	0.0019	0.0019	G
529	0.0016	0.00161	G
530	0.00289	0.00297	C
531	0.00379	0.00381	G
532	0.00452	0.00482	G
533	0.00171	0.00175	T
534	0.00357	0.0036	G
535	0.00203	0.00214	C
536	0.0011	0.0011	T
537	0.00061	0.00061	T
538	0.00369	0.00385	C
539	0.01155	0.01212	A
540	0.00484	0.00533	T
541	0.0517	0.05478	A
542	0.00455	0.00475	T
543	0.00307	0.00312	C
544	0.00195	0.00199	C
545	0.00596	0.00598	C
546	0.00409	0.00428	T
547	0.00468	0.00476	C
548	0.00115	0.00121	T
549	0.00621	0.00685	A
550	0.00336	0.00348	G
551	0.01685	0.01747	A
552	0.00346	0.00347	G
553	0.00569	0.00597	G
554	0.04271	0.05356	A
555	0.00263	0.00267	G
556	0.00283	0.00291	C
557	0.00197	0.00202	C
558	0.00163	0.00175	T
559	0.00672	0.00972	G
560	0.00289	0.0029	T
561	0.00271	0.00278	T
562	0.02989	0.03308	C
563	0.00356	0.00361	T
564	0.00584	0.00625	G
565	0.00358	0.00456	T
566	0.03621	0.03685	A
567	0.0263	0.02663	A
568	0.00329	0.00374	T
569	0.02513	0.02559	C
570	0.00412	0.00447	G
571	0.02895	0.03012	A
572	0.00562	0.00663	T
573	0.03503	0.03524	A
574	0.04642	0.04653	A
575	0.06551	0.06755	A
576	0.05724	0.05959	C
577	0.01862	0.01891	C
578	0.01226	0.01234	C
579	0.00383	0.00394	C
580	0.01179	0.01703	G
581	0.04979	0.05081	A
582	0.0244	0.02774	T
583	0.04834	0.05005	C
584	0.04885	0.04973	A
585	0.02333	0.0243	A
586	0.03318	0.03323	C
587	0.0157	0.0161	C
588	0.00433	0.00553	T
589	0.02796	0.02845	C
590	0.05522	0.0575	A
591	0.00175	0.00175	C
592	0.0012	0.00132	C
593	0.0043	0.00642	A
594	0.00174	0.00174	C
595	0.00065	0.00067	C
596	0.00141	0.00154	T
597	0.00161	0.00164	C
598	0.00184	0.00185	T
599	0.01597	0.01604	T
600	0.00303	0.00361	G
601	0.01732	0.01792	C
602	0.00441	0.00943	T
603	0.09423	0.09885	C
604	0.02688	0.0298	A
605	0.0033	0.00339	G
606	0.00885	0.00885	C
607	0.04895	0.04929	C
608	0.00128	0.00136	T
609	0.0203	0.02158	A
610	0.00217	0.00254	T
611	0.03044	0.03252	A
612	0.01074	0.01159	T
613	0.0189	0.01987	A
614	0.01999	0.0206	C
615	0.01154	0.01174	C
616	0.0031	0.00406	G
617	0.01939	0.01941	C
618	0.01222	0.01224	C
619	0.01948	0.02229	A
620	0.00182	0.00195	T
621	0.01456	0.01468	C
622	0.00281	0.00281	T
623	0.00184	0.00195	T
624	0.01944	0.02228	C
625	0.01679	0.01719	A
626	0.00337	0.00367	G
627	0.00763	0.00897	C
628	0.01443	0.01497	A
629	0.10337	0.10382	A
630	0.01382	0.01411	A
631	0.00669	0.00718	C
632	0.00521	0.00534	C
633	0.00134	0.00134	C
634	0.00212	0.00229	T
635	0.00239	0.00275	G
636	0.01754	0.01772	A
637	0.00128	0.00138	T
638	0.00341	0.00405	G
639	0.00514	0.00527	A
640	0.01056	0.01069	A
641	0.00629	0.00632	G
642	0.00216	0.00217	G
643	0.01737	0.01865	C
644	0.00203	0.00262	T
645	0.00262	0.00268	A
646	0.32298	0.32635	C
647	0.00938	0.00938	A
648	0.01048	0.01049	A
649	0.00302	0.00317	A
650	0.00451	0.00475	G
651	0.00202	0.00308	T
652	0.03172	0.0319	A
653	0.09345	0.09469	A
654	0.01064	0.01326	G
655	0.00508	0.00527	C
656	0.00251	0.00258	G
657	0.05001	0.05191	C
658	0.02539	0.02542	A
659	0.01512	0.01521	A
660	0.00492	0.00574	G
661	0.00228	0.00285	T
662	0.01257	0.01302	A
663	0.01715	0.01726	C
664	0.01329	0.0133	C
665	0.02039	0.02045	C
666	0.02314	0.02688	A
667	0.0084	0.00869	C
668	0.00436	0.00461	G
669	0.00157	0.00209	T
670	0.01303	0.0132	A
671	0.0362	0.03633	A
672	0.01873	0.01889	A
673	0.0017	0.00203	G
674	0.00974	0.01	A
675	0.04375	0.04415	C
676	0.00456	0.00475	G
677	0.00209	0.00213	T
678	0.00228	0.00232	T
679	0.03373	0.037	A
680	0.00386	0.00388	G
681	0.00291	0.00293	G
682	0.00125	0.00387	T
683	0.02013	0.02052	C
684	0.04173	0.04182	A
685	0.04521	0.04533	A
686	0.00382	0.00384	G
687	0.00402	0.00403	G
688	0.00093	0.00103	T
689	0.00542	0.00573	G
690	0.00266	0.00347	T
691	0.01152	0.01257	A
692	0.00567	0.00605	G
693	0.00582	0.00596	C
694	0.04116	0.04117	C
695	0.03707	0.03712	C
696	0.01006	0.01264	A
697	0.00272	0.0029	T
698	0.00161	0.00187	G
699	0.00623	0.0065	A
700	0.00198	0.00198	G
701	0.00251	0.00253	G
702	0.00153	0.00158	T
703	0.00149	0.00149	G
704	0.00238	0.00242	G
705	0.14354	0.14586	C
706	0.0488	0.04889	A
707	0.02663	0.0267	A
708	0.00534	0.00596	G
709	0.02687	0.02688	A
710	0.03644	0.03644	A
711	0.02956	0.02978	A
712	0.00384	0.00411	T
713	0.003	0.00301	G
714	0.00184	0.00184	G
715	0.00438	0.00438	G
716	0.00805	0.00996	C
717	0.00181	0.00191	T
718	0.0312	0.03264	A
719	0.04771	0.04793	C
720	0.02624	0.02731	A
721	0.00105	0.00105	T
722	0.00089	0.00089	T
723	0.00172	0.00172	T
724	0.00191	0.00191	T
725	0.02758	0.03246	C
726	0.00424	0.00554	T
727	0.0459	0.05274	A
728	0.17142	0.17175	C
729	0.07302	0.07393	C
730	0.07077	0.07109	C
731	0.02079	0.02081	C
732	0.01289	0.01992	A
733	0.00401	0.00458	G
734	0.01339	0.01342	A
735	0.00832	0.00833	A
736	0.18736	0.18739	A
737	0.07081	0.07103	A
738	0.09151	0.12252	C
739	0.00729	0.00752	T
740	0.03993	0.04055	A
741	0.04615	0.04692	C
742	0.00482	0.00501	G
743	0.09675	0.10218	A
744	0.0037	0.00427	T
745	0.11252	0.11452	A
746	0.00346	0.00357	G
747	0.00162	0.00163	C
748	0.00082	0.00084	C
749	0.00112	0.00124	C
750	0.00153	0.00156	T
751	0.00234	0.00253	T
752	0.01033	0.01992	A
753	0.00483	0.00551	T
754	0.01096	0.01332	G
755	0.02408	0.02414	A
756	0.02095	0.02109	A
757	0.01782	0.01805	A
758	0.06161	0.06606	C
759	0.00246	0.00249	T
760	0.00166	0.00167	T
761	0.00896	0.009	A
762	0.01577	0.01593	A
763	0.00243	0.00246	G
764	0.00345	0.00346	G
765	0.0051	0.00512	G
766	0.00109	0.00135	T
767	0.04056	0.0408	C
768	0.00626	0.007	G
769	0.04246	0.04334	A
770	0.02493	0.025	A
771	0.00455	0.00457	G
772	0.0051	0.00515	G
773	0.00286	0.003	T
774	0.00454	0.00454	G
775	0.00381	0.00385	G
776	0.04321	0.04878	A
777	0.00082	0.00082	T
778	0.00105	0.00105	T
779	0.00082	0.00082	T
780	0.00447	0.005	A
781	0.00278	0.00303	G
782	0.02695	0.02708	C
783	0.02163	0.02173	A
784	0.00302	0.00309	G
785	0.00058	0.00066	T
786	0.00206	0.00206	A
787	0.00322	0.00323	A
788	0.03906	0.03914	A
789	0.00229	0.00245	C
790	0.00088	0.00099	T
791	0.53937	0.53943	A
792	0.00437	0.00546	A
793	0.00227	0.00234	G
794	0.02061	0.02122	A
795	0.00406	0.00418	G
796	0.00365	0.00472	T
797	0.03256	0.03324	A
798	0.00344	0.00354	G
799	0.03498	0.03806	A
800	0.00391	0.00398	G
801	0.00282	0.00292	T
802	0.00315	0.00323	G
803	0.00391	0.00406	C
804	0.00132	0.00136	T
805	0.001	0.00102	T
806	0.00962	0.01139	A
807	0.00309	0.00316	G
808	0.001	0.001	T
809	0.00085	0.00085	T
810	0.00202	0.00212	G
811	0.00213	0.00215	A
812	0.02023	0.02025	A
813	0.04346	0.04426	C
814	0.05277	0.05517	A
815	0.00616	0.00688	G
816	0.00572	0.00576	G
817	0.00293	0.00294	G
818	0.0122	0.01227	C
819	0.03824	0.03825	C
820	0.01375	0.01375	C
821	0.00132	0.00461	T
822	0.00261	0.00277	G
823	0.00889	0.00895	A
824	0.00987	0.00993	A
825	0.0057	0.00577	G
826	0.00451	0.00465	C
827	0.00387	0.00398	G
828	0.00778	0.00793	C
829	0.00556	0.00565	G
830	0.00132	0.00166	T
831	0.01118	0.01174	A
832	0.01098	0.01141	C
833	0.03694	0.04244	A
834	0.05264	0.05349	C
835	0.00609	0.00693	A
836	0.00723	0.00725	C
837	0.03649	0.03708	C
838	0.00801	0.00896	G
839	0.00224	0.00226	C
840	0.01275	0.01276	C
841	0.01217	0.01227	C
842	0.00428	0.00594	G
843	0.00412	0.0071	T
844	0.01139	0.01206	C
845	0.0487	0.0511	A
846	0.08368	0.084	C
847	0.02723	0.02725	C
848	0.00363	0.00371	C
849	0.00179	0.00222	T
850	0.00262	0.00262	C
851	0.00175	0.00179	C
852	0.00165	0.00285	T
853	0.0028	0.00294	C
854	0.03077	0.03169	A
855	0.05161	0.05189	A
856	0.00524	0.00693	G
857	0.00328	0.00379	T
858	0.02154	0.02199	A
859	0.0036	0.00375	T
860	0.02161	0.02216	A
861	0.05951	0.06279	C
862	0.00279	0.00281	T
863	0.00318	0.00319	T
864	0.04503	0.04811	C
865	0.03863	0.0394	A
866	0.04482	0.04493	A
867	0.01981	0.01993	A
868	0.00551	0.00635	G
869	0.00389	0.00414	G
870	0.07423	0.09873	A
871	0.09972	0.10099	C
872	0.02735	0.02822	A
873	0.00484	0.00504	T
874	0.00271	0.00283	T
875	0.00381	0.00399	T
876	0.07695	0.07734	A
877	0.06205	0.06252	A
878	0.05061	0.05276	C
879	0.00355	0.00427	T
880	0.00731	0.00764	A
881	0.00717	0.00722	A
882	0.02212	0.02229	A
883	0.06489	0.06547	A
884	0.08861	0.09137	C
885	0.0315	0.03161	C
886	0.00487	0.00489	C
887	0.00451	0.00469	C
888	0.01012	0.01815	T
889	0.04929	0.05148	A
890	0.11867	0.12004	C
891	0.00341	0.00391	G
892	0.05406	0.05502	C
893	0.01053	0.01114	A
894	0.00159	0.00159	T
895	0.00196	0.00198	T
896	0.00177	0.00178	T
897	0.01034	0.01137	A
898	0.00173	0.00197	T
899	0.01774	0.01916	A
900	0.00306	0.00324	T
901	0.16435	0.16635	A
902	0.00314	0.00344	G
903	0.01689	0.01808	A
904	0.00867	0.00889	G
905	0.00296	0.00302	G
906	0.0036	0.00489	A
907	0.00299	0.00336	G
908	0.03352	0.03396	A
909	0.10055	0.10174	C
910	0.03591	0.03591	A
911	0.0704	0.0724	A
912	0.00365	0.004	G
913	0.00154	0.00162	T
914	0.01046	0.01084	C
915	0.00367	0.00382	G
916	0.00214	0.00245	T
917	0.01575	0.01579	A
918	0.00983	0.01006	A
919	0.02243	0.02333	C
920	0.00967	0.00981	A
921	0.00393	0.00421	T
922	0.00177	0.00177	G
923	0.0012	0.0012	G
924	0.00106	0.00114	T
925	0.00149	0.00149	A
926	0.00096	0.00099	A
927	0.00124	0.00128	G
928	0.00028	0.00039	T
929	0.00157	0.00165	G
930	0.00038	0.0004	T
931	0.00041	0.00048	A
932	0.00054	0.00058	C
933	0.00027	0.00036	T
934	0.00115	0.00115	G
935	0.00126	0.00127	G
936	0.00034	0.00036	A
937	0.00028	0.00034	A
938	0.00024	0.00024	A
939	0.00094	0.00101	G
940	0.00015	0.00023	T
941	0.00165	0.00165	G
942	0.00084	0.00088	C
943	0.00014	0.00014	A
944	0.00034	0.00044	C
945	0.00016	0.00016	T
946	0.0002	0.0002	T
947	0.00026	0.00028	G
948	0.00017	0.00017	G
949	0.00048	0.00066	A
950	0.0021	0.00222	C
951	8e-05	8e-05	G
952	2e-05	2e-05	A
953	0.0	0.0	A
954	0.0	0.0	C
