Position	Mismatches	Mismatches + Deletions	Base
1	0.0	0.0	G
2	0.0	0.0	C
3	0.0	0.0	T
4	0.00559	0.00559	A
5	0.06669	0.06669	A
6	0.054	0.054	A
7	0.03269	0.03503	C
8	0.01943	0.01943	C
9	0.01688	0.02096	T
10	0.00132	0.00139	A
11	0.00383	0.00417	G
12	0.00077	0.00082	C
13	0.00113	0.00113	C
14	0.00118	0.00118	C
15	0.02286	0.02286	C
16	0.00129	0.00141	A
17	0.00208	0.00217	A
18	0.00151	0.00151	A
19	0.0088	0.00895	C
20	0.04077	0.04087	C
21	0.00749	0.00806	C
22	0.00358	0.00501	A
23	0.00704	0.00786	C
24	0.00272	0.00509	T
25	0.02017	0.02017	C
26	0.02662	0.02703	C
27	0.00401	0.00527	A
28	0.0156	0.0156	C
29	0.00139	0.00146	C
30	0.00047	0.00051	T
31	0.00066	0.00071	T
32	0.01858	0.03415	A
33	0.02155	0.02237	C
34	0.0008	0.00169	T
35	0.00265	0.00314	A
36	0.04086	0.04117	C
37	0.01053	0.01075	C
38	0.00399	0.01075	A
39	0.00473	0.00542	G
40	0.01469	0.01557	A
41	0.02102	0.02537	C
42	0.02086	0.02086	A
43	0.01901	0.01949	A
44	0.05077	0.05101	C
45	0.02814	0.02904	C
46	0.00113	0.00118	T
47	0.00264	0.00269	T
48	0.00576	0.00981	A
49	0.00531	0.0056	G
50	0.04071	0.04083	C
51	0.00377	0.00377	C
52	0.00328	0.00338	A
53	0.00497	0.00499	A
54	0.00601	0.00602	A
55	0.01011	0.01019	C
56	0.00551	0.00558	C
57	0.00462	0.00567	A
58	0.00236	0.00262	T
59	0.00335	0.00374	T
60	0.00172	0.00183	T
61	0.00793	0.00861	A
62	0.0369	0.03691	C
63	0.04906	0.04916	C
64	0.06039	0.06065	C
65	0.01417	0.01441	A
66	0.06962	0.07059	A
67	0.02275	0.02288	A
68	0.00753	0.00783	T
69	0.00602	0.00606	A
70	0.00248	0.00248	A
71	0.00579	0.00579	A
72	0.00214	0.00233	G
73	0.00088	0.00101	T
74	0.22883	0.23037	A
75	0.00113	0.00135	T
76	0.00416	0.00435	A
77	0.00115	0.00117	G
78	0.00246	0.00248	G
79	0.00897	0.00921	C
80	0.00248	0.00257	G
81	0.01267	0.01321	A
82	0.00145	0.0016	T
83	0.00549	0.00569	A
84	0.00272	0.00295	G
85	0.00556	0.00565	A
86	0.16108	0.16108	A
87	0.01735	0.01749	A
88	0.00138	0.00142	T
89	0.00201	0.00208	T
90	0.00394	0.00485	G
91	0.04397	0.04425	A
92	0.0232	0.02337	A
93	0.03034	0.03049	A
94	0.06358	0.06475	C
95	0.04856	0.04938	C
96	0.01126	0.01382	T
97	0.00564	0.00568	G
98	0.00623	0.00626	G
99	0.00457	0.00466	C
100	0.00647	0.00659	G
101	0.00228	0.00247	C
102	0.0086	0.00869	A
103	0.07245	0.07248	A
104	0.00111	0.00122	T
105	0.00332	0.00355	A
106	0.00137	0.00144	G
107	0.05051	0.05067	A
108	0.00223	0.00242	T
109	0.01488	0.01519	A
110	0.01656	0.01709	T
111	0.01034	0.0109	A
112	0.00447	0.00463	G
113	0.00129	0.00154	T
114	0.04126	0.04165	A
115	0.00422	0.00425	C
116	0.00531	0.00537	C
117	0.00289	0.00324	G
118	0.00944	0.01051	C
119	0.00473	0.00475	A
120	0.00467	0.00468	A
121	0.00291	0.00296	G
122	0.00237	0.0024	G
123	0.0034	0.00431	G
124	0.04559	0.04586	A
125	0.01779	0.01785	A
126	0.00838	0.0084	A
127	0.00944	0.01098	G
128	0.01081	0.01124	A
129	0.01456	0.01632	T
130	0.01375	0.01712	G
131	0.00501	0.00521	A
132	0.01704	0.01735	A
133	0.01857	0.01877	A
134	0.00801	0.00808	A
135	0.0362	0.03642	A
136	0.0283	0.02906	T
137	0.02725	0.02882	T
138	0.0423	0.0791	A
139	0.00921	0.01165	T
140	0.06607	0.06607	A
141	0.07083	0.07325	A
142	0.06966	0.07075	C
143	0.01294	0.0131	C
144	0.00267	0.00267	A
145	0.00562	0.00564	A
146	0.00327	0.0044	G
147	0.00436	0.00448	C
148	0.02954	0.03033	A
149	0.0067	0.00736	T
150	0.0794	0.0794	A
151	0.03074	0.03366	A
152	0.02309	0.02389	T
153	0.01736	0.01927	A
154	0.00269	0.00287	T
155	0.00852	0.00869	A
156	0.0031	0.00327	G
157	0.00615	0.00644	C
158	0.00523	0.0053	A
159	0.00501	0.0051	A
160	0.00219	0.00219	G
161	0.00192	0.00195	G
162	0.01327	0.01872	A
163	0.00769	0.00837	C
164	0.00608	0.00943	T
165	0.07151	0.07288	A
166	0.00662	0.00728	A
167	0.06516	0.06564	C
168	0.01052	0.01105	C
169	0.00189	0.00191	C
170	0.00172	0.00175	C
171	0.00102	0.00136	T
172	0.00677	0.00766	A
173	0.00114	0.00142	T
174	0.00605	0.00618	A
175	0.00538	0.00554	C
176	0.01313	0.01321	C
177	0.00101	0.00109	T
178	0.00076	0.00077	T
179	0.01309	0.01684	C
180	0.0013	0.00136	T
181	0.00222	0.00264	G
182	0.0183	0.01845	C
183	0.01361	0.01388	A
184	0.0013	0.00137	T
185	0.01204	0.01212	A
186	0.01003	0.01051	A
187	0.00174	0.00178	T
188	0.00169	0.00184	G
189	0.00508	0.00509	A
190	0.00448	0.00459	A
191	0.00173	0.00177	T
192	0.00238	0.00243	T
193	0.00519	0.00519	A
194	0.00768	0.00786	A
195	0.01062	0.01089	C
196	0.00264	0.00289	T
197	0.00783	0.00967	A
198	0.00336	0.00381	G
199	0.00336	0.0034	A
200	0.01088	0.0109	A
201	0.02306	0.02353	A
202	0.00321	0.00356	T
203	0.26359	0.26362	A
204	0.01794	0.01931	A
205	0.00472	0.00559	C
206	0.0023	0.00233	T
207	0.00202	0.00205	T
208	0.00565	0.00569	T
209	0.02247	0.0243	G
210	0.0018	0.00199	C
211	0.002	0.00202	A
212	0.00306	0.00309	A
213	0.00214	0.00216	G
214	0.00148	0.00155	G
215	0.02967	0.04453	A
216	0.00156	0.00189	G
217	0.035	0.03993	A
218	0.00424	0.00448	G
219	0.00252	0.00255	C
220	0.00147	0.00165	C
221	0.00146	0.00153	A
222	0.19365	0.19371	A
223	0.00149	0.00151	A
224	0.00256	0.00267	G
225	0.00132	0.00151	C
226	0.00068	0.00079	T
227	0.00217	0.00219	A
228	0.00312	0.00316	A
229	0.00213	0.00227	G
230	0.00658	0.00665	A
231	0.02286	0.02287	C
232	0.00306	0.00307	C
233	0.00129	0.00129	C
234	0.00128	0.00128	C
235	0.00255	0.00255	C
236	0.00271	0.0031	G
237	0.00403	0.00416	A
238	0.00417	0.00419	A
239	0.03057	0.03059	A
240	0.00188	0.0019	C
241	0.0019	0.0019	C
242	0.00338	0.00595	A
243	0.00111	0.00121	G
244	0.00313	0.00327	A
245	0.00327	0.00337	C
246	0.00322	0.0033	G
247	0.00827	0.00836	A
248	0.00312	0.00316	G
249	0.00257	0.00277	C
250	0.0014	0.00157	T
251	0.0024	0.00247	A
252	0.00221	0.00225	C
253	0.00177	0.00185	C
254	0.00116	0.00182	T
255	0.00414	0.00426	A
256	0.19597	0.19687	A
257	0.00383	0.00456	G
258	0.00526	0.00527	A
259	0.00812	0.00838	A
260	0.01203	0.01257	C
261	0.13098	0.13151	A
262	0.00259	0.00263	G
263	0.00408	0.00504	C
264	0.00237	0.00306	T
265	0.05472	0.05529	A
266	0.03266	0.03276	A
267	0.06158	0.06163	A
268	0.08666	0.08772	A
269	0.00219	0.00243	G
270	0.01525	0.01582	A
271	0.00383	0.00393	G
272	0.00417	0.00547	C
273	0.01107	0.01265	A
274	0.5216	0.52641	C
275	0.00799	0.00864	A
276	0.003	0.003	C
277	0.00243	0.00243	C
278	0.00254	0.00256	C
279	0.00242	0.00275	G
280	0.00155	0.00161	T
281	0.00458	0.00474	C
282	0.00114	0.00124	T
283	0.01074	0.01132	A
284	0.00125	0.00135	T
285	0.00339	0.00388	G
286	0.00656	0.00737	T
287	0.05668	0.05728	A
288	0.00327	0.00347	G
289	0.02338	0.02464	C
290	0.01053	0.01056	A
291	0.01492	0.01497	A
292	0.01415	0.01421	A
293	0.00791	0.00797	A
294	0.00172	0.00191	T
295	0.00843	0.00868	A
296	0.00997	0.01022	G
297	0.00273	0.00318	T
298	0.00213	0.00214	G
299	0.00171	0.00173	G
300	0.0024	0.00283	G
301	0.01722	0.0174	A
302	0.04134	0.04139	A
303	0.00498	0.00541	G
304	0.01189	0.01237	A
305	0.00165	0.00174	T
306	0.00133	0.00135	T
307	0.00138	0.00141	T
308	0.08154	0.08801	A
309	0.00668	0.00802	T
310	0.00487	0.00508	A
311	0.00159	0.00164	G
312	0.00246	0.00258	G
313	0.00149	0.00162	T
314	0.00412	0.00459	A
315	0.00207	0.00227	G
316	0.08652	0.09091	A
317	0.00837	0.00842	G
318	0.00721	0.00724	G
319	0.00539	0.00577	C
320	0.00472	0.00487	G
321	0.02172	0.02209	A
322	0.06215	0.06369	C
323	0.01444	0.01449	A
324	0.01978	0.0198	A
325	0.00872	0.0088	A
326	0.0056	0.00566	C
327	0.00284	0.00291	C
328	0.00176	0.00208	T
329	0.01371	0.014	A
330	0.08073	0.08077	C
331	0.00372	0.00384	C
332	0.00193	0.00234	G
333	0.0771	0.07737	A
334	0.0021	0.00214	G
335	0.0029	0.0029	C
336	0.00152	0.00152	C
337	0.00083	0.00088	T
338	0.0017	0.00171	G
339	0.00165	0.00166	G
340	0.00054	0.00057	T
341	0.00234	0.00237	G
342	0.00486	0.00532	A
343	0.00085	0.00094	T
344	0.01142	0.01172	A
345	0.00263	0.0027	G
346	0.00846	0.00862	C
347	0.00158	0.00169	T
348	0.00337	0.00337	G
349	0.00247	0.0025	G
350	0.00145	0.00145	T
351	0.00161	0.00163	T
352	0.00406	0.00422	G
353	0.008	0.0081	T
354	0.00323	0.00323	C
355	0.00325	0.00327	C
356	0.00387	0.00394	A
357	0.00426	0.00427	A
358	0.00189	0.00203	G
359	0.02321	0.02379	A
360	0.00285	0.00295	T
361	0.04304	0.04327	A
362	0.00261	0.00287	G
363	0.01131	0.01131	A
364	0.01681	0.01737	A
365	0.00231	0.00244	T
366	0.03309	0.03391	C
367	0.00222	0.00223	T
368	0.00229	0.00234	T
369	0.016	0.01939	A
370	0.00888	0.009	G
371	0.00135	0.00139	T
372	0.0017	0.00181	T
373	0.00867	0.00925	C
374	0.48062	0.48102	A
375	0.00814	0.0083	A
376	0.00685	0.00721	C
377	0.00083	0.00085	T
378	0.00065	0.00068	T
379	0.00073	0.00075	T
380	0.00184	0.00189	A
381	0.00491	0.00493	A
382	0.00945	0.00948	A
383	0.00114	0.00116	T
384	0.00204	0.00205	T
385	0.01174	0.01177	T
386	0.00799	0.00863	G
387	0.00506	0.0053	C
388	0.00299	0.00303	C
389	0.00602	0.00624	C
390	0.03266	0.04221	A
391	0.61369	0.61738	C
392	0.00668	0.00766	A
393	0.0023	0.00458	G
394	0.00511	0.00551	A
395	0.02148	0.02223	A
396	0.37266	0.37338	C
397	0.03682	0.03701	C
398	0.05852	0.0591	C
399	0.01068	0.01308	T
400	0.08473	0.08601	C
401	0.02527	0.02593	T
402	0.02054	0.02098	A
403	0.14956	0.14981	A
404	0.04154	0.04212	A
405	0.00488	0.00529	T
406	0.0093	0.00946	C
407	0.01314	0.01325	C
408	0.01659	0.01662	C
409	0.03527	0.03534	C
410	0.00124	0.0013	T
411	0.00084	0.00087	T
412	0.00178	0.00233	G
413	0.00119	0.00138	T
414	0.00277	0.00287	A
415	0.01321	0.01339	A
416	0.021	0.02123	A
417	0.00111	0.00111	T
418	0.00104	0.00105	T
419	0.00122	0.00122	T
420	0.00605	0.00607	A
421	0.01006	0.01014	A
422	0.03064	0.0309	C
423	0.00169	0.00174	T
424	0.00365	0.00414	G
425	0.00161	0.00162	T
426	0.00148	0.00159	T
427	0.0682	0.07568	A
428	0.00279	0.00288	G
429	0.00346	0.0035	T
430	0.00103	0.00104	C
431	0.00085	0.00088	C
432	0.00165	0.00166	A
433	0.00217	0.0022	A
434	0.00227	0.00228	A
435	0.00188	0.00197	G
436	0.00329	0.00348	A
437	0.00257	0.00258	G
438	0.00267	0.00288	G
439	0.01932	0.01945	A
440	0.02069	0.02118	A
441	0.03093	0.03313	C
442	0.02349	0.02409	A
443	0.00322	0.00353	G
444	0.0009	0.00096	C
445	0.00041	0.00044	T
446	0.00059	0.00066	C
447	0.00044	0.00045	T
448	0.00048	0.00048	T
449	0.00035	0.00035	T
450	0.0008	0.00081	G
451	0.00097	0.00102	G
452	0.00052	0.00068	A
453	0.00075	0.0008	C
454	0.01014	0.01024	A
455	0.43184	0.43238	C
456	0.00127	0.00138	T
457	0.00494	0.00503	A
458	0.00203	0.00205	G
459	0.00548	0.00559	G
460	0.00365	0.00369	A
461	0.00344	0.00346	A
462	0.0042	0.00424	A
463	0.0131	0.01311	A
464	0.00658	0.00658	A
465	0.00439	0.00439	A
466	0.00539	0.00554	C
467	0.00307	0.0031	C
468	0.00126	0.00128	T
469	0.00121	0.00125	T
470	0.00256	0.00314	G
471	0.00279	0.00326	T
472	0.09658	0.09721	A
473	0.0016	0.00178	G
474	0.0025	0.00279	A
475	0.00208	0.00226	G
476	0.00359	0.00373	A
477	0.00198	0.00213	G
478	0.00237	0.00248	A
479	0.00869	0.00886	G
480	0.00308	0.00388	T
481	0.00098	0.00106	A
482	0.00108	0.00112	A
483	0.00109	0.0011	A
484	0.00423	0.00424	A
485	0.02368	0.02368	A
486	0.01098	0.01102	A
487	0.00415	0.00424	T
488	0.00802	0.00809	T
489	0.00314	0.00354	T
490	0.00993	0.01003	A
491	0.03656	0.03709	A
492	0.04177	0.04493	C
493	0.02291	0.02346	A
494	0.03929	0.03934	C
495	0.02317	0.0232	C
496	0.01136	0.01167	C
497	0.00714	0.00905	A
498	0.00095	0.00109	T
499	0.00659	0.00676	A
500	0.00222	0.00242	G
501	0.00071	0.00092	T
502	0.05705	0.05823	A
503	0.00144	0.00146	G
504	0.00073	0.00079	G
505	0.00169	0.00173	C
506	0.00195	0.00214	C
507	0.00108	0.00155	T
508	0.01856	0.01914	A
509	0.01352	0.01369	A
510	0.02376	0.02379	A
511	0.12621	0.12659	A
512	0.00353	0.00451	G
513	0.00596	0.00654	C
514	0.03773	0.03821	A
515	0.0031	0.0032	G
516	0.00125	0.00125	C
517	0.00121	0.00126	C
518	0.0035	0.00431	A
519	0.00756	0.00756	C
520	0.008	0.0081	C
521	0.00535	0.00537	A
522	0.01468	0.01472	A
523	0.00142	0.00157	T
524	0.0052	0.00537	T
525	0.0413	0.04153	A
526	0.07022	0.0717	A
527	0.00466	0.00528	G
528	0.00487	0.00488	A
529	0.07044	0.07045	A
530	0.01061	0.01072	A
531	0.00223	0.00236	G
532	0.0046	0.00494	C
533	0.00347	0.00361	G
534	0.00212	0.00258	T
535	0.00831	0.00844	T
536	0.08739	0.09263	C
537	0.0371	0.03767	A
538	0.09575	0.09672	A
539	0.00312	0.00341	G
540	0.0027	0.00297	C
541	0.00259	0.00332	T
542	0.00524	0.00655	C
543	0.00607	0.00674	A
544	0.03319	0.03411	A
545	0.22157	0.2354	C
546	0.01078	0.01163	A
547	0.03774	0.038	C
548	0.05329	0.05338	C
549	0.03598	0.03815	C
550	0.01606	0.02759	A
551	0.04452	0.04753	C
552	0.00795	0.01041	T
553	0.04023	0.04135	A
554	0.09619	0.09656	C
555	0.06517	0.06902	C
556	0.02341	0.02744	T
557	0.00097	0.00117	A
558	0.00148	0.00155	A
559	0.00947	0.00951	A
560	0.00724	0.00724	A
561	0.00984	0.0099	A
562	0.0062	0.00626	A
563	0.00795	0.00859	T
564	0.01104	0.01132	C
565	0.0133	0.01357	C
566	0.00494	0.00553	C
567	0.01807	0.01867	A
568	0.07493	0.07533	A
569	0.01701	0.01705	A
570	0.01179	0.01338	C
571	0.00247	0.00303	A
572	0.00409	0.00461	T
573	0.02437	0.02569	A
574	0.00291	0.00382	T
575	0.08322	0.08322	A
576	0.04905	0.05077	A
577	0.03826	0.04126	C
578	0.0008	0.00103	T
579	0.00204	0.00226	G
580	0.00166	0.00172	A
581	0.21798	0.21822	A
582	0.00167	0.00184	C
583	0.00103	0.00126	T
584	0.00174	0.00174	C
585	0.00127	0.00131	C
586	0.00276	0.00415	T
587	0.00179	0.00207	C
588	0.00901	0.01406	A
589	0.01751	0.02035	C
590	0.03573	0.03818	A
591	0.05588	0.05588	C
592	0.02561	0.02561	C
593	0.01272	0.01317	C
594	0.0067	0.00674	A
595	0.00402	0.00405	A
596	0.00081	0.00083	T
597	0.00148	0.00149	T
598	0.00195	0.00196	G
599	0.0021	0.00217	G
600	0.00953	0.01039	A
601	0.0019	0.00195	C
602	0.00319	0.00323	C
603	0.00949	0.00953	A
604	0.00277	0.00281	A
605	0.00092	0.0011	T
606	0.00278	0.00284	C
607	0.00261	0.00283	T
608	0.00423	0.00446	A
609	0.00785	0.01432	T
610	0.00247	0.00318	C
611	0.06983	0.07375	A
612	0.09563	0.09585	C
613	0.03506	0.03511	C
614	0.08294	0.08457	C
615	0.001	0.00128	T
616	0.00351	0.00375	A
617	0.00082	0.0009	T
618	0.00508	0.00536	A
619	0.00289	0.0031	G
620	0.0066	0.00663	A
621	0.00535	0.00546	A
622	0.00298	0.00326	G
623	0.04923	0.04925	A
624	0.01233	0.01247	A
625	0.01252	0.01326	C
626	0.00664	0.00732	T
627	0.00985	0.00991	A
628	0.0029	0.00297	A
629	0.00147	0.00156	T
630	0.00159	0.00164	G
631	0.00055	0.00056	T
632	0.00054	0.00054	T
633	0.0031	0.00365	A
634	0.00477	0.00482	G
635	0.00071	0.00076	T
636	0.00629	0.00638	A
637	0.00114	0.00124	T
638	0.00568	0.00568	A
639	0.00633	0.0065	A
640	0.00239	0.00254	G
641	0.00116	0.00144	T
642	0.03263	0.03263	A
643	0.00542	0.00548	A
644	0.00433	0.00459	C
645	0.0134	0.01391	A
646	0.00342	0.00371	T
647	0.0027	0.00314	G
648	0.00435	0.00443	A
649	0.0026	0.00289	A
650	0.10861	0.10889	A
651	0.01765	0.01772	A
652	0.10031	0.12031	C
653	0.06855	0.06906	A
654	0.0016	0.00161	T
655	0.00166	0.0017	T
656	0.00417	0.00493	C
657	0.00146	0.00152	T
658	0.00374	0.00375	C
659	0.00212	0.00225	C
660	0.00488	0.00538	T
661	0.05613	0.05613	C
662	0.09432	0.09474	C
663	0.00369	0.00389	G
664	0.00293	0.00306	C
665	0.0032	0.00376	A
666	0.00319	0.00351	T
667	0.02627	0.02631	A
668	0.32788	0.33888	A
669	0.00146	0.00159	G
670	0.00784	0.00791	C
671	0.00405	0.00423	C
672	0.00163	0.00181	T
673	0.00197	0.00214	G
674	0.32955	0.33258	C
675	0.00244	0.00247	G
676	0.00065	0.00102	T
677	0.00342	0.00359	C
678	0.00761	0.00899	A
679	0.00357	0.00392	G
680	0.05354	0.0552	A
681	0.00706	0.00714	T
682	0.00606	0.00679	T
683	0.02243	0.02263	A
684	0.01699	0.01713	A
685	0.03045	0.03086	A
686	0.06751	0.06791	A
687	0.0962	0.11666	C
688	0.03602	0.03628	A
689	0.06022	0.06401	C
690	0.00262	0.00278	T
691	0.00489	0.00553	G
692	0.04252	0.04267	A
693	0.04771	0.04791	A
694	0.00456	0.00473	C
695	0.0012	0.00125	T
696	0.00215	0.00227	G
697	0.00318	0.00323	A
698	0.00301	0.00317	C
699	0.01219	0.01226	A
700	0.03341	0.03359	A
701	0.0017	0.00178	T
702	0.00159	0.00165	T
703	0.00565	0.0057	A
704	0.02106	0.02146	A
705	0.00696	0.00736	C
706	0.01022	0.01191	A
707	0.0048	0.00578	G
708	0.01233	0.0126	C
709	0.1226	0.1228	C
710	0.04248	0.04273	C
711	0.00433	0.00468	A
712	0.00517	0.00545	A
713	0.00171	0.00202	T
714	0.00822	0.00855	A
715	0.00184	0.00322	T
716	0.11647	0.11814	C
717	0.00929	0.01017	T
718	0.02557	0.02678	A
719	0.01913	0.02012	C
720	0.10289	0.10328	A
721	0.09384	0.09585	A
722	0.004	0.00616	T
723	0.009	0.01008	C
724	0.01456	0.01494	A
725	0.0868	0.08696	A
726	0.10932	0.10997	C
727	0.07698	0.07793	C
728	0.01403	0.01432	A
729	0.0258	0.02602	A
730	0.01904	0.02039	C
731	0.07102	0.07114	A
732	0.06079	0.06224	A
733	0.00213	0.0026	G
734	0.00497	0.00556	T
735	0.07759	0.07779	C
736	0.01387	0.01416	A
737	0.00157	0.00162	T
738	0.00149	0.00154	T
739	0.00916	0.01547	A
740	0.00181	0.00185	T
741	0.00193	0.00209	T
742	0.05224	0.10528	A
743	0.03338	0.03394	C
744	0.05567	0.05601	C
745	0.04135	0.04151	C
746	0.00791	0.00924	T
747	0.03345	0.034	C
748	0.05597	0.05717	A
749	0.00504	0.00515	C
750	0.00116	0.00127	T
751	0.00203	0.00217	G
752	0.00096	0.0015	T
753	0.00647	0.00687	C
754	0.01389	0.01405	A
755	0.06423	0.06442	A
756	0.00941	0.0095	C
757	0.0067	0.00679	C
758	0.00624	0.00632	C
759	0.02129	0.02171	A
760	0.01101	0.01114	A
761	0.06775	0.06947	C
762	0.03013	0.03452	A
763	0.01633	0.01753	C
764	0.04425	0.05264	A
765	0.0026	0.00268	G
766	0.00264	0.00272	G
767	0.45227	0.45565	C
768	0.00468	0.00508	A
769	0.00073	0.00089	T
770	0.0023	0.0025	G
771	0.00225	0.00241	C
772	0.00237	0.00375	T
773	0.09301	0.09406	C
774	0.03243	0.03456	A
775	0.00179	0.00209	T
776	0.00798	0.00799	A
777	0.01674	0.01686	A
778	0.00203	0.00207	G
779	0.00265	0.00285	G
780	0.00281	0.00282	A
781	0.00729	0.00729	A
782	0.00356	0.00357	A
783	0.0034	0.0034	G
784	0.0026	0.00275	G
785	0.00325	0.00358	T
786	0.00366	0.00419	T
787	0.00057	0.00063	A
788	0.00038	0.00041	A
789	0.00146	0.00147	A
790	0.00297	0.00297	A
791	0.00211	0.00211	A
792	0.00217	0.00217	A
793	0.00374	0.00374	A
794	0.01225	0.01298	G
795	0.00438	0.00516	T
796	0.00245	0.00247	A
797	0.00325	0.00325	A
798	0.00501	0.00501	A
799	0.00625	0.00625	A
800	0.00454	0.00455	G
801	0.00407	0.00416	G
802	0.01465	0.01468	A
803	0.00935	0.00942	A
804	0.03561	0.03786	C
805	0.0041	0.00464	T
806	0.04613	0.04652	C
807	0.00194	0.002	G
808	0.0031	0.00313	G
809	0.00351	0.00388	C
810	0.00684	0.0069	A
811	0.00988	0.0099	A
812	0.01206	0.01208	A
813	0.00437	0.00496	T
814	0.08442	0.08491	C
815	0.00795	0.00796	T
816	0.00379	0.004	T
817	0.01207	0.01547	A
818	0.00467	0.0047	C
819	0.00283	0.00285	C
820	0.00297	0.00297	C
821	0.0048	0.00481	C
822	0.00319	0.00348	G
823	0.01269	0.01269	C
824	0.00433	0.00435	C
825	0.00121	0.00135	T
826	0.00195	0.00213	G
827	0.00136	0.00137	T
828	0.00141	0.00143	T
829	0.00187	0.00193	T
830	0.0099	0.0107	A
831	0.03249	0.03256	C
832	0.02273	0.02278	C
833	0.00262	0.0027	A
834	0.00507	0.00513	A
835	0.00378	0.00378	A
836	0.03211	0.03211	A
837	0.00589	0.0059	A
838	0.01095	0.01201	C
839	0.01019	0.01044	A
840	0.0034	0.00371	T
841	0.01732	0.01757	C
842	0.01495	0.01521	A
843	0.00421	0.00421	C
844	0.00118	0.00128	C
845	0.00128	0.00134	T
846	0.00277	0.00293	C
847	0.00187	0.00211	T
848	0.00377	0.00422	A
849	0.00366	0.00479	G
850	0.00312	0.0034	C
851	0.08734	0.08894	A
852	0.0027	0.00459	T
853	0.03009	0.03275	C
854	0.11528	0.117	A
855	0.10306	0.10323	C
856	0.00895	0.00919	C
857	0.00459	0.00591	A
858	0.00167	0.00172	G
859	0.0005	0.00057	T
860	0.00522	0.00535	A
861	0.00084	0.00085	T
862	0.00068	0.00068	T
863	0.00341	0.00411	A
864	0.00139	0.00144	G
865	0.01495	0.01553	A
866	0.00191	0.00191	G
867	0.0039	0.00394	G
868	0.02102	0.02203	C
869	0.00909	0.00953	A
870	0.04787	0.04799	C
871	0.05131	0.05172	C
872	0.00286	0.0032	G
873	0.00505	0.00506	C
874	0.00707	0.0071	C
875	0.00641	0.00832	T
876	0.00417	0.00464	G
877	0.00988	0.00989	C
878	0.0053	0.00531	C
879	0.01163	0.01166	C
880	0.28704	0.33139	A
881	0.00287	0.00314	G
882	0.00237	0.00251	T
883	0.00207	0.00219	G
884	0.01469	0.01501	A
885	0.0143	0.01546	C
886	0.14086	0.14322	A
887	0.13739	0.14228	C
888	0.03411	0.03609	A
889	0.00836	0.00904	T
890	0.00328	0.00354	G
891	0.00153	0.00153	T
892	0.00138	0.0014	T
893	0.00167	0.00168	T
894	0.01779	0.01787	A
895	0.01759	0.0177	A
896	0.0248	0.0253	C
897	0.00425	0.00426	G
898	0.00332	0.00334	G
899	0.00896	0.00897	C
900	0.02426	0.02431	C
901	0.00604	0.00677	G
902	0.00266	0.00273	C
903	0.00491	0.00492	G
904	0.00529	0.00543	G
905	0.00192	0.00216	T
906	0.05176	0.05285	A
907	0.10658	0.10665	C
908	0.08045	0.08058	C
909	0.0381	0.03825	C
910	0.00449	0.00482	T
911	0.0316	0.03179	A
912	0.02147	0.0216	A
913	0.01165	0.01168	C
914	0.00664	0.00671	C
915	0.00719	0.00837	G
916	0.00182	0.00195	T
917	0.00409	0.00427	G
918	0.0181	0.01981	C
919	0.03642	0.03669	A
920	0.03259	0.03273	A
921	0.01577	0.01577	A
922	0.00957	0.00979	G
923	0.00364	0.00372	G
924	0.00304	0.00322	T
925	0.0142	0.01432	A
926	0.00504	0.00578	G
927	0.02016	0.02064	C
928	0.03248	0.03294	A
929	0.00252	0.00313	T
930	0.01953	0.01954	A
931	0.02049	0.02328	A
932	0.00188	0.00332	T
933	0.15667	0.15938	C
934	0.06558	0.06591	A
935	0.03704	0.04127	C
936	0.00191	0.00195	T
937	0.00194	0.00195	T
938	0.00252	0.00262	G
939	0.00099	0.00099	T
940	0.00072	0.00072	T
941	0.00237	0.00238	C
942	0.00195	0.00196	C
943	0.0009	0.0009	T
944	0.00141	0.00143	T
945	0.00086	0.00297	A
946	0.00189	0.00201	A
947	0.51433	0.51592	A
948	0.00097	0.00126	T
949	0.0193	0.02309	A
950	0.00079	0.00102	G
951	0.00203	0.00203	G
952	0.00205	0.00205	G
953	0.00712	0.00748	A
954	0.00504	0.00506	C
955	0.06322	0.06329	C
956	0.00264	0.00292	T
957	0.00446	0.00474	G
958	0.00432	0.00464	T
959	0.02725	0.02759	A
960	0.00206	0.00209	T
961	0.00327	0.00339	G
962	0.01553	0.01566	A
963	0.01884	0.01913	A
964	0.00385	0.00401	T
965	0.00366	0.00368	G
966	0.00382	0.00388	G
967	0.00416	0.00462	C
968	0.00322	0.00352	T
969	0.01692	0.01692	C
970	0.01127	0.01135	C
971	0.01373	0.01644	A
972	0.02307	0.0236	C
973	0.00328	0.00357	G
974	0.01938	0.01985	A
975	0.00383	0.00383	G
976	0.00291	0.00291	G
977	0.00461	0.00462	G
978	0.0013	0.0013	T
979	0.00182	0.00183	T
980	0.09276	0.0982	C
981	0.07593	0.07723	A
982	0.00236	0.00241	G
983	0.00457	0.00464	C
984	0.00115	0.00121	T
985	0.00265	0.00277	G
986	0.00123	0.00127	T
987	0.00827	0.00854	C
988	0.0011	0.00127	T
989	0.01128	0.0117	C
990	0.00115	0.00115	T
991	0.00118	0.00121	T
992	0.00486	0.00771	A
993	0.01368	0.01408	C
994	0.00113	0.00116	T
995	0.00104	0.00104	T
996	0.0009	0.0009	T
997	0.00102	0.00102	T
998	0.00744	0.00755	A
999	0.00755	0.00756	A
1000	0.0084	0.00845	C
1001	0.00571	0.00574	C
1002	0.03225	0.03726	A
1003	0.00197	0.00209	G
1004	0.00099	0.00115	T
1005	0.00172	0.00188	G
1006	0.00546	0.00551	A
1007	0.03584	0.03587	A
1008	0.01213	0.01226	A
1009	0.00629	0.00636	T
1010	0.0022	0.0022	T
1011	0.0019	0.0021	G
1012	0.00706	0.00716	A
1013	0.00443	0.00445	C
1014	0.00303	0.00303	C
1015	0.01031	0.01494	T
1016	0.00706	0.00758	G
1017	0.00272	0.00272	C
1018	0.00139	0.00141	C
1019	0.00163	0.00163	C
1020	0.00271	0.00326	G
1021	0.00137	0.00152	T
1022	0.00296	0.00328	G
1023	0.01109	0.01122	A
1024	0.01414	0.01421	A
1025	0.00139	0.00154	G
1026	0.00762	0.00811	A
1027	0.00116	0.00117	G
1028	0.00093	0.00095	G
1029	0.00131	0.00157	C
1030	0.00131	0.00131	G
1031	0.00145	0.00145	G
1032	0.00246	0.00246	G
1033	0.0018	0.00211	C
1034	0.00254	0.00271	A
1035	0.00064	0.00093	T
1036	0.22637	0.22637	A
1037	0.02319	0.03536	A
1038	0.0738	0.09611	C
1039	0.00494	0.0056	A
1040	0.09664	0.1113	C
1041	0.00525	0.00566	A
1042	0.00302	0.00322	G
1043	0.01181	0.0123	C
1044	0.01183	0.01192	A
1045	0.01117	0.01149	A
1046	0.00214	0.00231	G
1047	0.00898	0.00925	A
1048	0.02937	0.03003	C
1049	0.00441	0.00472	G
1050	0.0105	0.01088	A
1051	0.0042	0.00458	G
1052	0.07249	0.07249	A
1053	0.02015	0.02262	A
1054	0.00297	0.00357	G
1055	0.06502	0.06632	A
1056	0.00261	0.00266	C
1057	0.00117	0.00117	C
1058	0.0009	0.00091	C
1059	0.00189	0.00219	T
1060	0.00566	0.00575	A
1061	0.00106	0.00111	T
1062	0.00319	0.00324	G
1063	0.00282	0.00283	G
1064	0.01041	0.01203	A
1065	0.00233	0.00238	G
1066	0.00764	0.00782	C
1067	0.00079	0.00079	T
1068	0.00085	0.00085	T
1069	0.00484	0.00492	T
1070	0.01041	0.01059	A
1071	0.01111	0.01176	A
1072	0.00082	0.00082	T
1073	0.00113	0.00113	T
1074	0.00108	0.00111	T
1075	0.07972	0.09398	A
1076	0.00123	0.00123	T
1077	0.00094	0.00099	T
1078	0.00715	0.00717	A
1079	0.00733	0.00738	A
1080	0.00184	0.00202	T
1081	0.00412	0.00454	G
1082	0.00732	0.0086	C
1083	0.00881	0.00896	A
1084	0.01534	0.01553	A
1085	0.02855	0.02863	A
1086	0.11667	0.12203	C
1087	0.06251	0.0637	A
1088	0.01006	0.01318	G
1089	0.00384	0.00513	T
1090	0.02682	0.02723	A
1091	0.16495	0.16603	C
1092	0.05192	0.05488	C
1093	0.00556	0.0088	T
1094	0.0388	0.04087	A
1095	0.0384	0.04009	A
1096	0.10419	0.11059	C
1097	0.04257	0.04463	A
1098	0.14126	0.14151	A
1099	0.00594	0.00656	A
1100	0.01062	0.01114	C
1101	0.00616	0.00641	C
1102	0.01406	0.01419	C
1103	0.01096	0.01373	A
1104	0.1538	0.15514	C
1105	0.00603	0.0071	A
1106	0.00372	0.00388	G
1107	0.00471	0.005	G
1108	0.00149	0.00184	T
1109	0.02016	0.02032	C
1110	0.02318	0.02333	C
1111	0.00204	0.00275	T
1112	0.00422	0.00437	A
1113	0.03757	0.03781	A
1114	0.0395	0.03963	A
1115	0.07857	0.08627	C
1116	0.00392	0.00483	T
1117	0.02645	0.02836	A
1118	0.03858	0.04025	C
1119	0.02679	0.02755	C
1120	0.01408	0.0148	A
1121	0.03542	0.03629	A
1122	0.04125	0.04152	A
1123	0.07093	0.07202	C
1124	0.01741	0.01819	C
1125	0.00079	0.00096	T
1126	0.00197	0.00218	G
1127	0.00258	0.00291	C
1128	0.00402	0.00433	A
1129	0.00168	0.00169	T
1130	0.00235	0.00266	T
1131	0.00075	0.0008	A
1132	0.00363	0.00368	A
1133	0.00353	0.00357	A
1134	0.00704	0.00709	A
1135	0.00573	0.0058	A
1136	0.0011	0.00115	T
1137	0.00072	0.00072	T
1138	0.00077	0.00079	T
1139	0.01459	0.0156	C
1140	0.0035	0.00356	G
1141	0.00355	0.00357	G
1142	0.00227	0.00227	T
1143	0.0026	0.00266	T
1144	0.00217	0.00219	G
1145	0.00257	0.00259	G
1146	0.00149	0.00149	G
1147	0.00228	0.00234	G
1148	0.108	0.1409	C
1149	0.00278	0.00295	G
1150	0.00929	0.01059	A
1151	0.00936	0.00943	C
1152	0.00155	0.00156	C
1153	0.00089	0.00101	T
1154	0.00245	0.00254	C
1155	0.00187	0.00188	G
1156	0.00152	0.00155	G
1157	0.00362	0.00427	A
1158	0.00304	0.00348	G
1159	0.01088	0.01151	C
1160	0.01279	0.01329	A
1161	0.0155	0.02201	G
1162	0.00988	0.0099	A
1163	0.02208	0.02335	A
1164	0.06254	0.06283	C
1165	0.01888	0.01892	C
1166	0.04699	0.04706	C
1167	0.00539	0.00547	A
1168	0.00956	0.00957	A
1169	0.01515	0.01522	C
1170	0.00041	0.00041	C
1171	0.00105	0.00119	T
1172	0.00194	0.00194	C
1173	0.00156	0.00156	C
1174	0.00369	0.00403	G
1175	0.00319	0.00345	A
1176	0.00662	0.0071	G
1177	0.09571	0.0966	C
1178	0.03182	0.03238	A
1179	0.00627	0.00635	G
1180	0.00345	0.00379	T
1181	0.10966	0.11006	A
1182	0.02643	0.02785	C
1183	0.01366	0.01394	A
1184	0.00351	0.00369	T
1185	0.00404	0.00414	G
1186	0.0018	0.00188	C
1187	0.00103	0.00115	T
1188	0.00807	0.00808	A
1189	0.01437	0.01442	A
1190	0.00354	0.00368	G
1191	0.00724	0.00779	A
1192	0.00209	0.00223	C
1193	0.0015	0.0015	T
1194	0.00318	0.00321	T
1195	0.02889	0.03321	C
1196	0.00852	0.00885	A
1197	0.0264	0.0264	C
1198	0.10144	0.10194	C
1199	0.00384	0.00486	A
1200	0.00258	0.00347	G
1201	0.00062	0.00168	T
1202	0.00159	0.00182	C
1203	0.08107	0.08123	A
1204	0.1777	0.17857	A
1205	0.0415	0.04236	A
1206	0.00236	0.00252	G
1207	0.00212	0.0024	C
1208	0.00472	0.0057	G
1209	0.02744	0.0289	A
1210	0.05267	0.05282	A
1211	0.12317	0.12894	C
1212	0.00587	0.0062	T
1213	0.04559	0.04659	A
1214	0.06139	0.06741	C
1215	0.00406	0.00475	T
1216	0.05588	0.06069	A
1217	0.00478	0.00669	T
1218	0.04219	0.04358	A
1219	0.06922	0.07291	C
1220	0.00432	0.00455	T
1221	0.05088	0.05255	C
1222	0.00696	0.00707	A
1223	0.00879	0.00896	A
1224	0.00198	0.00198	T
1225	0.00318	0.00321	T
1226	0.00252	0.00277	G
1227	0.00936	0.00948	A
1228	0.00546	0.00563	T
1229	0.07244	0.07267	C
1230	0.01025	0.01044	C
1231	0.01069	0.011	A
1232	0.00886	0.00952	A
1233	0.00459	0.00518	T
1234	0.03899	0.03914	A
1235	0.03533	0.03735	A
1236	0.0546	0.05898	C
1237	0.00191	0.00193	T
1238	0.00503	0.00503	T
1239	0.00227	0.00259	G
1240	0.00882	0.00892	A
1241	0.03602	0.03602	C
1242	0.00606	0.00612	C
1243	0.03837	0.0385	A
1244	0.00661	0.00661	A
1245	0.00971	0.01019	C
1246	0.00318	0.00324	G
1247	0.00237	0.00239	G
1248	0.00509	0.00514	A
1249	0.01424	0.01431	A
1250	0.02625	0.02668	C
1251	0.01005	0.01005	A
1252	0.0053	0.00555	A
1253	0.00976	0.01062	G
1254	0.00053	0.00055	T
1255	0.00077	0.00079	T
1256	0.01099	0.01549	A
1257	0.00622	0.00626	C
1258	0.00271	0.00273	C
1259	0.00815	0.00819	C
1260	0.0011	0.00117	T
1261	0.00401	0.00432	A
1262	0.00059	0.00059	G
1263	0.00182	0.00182	G
1264	0.00226	0.00233	G
1265	0.00764	0.01371	A
1266	0.00264	0.00309	T
1267	0.01156	0.01156	A
1268	0.01624	0.01761	A
1269	0.03326	0.03369	C
1270	0.00889	0.00931	A
1271	0.00198	0.00204	G
1272	0.00866	0.00897	C
1273	0.00332	0.00342	G
1274	0.01606	0.01703	C
1275	0.00495	0.00502	A
1276	0.00734	0.00737	A
1277	0.00097	0.001	T
1278	0.0036	0.00361	C
1279	0.00157	0.00163	C
1280	0.00063	0.00076	T
1281	0.0047	0.00528	A
1282	0.00065	0.00065	T
1283	0.00073	0.00083	T
1284	0.02614	0.03334	C
1285	0.00124	0.00137	T
1286	0.28393	0.28834	A
1287	0.0011	0.00116	G
1288	0.0082	0.00902	A
1289	0.00249	0.0026	G
1290	0.00935	0.00972	T
1291	0.12912	0.12918	C
1292	0.00938	0.00945	C
1293	0.01409	0.02068	A
1294	0.00166	0.00192	T
1295	0.15654	0.15771	A
1296	0.00114	0.00152	T
1297	0.00914	0.00943	C
1298	0.01901	0.0192	A
1299	0.01828	0.01834	A
1300	0.02386	0.02438	C
1301	0.00525	0.00525	A
1302	0.00622	0.0065	A
1303	0.00096	0.00105	T
1304	0.00818	0.00844	A
1305	0.00155	0.00157	G
1306	0.00202	0.00202	G
1307	0.00349	0.00353	G
1308	0.00184	0.00186	T
1309	0.00167	0.00169	T
1310	0.00133	0.00133	T
1311	0.01922	0.02042	A
1312	0.01468	0.01511	C
1313	0.00223	0.0024	G
1314	0.01177	0.01213	A
1315	0.00571	0.00576	C
1316	0.041	0.04132	C
1317	0.00155	0.00179	T
1318	0.01459	0.01475	C
1319	0.00197	0.00219	G
1320	0.15257	0.15293	A
1321	0.00312	0.00314	T
1322	0.00596	0.00636	G
1323	0.00365	0.00365	T
1324	0.00211	0.00211	T
1325	0.00279	0.00279	G
1326	0.00215	0.00215	G
1327	0.00693	0.00886	A
1328	0.00118	0.00174	T
1329	0.01336	0.01347	C
1330	0.01682	0.01827	A
1331	0.00281	0.00285	G
1332	0.00134	0.00136	G
1333	0.00494	0.00612	A
1334	0.00433	0.0044	C
1335	0.02367	0.02451	A
1336	0.00211	0.00267	T
1337	0.00875	0.00876	C
1338	0.00699	0.00701	C
1339	0.05283	0.05284	C
1340	0.00245	0.003	G
1341	0.0144	0.01456	A
1342	0.00218	0.00222	T
1343	0.00471	0.00473	G
1344	0.00434	0.00442	G
1345	0.00147	0.00157	T
1346	0.00429	0.00681	G
1347	0.07807	0.08879	C
1348	0.04253	0.04866	A
1349	0.00689	0.0073	G
1350	0.19401	0.19527	C
1351	0.02644	0.02703	C
1352	0.00346	0.00405	G
1353	0.00845	0.00877	C
1354	0.00141	0.00145	T
1355	0.01592	0.0163	A
1356	0.00174	0.00174	T
1357	0.00209	0.00211	T
1358	0.01856	0.01865	A
1359	0.02063	0.02077	A
1360	0.02563	0.02576	A
1361	0.00302	0.00308	G
1362	0.00433	0.00436	G
1363	0.00198	0.002	T
1364	0.00125	0.00131	T
1365	0.01153	0.01182	C
1366	0.02174	0.02224	G
1367	0.00073	0.00081	T
1368	0.0009	0.00094	T
1369	0.01205	0.01226	T
1370	0.00782	0.01178	G
1371	0.01663	0.01666	T
1372	0.00617	0.00633	T
1373	0.09992	0.11132	C
1374	0.01978	0.02008	A
1375	0.01383	0.01387	A
1376	0.01608	0.01664	C
1377	0.01184	0.01209	G
1378	0.01312	0.01346	A
1379	0.00171	0.00189	T
1380	0.0024	0.00245	T
1381	0.01502	0.01505	A
1382	0.02042	0.02051	A
1383	0.15538	0.15629	A
1384	0.00371	0.00394	G
1385	0.0018	0.00189	T
1386	0.00741	0.00744	C
1387	0.0053	0.00538	C
1388	0.00444	0.00474	T
1389	0.04904	0.04995	A
1390	0.09463	0.09545	C
1391	0.00924	0.00983	G
1392	0.00411	0.00476	T
1393	0.00429	0.00484	G
1394	0.02377	0.02544	A
1395	0.00306	0.00331	T
1396	0.03394	0.03423	C
1397	0.00402	0.00431	T
1398	0.00885	0.00973	G
1399	0.0508	0.05207	A
1400	0.01044	0.01073	G
1401	0.01015	0.01026	T
1402	0.00723	0.00728	T
1403	0.05017	0.05306	C
1404	0.05726	0.0612	A
1405	0.00299	0.00309	G
1406	0.00736	0.00764	A
1407	0.0075	0.00757	C
1408	0.00472	0.00475	C
1409	0.00328	0.0033	G
1410	0.00186	0.00188	G
1411	0.02012	0.02485	A
1412	0.005	0.00512	G
1413	0.00662	0.00779	T
1414	0.0402	0.04026	A
1415	0.03069	0.03144	A
1416	0.00153	0.00253	T
1417	0.00603	0.00607	C
1418	0.00732	0.00734	C
1419	0.05554	0.10305	A
1420	0.0065	0.00652	G
1421	0.00455	0.00455	G
1422	0.00049	0.00054	T
1423	0.00384	0.00387	C
1424	0.00405	0.00406	G
1425	0.0049	0.005	G
1426	0.00125	0.00125	T
1427	0.0078	0.00781	T
1428	0.00272	0.00273	T
1429	0.0637	0.06558	C
1430	0.00313	0.00321	T
1431	0.0606	0.06238	A
1432	0.00303	0.00331	T
1433	0.04058	0.0417	C
1434	0.00239	0.00263	T
1435	0.0219	0.02348	A
1436	0.043	0.04552	C
1437	0.00185	0.00196	T
1438	0.00375	0.00377	T
1439	0.09439	0.10267	C
1440	0.01391	0.01412	A
1441	0.06592	0.06611	A
1442	0.02976	0.03	A
1443	0.00454	0.00466	T
1444	0.00895	0.00896	T
1445	0.02451	0.02452	C
1446	0.01109	0.01125	C
1447	0.01241	0.01324	T
1448	0.0089	0.00891	C
1449	0.0164	0.0164	C
1450	0.01307	0.01334	C
1451	0.00238	0.0027	T
1452	0.00483	0.00605	G
1453	0.00313	0.00332	T
1454	0.01906	0.01956	A
1455	0.03149	0.0324	C
1456	0.00397	0.00468	G
1457	0.04532	0.04597	A
1458	0.02744	0.02761	A
1459	0.01094	0.01098	A
1460	0.0029	0.00293	G
1461	0.00171	0.00173	G
1462	0.03084	0.04416	A
1463	0.16756	0.17024	C
1464	0.05353	0.05367	A
1465	0.04336	0.04447	A
1466	0.00209	0.0024	G
1467	0.00748	0.00799	A
1468	0.00514	0.00543	G
1469	0.00394	0.00394	A
1470	0.00726	0.00726	A
1471	0.0089	0.00892	A
1472	0.00209	0.00234	T
1473	0.00692	0.00692	A
1474	0.0066	0.00686	A
1475	0.0033	0.00334	G
1476	0.00117	0.00118	G
1477	0.00096	0.00097	C
1478	0.00076	0.00076	C
1479	0.01047	0.0111	T
1480	0.00181	0.00196	A
1481	0.00185	0.00191	C
1482	0.00079	0.00085	T
1483	0.00147	0.00148	T
1484	0.03394	0.03545	C
1485	0.00818	0.00834	A
1486	0.05593	0.05702	C
1487	0.005	0.00509	A
1488	0.00422	0.00425	A
1489	0.00403	0.00422	A
1490	0.00316	0.00324	G
1491	0.00486	0.00492	C
1492	0.0023	0.00235	G
1493	0.00086	0.00087	C
1494	0.00068	0.00069	C
1495	0.00174	0.00187	T
1496	0.00137	0.00148	T
1497	0.01701	0.0172	C
1498	0.05399	0.05427	C
1499	0.06078	0.06092	C
1500	0.04992	0.04999	C
1501	0.08997	0.09023	C
1502	0.00215	0.00255	G
1503	0.00134	0.00155	T
1504	0.00469	0.00473	A
1505	0.0126	0.01262	A
1506	0.07843	0.07857	A
1507	0.00282	0.00305	T
1508	0.00974	0.01048	G
1509	0.00595	0.00623	A
1510	0.00422	0.00443	T
1511	0.02289	0.02331	A
1512	0.00134	0.00181	T
1513	0.04306	0.04464	C
1514	0.01458	0.01783	A
1515	0.00369	0.00461	T
1516	0.01747	0.01826	C
1517	0.0034	0.00644	T
1518	0.00994	0.01101	C
1519	0.1523	0.15716	A
1520	0.03047	0.03057	A
1521	0.00817	0.00962	C
1522	0.00096	0.00103	T
1523	0.00153	0.00164	T
1524	0.00409	0.00545	A
1525	0.00253	0.00314	G
1526	0.2002	0.20078	T
1527	0.02247	0.02272	A
1528	0.00184	0.00185	T
1529	0.00291	0.00298	T
1530	0.00806	0.01293	A
1531	0.00327	0.00408	T
1532	0.01009	0.01075	A
1533	0.02292	0.0233	C
1534	0.01489	0.01491	C
1535	0.01371	0.01375	C
1536	0.00204	0.00327	A
1537	0.00558	0.00602	C
1538	0.00767	0.00908	A
1539	0.00539	0.00539	C
1540	0.00373	0.00373	C
1541	0.00856	0.00879	C
1542	0.00237	0.00296	A
1543	0.00065	0.00065	C
1544	0.00058	0.00058	C
1545	0.00036	0.00037	C
1546	0.00118	0.00118	A
1547	0.00322	0.00323	A
1548	0.00133	0.00141	G
1549	0.001	0.001	A
1550	0.00354	0.00357	A
1551	0.00622	0.0064	C
1552	0.00149	0.00154	A
1553	0.00037	0.00037	G
1554	0.00044	0.00044	G
1555	0.00052	0.00052	G
1556	7e-05	7e-05	T
1557	0.0	0.0	T
1558	0.0	0.0	T
