Position	Mismatches	Mismatches + Deletions	Base
1	0.0	0.0	C
2	0.0	0.0	T
3	0.0	0.0	G
4	0.0389	0.0389	A
5	0.00873	0.00873	T
6	0.01348	0.01611	G
7	0.00979	0.01098	T
8	0.00993	0.00993	T
9	0.05224	0.0555	C
10	0.00793	0.00821	G
11	0.0691	0.07649	C
12	0.05421	0.05498	C
13	0.00497	0.0092	G
14	0.04911	0.05079	A
15	0.10337	0.10337	C
16	0.05662	0.05779	C
17	0.01265	0.01482	G
18	0.0093	0.0095	T
19	0.00997	0.01009	T
20	0.00512	0.00583	G
21	0.06498	0.06553	A
22	0.08821	0.08895	C
23	0.00811	0.00823	T
24	0.07054	0.07417	A
25	0.00801	0.00803	T
26	0.01059	0.01097	T
27	0.0788	0.09172	C
28	0.01038	0.01052	T
29	0.07219	0.07483	C
30	0.0088	0.00886	T
31	0.05178	0.05297	A
32	0.08313	0.0863	C
33	0.04297	0.0432	A
34	0.04452	0.04479	A
35	0.04954	0.05018	A
36	0.05225	0.05377	C
37	0.03908	0.04024	C
38	0.02163	0.0288	A
39	0.06545	0.07014	C
40	0.06185	0.06205	A
41	0.05428	0.05428	A
42	0.05665	0.05925	A
43	0.00869	0.00997	G
44	0.04831	0.04876	A
45	0.08804	0.08907	C
46	0.07672	0.07743	A
47	0.01024	0.01082	T
48	0.01105	0.01119	T
49	0.00948	0.00969	G
50	0.00786	0.00835	G
51	0.04969	0.0499	A
52	0.05703	0.05738	A
53	0.07841	0.08123	C
54	0.05809	0.05875	A
55	0.09173	0.09543	C
56	0.00799	0.00873	T
57	0.05572	0.0665	A
58	0.00994	0.0122	T
59	0.06323	0.06455	A
60	0.10745	0.10921	C
61	0.0555	0.05904	C
62	0.00699	0.0075	T
63	0.07612	0.08221	A
64	0.00854	0.00855	T
65	0.00989	0.01018	T
66	0.0927	0.14849	A
67	0.01079	0.01079	T
68	0.01075	0.01095	T
69	0.06523	0.07328	C
70	0.00998	0.01003	G
71	0.00688	0.00696	G
72	0.0434	0.04455	C
73	0.00894	0.00991	G
74	0.07926	0.08215	C
75	0.05634	0.05725	A
76	0.00759	0.00788	T
77	0.00379	0.00416	G
78	0.03565	0.03663	A
79	0.006	0.00606	G
80	0.02135	0.02182	C
81	0.00242	0.00257	T
82	0.00541	0.00542	G
83	0.00539	0.00565	G
84	0.06993	0.09167	A
85	0.00962	0.00976	G
86	0.00929	0.00995	T
87	0.02994	0.02996	C
88	0.02151	0.0216	C
89	0.0089	0.00982	T
90	0.09385	0.09909	A
91	0.0067	0.00676	G
92	0.00627	0.00632	G
93	0.01632	0.01717	C
94	0.06812	0.0729	A
95	0.01485	0.01534	C
96	0.018	0.02076	A
97	0.00562	0.00579	G
98	0.0051	0.00524	C
99	0.0025	0.00286	T
100	0.00387	0.00416	C
101	0.00609	0.00823	T
102	0.04975	0.05102	A
103	0.11702	0.11887	A
104	0.00439	0.00489	G
105	0.05522	0.05546	C
106	0.0111	0.01131	C
107	0.00385	0.00591	T
108	0.06323	0.06329	C
109	0.07502	0.07831	C
110	0.00855	0.00859	T
111	0.01349	0.01376	T
112	0.04453	0.12255	A
113	0.01209	0.01211	T
114	0.01312	0.01356	T
115	0.12799	0.14192	C
116	0.00869	0.01073	G
117	0.07383	0.07729	A
118	0.00819	0.00838	G
119	0.04083	0.04136	C
120	0.05738	0.05819	C
121	0.00675	0.00896	G
122	0.07776	0.08277	A
123	0.00697	0.00705	G
124	0.02161	0.02255	C
125	0.00479	0.00535	T
126	0.00553	0.00565	G
127	0.00752	0.00777	G
128	0.00769	0.00773	G
129	0.0242	0.02435	C
130	0.03272	0.03336	C
131	0.05993	0.09422	A
132	0.00827	0.0085	G
133	0.07815	0.07839	C
134	0.06584	0.06649	C
135	0.04369	0.07696	A
136	0.00451	0.00453	G
137	0.00681	0.00689	G
138	0.06045	0.06217	C
139	0.09324	0.09394	A
140	0.05746	0.05779	A
141	0.08637	0.08669	C
142	0.05788	0.0582	C
143	0.0069	0.00702	T
144	0.01138	0.01149	T
145	0.08745	0.10864	C
146	0.01268	0.01282	T
147	0.07299	0.07755	A
148	0.00534	0.00546	G
149	0.00653	0.0067	G
150	0.00507	0.00542	T
151	0.03545	0.03559	A
152	0.03237	0.03282	A
153	0.04224	0.04354	C
154	0.01011	0.01142	G
155	0.0804	0.08273	A
156	0.08593	0.08617	C
157	0.0664	0.06767	C
158	0.03772	0.04532	A
159	0.08929	0.09231	C
160	0.04484	0.04897	A
161	0.01116	0.0123	T
162	0.07982	0.08121	C
163	0.01288	0.01405	T
164	0.06534	0.06814	A
165	0.0912	0.09537	C
166	0.04781	0.04794	A
167	0.06279	0.06381	A
168	0.04043	0.04175	C
169	0.00699	0.00745	G
170	0.00338	0.00345	T
171	0.00513	0.00524	T
172	0.02292	0.03823	A
173	0.00472	0.00563	T
174	0.0326	0.03382	C
175	0.00935	0.01009	G
176	0.00825	0.01002	T
177	0.07639	0.07762	C
178	0.06431	0.0748	A
179	0.05708	0.06218	C
180	0.05651	0.06853	A
181	0.00936	0.01025	G
182	0.01877	0.01888	C
183	0.01851	0.01861	C
184	0.0155	0.01574	C
185	0.01429	0.02309	A
186	0.00849	0.00884	T
187	0.00425	0.00478	G
188	0.01917	0.01985	C
189	0.05661	0.05851	A
190	0.00588	0.00602	T
191	0.00762	0.00775	T
192	0.00891	0.00902	T
193	0.00983	0.01207	G
194	0.00769	0.00815	T
195	0.0551	0.05734	A
196	0.04162	0.04396	A
197	0.00802	0.0085	T
198	0.0503	0.05131	A
199	0.05225	0.06475	A
200	0.00644	0.00687	T
201	0.13073	0.14209	C
202	0.00701	0.00702	T
203	0.00633	0.00654	T
204	0.07642	0.10173	C
205	0.00694	0.00697	T
206	0.00725	0.0076	T
207	0.07708	0.0826	C
208	0.07421	0.07767	A
209	0.00811	0.00853	T
210	0.06225	0.06433	A
211	0.00725	0.0089	G
212	0.00812	0.00884	T
213	0.07224	0.07284	A
214	0.04922	0.05417	A
215	0.0136	0.01583	T
216	0.05484	0.05709	A
217	0.0767	0.08212	C
218	0.04346	0.04421	C
219	0.0265	0.02683	C
220	0.03846	0.04505	A
221	0.00816	0.01217	T
222	0.06633	0.06917	C
223	0.05014	0.0563	A
224	0.00652	0.0072	T
225	0.05415	0.0544	A
226	0.04174	0.04741	A
227	0.00241	0.00312	T
228	0.01129	0.01205	C
229	0.00717	0.00736	G
230	0.00414	0.00435	G
231	0.02777	0.03692	A
232	0.00495	0.00496	G
233	0.0047	0.00477	G
234	0.01538	0.01583	C
235	0.00392	0.00393	T
236	0.00843	0.00849	T
237	0.00801	0.00802	T
238	0.00455	0.00462	G
239	0.00494	0.00498	G
240	0.10356	0.10475	C
241	0.0263	0.02654	A
242	0.01964	0.01977	A
243	0.02164	0.02246	C
244	0.00429	0.00449	T
245	0.00801	0.01075	G
246	0.07442	0.07511	A
247	0.11306	0.11502	C
248	0.0108	0.01098	T
249	0.04889	0.05173	A
250	0.00778	0.00855	G
251	0.005	0.00514	T
252	0.00508	0.00516	T
253	0.04282	0.04292	C
254	0.0309	0.03095	C
255	0.03521	0.03529	C
256	0.02338	0.02347	C
257	0.00672	0.00792	T
258	0.06389	0.06585	A
259	0.06073	0.0622	A
260	0.01187	0.01238	T
261	0.06194	0.06201	A
262	0.06175	0.07238	A
263	0.00774	0.00848	T
264	0.06929	0.07468	C
265	0.00596	0.00601	G
266	0.0067	0.00681	G
267	0.01045	0.0109	T
268	0.00739	0.00822	G
269	0.0107	0.01087	C
270	0.00661	0.00666	C
271	0.02078	0.02081	C
272	0.00589	0.0059	C
273	0.005	0.005	C
274	0.00541	0.00601	G
275	0.01444	0.01489	A
276	0.0028	0.00285	T
277	0.04561	0.04671	A
278	0.00788	0.00805	T
279	0.00546	0.00557	G
280	0.00463	0.00472	G
281	0.08524	0.08575	C
282	0.00832	0.00861	G
283	0.00374	0.00387	T
284	0.01032	0.01043	T
285	0.01323	0.01328	T
286	0.08931	0.08978	C
287	0.07331	0.07337	C
288	0.05566	0.05575	C
289	0.04591	0.04612	C
290	0.00592	0.00806	G
291	0.04872	0.04962	C
292	0.03518	0.03779	A
293	0.01167	0.01359	T
294	0.04674	0.047	A
295	0.03443	0.03472	A
296	0.03592	0.03694	A
297	0.06888	0.0765	C
298	0.02933	0.02945	A
299	0.02782	0.02971	A
300	0.0706	0.07528	C
301	0.05114	0.0553	A
302	0.00716	0.00979	T
303	0.0505	0.05052	A
304	0.05151	0.05542	A
305	0.00585	0.00748	G
306	0.06388	0.0663	C
307	0.00764	0.00779	T
308	0.00838	0.00846	T
309	0.05322	0.0608	C
310	0.00868	0.00899	T
311	0.00513	0.00831	G
312	0.04444	0.04574	A
313	0.05705	0.05888	C
314	0.00819	0.00866	T
315	0.06583	0.06948	C
316	0.00759	0.00765	T
317	0.00897	0.00943	T
318	0.03451	0.05662	A
319	0.06779	0.07037	C
320	0.04247	0.04394	C
321	0.00996	0.01266	T
322	0.05464	0.05584	C
323	0.04738	0.04754	C
324	0.04037	0.04366	C
325	0.00794	0.0089	T
326	0.06016	0.06328	C
327	0.01146	0.01246	T
328	0.05191	0.05427	C
329	0.00499	0.0055	T
330	0.04214	0.04217	C
331	0.02467	0.02737	C
332	0.00937	0.0104	T
333	0.06983	0.07894	A
334	0.04924	0.05143	C
335	0.00835	0.0088	T
336	0.03746	0.03751	C
337	0.02061	0.02245	C
338	0.00743	0.00905	T
339	0.01064	0.0123	G
340	0.04666	0.04933	C
341	0.00945	0.01115	T
342	0.06555	0.06836	C
343	0.00817	0.01034	G
344	0.03329	0.03612	C
345	0.03851	0.04087	A
346	0.00666	0.00757	T
347	0.04325	0.04385	C
348	0.01021	0.01045	T
349	0.00445	0.00471	G
350	0.03048	0.03177	C
351	0.00669	0.00678	T
352	0.05149	0.05297	A
353	0.00975	0.00993	T
354	0.0744	0.07749	A
355	0.00765	0.00832	G
356	0.00676	0.00716	T
357	0.00551	0.00552	G
358	0.00478	0.00493	G
359	0.02776	0.03455	A
360	0.0062	0.0062	G
361	0.00624	0.00649	G
362	0.07258	0.07323	C
363	0.07222	0.07241	C
364	0.00492	0.00503	G
365	0.00354	0.00373	G
366	0.01343	0.01608	A
367	0.0073	0.008	G
368	0.14577	0.14783	C
369	0.0208	0.02182	A
370	0.00427	0.00428	G
371	0.00488	0.00504	G
372	0.03163	0.03184	A
373	0.07123	0.07168	A
374	0.12318	0.12611	C
375	0.05096	0.0513	A
376	0.00495	0.00507	G
377	0.00591	0.00593	G
378	0.00569	0.00579	T
379	0.00705	0.00709	T
380	0.0105	0.01117	G
381	0.06572	0.0661	A
382	0.06766	0.06788	A
383	0.13877	0.14089	C
384	0.07781	0.07902	A
385	0.00539	0.00557	G
386	0.00379	0.00403	T
387	0.02727	0.02794	C
388	0.00661	0.00725	T
389	0.02958	0.03245	A
390	0.03096	0.03113	C
391	0.09338	0.09438	C
392	0.06206	0.06317	C
393	0.0078	0.01006	T
394	0.00873	0.00874	C
395	0.01602	0.01602	C
396	0.03915	0.0398	C
397	0.00396	0.00409	T
398	0.01027	0.01036	T
399	0.06659	0.10964	A
400	0.0106	0.01215	G
401	0.11194	0.11503	C
402	0.04046	0.04252	A
403	0.00329	0.00331	G
404	0.00383	0.00391	G
405	0.0039	0.00392	G
406	0.02026	0.0204	A
407	0.06367	0.06376	A
408	0.09912	0.10237	C
409	0.0081	0.00853	T
410	0.10469	0.11275	A
411	0.04594	0.04885	C
412	0.00843	0.00973	T
413	0.02864	0.02882	C
414	0.02237	0.0224	C
415	0.06755	0.06871	C
416	0.04285	0.06291	A
417	0.08842	0.08842	C
418	0.06492	0.06492	C
419	0.05245	0.05758	C
420	0.00798	0.01001	T
421	0.00394	0.00398	G
422	0.00369	0.00399	G
423	0.0248	0.03184	A
424	0.00601	0.00609	G
425	0.12904	0.13002	C
426	0.03613	0.03641	C
427	0.0049	0.00611	T
428	0.05851	0.05857	C
429	0.07181	0.07205	C
430	0.00482	0.006	G
431	0.00345	0.00394	T
432	0.0228	0.02434	A
433	0.00537	0.00562	G
434	0.02079	0.02137	A
435	0.02746	0.02762	C
436	0.01667	0.01699	C
437	0.00865	0.00973	T
438	0.03579	0.03656	A
439	0.03398	0.03452	A
440	0.04892	0.04924	C
441	0.02475	0.02503	C
442	0.0543	0.06444	A
443	0.0072	0.00777	T
444	0.06641	0.0672	C
445	0.00901	0.00914	T
446	0.00913	0.00925	T
447	0.03803	0.04937	C
448	0.00734	0.00752	T
449	0.04676	0.04678	C
450	0.03355	0.03509	C
451	0.00673	0.0068	T
452	0.00925	0.00943	T
453	0.03279	0.06476	A
454	0.02684	0.02809	C
455	0.01688	0.01818	A
456	0.0224	0.02247	C
457	0.02539	0.0258	C
458	0.00424	0.00478	T
459	0.05374	0.05676	A
460	0.00763	0.00916	G
461	0.05594	0.0571	C
462	0.03875	0.04097	A
463	0.00433	0.00438	G
464	0.0048	0.00509	G
465	0.00189	0.00202	T
466	0.00494	0.00532	G
467	0.004	0.00456	T
468	0.07506	0.07553	C
469	0.00697	0.00741	T
470	0.05293	0.05317	C
471	0.0351	0.03665	C
472	0.00702	0.00767	T
473	0.05574	0.05942	C
474	0.00624	0.00658	T
475	0.04931	0.0536	A
476	0.00721	0.00767	T
477	0.08247	0.08431	C
478	0.0082	0.0082	T
479	0.01164	0.01179	T
480	0.04665	0.05464	A
481	0.01224	0.01237	G
482	0.00676	0.00682	G
483	0.00644	0.00648	G
484	0.00473	0.00489	G
485	0.06325	0.06359	C
486	0.0306	0.03093	C
487	0.02624	0.02935	A
488	0.00636	0.00694	T
489	0.04785	0.0487	C
490	0.02292	0.02347	A
491	0.04344	0.04458	A
492	0.00507	0.00522	T
493	0.00843	0.00857	T
494	0.0088	0.00915	T
495	0.04617	0.05057	C
496	0.03278	0.03521	A
497	0.01134	0.01307	T
498	0.05391	0.05871	C
499	0.02379	0.02488	A
500	0.05532	0.06798	C
501	0.02021	0.02068	A
502	0.02371	0.02426	A
503	0.07073	0.07761	C
504	0.0174	0.01778	A
505	0.02591	0.02681	A
506	0.0071	0.00774	T
507	0.00849	0.00921	T
508	0.02487	0.04136	A
509	0.0078	0.00867	T
510	0.05709	0.0603	C
511	0.0312	0.03469	A
512	0.02348	0.02568	A
513	0.00747	0.00835	T
514	0.03431	0.03698	A
515	0.00992	0.0121	T
516	0.02321	0.02331	A
517	0.01673	0.01673	A
518	0.02536	0.02537	A
519	0.04227	0.04259	A
520	0.0415	0.04463	C
521	0.0192	0.01938	C
522	0.01851	0.01857	C
523	0.02078	0.02081	C
524	0.02015	0.02024	C
525	0.01393	0.01491	T
526	0.00581	0.00638	G
527	0.04537	0.04548	C
528	0.04169	0.04197	C
529	0.02224	0.04399	A
530	0.00805	0.01155	T
531	0.03503	0.03521	A
532	0.02836	0.03176	A
533	0.06303	0.06406	C
534	0.04828	0.04873	C
535	0.03614	0.03648	C
536	0.02527	0.02625	A
537	0.03566	0.03715	A
538	0.00842	0.01065	T
539	0.05225	0.05387	A
540	0.07192	0.0726	C
541	0.04625	0.04778	C
542	0.02111	0.02176	A
543	0.0399	0.0408	A
544	0.05334	0.05521	A
545	0.11501	0.12896	C
546	0.00942	0.01125	G
547	0.03792	0.03803	C
548	0.03044	0.03054	C
549	0.03358	0.03378	C
550	0.03487	0.03517	C
551	0.00798	0.00903	T
552	0.09013	0.09234	C
553	0.0098	0.00989	T
554	0.01172	0.01252	T
555	0.06928	0.07433	C
556	0.01688	0.01824	G
557	0.01055	0.01144	T
558	0.06812	0.06901	C
559	0.01187	0.01257	T
560	0.00636	0.0127	G
561	0.05374	0.05678	A
562	0.01217	0.01265	T
563	0.08768	0.08839	C
564	0.05672	0.05791	C
565	0.0064	0.01349	G
566	0.01306	0.01355	T
567	0.07393	0.07415	C
568	0.03965	0.04008	C
569	0.01039	0.01124	T
570	0.0442	0.04571	A
571	0.05709	0.05843	A
572	0.0098	0.01165	T
573	0.08073	0.08242	C
574	0.05768	0.06348	A
575	0.04936	0.05278	C
576	0.03519	0.03928	A
577	0.00695	0.00803	G
578	0.03916	0.04058	C
579	0.03691	0.04233	A
580	0.00728	0.00788	G
581	0.00833	0.00904	T
582	0.07822	0.0785	C
583	0.05204	0.05281	C
584	0.00748	0.00846	T
585	0.05024	0.05212	A
586	0.09579	0.09974	C
587	0.01009	0.01044	T
588	0.01058	0.0107	T
589	0.05321	0.07108	C
590	0.01018	0.01055	T
591	0.10711	0.10717	C
592	0.04874	0.05612	C
593	0.00945	0.0106	T
594	0.06509	0.07899	A
595	0.01154	0.01212	T
596	0.0878	0.09107	C
597	0.01322	0.01486	T
598	0.08088	0.08637	C
599	0.01319	0.015	T
600	0.11106	0.11133	C
601	0.04684	0.04688	C
602	0.02507	0.02577	C
603	0.02254	0.03948	A
604	0.00626	0.00689	G
605	0.00691	0.00742	T
606	0.06286	0.06296	C
607	0.0472	0.04766	C
608	0.00882	0.00943	T
609	0.07043	0.0746	A
610	0.0052	0.00566	G
611	0.05353	0.05496	C
612	0.00596	0.00609	T
613	0.00482	0.00528	G
614	0.01463	0.01537	C
615	0.00689	0.00731	T
616	0.004	0.00402	G
617	0.00543	0.00574	G
618	0.12278	0.12536	C
619	0.04834	0.04939	A
620	0.00863	0.01025	T
621	0.05602	0.05713	C
622	0.05442	0.05505	A
623	0.07883	0.08239	C
624	0.00696	0.00789	T
625	0.05797	0.06199	A
626	0.00855	0.01002	T
627	0.06027	0.06229	A
628	0.08024	0.08744	C
629	0.00847	0.01123	T
630	0.05787	0.05995	A
631	0.07893	0.08811	C
632	0.00831	0.00961	T
633	0.06031	0.06077	A
634	0.0544	0.05705	A
635	0.05702	0.05954	C
636	0.04471	0.04944	A
637	0.00828	0.00911	G
638	0.02951	0.03025	A
639	0.03725	0.03755	C
640	0.03962	0.04022	C
641	0.01091	0.02576	G
642	0.07447	0.09188	C
643	0.04688	0.05043	A
644	0.05556	0.0562	A
645	0.09373	0.09421	C
646	0.04503	0.0467	C
647	0.01081	0.01384	T
648	0.07888	0.08173	C
649	0.05432	0.058	A
650	0.05002	0.05111	A
651	0.07971	0.08953	C
652	0.05624	0.05912	A
653	0.08816	0.08852	C
654	0.06421	0.06759	C
655	0.06298	0.07498	A
656	0.0172	0.0172	C
657	0.01216	0.01243	C
658	0.00183	0.00197	T
659	0.00204	0.00212	T
660	0.0153	0.02118	C
661	0.00217	0.00219	T
662	0.00263	0.00285	T
663	0.01626	0.0175	C
664	0.00811	0.01026	G
665	0.07145	0.0748	A
666	0.04764	0.04799	C
667	0.0594	0.06029	C
668	0.06081	0.06111	C
669	0.0682	0.06891	C
670	0.00751	0.01004	G
671	0.06444	0.06444	C
672	0.00985	0.00998	C
673	0.00469	0.00471	G
674	0.00375	0.00384	G
675	0.01131	0.0135	A
676	0.00497	0.00497	G
677	0.00439	0.00447	G
678	0.01659	0.02004	A
679	0.00567	0.00567	G
680	0.00538	0.00576	G
681	0.06858	0.11079	A
682	0.01195	0.01524	G
683	0.06357	0.06772	A
684	0.08757	0.08934	C
685	0.06324	0.06341	C
686	0.05853	0.05857	C
687	0.05362	0.05371	C
688	0.05693	0.06276	A
689	0.00828	0.00854	T
690	0.01153	0.01214	T
691	0.07233	0.08671	C
692	0.00982	0.01078	T
693	0.06675	0.08346	A
694	0.01095	0.01414	T
695	0.06227	0.06452	A
696	0.09126	0.09371	C
697	0.05734	0.0589	C
698	0.05052	0.0525	A
699	0.05358	0.05595	A
700	0.08922	0.10137	C
701	0.05975	0.06311	A
702	0.10297	0.10431	C
703	0.04206	0.04578	C
704	0.00679	0.00771	T
705	0.10354	0.11097	A
706	0.00768	0.00777	T
707	0.00848	0.00864	T
708	0.10288	0.12275	C
709	0.01579	0.01594	T
710	0.02723	0.03012	G
711	0.06638	0.07455	A
712	0.00181	0.00182	T
713	0.00228	0.0023	T
714	0.00175	0.00177	T
715	0.0061	0.00611	T
716	0.00801	0.00803	T
717	0.07702	0.08482	C
718	0.01125	0.01152	G
719	0.00789	0.0087	G
720	0.0154	0.0212	T
721	0.07782	0.08157	C
722	0.07553	0.07821	A
723	0.13151	0.13171	C
724	0.05114	0.05122	C
725	0.03311	0.03407	C
726	0.0057	0.00887	T
727	0.00606	0.00765	G
728	0.02567	0.02645	A
729	0.03836	0.03884	A
730	0.00739	0.00838	G
731	0.00519	0.00539	T
732	0.0055	0.00557	T
733	0.00777	0.00792	T
734	0.07698	0.09136	A
735	0.00769	0.00822	T
736	0.09312	0.10576	A
737	0.00895	0.00897	T
738	0.00811	0.00834	T
739	0.09413	0.11789	C
740	0.01323	0.01324	T
741	0.01186	0.01218	T
742	0.02532	0.07292	A
743	0.01053	0.01109	T
744	0.08406	0.08655	C
745	0.0413	0.04368	C
746	0.00867	0.01034	T
747	0.05549	0.05853	A
748	0.08033	0.0807	C
749	0.05706	0.05807	C
750	0.03264	0.05817	A
751	0.0058	0.00604	G
752	0.00457	0.00466	G
753	0.08736	0.08999	C
754	0.00647	0.00662	T
755	0.00803	0.00807	T
756	0.04606	0.04942	C
757	0.00516	0.00524	G
758	0.00411	0.00432	G
759	0.03636	0.03669	A
760	0.04489	0.04534	A
761	0.00753	0.00793	T
762	0.04931	0.04949	A
763	0.05312	0.0585	A
764	0.01096	0.01165	T
765	0.05663	0.06382	C
766	0.01191	0.01388	T
767	0.0512	0.05158	C
768	0.04276	0.04289	C
769	0.05925	0.06096	C
770	0.03011	0.04099	A
771	0.00754	0.00799	T
772	0.04157	0.04297	A
773	0.00733	0.00737	T
774	0.00828	0.00855	T
775	0.0056	0.00792	G
776	0.0091	0.01106	T
777	0.04665	0.04768	A
778	0.0388	0.03954	A
779	0.07506	0.07902	C
780	0.0073	0.00767	T
781	0.00775	0.00893	T
782	0.0322	0.05165	A
783	0.06732	0.07093	C
784	0.00759	0.00956	T
785	0.05191	0.05977	A
786	0.05801	0.0627	C
787	0.00765	0.00804	T
788	0.03986	0.04	C
789	0.02981	0.0304	C
790	0.00544	0.00597	G
791	0.01057	0.01165	G
792	0.00141	0.00167	A
793	0.00102	0.0012	A
794	0.00334	0.00344	A
795	0.02154	0.02161	A
796	0.02204	0.02211	A
797	0.03643	0.0366	A
798	0.04351	0.04355	A
799	0.01651	0.01725	G
800	0.03259	0.03262	A
801	0.06145	0.06171	A
802	0.02033	0.02049	C
803	0.0124	0.01248	C
804	0.02284	0.02395	A
805	0.0024	0.00242	T
806	0.00324	0.00327	T
807	0.00451	0.00453	T
808	0.00554	0.00567	G
809	0.0051	0.00518	G
810	0.00854	0.02257	A
811	0.00277	0.00288	T
812	0.0154	0.01553	A
813	0.02576	0.02615	C
814	0.01849	0.01913	A
815	0.00259	0.00279	T
816	0.01286	0.0131	A
817	0.00404	0.00424	G
818	0.00537	0.00544	G
819	0.00671	0.00698	T
820	0.08833	0.08967	A
821	0.01145	0.01167	T
822	0.00676	0.00695	G
823	0.00496	0.00516	G
824	0.00594	0.00627	T
825	0.04283	0.04384	C
826	0.00868	0.00953	T
827	0.00658	0.00946	G
828	0.11666	0.11774	A
829	0.0059	0.00594	G
830	0.01684	0.01732	C
831	0.00225	0.00231	T
832	0.01665	0.01728	A
833	0.00326	0.00348	T
834	0.00385	0.00447	G
835	0.07787	0.07931	A
836	0.00374	0.00391	T
837	0.02241	0.02295	A
838	0.00337	0.00387	T
839	0.02588	0.0268	C
840	0.02942	0.02959	A
841	0.0352	0.03689	A
842	0.0041	0.00415	T
843	0.00796	0.00804	T
844	0.00666	0.0068	G
845	0.00453	0.0046	G
846	0.09784	0.10078	C
847	0.00523	0.00527	T
848	0.00408	0.00417	T
849	0.03107	0.03127	C
850	0.03528	0.03596	C
851	0.00925	0.00998	T
852	0.08338	0.09054	A
853	0.00521	0.00531	G
854	0.00519	0.00526	G
855	0.00782	0.00796	G
856	0.00553	0.00556	T
857	0.00782	0.00786	T
858	0.00932	0.00939	T
859	0.07246	0.08075	A
860	0.00574	0.00617	T
861	0.04178	0.04301	C
862	0.00749	0.0079	G
863	0.00442	0.0048	T
864	0.00862	0.0092	G
865	0.01289	0.01504	T
866	0.00733	0.00785	G
867	0.05693	0.05991	A
868	0.01013	0.01063	G
869	0.04073	0.04369	C
870	0.03941	0.04532	A
871	0.03375	0.03582	C
872	0.03816	0.03928	A
873	0.0436	0.0437	C
874	0.03942	0.04061	C
875	0.02464	0.03102	A
876	0.00596	0.00642	T
877	0.02858	0.03039	A
878	0.00542	0.00563	T
879	0.03853	0.03977	A
880	0.00508	0.00514	T
881	0.00652	0.00654	T
882	0.00614	0.00623	T
883	0.03959	0.04631	A
884	0.06463	0.06525	C
885	0.05134	0.05237	A
886	0.00768	0.00818	G
887	0.00788	0.00853	T
888	0.04594	0.04745	A
889	0.00499	0.00507	G
890	0.00431	0.00442	G
891	0.03289	0.03315	A
892	0.04356	0.04414	A
893	0.0067	0.00734	T
894	0.04688	0.04797	A
895	0.00437	0.00463	G
896	0.03475	0.03554	A
897	0.07222	0.0735	C
898	0.00521	0.00547	G
899	0.00412	0.00525	T
900	0.04966	0.05086	A
901	0.00609	0.00648	G
902	0.06552	0.0676	A
903	0.03031	0.03208	C
904	0.02563	0.02639	A
905	0.02752	0.03006	C
906	0.0207	0.02147	A
907	0.03557	0.03713	C
908	0.00511	0.00585	G
909	0.02671	0.02748	A
910	0.00594	0.00661	G
911	0.07302	0.07442	C
912	0.04146	0.04227	A
913	0.00708	0.00738	T
914	0.0666	0.06808	A
915	0.00435	0.00437	T
916	0.00734	0.00739	T
917	0.00882	0.00889	T
918	0.06927	0.07222	C
919	0.04719	0.04843	A
920	0.08616	0.08647	C
921	0.03563	0.03664	C
922	0.00995	0.01129	T
923	0.04683	0.04685	C
924	0.04981	0.05086	C
925	0.00498	0.00832	G
926	0.0413	0.04622	C
927	0.00674	0.0075	T
928	0.04014	0.04162	A
929	0.06488	0.06504	C
930	0.04979	0.05084	C
931	0.02661	0.04304	A
932	0.00741	0.00853	T
933	0.04435	0.0444	A
934	0.05109	0.0569	A
935	0.00714	0.00843	T
936	0.06116	0.06434	C
937	0.04617	0.05081	A
938	0.00918	0.00982	T
939	0.06675	0.06982	C
940	0.00788	0.00829	G
941	0.03203	0.03372	C
942	0.00494	0.00549	T
943	0.07056	0.07763	A
944	0.01054	0.01165	T
945	0.03893	0.04016	C
946	0.02571	0.02605	C
947	0.04822	0.04833	C
948	0.05833	0.05891	C
949	0.0402	0.04768	A
950	0.10003	0.10003	C
951	0.04508	0.0457	C
952	0.00404	0.00476	G
953	0.00394	0.00395	G
954	0.01418	0.0144	C
955	0.00606	0.00622	G
956	0.00386	0.00448	T
957	0.04593	0.04667	C
958	0.05057	0.05109	A
959	0.05446	0.05466	A
960	0.05007	0.05041	A
961	0.01006	0.0114	G
962	0.00695	0.00749	T
963	0.07558	0.07765	A
964	0.00832	0.00837	T
965	0.00994	0.00997	T
966	0.01279	0.01284	T
967	0.09178	0.10969	A
968	0.00835	0.00859	G
969	0.05678	0.05783	C
970	0.00507	0.0052	T
971	0.00435	0.00551	G
972	0.06836	0.06993	A
973	0.06756	0.06883	C
974	0.01356	0.01439	T
975	0.05653	0.05825	C
976	0.0089	0.00973	G
977	0.01139	0.01141	C
978	0.01358	0.01385	C
979	0.04293	0.08373	A
980	0.09751	0.10557	C
981	0.05962	0.06879	A
982	0.08275	0.08981	C
983	0.01198	0.01285	T
984	0.07177	0.07177	C
985	0.05746	0.05862	C
986	0.04524	0.05833	A
987	0.12451	0.12721	C
988	0.00544	0.0063	G
989	0.00491	0.00517	G
990	0.02769	0.02804	A
991	0.03714	0.03738	A
992	0.00618	0.00779	G
993	0.04163	0.04353	C
994	0.0688	0.06923	A
995	0.06359	0.06429	A
996	0.00941	0.01018	T
997	0.07206	0.07294	A
998	0.00926	0.00975	T
999	0.00764	0.00923	G
1000	0.03546	0.0357	A
1001	0.08447	0.08613	A
1002	0.06577	0.06891	A
1003	0.00856	0.00995	T
1004	0.008	0.01289	G
1005	0.0688	0.07264	A
1006	0.00913	0.00979	T
1007	0.10804	0.11046	C
1008	0.00634	0.00666	T
1009	0.00639	0.00776	G
1010	0.03345	0.03481	C
1011	0.00407	0.00452	T
1012	0.00573	0.00659	G
1013	0.04564	0.04733	C
1014	0.03769	0.04267	A
1015	0.00792	0.00819	G
1016	0.00424	0.00451	T
1017	0.00581	0.00608	G
1018	0.02316	0.02399	C
1019	0.00604	0.00632	T
1020	0.08087	0.08198	C
1021	0.01111	0.01193	T
1022	0.00632	0.01054	G
1023	0.08192	0.08759	A
1024	0.00874	0.00934	G
1025	0.02375	0.02417	C
1026	0.03281	0.03297	C
1027	0.03954	0.03991	C
1028	0.00868	0.00931	T
1029	0.06317	0.06486	A
1030	0.00588	0.00615	G
1031	0.00585	0.0062	G
1032	0.06352	0.07521	A
1033	0.00883	0.00898	T
1034	0.01045	0.01078	T
1035	0.10644	0.11427	C
1036	0.09695	0.10758	A
1037	0.00599	0.00648	T
1038	0.10494	0.11321	C
1039	0.00234	0.0025	T
1040	0.00689	0.00691	T
1041	0.00503	0.00524	T
1042	0.20047	0.22805	C
1043	0.00376	0.00376	T
1044	0.00385	0.00386	T
1045	0.00705	0.00705	T
1046	0.01011	0.01013	T
1047	0.10528	0.12582	C
1048	0.06467	0.06544	A
1049	0.07042	0.07043	C
1050	0.03513	0.03544	C
1051	0.00714	0.01418	G
1052	0.01127	0.0132	T
1053	0.05609	0.05694	A
1054	0.00815	0.00831	G
1055	0.00876	0.00925	G
1056	0.01227	0.01292	T
1057	0.00863	0.00864	G
1058	0.00424	0.00431	G
1059	0.01471	0.01483	C
1060	0.01646	0.01687	C
1061	0.00512	0.0065	T
1062	0.00623	0.00797	G
1063	0.08792	0.08971	A
1064	0.11596	0.11824	C
1065	0.01384	0.0142	T
1066	0.00534	0.0054	G
1067	0.00426	0.00438	G
1068	0.00908	0.00924	C
1069	0.02679	0.02715	A
1070	0.00397	0.00399	T
1071	0.00436	0.00438	T
1072	0.00529	0.00627	G
1073	0.00447	0.00478	T
1074	0.06579	0.06872	A
1075	0.01241	0.01242	T
1076	0.01521	0.01559	T
1077	0.03565	0.05143	A
1078	0.00842	0.00929	G
1079	0.02891	0.03193	C
1080	0.03322	0.03343	A
1081	0.05083	0.0513	A
1082	0.05827	0.0586	A
1083	0.07816	0.08744	C
1084	0.00693	0.00793	T
1085	0.04809	0.04989	C
1086	0.03279	0.03748	A
1087	0.00755	0.01053	T
1088	0.05727	0.0609	C
1089	0.05315	0.05456	A
1090	0.07922	0.0883	C
1091	0.00798	0.00854	T
1092	0.06311	0.06823	A
1093	0.00663	0.00712	G
1094	0.03552	0.03637	A
1095	0.03733	0.03853	C
1096	0.03244	0.03334	A
1097	0.0047	0.00526	T
1098	0.02754	0.02788	C
1099	0.00601	0.00633	G
1100	0.00291	0.00324	T
1101	0.03415	0.0349	A
1102	0.04025	0.04137	C
1103	0.00329	0.00425	T
1104	0.02116	0.0223	A
1105	0.02004	0.02118	C
1106	0.03713	0.03961	A
1107	0.06057	0.06299	C
1108	0.00691	0.00867	G
1109	0.04712	0.04853	A
1110	0.07126	0.07425	C
1111	0.03104	0.03173	A
1112	0.07008	0.07223	C
1113	0.00376	0.00416	G
1114	0.00321	0.00365	T
1115	0.02992	0.03038	A
1116	0.04938	0.05081	C
1117	0.0034	0.00368	T
1118	0.02021	0.02066	A
1119	0.02193	0.02242	C
1120	0.00453	0.005	G
1121	0.00372	0.00382	T
1122	0.0044	0.00451	T
1123	0.0055	0.00625	G
1124	0.00364	0.00424	T
1125	0.03713	0.03825	A
1126	0.00593	0.00626	G
1127	0.05167	0.05238	C
1128	0.50845	0.50901	C
1129	0.04876	0.05002	C
1130	0.03413	0.03564	A
1131	0.05781	0.05995	C
1132	0.00698	0.00845	T
1133	0.01148	0.01157	T
1134	0.04847	0.04866	C
1135	0.0357	0.03646	C
1136	0.02847	0.04447	A
1137	0.05823	0.06078	C
1138	0.00578	0.00632	T
1139	0.04321	0.0462	A
1140	0.00894	0.00934	T
1141	0.00527	0.00656	G
1142	0.00727	0.00755	T
1143	0.0429	0.04324	C
1144	0.02875	0.0292	C
1145	0.00603	0.00663	T
1146	0.03852	0.03978	A
1147	0.00748	0.00864	T
1148	0.0635	0.06486	C
1149	0.04531	0.04618	A
1150	0.0571	0.06206	A
1151	0.00433	0.00483	T
1152	0.01864	0.02005	A
1153	0.00315	0.00337	G
1154	0.00304	0.00315	G
1155	0.03198	0.04044	A
1156	0.00648	0.00662	G
1157	0.06448	0.06665	C
1158	0.00387	0.00392	T
1159	0.00588	0.00646	G
1160	0.00386	0.00411	T
1161	0.03943	0.04015	A
1162	0.00739	0.00739	T
1163	0.01176	0.01177	T
1164	0.01594	0.01596	T
1165	0.00655	0.00754	G
1166	0.01311	0.01318	C
1167	0.00825	0.00832	C
1168	0.05955	0.06747	A
1169	0.00629	0.00726	T
1170	0.0805	0.08123	C
1171	0.02948	0.03215	A
1172	0.00371	0.00421	T
1173	0.02317	0.02557	A
1174	0.00553	0.00593	G
1175	0.00456	0.00494	G
1176	0.04401	0.06186	A
1177	0.00575	0.0058	G
1178	0.00386	0.00401	G
1179	0.14851	0.16098	C
1180	0.00395	0.00418	T
1181	0.00393	0.00409	T
1182	0.03571	0.03703	C
1183	0.05108	0.05301	A
1184	0.00778	0.00818	T
1185	0.01501	0.01571	T
1186	0.11281	0.12068	C
1187	0.06872	0.06995	A
1188	0.10482	0.10696	C
1189	0.00781	0.00803	T
1190	0.00547	0.00704	G
1191	0.04498	0.04575	A
1192	0.00359	0.00361	T
1193	0.00772	0.00777	T
1194	0.01081	0.01086	T
1195	0.02263	0.02281	C
1196	0.01857	0.01859	C
1197	0.01725	0.01728	C
1198	0.00988	0.00993	C
1199	0.0021	0.00238	T
1200	0.0227	0.02489	A
1201	0.00411	0.00415	T
1202	0.0081	0.00823	T
1203	0.08098	0.09387	C
1204	0.01737	0.03145	T
1205	0.08853	0.09533	C
1206	0.06933	0.07517	A
1207	0.00506	0.00513	G
1208	0.00518	0.00526	G
1209	0.01433	0.01538	C
1210	0.0041	0.00484	T
1211	0.02862	0.03178	A
1212	0.02902	0.03079	C
1213	0.02321	0.02514	A
1214	0.03488	0.03496	C
1215	0.02326	0.02335	C
1216	0.01753	0.018	C
1217	0.00425	0.00562	T
1218	0.03375	0.04072	A
1219	0.00912	0.01029	G
1220	0.04579	0.04742	A
1221	0.07055	0.07094	C
1222	0.02347	0.0245	C
1223	0.02444	0.02545	A
1224	0.03741	0.03823	A
1225	0.04115	0.04137	A
1226	0.08956	0.09092	C
1227	0.04411	0.04612	C
1228	0.01835	0.01934	T
1229	0.01613	0.01962	A
1230	0.01271	0.01346	C
1231	0.00808	0.0087	G
1232	0.00766	0.00773	C
1233	0.00884	0.00904	C
1234	0.02703	0.02776	A
1235	0.02002	0.02031	A
1236	0.03824	0.03886	A
1237	0.03761	0.03878	A
1238	0.00934	0.01237	T
1239	0.06243	0.06276	C
1240	0.0384	0.03947	C
1241	0.04554	0.0573	A
1242	0.00501	0.00561	T
1243	0.00801	0.00831	T
1244	0.01524	0.01532	T
1245	0.07312	0.07771	C
1246	0.04539	0.04678	A
1247	0.0668	0.07043	C
1248	0.0087	0.00937	T
1249	0.04846	0.05113	A
1250	0.00862	0.01111	T
1251	0.07078	0.07562	C
1252	0.04815	0.05891	A
1253	0.00726	0.00817	T
1254	0.05627	0.06608	A
1255	0.00671	0.00684	T
1256	0.00731	0.00759	T
1257	0.07426	0.07989	C
1258	0.06119	0.06585	A
1259	0.0079	0.00858	T
1260	0.06821	0.07239	C
1261	0.00418	0.00453	G
1262	0.00345	0.00361	G
1263	0.00863	0.00881	C
1264	0.00622	0.00685	G
1265	0.00174	0.00225	T
1266	0.01127	0.01155	A
1267	0.04565	0.04606	A
1268	0.054	0.05498	A
1269	0.00603	0.00746	T
1270	0.07323	0.07547	C
1271	0.00881	0.00924	T
1272	0.05428	0.0546	A
1273	0.08188	0.08397	A
1274	0.09065	0.10199	C
1275	0.00185	0.00194	T
1276	0.00549	0.00575	T
1277	0.00456	0.00462	T
1278	0.20651	0.22071	C
1279	0.0058	0.00582	T
1280	0.00916	0.00958	T
1281	0.06894	0.06911	C
1282	0.04825	0.04858	C
1283	0.04387	0.04495	C
1284	0.02427	0.0366	A
1285	0.06019	0.06785	C
1286	0.03817	0.03989	A
1287	0.04139	0.04301	A
1288	0.06613	0.07755	C
1289	0.04917	0.05038	A
1290	0.10887	0.11522	C
1291	0.00244	0.00269	T
1292	0.0089	0.00893	T
1293	0.01042	0.01044	T
1294	0.09429	0.09844	C
1295	0.01182	0.01351	T
1296	0.04423	0.04856	C
1297	0.01006	0.01041	G
1298	0.00553	0.0056	G
1299	0.07175	0.07177	C
1300	0.03676	0.03778	C
1301	0.01012	0.01074	T
1302	0.08078	0.08387	A
1303	0.00838	0.00887	T
1304	0.04723	0.04765	C
1305	0.02481	0.02511	C
1306	0.0038	0.00386	G
1307	0.00476	0.00482	G
1308	0.04788	0.04844	A
1309	0.06323	0.06416	A
1310	0.01644	0.01942	T
1311	0.00803	0.009	G
1312	0.05682	0.05709	C
1313	0.03023	0.0303	C
1314	0.03766	0.03771	C
1315	0.03193	0.03195	C
1316	0.00599	0.00873	G
1317	0.04088	0.04135	A
1318	0.09989	0.1005	C
1319	0.00841	0.00901	G
1320	0.00823	0.00868	T
1321	0.00935	0.00954	T
1322	0.05524	0.07346	A
1323	0.09347	0.09464	C
1324	0.00665	0.00699	T
1325	0.01601	0.01672	C
1326	0.00442	0.0045	G
1327	0.00394	0.00406	G
1328	0.06366	0.08553	A
1329	0.06589	0.06822	C
1330	0.00966	0.01226	T
1331	0.06736	0.07233	A
1332	0.09696	0.09747	C
1333	0.04532	0.04685	C
1334	0.01571	0.01578	C
1335	0.01441	0.01447	C
1336	0.00598	0.00753	G
1337	0.02987	0.0309	A
1338	0.00898	0.00916	T
1339	0.0049	0.00567	G
1340	0.07215	0.07472	C
1341	0.04551	0.04752	A
1342	0.00879	0.01016	T
1343	0.04884	0.0509	A
1344	0.06722	0.07179	C
1345	0.0531	0.05615	A
1346	0.06352	0.06476	C
1347	0.04196	0.04585	C
1348	0.02604	0.03032	A
1349	0.063	0.06662	C
1350	0.03932	0.045	A
1351	0.00711	0.00811	T
1352	0.0062	0.00823	G
1353	0.04102	0.04151	A
1354	0.04155	0.04248	A
1355	0.04389	0.04489	A
1356	0.05418	0.0604	C
1357	0.03775	0.03868	A
1358	0.00668	0.00735	T
1359	0.03032	0.0307	C
1360	0.01773	0.01845	C
1361	0.00596	0.0066	T
1362	0.03021	0.03204	A
1363	0.00699	0.00829	T
1364	0.04807	0.05165	C
1365	0.03966	0.04294	A
1366	0.00728	0.00798	T
1367	0.05555	0.05773	C
1368	0.00845	0.00878	T
1369	0.00609	0.00811	G
1370	0.00571	0.00705	T
1371	0.03016	0.03267	A
1372	0.00734	0.00744	G
1373	0.00463	0.00476	G
1374	0.07033	0.07349	C
1375	0.00495	0.00549	T
1376	0.04138	0.04254	C
1377	0.03912	0.04288	A
1378	0.00504	0.00525	T
1379	0.00546	0.00556	T
1380	0.04614	0.04983	C
1381	0.06323	0.06991	A
1382	0.00308	0.00325	T
1383	0.0082	0.0083	T
1384	0.00687	0.00696	T
1385	0.06798	0.07263	C
1386	0.00601	0.00622	T
1387	0.05418	0.05708	C
1388	0.00636	0.00688	T
1389	0.03812	0.03902	A
1390	0.03405	0.03498	A
1391	0.0478	0.05112	C
1392	0.04051	0.04227	A
1393	0.00583	0.00728	G
1394	0.0432	0.04388	C
1395	0.03456	0.03581	A
1396	0.00514	0.00674	G
1397	0.00527	0.00592	T
1398	0.02526	0.0255	A
1399	0.02706	0.02896	A
1400	0.00453	0.00487	T
1401	0.06254	0.06481	A
1402	0.00776	0.00792	T
1403	0.00523	0.00566	T
1404	0.04766	0.04852	A
1405	0.04988	0.0576	A
1406	0.00912	0.01073	T
1407	0.05647	0.05658	A
1408	0.06619	0.09469	A
1409	0.00279	0.00284	T
1410	0.00224	0.0024	T
1411	0.00368	0.00371	T
1412	0.00507	0.00508	T
1413	0.12944	0.14644	C
1414	0.08436	0.08652	A
1415	0.01056	0.01105	T
1416	0.00594	0.00753	G
1417	0.0963	0.09767	A
1418	0.00497	0.005	T
1419	0.00823	0.00854	T
1420	0.00868	0.00873	T
1421	0.00864	0.01141	G
1422	0.07673	0.07812	A
1423	0.00727	0.00818	G
1424	0.04881	0.04886	A
1425	0.05029	0.05548	A
1426	0.0067	0.00799	G
1427	0.06149	0.06332	C
1428	0.07732	0.07737	C
1429	0.00487	0.00497	T
1430	0.00609	0.00612	T
1431	0.03581	0.03943	C
1432	0.00742	0.00771	G
1433	0.01874	0.01946	C
1434	0.00278	0.00287	T
1435	0.0109	0.01093	T
1436	0.07255	0.08235	C
1437	0.01052	0.01347	G
1438	0.05608	0.05696	A
1439	0.05275	0.05337	A
1440	0.00486	0.00552	G
1441	0.03131	0.03324	C
1442	0.0077	0.00838	G
1443	0.03493	0.03564	A
1444	0.04596	0.04611	A
1445	0.06025	0.06043	A
1446	0.08701	0.08734	A
1447	0.0067	0.00805	G
1448	0.0056	0.00573	T
1449	0.03929	0.03932	C
1450	0.02606	0.0261	C
1451	0.00607	0.00642	T
1452	0.08362	0.08479	A
1453	0.04106	0.04171	A
1454	0.00593	0.00609	T
1455	0.05325	0.0543	A
1456	0.00773	0.00874	G
1457	0.00731	0.00789	T
1458	0.08907	0.09043	A
1459	0.01309	0.01368	G
1460	0.07373	0.07388	A
1461	0.07373	0.07804	A
1462	0.00987	0.01793	G
1463	0.06405	0.06408	A
1464	0.07459	0.07943	A
1465	0.10822	0.11107	C
1466	0.03365	0.03386	C
1467	0.0036	0.00366	C
1468	0.00279	0.00308	T
1469	0.00448	0.0045	C
1470	0.00411	0.00424	C
1471	0.02283	0.03648	A
1472	0.01002	0.0147	T
1473	0.04625	0.04653	A
1474	0.0437	0.04415	A
1475	0.06152	0.06761	A
1476	0.14367	0.14848	C
1477	0.09327	0.09662	C
1478	0.004	0.00469	T
1479	0.00312	0.00315	G
1480	0.00264	0.00271	G
1481	0.01506	0.01784	A
1482	0.00538	0.00549	G
1483	0.00735	0.00842	T
1484	0.00582	0.00606	G
1485	0.05445	0.05581	A
1486	0.04805	0.04874	C
1487	0.00449	0.00456	T
1488	0.04072	0.04367	A
1489	0.00536	0.00555	T
1490	0.08237	0.08529	A
1491	0.01081	0.0111	T
1492	0.0057	0.00596	G
1493	0.0058	0.00588	G
1494	0.03237	0.04781	A
1495	0.05173	0.0534	T
1496	0.01815	0.01943	G
1497	0.05797	0.05894	C
1498	0.03695	0.03717	C
1499	0.04607	0.04624	C
1500	0.03691	0.03695	C
1501	0.03826	0.03832	C
1502	0.03239	0.03281	C
1503	0.05658	0.06278	A
1504	0.04941	0.04945	C
1505	0.03123	0.03124	C
1506	0.01942	0.0199	C
1507	0.02688	0.02876	T
1508	0.02849	0.03075	A
1509	0.04298	0.04317	C
1510	0.02501	0.02589	C
1511	0.01228	0.02621	A
1512	0.03666	0.04025	C
1513	0.01711	0.01818	A
1514	0.03684	0.04023	C
1515	0.03855	0.03915	A
1516	0.00571	0.00586	T
1517	0.00555	0.0056	T
1518	0.03275	0.03541	C
1519	0.00642	0.00685	G
1520	0.02258	0.02279	A
1521	0.02573	0.02612	A
1522	0.00659	0.00991	G
1523	0.02219	0.02221	A
1524	0.02012	0.02073	A
1525	0.03459	0.03558	C
1526	0.01756	0.01762	C
1527	0.01786	0.01787	C
1528	0.00402	0.00504	G
1529	0.00293	0.00367	T
1530	0.02068	0.021	A
1531	0.00426	0.00479	T
1532	0.01586	0.0161	A
1533	0.03697	0.03822	C
1534	0.01713	0.01776	A
1535	0.00941	0.01019	T
1536	0.01259	0.01259	A
1537	0.00815	0.00815	A
1538	0.01589	0.01589	A
1539	0.01413	0.01413	A
1540	0.00294	0.00347	T
1541	0.02148	0.02158	C
1542	0.00315	0.00315	T
1543	0.0007	0.0007	A
1544	0.0	0.0	G
1545	0.0	0.0	A
