Position	Mismatches	Mismatches + Deletions	Base
1	0.0	0.0	A
2	0.0	0.0	T
3	0.0	0.0	G
4	0.05932	0.05932	A
5	0.00784	0.00967	G
6	0.00693	0.00693	G
7	0.00695	0.00695	G
8	0.00464	0.00516	C
9	0.007	0.00708	C
10	0.01032	0.01032	C
11	0.00608	0.00723	T
12	0.00838	0.00971	G
13	0.0103	0.01096	T
14	0.00819	0.00829	G
15	0.00808	0.00808	G
16	0.0095	0.00956	G
17	0.00645	0.01073	T
18	0.0113	0.01148	G
19	0.07125	0.07266	C
20	0.00584	0.00625	T
21	0.00503	0.00515	G
22	0.00545	0.0059	G
23	0.00732	0.00732	G
24	0.00437	0.00437	C
25	0.00343	0.00343	C
26	0.00155	0.00168	T
27	0.02875	0.02885	C
28	0.00505	0.0055	T
29	0.00539	0.00618	G
30	0.06646	0.06792	C
31	0.00726	0.00746	T
32	0.00463	0.00612	G
33	0.02067	0.02241	C
34	0.0076	0.00775	G
35	0.00373	0.00378	T
36	0.03603	0.03606	C
37	0.01469	0.01469	C
38	0.00414	0.00518	T
39	0.00799	0.00812	G
40	0.02595	0.02768	C
41	0.00379	0.00477	T
42	0.00387	0.0045	G
43	0.02676	0.0292	A
44	0.00551	0.00551	C
45	0.00496	0.00507	C
46	0.00179	0.00179	T
47	0.01548	0.01561	T
48	0.07093	0.07997	C
49	0.00848	0.00906	G
50	0.0046	0.0047	G
51	0.00763	0.00768	G
52	0.00143	0.00158	T
53	0.01536	0.01556	C
54	0.00502	0.00502	G
55	0.00577	0.0058	G
56	0.00899	0.00995	T
57	0.04863	0.04886	C
58	0.04705	0.05057	A
59	0.00663	0.00732	G
60	0.08996	0.09217	A
61	0.00779	0.00794	G
62	0.07792	0.07995	C
63	0.01056	0.01112	T
64	0.00571	0.00649	G
65	0.0494	0.0505	A
66	0.05981	0.06075	C
67	0.0099	0.01035	G
68	0.09	0.09183	A
69	0.01214	0.01379	T
70	0.01082	0.01243	G
71	0.06428	0.06456	A
72	0.08178	0.0834	A
73	0.01274	0.01418	G
74	0.00925	0.00983	T
75	0.01105	0.01159	T
76	0.00935	0.01043	G
77	0.06008	0.06165	A
78	0.01469	0.01538	T
79	0.01471	0.01544	G
80	0.01461	0.01584	T
81	0.00856	0.00856	G
82	0.00535	0.00561	G
83	0.04135	0.07457	A
84	0.01528	0.01537	T
85	0.00848	0.00854	G
86	0.00483	0.00486	G
87	0.00676	0.0075	T
88	0.04316	0.04355	A
89	0.06583	0.06631	C
90	0.06425	0.06532	A
91	0.01241	0.0136	G
92	0.00969	0.01105	T
93	0.06874	0.07085	A
94	0.01321	0.01387	G
95	0.05927	0.05937	A
96	0.06473	0.07078	A
97	0.00907	0.01132	G
98	0.07407	0.07743	A
99	0.00804	0.0082	G
100	0.00406	0.00406	G
101	0.04773	0.05833	A
102	0.00728	0.00775	T
103	0.04623	0.04688	C
104	0.01868	0.01921	T
105	0.00602	0.00649	G
106	0.00539	0.00539	G
107	0.0058	0.0058	G
108	0.00834	0.00966	T
109	0.03965	0.04018	A
110	0.03546	0.03546	A
111	0.03397	0.03416	A
112	0.06732	0.06732	A
113	0.00733	0.01034	G
114	0.01012	0.01136	T
115	0.05983	0.06074	A
116	0.00794	0.00822	G
117	0.05604	0.0587	A
118	0.00823	0.00974	G
119	0.05206	0.05206	A
120	0.05728	0.05855	A
121	0.0049	0.00494	G
122	0.00499	0.00499	G
123	0.03508	0.04401	A
124	0.00642	0.00729	T
125	0.03834	0.03932	C
126	0.03689	0.03714	A
127	0.05901	0.06013	A
128	0.00848	0.00894	G
129	0.00578	0.00588	G
130	0.04393	0.05725	A
131	0.06061	0.06392	C
132	0.00576	0.00582	G
133	0.00383	0.00383	G
134	0.03362	0.04814	A
135	0.00819	0.00848	T
136	0.00445	0.0048	G
137	0.05035	0.05195	A
138	0.01032	0.01068	T
139	0.00678	0.00811	G
140	0.03146	0.0322	A
141	0.05439	0.05464	A
142	0.00441	0.00522	G
143	0.00708	0.00727	T
144	0.04942	0.05064	A
145	0.008	0.01126	G
146	0.0047	0.00556	T
147	0.04448	0.04738	A
148	0.06014	0.0615	C
149	0.04682	0.04766	A
150	0.00585	0.00614	G
151	0.04308	0.04465	A
152	0.00713	0.0072	G
153	0.05247	0.05531	A
154	0.0091	0.00969	G
155	0.04072	0.04162	A
156	0.00565	0.00565	G
157	0.00659	0.00743	G
158	0.04399	0.04439	A
159	0.03969	0.0401	A
160	0.00489	0.00671	G
161	0.03763	0.03763	A
162	0.03218	0.03458	A
163	0.00426	0.00451	G
164	0.03615	0.03781	C
165	0.00489	0.00514	T
166	0.06464	0.06735	A
167	0.0077	0.0077	T
168	0.0018	0.0018	T
169	0.02972	0.0319	C
170	0.03349	0.03448	A
171	0.00972	0.00981	G
172	0.00608	0.00608	T
173	0.00687	0.00687	T
174	0.00809	0.00819	G
175	0.00609	0.00609	G
176	0.02846	0.04409	A
177	0.0125	0.0125	T
178	0.00425	0.00425	G
179	0.0039	0.0043	G
180	0.02889	0.04455	A
181	0.00865	0.00946	T
182	0.0067	0.00732	T
183	0.01898	0.01952	A
184	0.03852	0.03925	A
185	0.0458	0.04665	A
186	0.00804	0.00867	T
187	0.00451	0.00494	G
188	0.03032	0.03237	C
189	0.02124	0.02157	A
190	0.00602	0.0088	T
191	0.02406	0.02678	C
192	0.03018	0.03053	A
193	0.07409	0.08021	C
194	0.0156	0.0156	A
195	0.02775	0.02775	A
196	0.03084	0.0326	A
197	0.00883	0.01001	T
198	0.04039	0.04039	A
199	0.05139	0.05426	A
200	0.00674	0.00903	G
201	0.04951	0.05108	A
202	0.00773	0.00894	G
203	0.03467	0.03467	A
204	0.02363	0.02425	A
205	0.06227	0.06665	C
206	0.00617	0.00617	T
207	0.00938	0.00938	T
208	0.04048	0.0544	A
209	0.01112	0.01125	G
210	0.05701	0.06036	A
211	0.0062	0.00672	G
212	0.05556	0.05661	A
213	0.00776	0.00829	G
214	0.02973	0.02973	A
215	0.03755	0.04091	A
216	0.00542	0.00542	G
217	0.00466	0.00671	T
218	0.03853	0.04019	C
219	0.00655	0.00655	G
220	0.00322	0.00322	G
221	0.02416	0.02416	A
222	0.03297	0.03297	A
223	0.02987	0.02987	A
224	0.04357	0.04357	A
225	0.01031	0.01088	G
226	0.0039	0.0039	T
227	0.00847	0.00847	T
228	0.01196	0.01196	T
229	0.00451	0.00606	G
230	0.03979	0.03979	C
231	0.01499	0.01499	C
232	0.00568	0.00568	T
233	0.00577	0.00626	T
234	0.01613	0.01613	C
235	0.01982	0.02016	C
236	0.03648	0.03684	A
237	0.07609	0.07731	A
238	0.00368	0.00473	G
239	0.04743	0.04743	C
240	0.04187	0.04187	C
241	0.0046	0.00637	G
242	0.0245	0.02468	A
243	0.03794	0.03847	A
244	0.00565	0.00635	G
245	0.00425	0.00425	T
246	0.00731	0.00731	T
247	0.04626	0.04626	A
248	0.03894	0.0393	A
249	0.083	0.08372	C
250	0.04946	0.05018	A
251	0.00337	0.0039	G
252	0.01638	0.01638	A
253	0.0253	0.02583	A
254	0.00444	0.00479	T
255	0.00253	0.00289	G
256	0.01039	0.01075	A
257	0.00164	0.00237	T
258	0.00516	0.00644	G
259	0.01147	0.01147	A
260	0.0541	0.05428	A
261	0.04312	0.04312	A
262	0.08576	0.10098	C
263	0.00865	0.00921	T
264	0.00776	0.00795	T
265	0.03575	0.05784	A
266	0.0028	0.0028	T
267	0.00789	0.01071	C
268	0.00809	0.00809	A
269	0.00208	0.00303	T
270	0.0145	0.01678	C
271	0.0227	0.02289	A
272	0.04072	0.04241	A
273	0.00376	0.00414	T
274	0.00415	0.00472	T
275	0.02917	0.03374	C
276	0.05311	0.05461	A
277	0.01486	0.01486	T
278	0.0096	0.0096	T
279	0.01067	0.01143	G
280	0.013	0.01639	T
281	0.02795	0.03181	A
282	0.01632	0.01976	T
283	0.00306	0.00306	A
284	0.02546	0.02546	A
285	0.017	0.01732	A
286	0.036	0.036	A
287	0.02861	0.03048	A
288	0.04434	0.04589	T
289	0.03539	0.03585	A
290	0.04635	0.04635	A
291	0.05547	0.05743	A
292	0.00834	0.00938	G
293	0.06464	0.06895	A
294	0.00676	0.00676	G
295	0.05878	0.05966	A
296	0.00418	0.00418	T
297	0.00168	0.00168	T
298	0.00662	0.00662	T
299	0.00311	0.00311	T
300	0.03824	0.03838	C
301	0.0328	0.03294	C
302	0.00599	0.01041	T
303	0.00828	0.01099	G
304	0.08207	0.08479	A
305	0.00892	0.01005	G
306	0.06347	0.06701	A
307	0.00833	0.00974	G
308	0.03577	0.03577	A
309	0.03935	0.03992	A
310	0.05711	0.06131	C
311	0.01308	0.01433	T
312	0.00638	0.00693	G
313	0.05655	0.05697	A
314	0.00799	0.00799	T
315	0.00637	0.00678	T
316	0.00721	0.00721	T
317	0.06985	0.07369	C
318	0.03439	0.03453	A
319	0.04951	0.05046	A
320	0.04512	0.04526	A
321	0.00931	0.0101	T
322	0.00427	0.0044	G
323	0.02878	0.02918	C
324	0.00806	0.00806	T
325	0.00282	0.00323	T
326	0.03478	0.03952	C
327	0.00662	0.00716	T
328	0.0027	0.00675	G
329	0.04911	0.05181	A
330	0.00777	0.00831	T
331	0.00375	0.00496	G
332	0.03036	0.0336	C
333	0.00469	0.00469	T
334	0.00549	0.00549	T
335	0.00363	0.00363	T
336	0.04368	0.05474	A
337	0.00684	0.00711	G
338	0.07738	0.07858	A
339	0.00894	0.00894	T
340	0.04374	0.04374	A
341	0.03486	0.03657	A
342	0.00512	0.00591	G
343	0.04728	0.04873	A
344	0.00262	0.00262	T
345	0.02123	0.02123	A
346	0.03644	0.03894	A
347	0.00624	0.00664	G
348	0.0016	0.00173	G
349	0.06508	0.06961	C
350	0.0056	0.00574	T
351	0.05249	0.05249	A
352	0.04928	0.04954	A
353	0.00316	0.00342	T
354	0.03853	0.04037	A
355	0.00663	0.00769	T
356	0.02917	0.0329	C
357	0.03869	0.03882	A
358	0.05552	0.05868	C
359	0.00671	0.00698	T
360	0.00277	0.00396	G
361	0.02974	0.03	A
362	0.03031	0.03058	C
363	0.00492	0.00599	T
364	0.00465	0.00624	G
365	0.07568	0.07635	A
366	0.01243	0.01439	T
367	0.00393	0.00498	G
368	0.03254	0.03332	A
369	0.01674	0.01713	A
370	0.05868	0.06074	A
371	0.07222	0.07261	A
372	0.00872	0.01036	T
373	0.00548	0.00624	G
374	0.02037	0.02062	C
375	0.00296	0.00296	T
376	0.0133	0.0133	C
377	0.00441	0.00441	T
378	0.01188	0.01188	T
379	0.00316	0.00316	T
380	0.03179	0.0351	C
381	0.01021	0.01194	T
382	0.00579	0.00592	G
383	0.00329	0.00368	G
384	0.01338	0.01365	A
385	0.05109	0.05201	A
386	0.04055	0.04055	A
387	0.01068	0.0116	T
388	0.00444	0.00496	G
389	0.04694	0.04877	A
390	0.00858	0.00858	G
391	0.00441	0.00532	G
392	0.03301	0.03301	A
393	0.03394	0.03434	A
394	0.07112	0.07462	C
395	0.00712	0.00816	T
396	0.05209	0.05248	A
397	0.04514	0.04731	A
398	0.04359	0.04498	C
399	0.02012	0.02302	A
400	0.00448	0.0051	G
401	0.00263	0.00338	T
402	0.02833	0.02982	C
403	0.02579	0.02579	A
404	0.01911	0.01911	A
405	0.03773	0.03773	A
406	0.0523	0.05277	A
407	0.00851	0.00942	T
408	0.01053	0.01053	T
409	0.03791	0.03791	A
410	0.07565	0.07609	A
411	0.00596	0.00704	G
412	0.00672	0.00704	T
413	0.00692	0.00703	G
414	0.00544	0.00565	T
415	0.00657	0.007	G
416	0.03962	0.04125	A
417	0.00613	0.00623	T
418	0.05547	0.05547	A
419	0.07504	0.0776	A
420	0.00673	0.00747	G
421	0.00508	0.00508	G
422	0.0458	0.05752	A
423	0.00973	0.00983	G
424	0.07122	0.07122	A
425	0.05953	0.06338	A
426	0.00992	0.01674	G
427	0.04767	0.04767	A
428	0.05246	0.05441	A
429	0.04626	0.0488	C
430	0.01808	0.01838	C
431	0.00621	0.00713	T
432	0.00672	0.00896	G
433	0.04181	0.04324	C
434	0.0052	0.00581	T
435	0.00448	0.00683	G
436	0.04958	0.04988	C
437	0.06658	0.06942	A
438	0.0107	0.0111	T
439	0.00401	0.00431	G
440	0.00401	0.00531	T
441	0.03683	0.03723	C
442	0.05303	0.05707	A
443	0.04775	0.04834	C
444	0.04542	0.05009	A
445	0.00523	0.00582	G
446	0.03621	0.04056	A
447	0.05509	0.0595	C
448	0.05176	0.05234	A
449	0.06735	0.06802	C
450	0.04134	0.04171	C
451	0.00544	0.00544	G
452	0.00606	0.00606	G
453	0.00535	0.00582	T
454	0.01027	0.01102	G
455	0.00829	0.00876	T
456	0.07668	0.07928	A
457	0.00465	0.00465	G
458	0.00755	0.00755	G
459	0.05952	0.0598	A
460	0.07085	0.07203	A
461	0.01187	0.01187	T
462	0.0055	0.00736	G
463	0.05897	0.06056	A
464	0.02196	0.02196	C
465	0.01654	0.01689	C
466	0.02309	0.04608	A
467	0.01056	0.01229	G
468	0.073	0.0743	A
469	0.01221	0.01349	G
470	0.07217	0.07226	A
471	0.0645	0.06769	A
472	0.00775	0.00981	G
473	0.08254	0.0855	A
474	0.0109	0.0109	G
475	0.00867	0.00875	T
476	0.00731	0.00747	T
477	0.00402	0.0041	G
478	0.00692	0.00692	G
479	0.00466	0.00482	T
480	0.00633	0.00705	T
481	0.01801	0.0181	A
482	0.04237	0.04237	A
483	0.04077	0.04085	A
484	0.0475	0.04772	A
485	0.0373	0.0373	A
486	0.03606	0.03844	C
487	0.02754	0.02754	C
488	0.00569	0.00569	T
489	0.007	0.007	T
490	0.007	0.00722	G
491	0.00595	0.00617	G
492	0.00741	0.00785	T
493	0.05723	0.05855	A
494	0.04241	0.04241	C
495	0.03253	0.03268	C
496	0.03876	0.07381	A
497	0.00691	0.00934	T
498	0.08621	0.0901	A
499	0.00857	0.00927	G
500	0.03899	0.0392	C
501	0.02953	0.03002	C
502	0.01857	0.01914	A
503	0.07075	0.07095	A
504	0.0842	0.08521	A
505	0.00436	0.00496	T
506	0.03094	0.03167	C
507	0.00889	0.00915	T
508	0.00581	0.00607	G
509	0.00263	0.00263	G
510	0.00459	0.00512	G
511	0.03806	0.04701	A
512	0.03447	0.03775	C
513	0.03324	0.03344	A
514	0.0469	0.04876	A
515	0.00554	0.00714	G
516	0.06262	0.06433	C
517	0.0066	0.00786	G
518	0.03661	0.03798	A
519	0.00716	0.00735	G
520	0.00226	0.00237	T
521	0.0023	0.0023	T
522	0.00559	0.006	T
523	0.00624	0.00659	T
524	0.01112	0.01283	T
525	0.07188	0.07386	A
526	0.05464	0.0547	A
527	0.04154	0.0427	A
528	0.15767	0.1754	C
529	0.03281	0.03286	A
530	0.02996	0.02996	A
531	0.05144	0.05144	A
532	0.05922	0.06057	A
533	0.01116	0.01276	T
534	0.00544	0.00611	G
535	0.03086	0.03133	A
536	0.06083	0.06191	C
537	0.01006	0.01053	T
538	0.00612	0.00977	G
539	0.05986	0.06022	A
540	0.0866	0.08731	A
541	0.00803	0.00904	G
542	0.02869	0.0305	C
543	0.0372	0.04043	A
544	0.03741	0.03942	C
545	0.0408	0.04343	A
546	0.00482	0.00487	G
547	0.00603	0.00608	G
548	0.02869	0.02869	A
549	0.04008	0.04038	A
550	0.00806	0.00931	G
551	0.1081	0.11612	A
552	0.00379	0.00423	T
553	0.00526	0.00526	G
554	0.00512	0.00512	G
555	0.00207	0.00207	C
556	0.00158	0.00158	C
557	0.00516	0.01063	A
558	0.00754	0.00769	G
559	0.00105	0.00154	T
560	0.00215	0.00215	C
561	0.00709	0.00709	A
562	0.0176	0.0176	A
563	0.08357	0.0884	C
564	0.00773	0.00838	T
565	0.01328	0.01328	T
566	0.0928	0.11155	C
567	0.01865	0.01885	T
568	0.00983	0.01056	G
569	0.05536	0.0558	A
570	0.1618	0.16282	A
571	0.00234	0.00239	T
572	0.00176	0.00176	T
573	0.00224	0.00229	G
574	0.01151	0.01199	A
575	0.00335	0.00335	T
576	0.00057	0.00057	T
577	0.00387	0.00387	G
578	0.00417	0.00421	G
579	0.00312	0.00327	C
580	0.00245	0.00245	C
581	0.02713	0.03923	A
582	0.00794	0.00794	G
583	0.00598	0.00598	T
584	0.01121	0.01121	T
585	0.0126	0.0126	T
586	0.01205	0.01205	G
587	0.00821	0.00821	G
588	0.01084	0.01084	T
589	0.00888	0.00941	G
590	0.01529	0.01587	T
591	0.03536	0.03589	C
592	0.00714	0.00714	G
593	0.00698	0.0078	G
594	0.0021	0.0021	T
595	0.00812	0.00812	T
596	0.01015	0.01015	T
597	0.09887	0.10765	C
598	0.00828	0.00848	T
599	0.12918	0.14498	A
600	0.01024	0.01024	T
601	0.00996	0.01011	T
602	0.01395	0.01418	C
603	0.01939	0.01963	C
604	0.00676	0.00848	G
605	0.04447	0.04453	C
606	0.01137	0.01137	C
607	0.01942	0.01942	T
608	0.00212	0.00212	T
609	0.01178	0.01178	C
610	0.01405	0.01429	C
611	0.00332	0.00332	T
612	0.01226	0.01226	T
613	0.006	0.00644	G
614	0.0059	0.00621	T
615	0.06073	0.06244	A
616	0.00651	0.0072	G
617	0.01872	0.01929	C
618	0.04522	0.0468	A
619	0.00568	0.00599	G
620	0.05866	0.06264	A
621	0.00785	0.00855	T
622	0.06552	0.06552	A
623	0.06184	0.06605	A
624	0.00549	0.00575	G
625	0.00544	0.00544	G
626	0.00681	0.00681	T
627	0.0051	0.0051	T
628	0.04302	0.07048	A
629	0.0079	0.00803	T
630	0.00944	0.00964	T
631	0.00448	0.00583	G
632	0.0088	0.00908	T
633	0.04106	0.04182	C
634	0.04236	0.04298	A
635	0.05925	0.06073	C
636	0.00652	0.00687	T
637	0.00582	0.00582	T
638	0.05071	0.05529	C
639	0.03579	0.03638	A
640	0.02825	0.02847	A
641	0.03899	0.03914	A
642	0.02429	0.02429	A
643	0.04048	0.04919	C
644	0.02239	0.02354	A
645	0.04656	0.05257	C
646	0.02214	0.02237	A
647	0.03526	0.03558	A
648	0.04886	0.05463	C
649	0.01936	0.01936	A
650	0.03319	0.03399	A
651	0.05079	0.05489	C
652	0.00704	0.00704	G
653	0.04841	0.04988	A
654	0.00553	0.00561	T
655	0.04025	0.04083	A
656	0.02943	0.03037	C
657	0.34349	0.34375	C
658	0.01183	0.01183	C
659	0.0216	0.02781	A
660	0.0056	0.00702	G
661	0.0526	0.05405	C
662	0.04689	0.0488	A
663	0.05132	0.0555	C
664	0.03796	0.03942	A
665	0.00513	0.00532	T
666	0.03012	0.03058	C
667	0.00772	0.00772	T
668	0.00245	0.00273	G
669	0.00331	0.00331	G
670	0.00345	0.00345	G
671	0.05274	0.06391	A
672	0.0073	0.0073	G
673	0.00434	0.00454	T
674	0.03302	0.03352	C
675	0.00861	0.00861	T
676	0.0043	0.00665	G
677	0.05779	0.05831	A
678	0.01068	0.0111	C
679	0.00463	0.00495	T
680	0.01143	0.01143	C
681	0.01834	0.01844	C
682	0.03776	0.03787	A
683	0.05348	0.05531	A
684	0.00884	0.00895	T
685	0.01312	0.01462	G
686	0.03171	0.03332	A
687	0.03428	0.03808	A
688	0.00405	0.00405	T
689	0.00338	0.00347	T
690	0.00563	0.00563	T
691	0.00847	0.00847	T
692	0.07148	0.09916	C
693	0.00979	0.0099	T
694	0.00494	0.00525	G
695	0.00404	0.00414	T
696	0.03699	0.03803	A
697	0.04256	0.0436	A
698	0.00473	0.00473	T
699	0.00476	0.00476	T
700	0.00573	0.00584	G
701	0.02244	0.02436	C
702	0.01045	0.01196	T
703	0.00425	0.00615	G
704	0.09564	0.09933	A
705	0.02837	0.02837	C
706	0.0151	0.01522	C
707	0.01378	0.01378	C
708	0.05485	0.05485	A
709	0.05045	0.05045	A
710	0.00612	0.00661	G
711	0.03097	0.03231	A
712	0.0045	0.00475	G
713	0.00718	0.00718	G
714	0.03982	0.04021	A
715	0.05665	0.05678	A
716	0.05506	0.05518	A
717	0.06925	0.07421	C
718	0.06568	0.06604	A
719	0.03052	0.03253	C
720	0.00262	0.00262	T
721	0.02437	0.02449	C
722	0.00364	0.00401	T
723	0.10152	0.111	A
724	0.00656	0.00656	G
725	0.00596	0.00608	G
726	0.05236	0.06178	A
727	0.0945	0.09911	C
728	0.00397	0.00397	G
729	0.00445	0.00445	G
730	0.00309	0.00309	G
731	0.00335	0.00335	G
732	0.04702	0.04727	A
733	0.05764	0.05852	A
734	0.06677	0.06812	C
735	0.00467	0.00479	G
736	0.03929	0.04003	A
737	0.03856	0.0404	C
738	0.01871	0.01883	A
739	0.03617	0.0363	A
740	0.00437	0.00473	T
741	0.00545	0.00545	T
742	0.03903	0.05216	A
743	0.0278	0.0278	C
744	0.02422	0.02422	C
745	0.01214	0.01263	C
746	0.00308	0.00308	T
747	0.00603	0.00603	T
748	0.00234	0.00234	G
749	0.00111	0.00148	T
750	0.01045	0.01083	C
751	0.0049	0.0049	T
752	0.00605	0.00605	T
753	0.02146	0.0225	A
754	0.04486	0.04486	A
755	0.05795	0.05795	A
756	0.06086	0.06086	A
757	0.01346	0.01632	G
758	0.07621	0.07621	A
759	0.05853	0.06173	A
760	0.00708	0.00769	G
761	0.04101	0.04101	A
762	0.03897	0.04178	A
763	0.00637	0.00881	G
764	0.03113	0.0326	C
765	0.02532	0.0263	A
766	0.00516	0.00565	T
767	0.03043	0.03055	C
768	0.00815	0.00852	T
769	0.00456	0.00542	G
770	0.05462	0.05585	A
771	0.00902	0.00939	T
772	0.01028	0.01028	T
773	0.04624	0.07128	A
774	0.06861	0.06898	C
775	0.03964	0.03989	C
776	0.00659	0.00684	T
777	0.00563	0.00588	T
778	0.00964	0.01127	G
779	0.04454	0.04591	A
780	0.06026	0.06076	A
781	0.01192	0.01229	T
782	0.01186	0.01273	T
783	0.00653	0.00703	G
784	0.00478	0.00566	G
785	0.01889	0.05894	A
786	0.00844	0.01033	T
787	0.03707	0.03848	A
788	0.10785	0.11145	C
789	0.03121	0.03184	A
790	0.04187	0.04589	A
791	0.01648	0.01837	T
792	0.01499	0.02224	T
793	0.00466	0.00542	A
794	0.02483	0.02532	A
795	0.01654	0.01691	A
796	0.02621	0.02732	A
797	0.0281	0.02897	A
798	0.01117	0.01242	T
799	0.04338	0.04402	C
800	0.00831	0.00895	T
801	0.03582	0.03634	C
802	0.00637	0.00728	G
803	0.0105	0.01322	T
804	0.04432	0.04849	C
805	0.00103	0.00141	A
806	0.00304	0.00304	A
807	0.01331	0.01331	A
808	0.01228	0.01292	A
809	0.02675	0.02675	A
810	0.01526	0.01539	A
811	0.01325	0.01413	T
812	0.04964	0.05002	A
813	0.0057	0.0057	T
814	0.00627	0.00639	T
815	0.0458	0.04838	C
816	0.03474	0.03552	A
817	0.05428	0.05454	C
818	0.02195	0.02324	A
819	0.00714	0.00766	G
820	0.00312	0.00312	T
821	0.00612	0.00612	T
822	0.0383	0.03977	C
823	0.02576	0.02643	A
824	0.00744	0.0092	T
825	0.03362	0.0339	A
826	0.03219	0.03219	A
827	0.0337	0.03599	A
828	0.07456	0.08006	C
829	0.00197	0.00197	T
830	0.00503	0.00543	T
831	0.0044	0.0044	T
832	0.03317	0.03357	C
833	0.02146	0.02228	C
834	0.00339	0.00394	T
835	0.05825	0.06313	A
836	0.0092	0.0092	T
837	0.00894	0.00894	T
838	0.0102	0.01047	T
839	0.03413	0.04069	A
840	0.0127	0.0127	T
841	0.00694	0.00694	G
842	0.00396	0.0056	T
843	0.05758	0.05758	A
844	0.01728	0.01728	T
845	0.00263	0.00263	G
846	0.00473	0.00473	G
847	0.04552	0.05383	A
848	0.00814	0.0094	G
849	0.02511	0.02793	C
850	0.02576	0.02662	A
851	0.00571	0.00614	G
852	0.06559	0.06945	C
853	0.03774	0.03817	A
854	0.04643	0.04991	A
855	0.00457	0.00624	G
856	0.05637	0.05735	A
857	0.06254	0.0649	C
858	0.00814	0.00842	T
859	0.00358	0.0062	G
860	0.04293	0.04293	A
861	0.03137	0.03151	A
862	0.04228	0.04296	A
863	0.05902	0.06444	C
864	0.0055	0.00617	T
865	0.00755	0.01011	G
866	0.00904	0.00931	T
867	0.00773	0.00773	T
868	0.00915	0.01065	G
869	0.06468	0.06689	A
870	0.01187	0.01187	G
871	0.0087	0.00911	G
872	0.05303	0.06524	A
873	0.01138	0.01221	G
874	0.03654	0.03808	C
875	0.02833	0.02833	C
876	0.02613	0.02613	C
877	0.0457	0.05896	A
878	0.01249	0.01264	T
879	0.00823	0.00823	G
880	0.00442	0.00542	G
881	0.05128	0.05701	A
882	0.00784	0.00784	G
883	0.00708	0.00722	G
884	0.04583	0.04583	A
885	0.06884	0.06954	A
886	0.00747	0.00927	G
887	0.05865	0.05865	A
888	0.06668	0.06968	A
889	0.00842	0.01114	G
890	0.04664	0.04664	A
891	0.07272	0.07822	A
892	0.0051	0.00967	G
893	0.01331	0.01842	C
894	0.02357	0.02397	A
895	0.00997	0.01051	G
896	0.02258	0.02299	C
897	0.05455	0.05577	C
898	0.01691	0.01775	A
899	0.05227	0.05282	A
900	0.06274	0.06314	A
901	0.0089	0.01196	G
902	0.04721	0.04721	A
903	0.05848	0.06095	A
904	0.00633	0.00865	G
905	0.05394	0.05754	A
906	0.00958	0.01163	G
907	0.05089	0.05089	A
908	0.0514	0.0514	A
909	0.06413	0.06677	A
910	0.01069	0.01331	G
911	0.06086	0.06086	A
912	0.07121	0.07386	A
913	0.00883	0.01612	G
914	0.05697	0.05721	A
915	0.06383	0.06454	A
916	0.00776	0.00928	T
917	0.04803	0.04909	C
918	0.00674	0.00721	T
919	0.00427	0.00914	G
920	0.07778	0.07957	A
921	0.0122	0.01712	T
922	0.00632	0.00843	G
923	0.06595	0.07498	A
924	0.00838	0.01082	T
925	0.00669	0.01021	G
926	0.07641	0.079	A
927	0.09676	0.09818	A
928	0.00565	0.006	G
929	0.02136	0.0224	C
930	0.00208	0.00208	T
931	0.00427	0.00555	G
932	0.01194	0.01241	C
933	0.0791	0.07968	A
934	0.00852	0.00852	G
935	0.01281	0.01351	T
936	0.06748	0.06852	A
937	0.01127	0.01207	G
938	0.06094	0.06485	A
939	0.01398	0.01398	G
940	0.00516	0.00633	G
941	0.03811	0.03882	A
942	0.06363	0.0648	A
943	0.01027	0.01885	G
944	0.05706	0.05706	A
945	0.06575	0.06808	A
946	0.0099	0.01826	G
947	0.05406	0.05406	A
948	0.05463	0.05756	A
949	0.01333	0.02376	G
950	0.04397	0.04397	A
951	0.05722	0.06051	A
952	0.01806	0.02196	G
953	0.04123	0.04123	A
954	0.02812	0.02822	A
955	0.05085	0.05085	A
956	0.05471	0.05523	A
957	0.02072	0.02588	G
958	0.02878	0.02878	A
959	0.03628	0.03628	A
960	0.04148	0.04219	A
961	0.05483	0.0569	C
962	0.03966	0.04407	C
963	0.03073	0.03115	A
964	0.03747	0.03778	A
965	0.04909	0.04919	A
966	0.01279	0.01556	G
967	0.04603	0.04674	A
968	0.0696	0.07505	C
969	0.01815	0.02759	T
970	0.00193	0.00223	A
971	0.01028	0.01038	A
972	0.03658	0.03658	A
973	0.03504	0.03504	A
974	0.02742	0.02742	A
975	0.03582	0.03631	A
976	0.01003	0.01168	G
977	0.00883	0.01039	T
978	0.01333	0.01362	T
979	0.00914	0.01497	G
980	0.0029	0.0029	A
981	0.00987	0.00997	A
982	0.03029	0.03048	A
983	0.02335	0.02335	A
984	0.02668	0.02668	A
985	0.02478	0.02478	A
986	0.07609	0.08637	C
987	0.00806	0.00825	T
988	0.00585	0.00643	G
989	0.00674	0.00713	T
990	0.03074	0.03123	C
991	0.01083	0.01172	T
992	0.00677	0.00687	G
993	0.00478	0.00478	G
994	0.00549	0.00549	G
995	0.04897	0.059	A
996	0.09161	0.09333	C
997	0.01713	0.01906	T
998	0.00838	0.00838	G
999	0.00428	0.00479	G
1000	0.00655	0.00676	G
1001	0.03537	0.03578	A
1002	0.0293	0.02972	A
1003	0.07024	0.07242	C
1004	0.00769	0.0081	T
1005	0.00876	0.00897	T
1006	0.02503	0.05227	A
1007	0.00989	0.00989	T
1008	0.00635	0.00879	G
1009	0.04125	0.04211	A
1010	0.04891	0.05123	A
1011	0.01286	0.01349	T
1012	0.0055	0.00782	G
1013	0.04462	0.04705	A
1014	0.00705	0.00863	T
1015	0.0545	0.05587	A
1016	0.00984	0.01016	T
1017	0.06521	0.06843	C
1018	0.02646	0.02712	A
1019	0.04282	0.04367	A
1020	0.04883	0.04914	A
1021	0.04947	0.05115	C
1022	0.04275	0.04379	C
1023	0.03235	0.03266	A
1024	0.03638	0.03669	A
1025	0.01017	0.01078	T
1026	0.04596	0.04811	A
1027	0.01533	0.01533	T
1028	0.00395	0.00395	G
1029	0.00302	0.00313	G
1030	0.03022	0.03065	C
1031	0.07282	0.07567	A
1032	0.00567	0.00644	G
1033	0.04856	0.06054	A
1034	0.00641	0.00652	G
1035	0.04655	0.04688	A
1036	0.02843	0.02853	C
1037	0.01231	0.01242	C
1038	0.01559	0.01949	A
1039	0.00695	0.00728	T
1040	0.06546	0.06754	C
1041	0.04064	0.04107	A
1042	0.02863	0.03113	A
1043	0.04117	0.04117	A
1044	0.04779	0.04869	A
1045	0.00903	0.0109	G
1046	0.0285	0.0285	A
1047	0.05265	0.05341	A
1048	0.00666	0.00818	G
1049	0.00929	0.01005	T
1050	0.04051	0.04193	A
1051	0.00725	0.00744	G
1052	0.06985	0.06985	A
1053	0.06135	0.06457	A
1054	0.00468	0.00734	G
1055	0.03619	0.03619	A
1056	0.02945	0.03179	A
1057	0.00622	0.0073	G
1058	0.06058	0.06238	A
1059	0.00812	0.00857	T
1060	0.00421	0.00511	G
1061	0.03282	0.03434	A
1062	0.01775	0.01793	A
1063	0.0045	0.00495	T
1064	0.02613	0.02711	A
1065	0.10118	0.10474	C
1066	0.04563	0.04563	A
1067	0.03019	0.03019	A
1068	0.0365	0.03899	A
1069	0.00421	0.00464	G
1070	0.02392	0.02443	C
1071	0.00331	0.00331	T
1072	0.00843	0.00851	T
1073	0.00613	0.00613	T
1074	0.05911	0.06349	C
1075	0.00689	0.00723	T
1076	0.04693	0.04965	A
1077	0.0841	0.08553	C
1078	0.0401	0.04101	A
1079	0.05603	0.05619	A
1080	0.02509	0.02626	A
1081	0.00537	0.00576	T
1082	0.02018	0.0208	C
1083	0.01448	0.01524	A
1084	0.00272	0.00272	T
1085	0.00121	0.00121	T
1086	0.00272	0.00279	T
1087	0.00287	0.00287	T
1088	0.02058	0.02843	C
1089	0.09808	0.09932	A
1090	0.06542	0.06565	A
1091	0.07535	0.07565	A
1092	0.00795	0.00889	G
1093	0.00297	0.00312	G
1094	0.00963	0.00963	A
1095	0.01035	0.01035	A
1096	0.01418	0.01418	A
1097	0.00633	0.00698	G
1098	0.0027	0.00313	T
1099	0.00569	0.00576	G
1100	0.01779	0.02079	A
1101	0.00467	0.007	T
1102	0.00796	0.01162	G
1103	0.09241	0.09482	A
1104	0.04777	0.04822	C
1105	0.04828	0.04872	C
1106	0.04574	0.04617	C
1107	0.04195	0.04209	C
1108	0.05462	0.06947	A
1109	0.01545	0.01587	T
1110	0.00567	0.00574	G
1111	0.00385	0.00399	G
1112	0.02296	0.02422	C
1113	0.00422	0.00422	T
1114	0.0028	0.0028	T
1115	0.06497	0.12114	A
1116	0.00441	0.00474	T
1117	0.0347	0.04035	A
1118	0.00274	0.00274	T
1119	0.00386	0.00458	T
1120	0.02869	0.03125	C
1121	0.03409	0.03527	A
1122	0.05155	0.05382	C
1123	0.00223	0.00223	T
1124	0.00432	0.00432	T
1125	0.00739	0.0079	T
1126	0.08934	0.10478	A
1127	0.07472	0.07669	C
1128	0.00739	0.00745	T
1129	0.00493	0.00594	G
1130	0.06174	0.0625	C
1131	0.00521	0.00521	T
1132	0.00704	0.00766	G
1133	0.03279	0.0338	A
1134	0.02831	0.02868	A
1135	0.00363	0.00363	G
1136	0.0054	0.00552	G
1137	0.00756	0.00756	G
1138	0.00853	0.00853	G
1139	0.05578	0.05641	A
1140	0.07788	0.07826	A
1141	0.01245	0.01428	G
1142	0.00974	0.0106	T
1143	0.01025	0.0108	T
1144	0.05517	0.07291	A
1145	0.02671	0.02683	C
1146	0.01742	0.01843	C
1147	0.0031	0.00328	T
1148	0.00328	0.00334	T
1149	0.02328	0.02568	C
1150	0.04463	0.04805	A
1151	0.0534	0.05596	A
1152	0.07122	0.07463	A
1153	0.00765	0.01035	T
1154	0.0847	0.08788	C
1155	0.03543	0.03807	A
1156	0.06004	0.06614	A
1157	0.00432	0.00432	T
1158	0.00396	0.00404	T
1159	0.00448	0.00448	T
1160	0.00571	0.00588	T
1161	0.06975	0.12676	A
1162	0.00412	0.00412	T
1163	0.00738	0.00738	T
1164	0.00853	0.00877	T
1165	0.01564	0.0181	G
1166	0.01303	0.01438	T
1167	0.07022	0.07241	A
1168	0.03403	0.03445	C
1169	0.01847	0.01863	C
1170	0.01972	0.01972	C
1171	0.02705	0.03	A
1172	0.04087	0.04202	C
1173	0.0312	0.03514	A
1174	0.00542	0.00603	T
1175	0.02391	0.02421	C
1176	0.01022	0.01071	T
1177	0.00585	0.00828	G
1178	0.0722	0.07297	C
1179	0.00604	0.00676	T
1180	0.03021	0.03021	C
1181	0.03303	0.03407	C
1182	0.04132	0.0528	A
1183	0.10855	0.11054	C
1184	0.00378	0.00747	G
1185	0.00513	0.00531	T
1186	0.0069	0.0069	G
1187	0.00384	0.00388	G
1188	0.00217	0.00217	T
1189	0.00806	0.00806	C
1190	0.00242	0.00242	T
1191	0.00529	0.00743	G
1192	0.00356	0.00356	T
1193	0.00762	0.00762	T
1194	0.01285	0.01285	T
1195	0.00606	0.00689	G
1196	0.02066	0.02098	A
1197	0.04325	0.04353	C
1198	0.00652	0.00671	G
1199	0.01616	0.01621	A
1200	0.01562	0.01632	A
1201	0.0042	0.00429	T
1202	0.03439	0.03499	A
1203	0.01002	0.0103	T
1204	0.00591	0.00605	G
1205	0.00526	0.0054	G
1206	0.03494	0.04914	A
1207	0.01164	0.01221	T
1208	0.0547	0.05622	C
1209	0.01046	0.01132	T
1210	0.01543	0.01562	A
1211	0.04496	0.04524	A
1212	0.03608	0.03622	A
1213	0.06795	0.06819	A
1214	0.02712	0.02712	A
1215	0.00458	0.00467	G
1216	0.01489	0.01592	A
1217	0.00462	0.00476	G
1218	0.00629	0.00748	C
1219	0.00867	0.00896	G
1220	0.08321	0.08624	A
1221	0.00925	0.00963	T
1222	0.0097	0.0105	T
1223	0.03454	0.06462	A
1224	0.10577	0.10791	C
1225	0.08039	0.08281	A
1226	0.00929	0.01258	T
1227	0.00927	0.00932	T
1228	0.0453	0.04544	A
1229	0.10991	0.11642	A
1230	0.00376	0.00403	G
1231	0.00556	0.00587	C
1232	0.0013	0.0013	T
1233	0.00767	0.00808	C
1234	0.00203	0.00221	T
1235	0.07742	0.07909	A
1236	0.01013	0.0104	T
1237	0.00993	0.01168	G
1238	0.01193	0.01596	T
1239	0.01426	0.01594	G
1240	0.08757	0.09162	C
1241	0.00836	0.00836	G
1242	0.03309	0.03318	C
1243	0.03548	0.03621	C
1244	0.00551	0.01179	G
1245	0.0115	0.01182	T
1246	0.00699	0.00754	G
1247	0.00374	0.00461	T
1248	0.01719	0.0177	A
1249	0.00206	0.00206	T
1250	0.00124	0.00124	T
1251	0.01007	0.01109	C
1252	0.0566	0.05831	A
1253	0.00236	0.00407	T
1254	0.007	0.00774	C
1255	0.02221	0.02384	A
1256	0.01061	0.0108	C
1257	0.0161	0.01791	A
1258	0.00336	0.00336	G
1259	0.02455	0.02493	A
1260	0.01508	0.01522	C
1261	0.00755	0.00764	G
1262	0.0573	0.05772	A
1263	0.03613	0.0365	C
1264	0.00787	0.0082	T
1265	0.00931	0.00931	T
1266	0.05473	0.05487	C
1267	0.04678	0.04726	C
1268	0.04159	0.05766	A
1269	0.00893	0.00926	T
1270	0.00576	0.00852	G
1271	0.06017	0.06198	A
1272	0.00909	0.00909	T
1273	0.06601	0.06906	A
1274	0.01117	0.01237	T
1275	0.00515	0.00755	G
1276	0.06207	0.06858	A
1277	0.02916	0.03047	T
1278	0.00603	0.00627	G
1279	0.04314	0.04432	C
1280	0.02935	0.02994	C
1281	0.00398	0.00487	T
1282	0.03517	0.03563	A
1283	0.04511	0.04556	A
1284	0.05156	0.05394	A
1285	0.00927	0.01099	T
1286	0.05719	0.05934	A
1287	0.04953	0.05177	C
1288	0.02466	0.02885	C
1289	0.00487	0.00676	T
1290	0.06237	0.06805	C
1291	0.04416	0.04765	A
1292	0.07459	0.0776	A
1293	0.00307	0.00307	T
1294	0.00737	0.00737	T
1295	0.00741	0.00746	T
1296	0.01065	0.01065	T
1297	0.00809	0.01063	G
1298	0.00407	0.00417	T
1299	0.03366	0.03464	C
1300	0.02945	0.02982	A
1301	0.0334	0.03408	A
1302	0.00303	0.00303	G
1303	0.00421	0.00421	G
1304	0.00577	0.00577	G
1305	0.00909	0.01261	T
1306	0.00824	0.00872	G
1307	0.00937	0.00964	T
1308	0.00942	0.00942	G
1309	0.00693	0.00726	G
1310	0.00888	0.00904	T
1311	0.00741	0.00763	G
1312	0.00605	0.00622	G
1313	0.04145	0.05149	A
1314	0.06767	0.06796	C
1315	0.00762	0.01254	T
1316	0.05615	0.05667	C
1317	0.06245	0.0647	A
1318	0.00761	0.00807	G
1319	0.05997	0.06284	A
1320	0.00964	0.00999	T
1321	0.00517	0.00664	G
1322	0.06518	0.06672	A
1323	0.00875	0.00875	T
1324	0.03601	0.03777	C
1325	0.00924	0.00937	T
1326	0.0179	0.0179	C
1327	0.01732	0.01732	C
1328	0.01193	0.01193	C
1329	0.01726	0.01726	C
1330	0.00282	0.00329	T
1331	0.00419	0.00419	T
1332	0.0041	0.00478	G
1333	0.03939	0.03974	A
1334	0.06755	0.06783	A
1335	0.00766	0.00766	T
1336	0.00917	0.0112	G
1337	0.00269	0.00276	T
1338	0.00566	0.00566	T
1339	0.01658	0.01666	T
1340	0.02904	0.02904	C
1341	0.01926	0.01926	C
1342	0.04433	0.04433	C
1343	0.00629	0.00906	G
1344	0.05011	0.05405	C
1345	0.00536	0.00653	G
1346	0.04827	0.05285	A
1347	0.00509	0.00535	G
1348	0.04331	0.04443	A
1349	0.03722	0.03826	C
1350	0.00342	0.00342	T
1351	0.02345	0.02389	C
1352	0.00475	0.00475	T
1353	0.0029	0.00308	T
1354	0.01659	0.01852	C
1355	0.02786	0.0286	A
1356	0.00468	0.00608	G
1357	0.01633	0.01737	C
1358	0.02388	0.02426	A
1359	0.02991	0.03058	A
1360	0.07158	0.07321	C
1361	0.04092	0.0432	A
1362	0.00911	0.01034	T
1363	0.03023	0.03023	A
1364	0.03725	0.03725	A
1365	0.04969	0.05316	A
1366	0.0503	0.0596	C
1367	0.00691	0.0072	T
1368	0.00377	0.00415	G
1369	0.04155	0.04273	C
1370	0.00355	0.00355	T
1371	0.00481	0.00481	T
1372	0.04563	0.04574	A
1373	0.0537	0.0537	A
1374	0.00754	0.00816	G
1375	0.00563	0.00563	G
1376	0.00664	0.00685	T
1377	0.00407	0.00459	G
1378	0.05303	0.05671	A
1379	0.0079	0.00801	T
1380	0.01176	0.01197	T
1381	0.04282	0.04968	A
1382	0.00559	0.00559	G
1383	0.00566	0.00566	G
1384	0.0398	0.04024	A
1385	0.05488	0.05566	A
1386	0.00597	0.00957	G
1387	0.04403	0.04403	A
1388	0.0542	0.05589	A
1389	0.00762	0.00842	G
1390	0.04333	0.04529	C
1391	0.0047	0.0047	T
1392	0.00857	0.00857	T
1393	0.00494	0.00717	G
1394	0.00626	0.00626	T
1395	0.00369	0.00369	T
1396	0.04875	0.05128	C
1397	0.01157	0.01253	G
1398	0.00773	0.00954	T
1399	0.03864	0.04121	A
1400	0.02666	0.0269	A
1401	0.04236	0.04248	A
1402	0.05859	0.05859	A
1403	0.06151	0.07574	C
1404	0.00435	0.00484	G
1405	0.03996	0.04118	C
1406	0.00698	0.00747	T
1407	0.00357	0.00357	G
1408	0.00371	0.00371	G
1409	0.02264	0.02861	A
1410	0.04365	0.04439	C
1411	0.05376	0.05389	A
1412	0.00707	0.00707	T
1413	0.0052	0.00621	G
1414	0.04109	0.0416	A
1415	0.00717	0.0073	T
1416	0.04434	0.04511	C
1417	0.03423	0.03462	A
1418	0.04302	0.04367	A
1419	0.0066	0.00738	G
1420	0.04543	0.04555	A
1421	0.05078	0.05169	A
1422	0.00682	0.00682	G
1423	0.06874	0.0712	A
1424	0.00543	0.00595	T
1425	0.00912	0.00912	T
1426	0.00542	0.00634	G
1427	0.03748	0.03762	C
1428	0.00644	0.00711	T
1429	0.00515	0.00624	G
1430	0.02946	0.03056	A
1431	0.00897	0.00924	T
1432	0.00401	0.00553	G
1433	0.03671	0.03727	A
1434	0.00677	0.0076	T
1435	0.0289	0.02918	A
1436	0.04057	0.04126	A
1437	0.0282	0.03075	A
1438	0.00629	0.00722	T
1439	0.0371	0.03871	A
1440	0.08191	0.08351	C
1441	0.03208	0.03208	A
1442	0.04477	0.04735	A
1443	0.01112	0.01314	T
1444	0.00631	0.00896	G
1445	0.05323	0.05812	A
1446	0.00675	0.00688	T
1447	0.04548	0.04999	A
1448	0.13553	0.14633	C
1449	0.00274	0.00274	T
1450	0.00341	0.00385	T
1451	0.00496	0.00496	T
1452	0.00477	0.00477	T
1453	0.01026	0.01026	T
1454	0.01329	0.01362	G
1455	0.00682	0.00715	G
1456	0.04471	0.04575	A
1457	0.06058	0.0608	A
1458	0.06479	0.06479	A
1459	0.00656	0.00984	G
1460	0.04388	0.04388	A
1461	0.07543	0.07564	A
1462	0.00453	0.00474	T
1463	0.00622	0.00622	T
1464	0.00968	0.00968	T
1465	0.00859	0.00924	G
1466	0.00741	0.00763	G
1467	0.00809	0.00864	T
1468	0.04026	0.04038	A
1469	0.03338	0.03371	C
1470	0.02439	0.02461	C
1471	0.03118	0.03152	A
1472	0.03662	0.03684	A
1473	0.03563	0.03687	C
1474	0.0607	0.06385	A
1475	0.00624	0.00992	T
1476	0.05652	0.05798	C
1477	0.05166	0.05177	A
1478	0.07546	0.08016	A
1479	0.00412	0.00499	G
1480	0.07723	0.07952	C
1481	0.00508	0.00519	T
1482	0.00653	0.00653	T
1483	0.00424	0.00424	G
1484	0.01015	0.01015	G
1485	0.00405	0.00405	T
1486	0.00699	0.00808	G
1487	0.00743	0.00808	T
1488	0.00636	0.00834	G
1489	0.06997	0.07718	A
1490	0.01161	0.01161	T
1491	0.01162	0.01173	T
1492	0.00984	0.0105	G
1493	0.06788	0.06799	A
1494	0.06509	0.06629	A
1495	0.0066	0.00995	G
1496	0.07983	0.08069	A
1497	0.03832	0.0394	C
1498	0.02442	0.02507	C
1499	0.02859	0.03682	A
1500	0.05588	0.05847	C
1501	0.00785	0.00861	T
1502	0.06412	0.06616	C
1503	0.00751	0.00761	G
1504	0.07885	0.07939	A
1505	0.05223	0.05309	A
1506	0.00899	0.00942	T
1507	0.0469	0.04859	C
1508	0.00939	0.01118	G
1509	0.03574	0.03574	A
1510	0.04152	0.04226	A
1511	0.05091	0.0547	C
1512	0.05698	0.05885	A
1513	0.0696	0.07094	C
1514	0.006	0.00662	G
1515	0.0027	0.00311	T
1516	0.01891	0.01922	C
1517	0.00394	0.00394	T
1518	0.00716	0.00726	T
1519	0.00427	0.00469	G
1520	0.03525	0.03871	C
1521	0.007	0.00888	T
1522	0.05057	0.05205	A
1523	0.05406	0.05623	A
1524	0.06419	0.0648	A
1525	0.03657	0.04125	C
1526	0.00294	0.00294	T
1527	0.00274	0.00274	T
1528	0.03263	0.04038	C
1529	0.00508	0.00508	T
1530	0.0068	0.0068	T
1531	0.04752	0.06374	A
1532	0.00597	0.00608	G
1533	0.00739	0.00739	G
1534	0.0055	0.0055	T
1535	0.0054	0.00601	T
1536	0.03925	0.03966	C
1537	0.04018	0.04028	C
1538	0.03019	0.0535	A
1539	0.00544	0.00544	G
1540	0.00401	0.00443	T
1541	0.02874	0.02947	C
1542	0.00502	0.00502	T
1543	0.00931	0.00962	T
1544	0.02206	0.02723	C
1545	0.00415	0.005	T
1546	0.04523	0.04737	C
1547	0.04324	0.0482	A
1548	0.005	0.00808	T
1549	0.01663	0.01771	C
1550	0.02078	0.02507	A
1551	0.01883	0.01904	T
1552	0.00932	0.00975	C
1553	0.01887	0.01941	C
1554	0.0188	0.01934	A
1555	0.03421	0.03421	A
1556	0.04665	0.04946	C
1557	0.00747	0.00801	T
1558	0.00291	0.00323	G
1559	0.04336	0.04358	A
1560	0.06473	0.06549	C
1561	0.04397	0.04503	A
1562	0.00773	0.00773	T
1563	0.00765	0.0085	T
1564	0.02374	0.04995	A
1565	0.0556	0.05666	C
1566	0.00972	0.01036	T
1567	0.03624	0.04135	A
1568	0.00329	0.00329	G
1569	0.02089	0.02089	C
1570	0.02052	0.02117	C
1571	0.00598	0.00783	T
1572	0.04888	0.06021	A
1573	0.00664	0.00741	G
1574	0.05116	0.05181	A
1575	0.03277	0.03321	C
1576	0.02036	0.02047	C
1577	0.0203	0.03599	A
1578	0.00591	0.00634	G
1579	0.00509	0.00631	T
1580	0.03891	0.03935	A
1581	0.01224	0.01291	T
1582	0.00857	0.0089	G
1583	0.00832	0.00921	T
1584	0.00541	0.00541	G
1585	0.00487	0.0052	G
1586	0.02807	0.02841	A
1587	0.04508	0.04519	A
1588	0.05273	0.05284	A
1589	0.013	0.01791	G
1590	0.04621	0.04642	A
1591	0.04022	0.04076	A
1592	0.01212	0.01255	T
1593	0.00998	0.01298	G
1594	0.02441	0.02462	A
1595	0.02938	0.02992	A
1596	0.00933	0.00954	G
1597	0.01107	0.01494	G
1598	0.00906	0.00917	A
1599	0.02816	0.02847	A
1600	0.01993	0.01993	A
1601	0.03751	0.03751	A
1602	0.03608	0.03608	A
1603	0.13845	0.15431	C
1604	0.02666	0.02685	A
1605	0.02594	0.02766	A
1606	0.02231	0.02654	G
1607	0.0341	0.03515	A
1608	0.14197	0.15332	C
1609	0.03751	0.03751	A
1610	0.01912	0.01912	A
1611	0.03641	0.03641	A
1612	0.05616	0.05668	A
1613	0.01091	0.01236	T
1614	0.06014	0.06092	C
1615	0.00532	0.0054	T
1616	0.06537	0.06819	A
1617	0.02202	0.02304	C
1618	0.00169	0.00169	T
1619	0.0035	0.00393	T
1620	0.02373	0.02554	C
1621	0.03929	0.04229	A
1622	0.00724	0.00724	T
1623	0.00573	0.00617	G
1624	0.00627	0.00627	G
1625	0.02271	0.02376	C
1626	0.00543	0.00569	T
1627	0.00885	0.00894	G
1628	0.00848	0.009	G
1629	0.00719	0.00719	G
1630	0.00422	0.00484	T
1631	0.02331	0.02366	C
1632	0.01795	0.01822	C
1633	0.01843	0.03148	A
1634	0.00998	0.01387	G
1635	0.02475	0.02599	C
1636	0.06693	0.06955	A
1637	0.00834	0.00877	G
1638	0.0463	0.0463	A
1639	0.03268	0.03285	A
1640	0.05997	0.05997	A
1641	0.0662	0.06702	A
1642	0.01109	0.01256	G
1643	0.04836	0.05023	A
1644	0.0086	0.0086	G
1645	0.00538	0.00538	G
1646	0.01794	0.01915	C
1647	0.00434	0.00458	T
1648	0.00928	0.0108	G
1649	0.06036	0.06108	A
1650	0.04625	0.04625	A
1651	0.00671	0.00671	T
1652	0.04426	0.04449	C
1653	0.00518	0.00518	T
1654	0.005	0.00531	T
1655	0.00898	0.01087	C
1656	0.00471	0.00479	T
1657	0.01311	0.01311	C
1658	0.02313	0.02337	C
1659	0.09166	0.10015	A
1660	0.00611	0.00618	T
1661	0.00816	0.00886	T
1662	0.00843	0.00843	T
1663	0.00868	0.0117	G
1664	0.00769	0.00769	T
1665	0.00764	0.00787	T
1666	0.00574	0.00652	G
1667	0.10664	0.11028	A
1668	0.00524	0.00554	G
1669	0.02688	0.0278	C
1670	0.00701	0.0074	G
1671	0.02302	0.02394	A
1672	0.01228	0.01267	C
1673	0.0034	0.00348	T
1674	0.00216	0.00216	T
1675	0.01656	0.02058	C
1676	0.00584	0.00584	T
1677	0.00401	0.00486	G
1678	0.00541	0.00549	A
1679	0.0188	0.0188	A
1680	0.03466	0.03466	A
1681	0.05514	0.05514	A
1682	0.04443	0.04465	A
1683	0.00907	0.00952	G
1684	0.00467	0.00467	G
1685	0.00297	0.00297	G
1686	0.02256	0.02859	C
1687	0.00546	0.00584	T
1688	0.06619	0.06731	A
1689	0.00497	0.00497	T
1690	0.0045	0.00576	G
1691	0.02992	0.02992	A
1692	0.0343	0.03452	A
1693	0.00785	0.00821	G
1694	0.00631	0.00631	T
1695	0.00689	0.00689	T
1696	0.03797	0.06898	A
1697	0.00418	0.00418	T
1698	0.00559	0.00559	T
1699	0.00661	0.00661	T
1700	0.0391	0.04715	A
1701	0.06265	0.06272	C
1702	0.01866	0.01873	C
1703	0.0166	0.01847	T
1704	0.01671	0.01729	C
1705	0.02064	0.02261	A
1706	0.03261	0.03349	C
1707	0.05021	0.05608	A
1708	0.0049	0.0095	G
1709	0.04807	0.04807	A
1710	0.0482	0.05007	A
1711	0.06533	0.06863	C
1712	0.0264	0.02789	C
1713	0.00338	0.00359	T
1714	0.00807	0.00828	G
1715	0.00444	0.00444	T
1716	0.00349	0.00349	G
1717	0.00669	0.00669	G
1718	0.03635	0.05823	A
1719	0.0072	0.00734	T
1720	0.00438	0.00452	G
1721	0.03319	0.03383	A
1722	0.02492	0.0252	A
1723	0.0064	0.00647	T
1724	0.04104	0.0416	A
1725	0.07164	0.07467	C
1726	0.00865	0.00892	T
1727	0.00643	0.00732	G
1728	0.01004	0.01092	T
1729	0.04885	0.0513	A
1730	0.00354	0.00354	T
1731	0.00369	0.00369	T
1732	0.023	0.02409	C
1733	0.05457	0.05758	A
1734	0.00473	0.005	G
1735	0.00496	0.00496	G
1736	0.00601	0.00601	C
1737	0.00334	0.00334	C
1738	0.00119	0.00119	C
1739	0.00106	0.00106	T
1740	0.00156	0.00156	T
1741	0.00384	0.00384	C
1742	0.00215	0.00215	C
1743	0.00201	0.00201	C
1744	0.02316	0.02459	G
1745	0.05608	0.05629	A
1746	0.07371	0.07392	A
1747	0.00947	0.00947	T
1748	0.01213	0.01213	T
1749	0.01327	0.01334	T
1750	0.0094	0.01667	G
1751	0.08152	0.08296	A
1752	0.01092	0.01159	T
1753	0.00322	0.00322	G
1754	0.00415	0.00429	G
1755	0.00403	0.00403	G
1756	0.0246	0.02487	A
1757	0.03077	0.03118	A
1758	0.00457	0.00484	G
1759	0.05373	0.0544	A
1760	0.00765	0.00765	G
1761	0.00721	0.00721	G
1762	0.00744	0.00744	T
1763	0.00678	0.00678	T
1764	0.03631	0.03651	C
1765	0.02103	0.02103	C
1766	0.02723	0.04747	A
1767	0.00789	0.00822	G
1768	0.01996	0.02003	A
1769	0.023	0.02399	A
1770	0.01179	0.01186	T
1771	0.00706	0.00898	G
1772	0.00767	0.00767	T
1773	0.0125	0.0127	T
1774	0.0077	0.00777	G
1775	0.02104	0.02104	C
1776	0.01998	0.01998	C
1777	0.0406	0.04067	A
1778	0.07131	0.07138	A
1779	0.00798	0.00812	G
1780	0.00759	0.00765	G
1781	0.05291	0.05291	A
1782	0.06071	0.06138	A
1783	0.00683	0.00696	G
1784	0.00653	0.00659	G
1785	0.03467	0.04462	A
1786	0.00856	0.00856	G
1787	0.00738	0.00764	T
1788	0.01011	0.01083	G
1789	0.06306	0.06339	A
1790	0.05985	0.05985	A
1791	0.00686	0.00791	G
1792	0.00702	0.00734	T
1793	0.00564	0.00584	T
1794	0.06715	0.06919	C
1795	0.0084	0.00906	G
1796	0.03355	0.03395	A
1797	0.00619	0.00632	T
1798	0.0062	0.00699	G
1799	0.04862	0.04868	A
1800	0.06351	0.0643	A
1801	0.05875	0.05875	A
1802	0.01052	0.01263	G
1803	0.01052	0.01224	T
1804	0.0063	0.00803	G
1805	0.03732	0.04018	A
1806	0.00887	0.00967	G
1807	0.04554	0.04608	A
1808	0.032	0.03206	A
1809	0.0362	0.03626	A
1810	0.04805	0.04845	A
1811	0.04991	0.07728	C
1812	0.00858	0.00962	T
1813	0.05436	0.05436	A
1814	0.0727	0.074	A
1815	0.00661	0.00732	G
1816	0.00507	0.00514	G
1817	0.03764	0.04821	A
1818	0.00886	0.00886	G
1819	0.04356	0.04776	A
1820	0.00715	0.00741	G
1821	0.00416	0.00462	T
1822	0.03265	0.03298	C
1823	0.00935	0.00961	G
1824	0.00633	0.00727	T
1825	0.00751	0.00992	G
1826	0.06526	0.06863	A
1827	0.03419	0.03426	A
1828	0.00399	0.00629	G
1829	0.0218	0.02255	C
1830	0.03054	0.03115	A
1831	0.00913	0.00913	G
1832	0.00844	0.00899	T
1833	0.00969	0.00969	T
1834	0.00551	0.00606	G
1835	0.05028	0.0516	A
1836	0.00891	0.00946	G
1837	0.05685	0.05755	A
1838	0.04664	0.04706	A
1839	0.05913	0.05934	A
1840	0.01016	0.01424	G
1841	0.04083	0.04083	A
1842	0.06479	0.06486	A
1843	0.00465	0.00534	T
1844	0.00884	0.00884	T
1845	0.0115	0.0115	T
1846	0.00842	0.01206	G
1847	0.05823	0.06028	A
1848	0.0063	0.00637	G
1849	0.02423	0.02445	C
1850	0.01233	0.01261	C
1851	0.00232	0.00261	T
1852	0.01508	0.01574	C
1853	0.00488	0.00584	T
1854	0.00431	0.00483	G
1855	0.02987	0.03054	C
1856	0.00392	0.00452	T
1857	0.0112	0.01142	G
1858	0.04794	0.04877	A
1859	0.07054	0.07107	A
1860	0.00793	0.00807	T
1861	0.00721	0.00744	T
1862	0.00634	0.00649	G
1863	0.00417	0.00432	G
1864	0.03652	0.05322	A
1865	0.0087	0.00908	T
1866	0.00505	0.00605	G
1867	0.05021	0.05021	A
1868	0.04751	0.04812	A
1869	0.04864	0.0491	A
1870	0.00675	0.00804	G
1871	0.0426	0.04359	A
1872	0.00968	0.00991	T
1873	0.04897	0.04897	A
1874	0.04341	0.04341	A
1875	0.06365	0.07205	A
1876	0.01104	0.01137	G
1877	0.02326	0.02352	C
1878	0.00826	0.00826	C
1879	0.02304	0.02304	C
1880	0.00519	0.00545	T
1881	0.00768	0.00777	T
1882	0.04106	0.04124	A
1883	0.07225	0.07278	A
1884	0.00639	0.00657	G
1885	0.00517	0.00517	G
1886	0.03139	0.04889	A
1887	0.05243	0.0548	C
1888	0.04561	0.0457	A
1889	0.04328	0.04514	A
1890	0.00595	0.00679	G
1891	0.05098	0.05248	A
1892	0.00731	0.00747	T
1893	0.00898	0.00931	T
1894	0.01281	0.01381	G
1895	0.04238	0.04255	A
1896	0.04653	0.04662	A
1897	0.05423	0.05619	A
1898	0.0581	0.0581	A
1899	0.00582	0.0059	G
1900	0.00332	0.00332	G
1901	0.02216	0.02395	C
1902	0.00764	0.00772	T
1903	0.00601	0.00716	G
1904	0.00858	0.00866	T
1905	0.00602	0.00602	G
1906	0.00393	0.00452	G
1907	0.00556	0.00556	T
1908	0.00592	0.00625	G
1909	0.00375	0.00477	T
1910	0.02275	0.02318	C
1911	0.01044	0.02261	T
1912	0.05068	0.05496	C
1913	0.07178	0.07792	A
1914	0.01141	0.01325	G
1915	0.05018	0.0515	C
1916	0.00599	0.00599	G
1917	0.03416	0.03416	C
1918	0.01824	0.01833	C
1919	0.00213	0.00436	T
1920	0.00426	0.00523	G
1921	0.07173	0.0728	A
1922	0.09517	0.0957	C
1923	0.06685	0.06889	A
1924	0.00641	0.00755	G
1925	0.06874	0.06883	A
1926	0.09384	0.09619	A
1927	0.00285	0.00285	T
1928	0.00853	0.00853	C
1929	0.00157	0.00157	T
1930	0.00747	0.00747	C
1931	0.0075	0.0075	C
1932	0.00984	0.01462	G
1933	0.00143	0.00196	T
1934	0.00375	0.00411	G
1935	0.00269	0.00278	T
1936	0.00585	0.00603	G
1937	0.05365	0.05528	C
1938	0.00363	0.00372	T
1939	0.01106	0.01115	T
1940	0.01277	0.01296	T
1941	0.01648	0.01667	G
1942	0.01158	0.01158	G
1943	0.0138	0.01436	T
1944	0.01063	0.01063	G
1945	0.00347	0.00347	G
1946	0.00424	0.00471	C
1947	0.00747	0.00747	C
1948	0.00832	0.0174	A
1949	0.00678	0.00706	G
1950	0.00364	0.00364	C
1951	0.00345	0.00345	C
1952	0.05588	0.09736	A
1953	0.01257	0.01344	G
1954	0.00953	0.01196	T
1955	0.06886	0.06945	A
1956	0.11206	0.11691	C
1957	0.00905	0.00905	G
1958	0.00321	0.00321	G
1959	0.04377	0.06835	A
1960	0.00235	0.00244	T
1961	0.00589	0.00589	G
1962	0.00395	0.00395	G
1963	0.00813	0.00813	T
1964	0.00557	0.00557	C
1965	0.0031	0.0031	T
1966	0.00569	0.00569	G
1967	0.00552	0.00552	G
1968	0.00674	0.00684	C
1969	0.07443	0.07443	A
1970	0.02465	0.02465	A
1971	0.01398	0.01418	C
1972	0.012	0.012	A
1973	0.00302	0.00302	T
1974	0.00475	0.00515	G
1975	0.00515	0.00556	G
1976	0.01689	0.02137	A
1977	0.00416	0.00426	G
1978	0.03909	0.04011	A
1979	0.011	0.01263	G
1980	0.05441	0.05441	A
1981	0.06957	0.0705	A
1982	0.00889	0.01216	T
1983	0.06479	0.0654	C
1984	0.05995	0.06077	A
1985	0.01466	0.01589	T
1986	0.00954	0.01077	G
1987	0.05653	0.05737	A
1988	0.04361	0.04433	A
1989	0.07778	0.0785	A
1990	0.00959	0.01083	G
1991	0.05488	0.05822	C
1992	0.05603	0.05708	A
1993	0.08927	0.09538	C
1994	0.04327	0.04327	A
1995	0.07234	0.07589	A
1996	0.00607	0.00796	G
1997	0.05668	0.05773	C
1998	0.01276	0.01424	G
1999	0.00966	0.01083	T
2000	0.05942	0.06092	A
2001	0.06213	0.06213	C
2002	0.03572	0.03583	C
2003	0.0218	0.02248	A
2004	0.04856	0.04878	A
2005	0.06536	0.0657	A
2006	0.06444	0.07407	C
2007	0.00926	0.00937	G
2008	0.00391	0.00425	G
2009	0.00658	0.00658	G
2010	0.02091	0.02613	C
2011	0.07155	0.07178	A
2012	0.07872	0.07884	A
2013	0.00453	0.00465	G
2014	0.00525	0.00548	G
2015	0.03485	0.04371	A
2016	0.04829	0.04865	C
2017	0.03898	0.03898	A
2018	0.00696	0.0072	T
2019	0.01599	0.01636	C
2020	0.00725	0.0075	T
2021	0.04749	0.04837	C
2022	0.00806	0.00819	T
2023	0.03085	0.03279	A
2024	0.06972	0.07448	C
2025	0.02198	0.02249	A
2026	0.02703	0.02703	A
2027	0.04387	0.04514	A
2028	0.00634	0.00722	T
2029	0.00498	0.00677	T
2030	0.02883	0.05584	A
2031	0.08121	0.08573	C
2032	0.00544	0.00608	T
2033	0.04388	0.05098	A
2034	0.01124	0.01203	T
2035	0.00579	0.00658	G
2036	0.05371	0.05544	C
2037	0.00549	0.00576	G
2038	0.04198	0.04361	A
2039	0.00379	0.00393	G
2040	0.00617	0.00863	T
2041	0.03574	0.03602	C
2042	0.05081	0.05179	A
2043	0.00799	0.0087	G
2044	0.04217	0.0426	A
2045	0.04657	0.04868	A
2046	0.01184	0.01607	G
2047	0.04048	0.04048	A
2048	0.02662	0.02662	A
2049	0.04052	0.04052	A
2050	0.04243	0.04243	A
2051	0.06572	0.08501	C
2052	0.0443	0.04509	A
2053	0.00832	0.00844	T
2054	0.0094	0.0094	T
2055	0.00766	0.00778	T
2056	0.00811	0.00961	G
2057	0.01985	0.02022	A
2058	0.02723	0.02771	A
2059	0.05557	0.05569	A
2060	0.00833	0.00833	T
2061	0.00906	0.00941	T
2062	0.05975	0.06207	A
2063	0.08104	0.08152	A
2064	0.01288	0.01479	T
2065	0.02098	0.02195	C
2066	0.02518	0.02567	C
2067	0.02057	0.02057	C
2068	0.0122	0.03031	A
2069	0.00612	0.00612	G
2070	0.03614	0.03732	A
2071	0.0399	0.04175	C
2072	0.04307	0.04454	A
2073	0.04584	0.04731	C
2074	0.02541	0.02541	C
2075	0.03506	0.03652	C
2076	0.00586	0.00946	G
2077	0.05195	0.05302	C
2078	0.00818	0.00859	T
2079	0.00502	0.00635	G
2080	0.04671	0.04737	A
2081	0.00762	0.01038	T
2082	0.06317	0.06317	C
2083	0.0595	0.06172	A
2084	0.0045	0.00553	G
2085	0.06638	0.06972	A
2086	0.00914	0.01079	G
2087	0.05931	0.06007	A
2088	0.0596	0.06626	C
2089	0.05444	0.05518	A
2090	0.00785	0.00933	T
2091	0.00479	0.00491	G
2092	0.03549	0.0366	C
2093	0.00517	0.00517	T
2094	0.00383	0.00383	T
2095	0.0252	0.02719	C
2096	0.00941	0.00953	G
2097	0.05734	0.05917	A
2098	0.07475	0.07655	C
2099	0.0151	0.0151	G
2100	0.03833	0.03833	A
2101	0.05715	0.05771	A
2102	0.00822	0.00832	T
2103	0.00913	0.00956	T
2104	0.05986	0.05997	A
2105	0.0689	0.06953	A
2106	0.00784	0.00814	G
2107	0.00626	0.00656	G
2108	0.03878	0.03898	A
2109	0.05759	0.05769	A
2110	0.00985	0.01172	G
2111	0.06496	0.07079	A
2112	0.0132	0.01416	T
2113	0.00739	0.00928	G
2114	0.0609	0.06137	A
2115	0.06421	0.06458	A
2116	0.00764	0.00872	G
2117	0.06689	0.06849	A
2118	0.01188	0.0132	T
2119	0.00717	0.00916	G
2120	0.05737	0.05934	A
2121	0.0155	0.01666	T
2122	0.06765	0.06781	A
2123	0.03231	0.03231	A
2124	0.06316	0.06316	A
2125	0.05439	0.05486	A
2126	0.06921	0.08492	C
2127	0.05279	0.05344	A
2128	0.01028	0.0105	G
2129	0.00355	0.00355	T
2130	0.00421	0.00421	T
2131	0.00818	0.00818	T
2132	0.00784	0.00784	T
2133	0.01106	0.01106	G
2134	0.00493	0.00499	G
2135	0.07425	0.09774	A
2136	0.00609	0.00629	T
2137	0.06467	0.06534	C
2138	0.00392	0.00392	T
2139	0.00518	0.00518	T
2140	0.00386	0.00413	G
2141	0.01503	0.0155	C
2142	0.00359	0.00373	T
2143	0.00616	0.00689	G
2144	0.00377	0.00437	T
2145	0.00926	0.00926	G
2146	0.00739	0.00779	G
2147	0.0028	0.00306	T
2148	0.00575	0.00588	T
2149	0.00594	0.00601	T
2150	0.00582	0.00582	T
2151	0.01042	0.01527	G
2152	0.00688	0.00688	T
2153	0.00667	0.00667	T
2154	0.00849	0.00875	T
2155	0.00925	0.01303	G
2156	0.08034	0.08087	A
2157	0.09255	0.09281	A
2158	0.06051	0.06064	A
2159	0.06028	0.0639	C
2160	0.03858	0.0391	A
2161	0.00561	0.00651	G
2162	0.03336	0.03763	C
2163	0.05888	0.05973	A
2164	0.07637	0.07721	A
2165	0.13341	0.13946	C
2166	0.00565	0.00648	G
2167	0.0289	0.03004	C
2168	0.00425	0.00425	T
2169	0.00228	0.00241	T
2170	0.04473	0.04773	C
2171	0.00693	0.00693	G
2172	0.00617	0.00617	G
2173	0.00445	0.01316	T
2174	0.03471	0.03503	C
2175	0.08779	0.08967	A
2176	0.00459	0.00459	G
2177	0.00375	0.00401	G
2178	0.00706	0.00797	G
2179	0.00305	0.00434	T
2180	0.06498	0.06641	A
2181	0.00426	0.00439	T
2182	0.03429	0.03475	C
2183	0.00331	0.00331	T
2184	0.00388	0.00388	T
2185	0.00676	0.00676	T
2186	0.00616	0.00616	T
2187	0.04758	0.0614	A
2188	0.04147	0.04166	C
2189	0.02513	0.02519	C
2190	0.02437	0.07859	A
2191	0.00606	0.00677	G
2192	0.05823	0.05888	A
2193	0.0369	0.03787	C
2194	0.03854	0.03932	A
2195	0.07378	0.07618	C
2196	0.00693	0.00777	T
2197	0.0262	0.02654	A
2198	0.04379	0.04495	A
2199	0.05378	0.05507	A
2200	0.00466	0.00589	G
2201	0.02305	0.02363	C
2202	0.02974	0.03071	A
2203	0.00733	0.00779	T
2204	0.07402	0.07559	A
2205	0.01488	0.01546	T
2206	0.00853	0.00944	G
2207	0.0084	0.00905	G
2208	0.0403	0.05448	A
2209	0.00793	0.00923	G
2210	0.06139	0.06711	A
2211	0.00898	0.00963	T
2212	0.05382	0.05434	A
2213	0.00975	0.01086	G
2214	0.05472	0.05472	A
2215	0.05047	0.05434	A
2216	0.01133	0.01455	T
2217	0.06647	0.06885	A
2218	0.00789	0.00873	G
2219	0.0557	0.0557	A
2220	0.0438	0.0438	A
2221	0.0639	0.06663	A
2222	0.00748	0.01059	G
2223	0.04799	0.04799	A
2224	0.05001	0.05103	A
2225	0.0106	0.01189	T
2226	0.00533	0.00559	G
2227	0.03504	0.03615	C
2228	0.00371	0.00371	T
2229	0.01865	0.01872	T
2230	0.04719	0.05604	C
2231	0.00686	0.00754	G
2232	0.03454	0.03454	C
2233	0.02435	0.02458	C
2234	0.00362	0.00684	T
2235	0.03776	0.03776	C
2236	0.04082	0.04551	A
2237	0.00755	0.00755	G
2238	0.00763	0.00771	T
2239	0.01064	0.01064	T
2240	0.00875	0.00875	T
2241	0.00612	0.00824	G
2242	0.03518	0.03584	A
2243	0.03918	0.03918	A
2244	0.0667	0.06719	C
2245	0.05718	0.05784	A
2246	0.00533	0.00574	T
2247	0.01347	0.01389	T
2248	0.0074	0.01042	G
2249	0.05952	0.0602	A
2250	0.04271	0.04279	C
2251	0.02249	0.02257	C
2252	0.01211	0.01246	C
2253	0.0033	0.00508	T
2254	0.00323	0.00583	G
2255	0.02644	0.02789	A
2256	0.00483	0.00492	T
2257	0.00453	0.00481	G
2258	0.02665	0.03002	C
2259	0.04451	0.0446	A
2260	0.05212	0.05231	A
2261	0.05324	0.05324	A
2262	0.00653	0.00653	G
2263	0.00686	0.00686	G
2264	0.00441	0.0045	T
2265	0.00405	0.00405	G
2266	0.0043	0.0043	G
2267	0.04068	0.04108	A
2268	0.04251	0.0433	A
2269	0.00591	0.00739	G
2270	0.01964	0.01974	A
2271	0.03337	0.03706	A
2272	0.00475	0.00763	G
2273	0.06121	0.06539	A
2274	0.00641	0.00725	G
2275	0.00968	0.00968	C
2276	0.00805	0.00805	C
2277	0.01007	0.01007	C
2278	0.00754	0.01285	G
2279	0.05699	0.05744	A
2280	0.06592	0.06625	A
2281	0.00324	0.00692	G
2282	0.05387	0.05398	A
2283	0.06129	0.06645	A
2284	0.00404	0.00584	G
2285	0.06172	0.06183	A
2286	0.02877	0.02922	A
2287	0.03189	0.03325	C
2288	0.01028	0.01028	C
2289	0.00853	0.01695	T
2290	0.0058	0.00649	G
2291	0.03446	0.03504	A
2292	0.03262	0.03321	A
2293	0.00709	0.00804	G
2294	0.07479	0.07633	A
2295	0.00967	0.01027	G
2296	0.06049	0.06109	A
2297	0.0622	0.06437	C
2298	0.05285	0.05334	A
2299	0.00868	0.01134	G
2300	0.03086	0.03231	C
2301	0.05624	0.05977	A
2302	0.01115	0.01188	G
2303	0.06134	0.06134	A
2304	0.04709	0.05413	A
2305	0.00559	0.00742	G
2306	0.05895	0.06239	A
2307	0.06438	0.06732	C
2308	0.03748	0.0376	A
2309	0.06468	0.07091	C
2310	0.02841	0.02841	A
2311	0.0231	0.02334	A
2312	0.04928	0.05339	C
2313	0.04281	0.04354	A
2314	0.0095	0.0107	G
2315	0.04377	0.04377	A
2316	0.03354	0.03808	A
2317	0.00359	0.00443	G
2318	0.06175	0.06524	A
2319	0.04262	0.04419	C
2320	0.02789	0.02972	A
2321	0.03519	0.03641	C
2322	0.05153	0.0552	A
2323	0.00743	0.00743	G
2324	0.05831	0.05867	A
2325	0.00673	0.00722	G
2326	0.02361	0.02521	C
2327	0.01747	0.01759	A
2328	0.02117	0.02189	A
2329	0.00262	0.00262	G
2330	0.02039	0.02147	A
2331	0.06271	0.0633	C
2332	0.00696	0.00778	G
2333	0.05515	0.05515	A
2334	0.05255	0.05442	A
2335	0.00714	0.00967	G
2336	0.0581	0.05984	A
2337	0.01301	0.01508	T
2338	0.00951	0.01181	G
2339	0.04432	0.04467	A
2340	0.04976	0.05067	A
2341	0.01045	0.01368	G
2342	0.02584	0.02584	A
2343	0.05288	0.05311	A
2344	0.06106	0.06216	A
2345	0.01252	0.01404	T
2346	0.00599	0.0061	G
2347	0.00674	0.00685	G
2348	0.02998	0.04398	A
2349	0.01411	0.01411	T
2350	0.01418	0.01528	G
2351	0.0123	0.01374	T
2352	0.00648	0.00648	G
2353	0.00492	0.00492	G
2354	0.00628	0.0065	G
2355	0.04778	0.04857	A
2356	0.04966	0.04966	A
2357	0.07692	0.07852	C
2358	0.03227	0.03515	A
2359	0.00951	0.01123	G
2360	0.06129	0.07299	A
2361	0.00783	0.0118	T
2362	0.00783	0.0093	G
2363	0.03486	0.03789	A
2364	0.07567	0.09525	A
2365	0.0062	0.01037	G
2366	0.03713	0.03713	A
2367	0.04891	0.06285	A
2368	0.00607	0.01114	G
2369	0.03517	0.0357	A
2370	0.05441	0.07947	A
2371	0.00649	0.0125	G
2372	0.04426	0.04426	A
2373	0.05592	0.05592	A
2374	0.06021	0.0673	A
2375	0.03596	0.04946	C
2376	0.03258	0.03362	A
2377	0.00584	0.00697	G
2378	0.03538	0.03803	C
2379	0.05107	0.05107	A
2380	0.05224	0.05262	A
2381	0.06084	0.06094	A
2382	0.0074	0.00787	G
2383	0.00722	0.00731	G
2384	0.03633	0.03701	A
2385	0.05097	0.05097	A
2386	0.00637	0.00714	T
2387	0.05157	0.05176	C
2388	0.00615	0.0072	T
2389	0.05709	0.06405	A
2390	0.08274	0.08381	C
2391	0.05984	0.06296	A
2392	0.00402	0.00411	G
2393	0.02821	0.0289	C
2394	0.00611	0.00621	T
2395	0.00277	0.00367	G
2396	0.01527	0.01567	A
2397	0.03903	0.03923	A
2398	0.0342	0.0343	A
2399	0.04939	0.04939	A
2400	0.03861	0.03861	A
2401	0.00396	0.00436	G
2402	0.03675	0.03695	A
2403	0.00378	0.00388	T
2404	0.00298	0.00298	G
2405	0.02959	0.02959	A
2406	0.05377	0.05377	A
2407	0.00676	0.00676	T
2408	0.00699	0.00699	T
2409	0.00472	0.00472	G
2410	0.00011	0.00011	T
2411	0.0	0.0	A
2412	0.0	0.0	A
