Position	Mismatches	Mismatches + Deletions	Base
1	0.0	0.0	A
2	0.0	0.0	T
3	0.0	0.0	G
4	0.02336	0.02336	C
5	0.02169	0.02169	C
6	0.03602	0.03602	C
7	0.04391	0.04391	C
8	0.0155	0.0155	T
9	0.05699	0.05699	C
10	0.03415	0.0439	A
11	0.00741	0.00741	T
12	0.01318	0.01318	T
13	0.01284	0.01284	T
14	0.05594	0.06154	A
15	0.1126	0.1126	C
16	0.03158	0.03275	A
17	0.00992	0.01103	T
18	0.02612	0.02612	A
19	0.06256	0.06256	A
20	0.03488	0.03488	A
21	0.00935	0.0119	T
22	0.05736	0.05819	A
23	0.00776	0.00853	T
24	0.00683	0.00759	T
25	0.02334	0.03916	A
26	0.00669	0.00669	T
27	0.04649	0.05092	A
28	0.0493	0.05298	C
29	0.00287	0.00287	T
30	0.02966	0.03178	A
31	0.00845	0.00845	G
32	0.08528	0.08666	C
33	0.04092	0.04356	A
34	0.00565	0.00565	T
35	0.00435	0.00498	T
36	0.01302	0.01364	T
37	0.08912	0.10326	A
38	0.0962	0.09743	C
39	0.05018	0.05078	C
40	0.05471	0.07043	A
41	0.01322	0.01437	T
42	0.11547	0.11889	C
43	0.01325	0.01877	T
44	0.09995	0.10104	C
45	0.06845	0.07112	A
46	0.04491	0.04801	C
47	0.00618	0.00669	T
48	0.00608	0.00709	T
49	0.03117	0.03577	C
50	0.00606	0.00657	T
51	0.03352	0.03652	A
52	0.00446	0.00446	G
53	0.00688	0.00737	G
54	0.0401	0.0401	A
55	0.03281	0.03281	A
56	0.00437	0.00631	T
57	0.05489	0.05633	A
58	0.03585	0.03681	C
59	0.00333	0.00333	T
60	0.01792	0.01839	A
61	0.00517	0.00564	G
62	0.00514	0.0056	T
63	0.02611	0.02797	A
64	0.0069	0.0069	T
65	0.04692	0.05152	A
66	0.02297	0.02389	T
67	0.13154	0.13895	C
68	0.021	0.02146	G
69	0.08482	0.08664	C
70	0.01733	0.02234	T
71	0.10229	0.1055	C
72	0.04229	0.05308	A
73	0.09007	0.09666	C
74	0.05548	0.05982	A
75	0.08362	0.08362	C
76	0.0516	0.05701	C
77	0.00582	0.00956	T
78	0.06123	0.06413	C
79	0.04814	0.05461	A
80	0.01118	0.01357	T
81	0.05859	0.06532	A
82	0.01137	0.01254	T
83	0.06894	0.06974	C
84	0.03933	0.04291	C
85	0.01147	0.01543	T
86	0.07309	0.07428	C
87	0.06994	0.06994	C
88	0.0486	0.0509	C
89	0.00459	0.00498	T
90	0.0402	0.04211	A
91	0.06248	0.06664	C
92	0.00453	0.00604	T
93	0.03786	0.05187	A
94	0.01433	0.01471	T
95	0.00903	0.00903	G
96	0.02939	0.02977	C
97	0.01208	0.01208	C
98	0.00643	0.00643	T
99	0.01965	0.02003	A
100	0.0015	0.00226	G
101	0.02298	0.02298	A
102	0.01871	0.01946	A
103	0.00335	0.00335	G
104	0.00485	0.00485	G
105	0.03304	0.03342	A
106	0.04625	0.04625	A
107	0.01398	0.01692	T
108	0.05784	0.05784	A
109	0.04335	0.05202	A
110	0.008	0.00872	T
111	0.06779	0.07292	A
112	0.09601	0.10942	C
113	0.01533	0.01604	T
114	0.06344	0.07234	A
115	0.0167	0.01777	T
116	0.09515	0.1005	C
117	0.01066	0.01066	G
118	0.03804	0.03839	C
119	0.01033	0.01033	T
120	0.01392	0.01999	G
121	0.0107	0.0107	T
122	0.00927	0.00927	T
123	0.08581	0.0901	C
124	0.06825	0.0707	A
125	0.01178	0.01178	T
126	0.01037	0.01037	T
127	0.03328	0.0617	A
128	0.0142	0.0142	T
129	0.03736	0.0422	A
130	0.0104	0.01074	G
131	0.04177	0.04352	C
132	0.00914	0.0102	T
133	0.06655	0.07113	A
134	0.09816	0.10372	C
135	0.01136	0.01308	T
136	0.06428	0.06944	C
137	0.0078	0.01119	T
138	0.0687	0.07107	C
139	0.05281	0.05916	A
140	0.01143	0.01861	T
141	0.04247	0.0428	A
142	0.03802	0.04185	A
143	0.07628	0.07756	C
144	0.0364	0.0364	C
145	0.03225	0.03256	C
146	0.01144	0.01391	T
147	0.05796	0.05921	C
148	0.04419	0.05059	A
149	0.04535	0.04535	A
150	0.06176	0.07156	C
151	0.04121	0.0438	A
152	0.08155	0.08155	C
153	0.06547	0.06574	C
154	0.04263	0.04396	C
155	0.03053	0.03869	A
156	0.06783	0.06987	C
157	0.01529	0.0173	T
158	0.05745	0.05745	C
159	0.04908	0.04908	C
160	0.05338	0.0541	C
161	0.0059	0.00755	T
162	0.05381	0.05592	C
163	0.00868	0.00868	T
164	0.00815	0.00815	T
165	0.03578	0.07066	A
166	0.00598	0.00642	G
167	0.04165	0.04165	C
168	0.03476	0.03476	C
169	0.0325	0.0325	A
170	0.0586	0.05902	A
171	0.00863	0.00925	T
172	0.06442	0.06462	A
173	0.00962	0.00962	T
174	0.01109	0.01109	T
175	0.00665	0.00822	G
176	0.00759	0.00856	T
177	0.00352	0.00372	G
178	0.06876	0.06935	C
179	0.08705	0.08724	C
180	0.00893	0.0099	T
181	0.0616	0.07158	A
182	0.0084	0.0084	T
183	0.01039	0.01095	T
184	0.00654	0.00692	G
185	0.08617	0.08617	C
186	0.06276	0.0635	C
187	0.01836	0.05961	A
188	0.0082	0.00838	T
189	0.09439	0.0953	A
190	0.02723	0.02812	C
191	0.00266	0.00284	T
192	0.01778	0.02112	A
193	0.00668	0.00808	G
194	0.00298	0.00298	T
195	0.13861	0.13896	C
196	0.01075	0.01075	T
197	0.01143	0.01143	T
198	0.0157	0.0157	T
199	0.00799	0.01116	G
200	0.00601	0.00601	C
201	0.00517	0.00517	C
202	0.00436	0.00503	G
203	0.08663	0.08663	C
204	0.03044	0.03044	C
205	0.00441	0.0056	T
206	0.00642	0.00676	G
207	0.01843	0.02012	C
208	0.01473	0.02422	G
209	0.10781	0.11208	A
210	0.1002	0.10071	A
211	0.00701	0.00918	G
212	0.02552	0.02736	C
213	0.03035	0.03203	A
214	0.00266	0.00266	G
215	0.0065	0.0065	C
216	0.00517	0.00517	G
217	0.00701	0.00701	G
218	0.00537	0.00537	T
219	0.00652	0.00652	G
220	0.00452	0.00452	G
221	0.00367	0.00367	G
222	0.01043	0.01043	C
223	0.04626	0.04693	C
224	0.01081	0.01384	T
225	0.09856	0.11686	A
226	0.00736	0.0082	G
227	0.04437	0.04488	C
228	0.01907	0.01924	C
229	0.01928	0.01979	C
230	0.01042	0.0121	T
231	0.04346	0.04413	A
232	0.03997	0.04081	C
233	0.00269	0.00285	T
234	0.03223	0.03341	A
235	0.00841	0.00892	G
236	0.01093	0.01143	T
237	0.08959	0.09043	C
238	0.01031	0.01285	T
239	0.08301	0.08521	C
240	0.05463	0.05835	A
241	0.05192	0.05378	A
242	0.0132	0.01438	T
243	0.08218	0.08321	C
244	0.0233	0.02466	T
245	0.07213	0.07282	C
246	0.06027	0.06199	C
247	0.04092	0.04506	A
248	0.05216	0.05233	A
249	0.05701	0.06026	C
250	0.02497	0.02634	A
251	0.05467	0.05875	C
252	0.03354	0.03543	A
253	0.00532	0.00566	T
254	0.03943	0.04184	A
255	0.01228	0.01298	T
256	0.01011	0.01029	G
257	0.00302	0.00302	G
258	0.02775	0.02793	C
259	0.04313	0.04313	C
260	0.00507	0.00543	T
261	0.02696	0.02751	A
262	0.00421	0.00457	G
263	0.02877	0.02932	A
264	0.04215	0.04289	C
265	0.00351	0.00425	T
266	0.02878	0.0299	A
267	0.0753	0.07623	C
268	0.00864	0.01014	G
269	0.00883	0.00996	T
270	0.02386	0.02481	A
271	0.07302	0.0734	C
272	0.05358	0.05685	A
273	0.00734	0.01178	T
274	0.03797	0.03797	A
275	0.03016	0.03173	A
276	0.06929	0.07146	C
277	0.0364	0.03839	C
278	0.00871	0.01135	T
279	0.01149	0.01295	A
280	0.02668	0.02751	A
281	0.03101	0.03185	A
282	0.0553	0.05638	C
283	0.02831	0.03068	C
284	0.00818	0.00906	T
285	0.0311	0.03937	A
286	0.03878	0.04173	C
287	0.01034	0.0108	T
288	0.03097	0.03097	C
289	0.02041	0.02089	C
290	0.01402	0.01623	A
291	0.02387	0.02412	A
292	0.00758	0.00859	T
293	0.0036	0.00385	G
294	0.03262	0.03314	C
295	0.00923	0.01002	T
296	0.02012	0.02092	A
297	0.01291	0.01291	A
298	0.02246	0.02301	A
299	0.02737	0.02792	A
300	0.04268	0.05411	C
301	0.00954	0.01038	T
302	0.01705	0.01734	A
303	0.02356	0.02385	A
304	0.00581	0.00611	T
305	0.04475	0.04637	C
306	0.01325	0.01458	G
307	0.01375	0.01476	T
308	0.03155	0.03189	C
309	0.03365	0.03573	C
310	0.02988	0.03128	C
311	0.0112	0.01156	A
312	0.01676	0.01712	A
313	0.04265	0.04559	C
314	0.01321	0.01321	A
315	0.02145	0.02145	A
316	0.00702	0.00739	T
317	0.00597	0.00709	T
318	0.01922	0.0294	A
319	0.00792	0.0083	T
320	0.03442	0.03671	A
321	0.00588	0.00588	T
322	0.00796	0.00836	T
323	0.02707	0.03879	A
324	0.04302	0.04629	C
325	0.00786	0.00951	T
326	0.03484	0.0361	A
327	0.05298	0.05385	C
328	0.03352	0.03441	C
329	0.02484	0.03239	A
330	0.04207	0.04429	C
331	0.00582	0.00717	T
332	0.00783	0.00829	G
333	0.03793	0.03841	A
334	0.04329	0.04377	C
335	0.05026	0.05311	A
336	0.00905	0.01	T
337	0.00771	0.00819	G
338	0.03423	0.03472	A
339	0.05529	0.05965	C
340	0.00579	0.00579	T
341	0.00678	0.00774	T
342	0.00736	0.00736	T
343	0.04714	0.04764	C
344	0.07407	0.07457	C
345	0.00389	0.00438	A
346	0.00626	0.00626	A
347	0.02196	0.02196	A
348	0.01507	0.01507	A
349	0.02581	0.02581	A
350	0.0111	0.0111	A
351	0.08091	0.09339	C
352	0.02279	0.02413	A
353	0.08032	0.08568	C
354	0.03273	0.03402	A
355	0.01556	0.02061	T
356	0.0392	0.03962	A
357	0.05065	0.05619	A
358	0.00384	0.00384	T
359	0.00764	0.00802	T
360	0.01036	0.01075	T
361	0.01334	0.01715	G
362	0.05045	0.05045	A
363	0.05	0.05	A
364	0.01497	0.01533	T
365	0.0749	0.07928	C
366	0.04216	0.04323	A
367	0.04369	0.04474	A
368	0.07663	0.08287	C
369	0.04232	0.04367	A
370	0.06843	0.08727	C
371	0.03771	0.03771	A
372	0.04469	0.04628	A
373	0.06764	0.06796	C
374	0.04223	0.04475	C
375	0.02599	0.03434	A
376	0.06316	0.06347	C
377	0.06387	0.06387	C
378	0.05352	0.05562	C
379	0.03598	0.05067	A
380	0.07114	0.07724	C
381	0.04597	0.07445	A
382	0.0127	0.01325	G
383	0.07336	0.07364	C
384	0.04126	0.04126	C
385	0.00767	0.00925	T
386	0.02894	0.02946	A
387	0.05465	0.05465	A
388	0.00708	0.00708	T
389	0.00904	0.00977	T
390	0.03316	0.07962	A
391	0.00801	0.00801	T
392	0.01127	0.01174	T
393	0.05409	0.07432	A
394	0.01049	0.01283	G
395	0.07446	0.07656	C
396	0.05937	0.06029	A
397	0.01091	0.01454	T
398	0.08556	0.09009	C
399	0.05628	0.06825	A
400	0.01607	0.01871	T
401	0.08123	0.08433	C
402	0.06753	0.06926	C
403	0.05545	0.05735	C
404	0.01198	0.01239	T
405	0.06986	0.07356	C
406	0.01174	0.01194	T
407	0.06406	0.06807	A
408	0.06483	0.07389	C
409	0.00767	0.00824	T
410	0.01028	0.01371	A
411	0.00112	0.00131	T
412	0.0011	0.0011	T
413	0.00422	0.00422	T
414	0.00405	0.00405	T
415	0.00644	0.00644	T
416	0.00923	0.00941	T
417	0.05352	0.05558	A
418	0.06122	0.06233	A
419	0.1198	0.12091	C
420	0.04893	0.04966	C
421	0.02549	0.02623	A
422	0.04609	0.047	A
423	0.0521	0.05373	A
424	0.01238	0.01748	T
425	0.07755	0.08095	C
426	0.04041	0.04191	A
427	0.04447	0.04466	A
428	0.06611	0.07722	C
429	0.04244	0.04262	A
430	0.04592	0.04956	A
431	0.07272	0.08246	C
432	0.05163	0.05163	A
433	0.0512	0.05315	A
434	0.10132	0.10203	C
435	0.04951	0.05231	C
436	0.00886	0.00938	T
437	0.06737	0.0726	A
438	0.0081	0.00828	T
439	0.00982	0.00999	T
440	0.01156	0.01173	T
441	0.05684	0.07205	A
442	0.00763	0.00867	G
443	0.0572	0.05807	C
444	0.0089	0.00907	T
445	0.00947	0.01737	G
446	0.01196	0.01196	T
447	0.0105	0.01121	T
448	0.06367	0.06367	C
449	0.05628	0.05647	C
450	0.04615	0.04633	C
451	0.05362	0.05508	C
452	0.02765	0.03355	A
453	0.0429	0.044	A
454	0.07887	0.07942	C
455	0.04755	0.04773	C
456	0.00498	0.00516	T
457	0.0035	0.00368	T
458	0.01037	0.01037	T
459	0.00749	0.00786	T
460	0.05672	0.0575	C
461	0.0467	0.04786	C
462	0.01667	0.01725	T
463	0.06249	0.0631	C
464	0.05802	0.05949	C
465	0.01481	0.01925	G
466	0.06438	0.06848	A
467	0.0333	0.0333	C
468	0.03672	0.03738	C
469	0.03243	0.03287	C
470	0.04109	0.04109	C
471	0.02997	0.03041	C
472	0.01036	0.01126	T
473	0.03573	0.03665	A
474	0.0317	0.0324	A
475	0.04952	0.05209	C
476	0.02236	0.0226	A
477	0.02232	0.02493	A
478	0.0407	0.04119	C
479	0.02188	0.02285	C
480	0.03152	0.03225	C
481	0.02898	0.02922	C
482	0.02536	0.02536	C
483	0.02413	0.02438	C
484	0.00881	0.00933	T
485	0.03241	0.03241	C
486	0.019	0.01955	C
487	0.00397	0.0051	T
488	0.026	0.02657	A
489	0.0293	0.02989	A
490	0.00696	0.00786	T
491	0.0419	0.04314	A
492	0.05852	0.06344	C
493	0.00967	0.01216	T
494	0.03779	0.03779	A
495	0.0436	0.04457	A
496	0.05425	0.06196	C
497	0.00647	0.00712	T
498	0.04815	0.05303	A
499	0.08996	0.09061	C
500	0.0456	0.04787	C
501	0.00719	0.01078	T
502	0.00721	0.01114	G
503	0.05094	0.05425	A
504	0.0476	0.04827	C
505	0.01109	0.01176	T
506	0.04839	0.04873	C
507	0.03186	0.03289	C
508	0.03778	0.04057	T
509	0.03739	0.04612	A
510	0.05188	0.05258	C
511	0.03681	0.03785	C
512	0.02179	0.02214	C
513	0.02801	0.0305	C
514	0.01082	0.01335	T
515	0.0379	0.04045	C
516	0.02743	0.03039	A
517	0.06903	0.07198	C
518	0.02895	0.02931	A
519	0.03503	0.0365	A
520	0.01363	0.01621	T
521	0.04921	0.05252	C
522	0.06166	0.06713	A
523	0.00555	0.00555	T
524	0.003	0.003	G
525	0.00606	0.00606	G
526	0.0107	0.01604	C
527	0.05495	0.05611	A
528	0.06082	0.06197	A
529	0.01	0.0123	G
530	0.06077	0.06116	C
531	0.05581	0.05581	C
532	0.0378	0.03898	A
533	0.05162	0.052	A
534	0.08922	0.09491	C
535	0.00303	0.00341	G
536	0.00875	0.00875	C
537	0.00422	0.00422	C
538	0.01903	0.02913	A
539	0.10869	0.11141	C
540	0.01441	0.01519	T
541	0.00976	0.00976	T
542	0.02112	0.05319	A
543	0.01142	0.01339	T
544	0.06685	0.06805	C
545	0.0515	0.0515	C
546	0.04	0.06384	A
547	0.00564	0.00605	G
548	0.00607	0.00607	T
549	0.00445	0.00607	G
550	0.03294	0.03497	A
551	0.04758	0.0484	A
552	0.09942	0.09983	C
553	0.05272	0.05437	C
554	0.02544	0.04103	A
555	0.06157	0.0657	C
556	0.01035	0.01325	T
557	0.05331	0.0562	A
558	0.01005	0.01047	T
559	0.03933	0.04393	C
560	0.02485	0.0257	A
561	0.07409	0.0779	C
562	0.04017	0.04482	G
563	0.00328	0.00369	A
564	0.00201	0.00241	A
565	0.01039	0.01039	A
566	0.01759	0.01759	A
567	0.01232	0.01272	A
568	0.0143	0.0143	A
569	0.01948	0.01987	A
570	0.08158	0.09431	C
571	0.01436	0.01556	T
572	0.04074	0.04236	C
573	0.01297	0.01702	T
574	0.04496	0.04901	A
575	0.12914	0.13282	C
576	0.03671	0.03873	C
577	0.00927	0.01048	T
578	0.04172	0.04452	C
579	0.0108	0.0116	T
580	0.05761	0.05963	C
581	0.00725	0.00765	T
582	0.0471	0.04992	A
583	0.01007	0.0141	T
584	0.04441	0.04845	A
585	0.0672	0.07646	C
586	0.01401	0.01441	T
587	0.03638	0.03678	A
588	0.03846	0.04487	A
589	0.0185	0.0197	T
590	0.0559	0.06202	C
591	0.01385	0.01467	T
592	0.05962	0.05962	C
593	0.04886	0.04967	C
594	0.03408	0.03529	C
595	0.0098	0.01062	T
596	0.03353	0.03435	A
597	0.06279	0.0657	C
598	0.0183	0.0183	A
599	0.02864	0.02906	A
600	0.03579	0.03784	A
601	0.01232	0.01314	T
602	0.04208	0.0429	C
603	0.00737	0.00778	T
604	0.03535	0.03576	C
605	0.03609	0.03933	C
606	0.00559	0.00559	T
607	0.01001	0.01241	T
608	0.01609	0.01931	A
609	0.03555	0.03555	A
610	0.00978	0.00978	T
611	0.00745	0.00824	T
612	0.0261	0.0431	A
613	0.01111	0.0119	T
614	0.05131	0.05131	A
615	0.04165	0.04361	A
616	0.06685	0.07	C
617	0.04725	0.04803	A
618	0.00855	0.00933	T
619	0.00628	0.00746	T
620	0.0614	0.06661	C
621	0.04222	0.05238	A
622	0.04704	0.05312	C
623	0.03056	0.03993	A
624	0.02451	0.02655	G
625	0.0543	0.05471	C
626	0.0378	0.03862	C
627	0.0236	0.03851	A
628	0.04221	0.04426	C
629	0.0475	0.05278	A
630	0.0104	0.0124	G
631	0.02609	0.02609	A
632	0.03541	0.0358	A
633	0.05816	0.05816	C
634	0.00921	0.01074	T
635	0.02478	0.02478	A
636	0.04088	0.04162	A
637	0.00613	0.00613	T
638	0.0641	0.0695	C
639	0.04305	0.04834	A
640	0.00691	0.00723	T
641	0.02816	0.03	A
642	0.0029	0.0029	T
643	0.00711	0.00711	T
644	0.00449	0.00449	T
645	0.00532	0.00532	T
646	0.0617	0.086	A
647	0.00974	0.01026	T
648	0.07569	0.08146	A
649	0.00495	0.006	T
650	0.11152	0.11702	C
651	0.00592	0.00592	T
652	0.00873	0.00873	T
653	0.08611	0.13447	C
654	0.00862	0.00862	T
655	0.01092	0.01118	T
656	0.10066	0.11574	C
657	0.01676	0.02235	G
658	0.03557	0.03689	A
659	0.05304	0.05456	A
660	0.06381	0.06381	A
661	0.09089	0.09217	C
662	0.05603	0.05806	C
663	0.02405	0.0521	A
664	0.07638	0.07859	C
665	0.03454	0.03937	A
666	0.09485	0.09868	C
667	0.00879	0.00927	T
668	0.01002	0.0105	T
669	0.03808	0.07353	A
670	0.01442	0.01607	T
671	0.06913	0.07377	C
672	0.05712	0.05833	C
673	0.04579	0.04603	C
674	0.05502	0.05502	C
675	0.04193	0.04983	A
676	0.09912	0.09912	C
677	0.05614	0.05684	C
678	0.00864	0.01004	T
679	0.00814	0.00814	T
680	0.00467	0.00467	G
681	0.00466	0.00513	G
682	0.01692	0.01739	C
683	0.00542	0.00566	T
684	0.10965	0.11059	A
685	0.00516	0.00657	T
686	0.02331	0.02448	C
687	0.01806	0.02205	A
688	0.0059	0.00967	T
689	0.01944	0.02347	C
690	0.07514	0.07774	A
691	0.09254	0.09302	C
692	0.08968	0.08968	C
693	0.06419	0.06465	C
694	0.00375	0.00492	G
695	0.02115	0.02186	A
696	0.00518	0.00565	T
697	0.00351	0.00398	G
698	0.03478	0.03525	A
699	0.00657	0.00657	G
700	0.0075	0.0075	G
701	0.07955	0.0812	C
702	0.05716	0.0593	A
703	0.06704	0.06728	A
704	0.12579	0.12626	C
705	0.06976	0.07	C
706	0.02357	0.03818	A
707	0.00988	0.01035	G
708	0.02343	0.02343	C
709	0.02042	0.02042	C
710	0.03434	0.06703	A
711	0.01323	0.0163	G
712	0.06967	0.06991	A
713	0.07478	0.07856	A
714	0.11095	0.12034	C
715	0.00539	0.00539	G
716	0.00258	0.00281	C
717	0.00095	0.00095	C
718	0.00191	0.00263	T
719	0.00618	0.00785	G
720	0.0944	0.0956	A
721	0.07988	0.08011	A
722	0.16111	0.16611	C
723	0.01779	0.01874	G
724	0.01774	0.02034	C
725	0.00948	0.00972	A
726	0.00497	0.00497	G
727	0.00686	0.0071	G
728	0.00451	0.00499	C
729	0.04969	0.05136	A
730	0.1378	0.13898	C
731	0.03506	0.03693	A
732	0.01282	0.01305	T
733	0.05288	0.05288	A
734	0.12682	0.13121	C
735	0.01234	0.01279	T
736	0.00735	0.00735	T
737	0.09396	0.09419	C
738	0.05507	0.05553	C
739	0.00923	0.0097	T
740	0.07906	0.09043	A
741	0.01233	0.01233	T
742	0.01593	0.01593	T
743	0.08385	0.09687	C
744	0.01559	0.01735	T
745	0.0697	0.0781	A
746	0.08418	0.09204	C
747	0.06198	0.06577	A
748	0.10227	0.10278	C
749	0.07679	0.07704	C
750	0.04124	0.04124	C
751	0.01045	0.01121	T
752	0.03205	0.03282	A
753	0.0049	0.00515	G
754	0.00207	0.00259	T
755	0.01578	0.01632	A
756	0.0054	0.00569	G
757	0.00958	0.00987	G
758	0.10644	0.11291	C
759	0.01894	0.01924	T
760	0.07394	0.07394	C
761	0.06478	0.06478	C
762	0.06178	0.06482	C
763	0.0093	0.00961	T
764	0.01552	0.01583	T
765	0.06333	0.06333	C
766	0.09211	0.09243	C
767	0.01394	0.01426	C
768	0.00705	0.00705	C
769	0.0026	0.00292	T
770	0.01546	0.0171	A
771	0.01393	0.01493	C
772	0.00736	0.01138	T
773	0.09057	0.09362	C
774	0.04983	0.05627	A
775	0.01834	0.01936	T
776	0.05658	0.05898	C
777	0.01233	0.01302	G
778	0.05533	0.05876	C
779	0.02686	0.02686	A
780	0.05698	0.0587	C
781	0.01457	0.01561	T
782	0.03818	0.03818	A
783	0.03985	0.04089	A
784	0.00589	0.00589	T
785	0.00943	0.01013	T
786	0.00991	0.00991	T
787	0.04824	0.054	A
788	0.06171	0.06388	C
789	0.04041	0.04114	A
790	0.05547	0.05839	C
791	0.02776	0.02924	T
792	0.0391	0.04098	C
793	0.0276	0.02916	A
794	0.06042	0.06623	C
795	0.03237	0.03356	A
796	0.02977	0.03136	A
797	0.04584	0.05589	C
798	0.03332	0.03657	A
799	0.05751	0.05751	C
800	0.0596	0.06042	C
801	0.0205	0.02173	C
802	0.00669	0.00669	T
803	0.04856	0.05071	A
804	0.0069	0.00776	G
805	0.00438	0.00438	G
806	0.01068	0.01068	C
807	0.01121	0.01211	T
808	0.01088	0.01088	C
809	0.02737	0.02737	A
810	0.06779	0.07143	C
811	0.0051	0.0051	T
812	0.03615	0.03709	A
813	0.02914	0.02914	A
814	0.04197	0.0429	A
815	0.05849	0.06551	C
816	0.0518	0.05458	A
817	0.00922	0.00922	T
818	0.00555	0.00601	T
819	0.05488	0.06419	C
820	0.0093	0.0093	T
821	0.05652	0.06072	A
822	0.0641	0.07013	C
823	0.01335	0.01473	T
824	0.04255	0.05134	A
825	0.06065	0.06435	C
826	0.02374	0.02654	T
827	0.0452	0.05038	C
828	0.04626	0.04813	A
829	0.05825	0.0601	C
830	0.0126	0.01307	T
831	0.06771	0.07055	C
832	0.02208	0.02395	T
833	0.05627	0.05913	C
834	0.04077	0.04221	A
835	0.05359	0.05502	C
836	0.04419	0.04515	T
837	0.01158	0.01351	G
838	0.05411	0.05411	C
839	0.0439	0.0439	C
840	0.04429	0.04429	C
841	0.02323	0.02372	A
842	0.03318	0.03318	A
843	0.00237	0.00426	G
844	0.0233	0.0233	A
845	0.03683	0.0373	A
846	0.06937	0.07216	C
847	0.01146	0.01192	T
848	0.04151	0.04243	A
849	0.01269	0.01405	T
850	0.06293	0.06612	C
851	0.04811	0.04901	A
852	0.04478	0.04565	A
853	0.04665	0.04665	A
854	0.07209	0.0827	C
855	0.0046	0.0046	T
856	0.06883	0.06883	C
857	0.04406	0.04655	C
858	0.00534	0.00616	T
859	0.00289	0.00579	G
860	0.01954	0.02037	A
861	0.00668	0.00668	G
862	0.00831	0.00831	C
863	0.01754	0.01754	C
864	0.04549	0.04591	A
865	0.04266	0.04266	A
866	0.08199	0.08682	C
867	0.03559	0.03559	A
868	0.03308	0.03308	A
869	0.07357	0.08	C
870	0.00908	0.01009	T
871	0.00907	0.00907	T
872	0.05138	0.05238	A
873	0.06542	0.06637	A
874	0.01081	0.01112	T
875	0.07156	0.0752	A
876	0.01533	0.01563	T
877	0.00852	0.00969	G
878	0.06634	0.06721	A
879	0.10668	0.1084	C
880	0.00987	0.01015	T
881	0.04098	0.04238	A
882	0.00529	0.00529	G
883	0.03381	0.03522	C
884	0.00391	0.00391	T
885	0.00835	0.00863	T
886	0.04534	0.07161	A
887	0.1068	0.10926	C
888	0.04898	0.0495	A
889	0.10641	0.11021	C
890	0.04929	0.04953	A
891	0.06034	0.06239	A
892	0.01175	0.01327	T
893	0.02926	0.03012	A
894	0.00607	0.00649	G
895	0.04731	0.04918	C
896	0.0036	0.0036	T
897	0.00676	0.00676	T
898	0.00805	0.00805	T
899	0.01192	0.01192	T
900	0.10079	0.12763	A
901	0.01306	0.01361	T
902	0.08309	0.08741	A
903	0.00335	0.00388	G
904	0.00402	0.00472	T
905	0.02347	0.02347	A
906	0.03058	0.03058	A
907	0.02691	0.02708	A
908	0.00558	0.00659	G
909	0.08107	0.09108	A
910	0.01617	0.01782	T
911	0.08288	0.08403	A
912	0.10996	0.1119	C
913	0.05891	0.06017	C
914	0.00497	0.00513	T
915	0.03557	0.03603	C
916	0.00344	0.00344	T
917	0.00313	0.00313	T
918	0.00372	0.00372	T
919	0.02971	0.03254	A
920	0.05353	0.05442	C
921	0.01206	0.01235	G
922	0.00532	0.00606	G
923	0.06402	0.07623	A
924	0.06217	0.06363	C
925	0.01092	0.01165	T
926	0.06355	0.06385	C
927	0.05318	0.05433	C
928	0.0324	0.04917	A
929	0.12957	0.13523	C
930	0.01073	0.0114	T
931	0.0139	0.01403	T
932	0.04196	0.07794	A
933	0.01193	0.01232	T
934	0.0079	0.00907	G
935	0.06589	0.06807	A
936	0.078	0.08207	C
937	0.01245	0.01534	T
938	0.07941	0.08054	C
939	0.07165	0.07177	C
940	0.06374	0.06531	C
941	0.00965	0.01132	T
942	0.03162	0.03284	A
943	0.04512	0.04547	A
944	0.09135	0.0917	A
945	0.01238	0.01433	G
946	0.02738	0.0275	C
947	0.02423	0.02423	C
948	0.02316	0.02327	C
949	0.02742	0.03751	A
950	0.01501	0.01547	T
951	0.00483	0.00506	G
952	0.01892	0.01948	T
953	0.03197	0.03231	C
954	0.00932	0.01213	G
955	0.03671	0.0375	A
956	0.09731	0.10168	A
957	0.01503	0.01837	G
958	0.07006	0.07145	C
959	0.02754	0.02821	C
960	0.05317	0.05328	C
961	0.05251	0.05262	C
962	0.04208	0.04219	C
963	0.07089	0.08122	A
964	0.00601	0.00635	T
965	0.04767	0.04845	C
966	0.00811	0.00833	G
967	0.03726	0.03859	C
968	0.00379	0.00413	T
969	0.00211	0.00211	G
970	0.00323	0.00323	G
971	0.00502	0.00502	G
972	0.00359	0.00446	T
973	0.06023	0.06034	C
974	0.0376	0.03782	A
975	0.0347	0.03481	A
976	0.00973	0.00984	T
977	0.03474	0.03528	A
978	0.0054	0.00551	G
979	0.00173	0.00173	T
980	0.01113	0.01156	A
981	0.01628	0.01649	C
982	0.00657	0.00657	T
983	0.01443	0.01443	T
984	0.01076	0.01317	G
985	0.06035	0.06057	C
986	0.04665	0.04665	C
987	0.00851	0.01281	G
988	0.05551	0.05584	C
989	0.05301	0.0549	A
990	0.00662	0.00695	G
991	0.00156	0.00178	T
992	0.01146	0.0118	A
993	0.01731	0.01753	C
994	0.00347	0.00403	T
995	0.10213	0.10538	C
996	0.00674	0.00674	T
997	0.00639	0.00639	T
998	0.85659	0.85659	A
999	0.06762	0.06773	A
1000	0.0558	0.05592	A
1001	0.06761	0.06783	A
1002	0.09763	0.11261	C
1003	0.01052	0.01085	T
1004	0.05942	0.0648	A
1005	0.0072	0.00765	G
1006	0.00735	0.00769	G
1007	0.16483	0.17165	C
1008	0.00497	0.00497	G
1009	0.00498	0.00498	G
1010	0.01824	0.01903	C
1011	0.00753	0.00776	T
1012	0.03867	0.03947	A
1013	0.0067	0.00693	T
1014	0.00532	0.00543	G
1015	0.00463	0.00486	G
1016	0.00755	0.00778	T
1017	0.03708	0.03814	A
1018	0.0081	0.00892	T
1019	0.06766	0.06778	A
1020	0.04354	0.05251	A
1021	0.01169	0.01324	T
1022	0.07667	0.08562	A
1023	0.11459	0.12843	C
1024	0.00816	0.00878	G
1025	0.03611	0.03623	C
1026	0.01688	0.01726	C
1027	0.01285	0.01965	T
1028	0.04402	0.04686	C
1029	0.04548	0.05225	A
1030	0.10943	0.11642	C
1031	0.04709	0.048	A
1032	0.09729	0.10289	C
1033	0.0108	0.01223	T
1034	0.06776	0.06987	C
1035	0.06484	0.0709	A
1036	0.01217	0.0123	T
1037	0.0118	0.01352	T
1038	0.0734	0.08011	C
1039	0.01518	0.01723	T
1040	0.06764	0.07403	C
1041	0.02867	0.02997	A
1042	0.0443	0.04781	A
1043	0.05413	0.05428	C
1044	0.02969	0.03077	C
1045	0.02405	0.02436	C
1046	0.02505	0.02536	C
1047	0.02243	0.02275	C
1048	0.00625	0.00845	T
1049	0.00417	0.00453	G
1050	0.02596	0.02634	A
1051	0.06123	0.06568	C
1052	0.03081	0.031	A
1053	0.02026	0.02045	A
1054	0.03001	0.03001	A
1055	0.01829	0.01849	A
1056	0.05429	0.06301	C
1057	0.02456	0.02515	A
1058	0.03698	0.03898	C
1059	0.02705	0.03048	A
1060	0.00446	0.00709	T
1061	0.03616	0.03782	A
1062	0.00836	0.00962	G
1063	0.0302	0.03041	C
1064	0.01639	0.01683	C
1065	0.02137	0.02493	T
1066	0.03592	0.0418	A
1067	0.04112	0.04135	C
1068	0.0412	0.04236	C
1069	0.03273	0.03343	C
1070	0.03981	0.04052	C
1071	0.00706	0.00803	T
1072	0.00863	0.00912	T
1073	0.05533	0.05533	C
1074	0.04863	0.04913	C
1075	0.0069	0.0069	T
1076	0.00753	0.00779	T
1077	0.00506	0.00799	G
1078	0.01537	0.01591	T
1079	0.06957	0.07313	A
1080	0.06718	0.06963	C
1081	0.00746	0.01077	T
1082	0.0344	0.0439	A
1083	0.01581	0.0192	T
1084	0.06823	0.06909	C
1085	0.0534	0.05397	C
1086	0.03087	0.03145	C
1087	0.00869	0.00898	T
1088	0.05569	0.05718	A
1089	0.00865	0.00895	T
1090	0.01215	0.01519	G
1091	0.0203	0.02183	A
1092	0.00372	0.00372	G
1093	0.00468	0.00468	G
1094	0.02767	0.0283	C
1095	0.03884	0.04009	A
1096	0.00774	0.00898	T
1097	0.02116	0.02116	A
1098	0.03536	0.03871	A
1099	0.00724	0.00754	T
1100	0.01241	0.01272	T
1101	0.02613	0.0474	A
1102	0.01177	0.01328	T
1103	0.04468	0.04468	A
1104	0.04386	0.04658	A
1105	0.08615	0.09008	C
1106	0.04323	0.04323	A
1107	0.05324	0.0556	A
1108	0.00774	0.00923	G
1109	0.06284	0.06493	C
1110	0.01144	0.01174	T
1111	0.05818	0.05818	C
1112	0.04043	0.04225	C
1113	0.04873	0.06265	A
1114	0.01095	0.01307	T
1115	0.05147	0.0527	C
1116	0.02085	0.02115	T
1117	0.00861	0.00861	G
1118	0.05143	0.05173	C
1119	0.02013	0.02106	C
1120	0.01373	0.01404	T
1121	0.0381	0.0406	A
1122	0.06054	0.0624	C
1123	0.00928	0.00959	G
1124	0.04149	0.04211	A
1125	0.07735	0.08505	C
1126	0.04657	0.04717	A
1127	0.04029	0.04088	A
1128	0.0408	0.04169	A
1129	0.09456	0.10645	C
1130	0.05818	0.06377	A
1131	0.00757	0.00874	G
1132	0.04091	0.04207	A
1133	0.07998	0.08142	C
1134	0.04236	0.04322	C
1135	0.01917	0.02175	T
1136	0.02651	0.02651	A
1137	0.0161	0.0161	A
1138	0.04622	0.04732	A
1139	0.06645	0.06672	A
1140	0.01458	0.01728	T
1141	0.07644	0.07699	C
1142	0.01203	0.01256	G
1143	0.0325	0.0333	C
1144	0.0075	0.00857	T
1145	0.07982	0.08089	C
1146	0.04916	0.05652	A
1147	0.00909	0.00909	T
1148	0.00828	0.00828	T
1149	0.0055	0.00734	G
1150	0.0655	0.06995	C
1151	0.05377	0.0587	A
1152	0.01115	0.01271	T
1153	0.06139	0.06655	A
1154	0.0773	0.08036	C
1155	0.01009	0.01085	T
1156	0.07937	0.08215	C
1157	0.01364	0.01364	T
1158	0.0115	0.0115	T
1159	0.06796	0.06947	C
1160	0.03453	0.03578	A
1161	0.03946	0.0402	A
1162	0.00935	0.01871	T
1163	0.07013	0.07287	C
1164	0.03302	0.03798	A
1165	0.01486	0.01536	G
1166	0.04281	0.04281	C
1167	0.05533	0.05782	C
1168	0.0254	0.03018	A
1169	0.07493	0.07966	C
1170	0.05681	0.06616	A
1171	0.01196	0.01537	T
1172	0.06636	0.06929	A
1173	0.00899	0.01045	G
1174	0.05275	0.05275	C
1175	0.04419	0.04443	C
1176	0.04558	0.0463	C
1177	0.0051	0.00631	T
1178	0.06017	0.0609	C
1179	0.00958	0.01105	G
1180	0.00466	0.0054	T
1181	0.03961	0.03985	A
1182	0.00977	0.01172	G
1183	0.01268	0.01536	T
1184	0.0722	0.0722	A
1185	0.06299	0.0647	A
1186	0.07079	0.0737	C
1187	0.04807	0.04903	A
1188	0.01132	0.01204	G
1189	0.07726	0.07798	C
1190	0.06406	0.06477	C
1191	0.0604	0.0651	A
1192	0.01213	0.01236	T
1193	0.0128	0.01327	T
1194	0.08528	0.09673	C
1195	0.01516	0.01772	T
1196	0.07371	0.08094	C
1197	0.04477	0.05123	A
1198	0.0221	0.02533	T
1199	0.07306	0.0747	C
1200	0.04305	0.04649	C
1201	0.02082	0.02272	A
1202	0.04085	0.0427	A
1203	0.06551	0.07306	A
1204	0.04422	0.04747	C
1205	0.03774	0.03888	C
1206	0.0387	0.04052	C
1207	0.04425	0.04447	C
1208	0.04647	0.04693	C
1209	0.00854	0.01039	T
1210	0.00908	0.01489	G
1211	0.05542	0.0566	A
1212	0.08267	0.0829	A
1213	0.00958	0.01122	G
1214	0.05206	0.05371	C
1215	0.00683	0.00707	T
1216	0.00991	0.01015	T
1217	0.04795	0.05606	C
1218	0.04625	0.04815	A
1219	0.10704	0.10704	C
1220	0.06971	0.06971	C
1221	0.00476	0.00499	G
1222	0.00785	0.00809	G
1223	0.0272	0.02863	C
1224	0.01074	0.01384	G
1225	0.09878	0.10308	C
1226	0.04987	0.05202	A
1227	0.00637	0.0066	G
1228	0.01161	0.01351	T
1229	0.07015	0.07134	C
1230	0.06334	0.06452	A
1231	0.01105	0.01105	T
1232	0.01643	0.01666	T
1233	0.07454	0.08377	C
1234	0.01062	0.01534	T
1235	0.07245	0.07625	C
1236	0.05028	0.05642	A
1237	0.01206	0.01277	T
1238	0.04956	0.05004	A
1239	0.05573	0.06163	A
1240	0.02743	0.02958	T
1241	0.04905	0.05605	C
1242	0.01409	0.01506	G
1243	0.03853	0.03853	C
1244	0.03319	0.03319	C
1245	0.05626	0.05626	C
1246	0.03745	0.04732	A
1247	0.06047	0.06274	C
1248	0.00664	0.00766	G
1249	0.00258	0.00283	G
1250	0.66658	0.66684	G
1251	0.03641	0.03693	C
1252	0.00812	0.00812	T
1253	0.00784	0.01489	T
1254	0.02153	0.03519	A
1255	0.06508	0.069	C
1256	0.06276	0.06538	A
1257	0.00908	0.00986	T
1258	0.0357	0.0357	C
1259	0.02612	0.02664	C
1260	0.00631	0.00999	T
1261	0.05534	0.05718	C
1262	0.03953	0.04369	A
1263	0.01155	0.01181	T
1264	0.01163	0.01266	T
1265	0.0286	0.06526	A
1266	0.06782	0.07404	C
1267	0.00803	0.0088	T
1268	0.06341	0.07698	A
1269	0.00984	0.00984	T
1270	0.006	0.00626	T
1271	0.05504	0.07012	C
1272	0.02966	0.03125	T
1273	0.00827	0.00853	G
1274	0.05897	0.05977	C
1275	0.03998	0.04213	C
1276	0.01111	0.01193	T
1277	0.05457	0.05812	A
1278	0.00823	0.00905	G
1279	0.05281	0.05721	C
1280	0.03606	0.03743	A
1281	0.03706	0.03733	A
1282	0.03851	0.03851	A
1283	0.07183	0.0821	C
1284	0.01031	0.01303	T
1285	0.05598	0.05951	C
1286	0.04098	0.04342	A
1287	0.04443	0.04496	A
1288	0.04322	0.04349	A
1289	0.06009	0.06871	C
1290	0.00864	0.00945	T
1291	0.04197	0.04251	A
1292	0.07147	0.07361	C
1293	0.01226	0.01386	G
1294	0.03026	0.03053	A
1295	0.05463	0.05569	A
1296	0.08891	0.09182	C
1297	0.01748	0.01854	G
1298	0.03204	0.03284	C
1299	0.03846	0.03873	A
1300	0.0556	0.05693	C
1301	0.01549	0.0179	T
1302	0.07062	0.07278	C
1303	0.04582	0.04881	A
1304	0.08104	0.08237	C
1305	0.0508	0.05638	A
1306	0.0127	0.01455	G
1307	0.01352	0.01432	T
1308	0.07882	0.07909	C
1309	0.00936	0.01017	G
1310	0.03349	0.03778	C
1311	0.04389	0.04574	A
1312	0.00785	0.01125	T
1313	0.06232	0.06469	C
1314	0.0563	0.06147	A
1315	0.01175	0.01405	T
1316	0.05312	0.0539	A
1317	0.06698	0.08093	A
1318	0.00693	0.01015	T
1319	0.06176	0.06453	C
1320	0.02961	0.03087	C
1321	0.00853	0.01029	T
1322	0.06923	0.07248	C
1323	0.01527	0.01727	T
1324	0.07702	0.08029	C
1325	0.01645	0.01746	T
1326	0.09045	0.09553	C
1327	0.05332	0.05686	A
1328	0.04148	0.04173	A
1329	0.00402	0.00452	G
1330	0.00502	0.00502	G
1331	0.02144	0.03229	A
1332	0.08679	0.09006	C
1333	0.00874	0.00924	T
1334	0.0108	0.0108	T
1335	0.0678	0.07361	C
1336	0.0515	0.05352	A
1337	0.04549	0.04623	A
1338	0.06279	0.06379	A
1339	0.06199	0.07302	C
1340	0.00849	0.00897	T
1341	0.06823	0.07115	C
1342	0.01216	0.01338	T
1343	0.0477	0.05631	A
1344	0.06676	0.07462	C
1345	0.01727	0.01949	T
1346	0.07905	0.0793	C
1347	0.05165	0.05165	C
1348	0.04582	0.04948	C
1349	0.02958	0.03612	A
1350	0.07119	0.0743	C
1351	0.00832	0.00927	T
1352	0.0602	0.06043	A
1353	0.06449	0.06892	A
1354	0.01006	0.01121	T
1355	0.06419	0.0658	A
1356	0.01561	0.0181	G
1357	0.10637	0.10974	C
1358	0.00283	0.00283	T
1359	0.00302	0.00302	T
1360	0.00603	0.00603	T
1361	0.00583	0.00583	T
1362	0.00566	0.00566	T
1363	0.02239	0.02565	G
1364	0.08736	0.09043	A
1365	0.00959	0.01	T
1366	0.00801	0.00821	G
1367	0.04466	0.0461	A
1368	0.07516	0.08192	C
1369	0.00718	0.00738	T
1370	0.01128	0.01148	T
1371	0.06667	0.07802	C
1372	0.00847	0.00847	T
1373	0.0635	0.06558	A
1374	0.0067	0.0067	G
1375	0.05789	0.06526	C
1376	0.03925	0.03968	A
1377	0.05422	0.05802	A
1378	0.00991	0.01075	G
1379	0.06552	0.06552	C
1380	0.03503	0.03693	C
1381	0.01165	0.01292	T
1382	0.06496	0.0656	C
1383	0.00706	0.00877	G
1384	0.05296	0.0551	C
1385	0.00906	0.00992	T
1386	0.03471	0.03644	A
1387	0.05693	0.05801	A
1388	0.11917	0.11982	C
1389	0.04124	0.04386	C
1390	0.01652	0.02027	T
1391	0.07753	0.08157	C
1392	0.00948	0.01106	G
1393	0.06268	0.06268	C
1394	0.05704	0.05749	C
1395	0.01238	0.01306	T
1396	0.01824	0.02008	T
1397	0.04573	0.053	A
1398	0.04308	0.04431	C
1399	0.03584	0.03608	C
1400	0.03379	0.03428	C
1401	0.03443	0.03468	C
1402	0.03446	0.03446	C
1403	0.03428	0.03428	C
1404	0.02028	0.02755	A
1405	0.04483	0.04615	C
1406	0.00756	0.00782	T
1407	0.05093	0.05277	A
1408	0.00797	0.00797	T
1409	0.0101	0.01088	T
1410	0.02561	0.02587	A
1411	0.04468	0.0452	A
1412	0.09407	0.09562	C
1413	0.03871	0.03871	C
1414	0.00792	0.0097	T
1415	0.05063	0.05216	A
1416	0.08137	0.08314	C
1417	0.01108	0.01259	T
1418	0.00302	0.00302	G
1419	0.00354	0.00354	G
1420	0.00203	0.00203	G
1421	0.01052	0.01257	A
1422	0.00331	0.00331	G
1423	0.01573	0.01598	A
1424	0.01504	0.01504	A
1425	0.02008	0.02191	C
1426	0.0131	0.01336	T
1427	0.07648	0.07727	C
1428	0.01107	0.01159	T
1429	0.0546	0.05513	C
1430	0.01064	0.01091	T
1431	0.00507	0.00613	G
1432	0.01191	0.013	T
1433	0.00632	0.00632	G
1434	0.0591	0.05938	C
1435	0.01869	0.01869	T
1436	0.0557	0.05682	A
1437	0.00786	0.0087	G
1438	0.0082	0.01047	T
1439	0.04344	0.04344	A
1440	0.06376	0.06546	A
1441	0.09169	0.09368	C
1442	0.04731	0.04731	C
1443	0.03425	0.03977	A
1444	0.07873	0.0799	C
1445	0.00583	0.00612	G
1446	0.00209	0.00209	T
1447	0.00179	0.00179	T
1448	0.01171	0.01531	C
1449	0.00182	0.00182	T
1450	0.00366	0.00366	C
1451	0.00276	0.00276	C
1452	0.00557	0.00557	T
1453	0.00279	0.00557	G
1454	0.04725	0.04725	A
1455	0.01064	0.01096	T
1456	0.09134	0.09165	C
1457	0.03608	0.03608	A
1458	0.04291	0.04478	A
1459	0.05051	0.05113	A
1460	0.00802	0.00864	T
1461	0.0637	0.06463	A
1462	0.01458	0.01613	T
1463	0.07018	0.07236	C
1464	0.06889	0.07045	A
1465	0.07158	0.07781	C
1466	0.01538	0.0157	T
1467	0.06761	0.06951	C
1468	0.00826	0.0089	T
1469	0.03687	0.03687	C
1470	0.01522	0.01749	C
1471	0.00621	0.00653	T
1472	0.03156	0.03485	A
1473	0.08699	0.09193	C
1474	0.00956	0.00956	T
1475	0.00761	0.00894	T
1476	0.02905	0.05643	A
1477	0.0676	0.06894	C
1478	0.02729	0.02729	A
1479	0.00405	0.00439	G
1480	0.00238	0.00271	G
1481	0.0208	0.02659	A
1482	0.10697	0.108	C
1483	0.00959	0.01028	T
1484	0.0509	0.05332	C
1485	0.02306	0.02513	A
1486	0.02554	0.02658	A
1487	0.06269	0.06442	C
1488	0.0494	0.05214	A
1489	0.00758	0.00862	T
1490	0.0351	0.0358	A
1491	0.05622	0.05868	C
1492	0.00884	0.00884	T
1493	0.04125	0.04412	A
1494	0.00357	0.00429	G
1495	0.01151	0.01223	T
1496	0.04945	0.05127	C
1497	0.03556	0.04407	A
1498	0.05689	0.06317	C
1499	0.03257	0.04156	A
1500	0.00751	0.00864	G
1501	0.05197	0.05197	C
1502	0.02212	0.02212	C
1503	0.01193	0.01193	C
1504	0.00391	0.00391	T
1505	0.03348	0.03507	A
1506	0.00606	0.00727	T
1507	0.04525	0.04691	A
1508	0.04874	0.05168	C
1509	0.01229	0.01357	T
1510	0.05058	0.05145	C
1511	0.03122	0.03122	C
1512	0.02092	0.02354	C
1513	0.00877	0.00964	T
1514	0.04613	0.04792	C
1515	0.00849	0.00938	T
1516	0.03922	0.03968	A
1517	0.06836	0.07017	C
1518	0.02599	0.02867	A
1519	0.00717	0.00852	T
1520	0.03155	0.03245	A
1521	0.00838	0.00838	T
1522	0.00936	0.00936	T
1523	0.01162	0.01162	T
1524	0.04968	0.0542	A
1525	0.0663	0.06767	C
1526	0.03456	0.03548	C
1527	0.02469	0.03633	A
1528	0.04093	0.04837	C
1529	0.03221	0.03268	A
1530	0.02489	0.02489	A
1531	0.04755	0.0565	C
1532	0.03144	0.03191	A
1533	0.05571	0.06273	C
1534	0.03066	0.03066	A
1535	0.03566	0.03899	A
1536	0.01001	0.01096	T
1537	0.00385	0.00385	G
1538	0.00339	0.00339	G
1539	0.00147	0.00147	G
1540	0.00345	0.00345	G
1541	0.01595	0.02343	C
1542	0.00804	0.00854	T
1543	0.06152	0.06354	C
1544	0.02959	0.03112	A
1545	0.06218	0.06524	C
1546	0.02497	0.02653	T
1547	0.05082	0.054	C
1548	0.0283	0.03043	A
1549	0.04949	0.04949	C
1550	0.04695	0.04695	C
1551	0.02312	0.02688	C
1552	0.02773	0.03535	A
1553	0.05246	0.05246	C
1554	0.03744	0.04075	C
1555	0.02215	0.02953	A
1556	0.04896	0.05234	C
1557	0.02739	0.0313	A
1558	0.02021	0.02021	T
1559	0.01519	0.01631	T
1560	0.03425	0.03425	A
1561	0.03672	0.03729	A
1562	0.07301	0.07923	C
1563	0.03076	0.03076	A
1564	0.03412	0.03523	A
1565	0.06626	0.07183	C
1566	0.03691	0.03912	A
1567	0.01758	0.02033	T
1568	0.01899	0.01899	A
1569	0.01901	0.01901	A
1570	0.03875	0.03875	A
1571	0.04294	0.0452	A
1572	0.05666	0.06346	C
1573	0.03229	0.03229	C
1574	0.03158	0.03213	C
1575	0.0067	0.00781	T
1576	0.04328	0.04553	C
1577	0.03148	0.03598	A
1578	0.01471	0.01471	T
1579	0.01304	0.01304	T
1580	0.05562	0.06135	C
1581	0.0443	0.04488	A
1582	0.06175	0.06518	C
1583	0.03977	0.04035	A
1584	0.07036	0.07439	C
1585	0.0081	0.0081	G
1586	0.02047	0.02164	A
1587	0.00702	0.00702	G
1588	0.0343	0.03489	A
1589	0.02656	0.02715	A
1590	0.04394	0.04394	A
1591	0.04636	0.04636	A
1592	0.06284	0.08036	C
1593	0.03537	0.03657	A
1594	0.07398	0.0746	C
1595	0.04377	0.04377	C
1596	0.03865	0.03988	C
1597	0.00994	0.01057	T
1598	0.04057	0.0412	C
1599	0.02632	0.0307	A
1600	0.0132	0.0132	T
1601	0.01137	0.01263	G
1602	0.01521	0.01521	T
1603	0.01081	0.01209	T
1604	0.07658	0.07786	C
1605	0.04887	0.05145	A
1606	0.0103	0.01158	T
1607	0.0339	0.03585	A
1608	0.05462	0.05982	C
1609	0.03761	0.03826	A
1610	0.11976	0.12173	C
1611	0.02216	0.02412	C
1612	0.01599	0.01732	T
1613	0.04628	0.05164	A
1614	0.02983	0.0339	T
1615	0.0506	0.05271	C
1616	0.02598	0.02598	C
1617	0.04267	0.04267	C
1618	0.03854	0.03854	C
1619	0.03329	0.03329	C
1620	0.04847	0.05295	A
1621	0.01672	0.01672	T
1622	0.01982	0.02287	T
1623	0.04721	0.06037	C
1624	0.02181	0.02414	T
1625	0.04747	0.04747	C
1626	0.03552	0.03631	C
1627	0.00874	0.01113	T
1628	0.04972	0.04972	C
1629	0.01689	0.0185	C
1630	0.01645	0.01727	T
1631	0.03788	0.0463	A
1632	0.02381	0.02636	T
1633	0.0534	0.0534	C
1634	0.03412	0.03412	C
1635	0.02379	0.02379	C
1636	0.01632	0.01632	T
1637	0.03373	0.03829	C
1638	0.01577	0.02226	A
1639	0.03675	0.03675	A
1640	0.05279	0.05279	C
1641	0.00687	0.00687	C
1642	0.0089	0.0089	C
1643	0.01308	0.01308	C
1644	0.00407	0.00712	G
1645	0.02273	0.02273	A
1646	0.04958	0.04958	C
1647	0.0266	0.0266	A
1648	0.01514	0.0173	T
1649	0.02951	0.02951	C
1650	0.02102	0.02323	A
1651	0.01242	0.01242	T
1652	0.008	0.00914	T
1653	0.0291	0.04307	A
1654	0.05542	0.05542	C
1655	0.02404	0.02404	C
1656	0.00368	0.00368	G
1657	0.00368	0.00368	G
1658	0.00745	0.00745	G
1659	0.00127	0.00127	T
1660	0.01047	0.01047	T
1661	0.00534	0.00534	T
1662	0.0	0.0	T
1663	0.03639	0.03639	C
1664	0.01176	0.01176	C
1665	0.00302	0.00302	T
1666	0.0062	0.0062	C
1667	0.00645	0.00645	T
1668	0.0	0.0	T
1669	0.0	0.0	A
1670	0.0	0.0	A
