Position	Mismatches	Mismatches + Deletions	Base
1	0.0	0.0	A
2	0.0	0.0	T
3	0.0	0.0	G
4	0.0102	0.0102	A
5	0.05769	0.05769	C
6	0.01905	0.01905	C
7	0.03636	0.03636	C
8	0.00893	0.00893	C
9	0.03478	0.04348	A
10	0.03333	0.03333	A
11	0.024	0.024	T
12	0.04918	0.04918	A
13	0.07031	0.07812	C
14	0.01481	0.01481	G
15	0.06618	0.06618	C
16	0.01351	0.01351	A
17	0.02581	0.02581	A
18	0.01935	0.01935	A
19	0.01299	0.01299	A
20	0.96774	0.99355	C
21	0.01786	0.01786	T
22	0.01676	0.01676	A
23	0.00543	0.00543	A
24	0.01515	0.0202	C
25	0.02475	0.02475	C
26	0.04369	0.04369	C
27	0.04206	0.04206	C
28	0.02242	0.02242	C
29	0.03463	0.03896	T
30	0.02905	0.02905	A
31	0.02846	0.02846	A
32	0.02724	0.0428	T
33	0.03873	0.03873	A
34	0.01384	0.01384	A
35	0.01967	0.01967	A
36	0.02446	0.02446	A
37	0.0177	0.02065	T
38	0.04046	0.04046	T
39	0.0419	0.0419	A
40	0.03794	0.04065	A
41	0.02116	0.02116	T
42	0.03958	0.03958	T
43	0.04775	0.04775	A
44	0.06021	0.06021	A
45	0.09284	0.09284	C
46	0.05744	0.05744	C
47	0.91623	0.92147	A
48	0.05048	0.05288	C
49	0.03972	0.03972	T
50	0.04587	0.05046	C
51	0.05128	0.05556	A
52	0.02923	0.02923	T
53	0.02083	0.02083	T
54	0.09771	0.10811	C
55	0.06706	0.06706	A
56	0.02111	0.02495	T
57	0.05047	0.05234	C
58	0.02574	0.02574	G
59	0.06171	0.06352	A
60	0.06714	0.06714	C
61	0.04577	0.04577	C
62	0.01379	0.02069	T
63	0.03578	0.03578	C
64	0.04174	0.04174	C
65	0.04754	0.04754	C
66	0.031	0.03263	C
67	0.02576	0.03543	A
68	0.06624	0.06624	C
69	0.06094	0.06094	C
70	0.03385	0.03385	C
71	0.04198	0.04198	C
72	0.03947	0.05263	A
73	0.02632	0.03216	T
74	0.06818	0.06818	C
75	0.06825	0.06964	C
76	0.04017	0.04017	A
77	0.06417	0.06551	A
78	0.06937	0.07068	C
79	0.05122	0.05122	A
80	0.02138	0.02264	T
81	0.05764	0.0589	C
82	0.01225	0.01716	T
83	0.06386	0.06386	C
84	0.05444	0.05562	C
85	0.01636	0.02103	G
86	0.06329	0.06789	C
87	0.05442	0.05556	A
88	0.01226	0.01226	T
89	0.00552	0.00552	G
90	0.01538	0.01538	A
91	0.00435	0.00435	T
92	0.00647	0.00754	G
93	0.02333	0.02333	A
94	0.02917	0.03125	A
95	0.04767	0.04767	A
96	0.15768	0.16183	C
97	0.01933	0.01933	T
98	0.02115	0.02115	T
99	0.05126	0.06231	C
100	0.00896	0.00896	G
101	0.0099	0.0099	G
102	0.0499	0.0509	C
103	0.01407	0.01608	T
104	0.07599	0.08105	C
105	0.04686	0.05384	A
106	0.09188	0.09671	C
107	0.02383	0.02669	T
108	0.10038	0.10038	C
109	0.08603	0.09158	C
110	0.0174	0.0174	T
111	0.00367	0.00459	T
112	0.00549	0.00549	G
113	0.00735	0.00735	G
114	0.01838	0.01838	C
115	0.01203	0.01203	G
116	0.04	0.04	C
117	0.01753	0.01753	C
118	0.00744	0.00837	T
119	0.00643	0.00643	G
120	0.09183	0.09183	C
121	0.04936	0.05027	C
122	0.00915	0.01006	T
123	0.01005	0.01188	G
124	0.04467	0.04649	A
125	0.01735	0.01918	T
126	0.06979	0.07071	C
127	0.04277	0.04459	C
128	0.01361	0.01815	T
129	0.06534	0.06534	C
130	0.06356	0.06535	C
131	0.0278	0.03229	A
132	0.05448	0.05536	A
133	0.05039	0.05213	A
134	0.01127	0.013	T
135	0.06632	0.06894	C
136	0.05729	0.05903	A
137	0.09177	0.09177	C
138	0.07647	0.08151	C
139	0.03673	0.04508	A
140	0.07502	0.08326	C
141	0.03462	0.04187	A
142	0.00321	0.00401	G
143	0.004	0.0048	G
144	0.02796	0.05032	A
145	0.11413	0.11732	C
146	0.01427	0.01586	T
147	0.06255	0.08947	A
148	0.01782	0.01782	T
149	0.00682	0.00758	T
150	0.05111	0.05111	C
151	0.01601	0.01601	C
152	0.0084	0.0107	T
153	0.05064	0.05669	A
154	0.01126	0.01126	G
155	0.06767	0.06767	C
156	0.04873	0.04873	C
157	0.04009	0.06904	A
158	0.01551	0.01551	T
159	0.01038	0.01483	G
160	0.0718	0.07624	C
161	0.08536	0.08609	A
162	0.08327	0.08692	C
163	0.01806	0.0224	T
164	0.05316	0.05603	A
165	0.09207	0.09632	C
166	0.02177	0.02528	T
167	0.04526	0.05304	C
168	0.03644	0.03714	A
169	0.12456	0.12456	C
170	0.02215	0.02561	C
171	0.02101	0.03641	A
172	0.0154	0.0154	G
173	0.03977	0.04119	A
174	0.02996	0.03067	C
175	0.00933	0.00933	G
176	0.01579	0.01579	C
177	0.01514	0.01586	C
178	0.01381	0.01962	T
179	0.1035	0.10787	C
180	0.04496	0.05294	A
181	0.07802	0.07874	A
182	0.09744	0.09744	C
183	0.06727	0.07358	C
184	0.00557	0.00697	G
185	0.03181	0.03181	C
186	0.02759	0.02759	C
187	0.00608	0.00608	T
188	0.00336	0.00403	T
189	0.00539	0.00606	T
190	0.00745	0.00745	T
191	0.02937	0.04508	C
192	0.0281	0.03016	A
193	0.01366	0.01503	T
194	0.03372	0.03441	C
195	0.03224	0.03292	A
196	0.0438	0.0465	A
197	0.03164	0.03232	T
198	0.08675	0.0916	C
199	0.01398	0.01468	G
200	0.04494	0.04565	C
201	0.06624	0.06624	C
202	0.04628	0.04628	C
203	0.02865	0.03367	A
204	0.0784	0.08197	C
205	0.04491	0.04912	A
206	0.01123	0.01614	T
207	0.06325	0.06535	C
208	0.0682	0.07029	A
209	0.06297	0.06906	C
210	0.01414	0.01414	T
211	0.07105	0.07239	C
212	0.00796	0.00863	G
213	0.02726	0.03125	A
214	0.00528	0.00528	G
215	0.01539	0.01539	A
216	0.0253	0.02663	C
217	0.01329	0.01395	G
218	0.00665	0.00865	T
219	0.01987	0.02185	A
220	0.04765	0.04765	A
221	0.05006	0.05135	A
222	0.00754	0.00754	T
223	0.01001	0.01001	T
224	0.03704	0.06842	A
225	0.00628	0.00691	T
226	0.00567	0.00567	G
227	0.0019	0.0019	G
228	0.01658	0.01658	C
229	0.00893	0.00957	T
230	0.00573	0.00701	G
231	0.02625	0.02625	A
232	0.03466	0.03594	A
233	0.01279	0.01598	T
234	0.07212	0.07667	C
235	0.05552	0.06814	A
236	0.01265	0.01518	T
237	0.09143	0.09399	C
238	0.08157	0.08904	C
239	0.00561	0.01185	G
240	0.06959	0.07461	C
241	0.01734	0.01858	T
242	0.06787	0.06974	A
243	0.0899	0.09052	C
244	0.05783	0.06205	C
245	0.00729	0.00729	T
246	0.00909	0.01211	T
247	0.04205	0.04631	C
248	0.04669	0.05458	A
249	0.11017	0.11138	C
250	0.00667	0.0085	G
251	0.00667	0.00667	C
252	0.01272	0.01272	C
253	0.03015	0.03077	A
254	0.076	0.076	A
255	0.01086	0.01207	T
256	0.00485	0.00485	G
257	0.00546	0.00546	G
258	0.01216	0.01277	C
259	0.00486	0.00547	G
260	0.05292	0.05292	C
261	0.02182	0.02303	C
262	0.00665	0.00846	T
263	0.03076	0.03136	C
264	0.04412	0.04647	A
265	0.05153	0.05153	A
266	0.00915	0.00915	T
267	0.11491	0.12164	A
268	0.0053	0.0053	T
269	0.00795	0.00795	T
270	0.14682	0.19007	C
271	0.00564	0.00564	T
272	0.00769	0.00769	T
273	0.00779	0.00779	T
274	0.11829	0.12923	A
275	0.0104	0.01195	T
276	0.11587	0.11693	C
277	0.01281	0.01281	T
278	0.00481	0.00535	G
279	0.01135	0.01135	C
280	0.00379	0.00488	C
281	0.00331	0.00331	T
282	0.0111	0.01222	C
283	0.0089	0.0089	T
284	0.01058	0.01058	T
285	0.0208	0.0208	C
286	0.00904	0.00961	C
287	0.01081	0.01366	T
288	0.06993	0.07168	A
289	0.09936	0.10575	C
290	0.05415	0.06164	A
291	0.10532	0.11391	C
292	0.05692	0.06261	A
293	0.01481	0.01595	T
294	0.11073	0.12443	C
295	0.00623	0.00623	G
296	0.00057	0.00113	G
297	0.00572	0.00572	G
298	0.32873	0.37536	C
299	0.0023	0.0023	G
300	0.01272	0.01503	A
301	0.00173	0.00173	G
302	0.00231	0.00231	G
303	0.01687	0.01687	C
304	0.09895	0.09895	C
305	0.00922	0.00922	T
306	0.0442	0.04478	A
307	0.00682	0.00682	T
308	0.08376	0.08433	A
309	0.00908	0.00908	T
310	0.01083	0.01083	T
311	0.03676	0.06031	A
312	0.10544	0.10774	C
313	0.01149	0.01149	G
314	0.00803	0.00803	G
315	0.03977	0.04841	A
316	0.01616	0.01731	T
317	0.06395	0.06744	C
318	0.09313	0.11816	A
319	0.00745	0.00745	T
320	0.01493	0.0155	T
321	0.01115	0.01115	T
322	0.06268	0.06742	C
323	0.00998	0.01056	T
324	0.08041	0.08279	C
325	0.01071	0.0113	T
326	0.04976	0.05516	A
327	0.07868	0.08108	C
328	0.01027	0.01511	T
329	0.05704	0.06129	C
330	0.04375	0.04683	A
331	0.00979	0.01285	G
332	0.02877	0.02877	A
333	0.04543	0.04543	A
334	0.03971	0.04032	A
335	0.07204	0.07389	C
336	0.0335	0.0341	C
337	0.00428	0.00612	T
338	0.00612	0.0104	G
339	0.05068	0.05068	A
340	0.03959	0.04019	A
341	0.0353	0.0353	A
342	0.07394	0.07818	C
343	0.05228	0.05288	A
344	0.01684	0.01864	T
345	0.0609	0.06334	C
346	0.00852	0.00852	G
347	0.00367	0.00367	G
348	0.06909	0.06971	C
349	0.05012	0.05134	A
350	0.00974	0.01035	T
351	0.00862	0.00924	T
352	0.02505	0.04753	A
353	0.01107	0.01172	T
354	0.05474	0.05541	C
355	0.03329	0.03329	C
356	0.00952	0.01088	T
357	0.05249	0.05249	C
358	0.03841	0.04321	C
359	0.00618	0.00962	T
360	0.00624	0.00624	G
361	0.03938	0.04219	C
362	0.00424	0.00424	T
363	0.00574	0.00574	T
364	0.0029	0.00363	G
365	0.04139	0.051	C
366	0.04653	0.04653	A
367	0.0531	0.0531	A
368	0.068	0.07169	C
369	0.00586	0.00659	T
370	0.04026	0.04978	A
371	0.01238	0.01238	T
372	0.05259	0.05259	A
373	0.00511	0.00511	G
374	0.03033	0.03107	C
375	0.03698	0.03772	A
376	0.0467	0.04818	A
377	0.08628	0.08997	C
378	0.02922	0.03141	A
379	0.00588	0.00588	G
380	0.01649	0.01649	C
381	0.00449	0.00449	C
382	0.00306	0.00306	T
383	0.01455	0.01531	T
384	0.09985	0.10294	C
385	0.08314	0.0878	A
386	0.01144	0.01983	T
387	0.02363	0.03049	A
388	0.00687	0.00687	G
389	0.00759	0.00759	G
390	0.00688	0.00841	C
391	0.00539	0.00539	T
392	0.08212	0.08289	A
393	0.01309	0.01386	T
394	0.00624	0.00624	G
395	0.01493	0.01493	T
396	0.0232	0.024	C
397	0.02464	0.02464	C
398	0.00811	0.01217	T
399	0.02808	0.02808	C
400	0.09701	0.09701	C
401	0.08139	0.08219	C
402	0.01047	0.01852	G
403	0.02262	0.02342	T
404	0.00643	0.00803	G
405	0.02692	0.03263	A
406	0.00959	0.00959	G
407	0.00402	0.00402	G
408	0.06569	0.06569	C
409	0.04932	0.04932	C
410	0.02242	0.02242	A
411	0.04056	0.04056	A
412	0.05227	0.05379	A
413	0.00749	0.00899	T
414	0.07207	0.07357	A
415	0.0229	0.0229	T
416	0.08576	0.09023	C
417	0.0995	0.10379	A
418	0.01482	0.01482	T
419	0.00632	0.00632	T
420	0.06662	0.08009	C
421	0.01399	0.01399	T
422	0.00985	0.01196	G
423	0.07402	0.07544	A
424	0.0138	0.0138	G
425	0.00412	0.00412	G
426	0.00823	0.00823	G
427	0.00548	0.00548	G
428	0.01797	0.01797	C
429	0.07777	0.07915	C
430	0.05552	0.07078	A
431	0.08373	0.08373	C
432	0.02096	0.02164	A
433	0.00866	0.00866	G
434	0.00993	0.01456	T
435	0.02696	0.02696	A
436	0.03873	0.03873	A
437	0.01017	0.01017	T
438	0.01338	0.01402	T
439	0.02954	0.06285	A
440	0.10918	0.11849	C
441	0.06014	0.06014	A
442	0.0438	0.0438	A
443	0.03593	0.03706	A
444	0.09041	0.10364	C
445	0.00696	0.00696	T
446	0.00804	0.00858	T
447	0.02086	0.0385	A
448	0.07517	0.07729	C
449	0.00957	0.00957	T
450	0.08138	0.08883	A
451	0.0158	0.0179	T
452	0.09021	0.0924	C
453	0.05975	0.0641	C
454	0.00705	0.01301	G
455	0.05777	0.05777	C
456	0.04467	0.04467	C
457	0.07717	0.09646	A
458	0.02019	0.02179	T
459	0.03891	0.03891	C
460	0.02706	0.02706	C
461	0.03166	0.03269	C
462	0.01334	0.03746	A
463	0.01028	0.01028	T
464	0.07172	0.07223	A
465	0.1285	0.1295	C
466	0.09016	0.09113	A
467	0.01332	0.01332	T
468	0.00757	0.00757	T
469	0.00663	0.00711	G
470	0.00849	0.00849	G
471	0.00473	0.00473	G
472	0.86099	0.87849	A
473	0.06024	0.06118	C
474	0.04299	0.05	A
475	0.00879	0.00879	G
476	0.04015	0.04107	A
477	0.11147	0.11193	C
478	0.07101	0.07146	C
479	0.0103	0.01165	T
480	0.05354	0.05531	A
481	0.01435	0.01522	G
482	0.0103	0.0103	T
483	0.01462	0.01462	T
484	0.10742	0.10958	C
485	0.06345	0.06429	A
486	0.06201	0.06201	A
487	0.01184	0.01184	T
488	0.0094	0.0098	G
489	0.02808	0.02808	A
490	0.02741	0.02902	A
491	0.00606	0.00646	T
492	0.02275	0.02315	C
493	0.0077	0.0077	T
494	0.00653	0.00694	G
495	0.02261	0.02425	A
496	0.00697	0.00697	G
497	0.00287	0.00287	G
498	0.07299	0.09732	A
499	0.00532	0.00532	G
500	0.0053	0.0053	G
501	0.03402	0.0377	C
502	0.00778	0.00819	T
503	0.05188	0.0531	A
504	0.05501	0.05664	C
505	0.00974	0.02029	T
506	0.06181	0.06344	C
507	0.09146	0.09347	A
508	0.00956	0.00956	G
509	0.01906	0.02025	T
510	0.0765	0.07927	A
511	0.01182	0.01182	G
512	0.06567	0.06803	A
513	0.12294	0.12412	C
514	0.05758	0.06032	A
515	0.0066	0.00855	G
516	0.01323	0.01595	T
517	0.06228	0.06228	C
518	0.03125	0.03125	C
519	0.04142	0.04182	C
520	0.07723	0.10484	A
521	0.10846	0.10846	C
522	0.01146	0.01146	C
523	0.01229	0.01229	C
524	0.0044	0.0124	T
525	0.00889	0.0101	C
526	0.05754	0.06483	A
527	0.11998	0.12316	C
528	0.06057	0.06136	A
529	0.09421	0.09578	C
530	0.00502	0.00541	G
531	0.02589	0.02589	A
532	0.00613	0.00613	T
533	0.00571	0.00571	T
534	0.03945	0.04749	C
535	0.01332	0.01332	T
536	0.0095	0.0095	T
537	0.01492	0.01492	T
538	0.06952	0.089	A
539	0.12243	0.12319	C
540	0.10606	0.10947	C
541	0.00783	0.00821	T
542	0.01305	0.01305	T
543	0.01233	0.01233	T
544	0.09173	0.10188	C
545	0.05443	0.05856	A
546	0.12294	0.12894	C
547	0.00783	0.00932	T
548	0.00864	0.00901	T
549	0.08274	0.09407	C
550	0.08368	0.08856	A
551	0.00858	0.0097	T
552	0.07473	0.07848	C
553	0.01135	0.01173	T
554	0.02361	0.02361	T
555	0.01075	0.01194	G
556	0.04653	0.04653	C
557	0.02725	0.02806	C
558	0.03195	0.03275	C
559	0.00763	0.00803	T
560	0.00853	0.00893	T
561	0.06989	0.07361	C
562	0.06284	0.06821	A
563	0.01021	0.01021	T
564	0.00993	0.00993	T
565	0.04245	0.07907	A
566	0.00709	0.00709	T
567	0.01061	0.01061	T
568	0.00786	0.01616	G
569	0.05872	0.06799	C
570	0.07534	0.0861	A
571	0.01256	0.01435	G
572	0.04435	0.04435	C
573	0.04518	0.0461	C
574	0.0335	0.03396	C
575	0.00654	0.00747	T
576	0.06682	0.072	A
577	0.0071	0.00993	G
578	0.04611	0.04755	C
579	0.06342	0.06588	A
580	0.64455	0.64653	A
581	0.04505	0.04603	C
582	0.03554	0.0385	A
583	0.06375	0.06574	C
584	0.01783	0.0214	T
585	0.04757	0.04757	C
586	0.03128	0.03398	C
587	0.03312	0.04126	A
588	0.07351	0.07351	C
589	0.02917	0.0335	C
590	0.00656	0.0082	T
591	0.07313	0.07313	C
592	0.03355	0.03685	C
593	0.01388	0.01444	T
594	0.0466	0.05166	A
595	0.00733	0.00733	T
596	0.01138	0.01138	T
597	0.05597	0.07213	C
598	0.00754	0.00754	T
599	0.01235	0.01235	T
600	0.0089	0.01187	G
601	0.04024	0.04204	C
602	0.03818	0.03879	A
603	0.07052	0.07234	C
604	0.00429	0.00674	G
605	0.02807	0.02932	A
606	0.04712	0.04712	A
607	0.04582	0.04644	A
608	0.08005	0.08818	C
609	0.00689	0.00689	G
610	0.00379	0.00442	G
611	0.00445	0.00445	G
612	0.03457	0.03841	A
613	0.00646	0.00905	T
614	0.07521	0.07783	C
615	0.04634	0.047	A
616	0.04656	0.04656	A
617	0.03356	0.03423	A
618	0.08969	0.10375	C
619	0.02288	0.02288	A
620	0.02763	0.03437	A
621	0.03095	0.03164	C
622	0.02401	0.02675	C
623	0.01101	0.0117	C
624	0.04008	0.04008	C
625	0.03704	0.03704	C
626	0.01012	0.01012	T
627	0.05704	0.05926	A
628	0.003	0.003	G
629	0.00459	0.00459	G
630	0.02813	0.02813	A
631	0.02532	0.02532	A
632	0.01432	0.01432	T
633	0.05974	0.06056	C
634	0.05062	0.05311	A
635	0.0701	0.07179	C
636	0.03925	0.0401	C
637	0.01654	0.02263	T
638	0.05453	0.05453	C
639	0.04678	0.04678	C
640	0.03897	0.04074	C
641	0.05576	0.06745	A
642	0.01019	0.01019	T
643	0.00371	0.00371	T
644	0.03283	0.03377	C
645	0.03099	0.03099	C
646	0.01321	0.01604	G
647	0.04455	0.04645	A
648	0.01931	0.02124	T
649	0.02231	0.02231	A
650	0.02624	0.02624	A
651	0.0388	0.03977	A
652	0.04985	0.04985	A
653	0.01074	0.0166	T
654	0.05315	0.05512	C
655	0.03976	0.04374	A
656	0.10778	0.10778	C
657	0.06294	0.06494	C
658	0.02106	0.02207	T
659	0.01717	0.01717	T
660	0.05207	0.05207	C
661	0.03961	0.04069	C
662	0.0282	0.04881	A
663	0.08315	0.08425	C
664	0.04013	0.04013	C
665	0.02811	0.03027	C
666	0.00881	0.00991	T
667	0.00999	0.0111	T
668	0.03487	0.05399	A
669	0.05975	0.06313	C
670	0.01578	0.01917	T
671	0.04343	0.04686	A
672	0.07281	0.07622	C
673	0.02978	0.03093	A
674	0.0841	0.08871	C
675	0.02059	0.02059	A
676	0.0487	0.05096	A
677	0.01351	0.01802	T
678	0.07964	0.08191	C
679	0.03789	0.03904	A
680	0.04707	0.05052	A
681	0.04571	0.04914	A
682	0.00571	0.00799	G
683	0.06954	0.07074	A
684	0.07169	0.07412	C
685	0.01469	0.01469	G
686	0.0199	0.0199	C
687	0.01491	0.01491	C
688	0.04015	0.04015	C
689	0.01138	0.01264	T
690	0.08608	0.08861	C
691	0.0038	0.0038	G
692	0.01017	0.01017	G
693	0.0229	0.0229	C
694	0.00506	0.00506	T
695	0.00508	0.00508	T
696	0.04365	0.06162	A
697	0.11069	0.11196	C
698	0.01252	0.01252	T
699	0.00754	0.00754	T
700	0.05718	0.0737	C
701	0.01536	0.01665	T
702	0.0882	0.10117	C
703	0.01823	0.01823	T
704	0.00784	0.00784	T
705	0.06935	0.06935	C
706	0.07418	0.07967	C
707	0.00822	0.01096	T
708	0.02384	0.02525	T
709	0.06686	0.08535	C
710	0.02134	0.02276	T
711	0.0625	0.0696	C
712	0.01852	0.01852	T
713	0.0625	0.0625	C
714	0.04604	0.05036	C
715	0.01022	0.01022	T
716	0.00884	0.00884	T
717	0.02556	0.02707	A
718	0.04762	0.04762	A
719	0.00906	0.01208	T
720	0.63206	0.63969	G
721	0.03676	0.04118	A
722	0.06043	0.0705	C
723	0.03927	0.04067	A
724	0.00687	0.00687	T
725	0.01094	0.01642	T
726	0.03611	0.0375	A
727	0.04966	0.05241	A
728	0.05842	0.06929	C
729	0.04418	0.04685	A
730	0.05984	0.06649	C
731	0.01319	0.01451	T
732	0.06258	0.06389	A
733	0.01554	0.01554	T
734	0.00771	0.00771	T
735	0.06266	0.07311	C
736	0.01554	0.02073	T
737	0.05125	0.0565	C
738	0.05033	0.05828	A
739	0.07133	0.07133	C
740	0.02614	0.02745	C
741	0.0303	0.06324	A
742	0.01847	0.01979	G
743	0.04837	0.04837	A
744	0.06588	0.06588	C
745	0.03145	0.03145	C
746	0.00526	0.00658	T
747	0.05402	0.05402	C
748	0.01722	0.01854	C
749	0.00665	0.00798	T
750	0.02826	0.03499	A
751	0.00536	0.00536	G
752	0.00544	0.00544	G
753	0.0342	0.03694	C
754	0.01385	0.01801	G
755	0.0331	0.04	A
756	0.08941	0.08941	C
757	0.07503	0.07503	C
758	0.05328	0.05328	C
759	0.02699	0.05668	A
760	0.00804	0.00938	G
761	0.03096	0.03096	A
762	0.08289	0.08556	C
763	0.01445	0.01445	A
764	0.05381	0.05381	A
765	0.02237	0.02237	T
766	0.01699	0.01961	T
767	0.0317	0.05945	A
768	0.0144	0.02356	T
769	0.06507	0.06773	A
770	0.08289	0.08816	C
771	0.04551	0.04551	C
772	0.01554	0.01684	C
773	0.01034	0.01163	T
774	0.05737	0.05867	A
775	0.00649	0.00649	G
776	0.06851	0.06851	C
777	0.05636	0.05898	C
778	0.0305	0.0305	A
779	0.03457	0.03713	A
780	0.0491	0.0491	C
781	0.03851	0.03851	C
782	0.03189	0.03189	C
783	0.04204	0.04204	C
784	0.01548	0.01677	T
785	0.01028	0.01028	T
786	0.03183	0.03183	A
787	0.04933	0.04933	A
788	0.04521	0.04654	A
789	0.08289	0.09868	C
790	0.0288	0.03141	A
791	0.07171	0.07304	C
792	0.04314	0.04444	C
793	0.02968	0.02968	C
794	0.03497	0.03497	C
795	0.02608	0.02999	T
796	0.04933	0.04933	C
797	0.03548	0.03548	C
798	0.04074	0.04074	C
799	0.0409	0.0409	C
800	0.03091	0.03226	A
801	0.05548	0.05819	C
802	0.04601	0.04601	A
803	0.01357	0.01493	T
804	0.07163	0.073	C
805	0.03729	0.03729	A
806	0.06557	0.06831	A
807	0.0094	0.01611	G
808	0.04354	0.04354	C
809	0.0425	0.0425	C
810	0.02899	0.02899	C
811	0.01961	0.02092	G
812	0.02234	0.02234	A
813	0.03488	0.03488	A
814	0.01157	0.01157	T
815	0.01625	0.0175	G
816	0.04506	0.04756	A
817	0.01695	0.01695	T
818	0.09928	0.10287	A
819	0.00447	0.00447	T
820	0.01342	0.01342	T
821	0.01009	0.01009	T
822	0.09492	0.09605	C
823	0.06711	0.06935	C
824	0.01685	0.01685	T
825	0.08937	0.09842	A
826	0.0078	0.0078	T
827	0.01342	0.01342	T
828	0.0553	0.06321	C
829	0.01125	0.01125	G
830	0.07103	0.07103	C
831	0.03382	0.03382	C
832	0.01025	0.01139	T
833	0.04551	0.04664	A
834	0.07167	0.07395	C
835	0.0346	0.0346	A
836	0.08508	0.0884	C
837	0.04117	0.04117	A
838	0.07634	0.07634	A
839	0.01073	0.0118	T
840	0.00752	0.00752	T
841	0.04973	0.07135	C
842	0.0141	0.01518	T
843	0.08824	0.08824	C
844	0.04212	0.04212	C
845	0.01387	0.02028	G
846	0.05123	0.05336	A
847	0.01166	0.01273	T
848	0.06754	0.06754	C
849	0.03395	0.03505	C
850	0.00655	0.00983	G
851	0.01105	0.01657	T
852	0.04535	0.04757	C
853	0.0473	0.0473	C
854	0.02305	0.02305	C
855	0.0112	0.01232	T
856	0.02475	0.02475	A
857	0.02918	0.0303	A
858	0.10156	0.10603	C
859	0.05721	0.05831	A
860	0.03341	0.03341	A
861	0.05585	0.05585	A
862	0.07403	0.08155	C
863	0.01175	0.01175	T
864	0.03112	0.03219	A
865	0.00215	0.00215	G
866	0.00108	0.00217	G
867	0.04476	0.06659	A
868	0.0076	0.0076	G
869	0.0033	0.0033	G
870	0.03614	0.03724	C
871	0.01754	0.01754	G
872	0.01538	0.01868	T
873	0.09001	0.09001	C
874	0.06798	0.06798	C
875	0.01327	0.01327	T
876	0.0231	0.0231	T
877	0.00772	0.00992	G
878	0.06527	0.06527	C
879	0.05193	0.05193	C
880	0.03215	0.03215	C
881	0.01008	0.01008	T
882	0.05022	0.05246	A
883	0.01348	0.01348	T
884	0.00894	0.01117	T
885	0.02718	0.05663	A
886	0.09091	0.09773	C
887	0.01024	0.01024	T
888	0.06221	0.06336	A
889	0.02074	0.02419	T
890	0.07935	0.07935	C
891	0.03613	0.0373	C
892	0.04926	0.06873	A
893	0.01498	0.01843	T
894	0.058	0.05916	C
895	0.06425	0.06542	C
896	0.01182	0.01418	T
897	0.04612	0.04976	C
898	0.03349	0.05144	A
899	0.02874	0.03353	T
900	0.06954	0.07074	C
901	0.03461	0.03461	C
902	0.01196	0.01316	T
903	0.05742	0.05742	A
904	0.01185	0.01185	G
905	0.07656	0.07775	C
906	0.0344	0.0344	A
907	0.04024	0.0426	A
908	0.01306	0.01425	T
909	0.03851	0.03851	A
910	0.02401	0.02881	A
911	0.02278	0.02638	T
912	0.0561	0.0561	C
913	0.04364	0.04485	C
914	0.03785	0.03785	C
915	0.02469	0.02469	C
916	0.02625	0.04375	A
917	0.01643	0.02149	T
918	0.0422	0.0422	C
919	0.01155	0.01155	C
920	0.01823	0.01953	T
921	0.02987	0.03117	C
922	0.02094	0.02225	C
923	0.02778	0.03571	A
924	0.01743	0.01743	T
925	0.02685	0.03087	A
926	0.02168	0.02304	T
927	0.03528	0.03799	A
928	0.02322	0.02459	T
929	0.06061	0.06336	C
930	0.04472	0.04607	C
931	0.01228	0.01228	A
932	0.02426	0.02426	A
933	0.02589	0.02589	A
934	0.07597	0.08564	C
935	0.02049	0.02049	A
936	0.03973	0.03973	A
937	0.09375	0.09918	C
938	0.01869	0.01869	A
939	0.02995	0.02995	A
940	0.04581	0.04581	A
941	0.01569	0.01699	G
942	0.0718	0.07441	C
943	0.02839	0.02968	A
944	0.01536	0.02049	T
945	0.03723	0.03723	A
946	0.04015	0.04642	A
947	0.0125	0.0125	T
948	0.0826	0.09387	A
949	0.00361	0.00361	T
950	0.01209	0.01209	T
951	0.03019	0.03019	T
952	0.08758	0.09412	C
953	0.01333	0.016	G
954	0.0332	0.0332	C
955	0.03183	0.03183	C
956	0.0267	0.0267	C
957	0.02319	0.02865	A
958	0.05986	0.06122	C
959	0.01509	0.01646	T
960	0.02751	0.02889	A
961	0.03794	0.04336	A
962	0.00806	0.01075	G
963	0.04195	0.04195	C
964	0.05384	0.05384	C
965	0.02561	0.02561	A
966	0.03694	0.03694	A
967	0.00915	0.01046	T
968	0.04036	0.04297	C
969	0.03435	0.03435	A
970	0.08292	0.08787	C
971	0.0089	0.0089	T
972	0.01659	0.01659	T
973	0.01578	0.01691	T
974	0.11448	0.12346	A
975	0.00651	0.0076	T
976	0.01307	0.01416	T
977	0.00977	0.00977	G
978	0.04248	0.04575	A
979	0.05332	0.05332	C
980	0.0182	0.01927	T
981	0.07468	0.07468	C
982	0.03863	0.04077	C
983	0.01502	0.01824	T
984	0.06545	0.0794	A
985	0.01597	0.01597	G
986	0.06897	0.07112	C
987	0.06702	0.06809	C
988	0.02368	0.03014	G
989	0.08513	0.09375	C
990	0.06674	0.06997	A
991	0.0167	0.0167	G
992	0.06549	0.06653	A
993	0.01437	0.01437	C
994	0.01134	0.01134	C
995	0.00103	0.00103	T
996	0.00724	0.00724	C
997	0.00621	0.00621	C
998	0.0209	0.02194	T
999	0.07856	0.08068	C
1000	0.02941	0.03676	A
1001	0.00945	0.00945	T
1002	0.00738	0.00738	T
1003	0.02119	0.02648	C
1004	0.01274	0.01592	T
1005	0.06674	0.06992	A
1006	0.08491	0.08491	A
1007	0.11587	0.11691	C
1008	0.0701	0.07113	C
1009	0.01639	0.01947	T
1010	0.00714	0.00714	G
1011	0.01949	0.02051	A
1012	0.01524	0.01626	A
1013	0.00815	0.00815	T
1014	0.1319	0.13292	C
1015	0.00101	0.00101	G
1016	0.00604	0.00604	G
1017	0.01017	0.01526	A
1018	0.00507	0.00507	G
1019	0.00608	0.00608	G
1020	0.05386	0.08537	A
1021	0.06383	0.0689	C
1022	0.04514	0.04514	A
1023	0.05572	0.05572	A
1024	0.07861	0.07861	C
1025	0.04554	0.04554	C
1026	0.03953	0.05731	A
1027	0.01955	0.01955	G
1028	0.00883	0.01766	T
1029	0.05877	0.05877	A
1030	0.07407	0.07602	A
1031	0.00389	0.00389	G
1032	0.01758	0.01953	C
1033	0.00877	0.01267	T
1034	0.01555	0.01749	A
1035	0.02637	0.02637	C
1036	0.04004	0.04004	C
1037	0.0498	0.0498	C
1038	0.00977	0.00977	T
1039	0.01262	0.01359	T
1040	0.0087	0.0087	T
1041	0.01561	0.01561	T
1042	0.06738	0.0791	A
1043	0.0607	0.06169	C
1044	0.02381	0.02381	C
1045	0.02874	0.03072	A
1046	0.014	0.015	T
1047	0.05794	0.05894	C
1048	0.05894	0.05994	A
1049	0.02006	0.02006	T
1050	0.00603	0.00603	T
1051	0.00709	0.00709	G
1052	0.00511	0.00511	G
1053	0.02459	0.04303	A
1054	0.09764	0.09764	C
1055	0.04639	0.04639	A
1056	0.06341	0.06341	A
1057	0.00625	0.00625	G
1058	0.0	0.0	T
1059	0.01268	0.01268	A
1060	0.01691	0.01797	G
1061	0.02222	0.02328	C
1062	0.08013	0.08226	A
1063	0.00644	0.00966	T
1064	0.05699	0.05806	C
1065	0.03913	0.03913	C
1066	0.00326	0.00653	G
1067	0.00772	0.00772	T
1068	0.04194	0.04305	A
1069	0.05648	0.06091	C
1070	0.01	0.01111	T
1071	0.05469	0.05804	A
1072	0.01232	0.01344	T
1073	0.03527	0.03754	A
1074	0.05562	0.06356	C
1075	0.00801	0.00801	T
1076	0.00925	0.01156	T
1077	0.05116	0.05465	C
1078	0.02844	0.02962	A
1079	0.05967	0.06802	C
1080	0.02696	0.02696	A
1081	0.02703	0.02826	A
1082	0.05912	0.06792	C
1083	0.03069	0.03069	A
1084	0.02817	0.02817	A
1085	0.00904	0.01034	T
1086	0.04216	0.04216	C
1087	0.02273	0.02406	C
1088	0.01513	0.01926	T
1089	0.01702	0.01844	A
1090	0.01852	0.01852	A
1091	0.00994	0.01562	T
1092	0.04651	0.04651	C
1093	0.02659	0.02659	C
1094	0.00613	0.00766	T
1095	0.00927	0.01082	A
1096	0.02644	0.02644	A
1097	0.00469	0.00625	T
1098	0.0192	0.0224	A
1099	0.05383	0.05546	C
1100	0.03483	0.03648	C
1101	0.01184	0.01354	A
1102	0.02385	0.02385	A
1103	0.038	0.038	C
1104	0.01916	0.02091	T
1105	0.0302	0.0302	A
1106	0.0255	0.0255	T
1107	0.04461	0.04461	C
1108	0.02281	0.02281	T
1109	0.01566	0.01566	C
1110	0.01578	0.01578	C
1111	0.00601	0.00601	C
1112	0.00816	0.01429	T
1113	0.0124	0.0124	A
1114	0.01455	0.01455	A
1115	0.01493	0.01493	T
1116	0.00875	0.01094	T
1117	0.02	0.02222	G
1118	0.00903	0.00903	A
1119	0.0069	0.0069	A
1120	0.00239	0.00239	A
1121	0.00246	0.00246	A
1122	0.05764	0.06767	C
1123	0.00508	0.00508	A
1124	0.00258	0.00258	A
1125	0.01309	0.01309	A
1126	0.01359	0.01359	A
1127	0.0112	0.0112	T
1128	0.02299	0.02299	A
1129	0.02332	0.02332	C
1130	0.00602	0.00602	T
1131	0.01242	0.01242	C
1132	0.00962	0.00962	A
1133	0.01661	0.01661	A
1134	0.01689	0.01689	A
1135	0.03147	0.03147	T
1136	0.00361	0.00361	G
1137	0.00376	0.00376	G
1138	0.0155	0.0155	G
1139	0.01992	0.01992	C
1140	0.00816	0.00816	C
1141	0.0	0.0	T
1142	0.0	0.0	A
1143	0.0	0.0	A
