Position	Mismatches	Mismatches + Deletions	Base
1	0.0	0.0	A
2	0.0	0.0	T
3	0.0	0.0	G
4	0.01862	0.01862	C
5	0.0281	0.0281	C
6	0.02508	0.02508	C
7	0.0343	0.0343	C
8	0.01775	0.01953	T
9	0.0571	0.05755	C
10	0.02873	0.03459	A
11	0.0111	0.0111	T
12	0.0094	0.0094	T
13	0.00999	0.01002	T
14	0.05476	0.05828	A
15	0.10142	0.10282	C
16	0.03531	0.03577	A
17	0.01187	0.01345	T
18	0.03003	0.03003	A
19	0.04958	0.04958	A
20	0.04081	0.04242	A
21	0.00905	0.0108	T
22	0.06633	0.06754	A
23	0.01047	0.01065	T
24	0.00753	0.00778	T
25	0.02901	0.04681	A
26	0.006	0.00636	T
27	0.03937	0.04171	A
28	0.05518	0.05804	C
29	0.00553	0.00576	T
30	0.04594	0.04765	A
31	0.00772	0.0092	G
32	0.07588	0.07648	C
33	0.04228	0.04469	A
34	0.0068	0.00692	T
35	0.00849	0.00873	T
36	0.01157	0.01173	T
37	0.08873	0.10121	A
38	0.10636	0.1074	C
39	0.04911	0.04987	C
40	0.05694	0.06823	A
41	0.01473	0.01595	T
42	0.11856	0.12181	C
43	0.01658	0.02027	T
44	0.09129	0.09397	C
45	0.0655	0.06752	A
46	0.04552	0.04923	C
47	0.0087	0.00887	T
48	0.0073	0.00762	T
49	0.02959	0.03494	C
50	0.00952	0.00981	T
51	0.0317	0.03402	A
52	0.00281	0.00285	G
53	0.00459	0.00463	G
54	0.0434	0.04363	A
55	0.03389	0.03396	A
56	0.00536	0.00572	T
57	0.04861	0.049	A
58	0.04029	0.04118	C
59	0.003	0.00322	T
60	0.02135	0.02197	A
61	0.00555	0.00613	G
62	0.00504	0.00543	T
63	0.03358	0.035	A
64	0.00772	0.00799	T
65	0.05078	0.05513	A
66	0.01909	0.02047	T
67	0.10868	0.1127	C
68	0.02195	0.0227	G
69	0.07854	0.08175	C
70	0.02398	0.02771	T
71	0.09802	0.10236	C
72	0.04396	0.05005	A
73	0.09073	0.09703	C
74	0.05222	0.05421	A
75	0.07339	0.07342	C
76	0.0463	0.04896	C
77	0.00976	0.01277	T
78	0.06429	0.06606	C
79	0.04391	0.05011	A
80	0.0094	0.01153	T
81	0.05734	0.06289	A
82	0.01145	0.01271	T
83	0.06738	0.06851	C
84	0.03657	0.03852	C
85	0.01178	0.01463	T
86	0.06578	0.06618	C
87	0.05949	0.0597	C
88	0.03961	0.04181	C
89	0.00545	0.00623	T
90	0.03741	0.03975	A
91	0.0527	0.05629	C
92	0.0064	0.00697	T
93	0.03169	0.04502	A
94	0.0123	0.0129	T
95	0.00757	0.00818	G
96	0.02567	0.02587	C
97	0.01387	0.01414	C
98	0.00408	0.00425	T
99	0.01903	0.01963	A
100	0.00444	0.00488	G
101	0.0232	0.02328	A
102	0.01485	0.01564	A
103	0.00399	0.00399	G
104	0.00539	0.00569	G
105	0.0283	0.02865	A
106	0.04046	0.0411	A
107	0.01119	0.01267	T
108	0.04942	0.04949	A
109	0.03703	0.04425	A
110	0.00944	0.01034	T
111	0.06493	0.0693	A
112	0.09056	0.10497	C
113	0.01084	0.0116	T
114	0.0563	0.06875	A
115	0.01594	0.01703	T
116	0.07688	0.08107	C
117	0.01005	0.0104	G
118	0.03119	0.03184	C
119	0.00731	0.00752	T
120	0.01083	0.01546	G
121	0.00911	0.00912	T
122	0.01109	0.0112	T
123	0.07072	0.07391	C
124	0.06443	0.06727	A
125	0.01138	0.01145	T
126	0.00976	0.01011	T
127	0.03363	0.05717	A
128	0.013	0.01373	T
129	0.03573	0.04005	A
130	0.00769	0.00868	G
131	0.03831	0.04008	C
132	0.01148	0.01258	T
133	0.05941	0.06306	A
134	0.07832	0.0816	C
135	0.01303	0.01399	T
136	0.05878	0.06295	C
137	0.01063	0.01362	T
138	0.06534	0.06789	C
139	0.04586	0.05233	A
140	0.01198	0.01912	T
141	0.04171	0.04203	A
142	0.02897	0.03268	A
143	0.06653	0.0688	C
144	0.03532	0.03567	C
145	0.03087	0.03153	C
146	0.01346	0.01693	T
147	0.05233	0.05472	C
148	0.04275	0.04717	A
149	0.0414	0.04312	A
150	0.06172	0.07004	C
151	0.04072	0.04348	A
152	0.06723	0.06766	C
153	0.05532	0.05537	C
154	0.03759	0.03923	C
155	0.03133	0.03976	A
156	0.0623	0.06595	C
157	0.01042	0.0127	T
158	0.06105	0.06105	C
159	0.05379	0.05385	C
160	0.04823	0.04994	C
161	0.00718	0.00835	T
162	0.05686	0.05852	C
163	0.00849	0.00862	T
164	0.00878	0.00884	T
165	0.0357	0.07036	A
166	0.00638	0.00686	G
167	0.04785	0.04792	C
168	0.03409	0.03437	C
169	0.03356	0.03386	A
170	0.05334	0.05359	A
171	0.00707	0.00767	T
172	0.06912	0.06999	A
173	0.00951	0.00952	T
174	0.00914	0.00922	T
175	0.0068	0.00832	G
176	0.01056	0.01121	T
177	0.00581	0.006	G
178	0.06201	0.06255	C
179	0.08809	0.0883	C
180	0.00841	0.00925	T
181	0.06556	0.07419	A
182	0.00878	0.00879	T
183	0.01168	0.01195	T
184	0.00625	0.00729	G
185	0.08678	0.08711	C
186	0.06166	0.06195	C
187	0.02357	0.06549	A
188	0.00725	0.0079	T
189	0.08536	0.08664	A
190	0.03424	0.03585	C
191	0.00309	0.00349	T
192	0.02398	0.02806	A
193	0.01107	0.0123	G
194	0.00377	0.00403	T
195	0.14709	0.14777	C
196	0.00836	0.00836	T
197	0.01004	0.01014	T
198	0.01364	0.01376	T
199	0.01026	0.01243	G
200	0.00626	0.00639	C
201	0.00593	0.00597	C
202	0.00648	0.00781	G
203	0.08166	0.08166	C
204	0.03128	0.03151	C
205	0.00481	0.00632	T
206	0.00593	0.00658	G
207	0.02169	0.02301	C
208	0.01585	0.02432	G
209	0.09967	0.10388	A
210	0.10208	0.10256	A
211	0.00824	0.01175	G
212	0.02552	0.02761	C
213	0.03303	0.03414	A
214	0.00445	0.00461	G
215	0.00976	0.00992	C
216	0.00547	0.00548	G
217	0.00737	0.00765	G
218	0.00613	0.00662	T
219	0.00561	0.00561	G
220	0.00517	0.00517	G
221	0.00488	0.00488	G
222	0.01033	0.01035	C
223	0.05014	0.05047	C
224	0.01038	0.01273	T
225	0.09485	0.11024	A
226	0.00805	0.00848	G
227	0.04227	0.04245	C
228	0.02169	0.02173	C
229	0.01769	0.01805	C
230	0.00841	0.00947	T
231	0.04671	0.04791	A
232	0.04212	0.04346	C
233	0.00439	0.0045	T
234	0.03451	0.03709	A
235	0.00921	0.00959	G
236	0.01061	0.01114	T
237	0.08735	0.08825	C
238	0.00994	0.01144	T
239	0.08593	0.08794	C
240	0.05144	0.05463	A
241	0.0564	0.05875	A
242	0.01336	0.01421	T
243	0.07259	0.07429	C
244	0.02072	0.02225	T
245	0.06347	0.06384	C
246	0.0569	0.05878	C
247	0.03731	0.04144	A
248	0.04295	0.04331	A
249	0.04821	0.05249	C
250	0.02284	0.02353	A
251	0.04917	0.05437	C
252	0.03254	0.03387	A
253	0.00517	0.00608	T
254	0.03791	0.03947	A
255	0.01364	0.01402	T
256	0.0075	0.00788	G
257	0.00393	0.00402	G
258	0.02589	0.02598	C
259	0.03437	0.03467	C
260	0.00505	0.0054	T
261	0.02814	0.02944	A
262	0.00598	0.0062	G
263	0.0244	0.02509	A
264	0.03837	0.03899	C
265	0.00476	0.00503	T
266	0.023	0.02385	A
267	0.06599	0.06727	C
268	0.00708	0.00809	G
269	0.00585	0.00678	T
270	0.01943	0.01998	A
271	0.06421	0.06544	C
272	0.04215	0.04539	A
273	0.00614	0.01007	T
274	0.02825	0.02828	A
275	0.02593	0.02803	A
276	0.0527	0.05473	C
277	0.02795	0.0297	C
278	0.00791	0.01027	T
279	0.01034	0.01083	A
280	0.0216	0.02204	A
281	0.02493	0.02534	A
282	0.05006	0.05112	C
283	0.02256	0.02419	C
284	0.008	0.00912	T
285	0.02458	0.02965	A
286	0.03284	0.03557	C
287	0.00946	0.01019	T
288	0.02534	0.02541	C
289	0.01692	0.0175	C
290	0.01305	0.015	A
291	0.01874	0.0191	A
292	0.00722	0.00775	T
293	0.00438	0.00492	G
294	0.02566	0.02674	C
295	0.00634	0.00733	T
296	0.01748	0.01769	A
297	0.01228	0.01238	A
298	0.01874	0.01904	A
299	0.02315	0.02331	A
300	0.02862	0.03837	C
301	0.00572	0.00641	T
302	0.0143	0.01449	A
303	0.02421	0.02462	A
304	0.00552	0.00676	T
305	0.03793	0.03931	C
306	0.00835	0.00955	G
307	0.01054	0.01171	T
308	0.02705	0.02722	C
309	0.025	0.02518	C
310	0.02004	0.02065	C
311	0.00998	0.01048	A
312	0.01289	0.01307	A
313	0.02951	0.03096	C
314	0.01134	0.01139	A
315	0.01573	0.01608	A
316	0.00463	0.00482	T
317	0.00535	0.00601	T
318	0.01409	0.02416	A
319	0.00533	0.00572	T
320	0.02625	0.02906	A
321	0.00628	0.00631	T
322	0.00595	0.00654	T
323	0.02307	0.03378	A
324	0.03589	0.03854	C
325	0.00709	0.00864	T
326	0.03229	0.03459	A
327	0.04273	0.04366	C
328	0.03054	0.03131	C
329	0.01872	0.02457	A
330	0.03062	0.03188	C
331	0.00656	0.00737	T
332	0.00744	0.0082	G
333	0.02801	0.0288	A
334	0.03881	0.03999	C
335	0.04171	0.04376	A
336	0.00792	0.00857	T
337	0.00748	0.00874	G
338	0.02862	0.02919	A
339	0.0538	0.05643	C
340	0.00652	0.00668	T
341	0.00822	0.00854	T
342	0.00838	0.00846	T
343	0.03673	0.03688	C
344	0.05523	0.05619	C
345	0.00253	0.00306	A
346	0.00602	0.00638	A
347	0.01876	0.01893	A
348	0.01434	0.01456	A
349	0.02686	0.02708	A
350	0.01549	0.01552	A
351	0.07154	0.07808	C
352	0.02376	0.02456	A
353	0.06034	0.0629	C
354	0.02662	0.02747	A
355	0.01485	0.0182	T
356	0.03201	0.03204	A
357	0.04363	0.04924	A
358	0.00713	0.00732	T
359	0.00916	0.00954	T
360	0.01033	0.0105	T
361	0.01542	0.01919	G
362	0.04505	0.04537	A
363	0.04858	0.0488	A
364	0.01235	0.01417	T
365	0.06384	0.06692	C
366	0.04564	0.04649	A
367	0.03447	0.03492	A
368	0.06448	0.06999	C
369	0.03769	0.04034	A
370	0.05841	0.07263	C
371	0.03046	0.03046	A
372	0.04514	0.04701	A
373	0.06154	0.06359	C
374	0.03877	0.04128	C
375	0.02608	0.03683	A
376	0.05917	0.05933	C
377	0.05698	0.05734	C
378	0.04977	0.05265	C
379	0.03427	0.04942	A
380	0.07025	0.07729	C
381	0.04865	0.07767	A
382	0.00827	0.00887	G
383	0.0695	0.06977	C
384	0.03589	0.03618	C
385	0.00854	0.0101	T
386	0.03	0.03048	A
387	0.04815	0.04871	A
388	0.00838	0.00846	T
389	0.00992	0.01025	T
390	0.03545	0.08212	A
391	0.0103	0.01036	T
392	0.01094	0.01123	T
393	0.04754	0.07022	A
394	0.01159	0.01307	G
395	0.06741	0.07058	C
396	0.06604	0.06728	A
397	0.01258	0.01452	T
398	0.07772	0.08454	C
399	0.05807	0.06877	A
400	0.01604	0.01876	T
401	0.08141	0.08445	C
402	0.06089	0.063	C
403	0.05117	0.05283	C
404	0.01113	0.01225	T
405	0.07016	0.0729	C
406	0.01095	0.0118	T
407	0.05996	0.06302	A
408	0.06274	0.07465	C
409	0.00896	0.00969	T
410	0.01326	0.01667	A
411	0.00168	0.00185	T
412	0.00162	0.00165	T
413	0.00285	0.00286	T
414	0.00415	0.00416	T
415	0.00394	0.00394	T
416	0.00673	0.00684	T
417	0.05503	0.05695	A
418	0.06004	0.06082	A
419	0.10635	0.1081	C
420	0.04954	0.0508	C
421	0.02814	0.02878	A
422	0.0446	0.04564	A
423	0.0535	0.05562	A
424	0.01099	0.01479	T
425	0.0719	0.07524	C
426	0.04067	0.04178	A
427	0.04269	0.04337	A
428	0.06671	0.0759	C
429	0.04227	0.04272	A
430	0.04314	0.04624	A
431	0.07159	0.08004	C
432	0.04991	0.05009	A
433	0.05407	0.05678	A
434	0.09346	0.09426	C
435	0.04505	0.04849	C
436	0.00675	0.00713	T
437	0.06276	0.06666	A
438	0.00709	0.00711	T
439	0.00849	0.00851	T
440	0.01167	0.01175	T
441	0.04986	0.06258	A
442	0.00896	0.00919	G
443	0.05291	0.05366	C
444	0.00913	0.00924	T
445	0.00903	0.01609	G
446	0.01092	0.011	T
447	0.01009	0.01029	T
448	0.06112	0.06148	C
449	0.05335	0.05351	C
450	0.04271	0.04281	C
451	0.05731	0.05836	C
452	0.02482	0.02987	A
453	0.04042	0.04148	A
454	0.075	0.07531	C
455	0.04785	0.04818	C
456	0.00457	0.00488	T
457	0.00451	0.00455	T
458	0.00953	0.00963	T
459	0.00896	0.00898	T
460	0.05632	0.05712	C
461	0.04587	0.04744	C
462	0.01322	0.01515	T
463	0.06018	0.06037	C
464	0.04825	0.04926	C
465	0.01358	0.01981	G
466	0.05434	0.05863	A
467	0.03515	0.03539	C
468	0.03262	0.03301	C
469	0.03316	0.03366	C
470	0.03468	0.0348	C
471	0.02457	0.02469	C
472	0.00821	0.00952	T
473	0.03067	0.03182	A
474	0.02937	0.0308	A
475	0.04464	0.0478	C
476	0.02082	0.02144	A
477	0.02418	0.0288	A
478	0.03357	0.03415	C
479	0.01937	0.02034	C
480	0.02583	0.02638	C
481	0.02587	0.02602	C
482	0.02108	0.02121	C
483	0.01907	0.01926	C
484	0.00632	0.00728	T
485	0.02507	0.02511	C
486	0.01579	0.01619	C
487	0.00484	0.00539	T
488	0.02509	0.02595	A
489	0.02354	0.02421	A
490	0.00693	0.00754	T
491	0.0342	0.03478	A
492	0.0501	0.05335	C
493	0.00828	0.00977	T
494	0.03149	0.03171	A
495	0.03667	0.03824	A
496	0.05332	0.06	C
497	0.00872	0.00923	T
498	0.04524	0.04863	A
499	0.0723	0.07293	C
500	0.03641	0.03878	C
501	0.00713	0.00916	T
502	0.00804	0.01022	G
503	0.03771	0.04047	A
504	0.04158	0.04265	C
505	0.01089	0.01163	T
506	0.04668	0.04699	C
507	0.02334	0.02481	C
508	0.03385	0.03692	T
509	0.03081	0.03781	A
510	0.04537	0.0457	C
511	0.03843	0.03949	C
512	0.02252	0.02297	C
513	0.02127	0.0221	C
514	0.01037	0.01206	T
515	0.03345	0.03467	C
516	0.02299	0.0245	A
517	0.05579	0.05879	C
518	0.02479	0.02569	A
519	0.03227	0.03312	A
520	0.00852	0.01087	T
521	0.04922	0.05038	C
522	0.05273	0.05891	A
523	0.00617	0.00672	T
524	0.00364	0.00378	G
525	0.00396	0.00408	G
526	0.01089	0.01296	C
527	0.04295	0.04376	A
528	0.05324	0.0539	A
529	0.01021	0.01271	G
530	0.05772	0.05804	C
531	0.04951	0.04997	C
532	0.03309	0.03374	A
533	0.04808	0.04855	A
534	0.06889	0.07511	C
535	0.00528	0.00557	G
536	0.00675	0.00675	C
537	0.00576	0.0058	C
538	0.01803	0.02569	A
539	0.09345	0.09572	C
540	0.00993	0.01032	T
541	0.0092	0.00952	T
542	0.01829	0.04307	A
543	0.01103	0.01241	T
544	0.0606	0.0615	C
545	0.04238	0.04287	C
546	0.03163	0.05055	A
547	0.00847	0.00879	G
548	0.00669	0.00708	T
549	0.00865	0.01135	G
550	0.02782	0.02946	A
551	0.05176	0.05221	A
552	0.08812	0.08906	C
553	0.04283	0.04381	C
554	0.02231	0.04032	A
555	0.05605	0.05871	C
556	0.01229	0.01423	T
557	0.05118	0.05292	A
558	0.01173	0.01312	T
559	0.03565	0.03976	C
560	0.02153	0.02209	A
561	0.06137	0.06435	C
562	0.02904	0.03268	G
563	0.00378	0.00438	A
564	0.00196	0.00225	A
565	0.00546	0.00568	A
566	0.01523	0.01533	A
567	0.01141	0.01161	A
568	0.01414	0.01421	A
569	0.01979	0.01984	A
570	0.06635	0.07366	C
571	0.01278	0.01347	T
572	0.03646	0.03814	C
573	0.01272	0.01469	T
574	0.0327	0.03482	A
575	0.10669	0.10994	C
576	0.02873	0.03139	C
577	0.00904	0.00968	T
578	0.03154	0.03357	C
579	0.00866	0.00906	T
580	0.04321	0.04527	C
581	0.00753	0.00784	T
582	0.03798	0.04139	A
583	0.00911	0.01058	T
584	0.03474	0.03665	A
585	0.05202	0.05831	C
586	0.0114	0.01266	T
587	0.03352	0.03383	A
588	0.03402	0.03827	A
589	0.01272	0.01394	T
590	0.0491	0.05346	C
591	0.01568	0.01738	T
592	0.04983	0.05045	C
593	0.04176	0.04184	C
594	0.02715	0.02853	C
595	0.00725	0.00818	T
596	0.02579	0.02762	A
597	0.05273	0.05447	C
598	0.0214	0.02177	A
599	0.02538	0.02573	A
600	0.0242	0.02548	A
601	0.00849	0.00934	T
602	0.03299	0.03409	C
603	0.00742	0.00844	T
604	0.0298	0.02983	C
605	0.02766	0.02942	C
606	0.00722	0.00744	T
607	0.00693	0.00717	T
608	0.01358	0.0151	A
609	0.02979	0.03026	A
610	0.00664	0.00682	T
611	0.00621	0.00656	T
612	0.02733	0.04613	A
613	0.00698	0.00903	T
614	0.03968	0.03974	A
615	0.03177	0.03332	A
616	0.05813	0.06072	C
617	0.03889	0.03978	A
618	0.00637	0.0066	T
619	0.00859	0.009	T
620	0.05312	0.0573	C
621	0.03249	0.03842	A
622	0.03925	0.0434	C
623	0.02741	0.0328	A
624	0.01751	0.01915	G
625	0.05186	0.05249	C
626	0.03598	0.03702	C
627	0.02312	0.03553	A
628	0.03499	0.03734	C
629	0.04133	0.04613	A
630	0.00929	0.01117	G
631	0.02976	0.03008	A
632	0.03583	0.03659	A
633	0.05038	0.05337	C
634	0.00745	0.00833	T
635	0.02756	0.02778	A
636	0.03887	0.03997	A
637	0.00749	0.00814	T
638	0.06213	0.06601	C
639	0.04195	0.04623	A
640	0.00691	0.00746	T
641	0.02931	0.03126	A
642	0.00337	0.00338	T
643	0.00544	0.00553	T
644	0.00414	0.00419	T
645	0.0053	0.00535	T
646	0.07734	0.09924	A
647	0.0093	0.00983	T
648	0.08196	0.08884	A
649	0.00767	0.00788	T
650	0.0991	0.10572	C
651	0.00778	0.00778	T
652	0.00718	0.00732	T
653	0.08864	0.12943	C
654	0.00838	0.00838	T
655	0.012	0.01219	T
656	0.08608	0.0991	C
657	0.01795	0.02213	G
658	0.03285	0.03486	A
659	0.04651	0.04697	A
660	0.06619	0.06637	A
661	0.08381	0.08516	C
662	0.05378	0.05484	C
663	0.02765	0.05123	A
664	0.07415	0.07759	C
665	0.0339	0.03691	A
666	0.09338	0.0979	C
667	0.01041	0.01134	T
668	0.01129	0.01177	T
669	0.03746	0.06828	A
670	0.01602	0.01776	T
671	0.06543	0.07017	C
672	0.05334	0.05424	C
673	0.04945	0.04961	C
674	0.05248	0.05332	C
675	0.03691	0.04327	A
676	0.09184	0.09184	C
677	0.05223	0.05322	C
678	0.00926	0.01005	T
679	0.0078	0.00787	T
680	0.00533	0.00537	G
681	0.00412	0.00415	G
682	0.0159	0.01662	C
683	0.00516	0.00535	T
684	0.09294	0.09392	A
685	0.0057	0.00662	T
686	0.02183	0.02342	C
687	0.02122	0.02397	A
688	0.00523	0.00972	T
689	0.02144	0.02473	C
690	0.06972	0.07414	A
691	0.10028	0.1005	C
692	0.07597	0.07605	C
693	0.05703	0.05737	C
694	0.00554	0.00695	G
695	0.02778	0.02887	A
696	0.0061	0.0064	T
697	0.00568	0.00731	G
698	0.03089	0.03201	A
699	0.00619	0.00619	G
700	0.00641	0.00643	G
701	0.07194	0.07451	C
702	0.05457	0.0559	A
703	0.05879	0.05944	A
704	0.1141	0.11484	C
705	0.06355	0.06392	C
706	0.02526	0.03893	A
707	0.00748	0.00787	G
708	0.02328	0.02331	C
709	0.01809	0.01851	C
710	0.03198	0.06052	A
711	0.0157	0.01965	G
712	0.06643	0.06735	A
713	0.07165	0.07478	A
714	0.09911	0.11011	C
715	0.00572	0.00589	G
716	0.0031	0.0031	C
717	0.00209	0.00213	C
718	0.00235	0.00273	T
719	0.00742	0.00929	G
720	0.08813	0.08975	A
721	0.06759	0.0683	A
722	0.14529	0.15126	C
723	0.01857	0.01966	G
724	0.01712	0.01949	C
725	0.00824	0.00905	A
726	0.00627	0.00638	G
727	0.00677	0.00692	G
728	0.00439	0.00464	C
729	0.0461	0.04742	A
730	0.12071	0.1219	C
731	0.04378	0.04544	A
732	0.01242	0.01313	T
733	0.05008	0.05065	A
734	0.11609	0.12062	C
735	0.01158	0.01205	T
736	0.00821	0.00821	T
737	0.08867	0.08889	C
738	0.04597	0.04736	C
739	0.00922	0.00989	T
740	0.07959	0.08776	A
741	0.01106	0.01118	T
742	0.01251	0.01291	T
743	0.06995	0.08336	C
744	0.01286	0.01466	T
745	0.06423	0.07239	A
746	0.07913	0.08606	C
747	0.05312	0.058	A
748	0.08686	0.087	C
749	0.06077	0.06101	C
750	0.03536	0.03597	C
751	0.007	0.00731	T
752	0.03723	0.03849	A
753	0.00495	0.00527	G
754	0.00286	0.0032	T
755	0.01766	0.01862	A
756	0.00797	0.00808	G
757	0.00782	0.00818	G
758	0.10079	0.10593	C
759	0.01791	0.01945	T
760	0.06352	0.06373	C
761	0.06262	0.06264	C
762	0.05634	0.0594	C
763	0.0093	0.00982	T
764	0.01406	0.01454	T
765	0.05826	0.05844	C
766	0.0762	0.07675	C
767	0.01358	0.01371	C
768	0.00854	0.00864	C
769	0.00295	0.00349	T
770	0.01487	0.01603	A
771	0.01356	0.01386	C
772	0.00584	0.00731	T
773	0.08381	0.08738	C
774	0.04294	0.04961	A
775	0.01523	0.01658	T
776	0.05022	0.05196	C
777	0.01462	0.01589	G
778	0.04441	0.04582	C
779	0.02596	0.0263	A
780	0.04697	0.04857	C
781	0.0114	0.0132	T
782	0.03242	0.03288	A
783	0.03416	0.03487	A
784	0.00763	0.00777	T
785	0.0087	0.00891	T
786	0.00837	0.00845	T
787	0.04138	0.04623	A
788	0.064	0.06596	C
789	0.03487	0.03546	A
790	0.04358	0.0453	C
791	0.02502	0.02639	T
792	0.03793	0.03929	C
793	0.02264	0.02416	A
794	0.04152	0.04725	C
795	0.02516	0.02639	A
796	0.03086	0.03237	A
797	0.04221	0.05063	C
798	0.03288	0.03531	A
799	0.04829	0.0486	C
800	0.03852	0.03891	C
801	0.01814	0.01869	C
802	0.00958	0.01024	T
803	0.04459	0.04662	A
804	0.00597	0.00609	G
805	0.00594	0.00622	G
806	0.01054	0.01119	C
807	0.00773	0.00886	T
808	0.0131	0.01347	C
809	0.02511	0.02557	A
810	0.06345	0.06549	C
811	0.00782	0.0095	T
812	0.02809	0.02864	A
813	0.02798	0.02829	A
814	0.02887	0.02936	A
815	0.04723	0.05182	C
816	0.04414	0.0459	A
817	0.00716	0.00726	T
818	0.0085	0.00873	T
819	0.04272	0.04992	C
820	0.00969	0.01085	T
821	0.04963	0.05209	A
822	0.05621	0.06024	C
823	0.00953	0.01255	T
824	0.03751	0.04368	A
825	0.05169	0.0561	C
826	0.01828	0.01973	T
827	0.04382	0.04962	C
828	0.04208	0.04314	A
829	0.05074	0.05353	C
830	0.01405	0.01428	T
831	0.05833	0.06156	C
832	0.01751	0.01901	T
833	0.04734	0.04979	C
834	0.03672	0.03829	A
835	0.04983	0.05191	C
836	0.03768	0.0392	T
837	0.01405	0.01525	G
838	0.0475	0.04753	C
839	0.04254	0.04271	C
840	0.03372	0.03388	C
841	0.01736	0.0176	A
842	0.0289	0.02924	A
843	0.00604	0.00859	G
844	0.02521	0.0253	A
845	0.032	0.03241	A
846	0.0546	0.05727	C
847	0.0107	0.01126	T
848	0.04285	0.04359	A
849	0.01107	0.0127	T
850	0.05902	0.06112	C
851	0.04244	0.04303	A
852	0.03526	0.03666	A
853	0.03732	0.0376	A
854	0.05983	0.06979	C
855	0.00723	0.00774	T
856	0.06195	0.06224	C
857	0.04731	0.04875	C
858	0.00643	0.00761	T
859	0.00397	0.00548	G
860	0.01679	0.01769	A
861	0.00727	0.00763	G
862	0.0118	0.01194	C
863	0.0151	0.01534	C
864	0.04347	0.04385	A
865	0.03904	0.03927	A
866	0.07883	0.08389	C
867	0.03005	0.03015	A
868	0.02772	0.02803	A
869	0.06083	0.06584	C
870	0.00969	0.01035	T
871	0.011	0.01143	T
872	0.04319	0.04401	A
873	0.06031	0.06097	A
874	0.01115	0.01182	T
875	0.06548	0.06797	A
876	0.01109	0.0115	T
877	0.00923	0.01018	G
878	0.06603	0.06693	A
879	0.09723	0.09923	C
880	0.00963	0.00991	T
881	0.04172	0.04308	A
882	0.00565	0.00603	G
883	0.03067	0.03185	C
884	0.00592	0.0064	T
885	0.00809	0.00841	T
886	0.03713	0.06188	A
887	0.09528	0.09891	C
888	0.04795	0.0493	A
889	0.10712	0.11072	C
890	0.05262	0.05294	A
891	0.05066	0.05264	A
892	0.01014	0.01173	T
893	0.03272	0.03352	A
894	0.0054	0.00585	G
895	0.05438	0.05616	C
896	0.00316	0.0032	T
897	0.00626	0.0063	T
898	0.00675	0.00677	T
899	0.00941	0.0095	T
900	0.1184	0.14383	A
901	0.01217	0.01236	T
902	0.08112	0.0853	A
903	0.00657	0.00705	G
904	0.0033	0.00397	T
905	0.02452	0.02462	A
906	0.02971	0.02978	A
907	0.0286	0.02923	A
908	0.00682	0.0077	G
909	0.08236	0.09118	A
910	0.01632	0.01736	T
911	0.07621	0.07705	A
912	0.10104	0.10268	C
913	0.0557	0.05688	C
914	0.00471	0.00521	T
915	0.0403	0.04065	C
916	0.00322	0.00326	T
917	0.0043	0.00431	T
918	0.00419	0.00422	T
919	0.03361	0.03705	A
920	0.04632	0.04741	C
921	0.01038	0.01053	G
922	0.00784	0.00828	G
923	0.05534	0.06788	A
924	0.06367	0.065	C
925	0.01575	0.01702	T
926	0.06122	0.0617	C
927	0.04821	0.0492	C
928	0.02958	0.04251	A
929	0.12005	0.12594	C
930	0.01019	0.01088	T
931	0.01181	0.01215	T
932	0.04441	0.07744	A
933	0.0127	0.01313	T
934	0.00874	0.01044	G
935	0.06248	0.06468	A
936	0.07226	0.07603	C
937	0.01074	0.01293	T
938	0.07771	0.07859	C
939	0.07202	0.07208	C
940	0.05725	0.05858	C
941	0.00887	0.01101	T
942	0.03419	0.03551	A
943	0.04487	0.04532	A
944	0.09526	0.09651	A
945	0.01006	0.0113	G
946	0.02578	0.02594	C
947	0.02163	0.02164	C
948	0.0215	0.02157	C
949	0.02315	0.03562	A
950	0.01336	0.01367	T
951	0.00705	0.00736	G
952	0.01849	0.01918	T
953	0.02967	0.02997	C
954	0.01015	0.01314	G
955	0.03669	0.03814	A
956	0.09626	0.1006	A
957	0.01695	0.01941	G
958	0.06226	0.06355	C
959	0.02694	0.02722	C
960	0.04734	0.04756	C
961	0.05036	0.05046	C
962	0.03873	0.03883	C
963	0.06715	0.07972	A
964	0.00611	0.00665	T
965	0.04403	0.04455	C
966	0.00738	0.00754	G
967	0.0349	0.03595	C
968	0.00457	0.00498	T
969	0.00263	0.00267	G
970	0.00355	0.00356	G
971	0.00514	0.00515	G
972	0.00405	0.0049	T
973	0.06	0.06021	C
974	0.03847	0.03866	A
975	0.03853	0.03857	A
976	0.01179	0.012	T
977	0.03517	0.03615	A
978	0.00635	0.00669	G
979	0.00267	0.0028	T
980	0.01512	0.0154	A
981	0.01924	0.01976	C
982	0.00575	0.00581	T
983	0.01761	0.01764	T
984	0.0091	0.01094	G
985	0.059	0.05924	C
986	0.04131	0.04158	C
987	0.00771	0.01167	G
988	0.05256	0.0532	C
989	0.05344	0.05504	A
990	0.00703	0.0072	G
991	0.00221	0.00257	T
992	0.01394	0.01442	A
993	0.01867	0.01915	C
994	0.00471	0.00493	T
995	0.10368	0.10607	C
996	0.00707	0.00711	T
997	0.00719	0.00729	T
998	0.79031	0.79055	A
999	0.05898	0.05908	A
1000	0.04905	0.04933	A
1001	0.06369	0.06393	A
1002	0.08853	0.10237	C
1003	0.00916	0.00993	T
1004	0.06028	0.0651	A
1005	0.00855	0.00924	G
1006	0.00645	0.00664	G
1007	0.13151	0.13708	C
1008	0.00433	0.00436	G
1009	0.00448	0.00452	G
1010	0.01851	0.01944	C
1011	0.00663	0.00691	T
1012	0.03954	0.04029	A
1013	0.00749	0.00764	T
1014	0.00657	0.00661	G
1015	0.00554	0.00556	G
1016	0.00682	0.00725	T
1017	0.03675	0.03774	A
1018	0.00853	0.00929	T
1019	0.06147	0.06157	A
1020	0.04209	0.0504	A
1021	0.00958	0.01075	T
1022	0.06555	0.07397	A
1023	0.10078	0.11393	C
1024	0.00814	0.00875	G
1025	0.03403	0.0341	C
1026	0.01589	0.01635	C
1027	0.01288	0.01867	T
1028	0.03925	0.04093	C
1029	0.04194	0.04761	A
1030	0.09544	0.10156	C
1031	0.04155	0.04249	A
1032	0.07919	0.08449	C
1033	0.00911	0.00986	T
1034	0.06025	0.06286	C
1035	0.0582	0.06369	A
1036	0.01217	0.01249	T
1037	0.01094	0.01142	T
1038	0.05712	0.06384	C
1039	0.01233	0.01386	T
1040	0.06068	0.06634	C
1041	0.0257	0.02694	A
1042	0.0329	0.03543	A
1043	0.04685	0.04724	C
1044	0.02552	0.02617	C
1045	0.02437	0.02468	C
1046	0.02196	0.02206	C
1047	0.0207	0.02093	C
1048	0.00675	0.00831	T
1049	0.00547	0.0063	G
1050	0.02289	0.02328	A
1051	0.05578	0.06003	C
1052	0.02602	0.02639	A
1053	0.01521	0.01534	A
1054	0.02647	0.02651	A
1055	0.01802	0.01814	A
1056	0.05109	0.05803	C
1057	0.02021	0.02105	A
1058	0.03848	0.03994	C
1059	0.02414	0.02693	A
1060	0.00671	0.00819	T
1061	0.03541	0.03623	A
1062	0.00554	0.00586	G
1063	0.02736	0.02763	C
1064	0.01625	0.0166	C
1065	0.01513	0.0177	T
1066	0.03326	0.03818	A
1067	0.03576	0.03634	C
1068	0.04128	0.04231	C
1069	0.03237	0.03297	C
1070	0.0351	0.03629	C
1071	0.00761	0.00807	T
1072	0.00732	0.00755	T
1073	0.04986	0.04988	C
1074	0.04686	0.04714	C
1075	0.00585	0.0059	T
1076	0.00823	0.00833	T
1077	0.00586	0.00799	G
1078	0.00863	0.00914	T
1079	0.06883	0.07169	A
1080	0.05901	0.06232	C
1081	0.00717	0.00803	T
1082	0.03538	0.04396	A
1083	0.00984	0.0115	T
1084	0.05523	0.05676	C
1085	0.04422	0.04437	C
1086	0.03109	0.03156	C
1087	0.00668	0.00725	T
1088	0.05468	0.05636	A
1089	0.00848	0.00887	T
1090	0.01233	0.01429	G
1091	0.0191	0.0199	A
1092	0.00419	0.00424	G
1093	0.00395	0.00431	G
1094	0.02624	0.02688	C
1095	0.02876	0.02921	A
1096	0.00683	0.00828	T
1097	0.02336	0.02336	A
1098	0.03128	0.03421	A
1099	0.00769	0.0079	T
1100	0.00962	0.01007	T
1101	0.02201	0.04226	A
1102	0.01076	0.01335	T
1103	0.04301	0.04302	A
1104	0.04021	0.04176	A
1105	0.07311	0.07647	C
1106	0.03848	0.03848	A
1107	0.05039	0.05217	A
1108	0.00809	0.00903	G
1109	0.04945	0.05132	C
1110	0.01406	0.01507	T
1111	0.05131	0.05142	C
1112	0.03565	0.03699	C
1113	0.0417	0.05255	A
1114	0.0104	0.01131	T
1115	0.04851	0.04927	C
1116	0.01734	0.01809	T
1117	0.00615	0.00675	G
1118	0.04362	0.04378	C
1119	0.02038	0.02105	C
1120	0.017	0.01781	T
1121	0.03431	0.03689	A
1122	0.05309	0.0544	C
1123	0.00948	0.01064	G
1124	0.02965	0.03026	A
1125	0.0652	0.07101	C
1126	0.03892	0.0399	A
1127	0.04128	0.04155	A
1128	0.03946	0.04077	A
1129	0.07912	0.08989	C
1130	0.04965	0.05508	A
1131	0.00901	0.01026	G
1132	0.03384	0.0342	A
1133	0.07224	0.0726	C
1134	0.03631	0.03742	C
1135	0.01489	0.01698	T
1136	0.02568	0.02635	A
1137	0.01282	0.01295	A
1138	0.04304	0.04344	A
1139	0.05672	0.05717	A
1140	0.01402	0.01611	T
1141	0.06605	0.06744	C
1142	0.01127	0.01169	G
1143	0.03308	0.03387	C
1144	0.00724	0.00848	T
1145	0.07361	0.07483	C
1146	0.0475	0.05318	A
1147	0.00841	0.00856	T
1148	0.00888	0.00909	T
1149	0.00527	0.00717	G
1150	0.05575	0.05785	C
1151	0.04807	0.05052	A
1152	0.01215	0.01298	T
1153	0.05841	0.06121	A
1154	0.07482	0.07803	C
1155	0.01093	0.01123	T
1156	0.06926	0.07192	C
1157	0.01114	0.01123	T
1158	0.00848	0.00857	T
1159	0.05994	0.06314	C
1160	0.03514	0.03644	A
1161	0.04185	0.04275	A
1162	0.00916	0.01656	T
1163	0.05954	0.06197	C
1164	0.04219	0.04539	A
1165	0.01219	0.01316	G
1166	0.04131	0.0418	C
1167	0.04925	0.05024	C
1168	0.02621	0.03163	A
1169	0.06258	0.06574	C
1170	0.05186	0.06132	A
1171	0.01039	0.01238	T
1172	0.05745	0.06085	A
1173	0.00828	0.00917	G
1174	0.04824	0.04859	C
1175	0.04222	0.04231	C
1176	0.04016	0.0405	C
1177	0.00641	0.00717	T
1178	0.05998	0.06016	C
1179	0.00759	0.00866	G
1180	0.00563	0.00622	T
1181	0.03554	0.03634	A
1182	0.00854	0.01055	G
1183	0.01402	0.01665	T
1184	0.06225	0.06261	A
1185	0.05643	0.05958	A
1186	0.06889	0.07282	C
1187	0.05005	0.05131	A
1188	0.00965	0.01036	G
1189	0.07011	0.07077	C
1190	0.05635	0.05694	C
1191	0.0543	0.05897	A
1192	0.01218	0.01257	T
1193	0.0117	0.01191	T
1194	0.07341	0.08215	C
1195	0.01521	0.01724	T
1196	0.06771	0.07454	C
1197	0.04242	0.04812	A
1198	0.01799	0.02196	T
1199	0.06311	0.06436	C
1200	0.04693	0.04956	C
1201	0.0234	0.02494	A
1202	0.03838	0.0413	A
1203	0.05468	0.05824	A
1204	0.04243	0.04496	C
1205	0.03366	0.03462	C
1206	0.03773	0.0387	C
1207	0.04433	0.04474	C
1208	0.04317	0.04336	C
1209	0.00905	0.01151	T
1210	0.00856	0.01148	G
1211	0.05495	0.05562	A
1212	0.06928	0.06972	A
1213	0.00761	0.00859	G
1214	0.05265	0.05476	C
1215	0.00691	0.00703	T
1216	0.00961	0.00977	T
1217	0.04901	0.05436	C
1218	0.04616	0.04814	A
1219	0.09496	0.09501	C
1220	0.06343	0.06417	C
1221	0.00583	0.00612	G
1222	0.00713	0.00722	G
1223	0.02656	0.0272	C
1224	0.01131	0.01344	G
1225	0.09241	0.09565	C
1226	0.04451	0.04658	A
1227	0.00766	0.00792	G
1228	0.00882	0.00942	T
1229	0.06392	0.06511	C
1230	0.05366	0.05468	A
1231	0.01168	0.01176	T
1232	0.01394	0.01418	T
1233	0.07508	0.08371	C
1234	0.01271	0.01603	T
1235	0.06581	0.07015	C
1236	0.04392	0.04855	A
1237	0.01147	0.01333	T
1238	0.0493	0.05039	A
1239	0.05473	0.06118	A
1240	0.02643	0.028	T
1241	0.04748	0.0535	C
1242	0.0103	0.01119	G
1243	0.03268	0.03277	C
1244	0.03312	0.03314	C
1245	0.04707	0.04729	C
1246	0.02955	0.038	A
1247	0.05505	0.05761	C
1248	0.00563	0.00675	G
1249	0.00237	0.00242	G
1250	0.59171	0.59182	G
1251	0.03846	0.03859	C
1252	0.00763	0.00782	T
1253	0.00964	0.01544	T
1254	0.02333	0.03489	A
1255	0.05091	0.0551	C
1256	0.05584	0.05821	A
1257	0.00812	0.00896	T
1258	0.02982	0.03012	C
1259	0.02222	0.02279	C
1260	0.00866	0.01206	T
1261	0.04485	0.04663	C
1262	0.03402	0.03998	A
1263	0.00916	0.00932	T
1264	0.00842	0.00897	T
1265	0.02849	0.0553	A
1266	0.06074	0.06456	C
1267	0.00871	0.00933	T
1268	0.05658	0.06437	A
1269	0.00817	0.00821	T
1270	0.00874	0.00904	T
1271	0.04257	0.05477	C
1272	0.02383	0.02455	T
1273	0.00677	0.00735	G
1274	0.05132	0.0515	C
1275	0.03294	0.03407	C
1276	0.01174	0.0133	T
1277	0.04704	0.04906	A
1278	0.00901	0.00997	G
1279	0.04449	0.04899	C
1280	0.03327	0.03433	A
1281	0.03517	0.0357	A
1282	0.0346	0.03487	A
1283	0.05703	0.06351	C
1284	0.01007	0.01238	T
1285	0.05112	0.05392	C
1286	0.03367	0.03592	A
1287	0.03299	0.0337	A
1288	0.03737	0.03764	A
1289	0.04884	0.05692	C
1290	0.00878	0.00925	T
1291	0.0367	0.03833	A
1292	0.06256	0.06409	C
1293	0.0104	0.01222	G
1294	0.02828	0.02871	A
1295	0.04766	0.04903	A
1296	0.07948	0.0821	C
1297	0.01293	0.01348	G
1298	0.02721	0.02878	C
1299	0.03308	0.03356	A
1300	0.04491	0.04637	C
1301	0.01493	0.01757	T
1302	0.06591	0.06793	C
1303	0.04003	0.044	A
1304	0.07305	0.07544	C
1305	0.03801	0.04333	A
1306	0.00959	0.01068	G
1307	0.01392	0.0147	T
1308	0.07206	0.07264	C
1309	0.00799	0.00856	G
1310	0.03326	0.03729	C
1311	0.03997	0.04069	A
1312	0.01091	0.01346	T
1313	0.05854	0.06063	C
1314	0.04943	0.05294	A
1315	0.01013	0.01251	T
1316	0.04854	0.04895	A
1317	0.05976	0.07051	A
1318	0.00654	0.00766	T
1319	0.06732	0.07096	C
1320	0.03258	0.03411	C
1321	0.00696	0.00777	T
1322	0.06899	0.07079	C
1323	0.01224	0.01322	T
1324	0.06652	0.06863	C
1325	0.0127	0.01527	T
1326	0.08215	0.0848	C
1327	0.04636	0.04984	A
1328	0.04048	0.04102	A
1329	0.00385	0.00397	G
1330	0.00402	0.00419	G
1331	0.02494	0.03383	A
1332	0.07566	0.07771	C
1333	0.00865	0.00888	T
1334	0.01007	0.01032	T
1335	0.06358	0.06999	C
1336	0.04961	0.0511	A
1337	0.04686	0.04744	A
1338	0.05986	0.06048	A
1339	0.06037	0.06895	C
1340	0.00922	0.00975	T
1341	0.0643	0.0673	C
1342	0.01082	0.01214	T
1343	0.04299	0.05195	A
1344	0.06209	0.06875	C
1345	0.01364	0.01584	T
1346	0.07613	0.07624	C
1347	0.05449	0.05485	C
1348	0.04865	0.05151	C
1349	0.02778	0.03569	A
1350	0.05651	0.05991	C
1351	0.00893	0.01019	T
1352	0.06145	0.06212	A
1353	0.06542	0.06915	A
1354	0.0107	0.01179	T
1355	0.06517	0.06705	A
1356	0.01608	0.01815	G
1357	0.11496	0.11716	C
1358	0.00325	0.00329	T
1359	0.00277	0.00283	T
1360	0.00487	0.0049	T
1361	0.00671	0.00671	T
1362	0.0073	0.00731	T
1363	0.02195	0.02585	G
1364	0.08021	0.08374	A
1365	0.01213	0.01278	T
1366	0.00744	0.00798	G
1367	0.04755	0.04909	A
1368	0.07387	0.07858	C
1369	0.00754	0.00759	T
1370	0.00894	0.0091	T
1371	0.05836	0.0685	C
1372	0.01018	0.01043	T
1373	0.05984	0.06377	A
1374	0.00969	0.01012	G
1375	0.05066	0.05725	C
1376	0.03898	0.03966	A
1377	0.05028	0.05399	A
1378	0.00956	0.01098	G
1379	0.07094	0.07158	C
1380	0.0344	0.03585	C
1381	0.01122	0.01258	T
1382	0.06778	0.06874	C
1383	0.00697	0.00786	G
1384	0.05226	0.05541	C
1385	0.0078	0.00889	T
1386	0.03939	0.04072	A
1387	0.0583	0.05892	A
1388	0.1106	0.11163	C
1389	0.03784	0.04024	C
1390	0.01635	0.02009	T
1391	0.07201	0.07555	C
1392	0.00783	0.01041	G
1393	0.06014	0.06017	C
1394	0.04972	0.05037	C
1395	0.01219	0.01238	T
1396	0.01632	0.01825	T
1397	0.03773	0.04512	A
1398	0.03961	0.04033	C
1399	0.0361	0.0368	C
1400	0.02888	0.0296	C
1401	0.02636	0.02656	C
1402	0.03385	0.03398	C
1403	0.0276	0.0278	C
1404	0.01905	0.02519	A
1405	0.04121	0.04249	C
1406	0.00562	0.00617	T
1407	0.04465	0.04681	A
1408	0.00852	0.0086	T
1409	0.00733	0.00813	T
1410	0.02458	0.02507	A
1411	0.03863	0.03932	A
1412	0.07797	0.07913	C
1413	0.03721	0.03813	C
1414	0.00729	0.00802	T
1415	0.04636	0.04782	A
1416	0.0687	0.07028	C
1417	0.00819	0.00915	T
1418	0.0043	0.00449	G
1419	0.00309	0.00309	G
1420	0.00271	0.00274	G
1421	0.01237	0.01429	A
1422	0.0051	0.00551	G
1423	0.01669	0.01677	A
1424	0.01378	0.01417	A
1425	0.01817	0.01967	C
1426	0.00696	0.00716	T
1427	0.06765	0.06889	C
1428	0.01076	0.01088	T
1429	0.0544	0.05555	C
1430	0.00858	0.00887	T
1431	0.00592	0.00727	G
1432	0.00955	0.01002	T
1433	0.00613	0.00643	G
1434	0.05562	0.0573	C
1435	0.02028	0.02039	T
1436	0.05276	0.05395	A
1437	0.00728	0.00799	G
1438	0.00864	0.01095	T
1439	0.0374	0.03763	A
1440	0.05952	0.06093	A
1441	0.0776	0.07877	C
1442	0.04326	0.04354	C
1443	0.02897	0.03617	A
1444	0.06793	0.06913	C
1445	0.00568	0.006	G
1446	0.00254	0.00257	T
1447	0.0024	0.00242	T
1448	0.00997	0.01228	C
1449	0.00229	0.00247	T
1450	0.00489	0.00489	C
1451	0.00334	0.0035	C
1452	0.00543	0.00606	T
1453	0.00547	0.00908	G
1454	0.0392	0.03968	A
1455	0.00953	0.0099	T
1456	0.07398	0.07546	C
1457	0.03119	0.0317	A
1458	0.04149	0.04419	A
1459	0.04337	0.0444	A
1460	0.01068	0.01196	T
1461	0.05233	0.05392	A
1462	0.01192	0.01385	T
1463	0.06265	0.06501	C
1464	0.06863	0.0703	A
1465	0.06345	0.06849	C
1466	0.01279	0.01331	T
1467	0.05703	0.05799	C
1468	0.00644	0.00714	T
1469	0.03268	0.03269	C
1470	0.01545	0.01773	C
1471	0.00689	0.00753	T
1472	0.03328	0.03562	A
1473	0.06661	0.06939	C
1474	0.0088	0.00912	T
1475	0.00726	0.00825	T
1476	0.02592	0.04535	A
1477	0.0577	0.05889	C
1478	0.02507	0.02673	A
1479	0.00434	0.00472	G
1480	0.00366	0.00379	G
1481	0.02148	0.02673	A
1482	0.08037	0.08157	C
1483	0.00751	0.00855	T
1484	0.03884	0.04088	C
1485	0.02369	0.02442	A
1486	0.02493	0.02549	A
1487	0.04965	0.05155	C
1488	0.03793	0.03997	A
1489	0.00725	0.00828	T
1490	0.03652	0.03701	A
1491	0.04941	0.0516	C
1492	0.00947	0.00989	T
1493	0.03184	0.03326	A
1494	0.00542	0.00575	G
1495	0.00791	0.00899	T
1496	0.04039	0.04103	C
1497	0.03031	0.03522	A
1498	0.05006	0.05377	C
1499	0.0224	0.02874	A
1500	0.0071	0.00781	G
1501	0.04033	0.04046	C
1502	0.01638	0.01641	C
1503	0.0113	0.01137	C
1504	0.00444	0.00494	T
1505	0.02892	0.03027	A
1506	0.00725	0.00821	T
1507	0.03861	0.04064	A
1508	0.04399	0.04824	C
1509	0.01058	0.0115	T
1510	0.03565	0.03656	C
1511	0.03235	0.03238	C
1512	0.02121	0.02248	C
1513	0.00852	0.0091	T
1514	0.03794	0.03985	C
1515	0.01047	0.01113	T
1516	0.02533	0.02694	A
1517	0.0533	0.05435	C
1518	0.02206	0.02549	A
1519	0.00675	0.00702	T
1520	0.0301	0.03114	A
1521	0.00701	0.00708	T
1522	0.0073	0.0073	T
1523	0.00865	0.00884	T
1524	0.04373	0.04735	A
1525	0.05164	0.05206	C
1526	0.02801	0.02854	C
1527	0.01754	0.0249	A
1528	0.03593	0.04057	C
1529	0.02443	0.02464	A
1530	0.02024	0.0207	A
1531	0.04239	0.04812	C
1532	0.02351	0.02392	A
1533	0.04442	0.05095	C
1534	0.02647	0.0265	A
1535	0.02991	0.03107	A
1536	0.0103	0.01069	T
1537	0.00607	0.00608	G
1538	0.0031	0.0031	G
1539	0.00401	0.00401	G
1540	0.00504	0.00511	G
1541	0.01524	0.01942	C
1542	0.00766	0.00901	T
1543	0.05282	0.05376	C
1544	0.03207	0.03315	A
1545	0.05402	0.05605	C
1546	0.02264	0.02583	T
1547	0.04297	0.04529	C
1548	0.02695	0.02941	A
1549	0.04449	0.04449	C
1550	0.03984	0.03989	C
1551	0.02128	0.02341	C
1552	0.02318	0.0297	A
1553	0.04877	0.04877	C
1554	0.03344	0.03538	C
1555	0.01929	0.02269	A
1556	0.04005	0.04192	C
1557	0.02634	0.02844	A
1558	0.01373	0.01443	T
1559	0.01514	0.01622	T
1560	0.02735	0.02762	A
1561	0.03095	0.0318	A
1562	0.06056	0.06638	C
1563	0.02889	0.02897	A
1564	0.02758	0.02847	A
1565	0.05933	0.06377	C
1566	0.03215	0.0334	A
1567	0.01745	0.02272	T
1568	0.0252	0.02529	A
1569	0.01996	0.01996	A
1570	0.02909	0.02914	A
1571	0.03592	0.03699	A
1572	0.05629	0.06045	C
1573	0.03003	0.03028	C
1574	0.02759	0.02786	C
1575	0.01225	0.01412	T
1576	0.04037	0.04173	C
1577	0.03772	0.04261	A
1578	0.01344	0.01371	T
1579	0.01272	0.01358	T
1580	0.05635	0.06126	C
1581	0.04107	0.04273	A
1582	0.05564	0.05962	C
1583	0.03485	0.03565	A
1584	0.06525	0.06795	C
1585	0.00863	0.00989	G
1586	0.02481	0.02541	A
1587	0.01058	0.01205	G
1588	0.03434	0.03469	A
1589	0.02316	0.02331	A
1590	0.03862	0.03882	A
1591	0.0375	0.03782	A
1592	0.05822	0.06976	C
1593	0.0361	0.03716	A
1594	0.06722	0.06753	C
1595	0.03326	0.03328	C
1596	0.0272	0.02797	C
1597	0.01064	0.01192	T
1598	0.0385	0.0393	C
1599	0.03143	0.03417	A
1600	0.01148	0.012	T
1601	0.01079	0.01163	G
1602	0.00903	0.00911	T
1603	0.01257	0.01267	T
1604	0.06304	0.06544	C
1605	0.05909	0.06213	A
1606	0.01256	0.01377	T
1607	0.0401	0.0424	A
1608	0.05628	0.06029	C
1609	0.03485	0.03521	A
1610	0.10229	0.10395	C
1611	0.0193	0.0207	C
1612	0.01175	0.0128	T
1613	0.04303	0.04983	A
1614	0.02086	0.02301	T
1615	0.0404	0.04167	C
1616	0.02541	0.02559	C
1617	0.0353	0.03548	C
1618	0.03608	0.03611	C
1619	0.03204	0.03215	C
1620	0.04268	0.0468	A
1621	0.01123	0.01161	T
1622	0.0168	0.01822	T
1623	0.0433	0.05201	C
1624	0.01185	0.01368	T
1625	0.04551	0.0456	C
1626	0.02668	0.02832	C
1627	0.0108	0.01293	T
1628	0.06011	0.06016	C
1629	0.01806	0.02111	C
1630	0.0138	0.01524	T
1631	0.03977	0.04881	A
1632	0.0194	0.02217	T
1633	0.05198	0.0528	C
1634	0.02992	0.03014	C
1635	0.03187	0.03259	C
1636	0.0125	0.01487	T
1637	0.04512	0.04923	C
1638	0.02666	0.03107	A
1639	0.02999	0.03122	A
1640	0.05343	0.05387	C
1641	0.00339	0.00344	C
1642	0.00438	0.00443	C
1643	0.00901	0.00901	C
1644	0.00567	0.00675	G
1645	0.02807	0.02865	A
1646	0.04236	0.04265	C
1647	0.02915	0.02961	A
1648	0.0103	0.01235	T
1649	0.04128	0.04218	C
1650	0.03398	0.03637	A
1651	0.00934	0.00934	T
1652	0.00919	0.0096	T
1653	0.02389	0.03754	A
1654	0.04549	0.04597	C
1655	0.01664	0.01674	C
1656	0.00319	0.0032	G
1657	0.00308	0.00308	G
1658	0.0044	0.0044	G
1659	0.00407	0.00419	T
1660	0.00351	0.00351	T
1661	0.00814	0.00814	T
1662	0.00632	0.00632	T
1663	0.03264	0.03265	C
1664	0.0139	0.0139	C
1665	0.00828	0.00848	T
1666	0.01005	0.01049	C
1667	0.00562	0.00562	T
1668	0.00037	0.00037	T
1669	0.0	0.0	A
1670	0.0	0.0	A
