Position	Mismatches	Mismatches + Deletions	Base
1	0.0	0.0	A
2	0.0	0.0	A
3	0.0	0.0	T
4	0.0223	0.0223	A
5	0.0037	0.0037	G
6	0.00366	0.00366	G
7	0.0	0.0	T
8	0.00727	0.00727	T
9	0.00364	0.00364	T
10	0.00719	0.01079	G
11	0.00357	0.00357	G
12	0.0	0.0	T
13	0.05112	0.05112	C
14	0.00937	0.00937	C
15	0.0084	0.0084	T
16	0.39733	0.39733	A
17	0.0	0.0	G
18	0.01018	0.01018	C
19	0.04304	0.04304	C
20	0.0	0.0	T
21	0.00249	0.00249	T
22	0.0025	0.0025	T
23	0.05764	0.06015	C
24	0.00498	0.00498	T
25	0.09701	0.0995	A
26	0.00988	0.00988	T
27	0.00737	0.00737	T
28	0.09337	0.10565	A
29	0.00737	0.00737	G
30	0.04668	0.04668	C
31	0.00489	0.00489	T
32	0.1299	0.13235	C
33	0.0	0.0	T
34	0.00245	0.00245	T
35	0.02963	0.03951	A
36	0.0099	0.0099	G
37	0.0198	0.0198	T
38	0.05211	0.05211	A
39	0.05941	0.06188	A
40	0.00496	0.00496	G
41	0.05	0.055	A
42	0.01759	0.01759	T
43	0.00752	0.00752	T
44	0.05038	0.06801	A
45	0.06313	0.06313	C
46	0.02757	0.03008	A
47	0.06683	0.06931	C
48	0.0397	0.0397	A
49	0.00971	0.01214	T
50	0.00485	0.00971	G
51	0.03641	0.03883	C
52	0.03218	0.03218	A
53	0.05327	0.05811	A
54	0.01214	0.01214	G
55	0.02445	0.02689	C
56	0.03704	0.04198	A
57	0.00248	0.00248	T
58	0.03483	0.03483	C
59	0.00506	0.00506	C
60	0.00509	0.00509	C
61	0.01795	0.01795	C
62	0.0232	0.0232	G
63	0.00262	0.00262	T
64	0.01837	0.01837	T
65	0.02653	0.02653	C
66	0.0343	0.0343	C
67	0.02419	0.02957	A
68	0.0027	0.0027	G
69	0.0	0.0	T
70	0.00548	0.00548	G
71	0.00829	0.00829	A
72	0.00276	0.00276	G
73	0.0	0.0	T
74	0.00562	0.00562	T
75	0.05714	0.06	C
76	0.01429	0.01429	A
77	0.02006	0.02006	C
78	0.01462	0.01462	C
79	0.00599	0.00599	C
80	0.00923	0.00923	T
81	0.00617	0.00617	C
82	0.00313	0.00313	T
83	0.02581	0.02581	A
84	0.05751	0.0607	A
85	0.00319	0.00319	A
86	0.00649	0.00649	T
87	0.00333	0.00333	C
88	0.03691	0.03691	A
89	0.04437	0.04437	C
90	0.01724	0.02069	C
91	0.01742	0.02787	A
92	0.0493	0.0493	C
93	0.0	0.0	G
94	0.00358	0.00358	A
95	0.0036	0.0036	T
96	0.02222	0.02222	C
97	0.0	0.0	A
98	0.02941	0.02941	A
99	0.08679	0.08679	A
100	0.00755	0.00755	A
101	0.00385	0.00385	G
102	0.0	0.0	G
103	0.44	0.44	A
104	0.044	0.044	A
105	0.03265	0.03265	C
106	0.01681	0.01681	A
107	0.02479	0.02479	A
108	0.0	0.0	G
109	0.00418	0.00418	C
110	0.03478	0.03478	A
111	0.00446	0.00446	T
112	0.02691	0.02691	C
113	0.01794	0.01794	A
114	0.01732	0.01732	A
115	0.00901	0.02252	G
116	0.00905	0.00905	C
117	0.27442	0.27907	A
118	0.0262	0.0262	C
119	0.00437	0.00873	G
120	0.0	0.00444	C
121	0.02294	0.02752	A
122	0.0	0.0	G
123	0.12903	0.12903	C
124	0.03756	0.03756	A
125	0.06818	0.06818	A
126	0.00446	0.00446	T
127	0.01351	0.01351	G
128	0.0045	0.0045	C
129	0.03965	0.03965	A
130	0.00855	0.00855	G
131	0.00847	0.00847	C
132	0.00408	0.00408	T
133	0.02672	0.03435	C
134	0.01901	0.01901	A
135	0.01389	0.01389	A
136	0.04096	0.04096	A
137	0.02055	0.02055	A
138	0.04545	0.0487	C
139	0.0098	0.0098	G
140	0.00633	0.00633	C
141	0.0	0.0	T
142	0.00299	0.00299	T
143	0.02703	0.05105	A
144	0.0088	0.0088	G
145	0.03047	0.03047	C
146	0.08672	0.08672	C
147	0.00262	0.00524	T
148	0.06977	0.07494	A
149	0.01542	0.01542	G
150	0.01279	0.01279	C
151	0.03377	0.03377	C
152	0.02639	0.03166	A
153	0.0399	0.04489	C
154	0.0125	0.0175	A
155	0.0199	0.0199	C
156	0.00985	0.00985	C
157	0.00728	0.00728	C
158	0.06143	0.06143	C
159	0.0642	0.0642	C
160	0.05542	0.07053	A
161	0.16945	0.20764	C
162	0.00228	0.00228	G
163	0.00447	0.00447	G
164	0.00441	0.00441	G
165	0.12207	0.12207	A
166	0.15948	0.15948	A
167	0.05021	0.05021	A
168	0.11153	0.12476	C
169	0.06719	0.07344	A
170	0.00913	0.00913	G
171	0.01316	0.01316	C
172	0.03202	0.03308	A
173	0.00704	0.00704	G
174	0.00292	0.00292	T
175	0.00567	0.00567	G
176	0.06407	0.065	A
177	0.00651	0.00651	T
178	0.00534	0.00686	T
179	0.07217	0.07217	A
180	0.06762	0.06827	A
181	0.14794	0.14794	C
182	0.03084	0.03084	C
183	0.00158	0.00158	T
184	0.00367	0.00367	T
185	0.0	0.0	T
186	0.01725	0.02248	A
187	0.00626	0.00626	G
188	0.0223	0.0223	C
189	0.01443	0.01495	A
190	0.00964	0.01015	A
191	0.00356	0.00407	T
192	0.01365	0.01365	A
193	0.0115	0.0115	A
194	0.01044	0.01044	A
195	0.01892	0.01942	C
196	0.00796	0.00796	G
197	0.02324	0.02374	A
198	0.04633	0.04633	A
199	0.02856	0.02905	A
200	0.00347	0.00347	G
201	0.00049	0.00049	T
202	0.00098	0.00098	T
203	0.00098	0.00098	T
204	0.00394	0.00394	A
205	0.0118	0.0118	A
206	0.01484	0.01682	C
207	0.00099	0.00099	T
208	0.01333	0.01333	A
209	0.01435	0.01435	A
210	0.00247	0.00297	G
211	0.01093	0.01093	C
212	0.001	0.001	T
213	0.01796	0.01796	A
214	0.00151	0.00151	T
215	0.01491	0.01491	A
216	0.03271	0.03326	C
217	0.00453	0.00737	T
218	0.0192	0.02211	A
219	0.01099	0.01215	A
220	0.09716	0.09716	C
221	0.07396	0.07692	C
222	0.06392	0.06392	C
223	0.1764	0.1764	C
224	0.00792	0.01035	A
225	0.00244	0.00244	G
226	0.00062	0.00062	G
227	0.00249	0.00249	G
228	0.00063	0.00063	T
229	0.00129	0.00129	T
230	0.00392	0.00392	G
231	0.00199	0.00199	G
232	0.004	0.004	T
233	0.04105	0.04105	C
234	0.00137	0.00137	A
235	0.00414	0.00414	A
236	0.01054	0.01054	T
237	0.0	0.0	T
238	0.0	0.0	T
239	0.00297	0.00297	C
240	0.00075	0.00226	G
241	0.00306	0.00306	T
242	0.00078	0.00078	G
243	0.00396	0.00396	C
244	0.00162	0.00162	C
245	0.00578	0.0066	A
246	0.0	0.00084	G
247	0.00256	0.00256	C
248	0.00087	0.00087	C
249	0.00262	0.00262	A
250	0.00535	0.00535	C
251	0.0045	0.0045	C
252	0.00092	0.00092	G
253	0.00093	0.00093	C
254	0.0	0.0	G
255	0.00097	0.00097	G
256	0.001	0.001	T
257	0.00609	0.00609	C
258	0.00307	0.00307	A
259	0.00422	0.00422	C
260	0.00323	0.00323	A
261	0.00434	0.00434	C
262	0.0	0.0	G
263	0.00227	0.00227	A
264	0.0	0.0	T
265	0.0	0.0	T
266	0.00122	0.00122	A
267	0.0	0.0	A
268	0.0	0.0	C
269	0.00262	0.00262	C
270	0.0	0.0	C
271	0.00676	0.00676	A
272	0.00138	0.00138	A
273	0.00142	0.00142	G
274	0.0	0.0	T
275	0.00298	0.00298	C
276	0.00154	0.00154	A
277	0.0	0.0	A
278	0.0	0.0	T
279	0.00167	0.00167	A
280	0.0	0.0	G
281	0.00174	0.00174	A
282	0.0087	0.0087	A
283	0.00178	0.00178	G
284	0.01282	0.01282	C
285	0.00919	0.00919	C
286	0.00187	0.00187	G
287	0.00188	0.00188	G
288	0.00567	0.00567	C
289	0.00182	0.00182	G
290	0.00729	0.00729	T
291	0.00654	0.00654	A
292	0.00831	0.00831	A
293	0.00101	0.00202	A
294	0.00908	0.00908	G
295	0.00665	0.00665	A
296	0.00188	0.00188	G
297	0.00095	0.00189	T
298	0.00094	0.00094	G
299	0.0	0.0	T
300	0.00094	0.00094	T
301	0.0	0.0	T
302	0.0038	0.0038	T
303	0.00483	0.00676	A
304	0.00387	0.00387	G
305	0.00578	0.00771	A
306	0.01741	0.01741	T
307	0.02444	0.02835	C
308	0.00979	0.01273	A
309	0.0315	0.0315	C
310	0.03091	0.03091	C
311	0.02557	0.02557	C
312	0.02144	0.02144	C
313	0.04883	0.04883	C
314	0.00973	0.01362	T
315	0.03543	0.03543	C
316	0.02559	0.02559	C
317	0.02637	0.02637	C
318	0.01161	0.01257	C
319	0.16784	0.18291	A
320	0.00601	0.00687	A
321	0.0	0.00088	T
322	0.00265	0.00265	A
323	0.0144	0.0144	A
324	0.02645	0.02771	A
325	0.00758	0.00758	G
326	0.02261	0.02261	C
327	0.00378	0.00378	T
328	0.00242	0.00242	A
329	0.0036	0.0036	A
330	0.00967	0.00967	A
331	0.04608	0.04608	A
332	0.5062	0.57692	C
333	0.0062	0.0062	T
334	0.01003	0.01128	C
335	0.005	0.005	A
336	0.02908	0.02908	C
337	0.01009	0.01009	C
338	0.00385	0.00385	T
339	0.00387	0.00644	G
340	0.04348	0.04611	A
341	0.03154	0.03154	G
342	0.0	0.0	T
343	0.0	0.0	T
344	0.00266	0.00266	G
345	0.00802	0.0107	T
346	0.00252	0.00377	A
347	0.01494	0.01619	A
348	0.0273	0.0273	A
349	0.01236	0.01236	A
350	0.0148	0.0148	A
351	0.00743	0.00743	A
352	0.00996	0.00996	C
353	0.0063	0.0063	T
354	0.07905	0.07905	C
355	0.02764	0.02764	C
356	0.00886	0.00886	A
357	0.00381	0.00381	G
358	0.0	0.0	T
359	0.00255	0.00255	T
360	0.00642	0.00642	G
361	0.02452	0.02452	A
362	0.05019	0.05405	C
363	0.01546	0.01546	A
364	0.31552	0.32824	C
365	0.00371	0.00371	A
366	0.00243	0.00243	A
367	0.03406	0.03406	A
368	0.00972	0.00972	A
369	0.00853	0.01096	T
370	0.02076	0.02198	A
371	0.00366	0.00366	G
372	0.06357	0.06357	A
373	0.02716	0.02716	C
374	0.04433	0.04557	T
375	0.02217	0.02217	A
376	0.04591	0.04591	C
377	0.00249	0.00249	G
378	0.01615	0.01615	A
379	0.01829	0.01829	A
380	0.02058	0.02179	A
381	0.00854	0.00854	G
382	0.00375	0.00375	T
383	0.00127	0.00127	G
384	0.00128	0.00128	G
385	0.00519	0.00519	C
386	0.00131	0.00131	T
387	0.0	0.0	T
388	0.00133	0.00133	T
389	0.01067	0.01067	A
390	0.03221	0.03221	A
391	0.07973	0.08243	C
392	0.02436	0.02571	A
393	0.00527	0.00659	T
394	0.04284	0.04284	A
395	0.00135	0.00135	T
396	0.03138	0.03138	C
397	0.00277	0.00277	T
398	0.00416	0.00416	G
399	0.02374	0.02374	A
400	0.02996	0.02996	A
401	0.06475	0.06619	C
402	0.03035	0.03035	A
403	0.0153	0.01669	C
404	0.00837	0.00837	A
405	0.02257	0.02257	C
406	0.01006	0.01006	A
407	0.02168	0.02168	A
408	0.00439	0.00439	T
409	0.03245	0.03245	A
410	0.00297	0.00297	G
411	0.00149	0.00299	C
412	0.0	0.0	T
413	0.01404	0.01404	A
414	0.00936	0.01092	A
415	0.00476	0.00476	G
416	0.03668	0.03987	A
417	0.01724	0.01881	C
418	0.0159	0.0159	C
419	0.00943	0.00943	C
420	0.00478	0.00478	A
421	0.00478	0.00478	A
422	0.0303	0.0303	A
423	0.24959	0.25932	C
424	0.00313	0.00313	T
425	0.00154	0.00154	G
426	0.00155	0.00155	G
427	0.00313	0.00313	G
428	0.01929	0.02251	A
429	0.00161	0.00161	T
430	0.00471	0.00471	T
431	0.03962	0.05071	A
432	0.00462	0.0077	G
433	0.01985	0.02137	A
434	0.00297	0.00297	T
435	0.08482	0.0878	A
436	0.06501	0.06501	C
437	0.00885	0.00885	C
438	0.00123	0.00123	C
439	0.00488	0.00488	C
440	0.00732	0.00854	A
441	0.03402	0.03888	C
442	0.00242	0.00363	T
443	0.04197	0.04436	A
444	0.00348	0.00348	T
445	0.00234	0.00234	G
446	0.00469	0.00469	C
447	0.00461	0.00461	T
448	0.00232	0.00232	T
449	0.00819	0.01287	A
450	0.00827	0.00827	G
451	0.00942	0.00942	C
452	0.04353	0.04353	C
453	0.01297	0.01297	C
454	0.00238	0.00238	T
455	0.0051	0.00638	A
456	0.01923	0.01923	A
457	0.01992	0.01992	A
458	0.02949	0.02949	C
459	0.06216	0.06216	C
460	0.00272	0.00408	T
461	0.08266	0.08401	C
462	0.00696	0.00836	A
463	0.0225	0.0225	A
464	0.02542	0.02684	C
465	0.00875	0.00875	A
466	0.01603	0.01603	G
467	0.00147	0.00147	T
468	0.0	0.0	T
469	0.02954	0.02954	A
470	0.0638	0.0638	A
471	0.04322	0.04322	A
472	0.006	0.0075	T
473	0.0724	0.07391	C
474	0.01364	0.01364	A
475	0.0092	0.0092	A
476	0.07044	0.07351	C
477	0.01711	0.01711	A
478	0.02623	0.02623	A
479	0.00628	0.00628	A
480	0.0079	0.0079	A
481	0.03333	0.03492	C
482	0.00489	0.00489	T
483	0.0	0.0	G
484	0.01849	0.01849	C
485	0.0	0.0	T
486	0.00855	0.00855	C
487	0.00345	0.00345	G
488	0.01049	0.01049	C
489	0.0088	0.0088	C
490	0.01439	0.02518	A
491	0.0	0.0	G
492	0.01107	0.01107	A
493	0.01301	0.01301	A
494	0.02072	0.0226	C
495	0.00381	0.00381	A
496	0.01711	0.01901	C
497	0.0	0.0	T
498	0.0117	0.0117	A
499	0.01381	0.01578	C
500	0.0	0.0	G
501	0.00607	0.00607	A
502	0.00413	0.00413	G
503	0.00416	0.00416	C
504	0.01468	0.01468	C
505	0.02553	0.0383	A
506	0.03656	0.03656	C
507	0.00221	0.00442	A
508	0.0	0.0	G
509	0.00905	0.00905	C
510	0.0023	0.0023	T
511	0.0	0.0	T
512	0.00471	0.00471	A
513	0.00242	0.00242	A
514	0.00494	0.00494	A
515	0.00504	0.00504	A
516	0.01018	0.01018	C
517	0.0	0.0026	T
518	0.00268	0.00268	C
519	0.00833	0.00833	A
520	0.01111	0.01111	A
521	0.10405	0.10405	A
522	0.0	0.0	G
523	0.00294	0.00294	G
524	0.0	0.0	A
525	0.00302	0.00302	C
526	0.00306	0.00306	C
527	0.00633	0.00633	T
528	0.00322	0.00322	G
529	0.00334	0.00334	G
530	0.0	0.0	C
531	0.00683	0.00683	G
532	0.00697	0.00697	G
533	0.0	0.0	T
534	0.0	0.0	G
535	0.00323	0.00323	C
536	0.0	0.0	T
537	0.00608	0.00608	T
538	0.01524	0.01524	C
539	0.01543	0.01543	A
540	0.01111	0.01111	T
541	0.05915	0.05915	A
542	0.00548	0.00548	T
543	0.00271	0.00271	C
544	0.0	0.0	C
545	0.00824	0.00824	C
546	0.00836	0.00836	T
547	0.0057	0.0057	C
548	0.0	0.0	T
549	0.01143	0.01143	A
550	0.0	0.0	G
551	0.01183	0.01183	A
552	0.00301	0.00301	G
553	0.0	0.0	G
554	0.02727	0.02727	A
555	0.0	0.0	G
556	0.00308	0.00308	C
557	0.00311	0.00311	C
558	0.0	0.0	T
559	0.00631	0.00946	G
560	0.0	0.0	T
561	0.0	0.0	T
562	0.0743	0.0774	C
563	0.01238	0.01238	T
564	0.00625	0.00937	G
565	0.00315	0.00315	T
566	0.04063	0.04063	A
567	0.0697	0.07273	A
568	0.00604	0.00604	T
569	0.05105	0.05105	C
570	0.00885	0.00885	G
571	0.02346	0.02346	A
572	0.00292	0.00292	T
573	0.03284	0.03284	A
574	0.02663	0.02663	A
575	0.06528	0.06825	A
576	0.05988	0.05988	C
577	0.00898	0.00898	C
578	0.01515	0.01515	C
579	0.01524	0.01524	C
580	0.00313	0.0094	G
581	0.0627	0.0627	A
582	0.0094	0.0094	T
583	0.0418	0.0418	C
584	0.02894	0.02894	A
585	0.01577	0.01577	A
586	0.02516	0.02516	C
587	0.04101	0.04101	C
588	0.0	0.00314	T
589	0.03145	0.03145	C
590	0.05431	0.05751	A
591	0.0031	0.0031	C
592	0.0	0.00312	C
593	0.00319	0.00319	A
594	0.00314	0.00314	C
595	0.0	0.0	C
596	0.0	0.0	T
597	0.0	0.0	C
598	0.00658	0.00658	T
599	0.02027	0.02027	T
600	0.0	0.0	G
601	0.0273	0.0273	C
602	0.0	0.00351	T
603	0.06762	0.07473	C
604	0.01434	0.01434	A
605	0.0	0.0	G
606	0.00816	0.00816	C
607	0.01667	0.01667	C
608	0.0042	0.0042	T
609	0.02991	0.02991	A
610	0.0	0.0	T
611	0.0655	0.0655	A
612	0.01739	0.01739	T
613	0.04803	0.0524	A
614	0.0614	0.0614	C
615	0.01778	0.01778	C
616	0.0	0.0	G
617	0.02294	0.02294	C
618	0.00467	0.00467	C
619	0.01905	0.01905	A
620	0.0	0.0	T
621	0.04348	0.04348	C
622	0.0	0.0	T
623	0.0	0.0	T
624	0.05181	0.05699	C
625	0.01047	0.01047	A
626	0.00538	0.00538	G
627	0.01648	0.02747	C
628	0.00565	0.00565	A
629	0.05114	0.05114	A
630	0.00585	0.00585	A
631	0.00602	0.00602	C
632	0.0184	0.0184	C
633	0.0	0.0	C
634	0.00641	0.00641	T
635	0.0	0.0	G
636	0.01379	0.01379	A
637	0.0	0.0	T
638	0.01418	0.01418	G
639	0.0	0.0	A
640	0.00676	0.00676	A
641	0.02041	0.02041	G
642	0.0	0.0	G
643	0.02083	0.02083	C
644	0.0	0.0	T
645	0.0	0.0	A
646	0.18705	0.18705	C
647	0.00714	0.00714	A
648	0.0	0.0	A
649	0.00709	0.00709	A
650	0.00719	0.00719	G
651	0.0	0.0	T
652	0.02222	0.02222	A
653	0.03704	0.03704	A
654	0.00758	0.00758	G
655	0.00763	0.00763	C
656	0.00787	0.00787	G
657	0.07087	0.07087	C
658	0.00813	0.00813	A
659	0.01626	0.01626	A
660	0.0	0.0	G
661	0.00847	0.00847	T
662	0.00855	0.00855	A
663	0.01739	0.01739	C
664	0.02632	0.02632	C
665	0.05405	0.05405	C
666	0.00935	0.00935	A
667	0.0	0.0	C
668	0.0	0.0	G
669	0.0	0.0	T
670	0.0101	0.0101	A
671	0.02041	0.02041	A
672	0.0303	0.0303	A
673	0.0	0.0	G
674	0.01053	0.01053	A
675	0.06522	0.06522	C
676	0.0	0.0	G
677	0.01149	0.01149	T
678	0.01176	0.01176	T
679	0.05952	0.05952	A
680	0.0	0.0	G
681	0.0	0.0	G
682	0.0	0.0	T
683	0.06329	0.07595	C
684	0.06098	0.06098	A
685	0.03409	0.03409	A
686	0.0	0.0	G
687	0.01124	0.01124	G
688	0.0	0.0	T
689	0.0	0.0	G
690	0.0087	0.01739	T
691	0.00813	0.00813	A
692	0.0	0.0	G
693	0.0	0.0	C
694	0.016	0.016	C
695	0.05426	0.05426	C
696	0.05469	0.05469	A
697	0.02256	0.02256	T
698	0.00746	0.00746	G
699	0.0	0.0	A
700	0.00641	0.00641	G
701	0.0	0.0	G
702	0.0	0.0	T
703	0.0	0.0	G
704	0.0	0.0	G
705	0.24528	0.24528	C
706	0.10303	0.10303	A
707	0.03125	0.03125	A
708	0.0	0.0	G
709	0.0197	0.0197	A
710	0.0787	0.0787	A
711	0.0411	0.0411	A
712	0.00439	0.00439	T
713	0.00433	0.00433	G
714	0.00429	0.00429	G
715	0.0	0.0	G
716	0.01261	0.01261	C
717	0.0	0.0	T
718	0.04959	0.04959	A
719	0.08434	0.08434	C
720	0.0613	0.0613	A
721	0.0	0.0	T
722	0.0	0.0	T
723	0.00277	0.00277	T
724	0.00279	0.00279	T
725	0.05429	0.06286	C
726	0.00843	0.01124	T
727	0.04494	0.05337	A
728	0.2577	0.2577	C
729	0.09722	0.1	C
730	0.13573	0.13573	C
731	0.05263	0.05263	C
732	0.01648	0.02198	A
733	0.00831	0.00831	G
734	0.01966	0.01966	A
735	0.01081	0.01081	A
736	0.19945	0.20219	A
737	0.04905	0.04905	A
738	0.13984	0.219	C
739	0.01558	0.01558	T
740	0.07273	0.07273	A
741	0.1137	0.11886	C
742	0.0051	0.0051	G
743	0.16923	0.17179	A
744	0.00763	0.01018	T
745	0.14653	0.1491	A
746	0.01036	0.01295	G
747	0.0	0.0	C
748	0.0	0.0	C
749	0.0	0.0	C
750	0.00528	0.00528	T
751	0.0	0.0	T
752	0.01609	0.02413	A
753	0.008	0.01067	T
754	0.00267	0.00535	G
755	0.03467	0.03467	A
756	0.04267	0.04267	A
757	0.02918	0.02918	A
758	0.10372	0.11436	C
759	0.00529	0.00529	T
760	0.00265	0.00265	T
761	0.02139	0.02139	A
762	0.02949	0.02949	A
763	0.00272	0.00272	G
764	0.01096	0.01096	G
765	0.00551	0.00551	G
766	0.00275	0.00275	T
767	0.10084	0.10084	C
768	0.00829	0.00829	G
769	0.07865	0.08146	A
770	0.08043	0.08043	A
771	0.02156	0.02156	G
772	0.01067	0.01067	G
773	0.00269	0.00269	T
774	0.00549	0.00549	G
775	0.00556	0.00556	G
776	0.06906	0.08564	A
777	0.0	0.0	T
778	0.00549	0.00549	T
779	0.0	0.0	T
780	0.00568	0.00568	A
781	0.0	0.0	G
782	0.05143	0.05143	C
783	0.03143	0.03143	A
784	0.0	0.0	G
785	0.0	0.0	T
786	0.0	0.0	A
787	0.00296	0.00296	A
788	0.04268	0.04268	A
789	0.00309	0.00309	C
790	0.0	0.0	T
791	0.347	0.347	A
792	0.00955	0.00955	A
793	0.0	0.0	G
794	0.033	0.033	A
795	0.0	0.0	G
796	0.00337	0.00337	T
797	0.04124	0.04467	A
798	0.0	0.0	G
799	0.04947	0.04947	A
800	0.01056	0.01056	G
801	0.0	0.0	T
802	0.00372	0.00372	G
803	0.00377	0.00377	C
804	0.0	0.0	T
805	0.0	0.0	T
806	0.00386	0.00386	A
807	0.0	0.0	G
808	0.00397	0.00397	T
809	0.0	0.0	T
810	0.0041	0.0041	G
811	0.0	0.0	A
812	0.00858	0.00858	A
813	0.06494	0.06494	C
814	0.0625	0.0625	A
815	0.00909	0.00909	G
816	0.00472	0.00472	G
817	0.0	0.0	G
818	0.00498	0.00498	C
819	0.02051	0.02051	C
820	0.01042	0.01042	C
821	0.00529	0.01058	T
822	0.0	0.0	G
823	0.0	0.0	A
824	0.00532	0.00532	A
825	0.0	0.0	G
826	0.0	0.0	C
827	0.00571	0.00571	G
828	0.00532	0.00532	C
829	0.0	0.0	G
830	0.0	0.0	T
831	0.01523	0.01523	A
832	0.00515	0.01031	C
833	0.01515	0.01515	A
834	0.03971	0.04332	C
835	0.01049	0.01049	A
836	0.0	0.0	C
837	0.02976	0.03274	C
838	0.00294	0.00294	G
839	0.00838	0.00838	C
840	0.03081	0.03081	C
841	0.01644	0.01644	C
842	0.00804	0.00804	G
843	0.00995	0.01493	T
844	0.05	0.05238	C
845	0.04368	0.05057	A
846	0.13233	0.134	C
847	0.06522	0.06522	C
848	0.00882	0.00882	C
849	0.0	0.0	T
850	0.0	0.0	C
851	0.00278	0.00278	C
852	0.00405	0.00675	T
853	0.00524	0.00524	C
854	0.04694	0.04694	A
855	0.10199	0.10199	A
856	0.01102	0.01346	G
857	0.00727	0.00848	T
858	0.03249	0.03369	A
859	0.00349	0.00349	T
860	0.03341	0.03571	A
861	0.11249	0.11924	C
862	0.0	0.0	T
863	0.00316	0.00316	T
864	0.09514	0.10359	C
865	0.06191	0.06191	A
866	0.08442	0.08442	A
867	0.03388	0.03388	A
868	0.01423	0.01423	G
869	0.00651	0.00651	G
870	0.12454	0.16697	A
871	0.18541	0.18629	C
872	0.03563	0.03811	A
873	0.0062	0.0062	T
874	0.00384	0.00384	T
875	0.00536	0.00536	T
876	0.13064	0.13142	A
877	0.10306	0.10456	A
878	0.09442	0.10335	C
879	0.00291	0.00291	T
880	0.02824	0.02824	A
881	0.0156	0.01702	A
882	0.03456	0.03456	A
883	0.0904	0.09181	A
884	0.11095	0.11671	C
885	0.04818	0.04818	C
886	0.01045	0.01045	C
887	0.00557	0.00557	C
888	0.02165	0.03911	T
889	0.07168	0.07238	A
890	0.19071	0.19212	C
891	0.00281	0.00281	G
892	0.0831	0.08452	C
893	0.00999	0.01355	A
894	0.00501	0.00501	T
895	0.00504	0.00504	T
896	0.0022	0.0022	T
897	0.01106	0.01327	A
898	0.00073	0.00073	T
899	0.03245	0.03392	A
900	0.00295	0.00295	T
901	0.22016	0.22165	A
902	0.00298	0.00298	G
903	0.0172	0.0172	A
904	0.00449	0.00449	G
905	0.00225	0.00225	G
906	0.00532	0.00836	A
907	0.00229	0.00305	G
908	0.05864	0.05941	A
909	0.17455	0.17766	C
910	0.06714	0.06714	A
911	0.14196	0.14588	A
912	0.00157	0.00157	G
913	0.00316	0.00316	T
914	0.02143	0.02222	C
915	0.00398	0.00398	G
916	0.0024	0.00481	T
917	0.03406	0.03406	A
918	0.02215	0.02379	A
919	0.04892	0.05058	C
920	0.02008	0.02008	A
921	0.00508	0.00592	T
922	0.00085	0.00085	G
923	0.00087	0.00087	G
924	0.00262	0.00262	T
925	0.00531	0.00531	A
926	0.00269	0.00269	A
927	0.00182	0.00182	G
928	0.0	0.0	T
929	0.00095	0.00095	G
930	0.0	0.0	T
931	0.00102	0.00102	A
932	0.0	0.0	C
933	0.0	0.0	T
934	0.00108	0.00108	G
935	0.0	0.0	G
936	0.00112	0.00112	A
937	0.0	0.0	A
938	0.0	0.0	A
939	0.0	0.0	G
940	0.0	0.0	T
941	0.00123	0.00123	G
942	0.0025	0.0025	C
943	0.0	0.0	A
944	0.0	0.0	C
945	0.0	0.0	T
946	0.0	0.0	T
947	0.0	0.0	G
948	0.0	0.0	G
949	0.0	0.0	A
950	0.0	0.0	C
951	0.0	0.0	G
952	0.0	0.0	A
953	0.0	0.0	A
954	0.0	0.0	C
