Position	Mismatches	Mismatches + Deletions	Base
1	0.0	0.0	A
2	0.0	0.0	C
3	0.0	0.0	C
4	0.01151	0.01151	G
5	0.01948	0.01948	C
6	0.01917	0.01917	C
7	0.00318	0.00318	G
8	0.07919	0.09161	A
9	0.00146	0.00586	G
10	0.06322	0.06322	A
11	0.04115	0.04115	C
12	0.02316	0.02316	C
13	0.01874	0.0241	G
14	0.03511	0.03641	C
15	0.01408	0.01536	G
16	0.00257	0.0077	T
17	0.0368	0.0368	C
18	0.04386	0.04386	C
19	0.01752	0.02253	G
20	0.04046	0.04046	C
21	0.01695	0.01695	C
22	0.04019	0.04019	C
23	0.05239	0.05239	C
24	0.0	0.0	G
25	0.01367	0.01367	C
26	0.01106	0.01549	G
27	0.04486	0.04486	A
28	0.01289	0.01289	G
29	0.02545	0.02545	C
30	0.09424	0.09424	A
31	0.07422	0.07422	C
32	0.07436	0.0773	A
33	0.00643	0.00643	G
34	0.09115	0.0983	A
35	0.007	0.007	G
36	0.06775	0.06775	C
37	0.01869	0.01869	C
38	0.0	0.00168	T
39	0.0561	0.0561	C
40	0.00727	0.00889	G
41	0.01426	0.01426	C
42	0.06049	0.06206	C
43	0.00152	0.00152	T
44	0.01347	0.01347	T
45	0.00596	0.00596	T
46	0.00297	0.00297	G
47	0.03304	0.03304	C
48	0.03374	0.03374	C
49	0.01182	0.01182	G
50	0.05955	0.06229	A
51	0.00339	0.00407	T
52	0.05171	0.05171	C
53	0.05107	0.05107	C
54	0.00957	0.01435	G
55	0.04692	0.04692	C
56	0.0297	0.0297	C
57	0.02148	0.02669	G
58	0.07189	0.07189	C
59	0.0434	0.0434	C
60	0.05772	0.05834	C
61	0.01052	0.01238	G
62	0.00365	0.00365	T
63	0.02859	0.02859	C
64	0.04877	0.04877	C
65	0.01826	0.03287	A
66	0.06832	0.07244	C
67	0.07009	0.08034	A
68	0.06974	0.06974	C
69	0.04757	0.04757	C
70	0.05795	0.06273	C
71	0.01159	0.01264	G
72	0.0523	0.0523	C
73	0.0389	0.0389	C
74	0.0155	0.0186	G
75	0.03299	0.03299	C
76	0.03082	0.03082	C
77	0.03551	0.05998	A
78	0.00884	0.00884	G
79	0.05509	0.0588	C
80	0.00136	0.00136	T
81	0.0361	0.0361	C
82	0.04408	0.04452	A
83	0.05353	0.05353	C
84	0.05473	0.05513	C
85	0.02688	0.03235	A
86	0.00278	0.00278	T
87	0.00421	0.00444	G
88	0.00198	0.0022	G
89	0.02346	0.03223	A
90	0.37087	0.37087	T
91	0.00598	0.00619	G
92	0.04073	0.04411	A
93	0.37441	0.37564	T
94	0.00163	0.00163	G
95	0.03622	0.03804	A
96	0.37194	0.37194	T
97	0.05	0.05105	A
98	0.00303	0.00371	T
99	0.06349	0.06567	C
100	0.00392	0.00392	G
101	0.02928	0.02928	C
102	0.02539	0.0262	C
103	0.00291	0.00452	G
104	0.08304	0.08528	C
105	0.00653	0.00669	G
106	0.05195	0.05322	C
107	0.00334	0.00334	T
108	0.48222	0.48317	C
109	0.00675	0.00722	G
110	0.00643	0.00643	T
111	0.0341	0.03659	C
112	0.45746	0.45793	G
113	0.00249	0.0028	T
114	0.47698	0.48069	C
115	0.00607	0.00636	G
116	0.05241	0.05241	A
117	0.06722	0.06806	C
118	0.06651	0.06651	A
119	0.05076	0.05347	A
120	0.49071	0.49192	C
121	0.0029	0.0029	G
122	0.00336	0.00336	G
123	0.0118	0.01276	C
124	0.00249	0.00261	T
125	0.05071	0.05071	C
126	0.01889	0.01901	C
127	0.00199	0.00199	G
128	0.00499	0.00499	G
129	0.01385	0.01477	C
130	0.0618	0.06316	A
131	0.00582	0.00594	T
132	0.00657	0.00657	G
133	0.00751	0.00806	T
134	0.00587	0.00598	G
135	0.04769	0.05115	C
136	0.04604	0.04647	A
137	0.06594	0.06594	A
138	0.49267	0.4931	G
139	0.00419	0.00419	G
140	0.02267	0.02267	C
141	0.49904	0.49904	C
142	0.00637	0.00637	G
143	0.00625	0.00625	G
144	0.54276	0.54455	C
145	0.00569	0.0059	T
146	0.00644	0.00644	T
147	0.52004	0.52211	C
148	0.00818	0.0088	G
149	0.04999	0.05355	C
150	0.4806	0.4806	G
151	0.00313	0.00313	G
152	0.00353	0.00373	G
153	0.50581	0.51298	C
154	0.00576	0.00576	G
155	0.02781	0.02853	A
156	0.0312	0.03209	C
157	0.01019	0.01134	G
158	0.06091	0.06233	A
159	0.47988	0.48181	T
160	0.00702	0.0078	G
161	0.03821	0.03902	C
162	0.52564	0.53133	C
163	0.02301	0.02309	C
164	0.02955	0.02955	C
165	0.03444	0.03444	C
166	0.03464	0.03464	C
167	0.00307	0.00331	G
168	0.54422	0.54422	G
169	0.00523	0.00523	G
170	0.01985	0.02	C
171	0.0378	0.0378	C
172	0.00763	0.01046	G
173	0.0071	0.00718	T
174	0.5764	0.57719	C
175	0.00716	0.00716	T
176	0.00533	0.00533	T
177	0.55749	0.55749	C
178	0.0521	0.05274	C
179	0.03131	0.03131	C
180	0.55003	0.55303	C
181	0.00483	0.00505	T
182	0.04488	0.04488	C
183	0.0313	0.03145	C
184	0.03918	0.04947	A
185	0.00603	0.00746	T
186	0.06296	0.0631	C
187	0.00838	0.00936	G
188	0.00732	0.00882	T
189	0.55238	0.55245	G
190	0.01053	0.01074	G
191	0.00363	0.00363	G
192	0.00668	0.00696	G
193	0.03645	0.04261	C
194	0.0067	0.00691	G
195	0.02188	0.02188	C
196	0.00827	0.00827	C
197	0.01612	0.01619	C
198	0.11363	0.11363	C
199	0.05055	0.10617	A
200	0.00862	0.00862	G
201	0.52277	0.52358	G
202	0.04402	0.0467	C
203	0.04983	0.05123	A
204	0.09111	0.09131	C
205	0.04715	0.04715	C
206	0.07357	0.10758	A
207	0.00257	0.00269	G
208	0.00442	0.00442	G
209	0.00684	0.00684	G
210	0.01791	0.02213	C
211	0.00837	0.00837	G
212	0.00304	0.00341	T
213	0.56573	0.56659	G
214	0.03714	0.03775	A
215	0.00556	0.00556	T
216	0.00538	0.00538	G
217	0.00638	0.00638	G
218	0.00913	0.00973	T
219	0.0063	0.0063	G
220	0.00664	0.00664	G
221	0.00604	0.00604	G
222	0.05296	0.06354	C
223	0.07246	0.07467	A
224	0.01027	0.01033	T
225	0.00395	0.00401	G
226	0.00619	0.00619	G
227	0.00601	0.00601	G
228	0.55274	0.57569	T
229	0.04462	0.04486	C
230	0.07029	0.07236	A
231	0.01039	0.01138	G
232	0.08266	0.08366	A
233	0.06143	0.06529	A
234	0.00898	0.00898	G
235	0.0045	0.00467	G
236	0.05804	0.07588	A
237	0.54874	0.54966	T
238	0.0053	0.00541	T
239	0.02954	0.02988	C
240	0.01585	0.0162	C
241	0.00449	0.00553	T
242	0.0732	0.07458	A
243	0.55191	0.55369	T
244	0.01156	0.01276	G
245	0.00641	0.00795	T
246	0.00733	0.00733	G
247	0.00346	0.00346	G
248	0.00517	0.0054	G
249	0.02311	0.02655	C
250	0.0136	0.01383	G
251	0.07233	0.07733	A
252	0.10359	0.1079	C
253	0.01073	0.01243	G
254	0.06849	0.07291	A
255	0.01103	0.01103	G
256	0.00444	0.00444	G
257	0.00717	0.00717	C
258	0.01069	0.01074	C
259	0.01836	0.01847	C
260	0.03864	0.06945	A
261	0.00591	0.00641	G
262	0.06618	0.06707	A
263	0.00957	0.00963	G
264	0.07752	0.08256	C
265	0.06255	0.06349	A
266	0.0804	0.08243	A
267	0.01111	0.01258	G
268	0.53808	0.54258	A
269	0.0081	0.00821	G
270	0.53504	0.53623	A
271	0.00537	0.00537	G
272	0.00564	0.00564	G
273	0.05454	0.05535	C
274	0.06651	0.0671	A
275	0.00306	0.00343	T
276	0.02643	0.02643	C
277	0.02124	0.02152	C
278	0.00634	0.01117	T
279	0.5147	0.51601	C
280	0.03186	0.04144	A
281	0.02229	0.02229	C
282	0.01762	0.01762	C
283	0.01538	0.01555	C
284	0.00407	0.00572	T
285	0.00585	0.00789	G
286	0.04699	0.04733	A
287	0.09313	0.09375	A
288	0.00872	0.00979	G
289	0.01045	0.01187	T
290	0.06769	0.06933	A
291	0.03789	0.03828	C
292	0.01484	0.01489	C
293	0.01773	0.01773	C
294	0.0285	0.02862	C
295	0.05173	0.05662	A
296	0.00762	0.00844	T
297	0.44353	0.4446	C
298	0.00713	0.00749	G
299	0.05273	0.05386	A
300	0.01173	0.0131	G
301	0.03766	0.04092	C
302	0.03675	0.04058	A
303	0.43869	0.43905	C
304	0.00514	0.0052	G
305	0.00503	0.00503	G
306	0.03943	0.03985	C
307	0.07971	0.08026	A
308	0.00359	0.00389	T
309	0.03093	0.03105	C
310	0.0154	0.01571	G
311	0.00338	0.00523	T
312	0.01937	0.01962	C
313	0.0652	0.06713	A
314	0.05439	0.05439	C
315	0.0278	0.02911	C
316	0.05875	0.05906	A
317	0.0778	0.07798	A
318	0.10205	0.10724	C
319	0.01058	0.01246	T
320	0.00552	0.00552	G
321	0.00437	0.00437	G
322	0.00292	0.00292	G
323	0.02801	0.03167	A
324	0.02771	0.02856	C
325	0.00726	0.00757	G
326	0.03252	0.03295	A
327	0.08417	0.08564	C
328	0.04705	0.04729	A
329	0.0058	0.00623	T
330	0.00456	0.00456	G
331	0.00659	0.00671	G
332	0.05279	0.06935	A
333	0.01223	0.01338	G
334	0.06265	0.06265	A
335	0.03602	0.0362	A
336	0.43828	0.43859	A
337	0.04469	0.04482	A
338	0.00466	0.00617	T
339	0.04438	0.04456	C
340	0.01319	0.01378	T
341	0.00754	0.00788	G
342	0.00711	0.00711	G
343	0.07522	0.08074	C
344	0.09278	0.09514	A
345	0.03904	0.03911	C
346	0.01803	0.01887	C
347	0.02525	0.03763	A
348	0.03547	0.0371	C
349	0.03427	0.03845	A
350	0.0394	0.0394	C
351	0.03007	0.03007	C
352	0.00317	0.00338	T
353	0.00493	0.00571	T
354	0.02849	0.03714	C
355	0.00454	0.00518	T
356	0.05611	0.05782	A
357	0.08685	0.08927	C
358	0.05192	0.05206	A
359	0.06892	0.07105	A
360	0.34632	0.35512	T
361	0.00657	0.00849	G
362	0.05182	0.05395	A
363	0.00727	0.00727	G
364	0.05015	0.05256	C
365	0.00636	0.00705	T
366	0.00834	0.00938	G
367	0.07215	0.07264	C
368	0.00503	0.00574	G
369	0.34322	0.34565	T
370	0.00888	0.00896	G
371	0.00677	0.0085	T
372	0.01343	0.01343	G
373	0.00679	0.00679	G
374	0.02738	0.03013	C
375	0.33879	0.37966	T
376	0.02116	0.02131	C
377	0.01966	0.01966	C
378	0.37752	0.37759	C
379	0.00308	0.00421	G
380	0.20829	0.21319	A
381	0.00934	0.00934	G
382	0.00749	0.00778	G
383	0.04063	0.04793	A
384	0.01272	0.01324	G
385	0.02568	0.02785	C
386	0.04439	0.04771	A
387	0.04604	0.04604	C
388	0.06413	0.06413	C
389	0.04945	0.04945	C
390	0.40857	0.40872	C
391	0.01134	0.01195	G
392	0.00971	0.00986	T
393	0.0111	0.01133	G
394	0.02665	0.0281	C
395	0.00213	0.00259	T
396	0.00581	0.00581	G
397	0.04836	0.04905	C
398	0.00407	0.0043	T
399	0.00972	0.01163	G
400	0.06259	0.06419	A
401	0.03739	0.03754	C
402	0.02643	0.02659	C
403	0.00598	0.00789	G
404	0.06083	0.07246	A
405	0.00721	0.00721	G
406	0.00711	0.00774	G
407	0.01426	0.01426	C
408	0.01819	0.01819	C
409	0.03529	0.03538	C
410	0.04784	0.04784	C
411	0.0541	0.0541	C
412	0.05278	0.05278	C
413	0.00807	0.01495	T
414	0.00979	0.01235	G
415	0.05432	0.05524	A
416	0.03898	0.0399	A
417	0.05677	0.05677	C
418	0.03115	0.03115	C
419	0.03364	0.03364	C
420	0.04091	0.04091	C
421	0.05008	0.05151	A
422	0.09036	0.09141	A
423	0.00739	0.00749	G
424	0.00658	0.00658	G
425	0.02227	0.02266	C
426	0.02272	0.02272	C
427	0.04039	0.04147	A
428	0.05411	0.05451	A
429	0.07791	0.07859	C
430	0.43198	0.43402	C
431	0.0067	0.00884	G
432	0.45707	0.45988	C
433	0.00699	0.00832	G
434	0.06898	0.07097	A
435	0.01078	0.01097	G
436	0.03585	0.03585	A
437	0.04257	0.04461	A
438	0.01293	0.01412	G
439	0.07608	0.07963	A
440	0.01102	0.01202	T
441	0.00872	0.01	G
442	0.05914	0.06033	A
443	0.03896	0.03914	C
444	0.43743	0.43743	C
445	0.03003	0.03003	C
446	0.03082	0.04998	A
447	0.01311	0.01338	G
448	0.06041	0.06211	A
449	0.00657	0.00846	T
450	0.42961	0.45607	C
451	0.07378	0.07674	A
452	0.00836	0.0087	T
453	0.00888	0.01116	G
454	0.00503	0.00503	T
455	0.00758	0.00758	T
456	0.00666	0.00666	T
457	0.00702	0.00878	G
458	0.04127	0.04763	A
459	0.00938	0.00971	G
460	0.06569	0.06619	A
461	0.05058	0.05074	C
462	0.03173	0.03181	C
463	0.00421	0.00421	T
464	0.00601	0.00634	T
465	0.04417	0.04898	C
466	0.065	0.0662	A
467	0.0608	0.0661	A
468	0.08105	0.08971	C
469	0.04833	0.05185	A
470	0.04848	0.04866	C
471	0.0243	0.02456	C
472	0.03205	0.03205	C
473	0.02247	0.02264	C
474	0.39789	0.41699	A
475	0.00275	0.00275	G
476	0.00725	0.00725	C
477	0.00647	0.00647	C
478	0.01724	0.02313	A
479	0.01032	0.01032	T
480	0.00327	0.00363	G
481	0.00391	0.00391	T
482	0.03499	0.03499	A
483	0.06866	0.06945	C
484	0.00818	0.00818	G
485	0.00885	0.00885	T
486	0.39331	0.3941	T
487	0.00469	0.00469	G
488	0.01785	0.01892	C
489	0.37465	0.38046	T
490	0.05511	0.05938	A
491	0.00585	0.00628	T
492	0.08048	0.08065	C
493	0.07192	0.07414	C
494	0.02271	0.0389	A
495	0.00302	0.00302	G
496	0.00555	0.00555	G
497	0.01997	0.02056	C
498	0.39861	0.40208	T
499	0.0127	0.01312	G
500	0.00243	0.00302	T
501	0.00453	0.00453	G
502	0.03797	0.03831	C
503	0.00629	0.00654	T
504	0.41261	0.41604	A
505	0.0093	0.00973	T
506	0.06287	0.06313	C
507	0.06088	0.06105	C
508	0.04647	0.04672	C
509	0.00575	0.00659	T
510	0.34134	0.3443	G
511	0.00448	0.0077	T
512	0.04791	0.05946	A
513	0.05073	0.05257	C
514	0.00543	0.00543	G
515	0.015	0.01517	C
516	0.00693	0.00693	C
517	0.00369	0.00495	T
518	0.10485	0.10518	C
519	0.00438	0.00505	T
520	0.00708	0.00708	G
521	0.00379	0.00379	G
522	0.35107	0.35107	C
523	0.02149	0.02394	C
524	0.00642	0.00667	G
525	0.3379	0.33832	T
526	0.01966	0.02082	A
527	0.03553	0.03594	C
528	0.0519	0.05206	C
529	0.03546	0.04416	A
530	0.06997	0.07124	C
531	0.00391	0.00431	T
532	0.0043	0.0043	G
533	0.00438	0.00462	G
534	0.01904	0.01976	C
535	0.16849	0.16968	A
536	0.00637	0.00653	T
537	0.36067	0.36114	C
538	0.00617	0.00752	G
539	0.00388	0.00403	T
540	0.33241	0.3336	G
541	0.04033	0.04186	A
542	0.00397	0.00458	T
543	0.00663	0.00678	G
544	0.00609	0.00632	G
545	0.02183	0.02715	A
546	0.02316	0.02323	C
547	0.00412	0.00451	T
548	0.07827	0.0785	C
549	0.37627	0.37657	C
550	0.00863	0.00917	G
551	0.00494	0.00632	G
552	0.34608	0.35629	T
553	0.00608	0.00631	G
554	0.08512	0.08892	A
555	0.0732	0.07478	C
556	0.01111	0.01126	G
557	0.00216	0.00238	G
558	0.01153	0.01153	G
559	0.00469	0.00469	G
560	0.01342	0.01908	T
561	0.08662	0.08788	C
562	0.0486	0.04994	A
563	0.04467	0.04474	C
564	0.02069	0.02069	C
565	0.03661	0.03728	C
566	0.0509	0.07675	A
567	0.04872	0.05091	C
568	0.04062	0.04538	A
569	0.06633	0.06967	C
570	0.36974	0.36981	T
571	0.00581	0.00673	G
572	0.00812	0.00869	T
573	0.01471	0.015	G
574	0.04609	0.04652	C
575	0.01394	0.01394	C
576	0.03484	0.03491	C
577	0.02933	0.03514	A
578	0.00409	0.00416	T
579	0.03627	0.03634	C
580	0.00876	0.00911	T
581	0.05328	0.05482	A
582	0.09156	0.09266	C
583	0.00482	0.0051	G
584	0.03332	0.03642	A
585	0.00453	0.00453	G
586	0.00322	0.00322	G
587	0.00619	0.00619	G
588	0.41433	0.41467	G
589	0.01191	0.01336	T
590	0.09125	0.09792	A
591	0.39404	0.39481	T
592	0.00569	0.00569	G
593	0.03923	0.03992	C
594	0.01897	0.01918	C
595	0.0363	0.03637	C
596	0.00855	0.01117	T
597	0.02635	0.02635	C
598	0.05968	0.06003	C
599	0.05604	0.05604	C
600	0.03681	0.03681	C
601	0.03471	0.03471	C
602	0.03765	0.05281	A
603	0.42569	0.42972	T
604	0.00522	0.00558	G
605	0.02985	0.03027	C
606	0.01764	0.01764	C
607	0.04149	0.05269	A
608	0.00643	0.00685	T
609	0.04505	0.04505	C
610	0.04535	0.04563	C
611	0.00488	0.00516	T
612	0.00353	0.00466	G
613	0.06094	0.06214	C
614	0.01133	0.01162	G
615	0.00381	0.00459	T
616	0.05152	0.05152	C
617	0.00713	0.00776	T
618	0.00494	0.00501	G
619	0.00493	0.00493	G
620	0.05688	0.06536	A
621	0.05914	0.05956	C
622	0.03687	0.03779	C
623	0.00356	0.00477	T
624	0.00596	0.00596	G
625	0.00412	0.00412	G
626	0.05087	0.05258	C
627	0.00731	0.0076	T
628	0.00657	0.00657	G
629	0.00642	0.00663	G
630	0.0333	0.0333	C
631	0.04197	0.04197	C
632	0.0113	0.0113	G
633	0.01445	0.0148	G
634	0.0057	0.0057	G
635	0.06295	0.0686	A
636	0.05727	0.05776	C
637	0.03019	0.03061	C
638	0.00632	0.00744	T
639	0.01296	0.01436	G
640	0.0467	0.04782	A
641	0.03854	0.03952	C
642	0.46631	0.46982	T
643	0.01111	0.01125	G
644	0.08787	0.08984	A
645	0.07453	0.07586	C
646	0.00759	0.00843	T
647	0.06792	0.07299	A
648	0.08076	0.08216	C
649	0.03487	0.03661	C
650	0.00663	0.00952	T
651	0.04684	0.04819	C
652	0.06656	0.07702	A
653	0.00906	0.00941	T
654	0.00749	0.00853	G
655	0.04319	0.04354	A
656	0.0496	0.04994	A
657	0.00627	0.00765	G
658	0.05624	0.05693	A
659	0.00818	0.00887	T
660	0.02526	0.0254	C
661	0.02025	0.02082	C
662	0.00557	0.00867	T
663	0.07539	0.0787	C
664	0.05231	0.05637	A
665	0.09048	0.09048	C
666	0.50719	0.50896	C
667	0.0095	0.01037	G
668	0.05865	0.06077	A
669	0.00568	0.00568	G
670	0.03908	0.03989	C
671	0.00649	0.007	G
672	0.51785	0.51932	C
673	0.00682	0.00682	G
674	0.00511	0.00511	G
675	0.02698	0.02734	C
676	0.01027	0.0118	T
677	0.04204	0.04606	A
678	0.04257	0.0438	C
679	0.03286	0.03366	A
680	0.00619	0.00619	G
681	0.02238	0.02266	C
682	0.0025	0.0025	T
683	0.00722	0.00722	T
684	0.01133	0.01298	C
685	0.06886	0.07236	A
686	0.02672	0.02672	C
687	0.01224	0.01293	C
688	0.06897	0.09038	A
689	0.0783	0.0783	C
690	0.03078	0.03316	C
691	0.03673	0.04567	A
692	0.03868	0.04023	C
693	0.00886	0.01011	G
694	0.00623	0.00647	G
695	0.01692	0.01708	C
696	0.01664	0.01664	C
697	0.00968	0.01148	G
698	0.04576	0.05215	A
699	0.00921	0.00929	G
700	0.07132	0.08187	C
701	0.0106	0.0106	G
702	0.00595	0.00595	G
703	0.0093	0.0093	G
704	0.02873	0.02929	A
705	0.05864	0.05887	A
706	0.07674	0.07689	A
707	0.00479	0.00539	T
708	0.04632	0.04654	C
709	0.00725	0.00725	G
710	0.01278	0.01398	T
711	0.00639	0.00685	G
712	0.03189	0.03227	C
713	0.00622	0.00637	G
714	0.51448	0.51548	T
715	0.00822	0.00822	G
716	0.05688	0.05815	A
717	0.07496	0.07525	C
718	0.07129	0.07165	A
719	0.00692	0.00692	T
720	0.49	0.49022	T
721	0.05934	0.05948	A
722	0.07752	0.08019	A
723	0.00656	0.00696	G
724	0.00575	0.00575	G
725	0.04772	0.06187	A
726	0.00596	0.00742	G
727	0.02561	0.02561	A
728	0.02839	0.02992	A
729	0.00828	0.0096	G
730	0.02431	0.02477	C
731	0.00349	0.00408	T
732	0.00945	0.01049	G
733	0.00339	0.00398	T
734	0.00392	0.00392	G
735	0.04338	0.04456	C
736	0.00509	0.00581	T
737	0.08088	0.08244	A
738	0.09251	0.09439	C
739	0.01255	0.01313	G
740	0.00806	0.00974	T
741	0.02695	0.02721	C
742	0.00687	0.00759	G
743	0.01958	0.01958	C
744	0.02834	0.02834	C
745	0.0475	0.04789	C
746	0.00435	0.00551	T
747	0.00419	0.00419	G
748	0.00445	0.00445	G
749	0.03194	0.03755	A
750	0.03447	0.03499	C
751	0.0029	0.0029	T
752	0.00423	0.00436	T
753	0.03612	0.03894	C
754	0.00845	0.00973	G
755	0.06759	0.06893	A
756	0.00938	0.01021	G
757	0.0702	0.07455	C
758	0.0445	0.04508	A
759	0.55779	0.55977	A
760	0.00528	0.00622	G
761	0.06607	0.07522	A
762	0.0062	0.00688	G
763	0.09419	0.09772	A
764	0.0056	0.00585	T
765	0.00533	0.00533	G
766	0.00503	0.00503	G
767	0.01282	0.01282	C
768	0.01582	0.01601	C
769	0.04145	0.05087	A
770	0.07489	0.07588	C
771	0.42527	0.42809	G
772	0.00595	0.0097	G
773	0.01649	0.01722	C
774	0.41896	0.43841	T
775	0.01062	0.01352	G
776	0.01838	0.02176	C
777	0.43393	0.43393	T
778	0.00449	0.00469	T
779	0.0775	0.07811	C
780	0.03948	0.03968	C
781	0.46335	0.47002	A
782	0.45127	0.45327	G
783	0.00493	0.005	C
784	0.00062	0.00069	T
785	0.00911	0.00911	C
786	0.46847	0.46889	C
787	0.0014	0.00357	T
788	0.01164	0.01164	C
789	0.4828	0.4828	C
790	0.07818	0.07825	C
791	0.01107	0.01287	T
792	0.00781	0.00801	G
793	0.00607	0.00607	G
794	0.04015	0.04826	A
795	0.00699	0.00712	G
796	0.03605	0.03605	A
797	0.02804	0.03086	A
798	0.00404	0.00469	G
799	0.02492	0.02524	A
800	0.00428	0.00428	G
801	0.11481	0.11786	C
802	0.00427	0.00446	T
803	0.07237	0.07302	A
804	0.13426	0.13604	C
805	0.00545	0.00564	G
806	0.0414	0.04298	A
807	0.00523	0.00523	G
808	0.06788	0.0716	C
809	0.00613	0.00626	T
810	0.00442	0.00486	G
811	0.01355	0.01355	C
812	0.02857	0.02864	C
813	0.5202	0.52734	T
814	0.00906	0.01148	G
815	0.05537	0.05749	A
816	0.57668	0.57866	C
817	0.00591	0.00604	G
818	0.00446	0.00446	G
819	0.01357	0.01363	C
820	0.02434	0.02434	C
821	0.03018	0.05321	A
822	0.00554	0.00554	G
823	0.00485	0.00485	G
824	0.00349	0.00411	T
825	0.04149	0.04167	C
826	0.06524	0.06648	A
827	0.00746	0.00951	T
828	0.05211	0.05236	C
829	0.07554	0.07777	A
830	0.07057	0.07063	C
831	0.03424	0.03541	C
832	0.07606	0.08264	A
833	0.00582	0.00588	T
834	0.0104	0.01059	T
835	0.0059	0.00616	G
836	0.00452	0.00452	G
837	0.02477	0.02523	C
838	0.0647	0.06663	A
839	0.0679	0.06796	A
840	0.00983	0.01205	T
841	0.00631	0.00839	G
842	0.05651	0.05879	A
843	0.00731	0.00737	G
844	0.03375	0.03401	C
845	0.00748	0.00748	G
846	0.00605	0.00638	G
847	0.0047	0.0047	T
848	0.00479	0.00485	T
849	0.03513	0.03513	C
850	0.02996	0.0301	C
851	0.00654	0.00702	G
852	0.57097	0.57287	C
853	0.00767	0.00884	T
854	0.00777	0.00886	G
855	0.56541	0.56541	C
856	0.01698	0.01698	C
857	0.03165	0.03185	C
858	0.55777	0.56512	T
859	0.00292	0.00401	G
860	0.06997	0.07481	A
861	0.00483	0.0049	G
862	0.00395	0.00402	G
863	0.01602	0.01677	C
864	0.58814	0.58869	A
865	0.0659	0.06604	C
866	0.00193	0.00214	T
867	0.5989	0.60359	C
868	0.00535	0.00563	T
869	0.00642	0.00642	T
870	0.05439	0.05439	C
871	0.0391	0.03944	C
872	0.0326	0.05428	A
873	0.00628	0.0067	G
874	0.04022	0.04022	C
875	0.02286	0.02322	C
876	0.00563	0.00578	T
877	0.00669	0.00669	T
878	0.05318	0.05332	C
879	0.04665	0.04774	C
880	0.00561	0.00612	T
881	0.00589	0.00589	T
882	0.06887	0.06887	C
883	0.05242	0.05374	C
884	0.00591	0.00724	T
885	0.00384	0.00391	G
886	0.0046	0.0046	G
887	0.00588	0.00588	G
888	0.55264	0.55489	C
889	0.03644	0.03727	A
890	0.0038	0.0038	T
891	0.00346	0.00346	G
892	0.00459	0.00467	G
893	0.05287	0.0608	A
894	0.49581	0.50663	G
895	0.00356	0.00356	T
896	0.02742	0.02742	C
897	0.5255	0.52596	C
898	0.00216	0.00224	T
899	0.00389	0.00443	G
900	0.52446	0.52532	T
901	0.00454	0.00454	G
902	0.00355	0.00363	G
903	0.23227	0.23779	C
904	0.16719	0.16819	A
905	0.00386	0.00401	T
906	0.00373	0.00373	C
907	0.00489	0.00512	C
908	0.00878	0.01032	A
909	0.00788	0.00827	C
910	0.00954	0.01063	G
911	0.06071	0.06103	A
912	0.49194	0.49218	A
913	0.06403	0.06403	A
914	0.05618	0.05858	C
915	0.47812	0.51459	T
916	0.01857	0.0192	A
917	0.032	0.03248	C
918	0.00446	0.00446	C
919	0.0025	0.00282	T
920	0.0035	0.00525	T
921	0.00748	0.00773	C
922	0.0765	0.07798	A
923	0.06235	0.06362	A
924	0.09014	0.10542	C
925	0.00876	0.00929	T
926	0.07894	0.07894	C
927	0.02618	0.0268	C
928	0.03034	0.03956	A
929	0.00631	0.00987	T
930	0.03968	0.0404	C
931	0.08052	0.08364	A
932	0.00723	0.00817	T
933	0.00355	0.00389	G
934	0.01169	0.01169	A
935	0.0114	0.0114	A
936	0.00365	0.00398	G
937	0.01036	0.01161	T
938	0.00763	0.00788	G
939	0.00125	0.00183	T
940	0.00824	0.00832	G
941	0.10065	0.10373	A
942	0.01421	0.01429	C
943	0.00834	0.0085	G
944	0.00123	0.00131	T
945	0.00661	0.00661	G
946	0.00172	0.00172	G
947	0.01391	0.01811	A
948	0.0682	0.07059	C
949	0.14202	0.14219	A
950	0.00637	0.0075	T
951	0.00712	0.00712	C
952	0.01003	0.01003	C
953	0.00528	0.00674	G
954	0.00827	0.00844	C
955	0.01987	0.01987	A
956	0.03335	0.03359	A
957	0.05923	0.05986	A
958	0.00554	0.00577	G
959	0.03326	0.03342	A
960	0.06309	0.06309	C
961	0.03871	0.03871	C
962	0.00859	0.00907	T
963	0.00956	0.01004	G
964	0.0038	0.00475	T
965	0.05972	0.06458	A
966	0.05098	0.05201	C
967	0.00983	0.01062	G
968	0.02144	0.02144	C
969	0.01796	0.01796	C
970	0.03686	0.03862	A
971	0.05482	0.05505	A
972	0.07334	0.07654	C
973	0.05062	0.05453	A
974	0.0658	0.07023	C
975	0.68347	0.6855	A
976	0.00895	0.00962	G
977	0.00438	0.00483	T
978	0.00482	0.00482	G
979	0.03312	0.03386	C
980	0.0029	0.0029	T
981	0.0066	0.00704	G
982	0.00603	0.00685	T
983	0.06448	0.06456	C
984	0.67008	0.67224	T
985	0.00881	0.00962	G
986	0.01079	0.01079	G
987	0.0088	0.00991	C
988	0.01077	0.01077	G
989	0.00422	0.00459	G
990	0.076	0.08306	C
991	0.07492	0.07589	A
992	0.06254	0.06254	C
993	0.03572	0.03659	C
994	0.05411	0.06405	A
995	0.05097	0.05097	C
996	0.03441	0.03513	C
997	0.04808	0.06484	A
998	0.00521	0.00521	T
999	0.00572	0.0065	G
1000	0.00583	0.00597	T
1001	0.04754	0.04832	A
1002	0.45392	0.45421	C
1003	0.02391	0.02391	C
1004	0.01738	0.01745	C
1005	0.65475	0.65855	T
1006	0.00347	0.00347	G
1007	0.00534	0.00534	G
1008	0.03665	0.03672	C
1009	0.11315	0.11724	A
1010	0.00861	0.00861	T
1011	0.01328	0.01328	T
1012	0.00622	0.00643	G
1013	0.01087	0.01087	C
1014	0.00846	0.00846	C
1015	0.00459	0.00671	G
1016	0.09676	0.09704	A
1017	0.03738	0.03773	C
1018	0.06448	0.06575	A
1019	0.00387	0.00401	G
1020	0.01137	0.01137	G
1021	0.01747	0.03141	A
1022	0.00454	0.00454	T
1023	0.00593	0.00662	G
1024	0.03524	0.03593	C
1025	0.04658	0.04762	A
1026	0.0057	0.00611	G
1027	0.0775	0.07771	A
1028	0.06574	0.06782	A
1029	0.00556	0.00569	G
1030	0.00404	0.00404	G
1031	0.06353	0.08226	A
1032	0.00858	0.00878	G
1033	0.06642	0.07015	A
1034	0.00778	0.0087	T
1035	0.08161	0.08201	C
1036	0.08899	0.09103	A
1037	0.04918	0.05118	C
1038	0.64117	0.64509	T
1039	0.00546	0.00586	G
1040	0.0165	0.0165	C
1041	0.00908	0.00908	C
1042	0.01865	0.01865	C
1043	0.00777	0.00939	T
1044	0.01327	0.01415	G
1045	0.0047	0.00497	G
1046	0.03888	0.0416	C
1047	0.65407	0.6579	A
1048	0.08027	0.0804	C
1049	0.06296	0.06296	C
1050	0.02699	0.02713	C
1051	0.03134	0.04947	A
1052	0.00585	0.00599	G
1053	0.02833	0.02881	C
1054	0.02955	0.03009	A
1055	0.03447	0.03527	C
1056	0.63719	0.63719	A
1057	0.06801	0.0686	A
1058	0.00763	0.00789	T
1059	0.00599	0.00663	G
1060	0.06102	0.06147	A
1061	0.06171	0.06177	A
1062	0.00614	0.00708	G
1063	0.05532	0.05645	A
1064	0.00882	0.01006	T
1065	0.07557	0.07632	C
1066	0.06887	0.06942	A
1067	0.07444	0.07584	A
1068	0.00633	0.00718	G
1069	0.06583	0.06794	A
1070	0.00797	0.00965	T
1071	0.04173	0.04264	C
1072	0.05717	0.06146	A
1073	0.00689	0.00726	T
1074	0.36295	0.36802	T
1075	0.01134	0.0148	G
1076	0.03142	0.03383	C
1077	0.40163	0.40594	T
1078	0.02622	0.02629	C
1079	0.03822	0.03986	C
1080	0.38187	0.41974	T
1081	0.04051	0.04051	C
1082	0.0295	0.02985	C
1083	0.42881	0.43106	T
1084	0.0052	0.00749	G
1085	0.0587	0.06073	A
1086	0.00339	0.00381	G
1087	0.03278	0.03285	C
1088	0.00797	0.00824	G
1089	0.03464	0.03762	C
1090	0.03314	0.03369	A
1091	0.06695	0.06736	A
1092	0.01787	0.01821	G
1093	0.00573	0.00634	T
1094	0.08236	0.08478	A
1095	0.06128	0.06174	C
1096	0.00535	0.00595	T
1097	0.05233	0.05233	C
1098	0.53399	0.53452	C
1099	0.00684	0.00936	G
1100	0.00672	0.00772	T
1101	0.01992	0.02018	G
1102	0.00272	0.00292	T
1103	0.00539	0.00539	G
1104	0.00213	0.00213	G
1105	0.03451	0.04565	A
1106	0.00767	0.00787	T
1107	0.07684	0.07684	C
1108	0.00975	0.00982	G
1109	0.0084	0.0084	G
1110	0.50945	0.5108	C
1111	0.00619	0.00619	G
1112	0.00418	0.00418	G
1113	0.0372	0.04254	C
1114	0.00291	0.00298	T
1115	0.05357	0.05357	C
1116	0.03449	0.03483	C
1117	0.06093	0.07944	A
1118	0.00398	0.00458	T
1119	0.05027	0.05027	C
1120	0.02219	0.02293	C
1121	0.00512	0.00689	T
1122	0.00418	0.00418	G
1123	0.00487	0.00487	G
1124	0.0428	0.0428	C
1125	0.01695	0.01716	C
1126	0.00395	0.00616	T
1127	0.05931	0.05987	C
1128	0.47934	0.48227	G
1129	0.0484	0.04875	C
1130	0.00285	0.00292	T
1131	0.00603	0.00617	G
1132	0.00361	0.00368	T
1133	0.01521	0.01549	C
1134	0.00751	0.00758	C
1135	0.00963	0.01342	A
1136	0.0242	0.0242	C
1137	0.08192	0.08192	C
1138	0.00415	0.00436	T
1139	0.00623	0.00644	T
1140	0.06206	0.06213	C
1141	0.05978	0.06027	C
1142	0.04763	0.07158	A
1143	0.01048	0.01327	G
1144	0.06386	0.06497	C
1145	0.06571	0.06972	A
1146	0.00671	0.00684	G
1147	0.06119	0.06522	A
1148	0.0097	0.01024	T
1149	0.00626	0.00626	G
1150	0.00239	0.00259	T
1151	0.00422	0.00422	G
1152	0.00326	0.00326	G
1153	0.02164	0.03308	A
1154	0.00661	0.00879	T
1155	0.45772	0.46737	C
1156	0.04756	0.04845	A
1157	0.00944	0.01059	G
1158	0.04252	0.05067	C
1159	0.04058	0.04112	A
1160	0.06625	0.06881	A
1161	0.01908	0.02382	G
1162	0.05651	0.05811	C
1163	0.03427	0.03653	A
1164	0.00292	0.00299	G
1165	0.0046	0.0046	G
1166	0.04192	0.05252	A
1167	0.0167	0.0169	G
1168	0.0065	0.00716	T
1169	0.06778	0.06838	A
1170	0.40639	0.40698	T
1171	0.00617	0.00643	G
1172	0.07705	0.07823	A
1173	0.10016	0.10062	C
1174	0.00555	0.0062	G
1175	0.04173	0.04512	A
1176	0.01196	0.01203	G
1177	0.01175	0.01321	T
1178	0.03258	0.03273	C
1179	0.31569	0.31677	C
1180	0.00894	0.00903	G
1181	0.01034	0.0106	G
1182	0.03625	0.03705	C
1183	0.0201	0.0201	C
1184	0.05842	0.05842	C
1185	0.05769	0.05857	C
1186	0.00548	0.00654	T
1187	0.04267	0.04267	C
1188	0.01938	0.01955	C
1189	0.03361	0.03911	A
1190	0.00569	0.00684	T
1191	0.06233	0.06233	C
1192	0.01535	0.01553	G
1193	0.00581	0.00627	T
1194	0.019	0.019	C
1195	0.03051	0.03118	C
1196	0.03041	0.03772	A
1197	0.04714	0.04714	C
1198	0.05382	0.0542	C
1199	0.00487	0.00822	G
1200	0.07376	0.07997	C
1201	0.03215	0.03283	A
1202	0.05853	0.05919	A
1203	0.06066	0.06122	A
1204	0.00638	0.00684	T
1205	0.00546	0.00546	G
1206	0.04757	0.04887	C
1207	0.00298	0.00298	T
1208	0.00547	0.00556	T
1209	0.05505	0.06211	C
1210	0.00444	0.00472	T
1211	0.04753	0.0526	A
1212	0.13491	0.13491	G
1213	0.13305	0.13314	G
1214	0.02032	0.02061	C
1215	0.00536	0.00536	G
1216	0.00383	0.00402	G
1217	0.01523	0.02044	A
1218	0.05054	0.05228	C
1219	0.00596	0.00615	T
1220	0.05684	0.05926	A
1221	0.00815	0.00834	T
1222	0.00643	0.00766	G
1223	0.05102	0.0514	A
1224	0.0637	0.06577	C
1225	0.00466	0.00475	T
1226	0.00475	0.00484	T
1227	0.04173	0.05889	A
1228	0.00548	0.00548	G
1229	0.00343	0.00352	T
1230	0.00557	0.00557	T
1231	0.00327	0.00439	G
1232	0.04834	0.04881	C
1233	0.0119	0.0119	G
1234	0.0056	0.0057	T
1235	0.00442	0.00489	T
1236	0.04698	0.05835	A
1237	0.06545	0.06967	C
1238	0.0349	0.03651	A
1239	0.07613	0.07632	C
1240	0.04816	0.04862	C
1241	0.05268	0.05352	C
1242	0.00327	0.00355	T
1243	0.00744	0.00744	T
1244	0.0077	0.00789	T
1245	0.06607	0.07479	C
1246	0.00816	0.00825	T
1247	0.00576	0.00604	T
1248	0.00451	0.00598	G
1249	0.04597	0.04781	A
1250	0.08627	0.09139	C
1251	0.04896	0.0497	A
1252	0.02608	0.02845	A
1253	0.0318	0.03198	A
1254	0.05186	0.05194	A
1255	0.07272	0.07776	C
1256	0.03908	0.04074	C
1257	0.00637	0.00793	T
1258	0.06566	0.06696	A
1259	0.04219	0.04251	A
1260	0.05845	0.06084	C
1261	0.00414	0.00453	T
1262	0.00537	0.00576	T
1263	0.00505	0.00686	G
1264	0.03877	0.03932	C
1265	0.00842	0.01228	G
1266	0.03077	0.03211	C
1267	0.0675	0.06938	A
1268	0.0073	0.00917	G
1269	0.0447	0.0447	A
1270	0.02493	0.02508	A
1271	0.05298	0.05298	A
1272	0.06014	0.0605	A
1273	0.0696	0.08705	C
1274	0.05328	0.05328	A
1275	0.05652	0.05802	A
1276	0.00631	0.00753	G
1277	0.07113	0.07274	A
1278	0.01098	0.01151	T
1279	0.00692	0.00711	G
1280	0.06392	0.06477	A
1281	0.00718	0.00731	G
1282	0.0728	0.07429	A
1283	0.00585	0.00591	T
1284	0.00805	0.00817	T
1285	0.00611	0.00611	G
1286	0.00537	0.00636	G
1287	0.05574	0.05714	C
1288	0.07028	0.07622	A
1289	0.0081	0.00875	T
1290	0.00534	0.00539	G
1291	0.03052	0.03052	G
1292	0.07394	0.07715	C
1293	0.00073	0.00074	T
1294	0.00094	0.00097	T
1295	0.00072	0.00074	T
1296	0.82194	0.82463	A
1297	0.00091	0.00091	T
1298	0.00097	0.00097	T
1299	0.00138	0.00138	T
1300	0.79572	0.80838	G
1301	0.00032	0.00032	T
1302	0.0003	0.0003	T
1303	0.00029	0.00029	T
1304	0.00168	0.00168	T
1305	0.00076	0.00076	T
1306	0.00075	0.00075	T
1307	0.00075	0.00075	T
1308	0.00097	0.00098	T
1309	0.7813	0.81208	G
1310	0.00146	0.00146	T
1311	0.00065	0.00065	T
1312	0.00098	0.00098	T
1313	0.00101	0.00102	T
1314	0.78414	0.81245	G
1315	0.00104	0.00104	T
1316	0.00057	0.00057	T
1317	0.00135	0.00135	T
1318	0.00139	0.00141	T
1319	0.81675	0.81868	G
1320	0.80775	0.82119	G
1321	0.00071	0.00084	T
1322	0.00024	0.00031	T
1323	0.00038	0.00039	T
1324	0.00153	0.00154	T
1325	0.00118	0.00118	T
1326	0.00119	0.00119	T
1327	0.00077	0.00077	T
1328	0.0008	0.0008	T
1329	0.00086	0.00086	T
1330	0.00068	0.00068	T
1331	0.0007	0.0007	T
1332	0.00099	0.00099	T
1333	0.00051	0.00051	T
1334	0.00051	0.00051	T
1335	0.00038	0.00038	T
1336	0.00071	0.00071	T
1337	0.00263	0.00267	G
1338	0.00108	0.00112	G
1339	0.00593	0.00642	C
1340	0.00057	0.00058	T
1341	0.00076	0.00076	T
1342	0.00111	0.00123	G
1343	0.00577	0.00601	A
1344	0.00662	0.0068	C
1345	0.00101	0.0017	T
1346	0.00581	0.00595	C
1347	0.00501	0.00529	A
1348	0.00049	0.0005	G
1349	0.00032	0.00034	G
1350	0.00529	0.00598	A
1351	0.00041	0.00042	T
1352	0.00032	0.00033	T
1353	0.00047	0.00048	T
1354	0.00157	0.00158	A
1355	0.0033	0.0033	A
1356	0.0017	0.0017	A
1357	0.00346	0.00347	A
1358	0.00444	0.00444	A
1359	0.00616	0.00711	C
1360	0.00087	0.00091	T
1361	0.00052	0.00052	G
1362	0.00074	0.00077	G
1363	0.00399	0.00408	A
1364	0.00549	0.00555	A
1365	0.00756	0.0077	C
1366	0.00079	0.00079	G
1367	0.00055	0.00059	G
1368	0.00049	0.00053	T
1369	0.00093	0.00113	G
1370	0.00555	0.00558	A
1371	0.00523	0.00526	A
1372	0.00051	0.00051	G
1373	0.00087	0.00089	G
1374	0.0007	0.00074	T
1375	0.00056	0.00059	G
1376	0.00499	0.00527	A
1377	0.00522	0.00533	C
1378	0.0083	0.00843	A
1379	0.00092	0.0013	G
1380	0.00634	0.00651	C
1381	0.00807	0.00855	A
1382	0.00096	0.001	G
1383	0.00074	0.0008	T
1384	0.00576	0.00576	C
1385	0.00076	0.00076	G
1386	0.00102	0.00106	G
1387	0.00125	0.00125	T
1388	0.00138	0.00138	T
1389	0.00134	0.00134	G
1390	0.00057	0.00061	G
1391	0.00745	0.00891	A
1392	0.00103	0.00104	G
1393	0.00847	0.00891	C
1394	0.00139	0.00161	G
1395	0.01075	0.01093	A
1396	0.00159	0.00175	G
1397	0.00663	0.00728	C
1398	0.01235	0.01294	A
1399	0.00234	0.00272	T
1400	0.00403	0.00406	C
1401	0.00505	0.00506	C
1402	0.00709	0.00711	C
1403	0.00937	0.00937	C
1404	0.00962	0.00962	C
1405	0.00676	0.00703	A
1406	0.00844	0.00847	A
1407	0.01307	0.01307	A
1408	0.00264	0.00269	G
1409	0.00114	0.00115	T
1410	0.00174	0.0018	T
1411	0.01251	0.01278	C
1412	0.01124	0.01132	A
1413	0.01146	0.01173	C
1414	0.00799	0.00799	A
1415	0.01083	0.01106	A
1416	0.00155	0.00166	T
1417	0.00323	0.00332	G
1418	0.00224	0.00255	T
1419	0.00294	0.00294	G
1420	0.00259	0.00265	G
1421	0.01595	0.01606	C
1422	0.0261	0.02627	C
1423	0.0046	0.00641	G
1424	0.02877	0.03166	A
1425	0.00291	0.00291	G
1426	0.00176	0.00189	G
1427	0.00791	0.01033	A
1428	0.03276	0.03355	C
1429	0.00259	0.00266	T
1430	0.00382	0.00389	T
1431	0.00387	0.00387	T
1432	0.00253	0.00412	G
1433	0.05288	0.05487	A
1434	0.00606	0.00614	T
1435	0.00646	0.00659	T
1436	0.0047	0.0055	G
1437	0.01457	0.01532	C
1438	0.02089	0.02133	A
1439	0.02212	0.02249	C
1440	0.02496	0.02578	A
1441	0.00263	0.00263	T
1442	0.00314	0.00314	T
1443	0.00307	0.00428	G
1444	0.00431	0.00437	T
1445	0.00519	0.00519	T
1446	0.01053	0.01398	G
1447	0.00027	0.00027	T
1448	0.00055	0.00055	T
1449	0.00123	0.00123	T
1450	0.00158	0.00158	T
1451	0.00461	0.00461	T
1452	0.00304	0.00304	T
1453	0.00514	0.00514	T
1454	0.0615	0.06554	A
1455	0.07535	0.07775	A
1456	0.00668	0.00702	T
1457	0.05678	0.05949	A
1458	0.00589	0.0067	G
1459	0.00467	0.00494	T
1460	0.05097	0.05186	C
1461	0.04986	0.05265	A
1462	0.00688	0.00742	T
1463	0.00737	0.00778	T
1464	0.04224	0.04279	C
1465	0.04349	0.04438	C
1466	0.02364	0.02474	A
1467	0.04913	0.05027	A
1468	0.05168	0.05253	A
1469	0.00557	0.0081	T
1470	0.08078	0.08277	A
1471	0.00929	0.01018	T
1472	0.00719	0.00826	G
1473	0.07693	0.08139	A
1474	0.0081	0.00946	G
1475	0.05404	0.05884	A
1476	0.00531	0.00549	T
1477	0.00467	0.00529	G
1478	0.03749	0.03854	C
1479	0.84335	0.84403	G
1480	0.00543	0.00573	T
1481	0.00603	0.00609	T
1482	0.00388	0.00525	G
1483	0.00819	0.00819	T
1484	0.00592	0.00592	T
1485	0.02893	0.03799	A
1486	0.03351	0.03386	C
1487	0.0313	0.03362	A
1488	0.00496	0.00519	G
1489	0.00521	0.00521	G
1490	0.02765	0.02777	A
1491	0.0354	0.03581	A
1492	0.00399	0.00506	G
1493	0.00883	0.0099	T
1494	0.01127	0.01127	C
1495	0.00626	0.00626	C
1496	0.02172	0.02172	C
1497	0.0031	0.00316	T
1498	0.00689	0.00689	T
1499	0.00589	0.00619	G
1500	0.01471	0.01471	C
1501	0.01694	0.01701	C
1502	0.05789	0.07341	A
1503	0.00502	0.00544	T
1504	0.04518	0.04555	C
1505	0.03862	0.03892	C
1506	0.00742	0.00876	T
1507	0.056	0.05625	A
1508	0.04041	0.04083	A
1509	0.05347	0.05418	A
1510	0.06572	0.06595	A
1511	0.00976	0.01017	G
1512	0.00993	0.00993	C
1513	0.00704	0.00756	C
1514	0.02602	0.04248	A
1515	0.05081	0.05107	C
1516	0.02794	0.0282	C
1517	0.01089	0.01089	C
1518	0.0281	0.02817	C
1519	0.03521	0.04459	A
1520	0.06136	0.06227	C
1521	0.00385	0.00385	T
1522	0.00315	0.00315	T
1523	0.01403	0.01594	C
1524	0.00314	0.00314	T
1525	0.02657	0.02795	C
1526	0.00289	0.00289	T
1527	0.08702	0.09117	C
1528	0.00678	0.00697	T
1529	0.06932	0.0713	A
1530	0.07401	0.07542	A
1531	0.0047	0.0047	G
1532	0.00322	0.00335	G
1533	0.01807	0.02161	A
1534	0.00441	0.00485	G
1535	0.03241	0.03248	A
1536	0.07191	0.07369	A
1537	0.01169	0.01294	T
1538	0.00754	0.00754	G
1539	0.00398	0.00398	G
1540	0.0508	0.05099	C
1541	0.0631	0.0631	C
1542	0.047	0.047	C
1543	0.05369	0.09121	A
1544	0.00639	0.0067	G
1545	0.00684	0.00697	T
1546	0.01125	0.01125	C
1547	0.00846	0.00846	C
1548	0.00283	0.00392	T
1549	0.00627	0.00653	C
1550	0.00578	0.00714	T
1551	0.00815	0.00815	C
1552	0.00692	0.00692	C
1553	0.07651	0.07651	C
1554	0.07195	0.07256	A
1555	0.09124	0.09349	A
1556	0.00491	0.00657	G
1557	0.00852	0.00947	T
1558	0.07873	0.07898	C
1559	0.03719	0.03757	C
1560	0.01768	0.04137	A
1561	0.11012	0.11761	C
1562	0.05429	0.0643	A
1563	0.08666	0.09319	C
1564	0.10325	0.11415	A
1565	0.00534	0.00564	G
1566	0.00353	0.00353	G
1567	0.00496	0.00496	G
1568	0.00591	0.00591	G
1569	0.01739	0.02116	A
1570	0.00452	0.00452	G
1571	0.00565	0.00577	G
1572	0.0076	0.00831	T
1573	0.00609	0.00769	G
1574	0.07677	0.08214	A
1575	0.0092	0.00961	T
1576	0.10444	0.10566	A
1577	0.00623	0.00692	G
1578	0.03738	0.03847	C
1579	0.04945	0.05191	A
1580	0.00394	0.00428	T
1581	0.0058	0.0058	T
1582	0.00548	0.00593	G
1583	0.04751	0.04928	C
1584	0.00143	0.0016	T
1585	0.00753	0.00765	T
1586	0.00633	0.00633	T
1587	0.12448	0.13195	C
1588	0.01343	0.01406	G
1589	0.00993	0.01101	T
1590	0.00845	0.00975	G
1591	0.00649	0.0084	T
1592	0.02966	0.02994	A
1593	0.04616	0.04644	A
1594	0.07551	0.07685	A
1595	0.00739	0.00772	T
1596	0.00818	0.00841	T
1597	0.02979	0.06997	A
1598	0.01121	0.01127	T
1599	0.0079	0.00868	G
1600	0.00509	0.00675	T
1601	0.02914	0.0302	A
1602	0.03148	0.03476	A
1603	0.00615	0.00631	T
1604	0.00671	0.00761	G
1605	0.03857	0.04393	C
1606	0.01641	0.01702	A
1607	0.01306	0.01415	A
1608	0.02578	0.02907	A
1609	0.02453	0.02801	A
1610	0.00435	0.00467	T
1611	0.0009	0.00127	T
1612	0.00195	0.00211	T
1613	0.00274	0.00295	T
1614	0.00629	0.00645	T
1615	0.0061	0.0061	T
1616	0.00755	0.00755	T
1617	0.0474	0.05207	A
1618	0.06099	0.0638	A
1619	0.00783	0.00815	T
1620	0.08562	0.09142	C
1621	0.00863	0.00863	T
1622	0.02106	0.02189	T
1623	0.08042	0.09744	C
1624	0.01029	0.01143	G
1625	0.05389	0.05504	C
1626	0.04884	0.05212	C
1627	0.00685	0.0073	T
1628	0.00634	0.00738	T
1629	0.05003	0.0525	A
1630	0.05187	0.05384	A
1631	0.00831	0.00903	T
1632	0.04514	0.05251	A
1633	0.06142	0.07028	C
1634	0.00239	0.00265	T
1635	0.00165	0.00171	T
1636	0.00373	0.00386	T
1637	0.0055	0.00563	T
1638	0.00771	0.00783	T
1639	0.00665	0.00709	T
1640	0.06741	0.09171	A
1641	0.00328	0.00328	T
1642	0.00534	0.00534	T
1643	0.00721	0.00721	T
1644	0.00927	0.00958	T
1645	0.02251	0.02966	G
1646	0.00274	0.00274	T
1647	0.00589	0.00589	T
1648	0.00527	0.00527	T
1649	0.00692	0.00692	T
1650	0.06079	0.09514	A
1651	0.0027	0.0027	T
1652	0.00536	0.00536	T
1653	0.00779	0.00779	T
1654	0.00899	0.00906	T
1655	0.01207	0.0162	G
1656	0.06258	0.06349	A
1657	0.07525	0.07584	A
1658	0.01215	0.01345	T
1659	0.00627	0.00927	G
1660	0.07754	0.08127	A
1661	0.01647	0.01836	T
1662	0.00778	0.01081	G
1663	0.03829	0.04084	A
1664	0.00581	0.00641	G
1665	0.01102	0.01108	C
1666	0.00928	0.00928	C
1667	0.00399	0.00399	T
1668	0.00312	0.00423	T
1669	0.03202	0.03345	C
1670	0.01362	0.0193	G
1671	0.02351	0.02884	T
1672	0.00889	0.0113	G
1673	0.0285	0.02917	C
1674	0.03335	0.03343	C
1675	0.02255	0.02321	C
1676	0.03602	0.03602	C
1677	0.03403	0.03403	C
1678	0.05342	0.05359	C
1679	0.10815	0.10815	C
1680	0.01159	0.01251	T
1681	0.01105	0.01196	T
1682	0.04257	0.04257	C
1683	0.01413	0.01413	C
1684	0.02806	0.02806	C
1685	0.02778	0.02788	C
1686	0.07131	0.07141	C
1687	0.00393	0.00547	T
1688	0.00252	0.00262	T
1689	0.00206	0.00206	T
1690	0.00623	0.00623	T
1691	0.007	0.007	T
1692	0.02159	0.02159	T
1693	0.01099	0.01533	G
1694	0.03918	0.04004	T
1695	0.03022	0.03033	C
1696	0.01778	0.01778	C
1697	0.0211	0.0211	C
1698	0.04249	0.04249	C
1699	0.05176	0.052	C
1700	0.02417	0.02601	A
1701	0.04766	0.04766	A
1702	0.08542	0.08668	C
1703	0.00591	0.00606	T
1704	0.00531	0.00588	T
1705	0.00504	0.00691	G
1706	0.06445	0.06622	A
1707	0.00661	0.0069	G
1708	0.0473	0.04775	A
1709	0.0063	0.0063	T
1710	0.00319	0.00319	G
1711	0.00446	0.00446	T
1712	0.02992	0.02992	A
1713	0.00547	0.00547	T
1714	0.00441	0.00457	G
1715	0.01713	0.01713	A
1716	0.01766	0.01766	A
1717	0.00369	0.00369	G
1718	0.00354	0.00354	G
1719	0.01499	0.01613	C
1720	0.00279	0.00279	T
1721	0.00511	0.00511	T
1722	0.00814	0.00814	T
1723	0.01002	0.01002	T
1724	0.00764	0.00764	G
1725	0.00817	0.00817	G
1726	0.00344	0.00344	T
1727	0.02379	0.02396	C
1728	0.00317	0.00423	T
1729	0.01828	0.01828	C
1730	0.04755	0.04755	C
1731	0.03957	0.03975	C
1732	0.0024	0.00406	T
1733	0.00356	0.00356	G
1734	0.00604	0.00604	G
1735	0.0042	0.0042	G
1736	0.0375	0.0443	A
1737	0.00661	0.00661	G
1738	0.00765	0.00785	T
1739	0.00197	0.00197	G
1740	0.00337	0.00337	G
1741	0.00824	0.00824	G
1742	0.00368	0.0047	T
1743	0.00926	0.00926	G
1744	0.00621	0.00621	G
1745	0.04802	0.06249	A
1746	0.0052	0.0052	G
1747	0.00251	0.00251	G
1748	0.0833	0.08837	C
1749	0.06773	0.06837	A
1750	0.00556	0.00556	G
1751	0.05595	0.05595	C
1752	0.06099	0.06273	C
1753	0.02652	0.04361	A
1754	0.00328	0.00328	G
1755	0.0033	0.0033	G
1756	0.00398	0.00398	G
1757	0.02994	0.0382	C
1758	0.00269	0.00291	T
1759	0.00539	0.00539	T
1760	0.05019	0.06986	A
1761	0.03588	0.03588	C
1762	0.01623	0.01623	C
1763	0.0051	0.0051	T
1764	0.00678	0.00982	G
1765	0.00235	0.004	T
1766	0.03564	0.03706	A
1767	0.04045	0.04093	C
1768	0.06059	0.0618	A
1769	0.06629	0.06848	C
1770	0.0136	0.01384	T
1771	0.00944	0.01242	G
1772	0.04565	0.0474	A
1773	0.07334	0.0741	C
1774	0.00514	0.00514	T
1775	0.01045	0.01045	T
1776	0.00712	0.00817	G
1777	0.04599	0.05321	A
1778	0.01075	0.01209	G
1779	0.04753	0.04753	A
1780	0.04682	0.04709	C
1781	0.01933	0.02017	C
1782	0.03683	0.05612	A
1783	0.007	0.00846	G
1784	0.00325	0.00325	T
1785	0.00569	0.00569	T
1786	0.00673	0.00673	G
1787	0.03782	0.03813	A
1788	0.05036	0.05036	A
1789	0.00752	0.00877	T
1790	0.03332	0.03396	A
1791	0.02936	0.02936	A
1792	0.03015	0.03015	A
1793	0.04314	0.04415	A
1794	0.01241	0.01241	G
1795	0.01375	0.01375	T
1796	0.00799	0.00799	G
1797	0.02505	0.02726	C
1798	0.04721	0.04721	A
1799	0.02438	0.02438	C
1800	0.01351	0.01351	A
1801	0.01295	0.01295	C
1802	0.00886	0.00975	C
1803	0.0037	0.0037	T
1804	0.00242	0.00242	T
1805	0.00099	0.00099	A
1806	0.00103	0.00103	A
1807	0.0	0.0	A
1808	0.0	0.0	A
1809	0.0	0.0	A
1810	0.00057	0.00057	T
1811	0.0	0.0	G
1812	0.0	0.0	A
