Position	Mismatches	Mismatches + Deletions	Base
1	0.0	0.0	A
2	0.0	0.0	T
3	0.0	0.0	G
4	0.02907	0.02907	A
5	0.05857	0.06286	C
6	0.02971	0.02971	C
7	0.02386	0.02386	C
8	0.03619	0.04323	A
9	0.06817	0.07098	C
10	0.05271	0.05396	C
11	0.0259	0.0259	A
12	0.0441	0.04505	A
13	0.01279	0.01478	T
14	0.06273	0.06422	C
15	0.04224	0.04463	A
16	0.07659	0.08158	C
17	0.03436	0.03864	A
18	0.01258	0.01341	T
19	0.01013	0.01017	G
20	0.09078	0.09079	C
21	0.03625	0.0366	C
22	0.00963	0.01047	T
23	0.0481	0.04959	A
24	0.01376	0.01509	T
25	0.08686	0.09104	C
26	0.04818	0.05259	A
27	0.01539	0.01635	T
28	0.06265	0.06677	A
29	0.01446	0.01508	T
30	0.07344	0.07622	A
31	0.01374	0.01585	G
32	0.01393	0.01625	T
33	0.05742	0.0578	A
34	0.03706	0.03719	A
35	0.0524	0.05252	A
36	0.06311	0.06357	A
37	0.10331	0.11072	C
38	0.05467	0.05474	C
39	0.04069	0.04077	C
40	0.05308	0.07948	A
41	0.01369	0.01548	G
42	0.06844	0.06857	C
43	0.05279	0.05283	C
44	0.05279	0.05298	C
45	0.04885	0.07184	A
46	0.01412	0.01593	T
47	0.00829	0.00957	G
48	0.07469	0.07662	A
49	0.01494	0.01509	C
50	0.01364	0.01374	C
51	0.01546	0.01553	C
52	0.00858	0.00866	C
53	0.00842	0.00985	T
54	0.0793	0.08028	A
55	0.07503	0.07547	A
56	0.13427	0.13901	C
57	0.07725	0.08233	A
58	0.00493	0.00509	G
59	0.00368	0.00369	G
60	0.0058	0.00586	G
61	0.00681	0.00681	G
62	0.03259	0.03275	C
63	0.03407	0.03407	C
64	0.07059	0.07059	C
65	0.01303	0.01595	T
66	0.07748	0.07882	C
67	0.01706	0.02782	T
68	0.08974	0.09422	C
69	0.08034	0.09034	A
70	0.01369	0.01475	G
71	0.07925	0.07959	C
72	0.03654	0.03667	C
73	0.03797	0.03913	C
74	0.00911	0.01171	T
75	0.0764	0.07646	C
76	0.04727	0.05078	C
77	0.01263	0.01376	T
78	0.0615	0.06311	A
79	0.06576	0.06681	A
80	0.01579	0.01641	T
81	0.00972	0.01193	G
82	0.06712	0.06865	A
83	0.10018	0.10166	C
84	0.06576	0.06696	C
85	0.0113	0.01484	T
86	0.10269	0.10284	C
87	0.04712	0.04882	C
88	0.00845	0.00906	G
89	0.00696	0.00697	G
90	0.01983	0.01983	C
91	0.0117	0.01196	C
92	0.00386	0.00446	T
93	0.02362	0.02535	A
94	0.00525	0.00547	G
95	0.10569	0.10581	C
96	0.06274	0.06287	C
97	0.02653	0.03647	A
98	0.00621	0.00646	T
99	0.00622	0.00634	G
100	0.00714	0.00745	T
101	0.00491	0.00537	G
102	0.0608	0.06403	A
103	0.00647	0.00657	T
104	0.00922	0.00941	T
105	0.01257	0.0127	T
106	0.08915	0.09318	C
107	0.04785	0.05021	A
108	0.07706	0.08019	C
109	0.01255	0.01325	T
110	0.01855	0.01873	T
111	0.09585	0.09609	C
112	0.05247	0.05509	C
113	0.04394	0.05691	A
114	0.04485	0.0467	C
115	0.01287	0.01389	T
116	0.05096	0.05099	C
117	0.04342	0.04484	C
118	0.02588	0.04825	A
119	0.00969	0.01201	T
120	0.03903	0.03945	A
121	0.04459	0.04911	A
122	0.07636	0.08281	C
123	0.01063	0.01129	G
124	0.04882	0.05015	C
125	0.0062	0.00913	T
126	0.04329	0.04349	C
127	0.02452	0.02503	C
128	0.00541	0.00773	T
129	0.02845	0.02926	C
130	0.01533	0.01901	A
131	0.00431	0.00462	T
132	0.06919	0.0705	A
133	0.01838	0.01959	C
134	0.00408	0.00447	T
135	0.01248	0.01579	A
136	0.00473	0.00491	G
137	0.00326	0.00333	G
138	0.01394	0.01395	C
139	0.00823	0.00843	C
140	0.00773	0.00887	T
141	0.0359	0.03642	A
142	0.057	0.06042	C
143	0.00871	0.01013	T
144	0.0282	0.02873	A
145	0.0292	0.03082	A
146	0.05834	0.05842	C
147	0.03588	0.03634	C
148	0.02199	0.02263	A
149	0.02749	0.02772	A
150	0.05444	0.05764	C
151	0.0361	0.03834	A
152	0.0541	0.05878	C
153	0.02779	0.02876	A
154	0.05419	0.05752	C
155	0.00871	0.01062	T
156	0.03461	0.03498	A
157	0.03805	0.03861	A
158	0.05189	0.05214	C
159	0.04117	0.04158	C
160	0.02561	0.03189	A
161	0.00792	0.00859	T
162	0.04249	0.04538	A
163	0.01065	0.01177	T
164	0.05557	0.05621	A
165	0.06684	0.06792	C
166	0.05165	0.05282	C
167	0.03051	0.03058	A
168	0.04584	0.04694	A
169	0.00895	0.00937	T
170	0.00598	0.00906	G
171	0.04642	0.04779	A
172	0.0176	0.0184	T
173	0.00735	0.00752	G
174	0.00711	0.00744	G
175	0.06574	0.06861	C
176	0.01114	0.01155	G
177	0.05061	0.05283	C
178	0.00899	0.00976	G
179	0.04067	0.04327	A
180	0.00954	0.00988	T
181	0.01025	0.01075	G
182	0.00798	0.00912	T
183	0.05588	0.05615	A
184	0.05012	0.05116	A
185	0.07787	0.08201	C
186	0.05001	0.05081	A
187	0.08888	0.09133	C
188	0.00908	0.01019	G
189	0.0606	0.06221	A
190	0.00911	0.00967	G
191	0.0584	0.05893	A
192	0.05358	0.05367	A
193	0.06981	0.0712	A
194	0.00984	0.01156	G
195	0.08751	0.09169	C
196	0.04753	0.05099	A
197	0.09303	0.09687	C
198	0.05165	0.05734	A
199	0.00876	0.01021	T
200	0.06599	0.06672	A
201	0.11015	0.11111	C
202	0.0639	0.06504	C
203	0.03266	0.0328	A
204	0.03666	0.03841	A
205	0.00476	0.005	G
206	0.00554	0.00565	G
207	0.0132	0.01352	C
208	0.00748	0.00855	C
209	0.05824	0.07907	A
210	0.0965	0.0966	C
211	0.06605	0.07399	C
212	0.02719	0.06907	A
213	0.08319	0.09504	C
214	0.048	0.06136	A
215	0.09166	0.1036	C
216	0.05104	0.05463	A
217	0.09199	0.09205	C
218	0.07614	0.08777	C
219	0.04312	0.05285	A
220	0.12529	0.12537	C
221	0.04396	0.04653	C
222	0.01048	0.01225	T
223	0.00831	0.00954	G
224	0.01195	0.01251	T
225	0.08352	0.08375	C
226	0.08156	0.08203	C
227	0.00378	0.00485	A
228	0.03882	0.03898	A
229	0.05483	0.05492	A
230	0.07952	0.07959	A
231	0.08125	0.08149	A
232	0.00491	0.00529	G
233	0.00473	0.00479	G
234	0.02462	0.02463	C
235	0.01426	0.01432	C
236	0.00275	0.0028	T
237	0.00559	0.00566	T
238	0.10176	0.11199	C
239	0.01499	0.01568	G
240	0.09034	0.09312	A
241	0.00989	0.01059	T
242	0.08512	0.08725	A
243	0.11928	0.1278	C
244	0.00666	0.0068	G
245	0.00484	0.00499	G
246	0.00469	0.00486	G
247	0.04985	0.07477	A
248	0.01104	0.01222	T
249	0.07097	0.07113	A
250	0.07599	0.08472	A
251	0.01083	0.01204	T
252	0.10198	0.10474	C
253	0.05144	0.05379	C
254	0.00699	0.00752	T
255	0.06116	0.06674	A
256	0.00906	0.0092	T
257	0.01215	0.01219	T
258	0.01308	0.01334	T
259	0.08835	0.10357	A
260	0.01032	0.01033	T
261	0.01123	0.0143	T
262	0.06761	0.10758	A
263	0.17463	0.17901	C
264	0.02674	0.0284	C
265	0.00425	0.00679	T
266	0.02865	0.02928	C
267	0.02219	0.02433	A
268	0.00658	0.0088	G
269	0.00475	0.00525	A
270	0.00802	0.00831	A
271	0.94215	0.96469	G
272	0.01785	0.01982	T
273	0.00226	0.00275	T
274	0.00149	0.00162	T
275	0.00319	0.0032	T
276	0.00263	0.00263	T
277	0.00527	0.00528	T
278	0.00554	0.00555	T
279	0.07778	0.10592	C
280	0.01015	0.01015	T
281	0.01564	0.01614	T
282	0.15412	0.17427	C
283	0.01782	0.02212	G
284	0.11846	0.12362	C
285	0.07279	0.07503	A
286	0.00802	0.00839	G
287	0.00786	0.00836	G
288	0.02161	0.02314	A
289	0.00176	0.00177	T
290	0.00296	0.00296	T
291	0.0015	0.00151	T
292	0.00309	0.00309	T
293	0.00306	0.0031	T
294	0.02675	0.03316	C
295	0.00616	0.00652	T
296	0.00586	0.00765	G
297	0.02605	0.02677	A
298	0.0066	0.00709	G
299	0.07779	0.07827	C
300	0.05765	0.05899	C
301	0.005	0.00504	T
302	0.00792	0.00799	T
303	0.0085	0.00855	T
304	0.01121	0.01135	T
305	0.06746	0.08359	A
306	0.12467	0.12553	C
307	0.0637	0.06463	C
308	0.03986	0.0534	A
309	0.09359	0.09632	C
310	0.01099	0.01214	T
311	0.07667	0.07677	C
312	0.05541	0.05777	C
313	0.04535	0.07559	A
314	0.00442	0.00474	G
315	0.03804	0.03818	C
316	0.01917	0.01964	C
317	0.00788	0.00931	T
318	0.08524	0.09275	A
319	0.01265	0.01381	G
320	0.03365	0.03408	C
321	0.01338	0.01366	C
322	0.03312	0.03338	C
323	0.04071	0.04139	C
324	0.01297	0.01797	T
325	0.04946	0.05671	A
326	0.02635	0.02666	C
327	0.01943	0.0205	C
328	0.02566	0.02737	C
329	0.031	0.03147	C
330	0.03029	0.0304	C
331	0.04002	0.04024	C
332	0.02828	0.02899	A
333	0.05229	0.05241	A
334	0.00894	0.00903	T
335	0.00803	0.00805	T
336	0.05182	0.06205	A
337	0.00333	0.00349	G
338	0.00355	0.00365	G
339	0.04628	0.05636	A
340	0.00376	0.00376	G
341	0.00271	0.00271	G
342	0.00402	0.00404	G
343	0.02851	0.03273	C
344	0.05904	0.0599	A
345	0.07645	0.07738	C
346	0.00761	0.00795	T
347	0.00677	0.00686	G
348	0.00448	0.00456	G
349	0.02864	0.0287	C
350	0.04049	0.04058	C
351	0.04606	0.04611	C
352	0.04415	0.04415	C
353	0.05739	0.0574	C
354	0.04002	0.04116	A
355	0.04736	0.04864	A
356	0.10159	0.1058	C
357	0.04301	0.04712	A
358	0.00508	0.00534	G
359	0.00536	0.00542	G
360	0.04317	0.04421	C
361	0.06457	0.06634	A
362	0.01613	0.02051	T
363	0.06035	0.06468	C
364	0.04603	0.05184	A
365	0.08626	0.08649	C
366	0.05244	0.05256	C
367	0.04167	0.04171	C
368	0.04291	0.0431	C
369	0.01157	0.01346	G
370	0.04329	0.04435	C
371	0.00674	0.00716	T
372	0.02455	0.02482	A
373	0.03693	0.03719	A
374	0.04204	0.04268	A
375	0.0218	0.02352	T
376	0.03558	0.03623	C
377	0.02941	0.02946	C
378	0.04477	0.04484	C
379	0.03651	0.03663	C
380	0.00559	0.00597	T
381	0.05304	0.05428	A
382	0.00551	0.00584	G
383	0.02604	0.02614	A
384	0.03541	0.03687	A
385	0.00735	0.00845	G
386	0.01926	0.02071	T
387	0.02523	0.02536	C
388	0.02604	0.02609	C
389	0.02481	0.02504	C
390	0.02343	0.02854	A
391	0.03175	0.03292	C
392	0.05652	0.05693	T
393	0.0266	0.02666	C
394	0.0136	0.01432	C
395	0.00413	0.00522	T
396	0.02012	0.02092	A
397	0.02188	0.02234	A
398	0.01747	0.01783	A
399	0.03647	0.04048	C
400	0.01968	0.02097	A
401	0.03435	0.03764	C
402	0.02184	0.02323	A
403	0.00602	0.00688	T
404	0.02964	0.02979	C
405	0.02712	0.02743	C
406	0.00354	0.00533	G
407	0.00378	0.00412	T
408	0.02308	0.02376	A
409	0.00633	0.00633	T
410	0.00584	0.00601	T
411	0.0212	0.03384	A
412	0.03202	0.03327	C
413	0.00782	0.0085	T
414	0.02227	0.02341	C
415	0.0043	0.00498	G
416	0.01333	0.01505	C
417	0.03337	0.03413	A
418	0.00298	0.00429	T
419	0.01963	0.01982	C
420	0.01822	0.01905	A
421	0.00266	0.00275	G
422	0.00188	0.002	G
423	0.02221	0.02917	A
424	0.00501	0.00515	G
425	0.0044	0.00496	T
426	0.0365	0.03703	A
427	0.01079	0.01168	T
428	0.05523	0.05605	C
429	0.03187	0.03263	A
430	0.03524	0.0387	A
431	0.00757	0.00947	T
432	0.03737	0.03904	C
433	0.03571	0.0366	A
434	0.02415	0.02434	C
435	0.01791	0.01823	C
436	0.00489	0.00548	T
437	0.00456	0.0059	G
438	0.02648	0.02719	A
439	0.00798	0.00803	G
440	0.03393	0.03526	C
441	0.01334	0.01454	T
442	0.05387	0.05539	C
443	0.0333	0.03468	A
444	0.06278	0.06278	C
445	0.04495	0.04651	C
446	0.02924	0.03886	A
447	0.00774	0.00854	T
448	0.04565	0.04731	A
449	0.0073	0.00806	G
450	0.00828	0.00898	T
451	0.04197	0.04253	C
452	0.0103	0.01203	T
453	0.03815	0.03861	A
454	0.03507	0.03609	A
455	0.01648	0.01942	T
456	0.04614	0.04739	A
457	0.01815	0.02187	G
458	0.03079	0.03116	A
459	0.02066	0.02067	A
460	0.03817	0.03827	A
461	0.03283	0.03332	A
462	0.07417	0.09063	C
463	0.0305	0.0305	A
464	0.03261	0.03331	A
465	0.06836	0.06912	C
466	0.03797	0.03913	C
467	0.01411	0.02186	G
468	0.02001	0.02151	A
469	0.02998	0.03056	A
470	0.04135	0.04166	A
471	0.07153	0.07214	C
472	0.04784	0.04996	C
473	0.01661	0.01703	A
474	0.03253	0.03287	A
475	0.03762	0.03848	A
476	0.01159	0.01458	T
477	0.04882	0.04883	A
478	0.06108	0.0675	A
479	0.00831	0.00847	T
480	0.01044	0.01084	T
481	0.09718	0.10235	C
482	0.04145	0.04181	A
483	0.04655	0.04717	A
484	0.00724	0.00959	G
485	0.05345	0.05642	C
486	0.0698	0.07391	A
487	0.09817	0.10095	C
488	0.01092	0.01166	T
489	0.00455	0.00492	G
490	0.055	0.05737	C
491	0.00592	0.006	T
492	0.00701	0.00741	T
493	0.04835	0.07566	A
494	0.00857	0.00858	T
495	0.00943	0.01088	T
496	0.04437	0.08072	A
497	0.12533	0.13323	C
498	0.05144	0.05195	A
499	0.07386	0.07968	A
500	0.00409	0.00416	T
501	0.00535	0.00538	T
502	0.00695	0.00703	T
503	0.01038	0.0104	T
504	0.10147	0.13089	A
505	0.14086	0.14458	C
506	0.00903	0.00933	T
507	0.00508	0.0052	G
508	0.00542	0.00545	G
509	0.00702	0.00744	G
510	0.00534	0.00612	T
511	0.10153	0.103	C
512	0.00893	0.00912	T
513	0.11472	0.12133	C
514	0.00797	0.00806	T
515	0.11249	0.11709	A
516	0.00511	0.00511	T
517	0.00921	0.00921	T
518	0.0097	0.0097	T
519	0.01169	0.01172	T
520	0.055	0.06377	A
521	0.05438	0.05473	C
522	0.02316	0.02338	C
523	0.02049	0.02107	C
524	0.00753	0.00973	T
525	0.09976	0.09984	C
526	0.05299	0.05872	C
527	0.00966	0.01188	T
528	0.07645	0.08273	A
529	0.12957	0.13416	C
530	0.06568	0.0689	A
531	0.07305	0.07732	A
532	0.00616	0.00748	G
533	0.06684	0.06698	C
534	0.03888	0.03924	C
535	0.00706	0.0169	T
536	0.07919	0.08036	C
537	0.06909	0.07829	A
538	0.00555	0.00601	G
539	0.05188	0.05388	A
540	0.01046	0.01095	G
541	0.01583	0.0164	T
542	0.06029	0.06139	A
543	0.08699	0.08943	C
544	0.0084	0.00852	T
545	0.01312	0.0132	T
546	0.08441	0.09214	C
547	0.01176	0.01301	G
548	0.07031	0.07285	A
549	0.00967	0.01013	G
550	0.00878	0.00998	T
551	0.041	0.04256	C
552	0.00945	0.01154	T
553	0.07453	0.0751	C
554	0.10469	0.10485	C
555	0.07176	0.07628	C
556	0.00862	0.00933	T
557	0.01207	0.01254	T
558	0.08213	0.09919	C
559	0.06585	0.06976	A
560	0.11485	0.115	C
561	0.06982	0.07354	C
562	0.06969	0.08385	A
563	0.00442	0.00472	T
564	0.00968	0.0098	T
565	0.00798	0.00801	T
566	0.07419	0.07456	C
567	0.04132	0.04278	C
568	0.01008	0.01488	G
569	0.06141	0.0641	A
570	0.08869	0.09313	C
571	0.00703	0.00725	G
572	0.00629	0.00655	G
573	0.07272	0.07704	C
574	0.06908	0.07032	A
575	0.00867	0.00925	T
576	0.06618	0.06716	C
577	0.00764	0.0089	T
578	0.07278	0.08707	A
579	0.1022	0.1049	C
580	0.00647	0.0068	G
581	0.00653	0.00682	G
582	0.01889	0.02097	C
583	0.00326	0.00429	T
584	0.04772	0.04932	C
585	0.04972	0.05124	A
586	0.04682	0.04723	A
587	0.10452	0.10891	C
588	0.02866	0.02999	A
589	0.0018	0.002	T
590	0.00117	0.00118	T
591	0.00253	0.00253	T
592	0.00392	0.00393	T
593	0.00496	0.00496	T
594	0.00409	0.00409	T
595	0.01177	0.01548	G
596	0.01218	0.01583	T
597	0.02931	0.03186	A
598	0.01016	0.0104	G
599	0.00475	0.00483	C
600	0.00591	0.00605	C
601	0.07179	0.0991	A
602	0.12092	0.13152	C
603	0.04993	0.07525	A
604	0.00516	0.00555	G
605	0.00477	0.00479	G
606	0.05072	0.05232	C
607	0.00631	0.00643	T
608	0.00935	0.00938	T
609	0.07032	0.07036	C
610	0.06977	0.07045	C
611	0.05188	0.06844	A
612	0.0792	0.08143	C
613	0.00694	0.00855	G
614	0.0042	0.00433	G
615	0.0294	0.03823	A
616	0.10263	0.10381	C
617	0.00706	0.00741	T
618	0.01088	0.0114	T
619	0.08135	0.08965	C
620	0.05987	0.06261	A
621	0.11343	0.1162	C
622	0.00686	0.00857	G
623	0.00672	0.01105	T
624	0.04762	0.04816	C
625	0.07109	0.07429	A
626	0.01018	0.01029	T
627	0.00948	0.00974	T
628	0.05451	0.11147	A
629	0.01118	0.0112	T
630	0.01641	0.01657	T
631	0.01065	0.01096	G
632	0.00796	0.00825	G
633	0.05394	0.05696	C
634	0.00834	0.00963	T
635	0.08441	0.08786	C
636	0.04804	0.05014	A
637	0.05739	0.0578	A
638	0.12132	0.12781	C
639	0.00448	0.00477	T
640	0.01113	0.01135	T
641	0.00873	0.00885	T
642	0.07713	0.0778	C
643	0.0482	0.05014	C
644	0.01411	0.01708	T
645	0.06072	0.06396	C
646	0.04439	0.04913	A
647	0.08581	0.09355	C
648	0.00888	0.00961	T
649	0.06585	0.07275	A
650	0.00858	0.00916	T
651	0.0764	0.07962	C
652	0.01177	0.01201	T
653	0.0058	0.00656	G
654	0.05996	0.06177	C
655	0.00713	0.00716	T
656	0.00743	0.00758	T
657	0.03963	0.04194	C
658	0.03896	0.04293	A
659	0.01294	0.01527	T
660	0.06261	0.06333	C
661	0.04468	0.04791	C
662	0.0058	0.00702	G
663	0.02153	0.02163	C
664	0.02078	0.02115	C
665	0.01148	0.01218	A
666	0.02216	0.0223	A
667	0.05173	0.05484	C
668	0.00422	0.00464	T
669	0.02635	0.02676	A
670	0.02576	0.0273	A
671	0.00385	0.00422	T
672	0.05593	0.05799	A
673	0.00265	0.0027	T
674	0.00462	0.00481	T
675	0.00665	0.00682	T
676	0.06216	0.06563	C
677	0.05803	0.05869	A
678	0.06552	0.06776	C
679	0.00371	0.00394	T
680	0.00577	0.00593	T
681	0.00573	0.00585	T
682	0.04786	0.05397	A
683	0.05919	0.06314	C
684	0.04205	0.04353	A
685	0.01107	0.01238	T
686	0.0406	0.04125	C
687	0.03173	0.03283	C
688	0.01799	0.01892	A
689	0.04453	0.04682	A
690	0.04472	0.04505	A
691	0.05945	0.06847	C
692	0.0407	0.04316	A
693	0.00727	0.00906	T
694	0.06092	0.06342	C
695	0.05203	0.05282	A
696	0.10143	0.10618	C
697	0.00549	0.00561	T
698	0.00815	0.00819	T
699	0.00804	0.00805	T
700	0.0045	0.00455	G
701	0.00415	0.00419	G
702	0.02748	0.0283	C
703	0.0047	0.00476	T
704	0.01276	0.01281	T
705	0.10649	0.11705	C
706	0.00895	0.01137	G
707	0.04761	0.04894	A
708	0.04681	0.04769	A
709	0.00659	0.00781	G
710	0.01135	0.01204	C
711	0.0441	0.04468	C
712	0.00958	0.01421	G
713	0.10259	0.10272	C
714	0.04397	0.04564	C
715	0.00663	0.00892	G
716	0.0289	0.0289	C
717	0.01842	0.01853	C
718	0.00562	0.00792	T
719	0.00731	0.01324	G
720	0.08136	0.08331	A
721	0.01188	0.0126	T
722	0.07931	0.08162	A
723	0.13303	0.13808	C
724	0.01106	0.01142	T
725	0.00552	0.00579	G
726	0.00595	0.0062	G
727	0.01805	0.01872	C
728	0.08535	0.08643	A
729	0.00323	0.00324	T
730	0.00672	0.00675	T
731	0.00952	0.00953	T
732	0.01052	0.01053	T
733	0.01164	0.01789	G
734	0.00795	0.00824	T
735	0.06794	0.06952	A
736	0.00794	0.0082	G
737	0.03854	0.04091	A
738	0.00664	0.00694	T
739	0.01064	0.01109	G
740	0.01569	0.01658	T
741	0.00876	0.00877	G
742	0.01145	0.01296	G
743	0.00875	0.00878	T
744	0.01261	0.01277	T
745	0.01139	0.01141	T
746	0.00833	0.01076	G
747	0.05082	0.05267	A
748	0.06407	0.06808	C
749	0.00567	0.00593	T
750	0.13978	0.15161	A
751	0.00338	0.00344	T
752	0.01111	0.01115	T
753	0.01248	0.01257	T
754	0.13139	0.14044	C
755	0.01268	0.01279	T
756	0.01219	0.01554	G
757	0.00795	0.0086	T
758	0.06154	0.06351	A
759	0.01328	0.0134	T
760	0.01521	0.01583	G
761	0.01142	0.01181	T
762	0.01687	0.01735	C
763	0.02423	0.02444	T
764	0.01776	0.01783	C
765	0.01199	0.01257	C
766	0.01413	0.01887	A
767	0.00309	0.00328	T
768	0.02073	0.02165	C
769	0.00444	0.00462	T
770	0.03786	0.04021	A
771	0.00453	0.00453	T
772	0.00872	0.00876	T
773	0.00471	0.00522	G
774	0.02681	0.02746	A
775	0.02082	0.02127	T
776	0.01116	0.01258	G
777	0.04789	0.04925	A
778	0.00774	0.00774	G
779	0.00375	0.00375	G
780	0.01414	0.01414	G
781	0.0034	0.0036	T
782	0.0101	0.01069	C
783	0.00523	0.00523	T
784	9e-05	9e-05	T
785	0.0	0.0	A
786	0.0	0.0	A
