Position	Mismatches	Mismatches + Deletions	Base
1	0.0	0.0	A
2	0.0	0.0	T
3	0.0	0.0	T
4	0.06192	0.06192	A
5	0.05556	0.05556	A
6	0.00953	0.00953	T
7	0.08117	0.09573	C
8	0.07669	0.07771	C
9	0.07235	0.07235	C
10	0.04739	0.04739	C
11	0.00657	0.00938	T
12	0.00463	0.00463	G
13	0.00367	0.00367	G
14	0.05292	0.05292	C
15	0.05359	0.05359	C
16	0.07453	0.07453	C
17	0.04464	0.04635	A
18	0.06122	0.06122	A
19	0.07897	0.07977	C
20	0.05825	0.059	C
21	0.06828	0.06899	C
22	0.00824	0.01305	G
23	0.00472	0.00674	T
24	0.0691	0.06977	C
25	0.06586	0.06903	A
26	0.01327	0.01448	T
27	0.0896	0.0908	C
28	0.01029	0.01086	T
29	0.05869	0.06716	A
30	0.06298	0.06572	C
31	0.00841	0.00894	T
32	0.06282	0.06594	C
33	0.01115	0.01166	T
34	0.06439	0.0664	A
35	0.11188	0.11337	C
36	0.06009	0.06199	C
37	0.04901	0.0661	A
38	0.007	0.00875	T
39	0.08834	0.08834	C
40	0.00751	0.00791	T
41	0.00628	0.00628	T
42	0.00937	0.00937	T
43	0.01212	0.01877	G
44	0.07046	0.07433	C
45	0.0296	0.03076	A
46	0.00568	0.00568	G
47	0.00453	0.00453	G
48	0.01326	0.01553	C
49	0.08283	0.08547	A
50	0.05931	0.05968	C
51	0.0285	0.03109	A
52	0.02151	0.0226	C
53	0.00807	0.01064	T
54	0.02926	0.03072	C
55	0.0401	0.0469	A
56	0.01497	0.02103	T
57	0.14147	0.14829	C
58	0.09778	0.11154	A
59	0.11088	0.12891	C
60	0.05322	0.06635	A
61	0.00334	0.00367	G
62	0.04647	0.04779	C
63	0.00765	0.00765	G
64	0.05521	0.0605	C
65	0.02048	0.02213	T
66	0.08192	0.08325	A
67	0.09852	0.1028	A
68	0.00742	0.00936	G
69	0.0735	0.07963	C
70	0.00961	0.01153	T
71	0.05706	0.05802	C
72	0.00541	0.00731	G
73	0.01902	0.01933	C
74	0.06831	0.07021	A
75	0.08984	0.08984	C
76	0.01015	0.01046	T
77	0.00703	0.00794	G
78	0.01613	0.01643	A
79	0.0006	0.0006	T
80	0.00176	0.00176	T
81	0.00498	0.00498	T
82	0.0076	0.0076	T
83	0.00907	0.00907	T
84	0.00675	0.00675	T
85	0.1007	0.113	A
86	0.1572	0.15749	C
87	0.08547	0.08576	C
88	0.00319	0.00348	T
89	0.00261	0.00261	G
90	0.01577	0.01636	A
91	0.00584	0.00584	G
92	0.00321	0.00467	T
93	0.07316	0.07931	A
94	0.00759	0.00759	G
95	0.00497	0.00497	G
96	0.03159	0.03217	C
97	0.01664	0.01723	C
98	0.00382	0.00411	T
99	0.07505	0.07622	A
100	0.00814	0.00931	G
101	0.02945	0.02945	A
102	0.06158	0.06216	A
103	0.04981	0.0501	A
104	0.01522	0.01666	T
105	0.06312	0.06312	A
106	0.04811	0.04811	A
107	0.06062	0.06348	A
108	0.09627	0.11364	C
109	0.06222	0.0625	A
110	0.01308	0.01336	T
111	0.01008	0.01092	G
112	0.06702	0.07151	C
113	0.0084	0.00896	T
114	0.06614	0.06867	A
115	0.00728	0.00728	G
116	0.09584	0.09865	C
117	0.0053	0.0053	T
118	0.00699	0.00699	T
119	0.00396	0.00396	T
120	0.00946	0.01003	T
121	0.06795	0.09531	A
122	0.00798	0.00798	T
123	0.02212	0.02298	T
124	0.07014	0.07457	C
125	0.04932	0.05109	C
126	0.03966	0.06358	A
127	0.01072	0.01102	G
128	0.0154	0.0154	T
129	0.0115	0.01212	T
130	0.0597	0.07359	C
131	0.01991	0.02464	T
132	0.03107	0.03299	A
133	0.02724	0.02885	A
134	0.05034	0.05034	C
135	0.07574	0.08064	C
136	0.00218	0.00342	A
137	0.00123	0.00185	A
138	0.00216	0.00278	A
139	0.0235	0.02443	A
140	0.01083	0.01083	A
141	0.01999	0.0203	A
142	0.02512	0.02606	A
143	0.06734	0.07208	T
144	0.0253	0.0253	A
145	0.02798	0.02798	A
146	0.03764	0.03764	A
147	0.05736	0.05998	C
148	0.03058	0.03124	C
149	0.03413	0.03446	C
150	0.0095	0.00984	T
151	0.04875	0.04943	C
152	0.01113	0.01392	G
153	0.0082	0.0082	T
154	0.01081	0.01081	T
155	0.0542	0.05494	C
156	0.05551	0.05551	C
157	0.03119	0.03728	A
158	0.06516	0.06554	C
159	0.03699	0.04663	A
160	0.00624	0.0078	G
161	0.02576	0.02576	A
162	0.0372	0.042	A
163	0.00526	0.00607	G
164	0.03424	0.0396	C
165	0.01175	0.01217	T
166	0.00681	0.00681	G
167	0.0323	0.0323	C
168	0.0173	0.01819	C
169	0.02355	0.02491	A
170	0.00368	0.00506	T
171	0.05759	0.05899	C
172	0.03825	0.03825	A
173	0.08376	0.08565	A
174	0.00523	0.0057	G
175	0.00533	0.00582	T
176	0.03408	0.03554	A
177	0.00294	0.00294	T
178	0.01	0.01	T
179	0.00626	0.00678	T
180	0.04979	0.04979	C
181	0.04275	0.04383	C
182	0.01981	0.03302	T
183	0.04228	0.04228	C
184	0.01935	0.02561	A
185	0.07334	0.07618	C
186	0.00578	0.00751	G
187	0.03013	0.0365	C
188	0.02703	0.02703	A
189	0.04038	0.04038	A
190	0.0048	0.00959	G
191	0.03849	0.04093	C
192	0.03618	0.03618	A
193	0.0307	0.0307	A
194	0.0568	0.0568	C
195	0.04018	0.04018	C
196	0.00852	0.0118	G
197	0.0297	0.03696	C
198	0.01598	0.01931	A
199	0.02159	0.02227	T
200	0.04354	0.04354	C
201	0.03849	0.03849	C
202	0.02369	0.03554	A
203	0.00915	0.01056	T
204	0.02579	0.02579	A
205	0.02297	0.028	A
206	0.00584	0.00729	T
207	0.05259	0.05333	C
208	0.04358	0.04358	C
209	0.00983	0.00983	T
210	0.00687	0.00763	T
211	0.02654	0.03357	C
212	0.00556	0.00556	T
213	0.03404	0.03971	A
214	0.03325	0.03731	A
215	0.01062	0.01225	T
216	0.04542	0.04626	A
217	0.00593	0.00677	G
218	0.04815	0.04987	C
219	0.00867	0.00954	T
220	0.03351	0.03616	A
221	0.01169	0.01169	T
222	0.05638	0.05638	C
223	0.02516	0.02889	C
224	0.00755	0.00943	T
225	0.04602	0.04986	C
226	0.00297	0.00297	T
227	0.00704	0.00704	T
228	0.0551	0.05612	C
229	0.02064	0.02167	A
230	0.02601	0.02706	A
231	0.03492	0.0381	C
232	0.03379	0.03379	A
233	0.03514	0.03514	A
234	0.00539	0.00539	T
235	0.04048	0.04048	A
236	0.01114	0.01225	T
237	0.04556	0.0467	A
238	0.04884	0.05233	C
239	0.01094	0.01337	T
240	0.02605	0.0273	C
241	0.01138	0.01391	T
242	0.02706	0.02706	C
243	0.01556	0.01556	C
244	0.00405	0.00405	G
245	0.00682	0.00682	G
246	0.01517	0.02345	A
247	0.03755	0.04033	C
248	0.0428	0.0428	A
249	0.03592	0.03736	A
250	0.01022	0.01022	T
251	0.00886	0.01034	G
252	0.00901	0.00901	A
253	0.02568	0.02568	A
254	0.03555	0.03555	C
255	0.01562	0.01562	C
256	0.0079	0.03002	A
257	0.01118	0.01118	T
258	0.01454	0.01454	A
259	0.02946	0.02946	A
260	0.04072	0.04235	C
261	0.0231	0.0231	C
262	0.00993	0.00993	A
263	0.02479	0.02479	A
264	0.0084	0.01008	T
265	0.05336	0.05336	A
266	0.0453	0.04878	C
267	0.02285	0.02636	T
268	0.02669	0.02847	A
269	0.0516	0.0516	C
270	0.05263	0.05439	C
271	0.019	0.019	A
272	0.01712	0.01712	A
273	0.01045	0.01045	T
274	0.08612	0.08612	C
275	0.0327	0.03787	A
276	0.02241	0.02586	A
277	0.01211	0.01211	T
278	0.02967	0.03141	A
279	0.05882	0.05882	C
280	0.01363	0.01363	T
281	0.05172	0.0569	C
282	0.01345	0.01681	A
283	0.01338	0.01338	T
284	0.05378	0.05714	C
285	0.03045	0.03045	A
286	0.01101	0.01101	T
287	0.00628	0.00785	T
288	0.03432	0.03432	A
289	0.02723	0.02723	A
290	0.00882	0.00882	T
291	0.0393	0.0393	A
292	0.05063	0.05626	A
293	0.00974	0.01252	T
294	0.09283	0.09423	C
295	0.04301	0.0457	A
296	0.01197	0.0133	T
297	0.06085	0.06085	A
298	0.03289	0.03684	A
299	0.00951	0.00951	T
300	0.78393	0.79086	A
301	0.00256	0.00256	G
302	0.02338	0.02338	C
303	0.00513	0.00513	T
304	0.02831	0.0399	A
305	0.00642	0.00642	T
306	0.06178	0.0695	A
307	0.01266	0.01392	G
308	0.07481	0.07481	C
309	0.04637	0.04637	A
310	0.03404	0.03404	A
311	0.03687	0.04032	T
312	0.04425	0.04425	A
313	0.01603	0.01603	A
314	0.04136	0.04136	A
315	0.06394	0.06499	A
316	0.09627	0.12215	C
317	0.01017	0.01017	T
318	0.06187	0.06491	A
319	0.01394	0.01594	G
320	0.00198	0.00198	G
321	0.05706	0.05706	A
322	0.02921	0.02921	A
323	0.00875	0.01069	T
324	0.0277	0.03066	A
325	0.00892	0.00991	G
326	0.01027	0.01027	C
327	0.0089	0.0089	C
328	0.12929	0.12929	C
329	0.04808	0.04808	C
330	0.07422	0.07422	C
331	0.00552	0.00644	T
332	0.00821	0.00821	T
333	0.01558	0.01558	T
334	0.09633	0.10275	C
335	0.05244	0.05335	A
336	0.08668	0.08937	C
337	0.00436	0.00436	T
338	0.01126	0.01212	T
339	0.06353	0.07833	C
340	0.00689	0.00775	T
341	0.00259	0.00432	G
342	0.09991	0.10336	A
343	0.00594	0.00764	G
344	0.01099	0.01268	T
345	0.09628	0.09628	C
346	0.08487	0.08487	C
347	0.02316	0.02316	C
348	0.01243	0.02403	A
349	0.00498	0.00498	G
350	0.0141	0.01493	A
351	0.00332	0.00332	G
352	0.00331	0.00331	G
353	0.00914	0.00914	T
354	0.01572	0.01654	T
355	0.0545	0.08671	A
356	0.1031	0.1031	C
357	0.08437	0.08519	C
358	0.06689	0.06771	C
359	0.05602	0.05769	A
360	0.06925	0.06925	A
361	0.00742	0.00824	G
362	0.01489	0.01654	G
363	0.05629	0.05712	C
364	0.07484	0.08224	A
365	0.099	0.09983	C
366	0.06606	0.06606	C
367	0.00651	0.00651	C
368	0.01388	0.01388	C
369	0.00493	0.00576	T
370	0.02794	0.02794	C
371	0.00498	0.00498	T
372	0.00833	0.00833	G
373	0.07946	0.08115	A
374	0.09924	0.10093	C
375	0.07807	0.08389	A
376	0.00829	0.00994	T
377	0.08787	0.08787	C
378	0.05755	0.06088	C
379	0.00588	0.00588	G
380	0.00336	0.00336	G
381	0.04794	0.04794	C
382	0.0344	0.0344	C
383	0.00676	0.0093	T
384	0.00594	0.00763	G
385	0.06905	0.07076	C
386	0.00596	0.00596	T
387	0.00681	0.00767	T
388	0.05651	0.07192	C
389	0.01548	0.01548	T
390	0.01035	0.01035	T
391	0.06603	0.07037	C
392	0.01571	0.01658	T
393	0.09632	0.09807	C
394	0.04137	0.04225	A
395	0.0718	0.07353	C
396	0.04318	0.04663	A
397	0.01561	0.01561	T
398	0.01037	0.0121	G
399	0.04613	0.04613	A
400	0.14708	0.15318	C
401	0.01905	0.01905	A
402	0.0163	0.01801	A
403	0.02133	0.02133	A
404	0.02485	0.02485	A
405	0.04475	0.04475	A
406	0.07753	0.09582	C
407	0.01508	0.01686	T
408	0.05844	0.06503	A
409	0.02199	0.02581	G
410	0.04644	0.04644	C
411	0.03561	0.03561	C
412	0.04361	0.04361	C
413	0.03707	0.03808	C
414	0.0253	0.0253	C
415	0.01883	0.03033	A
416	0.01294	0.01402	T
417	0.03279	0.03279	C
418	0.0087	0.01196	T
419	0.04244	0.04353	C
420	0.01946	0.0227	A
421	0.04039	0.04039	A
422	0.00984	0.01202	T
423	0.04715	0.05263	C
424	0.02845	0.03063	A
425	0.00655	0.00764	T
426	0.03392	0.04048	A
427	0.00435	0.00544	T
428	0.02854	0.02854	A
429	0.07018	0.07127	C
430	0.04194	0.04194	C
431	0.02195	0.02195	A
432	0.03311	0.03311	A
433	0.03183	0.03183	A
434	0.01325	0.01545	T
435	0.0583	0.06166	C
436	0.02029	0.02029	T
437	0.05006	0.05119	C
438	0.0069	0.00805	T
439	0.05601	0.05601	C
440	0.04829	0.04829	C
441	0.02955	0.02955	C
442	0.01316	0.01316	T
443	0.04768	0.04887	C
444	0.03203	0.03321	A
445	0.04745	0.04982	C
446	0.00477	0.01192	T
447	0.01689	0.01809	A
448	0.02491	0.0261	A
449	0.0424	0.0424	A
450	0.06557	0.06909	C
451	0.00818	0.00818	G
452	0.01167	0.01284	T
453	0.04235	0.04353	A
454	0.05405	0.05405	A
455	0.00473	0.00473	G
456	0.04415	0.04535	C
457	0.04374	0.04374	C
458	0.01106	0.01106	T
459	0.00857	0.00857	T
460	0.03589	0.04455	C
461	0.00977	0.00977	T
462	0.05198	0.05198	C
463	0.02833	0.02833	C
464	0.01963	0.02331	T
465	0.0425	0.04375	C
466	0.04637	0.04887	A
467	0.05904	0.06273	C
468	0.01099	0.01099	T
469	0.04208	0.04455	C
470	0.01591	0.01714	T
471	0.03912	0.03912	C
472	0.00609	0.00609	T
473	0.06503	0.06626	C
474	0.05536	0.06007	A
475	0.04343	0.04571	A
476	0.00341	0.00568	T
477	0.08884	0.09112	C
478	0.00997	0.00997	T
479	0.00442	0.00552	T
480	0.01758	0.04725	A
481	0.01183	0.01183	T
482	0.0608	0.06189	C
483	0.04104	0.04212	C
484	0.03896	0.04004	A
485	0.01286	0.01393	T
486	0.06531	0.06531	C
487	0.05462	0.06408	A
488	0.00944	0.01259	T
489	0.07315	0.08046	A
490	0.00518	0.00828	G
491	0.08041	0.08763	C
492	0.03491	0.04209	A
493	0.00306	0.00306	G
494	0.01024	0.01024	G
495	0.0584	0.06045	C
496	0.02798	0.03212	A
497	0.01028	0.01028	G
498	0.00413	0.00413	T
499	0.00827	0.00827	T
500	0.00937	0.00937	G
501	0.02618	0.02618	A
502	0.00314	0.00314	G
503	0.00419	0.00419	G
504	0.00735	0.0084	T
505	0.00947	0.00947	G
506	0.00942	0.00942	G
507	0.03496	0.05932	A
508	0.00744	0.0085	T
509	0.00741	0.01058	T
510	0.03603	0.03603	A
511	0.04131	0.04237	A
512	0.06421	0.06526	A
513	0.10106	0.10319	C
514	0.06283	0.06387	C
515	0.027	0.02808	A
516	0.03742	0.03742	A
517	0.06039	0.06141	A
518	0.0944	0.09647	C
519	0.05561	0.05662	C
520	0.06094	0.06194	C
521	0.0398	0.06269	A
522	0.00698	0.00698	G
523	0.02695	0.02894	C
524	0.00802	0.00902	T
525	0.03804	0.03904	A
526	0.08635	0.08635	C
527	0.01207	0.01207	G
528	0.08744	0.09146	C
529	0.03366	0.03366	A
530	0.027	0.027	A
531	0.05641	0.05641	A
532	0.04253	0.04253	A
533	0.00657	0.0075	T
534	0.07397	0.07584	C
535	0.01022	0.01022	T
536	0.00278	0.00278	T
537	0.02502	0.038	A
538	0.01573	0.01758	G
539	0.04917	0.04917	C
540	0.0663	0.06814	A
541	0.00461	0.00645	T
542	0.07948	0.08226	A
543	0.05601	0.06152	C
544	0.01743	0.01743	T
545	0.0322	0.0322	C
546	0.02104	0.02196	C
547	0.00275	0.00459	T
548	0.04903	0.05088	C
549	0.01751	0.01843	A
550	0.04836	0.05109	A
551	0.01004	0.01004	T
552	0.00908	0.00908	T
553	0.03663	0.05769	A
554	0.04436	0.04436	C
555	0.03333	0.03333	C
556	0.03538	0.03538	C
557	0.027	0.03445	A
558	0.07009	0.07383	C
559	0.04677	0.05426	A
560	0.00838	0.01117	T
561	0.0403	0.04124	A
562	0.00376	0.00376	G
563	0.0038	0.0038	G
564	0.01713	0.02284	A
565	0.00384	0.00384	T
566	0.00575	0.00671	G
567	0.03282	0.03282	A
568	0.02992	0.02992	A
569	0.0068	0.00777	T
570	0.04488	0.04488	A
571	0.03981	0.04466	A
572	0.01065	0.01065	T
573	0.05073	0.05366	A
574	0.0078	0.00975	G
575	0.05005	0.05201	C
576	0.04799	0.04995	A
577	0.00489	0.00685	G
578	0.00782	0.00782	T
579	0.00297	0.00297	T
580	0.02903	0.03203	C
581	0.01505	0.01505	T
582	0.06162	0.06465	A
583	0.07833	0.07833	C
584	0.05453	0.05453	C
585	0.01041	0.01249	G
586	0.00527	0.00527	T
587	0.03499	0.03924	A
588	0.06237	0.0666	C
589	0.03337	0.03445	A
590	0.03452	0.0356	A
591	0.05246	0.05246	C
592	0.0302	0.03236	C
593	0.03105	0.03105	C
594	0.00646	0.00861	T
595	0.02169	0.02603	A
596	0.02935	0.02935	A
597	0.05876	0.05876	C
598	0.04541	0.05081	A
599	0.00573	0.00916	T
600	0.03488	0.03488	A
601	0.04162	0.0474	A
602	0.06164	0.06279	C
603	0.0375	0.03864	C
604	0.04353	0.05005	A
605	0.00745	0.00745	T
606	0.00426	0.00426	T
607	0.06545	0.08047	C
608	0.01045	0.01045	T
609	0.01152	0.01361	T
610	0.0409	0.04198	A
611	0.04303	0.04918	A
612	0.00297	0.00297	T
613	0.00697	0.00697	T
614	0.00201	0.00402	T
615	0.04767	0.04767	A
616	0.07236	0.07337	A
617	0.06212	0.07114	C
618	0.00197	0.00197	T
619	0.04961	0.05934	A
620	0.00279	0.00279	T
621	0.00655	0.00655	T
622	0.00951	0.01046	T
623	0.04035	0.04803	A
624	0.00095	0.00095	T
625	0.10772	0.11439	A
626	0.00661	0.00661	T
627	0.00759	0.00854	T
628	0.03732	0.07943	A
629	0.00774	0.00774	T
630	0.05697	0.05796	C
631	0.02069	0.02167	C
632	0.01286	0.01385	T
633	0.0509	0.0509	A
634	0.04591	0.04591	A
635	0.06188	0.07086	C
636	0.00615	0.00718	T
637	0.06023	0.06334	A
638	0.08772	0.10423	C
639	0.0134	0.01443	T
640	0.06401	0.0745	A
641	0.06363	0.06893	C
642	0.05263	0.05579	C
643	0.0063	0.0084	G
644	0.06092	0.06933	C
645	0.05846	0.06054	A
646	0.01153	0.01153	T
647	0.00421	0.00421	T
648	0.07189	0.07189	C
649	0.04828	0.05043	C
650	0.01066	0.01493	T
651	0.0431	0.04418	A
652	0.06809	0.07872	C
653	0.00847	0.01165	T
654	0.04506	0.05043	A
655	0.06952	0.07594	C
656	0.00959	0.01066	T
657	0.0629	0.07143	C
658	0.03629	0.03842	A
659	0.04271	0.04375	A
660	0.06438	0.07061	C
661	0.0062	0.00826	T
662	0.00414	0.00414	T
663	0.03181	0.03287	A
664	0.0343	0.0343	A
665	0.04489	0.04593	A
666	0.05214	0.05735	C
667	0.00835	0.01044	T
668	0.04149	0.04149	C
669	0.03767	0.03875	C
670	0.03696	0.06522	A
671	0.00868	0.00868	G
672	0.05338	0.05338	C
673	0.04235	0.04343	A
674	0.04057	0.04057	C
675	0.01554	0.01776	C
676	0.01336	0.02116	A
677	0.07159	0.07383	C
678	0.00558	0.00558	G
679	0.03471	0.03471	A
680	0.03093	0.03093	C
681	0.02635	0.02635	C
682	0.04931	0.05046	C
683	0.01149	0.01264	T
684	0.04191	0.0454	A
685	0.06141	0.06837	C
686	0.01039	0.0127	T
687	0.05828	0.06643	A
688	0.07931	0.0931	C
689	0.0114	0.0114	T
690	0.07003	0.07692	A
691	0.0023	0.00461	T
692	0.036	0.03717	C
693	0.00708	0.00826	T
694	0.0479	0.0479	C
695	0.01092	0.01214	G
696	0.02549	0.02549	C
697	0.02424	0.02545	A
698	0.05072	0.05072	C
699	0.03981	0.03981	C
700	0.00723	0.01084	T
701	0.01679	0.01918	G
702	0.03528	0.03528	A
703	0.03832	0.03952	A
704	0.04518	0.04518	A
705	0.08323	0.09037	C
706	0.03673	0.03673	A
707	0.04824	0.05176	A
708	0.01397	0.0163	G
709	0.04551	0.04551	C
710	0.00699	0.00699	T
711	0.03878	0.03878	A
712	0.04429	0.04429	A
713	0.06868	0.06985	C
714	0.04483	0.04598	A
715	0.01598	0.01712	T
716	0.00799	0.00913	G
717	0.04393	0.04509	A
718	0.053	0.0553	C
719	0.00683	0.00911	T
720	0.05293	0.05293	A
721	0.03511	0.04077	A
722	0.07865	0.08202	C
723	0.03634	0.04185	A
724	0.08753	0.08972	C
725	0.03792	0.03792	C
726	0.04082	0.04082	C
727	0.00951	0.00951	T
728	0.01065	0.01278	T
729	0.03118	0.03118	A
730	0.07708	0.07708	A
731	0.00941	0.00941	T
732	0.01885	0.01885	T
733	0.06638	0.06852	C
734	0.0403	0.04136	C
735	0.0432	0.05796	A
736	0.02103	0.02313	T
737	0.04654	0.04762	C
738	0.05134	0.05989	C
739	0.03838	0.05544	A
740	0.14316	0.14421	C
741	0.00626	0.00626	C
742	0.00735	0.00735	C
743	0.00426	0.00426	T
744	0.0107	0.0107	C
745	0.00537	0.00752	C
746	0.00757	0.01514	T
747	0.1887	0.19829	C
748	0.01058	0.02646	T
749	0.06952	0.06952	C
750	0.06813	0.06813	C
751	0.05441	0.05647	C
752	0.00914	0.00914	T
753	0.02525	0.03131	A
754	0.00302	0.00302	G
755	0.0	0.0	G
756	0.00809	0.01011	A
757	0.00502	0.00502	G
758	0.00905	0.00905	G
759	0.14676	0.14777	C
760	0.04348	0.04449	C
761	0.0101	0.01313	T
762	0.01005	0.01106	G
763	0.04881	0.04881	C
764	0.02656	0.02656	C
765	0.04858	0.04858	C
766	0.04863	0.04863	C
767	0.06612	0.06612	C
768	0.01117	0.01117	G
769	0.06804	0.0701	C
770	0.00821	0.00924	T
771	0.05544	0.05544	A
772	0.07889	0.07889	A
773	0.11259	0.11361	C
774	0.05972	0.06073	C
775	0.00505	0.00505	G
776	0.00602	0.00703	G
777	0.07724	0.07724	C
778	0.00196	0.00196	T
779	0.00583	0.00583	T
780	0.01556	0.01556	T
781	0.01369	0.01369	T
782	0.0098	0.0098	T
783	0.00392	0.0049	G
784	0.00296	0.00296	C
785	0.00494	0.00494	C
786	0.02174	0.02174	C
787	0.01605	0.01605	A
788	0.06212	0.06212	A
789	0.05611	0.05711	A
790	0.02695	0.02994	T
791	0.00796	0.00796	G
792	0.00698	0.00698	G
793	0.01005	0.01005	G
794	0.01717	0.01717	C
795	0.12665	0.12665	C
796	0.03904	0.05405	A
797	0.00896	0.00896	T
798	0.00798	0.00897	T
799	0.03397	0.06294	A
800	0.0139	0.01688	T
801	0.08803	0.091	C
802	0.01087	0.01186	G
803	0.04545	0.04644	A
804	0.0666	0.0666	A
805	0.00872	0.01744	G
806	0.05131	0.05131	A
807	0.0652	0.06711	A
808	0.01359	0.01456	T
809	0.01754	0.01949	T
810	0.0579	0.06379	C
811	0.02235	0.02527	A
812	0.13454	0.15363	C
813	0.00448	0.00448	A
814	0.0096	0.0096	A
815	0.01826	0.01826	A
816	0.01659	0.01659	A
817	0.0279	0.0279	A
818	0.01738	0.01738	A
819	0.12749	0.14137	C
820	0.04034	0.04034	A
821	0.03925	0.03925	A
822	0.01618	0.01874	T
823	0.05512	0.05943	A
824	0.00864	0.0095	G
825	0.0605	0.06137	C
826	0.05113	0.05113	C
827	0.00441	0.00617	T
828	0.05664	0.06195	C
829	0.04741	0.05356	A
830	0.02032	0.02297	T
831	0.05914	0.06362	C
832	0.03607	0.04058	A
833	0.02176	0.02448	T
834	0.04986	0.05081	C
835	0.04095	0.04095	C
836	0.03561	0.03561	C
837	0.03478	0.03575	C
838	0.02938	0.0333	A
839	0.06502	0.06502	C
840	0.02979	0.02979	C
841	0.03168	0.03465	A
842	0.017	0.021	T
843	0.03823	0.03924	C
844	0.04458	0.05572	A
845	0.01418	0.01621	T
846	0.05242	0.05755	A
847	0.01133	0.01339	G
848	0.03958	0.03958	C
849	0.02818	0.02818	C
850	0.02723	0.03455	A
851	0.05858	0.05858	C
852	0.037	0.037	C
853	0.03226	0.03871	A
854	0.02817	0.03359	T
855	0.04674	0.05	C
856	0.0262	0.0262	A
857	0.07684	0.07684	C
858	0.03348	0.03348	C
859	0.03024	0.03024	C
860	0.0112	0.01232	T
861	0.05215	0.05215	C
862	0.03295	0.03523	C
863	0.00457	0.00457	T
864	0.01479	0.01479	T
865	0.01863	0.02095	A
866	0.03584	0.03584	A
867	0.15088	0.15205	C
868	0.03283	0.03751	C
869	0.00237	0.00355	T
870	0.69194	0.70758	C
871	0.00822	0.00822	T
872	0.04841	0.04959	A
873	0.08343	0.08578	C
874	0.007	0.007	T
875	0.01068	0.01068	T
876	0.05939	0.07636	C
877	0.01087	0.01329	T
878	0.03415	0.03537	A
879	0.08696	0.08696	C
880	0.02861	0.04229	C
881	0.03985	0.04483	T
882	0.02788	0.03676	A
883	0.08647	0.09649	C
884	0.00876	0.01126	G
885	0.05493	0.05493	C
886	0.02635	0.02635	C
887	0.01	0.01	T
888	0.02652	0.02652	A
889	0.03759	0.03885	A
890	0.01385	0.01511	T
891	0.05478	0.05732	C
892	0.01285	0.01285	T
893	0.03377	0.03896	A
894	0.03294	0.03294	C
895	0.02246	0.0251	T
896	0.036	0.03733	C
897	0.02156	0.02156	C
898	0.02681	0.03217	A
899	0.06604	0.06604	C
900	0.02957	0.03091	C
901	0.01353	0.01488	T
902	0.06395	0.06531	C
903	0.03297	0.03571	A
904	0.03689	0.03689	A
905	0.00546	0.00683	T
906	0.06528	0.06528	C
907	0.02755	0.02755	A
908	0.05213	0.05624	C
909	0.03043	0.03043	A
910	0.05241	0.05379	C
911	0.00972	0.00972	T
912	0.03239	0.03662	A
913	0.03983	0.04267	C
914	0.02714	0.02714	T
915	0.03022	0.03022	C
916	0.01737	0.01737	C
917	0.03488	0.03488	C
918	0.02766	0.03057	C
919	0.01329	0.02216	A
920	0.00451	0.00451	T
921	0.03063	0.03063	A
922	0.01536	0.01536	T
923	0.04666	0.04666	C
924	0.00951	0.01268	T
925	0.02751	0.02913	A
926	0.03236	0.03236	A
927	0.08293	0.08618	C
928	0.01942	0.01942	A
929	0.01608	0.01608	A
930	0.06452	0.06452	C
931	0.01597	0.01917	G
932	0.01884	0.02512	T
933	0.0029	0.0029	A
934	0.01989	0.02131	A
935	0.01	0.01	A
936	0.01412	0.01554	A
937	0.01138	0.0128	A
938	0.0569	0.05974	T
939	0.02273	0.02273	A
940	0.01585	0.01585	A
941	0.03309	0.03309	A
942	0.04143	0.04143	A
943	0.01868	0.01868	T
944	0.01012	0.01301	G
945	0.05072	0.05217	A
946	0.09696	0.09696	C
947	0.0404	0.0404	A
948	0.01854	0.01854	G
949	0.00288	0.00288	T
950	0.01301	0.01301	T
951	0.0073	0.0073	T
952	0.0117	0.01316	G
953	0.04124	0.04124	A
954	0.03875	0.03875	A
955	0.09851	0.10448	C
956	0.04154	0.04451	A
957	0.01778	0.01926	T
958	0.02651	0.02798	A
959	0.12555	0.13442	C
960	0.02388	0.02388	A
961	0.02683	0.02683	A
962	0.03988	0.03988	A
963	0.04315	0.04315	A
964	0.0781	0.08423	C
965	0.05496	0.05496	C
966	0.03354	0.03811	C
967	0.0367	0.05352	A
968	0.05963	0.05963	C
969	0.06959	0.06959	C
970	0.03021	0.03021	C
971	0.03349	0.03349	C
972	0.04731	0.04731	A
973	0.02254	0.06763	T
974	0.0207	0.0207	T
975	0.06699	0.06699	C
976	0.04448	0.04448	C
977	0.01824	0.02156	T
978	0.05405	0.05405	C
979	0.02513	0.02513	C
980	0.0521	0.0521	C
981	0.03242	0.03242	C
982	0.01386	0.02773	A
983	0.05719	0.05893	C
984	0.04196	0.04196	A
985	0.0507	0.0507	C
986	0.01404	0.01579	T
987	0.05634	0.0581	C
988	0.03929	0.04107	A
989	0.01961	0.02139	T
990	0.08514	0.08877	C
991	0.01465	0.01648	G
992	0.06434	0.06434	C
993	0.03499	0.03499	C
994	0.03493	0.03493	C
995	0.00749	0.00749	T
996	0.01695	0.01695	T
997	0.05133	0.06084	A
998	0.06119	0.06119	C
999	0.03839	0.03839	C
1000	0.01942	0.02913	A
1001	0.08515	0.08515	C
1002	0.00998	0.01198	G
1003	0.03593	0.03992	C
1004	0.00605	0.00605	T
1005	0.04637	0.05645	A
1006	0.05123	0.05123	C
1007	0.02459	0.02459	T
1008	0.04527	0.04527	C
1009	0.02066	0.02479	C
1010	0.01242	0.01242	T
1011	0.02808	0.0324	A
1012	0.10652	0.10652	C
1013	0.02851	0.03289	C
1014	0.00225	0.00225	T
1015	0.02721	0.03175	A
1016	0.01382	0.01382	T
1017	0.07346	0.0782	C
1018	0.01439	0.01918	T
1019	0.02211	0.02211	C
1020	0.0198	0.0198	C
1021	0.00504	0.00504	C
1022	0.03038	0.03038	C
1023	0.0	0.0	T
1024	0.00551	0.00551	T
1025	0.0	0.0	T
1026	0.0	0.0	T
1027	0.02053	0.03226	A
1028	0.01187	0.01187	T
1029	0.01201	0.01201	A
1030	0.03058	0.03058	C
1031	0.01262	0.01262	T
1032	0.00647	0.00647	A
1033	0.00993	0.00993	A
1034	0.00339	0.01017	T
1035	0.01718	0.01718	A
1036	0.01408	0.01408	A
1037	0.00358	0.00358	T
1038	0.01107	0.01476	C
1039	0.00394	0.00394	T
1040	0.00402	0.00402	T
1041	0.00407	0.00407	A
1042	0.0	0.0	T
1043	0.0	0.0	A
1044	0.0	0.0	G
