Position	Mismatches	Mismatches + Deletions	Base
1	0.0	0.0	A
2	0.0	0.0	T
3	0.0	0.0	A
4	0.03844	0.03844	A
5	0.06088	0.06413	C
6	0.03914	0.03914	C
7	0.0283	0.04216	A
8	0.017	0.01725	T
9	0.0103	0.01117	G
10	0.03385	0.03513	C
11	0.03517	0.03605	A
12	0.03786	0.03829	C
13	0.04764	0.04843	A
14	0.0559	0.05693	C
15	0.01711	0.01752	T
16	0.03843	0.03893	A
17	0.04156	0.04311	C
18	0.01924	0.01959	T
19	0.04222	0.04556	A
20	0.01111	0.01425	T
21	0.04098	0.04098	A
22	0.03799	0.04033	A
23	0.04945	0.05093	C
24	0.02746	0.02776	C
25	0.02503	0.03909	A
26	0.05285	0.05289	C
27	0.048	0.048	C
28	0.02089	0.02168	C
29	0.01646	0.02039	T
30	0.03661	0.03805	A
31	0.04323	0.04414	A
32	0.08047	0.081	C
33	0.05341	0.05399	C
34	0.03307	0.0357	C
35	0.01764	0.02163	T
36	0.96035	0.96937	G
37	0.05038	0.05201	A
38	0.08411	0.08709	C
39	0.01319	0.01399	T
40	0.01264	0.01302	T
41	0.06327	0.06334	C
42	0.06277	0.06295	C
43	0.04485	0.04549	C
44	0.01748	0.01976	T
45	0.053	0.05441	A
46	0.06688	0.06982	A
47	0.01104	0.0116	T
48	0.00878	0.00953	T
49	0.0345	0.03509	C
50	0.04016	0.04067	C
51	0.03735	0.03768	C
52	0.06181	0.06223	C
53	0.04494	0.04508	C
54	0.03727	0.03756	C
55	0.03484	0.04419	A
56	0.015	0.01833	T
57	0.05499	0.05522	C
58	0.03262	0.03343	C
59	0.01162	0.01195	T
60	0.01439	0.01585	T
61	0.04459	0.06776	A
62	0.09128	0.09206	C
63	0.0543	0.05746	C
64	0.02571	0.03821	A
65	0.08476	0.08486	C
66	0.05366	0.05373	C
67	0.04818	0.05118	C
68	0.01374	0.0148	T
69	0.07131	0.07207	C
70	0.01753	0.01944	G
71	0.01375	0.0149	T
72	0.01638	0.0175	T
73	0.0371	0.03796	A
74	0.03849	0.03901	A
75	0.09191	0.09267	C
76	0.05952	0.05997	C
77	0.03467	0.03599	C
78	0.02515	0.03221	T
79	0.02609	0.0284	A
80	0.01968	0.02009	A
81	0.12271	0.13119	C
82	0.00325	0.00337	A
83	0.00133	0.0014	A
84	0.0014	0.0014	A
85	0.00424	0.00428	A
86	0.01497	0.01502	A
87	0.01097	0.01097	A
88	0.01884	0.0189	A
89	0.02047	0.02062	A
90	0.08938	0.09451	C
91	0.01485	0.01699	T
92	0.06298	0.0662	C
93	0.04248	0.04895	A
94	0.01884	0.02149	T
95	0.03884	0.04227	A
96	0.05426	0.05528	C
97	0.03546	0.03628	C
98	0.03553	0.03592	C
99	0.03627	0.03639	C
100	0.03271	0.03296	C
101	0.03288	0.04349	A
102	0.01063	0.01086	T
103	0.01037	0.01157	T
104	0.02049	0.0369	A
105	0.01048	0.01084	T
106	0.01178	0.01244	G
107	0.01178	0.01323	T
108	0.03856	0.03888	A
109	0.01963	0.01999	A
110	0.04232	0.04313	A
111	0.04572	0.04717	A
112	0.01234	0.01457	T
113	0.06047	0.061	C
114	0.05192	0.05283	C
115	0.05738	0.06288	A
116	0.01262	0.01267	T
117	0.01262	0.01298	T
118	0.01305	0.01603	G
119	0.01891	0.0203	T
120	0.08006	0.08119	C
121	0.01394	0.01588	G
122	0.04493	0.06102	C
123	0.03818	0.04007	A
124	0.02131	0.02331	T
125	0.05842	0.05945	C
126	0.0388	0.04174	C
127	0.02396	0.03301	A
128	0.07038	0.07053	C
129	0.02893	0.02959	C
130	0.00715	0.00792	T
131	0.00756	0.00781	T
132	0.00795	0.00842	T
133	0.06112	0.07245	A
134	0.00998	0.01002	T
135	0.00961	0.01011	T
136	0.03943	0.0654	A
137	0.00924	0.01292	T
138	0.06375	0.0663	C
139	0.05929	0.06204	A
140	0.01499	0.01754	G
141	0.01232	0.01273	T
142	0.05097	0.05204	C
143	0.01128	0.01188	T
144	0.07911	0.08544	C
145	0.01246	0.0125	T
146	0.0168	0.01747	T
147	0.04994	0.05019	C
148	0.03673	0.03728	C
149	0.03473	0.03494	C
150	0.02533	0.02577	C
151	0.0167	0.02283	A
152	0.04175	0.04574	C
153	0.02952	0.03053	A
154	0.03126	0.03208	A
155	0.05702	0.06188	C
156	0.03762	0.0378	A
157	0.03454	0.03512	A
158	0.01062	0.01153	T
159	0.05849	0.05952	A
160	0.00915	0.0092	T
161	0.00942	0.00962	T
162	0.0628	0.06643	C
163	0.05315	0.0549	A
164	0.01241	0.01284	T
165	0.00706	0.00904	G
166	0.01261	0.01331	T
167	0.00623	0.00637	G
168	0.05755	0.05788	C
169	0.0339	0.03437	C
170	0.01108	0.0124	T
171	0.03152	0.03851	A
172	0.00681	0.00721	G
173	0.03274	0.03617	A
174	0.04923	0.04936	C
175	0.03708	0.03741	C
176	0.02379	0.02391	A
177	0.04153	0.04279	A
178	0.00648	0.00907	G
179	0.0319	0.0319	A
180	0.03799	0.03912	A
181	0.01365	0.01449	G
182	0.00941	0.00993	T
183	0.00939	0.01136	T
184	0.0448	0.06877	A
185	0.01095	0.01096	T
186	0.01248	0.01311	T
187	0.04315	0.07072	A
188	0.01118	0.01176	T
189	0.05132	0.05538	C
190	0.00919	0.00966	T
191	0.04874	0.04997	C
192	0.00974	0.01073	G
193	0.0446	0.0448	A
194	0.03995	0.0402	A
195	0.05502	0.05753	C
196	0.01003	0.0104	T
197	0.00562	0.00692	G
198	0.03762	0.03794	A
199	0.05923	0.06097	C
200	0.04359	0.04471	A
201	0.06478	0.06614	C
202	0.01342	0.01479	T
203	0.00884	0.0116	G
204	0.03653	0.03788	A
205	0.01809	0.01859	G
206	0.03856	0.0389	C
207	0.04312	0.04409	C
208	0.02152	0.03239	A
209	0.0485	0.05838	C
210	0.02885	0.02905	A
211	0.02724	0.03092	A
212	0.04525	0.04552	C
213	0.02724	0.02803	C
214	0.03577	0.03681	C
215	0.0147	0.01606	A
216	0.03146	0.03192	A
217	0.02998	0.03071	A
218	0.06952	0.07814	C
219	0.02432	0.02475	A
220	0.03118	0.03352	A
221	0.0616	0.06207	C
222	0.0474	0.04956	C
223	0.03261	0.03272	C
224	0.03126	0.04795	A
225	0.00975	0.01016	G
226	0.02369	0.02453	C
227	0.01309	0.01442	T
228	0.03927	0.04137	C
229	0.01338	0.01791	T
230	0.04763	0.04776	C
231	0.04041	0.04042	C
232	0.0147	0.01528	C
233	0.01097	0.01408	T
234	0.03565	0.03653	A
235	0.04069	0.04121	A
236	0.00732	0.00825	G
237	0.03451	0.0361	C
238	0.00882	0.00906	T
239	0.01019	0.01038	T
240	0.04218	0.04689	C
241	0.0327	0.03339	A
242	0.02877	0.02891	A
243	0.04332	0.0435	A
244	0.05372	0.0641	C
245	0.01175	0.01229	T
246	0.04556	0.048	A
247	0.00985	0.01061	G
248	0.04788	0.04897	A
249	0.05618	0.05821	C
250	0.00875	0.00962	T
251	0.03723	0.03965	A
252	0.06687	0.07032	C
253	0.01291	0.01303	T
254	0.01024	0.01056	T
255	0.03648	0.04921	C
256	0.01442	0.0152	T
257	0.06273	0.06287	C
258	0.04368	0.04485	C
259	0.02548	0.03863	A
260	0.00859	0.01123	T
261	0.04223	0.04263	A
262	0.04173	0.04773	A
263	0.00937	0.00986	T
264	0.05803	0.06319	A
265	0.00814	0.00825	T
266	0.00949	0.00974	T
267	0.07532	0.07987	C
268	0.06005	0.06442	A
269	0.0122	0.01324	T
270	0.04231	0.04297	C
271	0.0202	0.02066	C
272	0.02193	0.02226	C
273	0.0042	0.00461	T
274	0.0056	0.00675	G
275	0.00357	0.00392	T
276	0.01761	0.01857	A
277	0.00724	0.00791	G
278	0.01654	0.01695	C
279	0.0591	0.06029	A
280	0.00999	0.01013	T
281	0.01433	0.01452	T
282	0.01323	0.02144	G
283	0.01154	0.01154	T
284	0.00987	0.00987	T
285	0.0686	0.07201	C
286	0.00927	0.00944	G
287	0.00418	0.00421	T
288	0.00405	0.00414	T
289	0.01038	0.0151	A
290	0.02236	0.02317	C
291	0.02217	0.02267	A
292	0.01209	0.01273	T
293	0.00734	0.0075	G
294	0.0057	0.00583	G
295	0.01553	0.01616	T
296	0.07366	0.07411	C
297	0.04133	0.04235	C
298	0.0333	0.03824	A
299	0.00682	0.0092	T
300	0.04417	0.04533	C
301	0.03907	0.04416	A
302	0.00851	0.00971	T
303	0.03963	0.04288	A
304	0.00908	0.01044	G
305	0.03972	0.03977	A
306	0.05067	0.05279	A
307	0.00988	0.01024	T
308	0.01152	0.01171	T
309	0.05183	0.06187	C
310	0.01662	0.01845	T
311	0.04898	0.05098	C
312	0.03351	0.0344	A
313	0.04066	0.04163	C
314	0.00552	0.0057	T
315	0.00659	0.008	G
316	0.00735	0.0077	T
317	0.00566	0.00671	G
318	0.01569	0.01675	A
319	0.00557	0.00594	T
320	0.02687	0.02784	A
321	0.00745	0.00845	T
322	0.0326	0.03414	A
323	0.00791	0.00903	T
324	0.02695	0.027	A
325	0.02641	0.02645	A
326	0.03208	0.03358	A
327	0.04157	0.047	C
328	0.00777	0.01048	T
329	0.03792	0.03929	C
330	0.03203	0.03614	A
331	0.00828	0.00951	G
332	0.02993	0.03079	A
333	0.03503	0.03508	C
334	0.02257	0.02276	C
335	0.02234	0.02263	C
336	0.00851	0.0091	A
337	0.01942	0.01981	A
338	0.01741	0.01748	A
339	0.03115	0.03499	C
340	0.02173	0.02243	A
341	0.00601	0.00639	T
342	0.00598	0.00616	T
343	0.01879	0.01918	A
344	0.03112	0.03135	A
345	0.00587	0.00718	T
346	0.03021	0.03093	C
347	0.0237	0.02503	A
348	0.01069	0.01189	G
349	0.00706	0.00729	T
350	0.0056	0.00579	T
351	0.03947	0.04569	C
352	0.00659	0.00662	T
353	0.00668	0.00671	T
354	0.0366	0.04025	C
355	0.01726	0.01758	A
356	0.02281	0.02315	A
357	0.0239	0.02465	A
358	0.00588	0.00718	T
359	0.03303	0.03446	A
360	0.00614	0.00643	T
361	0.03846	0.03961	C
362	0.00593	0.00656	T
363	0.03312	0.0352	A
364	0.16078	0.16579	C
365	0.00627	0.00677	T
366	0.03661	0.03954	C
367	0.02779	0.03304	A
368	0.00778	0.00822	T
369	0.05869	0.06064	C
370	0.00765	0.00776	T
371	0.00619	0.0064	T
372	0.04598	0.04604	C
373	0.0281	0.02864	C
374	0.00752	0.00836	T
375	0.02743	0.02912	A
376	0.0313	0.03225	A
377	0.00766	0.00769	T
378	0.0084	0.00874	T
379	0.02835	0.04399	A
380	0.06375	0.06454	C
381	0.0399	0.04079	C
382	0.01512	0.03542	A
383	0.00959	0.01023	T
384	0.03158	0.03302	A
385	0.04836	0.05331	C
386	0.00952	0.01096	T
387	0.03394	0.03416	A
388	0.04158	0.04484	A
389	0.0095	0.01008	T
390	0.0685	0.07042	C
391	0.00898	0.00903	T
392	0.00799	0.00804	T
393	0.04128	0.05581	A
394	0.01293	0.01326	G
395	0.00783	0.0081	T
396	0.01111	0.01141	T
397	0.04106	0.05624	A
398	0.08507	0.08562	C
399	0.06168	0.06233	C
400	0.00799	0.01106	G
401	0.03888	0.04088	C
402	0.00762	0.00881	T
403	0.04027	0.041	A
404	0.03437	0.03491	A
405	0.06274	0.0651	C
406	0.03623	0.03662	A
407	0.03695	0.03836	A
408	0.07982	0.08029	C
409	0.04075	0.04249	C
410	0.0114	0.01237	T
411	0.04956	0.06045	A
412	0.01223	0.01246	T
413	0.0157	0.01592	T
414	0.08205	0.08224	C
415	0.07142	0.07214	C
416	0.03673	0.03719	A
417	0.06707	0.06759	A
418	0.07451	0.07708	C
419	0.01154	0.01198	T
420	0.01101	0.01485	G
421	0.00844	0.00849	T
422	0.00993	0.00999	T
423	0.05597	0.05774	C
424	0.04513	0.04839	A
425	0.00963	0.0112	T
426	0.04671	0.04762	C
427	0.00876	0.00901	G
428	0.00634	0.00636	G
429	0.00972	0.01015	C
430	0.00506	0.00557	T
431	0.00818	0.00972	G
432	0.06771	0.07294	A
433	0.01	0.01069	G
434	0.09865	0.10444	A
435	0.00645	0.00645	G
436	0.00514	0.00515	G
437	0.00525	0.00525	G
438	0.0113	0.01335	C
439	0.01117	0.01157	G
440	0.00457	0.00553	T
441	0.01768	0.01799	A
442	0.00445	0.00447	G
443	0.00602	0.00605	G
444	0.01908	0.01914	A
445	0.05739	0.0578	A
446	0.01185	0.01213	T
447	0.0149	0.01551	T
448	0.06483	0.10045	A
449	0.01222	0.01319	T
450	0.09256	0.1051	A
451	0.00548	0.00623	T
452	0.02683	0.02762	C
453	0.02985	0.03059	C
454	0.00852	0.00853	T
455	0.00895	0.00919	T
456	0.07531	0.09697	C
457	0.01436	0.01436	T
458	0.01577	0.01599	T
459	0.0096	0.0121	G
460	0.05306	0.05361	C
461	0.00733	0.00877	T
462	0.03397	0.03502	C
463	0.05383	0.06032	A
464	0.00912	0.00925	T
465	0.7698	0.79175	C
466	0.06704	0.06914	A
467	0.00784	0.01103	G
468	0.00837	0.00839	T
469	0.00995	0.01019	T
470	0.00763	0.00826	G
471	0.03756	0.0385	A
472	0.0095	0.01092	T
473	0.00889	0.01076	G
474	0.06813	0.07218	A
475	0.00799	0.00838	T
476	0.03457	0.03702	A
477	0.03185	0.03489	C
478	0.00826	0.00896	G
479	0.04048	0.04058	C
480	0.03187	0.03191	C
481	0.02553	0.0258	C
482	0.00626	0.00918	G
483	0.0543	0.05565	A
484	0.00817	0.00881	G
485	0.03572	0.03673	C
486	0.05473	0.0571	A
487	0.00794	0.00872	G
488	0.05033	0.05505	A
489	0.01428	0.01486	T
490	0.00656	0.00683	G
491	0.06691	0.06705	C
492	0.04524	0.04548	C
493	0.04353	0.04434	A
494	0.03997	0.04031	A
495	0.08022	0.08721	C
496	0.04709	0.05387	A
497	0.0816	0.09017	C
498	0.06388	0.0707	A
499	0.01259	0.01977	G
500	0.04496	0.05075	C
501	0.03983	0.0467	A
502	0.00991	0.01032	G
503	0.04369	0.04457	C
504	0.04068	0.0416	C
505	0.05971	0.06457	A
506	0.01226	0.01318	T
507	0.01097	0.01105	T
508	0.08242	0.08577	C
509	0.04756	0.0482	A
510	0.06474	0.06696	A
511	0.00809	0.01038	G
512	0.06499	0.07086	C
513	0.04479	0.04565	A
514	0.05158	0.05304	A
515	0.01107	0.01271	T
516	0.08949	0.08971	C
517	0.03739	0.03853	C
518	0.012	0.01303	T
519	0.05659	0.06014	A
520	0.01184	0.01583	T
521	0.05765	0.05948	A
522	0.08649	0.09592	C
523	0.03712	0.03735	A
524	0.03725	0.03894	A
525	0.04318	0.04359	C
526	0.03029	0.03173	C
527	0.01228	0.01617	G
528	0.00829	0.00975	T
529	0.05755	0.05877	A
530	0.01394	0.0152	T
531	0.06644	0.06793	C
532	0.00817	0.00837	G
533	0.0071	0.00727	G
534	0.01987	0.02039	C
535	0.00628	0.00633	G
536	0.02674	0.02896	A
537	0.01007	0.01033	T
538	0.05811	0.05921	A
539	0.01801	0.0202	T
540	0.04887	0.0498	C
541	0.00731	0.00741	G
542	0.00803	0.00813	G
543	0.00528	0.00532	T
544	0.01098	0.01104	T
545	0.01331	0.01353	T
546	0.22292	0.23	C
547	0.06113	0.06512	A
548	0.01655	0.01793	T
549	0.05827	0.05853	C
550	0.02595	0.02796	C
551	0.01432	0.01545	T
552	0.02242	0.02297	C
553	0.00549	0.00635	G
554	0.01307	0.01307	C
555	0.01495	0.01546	C
556	0.01293	0.01308	T
557	0.01381	0.014	T
558	0.04392	0.07139	A
559	0.01142	0.01223	G
560	0.07522	0.07718	C
561	0.04843	0.04978	A
562	0.01201	0.01329	T
563	0.00798	0.00911	G
564	0.04868	0.05092	A
565	0.00832	0.00834	T
566	0.00815	0.0083	T
567	0.01011	0.0105	T
568	0.0729	0.07773	A
569	0.01003	0.01148	T
570	0.06639	0.06823	C
571	0.03005	0.03193	C
572	0.00885	0.01058	T
573	0.04797	0.04979	A
574	0.06089	0.06408	C
575	0.0449	0.0497	A
576	0.05068	0.05413	C
577	0.01696	0.01849	T
578	0.04608	0.04619	C
579	0.03623	0.03744	C
580	0.02116	0.0236	A
581	0.03182	0.03212	A
582	0.05095	0.05425	C
583	0.00891	0.01117	T
584	0.04567	0.04684	C
585	0.0331	0.03773	A
586	0.01407	0.01493	T
587	0.00825	0.00938	G
588	0.02876	0.03135	A
589	0.01002	0.01104	G
590	0.02107	0.02157	A
591	0.0234	0.02378	C
592	0.03352	0.0338	C
593	0.03318	0.03412	C
594	0.01602	0.02146	A
595	0.04988	0.05383	C
596	0.02074	0.02141	A
597	0.02035	0.02062	A
598	0.06365	0.06714	C
599	0.01189	0.01191	A
600	0.02981	0.02983	A
601	0.02605	0.02664	A
602	0.01602	0.01788	T
603	0.04658	0.04898	A
604	0.01066	0.012	G
605	0.05341	0.05382	C
606	0.02018	0.02027	C
607	0.01636	0.01638	C
608	0.0088	0.00895	T
609	0.00979	0.01035	T
610	0.02282	0.03045	C
611	0.00949	0.0114	T
612	0.01928	0.02024	A
613	0.03507	0.03518	A
614	0.04031	0.04047	A
615	0.07723	0.08509	C
616	0.00787	0.00815	G
617	0.02392	0.02463	C
618	0.00588	0.00729	T
619	0.02302	0.02384	A
620	0.03924	0.03962	A
621	0.01475	0.01689	T
622	0.06631	0.06691	C
623	0.03568	0.0364	C
624	0.03272	0.03327	A
625	0.06256	0.06393	A
626	0.00766	0.00874	G
627	0.02041	0.0205	C
628	0.02057	0.02073	C
629	0.01368	0.02513	T
630	0.03999	0.04202	C
631	0.03373	0.04719	A
632	0.05023	0.05027	C
633	0.03267	0.03267	C
634	0.03816	0.03816	C
635	0.03292	0.03339	C
636	0.03828	0.06736	A
637	0.02097	0.02156	C
638	0.00423	0.00463	T
639	0.05015	0.051	A
640	0.01925	0.0202	C
641	0.00389	0.00423	T
642	0.0151	0.01812	A
643	0.00416	0.00465	G
644	0.00441	0.00481	G
645	0.23501	0.23561	C
646	0.03464	0.03563	C
647	0.0151	0.01816	T
648	0.0687	0.06909	C
649	0.05423	0.05578	C
650	0.01981	0.02302	T
651	0.01374	0.01377	C
652	0.00774	0.00848	C
653	0.00347	0.00388	T
654	0.01877	0.02071	A
655	0.00587	0.0088	G
656	0.0476	0.05035	C
657	0.02859	0.03063	A
658	0.00934	0.01486	G
659	0.07882	0.0869	C
660	0.06151	0.06673	A
661	0.01737	0.02076	G
662	0.08592	0.09616	C
663	0.03243	0.03528	A
664	0.00659	0.00662	G
665	0.00455	0.0047	G
666	0.01353	0.01406	C
667	0.02692	0.02699	A
668	0.03959	0.03977	A
669	0.04773	0.04802	A
670	0.01409	0.02191	T
671	0.06367	0.06685	C
672	0.05018	0.05629	A
673	0.01133	0.01276	G
674	0.04526	0.04552	C
675	0.04294	0.04314	C
676	0.07059	0.07086	C
677	0.0304	0.03067	A
678	0.06352	0.06361	A
679	0.0148	0.01496	T
680	0.01247	0.01257	T
681	0.05805	0.06726	A
682	0.0078	0.00799	G
683	0.00996	0.0101	G
684	0.01003	0.01037	T
685	0.0309	0.03147	C
686	0.01887	0.02353	T
687	0.05639	0.05649	C
688	0.07002	0.07195	C
689	0.0316	0.05325	A
690	0.07705	0.07705	C
691	0.06015	0.06018	C
692	0.05625	0.05628	C
693	0.03908	0.03982	C
694	0.01008	0.01245	T
695	0.01065	0.02355	G
696	0.06081	0.06496	A
697	0.06279	0.06579	C
698	0.01368	0.01717	T
699	0.05689	0.05754	C
700	0.05255	0.05273	C
701	0.04442	0.04449	C
702	0.05177	0.05294	C
703	0.0137	0.01964	T
704	0.06098	0.06443	C
705	0.03456	0.04913	A
706	0.00664	0.00706	G
707	0.02253	0.0226	C
708	0.04833	0.04848	C
709	0.04648	0.0785	A
710	0.00874	0.00965	T
711	0.04805	0.04836	A
712	0.00897	0.01	G
713	0.04238	0.0425	A
714	0.04426	0.0481	A
715	0.00639	0.0066	G
716	0.00548	0.00582	G
717	0.02488	0.02511	C
718	0.06886	0.06896	C
719	0.06077	0.0609	C
720	0.06012	0.06155	C
721	0.02915	0.044	A
722	0.07085	0.07087	C
723	0.0587	0.0587	C
724	0.05454	0.05454	C
725	0.05372	0.05399	C
726	0.04715	0.07469	A
727	0.01096	0.01156	G
728	0.00889	0.01008	T
729	0.04195	0.04225	C
730	0.01307	0.02201	T
731	0.04901	0.0517	C
732	0.0524	0.0601	A
733	0.01345	0.01515	G
734	0.06743	0.06772	C
735	0.05143	0.05158	C
736	0.03985	0.04031	C
737	0.00973	0.01219	T
738	0.0431	0.04981	A
739	0.06692	0.06958	C
740	0.01574	0.01753	T
741	0.04965	0.04965	C
742	0.03391	0.0363	C
743	0.02714	0.03596	A
744	0.05031	0.05329	C
745	0.01209	0.01673	T
746	0.06039	0.06513	C
747	0.03884	0.04146	A
748	0.05807	0.06003	A
749	0.00911	0.01316	G
750	0.0416	0.04248	C
751	0.05157	0.05221	A
752	0.07043	0.07431	C
753	0.01121	0.01172	T
754	0.05775	0.06064	A
755	0.01025	0.01064	T
756	0.05752	0.05989	A
757	0.01043	0.01249	G
758	0.00802	0.00803	T
759	0.00795	0.00809	T
760	0.00889	0.00977	G
761	0.00933	0.01069	T
762	0.049	0.05025	A
763	0.01107	0.01358	G
764	0.04672	0.04806	C
765	0.05256	0.05455	A
766	0.00832	0.00833	G
767	0.00713	0.00735	G
768	0.02647	0.02652	A
769	0.04867	0.04904	A
770	0.00943	0.00973	T
771	0.09573	0.09852	C
772	0.01043	0.01064	T
773	0.00964	0.00983	T
774	0.07898	0.09578	C
775	0.01457	0.01458	T
776	0.01299	0.01325	T
777	0.03504	0.06517	A
778	0.0854	0.08794	C
779	0.01547	0.01691	T
780	0.06817	0.07458	C
781	0.04579	0.05259	A
782	0.01044	0.01247	T
783	0.0493	0.04978	C
784	0.05526	0.05812	C
785	0.00833	0.01118	G
786	0.04223	0.04568	C
787	0.01153	0.012	T
788	0.01769	0.01883	T
789	0.06348	0.06402	C
790	0.04542	0.04643	C
791	0.03973	0.05542	A
792	0.02998	0.03008	C
793	0.03814	0.03825	C
794	0.03285	0.03285	C
795	0.03968	0.03976	C
796	0.02699	0.02719	C
797	0.01172	0.01284	T
798	0.04283	0.04429	A
799	0.00773	0.0086	G
800	0.03253	0.03388	C
801	0.0339	0.03503	A
802	0.00884	0.0105	G
803	0.02261	0.02261	A
804	0.01564	0.01569	A
805	0.03813	0.0383	A
806	0.02879	0.02908	A
807	0.00918	0.01067	T
808	0.04026	0.0425	A
809	0.01634	0.01802	G
810	0.02982	0.03047	C
811	0.02704	0.0272	C
812	0.02225	0.02254	C
813	0.03425	0.04271	A
814	0.04905	0.05059	C
815	0.00989	0.01204	T
816	0.01979	0.02026	A
817	0.0276	0.02846	A
818	0.01431	0.01702	T
819	0.04994	0.05063	C
820	0.04566	0.04655	C
821	0.01747	0.01792	A
822	0.03193	0.03274	A
823	0.04315	0.04344	A
824	0.05673	0.06462	C
825	0.01186	0.01262	T
826	0.04692	0.0492	C
827	0.01345	0.01625	T
828	0.04587	0.0468	A
829	0.03337	0.03421	A
830	0.07536	0.07939	C
831	0.05181	0.05337	A
832	0.06653	0.0744	C
833	0.01269	0.0134	T
834	0.05205	0.05593	A
835	0.01048	0.01082	T
836	0.00829	0.00905	G
837	0.07828	0.08146	C
838	0.01474	0.01476	T
839	0.00861	0.00891	T
840	0.05038	0.06427	A
841	0.00481	0.00491	G
842	0.00478	0.00485	G
843	0.07664	0.07847	C
844	0.00626	0.00637	G
845	0.01739	0.01818	C
846	0.01018	0.0106	T
847	0.04299	0.04511	A
848	0.01272	0.01471	T
849	0.07576	0.08086	C
850	0.0611	0.06323	A
851	0.09653	0.09659	C
852	0.06193	0.0658	C
853	0.03124	0.0428	A
854	0.05613	0.05931	C
855	0.00726	0.00776	T
856	0.03455	0.03494	C
857	0.0094	0.00962	T
858	0.01029	0.01464	G
859	0.01042	0.01044	T
860	0.01928	0.01954	T
861	0.06413	0.06798	C
862	0.01186	0.01494	G
863	0.0258	0.02871	C
864	0.02545	0.0269	A
865	0.01052	0.01433	G
866	0.09199	0.09517	C
867	0.05634	0.06025	A
868	0.01043	0.01081	G
869	0.01004	0.01165	T
870	0.04885	0.04915	C
871	0.01046	0.0111	T
872	0.00822	0.00997	G
873	0.00802	0.00848	C
874	0.00736	0.0085	G
875	0.08848	0.08855	C
876	0.03342	0.03344	C
877	0.06435	0.06499	C
878	0.01467	0.01499	T
879	0.01281	0.01438	T
880	0.02763	0.04518	A
881	0.0822	0.08859	C
882	0.03392	0.03548	A
883	0.15847	0.17214	C
884	0.02359	0.02373	A
885	0.01797	0.01807	A
886	0.02895	0.02898	A
887	0.04092	0.04117	A
888	0.02148	0.0245	T
889	0.02416	0.03329	G
890	0.04369	0.04532	A
891	0.09901	0.10705	C
892	0.03084	0.03115	A
893	0.03953	0.04428	T
894	0.09356	0.11024	C
895	0.00314	0.00348	A
896	0.00139	0.00145	A
897	0.00143	0.00151	A
898	0.01008	0.01015	A
899	0.00672	0.00675	A
900	0.01942	0.01948	A
901	0.02978	0.02987	A
902	0.01255	0.01391	T
903	0.08382	0.08476	C
904	0.01793	0.01879	G
905	0.00837	0.01101	T
906	0.04893	0.05026	A
907	0.00721	0.00757	G
908	0.04964	0.05029	C
909	0.03804	0.03811	C
910	0.01118	0.01136	T
911	0.01482	0.01545	T
912	0.03929	0.05756	C
913	0.01678	0.01861	T
914	0.06758	0.06764	C
915	0.04583	0.04717	C
916	0.02731	0.04227	A
917	0.07049	0.07257	C
918	0.01051	0.01104	T
919	0.01112	0.01117	T
920	0.06834	0.07342	C
921	0.05295	0.05368	A
922	0.04648	0.04774	A
923	0.00637	0.00737	G
924	0.00623	0.00714	T
925	0.03879	0.04022	C
926	0.04556	0.04571	A
927	0.05466	0.05492	A
928	0.07383	0.07948	C
929	0.01213	0.01242	T
930	0.06361	0.06649	A
931	0.00739	0.00793	G
932	0.00455	0.0047	G
933	0.01926	0.02465	A
934	0.02466	0.02528	C
935	0.00635	0.00859	T
936	0.06292	0.06387	C
937	0.03395	0.03657	A
938	0.01049	0.01412	T
939	0.04149	0.04152	A
940	0.04057	0.04631	A
941	0.011	0.01166	T
942	0.04568	0.04818	A
943	0.01049	0.01156	G
944	0.0088	0.00894	T
945	0.01149	0.01208	T
946	0.03025	0.05172	A
947	0.10409	0.10747	C
948	0.04884	0.04894	A
949	0.05327	0.05416	A
950	0.01517	0.01708	T
951	0.05805	0.05979	C
952	0.00998	0.01018	G
953	0.00733	0.00768	G
954	0.03498	0.03643	C
955	0.05506	0.05605	A
956	0.01187	0.01562	T
957	0.05448	0.05831	C
958	0.03569	0.03685	A
959	0.04626	0.0464	A
960	0.06364	0.0641	C
961	0.03864	0.03988	C
962	0.01837	0.01975	A
963	0.03537	0.03609	A
964	0.04955	0.05007	C
965	0.03523	0.03729	C
966	0.02166	0.03686	A
967	0.05735	0.06661	C
968	0.03512	0.03843	A
969	0.06856	0.06864	C
970	0.02799	0.02946	C
971	0.01119	0.01205	T
972	0.06288	0.06483	A
973	0.00792	0.00838	G
974	0.0595	0.06157	C
975	0.04332	0.04563	A
976	0.00969	0.00998	T
977	0.00791	0.00798	T
978	0.05128	0.05152	C
979	0.02835	0.02925	C
980	0.00839	0.00917	T
981	0.00758	0.00831	G
982	0.02552	0.02699	C
983	0.04647	0.04878	A
984	0.07197	0.07441	C
985	0.03722	0.03901	A
986	0.01045	0.01151	T
987	0.06173	0.06219	C
988	0.01231	0.01254	T
989	0.0138	0.01839	G
990	0.0133	0.01508	T
991	0.039	0.04172	A
992	0.04386	0.04396	C
993	0.02634	0.02648	C
994	0.0179	0.01816	C
995	0.03538	0.04464	A
996	0.0755	0.07755	C
997	0.00783	0.00881	G
998	0.0396	0.0398	C
999	0.03434	0.03462	C
1000	0.00764	0.00797	T
1001	0.01145	0.0117	T
1002	0.03312	0.05198	C
1003	0.00863	0.00876	T
1004	0.00869	0.00895	T
1005	0.05413	0.06294	C
1006	0.03874	0.04114	A
1007	0.04093	0.04131	A
1008	0.03191	0.03246	A
1009	0.0083	0.00856	G
1010	0.01365	0.01376	C
1011	0.01522	0.01553	C
1012	0.00908	0.02077	A
1013	0.00523	0.00609	T
1014	0.02147	0.02235	A
1015	0.07546	0.0826	C
1016	0.00934	0.00995	T
1017	0.05686	0.06076	A
1018	0.00651	0.00656	T
1019	0.0076	0.0076	T
1020	0.00462	0.00476	T
1021	0.02209	0.02383	A
1022	0.00351	0.00359	T
1023	0.0052	0.0055	G
1024	0.0109	0.01132	T
1025	0.00522	0.00546	G
1026	0.01873	0.01947	C
1027	0.0076	0.00875	T
1028	0.06405	0.06405	C
1029	0.03967	0.03989	C
1030	0.00524	0.00533	G
1031	0.00518	0.00518	G
1032	0.00668	0.00671	G
1033	0.01355	0.01456	T
1034	0.04769	0.04778	C
1035	0.03153	0.03196	C
1036	0.03525	0.03971	A
1037	0.01197	0.01337	T
1038	0.0448	0.04736	C
1039	0.0301	0.03345	A
1040	0.0295	0.03343	T
1041	0.0411	0.04179	C
1042	0.0323	0.03406	C
1043	0.01881	0.02958	A
1044	0.04371	0.05368	C
1045	0.0221	0.02235	A
1046	0.02507	0.02584	A
1047	0.03834	0.0386	C
1048	0.0264	0.02742	C
1049	0.0133	0.01394	T
1050	0.01327	0.01413	T
1051	0.0221	0.02259	A
1052	0.02393	0.02405	A
1053	0.05107	0.05359	C
1054	0.02444	0.02497	A
1055	0.02475	0.02575	A
1056	0.01426	0.0152	T
1057	0.01221	0.01517	G
1058	0.02006	0.0203	A
1059	0.02519	0.02556	A
1060	0.05653	0.05939	C
1061	0.02777	0.02797	A
1062	0.028	0.02888	A
1063	0.01716	0.01878	G
1064	0.02472	0.02518	A
1065	0.0163	0.01722	T
1066	0.0343	0.03559	A
1067	0.01318	0.01326	T
1068	0.01257	0.01329	T
1069	0.04434	0.04785	C
1070	0.02058	0.02651	G
1071	0.00457	0.00511	A
1072	0.01444	0.01452	A
1073	0.00766	0.00768	A
1074	0.02606	0.02621	A
1075	0.03011	0.03015	A
1076	0.01234	0.01335	T
1077	0.05626	0.05671	A
1078	0.00601	0.00616	G
1079	0.0055	0.00595	G
1080	0.01383	0.01607	A
1081	0.0053	0.00535	G
1082	0.00474	0.00503	G
1083	0.03918	0.05312	A
1084	0.05241	0.05359	C
1085	0.01382	0.01517	T
1086	0.0318	0.03307	A
1087	0.04245	0.04366	C
1088	0.01603	0.01803	T
1089	0.06876	0.07131	C
1090	0.02927	0.03082	A
1091	0.02093	0.02182	A
1092	0.022	0.02237	A
1093	0.03159	0.03181	A
1094	0.05763	0.06063	C
1095	0.03259	0.03336	C
1096	0.02594	0.04992	A
1097	0.01789	0.01911	T
1098	0.045	0.04648	A
1099	0.06169	0.06242	C
1100	0.03046	0.03166	C
1101	0.01124	0.01249	T
1102	0.04035	0.04202	C
1103	0.01711	0.01921	T
1104	0.06033	0.06167	C
1105	0.03886	0.04044	A
1106	0.07661	0.07911	C
1107	0.01314	0.01365	T
1108	0.01211	0.01245	T
1109	0.06589	0.06958	C
1110	0.04108	0.04306	A
1111	0.05225	0.05303	A
1112	0.04581	0.04616	C
1113	0.0223	0.02357	C
1114	0.01074	0.01372	T
1115	0.03441	0.03446	C
1116	0.02442	0.02446	C
1117	0.05364	0.05611	C
1118	0.01653	0.01902	T
1119	0.05416	0.05731	C
1120	0.03446	0.03785	A
1121	0.06768	0.06768	C
1122	0.04351	0.0453	C
1123	0.04641	0.05345	A
1124	0.01322	0.01349	T
1125	0.01395	0.01404	T
1126	0.00976	0.0099	G
1127	0.00741	0.00784	G
1128	0.05305	0.0555	C
1129	0.06618	0.06835	A
1130	0.02005	0.02088	G
1131	0.0417	0.04203	C
1132	0.02395	0.02467	C
1133	0.01081	0.0114	T
1134	0.06322	0.06427	A
1135	0.01174	0.01292	G
1136	0.03926	0.03984	C
1137	0.05382	0.05664	A
1138	0.01304	0.01317	T
1139	0.01096	0.01118	T
1140	0.05203	0.07355	A
1141	0.01016	0.01127	G
1142	0.04877	0.04945	C
1143	0.01945	0.02092	A
1144	0.00607	0.00615	G
1145	0.00618	0.00633	G
1146	0.02743	0.0276	A
1147	0.03152	0.03182	A
1148	0.01376	0.01578	T
1149	0.05819	0.05901	A
1150	0.09205	0.09348	C
1151	0.05585	0.05749	C
1152	0.00735	0.0074	T
1153	0.012	0.012	T
1154	0.00854	0.00859	T
1155	0.04303	0.04355	C
1156	0.02926	0.03008	C
1157	0.01187	0.01444	T
1158	0.0648	0.06848	C
1159	0.04287	0.04736	A
1160	0.0934	0.09584	C
1161	0.04616	0.04913	A
1162	0.00484	0.0052	G
1163	0.00555	0.00571	G
1164	0.00368	0.00374	T
1165	0.00626	0.0063	T
1166	0.00543	0.00547	T
1167	0.03691	0.03912	C
1168	0.01327	0.01449	T
1169	0.04754	0.0585	A
1170	0.06674	0.06996	C
1171	0.01928	0.02134	T
1172	0.04636	0.04648	C
1173	0.04212	0.0434	C
1174	0.02454	0.02559	A
1175	0.03529	0.0354	A
1176	0.04248	0.04355	A
1177	0.01271	0.0139	G
1178	0.04657	0.04737	A
1179	0.0518	0.05235	C
1180	0.03468	0.0355	C
1181	0.02697	0.03241	A
1182	0.0566	0.05893	C
1183	0.03474	0.03747	A
1184	0.0098	0.01131	T
1185	0.04859	0.05107	C
1186	0.03997	0.04259	A
1187	0.01579	0.01663	T
1188	0.04947	0.0518	C
1189	0.01363	0.01511	G
1190	0.00962	0.01003	A
1191	0.01565	0.01608	A
1192	0.01653	0.01674	A
1193	0.01965	0.01994	C
1194	0.01519	0.01562	C
1195	0.01634	0.02073	G
1196	0.04599	0.05333	C
1197	0.02448	0.02568	A
1198	0.02444	0.02502	A
1199	0.0216	0.02165	A
1200	0.05337	0.05789	C
1201	0.02596	0.02678	A
1202	0.01422	0.01543	T
1203	0.02824	0.02867	A
1204	0.01561	0.01832	T
1205	0.04946	0.05435	C
1206	0.03711	0.04006	A
1207	0.01711	0.01862	T
1208	0.03371	0.03553	A
1209	0.05516	0.06075	C
1210	0.02312	0.02472	A
1211	0.05398	0.06177	C
1212	0.03155	0.03158	A
1213	0.03363	0.03366	A
1214	0.04085	0.04251	A
1215	0.06466	0.07338	C
1216	0.01102	0.01152	G
1217	0.03658	0.03664	C
1218	0.03696	0.03753	C
1219	0.0123	0.01469	T
1220	0.01877	0.02168	G
1221	0.02664	0.02907	A
1222	0.01006	0.01135	G
1223	0.05553	0.05619	C
1224	0.03639	0.03664	C
1225	0.02027	0.02057	C
1226	0.02031	0.02202	T
1227	0.03155	0.03274	A
1228	0.01959	0.02055	T
1229	0.0456	0.04775	C
1230	0.01411	0.01487	T
1231	0.05	0.05349	A
1232	0.02053	0.02053	T
1233	0.01715	0.01862	T
1234	0.02749	0.0462	A
1235	0.06139	0.06368	C
1236	0.01566	0.01608	T
1237	0.04642	0.0499	C
1238	0.0169	0.0184	T
1239	0.05187	0.05459	C
1240	0.03692	0.04407	A
1241	0.02063	0.02163	T
1242	0.06368	0.06601	C
1243	0.01534	0.01606	G
1244	0.03483	0.03838	C
1245	0.0161	0.01713	T
1246	0.06596	0.07062	A
1247	0.06878	0.07037	C
1248	0.03462	0.03881	C
1249	0.01598	0.02061	T
1250	0.04866	0.04867	C
1251	0.04193	0.04199	C
1252	0.03077	0.03213	C
1253	0.01427	0.01705	T
1254	0.01827	0.01963	G
1255	0.03578	0.03633	A
1256	0.06459	0.06627	C
1257	0.0457	0.0473	A
1258	0.04314	0.0449	A
1259	0.01129	0.01231	G
1260	0.03047	0.0319	C
1261	0.00732	0.00766	G
1262	0.06356	0.06362	C
1263	0.04339	0.04366	C
1264	0.01685	0.01846	T
1265	0.0378	0.04516	A
1266	0.01697	0.01858	T
1267	0.04926	0.05121	A
1268	0.00819	0.00891	G
1269	0.0361	0.03825	C
1270	0.0424	0.0445	A
1271	0.06196	0.06376	C
1272	0.01084	0.01259	T
1273	0.04934	0.04985	C
1274	0.01536	0.01665	G
1275	0.03233	0.03287	A
1276	0.03499	0.03549	A
1277	0.01297	0.02182	T
1278	0.02981	0.03007	A
1279	0.03384	0.03891	A
1280	0.0096	0.00995	T
1281	0.60837	0.61054	T
1282	0.04176	0.04328	C
1283	0.01598	0.01598	T
1284	0.01799	0.01971	T
1285	0.05218	0.06031	C
1286	0.02669	0.03027	T
1287	0.05521	0.06069	C
1288	0.03051	0.03306	A
1289	0.04634	0.04679	C
1290	0.02755	0.02765	C
1291	0.01922	0.02	C
1292	0.01451	0.01813	T
1293	0.0394	0.04037	A
1294	0.03803	0.03842	A
1295	0.0708	0.07361	C
1296	0.04569	0.04766	A
1297	0.00566	0.00612	G
1298	0.00769	0.00777	G
1299	0.01136	0.01276	T
1300	0.07693	0.08088	C
1301	0.02981	0.03007	A
1302	0.03882	0.03917	A
1303	0.07037	0.07093	C
1304	0.03441	0.0356	C
1305	0.01555	0.01635	T
1306	0.06026	0.06067	C
1307	0.01455	0.01616	G
1308	0.03967	0.04203	C
1309	0.01378	0.01402	T
1310	0.01387	0.01427	T
1311	0.04489	0.04496	C
1312	0.03072	0.03083	C
1313	0.03525	0.03536	C
1314	0.02639	0.02764	C
1315	0.02323	0.0315	A
1316	0.04343	0.04343	C
1317	0.03002	0.03002	C
1318	0.02635	0.0269	C
1319	0.01697	0.01735	T
1320	0.01488	0.01547	T
1321	0.01943	0.03129	A
1322	0.04579	0.0474	C
1323	0.01408	0.01639	T
1324	0.02763	0.02802	A
1325	0.02504	0.02581	A
1326	0.05304	0.05484	C
1327	0.03476	0.03727	A
1328	0.01257	0.0127	T
1329	0.01554	0.01625	T
1330	0.02507	0.02519	A
1331	0.03421	0.03483	A
1332	0.06755	0.07006	C
1333	0.02351	0.02795	G
1334	0.02313	0.02344	A
1335	0.01649	0.01676	A
1336	0.03525	0.03558	A
1337	0.03374	0.03407	A
1338	0.0263	0.03247	T
1339	0.03431	0.03443	A
1340	0.02563	0.02705	A
1341	0.05647	0.05882	C
1342	0.03232	0.03285	C
1343	0.02886	0.02905	C
1344	0.02642	0.02699	C
1345	0.03019	0.03918	A
1346	0.05496	0.0551	C
1347	0.04799	0.04801	C
1348	0.03326	0.03413	C
1349	0.0171	0.01857	T
1350	0.04224	0.04526	A
1351	0.06148	0.06487	C
1352	0.01628	0.01993	T
1353	0.02461	0.02588	A
1354	0.03081	0.03189	A
1355	0.04583	0.04718	A
1356	0.05865	0.06031	C
1357	0.04133	0.04186	C
1358	0.04051	0.04077	C
1359	0.03685	0.0369	C
1360	0.04726	0.05627	A
1361	0.01961	0.01989	T
1362	0.01358	0.01416	T
1363	0.03553	0.03592	A
1364	0.04857	0.04951	A
1365	0.06183	0.06357	A
1366	0.09893	0.11203	C
1367	0.01766	0.01848	G
1368	0.05096	0.05102	C
1369	0.0407	0.04081	C
1370	0.01226	0.01786	T
1371	0.00935	0.00968	G
1372	0.00826	0.00891	G
1373	0.02747	0.03099	C
1374	0.33404	0.34396	A
1375	0.01068	0.01183	G
1376	0.04169	0.04289	C
1377	0.04409	0.04697	C
1378	0.01114	0.01127	G
1379	0.01229	0.01278	G
1380	0.03328	0.03413	A
1381	0.05327	0.05348	A
1382	0.0081	0.00915	G
1383	0.03482	0.03501	C
1384	0.03589	0.03612	C
1385	0.01485	0.01575	T
1386	0.06731	0.07636	A
1387	0.01477	0.01492	T
1388	0.0175	0.0178	T
1389	0.08376	0.08983	C
1390	0.01818	0.02099	G
1391	0.06237	0.06475	C
1392	0.05375	0.05593	A
1393	0.00974	0.0099	G
1394	0.00887	0.00931	G
1395	0.06885	0.08209	A
1396	0.00866	0.00879	T
1397	0.01526	0.01529	T
1398	0.01631	0.01645	T
1399	0.08287	0.08634	C
1400	0.019	0.02225	T
1401	0.06655	0.07005	C
1402	0.0515	0.05779	A
1403	0.01626	0.01633	T
1404	0.0155	0.0162	T
1405	0.02917	0.04993	A
1406	0.07648	0.07947	C
1407	0.01667	0.02137	T
1408	0.04026	0.04054	A
1409	0.03399	0.03613	A
1410	0.06947	0.07506	C
1411	0.03316	0.03328	A
1412	0.03937	0.04102	A
1413	0.0665	0.07011	C
1414	0.05984	0.06359	A
1415	0.00646	0.00713	T
1416	0.01516	0.01528	T
1417	0.01395	0.014	T
1418	0.04734	0.04787	C
1419	0.04571	0.04596	C
1420	0.03532	0.03534	C
1421	0.03845	0.03846	C
1422	0.03855	0.03861	C
1423	0.01397	0.01636	G
1424	0.03561	0.04303	C
1425	0.04337	0.06121	A
1426	0.01756	0.02234	T
1427	0.02643	0.02701	C
1428	0.0263	0.0265	C
1429	0.03389	0.03423	C
1430	0.02965	0.02972	C
1431	0.02931	0.0296	C
1432	0.02083	0.02131	T
1433	0.01131	0.01179	T
1434	0.03064	0.0308	C
1435	0.03007	0.03041	C
1436	0.01539	0.01635	A
1437	0.02218	0.0225	A
1438	0.02209	0.02238	A
1439	0.05643	0.06264	C
1440	0.0231	0.02317	A
1441	0.02557	0.02619	A
1442	0.05647	0.06088	C
1443	0.02539	0.02568	A
1444	0.03479	0.03551	A
1445	0.02497	0.02839	T
1446	0.02783	0.0286	C
1447	0.02809	0.02846	C
1448	0.03068	0.03074	C
1449	0.04371	0.04385	C
1450	0.02634	0.02665	C
1451	0.01702	0.01907	T
1452	0.03965	0.04094	C
1453	0.01559	0.01693	T
1454	0.03369	0.03584	A
1455	0.06073	0.06123	C
1456	0.03579	0.03742	C
1457	0.01552	0.01856	T
1458	0.02595	0.02687	A
1459	0.0215	0.0217	A
1460	0.03899	0.03919	A
1461	0.03911	0.03924	A
1462	0.06353	0.07665	C
1463	0.01602	0.01834	T
1464	0.07667	0.07765	C
1465	0.02997	0.03372	A
1466	0.02083	0.02223	C
1467	0.01469	0.0182	A
1468	0.00953	0.01079	G
1469	0.01594	0.01605	C
1470	0.05397	0.05404	C
1471	0.05976	0.06015	C
1472	0.02069	0.02253	T
1473	0.0902	0.0911	C
1474	0.00803	0.00814	G
1475	0.01449	0.01482	C
1476	0.00516	0.00529	T
1477	0.00952	0.01041	G
1478	0.00979	0.01049	T
1479	0.12837	0.12929	C
1480	0.04671	0.04739	A
1481	0.10076	0.10324	C
1482	0.01169	0.01195	T
1483	0.01299	0.01314	T
1484	0.01136	0.01136	T
1485	0.09087	0.09104	C
1486	0.00922	0.00932	C
1487	0.00236	0.00255	T
1488	0.00908	0.01015	A
1489	0.00393	0.00395	G
1490	0.00366	0.00375	G
1491	0.01214	0.01635	A
1492	0.0065	0.00667	C
1493	0.00361	0.00362	T
1494	0.01172	0.01205	T
1495	0.06947	0.0917	C
1496	0.01908	0.02239	T
1497	0.06826	0.07157	A
1498	0.04218	0.04312	A
1499	0.08992	0.09524	C
1500	0.02019	0.02251	A
1501	0.00848	0.00922	G
1502	0.01007	0.0102	C
1503	0.00425	0.00429	C
1504	0.00327	0.00336	C
1505	0.0029	0.00342	T
1506	0.00839	0.01105	A
1507	0.01101	0.01194	G
1508	0.08766	0.08881	A
1509	0.09587	0.09618	C
1510	0.04915	0.05038	C
1511	0.01505	0.01707	T
1512	0.06221	0.06687	C
1513	0.03394	0.03555	A
1514	0.05387	0.05446	A
1515	0.07504	0.08149	C
1516	0.01916	0.02207	T
1517	0.04495	0.04692	A
1518	0.08667	0.08733	C
1519	0.01725	0.02231	C
1520	0.02105	0.02767	T
1521	0.03016	0.03159	A
1522	0.03622	0.03732	A
1523	0.06486	0.06576	C
1524	0.05712	0.06163	C
1525	0.02108	0.02195	A
1526	0.02346	0.02411	A
1527	0.09334	0.10076	C
1528	0.0275	0.02778	A
1529	0.02416	0.02431	A
1530	0.01864	0.01941	A
1531	0.06913	0.07965	C
1532	0.01753	0.02147	T
1533	0.01439	0.01698	T
1534	0.01692	0.01778	A
1535	0.01661	0.0168	A
1536	0.02862	0.02956	A
1537	0.02943	0.03022	A
1538	0.03299	0.0387	T
1539	0.02513	0.02514	A
1540	0.01516	0.01521	A
1541	0.0321	0.03226	A
1542	0.03792	0.04214	A
1543	0.02633	0.02893	T
1544	0.04404	0.04563	C
1545	0.02418	0.02467	C
1546	0.02653	0.02675	C
1547	0.0208	0.02105	C
1548	0.01775	0.02524	A
1549	0.03098	0.03267	C
1550	0.01293	0.01412	T
1551	0.0368	0.03886	A
1552	0.00982	0.01035	T
1553	0.58597	0.59178	G
1554	0.04404	0.05168	C
1555	0.02049	0.02264	A
1556	0.03925	0.04194	C
1557	0.02546	0.02711	A
1558	0.00821	0.00824	T
1559	0.00654	0.00659	T
1560	0.00461	0.00469	T
1561	0.00667	0.00719	T
1562	0.06637	0.09673	A
1563	0.00545	0.00545	T
1564	0.0093	0.0093	T
1565	0.00805	0.00823	T
1566	0.07162	0.07747	C
1567	0.01098	0.01242	T
1568	0.05612	0.05619	C
1569	0.03333	0.03434	C
1570	0.03274	0.03656	A
1571	0.04165	0.0421	A
1572	0.07012	0.0735	C
1573	0.05406	0.06061	A
1574	0.01278	0.0149	T
1575	0.05355	0.05474	A
1576	0.07643	0.07959	C
1577	0.01358	0.01427	T
1578	0.05597	0.05788	C
1579	0.00767	0.00781	G
1580	0.00651	0.00683	G
1581	0.03684	0.04375	A
1582	0.01219	0.01223	T
1583	0.01353	0.01382	T
1584	0.06427	0.07503	C
1585	0.0175	0.0195	T
1586	0.0515	0.05807	A
1587	0.07169	0.07234	C
1588	0.04416	0.04506	C
1589	0.03208	0.0336	C
1590	0.01512	0.01627	T
1591	0.06403	0.06675	A
1592	0.01386	0.01493	G
1593	0.05678	0.05873	C
1594	0.04512	0.04645	A
1595	0.01307	0.01688	T
1596	0.05384	0.05774	C
1597	0.04635	0.04882	A
1598	0.06	0.07025	C
1599	0.04531	0.04958	A
1600	0.05978	0.07216	C
1601	0.04123	0.04359	A
1602	0.07294	0.07296	C
1603	0.04774	0.05001	C
1604	0.01515	0.0185	G
1605	0.04426	0.04581	C
1606	0.03433	0.03585	A
1607	0.07325	0.07703	C
1608	0.03786	0.03844	A
1609	0.04105	0.04239	A
1610	0.01972	0.02294	T
1611	0.04597	0.04624	C
1612	0.03695	0.03697	C
1613	0.04691	0.04698	C
1614	0.02882	0.02889	C
1615	0.01582	0.01666	T
1616	0.04869	0.05023	A
1617	0.01215	0.01266	T
1618	0.06005	0.06122	C
1619	0.01003	0.0105	T
1620	0.04608	0.0561	A
1621	0.00607	0.00625	G
1622	0.00501	0.00511	G
1623	0.02917	0.02922	C
1624	0.02183	0.02206	C
1625	0.0116	0.01178	T
1626	0.01113	0.01139	T
1627	0.05042	0.06337	C
1628	0.01386	0.01386	T
1629	0.01259	0.01279	T
1630	0.03161	0.05183	A
1631	0.08437	0.08973	C
1632	0.00847	0.00969	G
1633	0.04953	0.05078	A
1634	0.0076	0.00797	G
1635	0.02473	0.02491	C
1636	0.02204	0.02228	C
1637	0.02285	0.02406	A
1638	0.01921	0.01939	A
1639	0.03617	0.03629	A
1640	0.0433	0.04334	A
1641	0.05557	0.06031	C
1642	0.03267	0.03347	C
1643	0.02878	0.03657	T
1644	0.01438	0.01629	G
1645	0.04401	0.04421	C
1646	0.02924	0.02954	C
1647	0.03988	0.04011	C
1648	0.02927	0.02977	C
1649	0.01754	0.03132	T
1650	0.04953	0.05542	A
1651	0.05535	0.05776	C
1652	0.0274	0.02984	T
1653	0.04159	0.04171	C
1654	0.02619	0.02812	C
1655	0.01115	0.01329	T
1656	0.04267	0.0427	C
1657	0.02162	0.02333	C
1658	0.00972	0.01083	T
1659	0.0338	0.043	A
1660	0.00811	0.00907	G
1661	0.02819	0.02853	A
1662	0.04333	0.04371	C
1663	0.00763	0.00901	C
1664	0.01329	0.01537	T
1665	0.02807	0.02901	A
1666	0.03159	0.03244	A
1667	0.05959	0.06015	C
1668	0.027	0.02843	C
1669	0.01365	0.01581	T
1670	0.01094	0.01179	G
1671	0.03609	0.03687	A
1672	0.04019	0.04135	C
1673	0.0151	0.01627	T
1674	0.03314	0.0348	A
1675	0.01357	0.01631	G
1676	0.03613	0.0363	A
1677	0.02722	0.02769	A
1678	0.02892	0.02906	A
1679	0.03407	0.03452	A
1680	0.01343	0.01465	G
1681	0.03355	0.03554	C
1682	0.01521	0.01677	T
1683	0.03356	0.03543	A
1684	0.01547	0.01564	T
1685	0.01805	0.02027	T
1686	0.01868	0.03065	A
1687	0.05444	0.05489	C
1688	0.02737	0.02861	C
1689	0.01603	0.02119	T
1690	0.01888	0.01966	A
1691	0.01432	0.01487	A
1692	0.02788	0.02817	A
1693	0.0293	0.02963	A
1694	0.06182	0.07531	C
1695	0.02323	0.02346	A
1696	0.0369	0.03728	A
1697	0.01075	0.01077	T
1698	0.01276	0.01286	T
1699	0.00807	0.00816	T
1700	0.0503	0.05333	C
1701	0.03325	0.03736	A
1702	0.05054	0.05256	C
1703	0.03491	0.03849	A
1704	0.01813	0.01986	G
1705	0.03893	0.0407	C
1706	0.03524	0.03601	A
1707	0.05033	0.05043	C
1708	0.02741	0.02787	C
1709	0.01477	0.01489	A
1710	0.03074	0.03142	A
1711	0.03694	0.03723	A
1712	0.01908	0.02032	T
1713	0.03375	0.03475	C
1714	0.01728	0.0201	T
1715	0.03105	0.03119	C
1716	0.02874	0.03003	C
1717	0.02326	0.02808	A
1718	0.0473	0.04739	C
1719	0.02807	0.02977	C
1720	0.0127	0.01568	T
1721	0.04442	0.04442	C
1722	0.02618	0.02704	C
1723	0.02774	0.03558	A
1724	0.01762	0.01947	T
1725	0.04954	0.05351	C
1726	0.04046	0.04701	A
1727	0.01748	0.02039	T
1728	0.05731	0.06393	C
1729	0.03602	0.03784	A
1730	0.05885	0.05902	C
1731	0.042	0.04365	C
1732	0.01509	0.01918	T
1733	0.06075	0.06767	C
1734	0.03488	0.03996	A
1735	0.04218	0.04354	A
1736	0.05027	0.05054	C
1737	0.0263	0.02651	C
1738	0.02905	0.03002	C
1739	0.00629	0.00728	A
1740	0.02355	0.02378	A
1741	0.02902	0.02913	A
1742	0.04726	0.04746	A
1743	0.03842	0.03864	A
1744	0.00951	0.01006	G
1745	0.00692	0.00737	G
1746	0.08091	0.08295	C
1747	0.03739	0.03834	A
1748	0.01211	0.01686	T
1749	0.02674	0.02677	A
1750	0.05	0.05428	A
1751	0.01113	0.01138	T
1752	0.00994	0.01094	T
1753	0.03294	0.03336	A
1754	0.04218	0.04258	A
1755	0.07333	0.07558	A
1756	0.07035	0.07872	C
1757	0.00722	0.00733	T
1758	0.00879	0.00918	T
1759	0.00798	0.00815	T
1760	0.06549	0.076	A
1761	0.10036	0.1052	C
1762	0.00953	0.00978	T
1763	0.00935	0.00949	T
1764	0.08351	0.08563	C
1765	0.05772	0.06121	C
1766	0.0099	0.01103	T
1767	0.08718	0.09624	C
1768	0.01118	0.01171	T
1769	0.10222	0.10862	C
1770	0.00559	0.00562	T
1771	0.01241	0.01241	T
1772	0.00857	0.00876	T
1773	0.08916	0.10232	C
1774	0.00919	0.00919	T
1775	0.0095	0.00981	T
1776	0.08648	0.1224	C
1777	0.01013	0.01013	T
1778	0.0129	0.01335	T
1779	0.06857	0.06866	C
1780	0.05873	0.05934	C
1781	0.04373	0.04443	C
1782	0.02886	0.03673	A
1783	0.06112	0.06319	C
1784	0.05193	0.05399	T
1785	0.04678	0.05037	C
1786	0.07265	0.08086	A
1787	0.00995	0.01166	T
1788	0.04997	0.05022	C
1789	0.01425	0.01485	C
1790	0.01485	0.01682	T
1791	0.02383	0.0247	A
1792	0.03263	0.03353	A
1793	0.05148	0.05191	C
1794	0.03636	0.03676	C
1795	0.02407	0.02475	C
1796	0.01124	0.0126	T
1797	0.03666	0.04241	A
1798	0.04491	0.04692	C
1799	0.012	0.0129	T
1800	0.03975	0.03975	C
1801	0.01816	0.01875	C
1802	0.00733	0.00803	T
1803	0.02739	0.02795	A
1804	0.03332	0.03343	A
1805	0.00847	0.00883	T
1806	0.03994	0.04036	C
1807	0.01987	0.01991	A
1808	0.04409	0.04427	C
1809	0.02943	0.02943	A
1810	0.00046	0.00046	T
1811	0.0	0.0	A
1812	0.0	0.0	A
