Position	Mismatches	Mismatches + Deletions	Base
1	0.0	0.0	A
2	0.0	0.0	C
3	0.0	0.0	C
4	0.0	0.0	G
5	0.00595	0.00595	C
6	0.01447	0.01447	C
7	0.0	0.0071	G
8	0.08835	0.10008	A
9	0.00998	0.00998	G
10	0.06813	0.06813	A
11	0.10185	0.10185	C
12	0.03481	0.03481	C
13	0.0	0.0	G
14	0.02672	0.02672	C
15	0.00693	0.00693	G
16	0.0	0.0	T
17	0.03557	0.03557	C
18	0.04336	0.04336	C
19	0.0067	0.01005	G
20	0.05231	0.05231	C
21	0.04268	0.04268	C
22	0.03951	0.03951	C
23	0.10623	0.10623	C
24	0.01333	0.01333	G
25	0.02276	0.02971	C
26	0.00994	0.00994	G
27	0.04249	0.04803	A
28	0.0	0.0	G
29	0.01436	0.01436	C
30	0.03972	0.04327	A
31	0.13979	0.15025	C
32	0.07236	0.09019	A
33	0.00304	0.00304	G
34	0.07534	0.07785	A
35	0.03411	0.03411	G
36	0.03261	0.03261	C
37	0.01764	0.01764	C
38	0.0	0.0	T
39	0.02011	0.02011	C
40	0.00522	0.00522	G
41	0.01493	0.01493	C
42	0.05677	0.05677	C
43	0.01972	0.01972	T
44	0.00357	0.00357	T
45	0.00753	0.00753	T
46	0.00355	0.00355	G
47	0.0235	0.0235	C
48	0.03861	0.03861	C
49	0.0	0.00371	G
50	0.07786	0.08194	A
51	0.00354	0.0059	T
52	0.06661	0.06661	C
53	0.07073	0.07073	C
54	0.01045	0.0151	G
55	0.04744	0.04744	C
56	0.03188	0.03188	C
57	0.00489	0.01316	G
58	0.05725	0.05725	C
59	0.04211	0.04211	C
60	0.05197	0.05591	C
61	0.007	0.01645	G
62	0.00448	0.00448	T
63	0.02938	0.02938	C
64	0.05669	0.05876	C
65	0.02149	0.04332	A
66	0.08537	0.09789	C
67	0.05761	0.06602	A
68	0.03615	0.03615	C
69	0.06654	0.06654	C
70	0.02814	0.02814	C
71	0.00281	0.00468	G
72	0.05453	0.05453	C
73	0.03575	0.03575	C
74	0.01683	0.01683	G
75	0.02762	0.02762	C
76	0.02249	0.02249	C
77	0.05119	0.07443	A
78	0.01009	0.01009	G
79	0.05199	0.05226	C
80	0.00633	0.00633	T
81	0.02846	0.02846	C
82	0.04605	0.04605	A
83	0.05703	0.05703	C
84	0.03546	0.03546	C
85	0.02467	0.03184	A
86	0.00664	0.00664	T
87	0.00319	0.00319	G
88	0.00181	0.00181	G
89	0.03049	0.05134	A
90	0.39757	0.39854	T
91	0.00492	0.00492	G
92	0.03774	0.03961	A
93	0.39701	0.39943	T
94	0.00227	0.00227	G
95	0.02935	0.03349	A
96	0.40692	0.40692	T
97	0.04552	0.04831	A
98	0.00318	0.00318	T
99	0.07761	0.07996	C
100	0.00808	0.00808	G
101	0.02142	0.02142	C
102	0.02825	0.02825	C
103	0.00333	0.00521	G
104	0.07408	0.07629	C
105	0.00804	0.00804	G
106	0.04857	0.04933	C
107	0.00187	0.00187	T
108	0.51628	0.51805	C
109	0.00959	0.00959	G
110	0.00303	0.0042	T
111	0.02583	0.02583	C
112	0.49332	0.49492	G
113	0.00244	0.00244	T
114	0.50917	0.51251	C
115	0.00968	0.00968	G
116	0.06187	0.0628	A
117	0.06552	0.06613	C
118	0.07073	0.07073	A
119	0.05514	0.05559	A
120	0.51926	0.51992	C
121	0.00521	0.00554	G
122	0.00362	0.00362	G
123	0.01543	0.01543	C
124	0.00411	0.00411	T
125	0.0404	0.0404	C
126	0.01921	0.01921	C
127	0.00452	0.00452	G
128	0.00476	0.00476	G
129	0.0142	0.01495	C
130	0.06082	0.06343	A
131	0.00766	0.00766	T
132	0.00429	0.00435	G
133	0.00916	0.00916	T
134	0.00865	0.00865	G
135	0.05289	0.05985	C
136	0.04895	0.04931	A
137	0.05936	0.05972	A
138	0.52123	0.52206	G
139	0.0044	0.0044	G
140	0.02873	0.02873	C
141	0.52889	0.52889	C
142	0.00521	0.00521	G
143	0.0026	0.0026	G
144	0.56717	0.57129	C
145	0.00523	0.00523	T
146	0.00985	0.00985	T
147	0.55402	0.5554	C
148	0.00781	0.00781	G
149	0.05072	0.0526	C
150	0.51252	0.51252	G
151	0.00458	0.00458	G
152	0.00859	0.00859	G
153	0.53851	0.54733	C
154	0.00634	0.00674	G
155	0.02913	0.02937	A
156	0.03568	0.03597	C
157	0.00688	0.00747	G
158	0.05833	0.06135	A
159	0.52599	0.52735	T
160	0.00668	0.00751	G
161	0.03641	0.03641	C
162	0.56532	0.56963	C
163	0.0267	0.0267	C
164	0.02243	0.02243	C
165	0.03727	0.03727	C
166	0.03048	0.03048	C
167	0.00379	0.00384	G
168	0.57564	0.57564	G
169	0.00217	0.00217	G
170	0.0214	0.0214	C
171	0.03828	0.03828	C
172	0.00345	0.00717	G
173	0.00893	0.00893	T
174	0.60095	0.60232	C
175	0.00711	0.00711	T
176	0.0093	0.0093	T
177	0.59335	0.59374	C
178	0.04888	0.04931	C
179	0.02827	0.02827	C
180	0.58288	0.58477	C
181	0.00488	0.0052	T
182	0.05006	0.05006	C
183	0.02657	0.02689	C
184	0.0399	0.04838	A
185	0.00776	0.00847	T
186	0.05994	0.06029	C
187	0.01048	0.01094	G
188	0.00698	0.00823	T
189	0.57911	0.57911	G
190	0.0117	0.0117	G
191	0.00437	0.00437	G
192	0.00736	0.00827	G
193	0.03266	0.04189	C
194	0.00764	0.00802	G
195	0.02529	0.02529	C
196	0.00894	0.00894	C
197	0.01296	0.01296	C
198	0.10164	0.10164	C
199	0.04186	0.09799	A
200	0.01046	0.01079	G
201	0.55041	0.55071	G
202	0.05219	0.05665	C
203	0.04879	0.05	A
204	0.09037	0.09174	C
205	0.04675	0.04738	C
206	0.07688	0.10839	A
207	0.00411	0.00415	G
208	0.00548	0.00562	G
209	0.00507	0.00507	G
210	0.01536	0.01823	C
211	0.01165	0.01165	G
212	0.00461	0.00504	T
213	0.59825	0.59871	G
214	0.03093	0.03188	A
215	0.00584	0.00584	T
216	0.00515	0.00515	G
217	0.00728	0.00728	G
218	0.00809	0.00828	T
219	0.0065	0.0065	G
220	0.00379	0.00379	G
221	0.00647	0.00647	G
222	0.05149	0.06102	C
223	0.08195	0.08407	A
224	0.00778	0.00873	T
225	0.00441	0.00441	G
226	0.00548	0.00586	G
227	0.0084	0.0084	G
228	0.58123	0.60824	T
229	0.0496	0.0508	C
230	0.08114	0.08323	A
231	0.00899	0.01017	G
232	0.08513	0.08513	A
233	0.06726	0.07047	A
234	0.00683	0.00683	G
235	0.00499	0.00499	G
236	0.05215	0.06581	A
237	0.58255	0.58304	T
238	0.00459	0.00515	T
239	0.03221	0.03255	C
240	0.02005	0.0203	C
241	0.00602	0.00645	T
242	0.0685	0.07036	A
243	0.58119	0.58261	T
244	0.00937	0.0108	G
245	0.00494	0.00631	T
246	0.00522	0.00522	G
247	0.00476	0.00476	G
248	0.00477	0.00492	G
249	0.02381	0.0287	C
250	0.01052	0.01144	G
251	0.06622	0.06851	A
252	0.10091	0.10705	C
253	0.01008	0.01084	G
254	0.06621	0.07319	A
255	0.01065	0.01065	G
256	0.00428	0.00428	G
257	0.00689	0.00689	C
258	0.01213	0.01213	C
259	0.01956	0.01965	C
260	0.02998	0.05263	A
261	0.00289	0.00328	G
262	0.06793	0.06805	A
263	0.00639	0.00639	G
264	0.0724	0.07639	C
265	0.05968	0.05983	A
266	0.08382	0.0868	A
267	0.01105	0.01229	G
268	0.56485	0.57094	A
269	0.00789	0.00792	G
270	0.56879	0.57074	A
271	0.00523	0.00523	G
272	0.00511	0.00511	G
273	0.0581	0.05922	C
274	0.06804	0.06868	A
275	0.00373	0.0042	T
276	0.02797	0.02797	C
277	0.02218	0.02233	C
278	0.00587	0.01207	T
279	0.54403	0.54536	C
280	0.03317	0.0413	A
281	0.02444	0.02444	C
282	0.01478	0.01478	C
283	0.01688	0.01691	C
284	0.00507	0.007	T
285	0.00587	0.00778	G
286	0.0525	0.05338	A
287	0.08662	0.08765	A
288	0.00983	0.01197	G
289	0.01383	0.01584	T
290	0.07118	0.07231	A
291	0.03543	0.03584	C
292	0.02112	0.02112	C
293	0.01226	0.01226	C
294	0.02812	0.02812	C
295	0.04416	0.04728	A
296	0.00733	0.00805	T
297	0.48681	0.48698	C
298	0.00603	0.00659	G
299	0.05467	0.05622	A
300	0.01079	0.01115	G
301	0.03699	0.03944	C
302	0.04016	0.04748	A
303	0.46614	0.46712	C
304	0.00444	0.00465	G
305	0.00702	0.00702	G
306	0.0341	0.03499	C
307	0.0746	0.07498	A
308	0.00367	0.00395	T
309	0.03569	0.03569	C
310	0.01396	0.01437	G
311	0.0031	0.0047	T
312	0.0197	0.02065	C
313	0.0627	0.06439	A
314	0.06149	0.06199	C
315	0.02631	0.02922	C
316	0.05688	0.05762	A
317	0.07923	0.07944	A
318	0.09805	0.10468	C
319	0.01263	0.01402	T
320	0.00578	0.00578	G
321	0.00356	0.00356	G
322	0.00433	0.00433	G
323	0.02721	0.03107	A
324	0.02241	0.02256	C
325	0.00705	0.00708	G
326	0.02705	0.02705	A
327	0.08062	0.08215	C
328	0.04861	0.04922	A
329	0.00591	0.00711	T
330	0.00545	0.0057	G
331	0.00821	0.00821	G
332	0.04473	0.06139	A
333	0.01358	0.01383	G
334	0.05821	0.05821	A
335	0.04506	0.04506	A
336	0.43839	0.43865	A
337	0.04825	0.04842	A
338	0.00498	0.00572	T
339	0.04089	0.0416	C
340	0.01386	0.0139	T
341	0.00857	0.00857	G
342	0.00688	0.00688	G
343	0.07612	0.08168	C
344	0.08899	0.09154	A
345	0.03536	0.03549	C
346	0.02175	0.0235	C
347	0.02357	0.03774	A
348	0.03261	0.03464	C
349	0.02921	0.03166	A
350	0.04004	0.04004	C
351	0.02589	0.02601	C
352	0.00297	0.00309	T
353	0.00446	0.00446	T
354	0.02643	0.03416	C
355	0.00406	0.00526	T
356	0.05314	0.05483	A
357	0.07838	0.07989	C
358	0.04669	0.04725	A
359	0.06631	0.06764	A
360	0.33513	0.34491	T
361	0.00837	0.00923	G
362	0.04674	0.04839	A
363	0.00524	0.00565	G
364	0.0458	0.04814	C
365	0.00597	0.00655	T
366	0.00781	0.00781	G
367	0.07209	0.07305	C
368	0.00633	0.00633	G
369	0.33823	0.34247	T
370	0.01246	0.01382	G
371	0.00378	0.00434	T
372	0.01016	0.01016	G
373	0.00565	0.00565	G
374	0.0234	0.02517	C
375	0.33287	0.37313	T
376	0.01911	0.01911	C
377	0.01486	0.01486	C
378	0.36169	0.36169	C
379	0.00344	0.00421	G
380	0.20844	0.21176	A
381	0.00684	0.00684	G
382	0.00395	0.00409	G
383	0.03301	0.04075	A
384	0.01055	0.01082	G
385	0.02508	0.02848	C
386	0.04201	0.04598	A
387	0.05123	0.05123	C
388	0.05798	0.05798	C
389	0.04428	0.04428	C
390	0.41575	0.41575	C
391	0.00958	0.01075	G
392	0.00395	0.00395	T
393	0.00821	0.00821	G
394	0.02768	0.0308	C
395	0.0037	0.0037	T
396	0.00756	0.00866	G
397	0.03997	0.03997	C
398	0.00177	0.00177	T
399	0.00986	0.01173	G
400	0.07011	0.07098	A
401	0.03495	0.03495	C
402	0.02703	0.02703	C
403	0.00656	0.0094	G
404	0.05711	0.06808	A
405	0.0068	0.0068	G
406	0.00902	0.00929	G
407	0.01624	0.01624	C
408	0.01453	0.01453	C
409	0.03679	0.03712	C
410	0.04909	0.04909	C
411	0.06053	0.06053	C
412	0.04144	0.04144	C
413	0.00817	0.01452	T
414	0.00809	0.01069	G
415	0.04659	0.04869	A
416	0.03684	0.03684	A
417	0.04998	0.05057	C
418	0.03217	0.03217	C
419	0.03393	0.03393	C
420	0.03634	0.03687	C
421	0.0502	0.05225	A
422	0.09805	0.10164	A
423	0.00323	0.00323	G
424	0.00464	0.00464	G
425	0.01863	0.01863	C
426	0.02548	0.02548	C
427	0.05609	0.05752	A
428	0.04268	0.04268	A
429	0.08425	0.08425	C
430	0.44378	0.44778	C
431	0.00713	0.00768	G
432	0.44891	0.44982	C
433	0.00738	0.00738	G
434	0.06875	0.07034	A
435	0.00821	0.00827	G
436	0.03574	0.03574	A
437	0.03869	0.04101	A
438	0.01204	0.01227	G
439	0.08371	0.08765	A
440	0.01291	0.01465	T
441	0.00489	0.00652	G
442	0.05362	0.05444	A
443	0.04349	0.04355	C
444	0.43914	0.43914	C
445	0.02827	0.02827	C
446	0.02349	0.03501	A
447	0.01159	0.01159	G
448	0.05254	0.05323	A
449	0.01087	0.01174	T
450	0.42699	0.45459	C
451	0.06643	0.06859	A
452	0.01029	0.01029	T
453	0.00592	0.00636	G
454	0.00636	0.00636	T
455	0.00729	0.00729	T
456	0.00918	0.00929	T
457	0.00742	0.00914	G
458	0.04995	0.05322	A
459	0.00882	0.00914	G
460	0.05444	0.05492	A
461	0.05964	0.06017	C
462	0.03205	0.03205	C
463	0.00731	0.00731	T
464	0.00354	0.00359	T
465	0.0385	0.04211	C
466	0.05574	0.05689	A
467	0.0512	0.05218	A
468	0.084	0.09305	C
469	0.04877	0.0507	A
470	0.05387	0.0542	C
471	0.02612	0.02656	C
472	0.0321	0.0321	C
473	0.02618	0.02618	C
474	0.37054	0.38879	A
475	0.00473	0.00473	G
476	0.01282	0.01282	C
477	0.00591	0.00591	C
478	0.0184	0.02878	A
479	0.0067	0.0067	T
480	0.0045	0.00478	G
481	0.0034	0.0034	T
482	0.03099	0.03105	A
483	0.06777	0.06899	C
484	0.00803	0.00809	G
485	0.00701	0.00701	T
486	0.36353	0.36465	T
487	0.00564	0.00564	G
488	0.02201	0.02258	C
489	0.35357	0.35946	T
490	0.05207	0.0548	A
491	0.00736	0.00736	T
492	0.08009	0.08037	C
493	0.06806	0.07099	C
494	0.01945	0.03523	A
495	0.00201	0.00201	G
496	0.00523	0.00523	G
497	0.02603	0.02647	C
498	0.3898	0.39035	T
499	0.00831	0.00924	G
500	0.00407	0.00407	T
501	0.00508	0.00508	G
502	0.02854	0.02982	C
503	0.0089	0.0089	T
504	0.40112	0.40416	A
505	0.00663	0.00731	T
506	0.05568	0.0559	C
507	0.05973	0.05973	C
508	0.04609	0.04609	C
509	0.00495	0.00495	T
510	0.34118	0.3453	G
511	0.00452	0.01112	T
512	0.03503	0.04901	A
513	0.04542	0.04704	C
514	0.00486	0.00486	G
515	0.01457	0.01457	C
516	0.01012	0.01063	C
517	0.00529	0.00557	T
518	0.10729	0.1083	C
519	0.00581	0.00581	T
520	0.00305	0.00305	G
521	0.00334	0.00334	G
522	0.3531	0.35339	C
523	0.02425	0.02567	C
524	0.00381	0.005	G
525	0.34644	0.34867	T
526	0.02159	0.02187	A
527	0.04004	0.04222	C
528	0.06245	0.06245	C
529	0.03263	0.04073	A
530	0.06215	0.06285	C
531	0.00392	0.00553	T
532	0.00198	0.00198	G
533	0.00445	0.00445	G
534	0.02809	0.02879	C
535	0.1544	0.15477	A
536	0.00722	0.0084	T
537	0.38525	0.38525	C
538	0.00674	0.00785	G
539	0.00265	0.00302	T
540	0.35869	0.35943	G
541	0.04592	0.04714	A
542	0.0063	0.0063	T
543	0.00389	0.00389	G
544	0.00684	0.00684	G
545	0.02172	0.02669	A
546	0.02387	0.02447	C
547	0.00483	0.00483	T
548	0.07401	0.07427	C
549	0.40795	0.40795	C
550	0.00466	0.00513	G
551	0.00558	0.00615	G
552	0.37768	0.38597	T
553	0.00544	0.00609	G
554	0.09036	0.09418	A
555	0.07734	0.08007	C
556	0.00974	0.00974	G
557	0.00432	0.00432	G
558	0.01322	0.01322	G
559	0.0088	0.0088	G
560	0.00699	0.01043	T
561	0.07399	0.07552	C
562	0.04405	0.0444	A
563	0.04199	0.04199	C
564	0.01986	0.01986	C
565	0.03573	0.03602	C
566	0.05014	0.07606	A
567	0.05346	0.05591	C
568	0.04651	0.04973	A
569	0.07683	0.08137	C
570	0.4028	0.40405	T
571	0.00739	0.00874	G
572	0.00423	0.00423	T
573	0.01916	0.0205	G
574	0.04981	0.05041	C
575	0.01597	0.01597	C
576	0.03448	0.03448	C
577	0.03359	0.03922	A
578	0.00412	0.00417	T
579	0.03038	0.03038	C
580	0.00897	0.00947	T
581	0.05771	0.05848	A
582	0.10471	0.10533	C
583	0.00661	0.00661	G
584	0.03521	0.03783	A
585	0.0061	0.0061	G
586	0.00633	0.00633	G
587	0.0049	0.0049	G
588	0.44515	0.44515	G
589	0.01375	0.01389	T
590	0.0924	0.09978	A
591	0.41457	0.41524	T
592	0.00702	0.0079	G
593	0.02748	0.02752	C
594	0.01763	0.01763	C
595	0.04402	0.04402	C
596	0.00565	0.00926	T
597	0.03082	0.03082	C
598	0.04815	0.04815	C
599	0.05331	0.05331	C
600	0.0409	0.0409	C
601	0.03384	0.03384	C
602	0.04382	0.05787	A
603	0.44735	0.45528	T
604	0.00489	0.00494	G
605	0.03164	0.03244	C
606	0.02191	0.02191	C
607	0.05693	0.0739	A
608	0.00495	0.00584	T
609	0.04585	0.04585	C
610	0.05225	0.05393	C
611	0.00668	0.00848	T
612	0.00412	0.00517	G
613	0.06343	0.06382	C
614	0.008	0.00839	G
615	0.00535	0.00653	T
616	0.04893	0.04933	C
617	0.00648	0.00648	T
618	0.00517	0.00517	G
619	0.00431	0.00431	G
620	0.05853	0.065	A
621	0.06297	0.06327	C
622	0.04583	0.04631	C
623	0.00841	0.00942	T
624	0.00465	0.00465	G
625	0.00857	0.00875	G
626	0.04956	0.05152	C
627	0.0069	0.00738	T
628	0.00683	0.00683	G
629	0.00591	0.00591	G
630	0.03077	0.03094	C
631	0.04115	0.04115	C
632	0.00933	0.00933	G
633	0.01951	0.01999	G
634	0.00683	0.00683	G
635	0.06423	0.07055	A
636	0.05804	0.05839	C
637	0.03466	0.03466	C
638	0.00541	0.00667	T
639	0.02092	0.02157	G
640	0.04072	0.04137	A
641	0.04267	0.0431	C
642	0.48258	0.48632	T
643	0.01232	0.01371	G
644	0.07528	0.07921	A
645	0.06455	0.06659	C
646	0.00937	0.01162	T
647	0.07199	0.0749	A
648	0.07061	0.0716	C
649	0.0362	0.03846	C
650	0.00667	0.00927	T
651	0.04884	0.05037	C
652	0.0681	0.07754	A
653	0.01114	0.0122	T
654	0.00442	0.00493	G
655	0.05251	0.05259	A
656	0.04508	0.04685	A
657	0.00621	0.00634	G
658	0.06368	0.06554	A
659	0.00689	0.00714	T
660	0.02182	0.02204	C
661	0.02129	0.02172	C
662	0.01005	0.01208	T
663	0.07967	0.08309	C
664	0.04934	0.053	A
665	0.08811	0.08811	C
666	0.5082	0.50899	C
667	0.00791	0.00951	G
668	0.05257	0.05683	A
669	0.00726	0.00726	G
670	0.03987	0.04139	C
671	0.00677	0.00746	G
672	0.50801	0.50975	C
673	0.00618	0.00618	G
674	0.00421	0.00421	G
675	0.03341	0.03503	C
676	0.00865	0.00957	T
677	0.03839	0.04383	A
678	0.04185	0.04276	C
679	0.03267	0.03437	A
680	0.00665	0.00665	G
681	0.02396	0.025	C
682	0.00307	0.00307	T
683	0.0066	0.0066	T
684	0.01559	0.01815	C
685	0.06075	0.06369	A
686	0.03109	0.03109	C
687	0.01562	0.01667	C
688	0.0516	0.06855	A
689	0.08329	0.08329	C
690	0.03271	0.03643	C
691	0.03953	0.05177	A
692	0.04728	0.04953	C
693	0.00523	0.00564	G
694	0.00599	0.00599	G
695	0.02083	0.0212	C
696	0.01739	0.01739	C
697	0.01207	0.01413	G
698	0.05835	0.06387	A
699	0.00831	0.00859	G
700	0.06928	0.07727	C
701	0.0102	0.0102	G
702	0.00827	0.00827	G
703	0.00612	0.00612	G
704	0.02171	0.0219	A
705	0.05597	0.05597	A
706	0.08167	0.08167	A
707	0.00402	0.00443	T
708	0.05211	0.05256	C
709	0.00619	0.00646	G
710	0.01164	0.01255	T
711	0.00599	0.00735	G
712	0.04103	0.04103	C
713	0.00756	0.00756	G
714	0.51802	0.52046	T
715	0.01211	0.01211	G
716	0.05594	0.05699	A
717	0.06912	0.07042	C
718	0.06421	0.06426	A
719	0.00825	0.00847	T
720	0.49631	0.49683	T
721	0.05152	0.05169	A
722	0.0765	0.07749	A
723	0.00517	0.00517	G
724	0.00351	0.00351	G
725	0.03761	0.04915	A
726	0.00888	0.00992	G
727	0.02876	0.02876	A
728	0.03207	0.03251	A
729	0.00932	0.00996	G
730	0.0312	0.03172	C
731	0.0029	0.00298	T
732	0.0073	0.00872	G
733	0.00295	0.00295	T
734	0.006	0.00623	G
735	0.04694	0.04884	C
736	0.00447	0.00447	T
737	0.0795	0.07973	A
738	0.08503	0.08577	C
739	0.01234	0.01362	G
740	0.00853	0.01029	T
741	0.03159	0.033	C
742	0.00716	0.00755	G
743	0.0248	0.0248	C
744	0.03266	0.03266	C
745	0.04371	0.04375	C
746	0.00257	0.00257	T
747	0.00268	0.00292	G
748	0.0048	0.0048	G
749	0.03024	0.03604	A
750	0.0359	0.03641	C
751	0.00443	0.00443	T
752	0.00446	0.00446	T
753	0.04068	0.04342	C
754	0.0064	0.00761	G
755	0.06944	0.071	A
756	0.00763	0.00806	G
757	0.06696	0.0718	C
758	0.04609	0.04609	A
759	0.56205	0.56303	A
760	0.00357	0.00392	G
761	0.07056	0.08031	A
762	0.00659	0.00708	G
763	0.09513	0.10054	A
764	0.00652	0.00723	T
765	0.00636	0.00662	G
766	0.00625	0.00625	G
767	0.01046	0.01046	C
768	0.01403	0.01403	C
769	0.0383	0.04735	A
770	0.08052	0.08153	C
771	0.44088	0.44564	G
772	0.00635	0.00855	G
773	0.01508	0.01573	C
774	0.43629	0.45424	T
775	0.00954	0.01523	G
776	0.01878	0.02423	C
777	0.44323	0.44323	T
778	0.00645	0.00645	T
779	0.06707	0.06732	C
780	0.03445	0.03445	C
781	0.47513	0.48379	A
782	0.46539	0.46745	G
783	0.0053	0.00547	C
784	0.00177	0.00206	T
785	0.01452	0.01452	C
786	0.48122	0.48148	C
787	0.00137	0.00218	T
788	0.00813	0.00813	C
789	0.49656	0.49656	C
790	0.08494	0.08539	C
791	0.00953	0.01051	T
792	0.0111	0.01138	G
793	0.00488	0.00548	G
794	0.04089	0.04789	A
795	0.00654	0.00654	G
796	0.04004	0.04028	A
797	0.02988	0.0333	A
798	0.00517	0.0058	G
799	0.02445	0.02709	A
800	0.00732	0.00783	G
801	0.11364	0.11798	C
802	0.00557	0.0058	T
803	0.07218	0.07462	A
804	0.11883	0.12258	C
805	0.00852	0.00936	G
806	0.03722	0.03887	A
807	0.00609	0.00609	G
808	0.08277	0.08407	C
809	0.00573	0.00607	T
810	0.00439	0.00462	G
811	0.01261	0.01261	C
812	0.02789	0.02789	C
813	0.53392	0.53909	T
814	0.00976	0.01058	G
815	0.05114	0.05324	A
816	0.57716	0.57895	C
817	0.00432	0.00432	G
818	0.00455	0.00455	G
819	0.01834	0.01834	C
820	0.02457	0.02487	C
821	0.03688	0.0592	A
822	0.00495	0.00495	G
823	0.00642	0.00642	G
824	0.00228	0.00228	T
825	0.04778	0.04865	C
826	0.06736	0.07067	A
827	0.00657	0.00834	T
828	0.04764	0.04802	C
829	0.07147	0.07249	A
830	0.06894	0.06894	C
831	0.03802	0.0387	C
832	0.07259	0.08302	A
833	0.00721	0.00729	T
834	0.0119	0.0126	T
835	0.0078	0.008	G
836	0.00566	0.00566	G
837	0.03204	0.03361	C
838	0.06751	0.06806	A
839	0.06157	0.06184	A
840	0.01194	0.01306	T
841	0.00697	0.00809	G
842	0.04508	0.04746	A
843	0.00525	0.00624	G
844	0.04164	0.0418	C
845	0.0068	0.0068	G
846	0.0085	0.0085	G
847	0.00719	0.00719	T
848	0.00404	0.00404	T
849	0.02926	0.02926	C
850	0.03721	0.03721	C
851	0.00557	0.00652	G
852	0.55309	0.55645	C
853	0.01035	0.01147	T
854	0.00575	0.00663	G
855	0.55408	0.55412	C
856	0.02388	0.02388	C
857	0.03307	0.03307	C
858	0.54637	0.55637	T
859	0.00288	0.00408	G
860	0.05711	0.06255	A
861	0.00788	0.00788	G
862	0.00321	0.00333	G
863	0.01567	0.01575	C
864	0.57785	0.57898	A
865	0.05438	0.05523	C
866	0.00527	0.00527	T
867	0.59112	0.59503	C
868	0.0069	0.0069	T
869	0.00311	0.00311	T
870	0.05876	0.05876	C
871	0.04111	0.04148	C
872	0.03065	0.05269	A
873	0.00486	0.00502	G
874	0.04045	0.04045	C
875	0.02402	0.02402	C
876	0.00607	0.00607	T
877	0.0065	0.0065	T
878	0.05269	0.05269	C
879	0.04193	0.04257	C
880	0.00713	0.00747	T
881	0.00796	0.00796	T
882	0.06884	0.06884	C
883	0.04898	0.04958	C
884	0.00802	0.0102	T
885	0.00545	0.00545	G
886	0.00215	0.00215	G
887	0.0059	0.0059	G
888	0.52826	0.53096	C
889	0.04042	0.04042	A
890	0.00562	0.00589	T
891	0.00548	0.00548	G
892	0.00344	0.00344	G
893	0.05377	0.06466	A
894	0.47064	0.47977	G
895	0.00569	0.00569	T
896	0.02467	0.02481	C
897	0.49887	0.49887	C
898	0.00287	0.00398	T
899	0.002	0.00308	G
900	0.49489	0.49568	T
901	0.00595	0.00595	G
902	0.00288	0.00288	G
903	0.21884	0.22286	C
904	0.16844	0.16903	A
905	0.0056	0.0056	T
906	0.00536	0.00536	C
907	0.00699	0.00699	C
908	0.00858	0.01131	A
909	0.01218	0.01325	C
910	0.00804	0.00991	G
911	0.05752	0.05848	A
912	0.43955	0.44036	A
913	0.05562	0.05562	A
914	0.04185	0.0464	C
915	0.42921	0.46567	T
916	0.01693	0.01768	A
917	0.03172	0.03172	C
918	0.00618	0.00647	C
919	0.0014	0.0014	T
920	0.00245	0.00331	T
921	0.00842	0.00872	C
922	0.07149	0.0742	A
923	0.05032	0.05144	A
924	0.08642	0.10063	C
925	0.00704	0.0081	T
926	0.06886	0.06886	C
927	0.0228	0.02355	C
928	0.0309	0.03973	A
929	0.0059	0.00826	T
930	0.04152	0.04174	C
931	0.08878	0.0935	A
932	0.00721	0.00772	T
933	0.00341	0.00372	G
934	0.00903	0.00903	A
935	0.01249	0.01249	A
936	0.00444	0.00515	G
937	0.01089	0.01217	T
938	0.00306	0.00352	G
939	0.002	0.002	T
940	0.00584	0.0062	G
941	0.10081	0.10399	A
942	0.01959	0.01969	C
943	0.00928	0.00928	G
944	0.00151	0.00151	T
945	0.0052	0.0052	G
946	0.00222	0.00222	G
947	0.01897	0.02125	A
948	0.0718	0.07489	C
949	0.12417	0.12452	A
950	0.00632	0.00668	T
951	0.00836	0.00836	C
952	0.01766	0.01766	C
953	0.00506	0.00592	G
954	0.0113	0.01236	C
955	0.01896	0.01917	A
956	0.03801	0.03801	A
957	0.05568	0.05583	A
958	0.00725	0.00725	G
959	0.02482	0.02555	A
960	0.06898	0.06898	C
961	0.0304	0.0304	C
962	0.00553	0.00616	T
963	0.00775	0.00854	G
964	0.00498	0.00518	T
965	0.05624	0.06114	A
966	0.06582	0.06632	C
967	0.00713	0.00713	G
968	0.01928	0.01928	C
969	0.02224	0.02249	C
970	0.04523	0.0475	A
971	0.05141	0.05166	A
972	0.06383	0.06719	C
973	0.05256	0.05386	A
974	0.07417	0.07965	C
975	0.65633	0.65747	A
976	0.0072	0.00827	G
977	0.00409	0.00414	T
978	0.00962	0.00962	G
979	0.0384	0.04005	C
980	0.00156	0.00156	T
981	0.00776	0.00776	G
982	0.00284	0.00284	T
983	0.0582	0.05834	C
984	0.65826	0.66187	T
985	0.01024	0.01156	G
986	0.00903	0.00903	G
987	0.01171	0.01316	C
988	0.01223	0.01228	G
989	0.00581	0.00619	G
990	0.08369	0.08802	C
991	0.07226	0.07305	A
992	0.05408	0.05408	C
993	0.03057	0.03126	C
994	0.05498	0.06984	A
995	0.05096	0.05096	C
996	0.03842	0.03865	C
997	0.04588	0.05844	A
998	0.00597	0.00601	T
999	0.00445	0.00516	G
1000	0.00499	0.00598	T
1001	0.04874	0.04955	A
1002	0.45465	0.45519	C
1003	0.0284	0.0284	C
1004	0.02352	0.02388	C
1005	0.64782	0.65459	T
1006	0.00231	0.00231	G
1007	0.00496	0.00496	G
1008	0.0354	0.03599	C
1009	0.10119	0.10391	A
1010	0.0083	0.0083	T
1011	0.0087	0.0087	T
1012	0.00538	0.00681	G
1013	0.01076	0.01076	C
1014	0.01308	0.01308	C
1015	0.00432	0.00623	G
1016	0.08217	0.08222	A
1017	0.03676	0.03725	C
1018	0.06605	0.0665	A
1019	0.0042	0.0042	G
1020	0.0142	0.01446	G
1021	0.02237	0.03242	A
1022	0.00323	0.00323	T
1023	0.00332	0.00354	G
1024	0.03747	0.03866	C
1025	0.0447	0.0447	A
1026	0.00869	0.01008	G
1027	0.06657	0.06657	A
1028	0.06407	0.06751	A
1029	0.00789	0.00789	G
1030	0.0052	0.00537	G
1031	0.05897	0.07621	A
1032	0.00346	0.00396	G
1033	0.06693	0.0703	A
1034	0.00604	0.00624	T
1035	0.07139	0.07235	C
1036	0.08852	0.09268	A
1037	0.04647	0.04697	C
1038	0.63833	0.64475	T
1039	0.00537	0.00592	G
1040	0.01594	0.01594	C
1041	0.01033	0.01033	C
1042	0.02195	0.02195	C
1043	0.00728	0.00883	T
1044	0.02263	0.02293	G
1045	0.00358	0.00375	G
1046	0.04088	0.04312	C
1047	0.64832	0.65367	A
1048	0.08298	0.08298	C
1049	0.07117	0.07117	C
1050	0.02477	0.02495	C
1051	0.02707	0.03772	A
1052	0.00654	0.00767	G
1053	0.02696	0.02884	C
1054	0.03203	0.03325	A
1055	0.03236	0.03244	C
1056	0.64399	0.64399	A
1057	0.06757	0.0691	A
1058	0.00779	0.00834	T
1059	0.00779	0.00779	G
1060	0.06181	0.06232	A
1061	0.06849	0.06849	A
1062	0.00721	0.0082	G
1063	0.05219	0.05288	A
1064	0.00757	0.00919	T
1065	0.07927	0.07927	C
1066	0.06773	0.06837	A
1067	0.07275	0.07319	A
1068	0.01016	0.01201	G
1069	0.06145	0.06381	A
1070	0.00698	0.00831	T
1071	0.03939	0.04073	C
1072	0.05576	0.05825	A
1073	0.00517	0.00537	T
1074	0.3645	0.36881	T
1075	0.01263	0.01623	G
1076	0.03586	0.0373	C
1077	0.40323	0.40967	T
1078	0.02393	0.02393	C
1079	0.03309	0.03387	C
1080	0.36995	0.41017	T
1081	0.03906	0.03906	C
1082	0.03126	0.03126	C
1083	0.42235	0.4257	T
1084	0.00534	0.00729	G
1085	0.05452	0.05807	A
1086	0.00568	0.00633	G
1087	0.03706	0.03775	C
1088	0.01058	0.01123	G
1089	0.0423	0.04394	C
1090	0.03057	0.03083	A
1091	0.06142	0.06251	A
1092	0.02313	0.02529	G
1093	0.00679	0.00725	T
1094	0.08706	0.08851	A
1095	0.06196	0.06224	C
1096	0.00501	0.00501	T
1097	0.04736	0.04736	C
1098	0.54044	0.54044	C
1099	0.00297	0.00534	G
1100	0.00628	0.00781	T
1101	0.02094	0.02102	G
1102	0.00281	0.00281	T
1103	0.00586	0.00586	G
1104	0.00253	0.00253	G
1105	0.03319	0.04048	A
1106	0.00458	0.00583	T
1107	0.07687	0.07687	C
1108	0.00946	0.00946	G
1109	0.00734	0.00734	G
1110	0.5226	0.52378	C
1111	0.00749	0.00749	G
1112	0.00493	0.00493	G
1113	0.03123	0.03364	C
1114	0.00365	0.00365	T
1115	0.05599	0.05599	C
1116	0.03697	0.03771	C
1117	0.05635	0.07437	A
1118	0.00301	0.00326	T
1119	0.04411	0.04411	C
1120	0.03407	0.03567	C
1121	0.00522	0.00729	T
1122	0.00378	0.00378	G
1123	0.00607	0.00607	G
1124	0.04663	0.04663	C
1125	0.02019	0.02019	C
1126	0.00222	0.00562	T
1127	0.06287	0.06299	C
1128	0.49667	0.50211	G
1129	0.04679	0.04708	C
1130	0.00563	0.00563	T
1131	0.00529	0.00541	G
1132	0.00079	0.00154	T
1133	0.01201	0.01205	C
1134	0.00888	0.00926	C
1135	0.01149	0.01443	A
1136	0.02416	0.02416	C
1137	0.0825	0.0828	C
1138	0.00511	0.00566	T
1139	0.00472	0.00472	T
1140	0.06588	0.06588	C
1141	0.04703	0.04728	C
1142	0.04984	0.07837	A
1143	0.00842	0.0114	G
1144	0.0626	0.06406	C
1145	0.07309	0.07661	A
1146	0.00605	0.00605	G
1147	0.05998	0.06338	A
1148	0.00978	0.00986	T
1149	0.00741	0.00774	G
1150	0.00499	0.00499	T
1151	0.0034	0.0034	G
1152	0.00327	0.00351	G
1153	0.02739	0.0402	A
1154	0.00905	0.01241	T
1155	0.46127	0.4689	C
1156	0.04641	0.04822	A
1157	0.01508	0.01592	G
1158	0.04814	0.05501	C
1159	0.0489	0.04934	A
1160	0.07521	0.07812	A
1161	0.0205	0.02524	G
1162	0.05637	0.05731	C
1163	0.03045	0.03341	A
1164	0.00385	0.00385	G
1165	0.00381	0.00381	G
1166	0.03341	0.04366	A
1167	0.01934	0.01972	G
1168	0.0104	0.01187	T
1169	0.07208	0.07259	A
1170	0.41132	0.41205	T
1171	0.00453	0.00548	G
1172	0.07849	0.07887	A
1173	0.10938	0.11062	C
1174	0.00856	0.00946	G
1175	0.0447	0.04751	A
1176	0.01099	0.01099	G
1177	0.01852	0.02095	T
1178	0.0349	0.03532	C
1179	0.32024	0.32114	C
1180	0.00778	0.00778	G
1181	0.00945	0.01005	G
1182	0.03402	0.03473	C
1183	0.02424	0.02424	C
1184	0.05684	0.05716	C
1185	0.0583	0.0583	C
1186	0.00606	0.00615	T
1187	0.04182	0.04182	C
1188	0.0182	0.01867	C
1189	0.02709	0.03229	A
1190	0.0038	0.0047	T
1191	0.05913	0.05918	C
1192	0.0096	0.01089	G
1193	0.00831	0.00869	T
1194	0.03072	0.03072	C
1195	0.03124	0.03204	C
1196	0.02707	0.03642	A
1197	0.04622	0.04622	C
1198	0.04389	0.04473	C
1199	0.00693	0.009	G
1200	0.06979	0.07529	C
1201	0.02789	0.02986	A
1202	0.03986	0.04052	A
1203	0.04846	0.04897	A
1204	0.00961	0.01002	T
1205	0.00415	0.00479	G
1206	0.05296	0.053	C
1207	0.00396	0.00396	T
1208	0.00719	0.00746	T
1209	0.05041	0.05657	C
1210	0.00544	0.00699	T
1211	0.05046	0.0555	A
1212	0.12585	0.12585	G
1213	0.12303	0.12321	G
1214	0.01672	0.01676	C
1215	0.00664	0.00664	G
1216	0.00218	0.00255	G
1217	0.01516	0.01981	A
1218	0.05603	0.05694	C
1219	0.00548	0.00548	T
1220	0.05136	0.05419	A
1221	0.00936	0.00936	T
1222	0.00314	0.00423	G
1223	0.05561	0.05661	A
1224	0.06022	0.0616	C
1225	0.0047	0.0047	T
1226	0.00231	0.00231	T
1227	0.03653	0.05212	A
1228	0.00738	0.00817	G
1229	0.00396	0.00396	T
1230	0.00814	0.00814	T
1231	0.0038	0.00513	G
1232	0.0482	0.0482	C
1233	0.00979	0.01127	G
1234	0.00617	0.00617	T
1235	0.00991	0.01011	T
1236	0.05405	0.06331	A
1237	0.06644	0.07126	C
1238	0.03343	0.0353	A
1239	0.08211	0.08264	C
1240	0.0472	0.0472	C
1241	0.05917	0.05968	C
1242	0.00271	0.00286	T
1243	0.00877	0.00877	T
1244	0.00631	0.00631	T
1245	0.07079	0.07832	C
1246	0.00862	0.00881	T
1247	0.01203	0.01237	T
1248	0.00612	0.00845	G
1249	0.05299	0.05427	A
1250	0.08502	0.09241	C
1251	0.05891	0.05966	A
1252	0.02403	0.02515	A
1253	0.0408	0.04104	A
1254	0.04456	0.04456	A
1255	0.0836	0.0882	C
1256	0.04233	0.0444	C
1257	0.00787	0.00975	T
1258	0.06344	0.06418	A
1259	0.0512	0.05144	A
1260	0.06381	0.06698	C
1261	0.0032	0.00338	T
1262	0.00622	0.0066	T
1263	0.00297	0.00449	G
1264	0.04165	0.04229	C
1265	0.01111	0.01358	G
1266	0.04312	0.0453	C
1267	0.0645	0.06718	A
1268	0.00942	0.01073	G
1269	0.0525	0.05256	A
1270	0.03182	0.03182	A
1271	0.05513	0.05513	A
1272	0.0588	0.05921	A
1273	0.07344	0.09135	C
1274	0.05286	0.05298	A
1275	0.05879	0.06012	A
1276	0.0081	0.00909	G
1277	0.08233	0.08396	A
1278	0.00928	0.00933	T
1279	0.00785	0.00899	G
1280	0.062	0.0628	A
1281	0.00807	0.00855	G
1282	0.08438	0.08628	A
1283	0.00818	0.00849	T
1284	0.00964	0.00966	T
1285	0.00823	0.00835	G
1286	0.0051	0.00538	G
1287	0.05376	0.05605	C
1288	0.0704	0.07649	A
1289	0.0083	0.00875	T
1290	0.0064	0.00653	G
1291	0.04829	0.04859	G
1292	0.07351	0.07734	C
1293	0.00051	0.00052	T
1294	0.00068	0.00069	T
1295	0.00072	0.00075	T
1296	0.85106	0.85359	A
1297	0.00079	0.00079	T
1298	0.00069	0.00069	T
1299	0.00082	0.00083	T
1300	0.82602	0.84004	G
1301	0.00018	0.00018	T
1302	0.00024	0.00024	T
1303	0.00025	0.00025	T
1304	0.00147	0.00147	T
1305	0.00074	0.00074	T
1306	0.00046	0.00046	T
1307	0.00054	0.00054	T
1308	0.00077	0.00077	T
1309	0.81066	0.84212	G
1310	0.00099	0.00099	T
1311	0.00066	0.00066	T
1312	0.00071	0.00071	T
1313	0.00109	0.00109	T
1314	0.81282	0.84083	G
1315	0.00085	0.00085	T
1316	0.00065	0.00065	T
1317	0.00101	0.00101	T
1318	0.00121	0.00123	T
1319	0.84224	0.84436	G
1320	0.82958	0.84385	G
1321	0.00068	0.0008	T
1322	0.00019	0.00021	T
1323	0.00023	0.00023	T
1324	0.00123	0.00123	T
1325	0.00085	0.00085	T
1326	0.00087	0.00087	T
1327	0.00068	0.00068	T
1328	0.00074	0.00074	T
1329	0.00075	0.00075	T
1330	0.00073	0.00074	T
1331	0.0007	0.0007	T
1332	0.00095	0.00095	T
1333	0.00046	0.00046	T
1334	0.00038	0.00038	T
1335	0.00028	0.00028	T
1336	0.00052	0.00052	T
1337	0.00248	0.00255	G
1338	0.00091	0.00096	G
1339	0.00498	0.00543	C
1340	0.00046	0.00049	T
1341	0.00069	0.00069	T
1342	0.00102	0.0012	G
1343	0.00464	0.0048	A
1344	0.00474	0.00492	C
1345	0.00064	0.00113	T
1346	0.00446	0.00461	C
1347	0.0039	0.00413	A
1348	0.00051	0.00052	G
1349	0.0003	0.00031	G
1350	0.00355	0.00387	A
1351	0.00035	0.00036	T
1352	0.00028	0.00028	T
1353	0.00037	0.0004	T
1354	0.00105	0.00107	A
1355	0.00236	0.00238	A
1356	0.00179	0.00182	A
1357	0.00229	0.00229	A
1358	0.003	0.00302	A
1359	0.00405	0.00468	C
1360	0.00066	0.00068	T
1361	0.00048	0.00048	G
1362	0.0003	0.00031	G
1363	0.00335	0.00342	A
1364	0.00437	0.00446	A
1365	0.00574	0.00597	C
1366	0.0005	0.0005	G
1367	0.00055	0.00056	G
1368	0.00037	0.00039	T
1369	0.00054	0.00064	G
1370	0.00441	0.0045	A
1371	0.00392	0.00393	A
1372	0.00053	0.00055	G
1373	0.00044	0.00046	G
1374	0.00066	0.00069	T
1375	0.00037	0.00039	G
1376	0.00368	0.00391	A
1377	0.00352	0.00362	C
1378	0.00567	0.00574	A
1379	0.00069	0.00095	G
1380	0.0042	0.0043	C
1381	0.00517	0.00544	A
1382	0.00076	0.00076	G
1383	0.00053	0.00057	T
1384	0.00374	0.00379	C
1385	0.00077	0.00077	G
1386	0.00077	0.0008	G
1387	0.00063	0.00063	T
1388	0.00099	0.00099	T
1389	0.00087	0.00089	G
1390	0.00075	0.00076	G
1391	0.00422	0.00518	A
1392	0.00083	0.00093	G
1393	0.00609	0.00649	C
1394	0.0011	0.00117	G
1395	0.00725	0.00755	A
1396	0.00087	0.00101	G
1397	0.00523	0.00557	C
1398	0.00766	0.00819	A
1399	0.00147	0.00173	T
1400	0.00288	0.00294	C
1401	0.0028	0.00281	C
1402	0.00424	0.00424	C
1403	0.00691	0.00691	C
1404	0.00604	0.00608	C
1405	0.0039	0.0042	A
1406	0.00556	0.00556	A
1407	0.00921	0.00926	A
1408	0.00124	0.00125	G
1409	0.001	0.001	T
1410	0.00115	0.00118	T
1411	0.00847	0.00863	C
1412	0.00863	0.00875	A
1413	0.00765	0.00793	C
1414	0.00529	0.00529	A
1415	0.00719	0.00753	A
1416	0.00099	0.00106	T
1417	0.00227	0.00243	G
1418	0.00237	0.00298	T
1419	0.00262	0.00262	G
1420	0.00118	0.00128	G
1421	0.01209	0.01224	C
1422	0.01727	0.01734	C
1423	0.00279	0.00382	G
1424	0.02083	0.02238	A
1425	0.00255	0.00258	G
1426	0.00169	0.00195	G
1427	0.00607	0.0075	A
1428	0.02685	0.02709	C
1429	0.00216	0.00216	T
1430	0.00282	0.00289	T
1431	0.00371	0.00378	T
1432	0.00204	0.00313	G
1433	0.04318	0.04446	A
1434	0.0038	0.00396	T
1435	0.00555	0.00597	T
1436	0.00409	0.00442	G
1437	0.01107	0.01144	C
1438	0.01451	0.01475	A
1439	0.01741	0.01781	C
1440	0.02412	0.02498	A
1441	0.00276	0.00278	T
1442	0.00222	0.00222	T
1443	0.00405	0.00435	G
1444	0.00287	0.00305	T
1445	0.00524	0.00524	T
1446	0.01133	0.01406	G
1447	5e-05	5e-05	T
1448	0.00112	0.00112	T
1449	0.00093	0.00093	T
1450	0.00174	0.00186	T
1451	0.00289	0.00289	T
1452	0.00205	0.00205	T
1453	0.00402	0.00402	T
1454	0.07121	0.07467	A
1455	0.07164	0.07343	A
1456	0.00716	0.00725	T
1457	0.04667	0.04871	A
1458	0.00649	0.0073	G
1459	0.00496	0.00569	T
1460	0.04013	0.0404	C
1461	0.04381	0.04635	A
1462	0.00491	0.00491	T
1463	0.00992	0.01002	T
1464	0.03486	0.03522	C
1465	0.03421	0.03489	C
1466	0.02104	0.02117	A
1467	0.04469	0.046	A
1468	0.05247	0.05267	A
1469	0.00872	0.00963	T
1470	0.06741	0.06861	A
1471	0.00882	0.00945	T
1472	0.0056	0.00609	G
1473	0.06187	0.06461	A
1474	0.00818	0.00913	G
1475	0.05357	0.05787	A
1476	0.00371	0.00386	T
1477	0.00288	0.00342	G
1478	0.03841	0.03861	C
1479	0.76162	0.7627	G
1480	0.00433	0.00433	T
1481	0.00606	0.00606	T
1482	0.00653	0.00874	G
1483	0.00551	0.00551	T
1484	0.00288	0.00288	T
1485	0.01915	0.02671	A
1486	0.02226	0.02228	C
1487	0.02736	0.02808	A
1488	0.00242	0.00281	G
1489	0.00497	0.00497	G
1490	0.03273	0.03273	A
1491	0.02666	0.02772	A
1492	0.00592	0.00629	G
1493	0.01225	0.01257	T
1494	0.00854	0.00854	C
1495	0.00739	0.00739	C
1496	0.01938	0.01938	C
1497	0.00305	0.00305	T
1498	0.00947	0.00947	T
1499	0.00615	0.00633	G
1500	0.01239	0.01252	C
1501	0.01923	0.01939	C
1502	0.04994	0.06335	A
1503	0.00346	0.00393	T
1504	0.03602	0.03602	C
1505	0.03271	0.03284	C
1506	0.00419	0.00535	T
1507	0.04805	0.04892	A
1508	0.03668	0.03684	A
1509	0.04963	0.05004	A
1510	0.07092	0.07135	A
1511	0.01046	0.01174	G
1512	0.00928	0.00976	C
1513	0.00602	0.00643	C
1514	0.02972	0.04083	A
1515	0.03883	0.03883	C
1516	0.02683	0.02683	C
1517	0.00742	0.00742	C
1518	0.02424	0.02424	C
1519	0.03034	0.04127	A
1520	0.04351	0.04397	C
1521	0.00154	0.00154	T
1522	0.00258	0.00261	T
1523	0.01058	0.0117	C
1524	0.0022	0.00264	T
1525	0.02663	0.02734	C
1526	0.00307	0.00307	T
1527	0.07796	0.0805	C
1528	0.00893	0.00893	T
1529	0.07519	0.07649	A
1530	0.07004	0.07045	A
1531	0.00553	0.00553	G
1532	0.00407	0.00407	G
1533	0.01417	0.0188	A
1534	0.00551	0.00606	G
1535	0.03657	0.03657	A
1536	0.06966	0.07304	A
1537	0.01411	0.01472	T
1538	0.00887	0.00887	G
1539	0.00432	0.00432	G
1540	0.03871	0.03874	C
1541	0.05235	0.05235	C
1542	0.04425	0.04434	C
1543	0.05761	0.09223	A
1544	0.00825	0.00828	G
1545	0.00845	0.00854	T
1546	0.01144	0.01147	C
1547	0.00597	0.00597	C
1548	0.00323	0.00363	T
1549	0.00332	0.00365	C
1550	0.00492	0.00612	T
1551	0.00583	0.00583	C
1552	0.00619	0.00619	C
1553	0.06462	0.0649	C
1554	0.07131	0.07376	A
1555	0.07371	0.07531	A
1556	0.00453	0.00563	G
1557	0.00994	0.01128	T
1558	0.07593	0.07611	C
1559	0.03952	0.04037	C
1560	0.01964	0.04467	A
1561	0.1065	0.11645	C
1562	0.05562	0.06442	A
1563	0.08175	0.08872	C
1564	0.10724	0.11857	A
1565	0.00321	0.00377	G
1566	0.00257	0.00257	G
1567	0.00303	0.00303	G
1568	0.00596	0.00615	G
1569	0.01398	0.01591	A
1570	0.00563	0.00563	G
1571	0.00581	0.00581	G
1572	0.01141	0.01227	T
1573	0.00555	0.00715	G
1574	0.08443	0.08922	A
1575	0.00973	0.01016	T
1576	0.0986	0.09979	A
1577	0.00855	0.00868	G
1578	0.03334	0.03459	C
1579	0.04007	0.04274	A
1580	0.00547	0.00574	T
1581	0.00499	0.00499	T
1582	0.0058	0.00646	G
1583	0.04818	0.05068	C
1584	0.00285	0.00298	T
1585	0.00546	0.00591	T
1586	0.00804	0.00825	T
1587	0.13067	0.13623	C
1588	0.01322	0.01356	G
1589	0.00862	0.00931	T
1590	0.00922	0.01082	G
1591	0.00891	0.01039	T
1592	0.03287	0.03312	A
1593	0.05786	0.05839	A
1594	0.07502	0.07565	A
1595	0.00923	0.00961	T
1596	0.00799	0.00808	T
1597	0.0272	0.0666	A
1598	0.01141	0.01143	T
1599	0.00707	0.00821	G
1600	0.00718	0.00838	T
1601	0.03189	0.03286	A
1602	0.0298	0.0336	A
1603	0.00502	0.00524	T
1604	0.0049	0.00571	G
1605	0.03163	0.03672	C
1606	0.01361	0.01488	A
1607	0.01318	0.01448	A
1608	0.0221	0.02375	A
1609	0.02728	0.02916	A
1610	0.00467	0.00546	T
1611	0.00173	0.00196	T
1612	0.00133	0.00133	T
1613	0.00275	0.003	T
1614	0.00801	0.00838	T
1615	0.00543	0.00543	T
1616	0.00689	0.00689	T
1617	0.04875	0.05301	A
1618	0.06612	0.06911	A
1619	0.0054	0.0063	T
1620	0.09143	0.09687	C
1621	0.00875	0.00885	T
1622	0.01708	0.01718	T
1623	0.08358	0.09795	C
1624	0.00854	0.01074	G
1625	0.05473	0.05523	C
1626	0.04145	0.04481	C
1627	0.00471	0.00486	T
1628	0.00674	0.00685	T
1629	0.05339	0.0566	A
1630	0.0511	0.05595	A
1631	0.0056	0.00581	T
1632	0.0454	0.05271	A
1633	0.05541	0.06467	C
1634	0.00169	0.00184	T
1635	0.00179	0.00194	T
1636	0.00185	0.002	T
1637	0.00422	0.00436	T
1638	0.00505	0.00505	T
1639	0.00602	0.00602	T
1640	0.06901	0.09208	A
1641	0.00227	0.00227	T
1642	0.00506	0.00506	T
1643	0.00575	0.00575	T
1644	0.01076	0.01076	T
1645	0.02747	0.03501	G
1646	0.00334	0.00334	T
1647	0.00641	0.00641	T
1648	0.00583	0.00583	T
1649	0.00887	0.00895	T
1650	0.06431	0.0996	A
1651	0.00389	0.00389	T
1652	0.0043	0.0043	T
1653	0.00619	0.00619	T
1654	0.00746	0.00746	T
1655	0.01136	0.01551	G
1656	0.06475	0.06656	A
1657	0.07779	0.07803	A
1658	0.0088	0.00957	T
1659	0.00957	0.0128	G
1660	0.07389	0.07905	A
1661	0.01316	0.0146	T
1662	0.00811	0.01185	G
1663	0.04381	0.04713	A
1664	0.00661	0.00706	G
1665	0.01247	0.01247	C
1666	0.01218	0.01236	C
1667	0.00483	0.00483	T
1668	0.0031	0.00372	T
1669	0.03276	0.03427	C
1670	0.01632	0.02222	G
1671	0.02261	0.02645	T
1672	0.00999	0.01303	G
1673	0.02544	0.02652	C
1674	0.03595	0.03595	C
1675	0.02197	0.02197	C
1676	0.03687	0.03687	C
1677	0.04066	0.04069	C
1678	0.05162	0.05162	C
1679	0.10738	0.10741	C
1680	0.01145	0.013	T
1681	0.00943	0.01112	T
1682	0.0332	0.034	C
1683	0.01497	0.01503	C
1684	0.0296	0.02996	C
1685	0.03051	0.03074	C
1686	0.07574	0.07591	C
1687	0.00466	0.00538	T
1688	0.00171	0.002	T
1689	0.00196	0.00219	T
1690	0.00454	0.00458	T
1691	0.00747	0.00747	T
1692	0.0189	0.01908	T
1693	0.01231	0.01556	G
1694	0.02636	0.02708	T
1695	0.03339	0.03431	C
1696	0.0192	0.0192	C
1697	0.02075	0.02095	C
1698	0.03762	0.03762	C
1699	0.05362	0.05362	C
1700	0.02855	0.02996	A
1701	0.04003	0.04003	A
1702	0.08242	0.08426	C
1703	0.00737	0.00787	T
1704	0.00641	0.00641	T
1705	0.0059	0.00709	G
1706	0.04588	0.04853	A
1707	0.00389	0.00436	G
1708	0.05369	0.05538	A
1709	0.00855	0.00959	T
1710	0.00771	0.00771	G
1711	0.00321	0.00441	T
1712	0.03033	0.03047	A
1713	0.00617	0.00617	T
1714	0.00338	0.00338	G
1715	0.01849	0.01894	A
1716	0.01679	0.01729	A
1717	0.00321	0.00321	G
1718	0.00364	0.00364	G
1719	0.01125	0.01125	C
1720	0.00094	0.00094	T
1721	0.00219	0.00219	T
1722	0.0084	0.0084	T
1723	0.01018	0.01018	T
1724	0.00735	0.00735	G
1725	0.00571	0.00571	G
1726	0.0036	0.0036	T
1727	0.02092	0.02098	C
1728	0.00403	0.0061	T
1729	0.01163	0.01163	C
1730	0.04795	0.04795	C
1731	0.05025	0.05025	C
1732	0.00775	0.00793	T
1733	0.00219	0.00219	G
1734	0.00465	0.00465	G
1735	0.00211	0.00211	G
1736	0.02724	0.03416	A
1737	0.00415	0.00415	G
1738	0.00891	0.00947	T
1739	0.00361	0.00361	G
1740	0.00359	0.00359	G
1741	0.00465	0.00465	G
1742	0.00458	0.00465	T
1743	0.00913	0.00913	G
1744	0.00303	0.00309	G
1745	0.03721	0.05576	A
1746	0.0058	0.0058	G
1747	0.00417	0.00498	G
1748	0.09018	0.09508	C
1749	0.07403	0.07567	A
1750	0.00713	0.00713	G
1751	0.05493	0.05493	C
1752	0.05532	0.05749	C
1753	0.01982	0.03132	A
1754	0.0029	0.0029	G
1755	0.00271	0.00271	G
1756	0.00243	0.00243	G
1757	0.0267	0.03212	C
1758	0.00102	0.00102	T
1759	0.00382	0.00382	T
1760	0.05259	0.06948	A
1761	0.02471	0.02471	C
1762	0.01149	0.01149	C
1763	0.00594	0.00594	T
1764	0.00497	0.00559	G
1765	0.00266	0.00266	T
1766	0.03571	0.03681	A
1767	0.04809	0.05048	C
1768	0.05192	0.05224	A
1769	0.06398	0.06684	C
1770	0.00926	0.00926	T
1771	0.00253	0.00564	G
1772	0.0396	0.0396	A
1773	0.05191	0.05243	C
1774	0.00639	0.00639	T
1775	0.01886	0.01886	T
1776	0.00782	0.01073	G
1777	0.04407	0.05347	A
1778	0.01209	0.01302	G
1779	0.04667	0.04667	A
1780	0.04512	0.04512	C
1781	0.01657	0.01657	C
1782	0.02714	0.03963	A
1783	0.01052	0.01052	G
1784	0.00502	0.00502	T
1785	0.00489	0.00489	T
1786	0.01034	0.01138	G
1787	0.04628	0.04628	A
1788	0.03461	0.03483	A
1789	0.00844	0.00887	T
1790	0.0299	0.0299	A
1791	0.02052	0.02052	A
1792	0.02432	0.02432	A
1793	0.03962	0.03962	A
1794	0.00454	0.00681	G
1795	0.01619	0.01619	T
1796	0.01616	0.01722	G
1797	0.02386	0.02446	C
1798	0.02335	0.02799	A
1799	0.01058	0.01109	C
1800	0.01229	0.0135	A
1801	0.00678	0.00678	C
1802	0.00657	0.00657	C
1803	0.00453	0.00453	T
1804	0.00141	0.00141	T
1805	0.0	0.0	A
1806	0.00133	0.00133	A
1807	0.0	0.0	A
1808	0.0	0.0	A
1809	0.002	0.002	A
1810	0.0	0.0	T
1811	0.0	0.0	G
1812	0.0	0.0	A
