Position	Mismatches	Mismatches + Deletions	Base
1	0.0	0.0	A
2	0.0	0.0	T
3	0.0	0.0	T
4	0.08182	0.08182	A
5	0.07069	0.07069	A
6	0.01007	0.01099	T
7	0.06278	0.07732	C
8	0.0684	0.06871	C
9	0.07446	0.07446	C
10	0.04936	0.04936	C
11	0.00799	0.00993	T
12	0.0063	0.00649	G
13	0.00647	0.00657	G
14	0.04717	0.0472	C
15	0.04858	0.04858	C
16	0.06099	0.06116	C
17	0.04752	0.0491	A
18	0.06219	0.063	A
19	0.08432	0.08519	C
20	0.04936	0.04956	C
21	0.05201	0.05235	C
22	0.00831	0.0121	G
23	0.00814	0.00973	T
24	0.07057	0.07118	C
25	0.07199	0.07422	A
26	0.0122	0.01261	T
27	0.08633	0.08671	C
28	0.00999	0.01051	T
29	0.07096	0.07499	A
30	0.0712	0.07408	C
31	0.00833	0.00879	T
32	0.06416	0.07118	C
33	0.00927	0.01081	T
34	0.07196	0.07621	A
35	0.10661	0.10779	C
36	0.05903	0.06062	C
37	0.05012	0.06247	A
38	0.00938	0.00992	T
39	0.09622	0.09721	C
40	0.00565	0.00567	T
41	0.00927	0.00927	T
42	0.01029	0.01029	T
43	0.01226	0.01737	G
44	0.08538	0.09264	C
45	0.02922	0.03072	A
46	0.0061	0.00618	G
47	0.00618	0.00632	G
48	0.01386	0.01463	C
49	0.08688	0.0897	A
50	0.0536	0.05498	C
51	0.03089	0.0326	A
52	0.0232	0.02431	C
53	0.00425	0.00623	T
54	0.02445	0.02668	C
55	0.05043	0.05791	A
56	0.01292	0.01756	T
57	0.14933	0.15623	C
58	0.08975	0.10429	A
59	0.1005	0.1147	C
60	0.05681	0.06987	A
61	0.00607	0.00677	G
62	0.03453	0.03579	C
63	0.00855	0.00899	G
64	0.05678	0.06101	C
65	0.01543	0.01728	T
66	0.08509	0.086	A
67	0.10017	0.10333	A
68	0.00806	0.01005	G
69	0.08532	0.09288	C
70	0.0121	0.01283	T
71	0.05532	0.0572	C
72	0.00797	0.00913	G
73	0.01947	0.02039	C
74	0.06659	0.06731	A
75	0.08507	0.0864	C
76	0.00858	0.0088	T
77	0.00729	0.00801	G
78	0.01924	0.01968	A
79	0.00116	0.00118	T
80	0.0021	0.00213	T
81	0.00341	0.00342	T
82	0.00583	0.00583	T
83	0.00724	0.00724	T
84	0.00653	0.00656	T
85	0.10617	0.11684	A
86	0.15324	0.15369	C
87	0.08199	0.0826	C
88	0.00408	0.00491	T
89	0.00324	0.0036	G
90	0.02039	0.02083	A
91	0.00641	0.00663	G
92	0.00375	0.00496	T
93	0.07341	0.07946	A
94	0.00997	0.01009	G
95	0.00396	0.00418	G
96	0.02784	0.02798	C
97	0.0137	0.01389	C
98	0.00491	0.00519	T
99	0.06925	0.07037	A
100	0.00723	0.00814	G
101	0.02997	0.03031	A
102	0.05413	0.05434	A
103	0.04864	0.04933	A
104	0.01334	0.01532	T
105	0.06141	0.06143	A
106	0.05501	0.05504	A
107	0.05285	0.05479	A
108	0.08881	0.1017	C
109	0.0556	0.05704	A
110	0.01143	0.01207	T
111	0.0096	0.01022	G
112	0.06599	0.07025	C
113	0.01142	0.01192	T
114	0.05986	0.06218	A
115	0.00761	0.00821	G
116	0.08703	0.08967	C
117	0.00425	0.00443	T
118	0.00592	0.00608	T
119	0.00783	0.00785	T
120	0.0067	0.00701	T
121	0.05747	0.08094	A
122	0.01016	0.01017	T
123	0.01605	0.01651	T
124	0.06657	0.06962	C
125	0.04339	0.04471	C
126	0.03074	0.04905	A
127	0.01024	0.01104	G
128	0.01313	0.01339	T
129	0.00861	0.00907	T
130	0.04888	0.05639	C
131	0.01469	0.01745	T
132	0.02393	0.02516	A
133	0.02312	0.02357	A
134	0.03802	0.03829	C
135	0.05644	0.05891	C
136	0.00218	0.00304	A
137	0.00182	0.00227	A
138	0.00183	0.00232	A
139	0.01667	0.01679	A
140	0.01146	0.01152	A
141	0.01954	0.01972	A
142	0.01981	0.02031	A
143	0.06447	0.06768	T
144	0.02262	0.02262	A
145	0.02372	0.02382	A
146	0.03105	0.03161	A
147	0.05383	0.05606	C
148	0.02886	0.02911	C
149	0.02681	0.02708	C
150	0.00772	0.00824	T
151	0.04142	0.04184	C
152	0.00651	0.00905	G
153	0.00863	0.0087	T
154	0.00868	0.0089	T
155	0.04719	0.04726	C
156	0.04434	0.04482	C
157	0.0222	0.0322	A
158	0.05672	0.05852	C
159	0.0335	0.04043	A
160	0.00494	0.00705	G
161	0.02694	0.02695	A
162	0.0361	0.03884	A
163	0.00388	0.00506	G
164	0.03751	0.045	C
165	0.01199	0.01224	T
166	0.00703	0.00716	G
167	0.02882	0.02883	C
168	0.01841	0.01853	C
169	0.02286	0.02598	A
170	0.00605	0.00687	T
171	0.04034	0.04089	C
172	0.0334	0.03353	A
173	0.06827	0.0704	A
174	0.00544	0.00665	G
175	0.00514	0.00532	T
176	0.02864	0.02943	A
177	0.00414	0.00414	T
178	0.00921	0.00921	T
179	0.00755	0.00762	T
180	0.04139	0.04178	C
181	0.04162	0.04217	C
182	0.02265	0.03689	T
183	0.04497	0.04743	C
184	0.02083	0.02561	A
185	0.06081	0.06295	C
186	0.00667	0.00751	G
187	0.02547	0.03188	C
188	0.02467	0.02496	A
189	0.0428	0.04331	A
190	0.00599	0.00814	G
191	0.04077	0.04675	C
192	0.02445	0.02479	A
193	0.03008	0.0303	A
194	0.04308	0.0435	C
195	0.04054	0.04125	C
196	0.00521	0.00885	G
197	0.02378	0.03004	C
198	0.02594	0.028	A
199	0.01319	0.01402	T
200	0.03858	0.03864	C
201	0.02988	0.03028	C
202	0.02099	0.03178	A
203	0.00909	0.0108	T
204	0.02415	0.0247	A
205	0.02767	0.03311	A
206	0.00673	0.00808	T
207	0.04189	0.04395	C
208	0.0303	0.03156	C
209	0.00646	0.00653	T
210	0.0068	0.00691	T
211	0.02509	0.03374	C
212	0.00601	0.00683	T
213	0.03109	0.03344	A
214	0.02847	0.0301	A
215	0.00666	0.00795	T
216	0.03182	0.03296	A
217	0.00518	0.00649	G
218	0.04427	0.04667	C
219	0.00748	0.00786	T
220	0.0316	0.03361	A
221	0.00684	0.00807	T
222	0.04932	0.04963	C
223	0.02785	0.02936	C
224	0.00537	0.00631	T
225	0.03606	0.03751	C
226	0.0059	0.0059	T
227	0.00587	0.00608	T
228	0.03243	0.03478	C
229	0.02045	0.02129	A
230	0.02262	0.02281	A
231	0.03526	0.03674	C
232	0.02309	0.02348	A
233	0.02698	0.02742	A
234	0.00609	0.00676	T
235	0.03425	0.03475	A
236	0.00593	0.0068	T
237	0.03762	0.03816	A
238	0.03582	0.03867	C
239	0.00615	0.00645	T
240	0.02219	0.02329	C
241	0.00645	0.00741	T
242	0.02769	0.02769	C
243	0.0155	0.01569	C
244	0.00396	0.00396	G
245	0.00306	0.00318	G
246	0.01308	0.01767	A
247	0.02183	0.02239	C
248	0.02939	0.0295	A
249	0.03349	0.03408	A
250	0.01001	0.01111	T
251	0.00774	0.00931	G
252	0.0193	0.01945	A
253	0.01841	0.0185	A
254	0.02302	0.02361	C
255	0.01392	0.01405	C
256	0.01157	0.02629	A
257	0.00748	0.00954	T
258	0.0234	0.0234	A
259	0.01678	0.0179	A
260	0.02685	0.02742	C
261	0.0188	0.01906	C
262	0.01078	0.01078	A
263	0.0176	0.01816	A
264	0.00637	0.0069	T
265	0.03045	0.03089	A
266	0.04073	0.04322	C
267	0.01085	0.01215	T
268	0.02777	0.02863	A
269	0.04494	0.04587	C
270	0.03073	0.03119	C
271	0.01359	0.01373	A
272	0.02204	0.02255	A
273	0.00905	0.00977	T
274	0.04069	0.04257	C
275	0.03287	0.03443	A
276	0.02356	0.02597	A
277	0.00926	0.00972	T
278	0.02893	0.03028	A
279	0.04871	0.05102	C
280	0.00847	0.00931	T
281	0.03239	0.0349	C
282	0.02258	0.02566	A
283	0.00969	0.01113	T
284	0.03396	0.03578	C
285	0.02088	0.02269	A
286	0.00938	0.00949	T
287	0.00903	0.00943	T
288	0.02564	0.02605	A
289	0.02913	0.02963	A
290	0.01066	0.0135	T
291	0.0332	0.0332	A
292	0.03845	0.04193	A
293	0.00917	0.01079	T
294	0.07438	0.07702	C
295	0.04818	0.05132	A
296	0.01043	0.01218	T
297	0.04184	0.04199	A
298	0.03497	0.04099	A
299	0.00867	0.00953	T
300	0.66628	0.66821	A
301	0.00355	0.00405	G
302	0.0127	0.0128	C
303	0.00417	0.00503	T
304	0.0197	0.02411	A
305	0.00626	0.00683	T
306	0.0625	0.06398	A
307	0.00897	0.00956	G
308	0.06549	0.06803	C
309	0.03941	0.03947	A
310	0.03557	0.03671	A
311	0.02663	0.02913	T
312	0.04163	0.04168	A
313	0.01978	0.01979	A
314	0.03747	0.0375	A
315	0.05875	0.0603	A
316	0.09704	0.11801	C
317	0.01027	0.01065	T
318	0.05732	0.05886	A
319	0.00641	0.00645	G
320	0.00787	0.00807	G
321	0.04913	0.04938	A
322	0.0371	0.03716	A
323	0.0067	0.00713	T
324	0.02778	0.02929	A
325	0.01305	0.01378	G
326	0.00888	0.00911	C
327	0.00723	0.00748	C
328	0.11473	0.11482	C
329	0.07196	0.07202	C
330	0.07424	0.07425	C
331	0.00594	0.00642	T
332	0.0114	0.01188	T
333	0.01388	0.01429	T
334	0.09828	0.10503	C
335	0.05743	0.05925	A
336	0.09135	0.09383	C
337	0.00829	0.00878	T
338	0.01047	0.0106	T
339	0.06199	0.07508	C
340	0.00979	0.01016	T
341	0.00725	0.0105	G
342	0.09216	0.09636	A
343	0.01116	0.01161	G
344	0.01183	0.01334	T
345	0.10062	0.10124	C
346	0.08092	0.08109	C
347	0.02672	0.02693	C
348	0.01453	0.02587	A
349	0.0042	0.00434	G
350	0.01941	0.01987	A
351	0.00479	0.00479	G
352	0.00559	0.00568	G
353	0.00779	0.00801	T
354	0.01216	0.01259	T
355	0.05423	0.08919	A
356	0.10482	0.10501	C
357	0.07579	0.07599	C
358	0.05985	0.06004	C
359	0.05442	0.05542	A
360	0.06899	0.07014	A
361	0.00806	0.00852	G
362	0.00947	0.01055	G
363	0.06135	0.06652	C
364	0.08063	0.08901	A
365	0.0919	0.09287	C
366	0.0695	0.06966	C
367	0.0145	0.0145	C
368	0.01732	0.01746	C
369	0.00405	0.00453	T
370	0.02568	0.02587	C
371	0.00731	0.00775	T
372	0.00585	0.00696	G
373	0.06914	0.07019	A
374	0.0878	0.09217	C
375	0.07319	0.0766	A
376	0.01321	0.01478	T
377	0.07953	0.07973	C
378	0.05339	0.05438	C
379	0.00673	0.00721	G
380	0.00798	0.008	G
381	0.05045	0.05049	C
382	0.02713	0.02745	C
383	0.00647	0.00744	T
384	0.00735	0.00835	G
385	0.06966	0.07146	C
386	0.00751	0.0076	T
387	0.00794	0.00811	T
388	0.05245	0.06897	C
389	0.0103	0.01031	T
390	0.01304	0.01333	T
391	0.06775	0.07736	C
392	0.0195	0.02114	T
393	0.06357	0.0677	C
394	0.03606	0.03739	A
395	0.07312	0.0752	C
396	0.03825	0.04071	A
397	0.01436	0.01582	T
398	0.00973	0.01171	G
399	0.0299	0.03061	A
400	0.12744	0.1336	C
401	0.01507	0.01523	A
402	0.01656	0.01673	A
403	0.01675	0.01709	A
404	0.02578	0.02597	A
405	0.03655	0.03672	A
406	0.07037	0.08526	C
407	0.01363	0.01545	T
408	0.05468	0.059	A
409	0.01768	0.01941	G
410	0.03751	0.03786	C
411	0.02459	0.02495	C
412	0.0391	0.0392	C
413	0.03228	0.03231	C
414	0.02387	0.02406	C
415	0.01817	0.02227	A
416	0.0078	0.00859	T
417	0.032	0.03224	C
418	0.00546	0.00608	T
419	0.0435	0.04471	C
420	0.02188	0.02357	A
421	0.0294	0.03068	A
422	0.00755	0.00871	T
423	0.04923	0.05131	C
424	0.02999	0.03397	A
425	0.00736	0.00791	T
426	0.03473	0.03971	A
427	0.00947	0.01084	T
428	0.03398	0.03582	A
429	0.06455	0.06639	C
430	0.04062	0.0416	C
431	0.01171	0.01211	A
432	0.03194	0.03229	A
433	0.03271	0.03381	A
434	0.0103	0.01178	T
435	0.05318	0.05413	C
436	0.01299	0.01358	T
437	0.05035	0.05246	C
438	0.00983	0.01059	T
439	0.05148	0.05166	C
440	0.04058	0.04058	C
441	0.02959	0.03117	C
442	0.00976	0.01114	T
443	0.03432	0.03546	C
444	0.02808	0.02881	A
445	0.04749	0.0486	C
446	0.00801	0.00998	T
447	0.01784	0.01839	A
448	0.03044	0.03108	A
449	0.03777	0.03794	A
450	0.07175	0.07679	C
451	0.00908	0.00966	G
452	0.00628	0.0094	T
453	0.03814	0.03826	A
454	0.05135	0.05228	A
455	0.00621	0.00698	G
456	0.0501	0.05058	C
457	0.04006	0.04014	C
458	0.00543	0.00569	T
459	0.0104	0.01061	T
460	0.04188	0.0573	C
461	0.00766	0.00854	T
462	0.04912	0.04912	C
463	0.03438	0.03606	C
464	0.01068	0.01224	T
465	0.04137	0.04436	C
466	0.04545	0.04828	A
467	0.05216	0.05609	C
468	0.00906	0.00931	T
469	0.04254	0.0456	C
470	0.01388	0.01482	T
471	0.05052	0.05214	C
472	0.0095	0.01101	T
473	0.06062	0.06229	C
474	0.03711	0.0402	A
475	0.04518	0.04749	A
476	0.01068	0.01216	T
477	0.07193	0.0733	C
478	0.00956	0.00962	T
479	0.00942	0.00978	T
480	0.01636	0.04373	A
481	0.0129	0.01409	T
482	0.06796	0.06963	C
483	0.03462	0.03636	C
484	0.03297	0.03814	A
485	0.01101	0.01259	T
486	0.0508	0.05164	C
487	0.04986	0.05915	A
488	0.01079	0.01204	T
489	0.05916	0.06447	A
490	0.00971	0.01193	G
491	0.06542	0.0694	C
492	0.0387	0.04115	A
493	0.00533	0.00551	G
494	0.00435	0.00436	G
495	0.05343	0.05426	C
496	0.03677	0.03758	A
497	0.00755	0.00765	G
498	0.00562	0.0057	T
499	0.00684	0.00685	T
500	0.00531	0.0058	G
501	0.02345	0.02376	A
502	0.00636	0.00636	G
503	0.00611	0.00615	G
504	0.00869	0.0091	T
505	0.00577	0.00577	G
506	0.00397	0.00403	G
507	0.03148	0.04964	A
508	0.00873	0.00873	T
509	0.01454	0.01496	T
510	0.04001	0.0406	A
511	0.04245	0.04326	A
512	0.04654	0.04675	A
513	0.07338	0.07449	C
514	0.04762	0.04877	C
515	0.02839	0.02936	A
516	0.0459	0.04679	A
517	0.04551	0.04636	A
518	0.07357	0.07602	C
519	0.04971	0.04997	C
520	0.04221	0.04302	C
521	0.04061	0.05726	A
522	0.00952	0.01042	G
523	0.03499	0.03688	C
524	0.00829	0.00972	T
525	0.03495	0.03583	A
526	0.07819	0.07944	C
527	0.0112	0.01231	G
528	0.08026	0.08506	C
529	0.03086	0.0317	A
530	0.02457	0.02483	A
531	0.03792	0.03829	A
532	0.04598	0.04612	A
533	0.00882	0.01103	T
534	0.06405	0.06516	C
535	0.00777	0.00777	T
536	0.00904	0.00915	T
537	0.02516	0.0379	A
538	0.01121	0.01281	G
539	0.0354	0.03621	C
540	0.05463	0.05756	A
541	0.00874	0.00987	T
542	0.06489	0.0684	A
543	0.05937	0.06322	C
544	0.00762	0.00836	T
545	0.02618	0.02628	C
546	0.01662	0.01764	C
547	0.00449	0.00492	T
548	0.04548	0.04645	C
549	0.01855	0.02023	A
550	0.02821	0.02872	A
551	0.00726	0.00748	T
552	0.0096	0.00976	T
553	0.02695	0.04742	A
554	0.04681	0.04727	C
555	0.02592	0.02604	C
556	0.03055	0.03064	C
557	0.02558	0.02907	A
558	0.05716	0.05917	C
559	0.03899	0.04412	A
560	0.0069	0.00778	T
561	0.03949	0.03995	A
562	0.00421	0.00421	G
563	0.00331	0.00355	G
564	0.01931	0.02767	A
565	0.00611	0.00625	T
566	0.00422	0.00491	G
567	0.02928	0.02979	A
568	0.02609	0.02662	A
569	0.00644	0.00729	T
570	0.0454	0.04545	A
571	0.03895	0.04545	A
572	0.00925	0.01001	T
573	0.03902	0.04324	A
574	0.00671	0.00749	G
575	0.03765	0.03824	C
576	0.03413	0.03518	A
577	0.01007	0.01075	G
578	0.00982	0.00998	T
579	0.00752	0.00769	T
580	0.03474	0.03666	C
581	0.00959	0.00982	T
582	0.04374	0.04479	A
583	0.06572	0.06599	C
584	0.04324	0.04434	C
585	0.00875	0.01292	G
586	0.00829	0.00905	T
587	0.03033	0.03121	A
588	0.05913	0.06477	C
589	0.02826	0.02935	A
590	0.02733	0.02924	A
591	0.04869	0.04929	C
592	0.03536	0.03714	C
593	0.02004	0.02103	C
594	0.00768	0.0092	T
595	0.02859	0.02922	A
596	0.03167	0.03285	A
597	0.04581	0.04719	C
598	0.03965	0.04507	A
599	0.00626	0.01128	T
600	0.03128	0.03137	A
601	0.03806	0.0406	A
602	0.05364	0.05576	C
603	0.03013	0.03093	C
604	0.03935	0.04351	A
605	0.00644	0.00667	T
606	0.0053	0.00554	T
607	0.05423	0.07053	C
608	0.00579	0.00611	T
609	0.00549	0.00619	T
610	0.03208	0.03277	A
611	0.04917	0.05272	A
612	0.00391	0.00456	T
613	0.00543	0.00554	T
614	0.0063	0.00632	T
615	0.04845	0.04887	A
616	0.06506	0.06737	A
617	0.0497	0.05953	C
618	0.00398	0.0044	T
619	0.04696	0.05552	A
620	0.00383	0.00397	T
621	0.00392	0.00396	T
622	0.00377	0.00384	T
623	0.05177	0.06056	A
624	0.00478	0.0052	T
625	0.08978	0.09753	A
626	0.00679	0.00679	T
627	0.00627	0.00704	T
628	0.03007	0.0641	A
629	0.00582	0.00676	T
630	0.07229	0.07511	C
631	0.02966	0.03065	C
632	0.00798	0.00887	T
633	0.04554	0.04612	A
634	0.04302	0.04341	A
635	0.05942	0.06785	C
636	0.00669	0.00743	T
637	0.05745	0.06225	A
638	0.07141	0.08536	C
639	0.01202	0.0143	T
640	0.04865	0.05717	A
641	0.06837	0.07094	C
642	0.05454	0.05778	C
643	0.00809	0.01243	G
644	0.04778	0.05155	C
645	0.04447	0.04756	A
646	0.00869	0.00907	T
647	0.00706	0.0071	T
648	0.057	0.05742	C
649	0.04316	0.04394	C
650	0.0085	0.00976	T
651	0.04657	0.0487	A
652	0.05956	0.06605	C
653	0.01021	0.01289	T
654	0.04345	0.04819	A
655	0.0574	0.06367	C
656	0.0094	0.01058	T
657	0.05851	0.06487	C
658	0.03048	0.03264	A
659	0.03184	0.03215	A
660	0.05465	0.0596	C
661	0.00714	0.0079	T
662	0.00652	0.00685	T
663	0.02399	0.02446	A
664	0.03504	0.0357	A
665	0.0399	0.04039	A
666	0.05123	0.05569	C
667	0.00989	0.01042	T
668	0.04891	0.04948	C
669	0.02849	0.02985	C
670	0.03077	0.04992	A
671	0.01005	0.01112	G
672	0.05034	0.05188	C
673	0.0346	0.036	A
674	0.03888	0.03888	C
675	0.01534	0.0159	C
676	0.01585	0.02076	A
677	0.0408	0.04268	C
678	0.00718	0.00825	G
679	0.02349	0.02447	A
680	0.03018	0.03026	C
681	0.02433	0.02462	C
682	0.05129	0.05164	C
683	0.00873	0.01038	T
684	0.0368	0.03829	A
685	0.04808	0.05451	C
686	0.00906	0.01051	T
687	0.06989	0.07508	A
688	0.05176	0.06258	C
689	0.00714	0.00775	T
690	0.04943	0.05671	A
691	0.00789	0.00853	T
692	0.02865	0.02952	C
693	0.01385	0.0144	T
694	0.02904	0.02951	C
695	0.01198	0.01306	G
696	0.02323	0.02376	C
697	0.02057	0.02115	A
698	0.03457	0.03457	C
699	0.04567	0.04647	C
700	0.00705	0.00902	T
701	0.00832	0.01003	G
702	0.03262	0.03306	A
703	0.03831	0.03848	A
704	0.03059	0.03076	A
705	0.06065	0.06721	C
706	0.03309	0.03339	A
707	0.04147	0.04286	A
708	0.00755	0.00907	G
709	0.03958	0.04125	C
710	0.01003	0.01155	T
711	0.03312	0.03344	A
712	0.03466	0.03476	A
713	0.04813	0.04978	C
714	0.0343	0.03535	A
715	0.01347	0.01375	T
716	0.00785	0.00819	G
717	0.03422	0.03493	A
718	0.04298	0.04379	C
719	0.00886	0.01063	T
720	0.03592	0.03709	A
721	0.03242	0.03505	A
722	0.05459	0.05975	C
723	0.02828	0.03349	A
724	0.05248	0.05286	C
725	0.03506	0.03537	C
726	0.03395	0.03465	C
727	0.00785	0.00802	T
728	0.00911	0.00926	T
729	0.0343	0.03533	A
730	0.05476	0.05574	A
731	0.00716	0.00726	T
732	0.01097	0.01133	T
733	0.06313	0.06394	C
734	0.04152	0.04265	C
735	0.03351	0.04297	A
736	0.0189	0.0209	T
737	0.05435	0.05478	C
738	0.04817	0.05244	C
739	0.03695	0.05034	A
740	0.11644	0.11678	C
741	0.00656	0.0067	C
742	0.00588	0.00658	C
743	0.00361	0.00473	T
744	0.00606	0.00606	C
745	0.00531	0.00591	C
746	0.00455	0.01017	T
747	0.17331	0.18267	C
748	0.01895	0.02975	T
749	0.07207	0.07207	C
750	0.0609	0.0609	C
751	0.05539	0.05792	C
752	0.01046	0.01065	T
753	0.02912	0.03106	A
754	0.00493	0.00507	G
755	0.0032	0.00332	G
756	0.01058	0.01248	A
757	0.00464	0.00464	G
758	0.00484	0.00492	G
759	0.13946	0.13968	C
760	0.05045	0.0511	C
761	0.01009	0.01304	T
762	0.01059	0.01199	G
763	0.04271	0.04298	C
764	0.03147	0.03155	C
765	0.0546	0.05468	C
766	0.05405	0.05427	C
767	0.05277	0.05287	C
768	0.0074	0.00985	G
769	0.06816	0.07043	C
770	0.01198	0.01366	T
771	0.0575	0.05862	A
772	0.06044	0.06084	A
773	0.10604	0.10733	C
774	0.06272	0.06389	C
775	0.00473	0.00481	G
776	0.00592	0.00626	G
777	0.06911	0.06968	C
778	0.00421	0.00422	T
779	0.00356	0.00356	T
780	0.009	0.009	T
781	0.01173	0.01173	T
782	0.01401	0.01401	T
783	0.0068	0.00748	G
784	0.0062	0.00624	C
785	0.00539	0.00545	C
786	0.01818	0.01822	C
787	0.01955	0.01966	A
788	0.05361	0.05387	A
789	0.05701	0.0572	A
790	0.01673	0.01799	T
791	0.00475	0.00487	G
792	0.00567	0.0058	G
793	0.00539	0.00539	G
794	0.0151	0.01513	C
795	0.12288	0.12301	C
796	0.02785	0.03779	A
797	0.0113	0.01146	T
798	0.011	0.01114	T
799	0.03501	0.05944	A
800	0.01358	0.01417	T
801	0.07268	0.07495	C
802	0.01779	0.01983	G
803	0.04784	0.04871	A
804	0.05589	0.05658	A
805	0.01605	0.02619	G
806	0.03962	0.03963	A
807	0.04571	0.04626	A
808	0.01649	0.01696	T
809	0.01938	0.02139	T
810	0.05348	0.05795	C
811	0.02454	0.02604	A
812	0.12389	0.13677	C
813	0.00508	0.00515	A
814	0.00803	0.00812	A
815	0.0173	0.01735	A
816	0.0178	0.01786	A
817	0.02407	0.02424	A
818	0.0181	0.01825	A
819	0.12055	0.13075	C
820	0.03609	0.03609	A
821	0.04068	0.04104	A
822	0.01203	0.01329	T
823	0.0597	0.06126	A
824	0.00886	0.00954	G
825	0.05818	0.05857	C
826	0.04027	0.04084	C
827	0.01228	0.01353	T
828	0.05208	0.05295	C
829	0.03822	0.04503	A
830	0.01306	0.01534	T
831	0.05336	0.05637	C
832	0.03613	0.04587	A
833	0.01735	0.02037	T
834	0.04527	0.04642	C
835	0.03067	0.03249	C
836	0.02828	0.02839	C
837	0.02905	0.02992	C
838	0.02701	0.03247	A
839	0.04943	0.04944	C
840	0.02494	0.02558	C
841	0.0267	0.03045	A
842	0.00789	0.01013	T
843	0.04399	0.0445	C
844	0.04324	0.05026	A
845	0.01102	0.01273	T
846	0.0456	0.0515	A
847	0.01169	0.01252	G
848	0.03829	0.03894	C
849	0.02761	0.028	C
850	0.02826	0.03542	A
851	0.04396	0.04426	C
852	0.02777	0.02851	C
853	0.03026	0.03737	A
854	0.01397	0.01686	T
855	0.04512	0.04828	C
856	0.03069	0.03324	A
857	0.06913	0.06927	C
858	0.0383	0.03846	C
859	0.0294	0.03127	C
860	0.0095	0.01247	T
861	0.04292	0.04292	C
862	0.03629	0.03853	C
863	0.0076	0.00792	T
864	0.00977	0.01041	T
865	0.02068	0.02228	A
866	0.03273	0.03365	A
867	0.13065	0.13165	C
868	0.03101	0.03314	C
869	0.00506	0.00552	T
870	0.63455	0.647	C
871	0.0061	0.00662	T
872	0.04358	0.0449	A
873	0.06705	0.07301	C
874	0.01144	0.0117	T
875	0.01064	0.01096	T
876	0.05041	0.06099	C
877	0.01095	0.01151	T
878	0.04561	0.04939	A
879	0.07295	0.0732	C
880	0.02748	0.03116	C
881	0.0348	0.03964	T
882	0.03201	0.04354	A
883	0.07732	0.08057	C
884	0.00922	0.01029	G
885	0.05423	0.05442	C
886	0.02539	0.0258	C
887	0.009	0.01092	T
888	0.02837	0.02851	A
889	0.0317	0.03236	A
890	0.01035	0.0113	T
891	0.04571	0.04708	C
892	0.00922	0.00996	T
893	0.02832	0.03581	A
894	0.03577	0.03755	C
895	0.01704	0.01906	T
896	0.02987	0.02987	C
897	0.01919	0.01975	C
898	0.01705	0.02113	A
899	0.03567	0.03567	C
900	0.02459	0.02515	C
901	0.00689	0.00781	T
902	0.04625	0.04822	C
903	0.02327	0.02561	A
904	0.0286	0.02976	A
905	0.01059	0.01232	T
906	0.04055	0.04197	C
907	0.03225	0.03318	A
908	0.04331	0.04658	C
909	0.03311	0.03437	A
910	0.04486	0.04724	C
911	0.01006	0.01121	T
912	0.03624	0.04229	A
913	0.04089	0.04382	C
914	0.02098	0.02439	T
915	0.03257	0.03268	C
916	0.02199	0.02199	C
917	0.02619	0.02619	C
918	0.02189	0.02222	C
919	0.01603	0.02244	A
920	0.00881	0.00965	T
921	0.02255	0.02358	A
922	0.00939	0.01004	T
923	0.03547	0.03599	C
924	0.00871	0.01085	T
925	0.0254	0.02577	A
926	0.02537	0.02623	A
927	0.06338	0.06664	C
928	0.01983	0.01989	A
929	0.01803	0.01838	A
930	0.05963	0.06126	C
931	0.01999	0.02308	G
932	0.01322	0.01728	T
933	0.00231	0.00254	A
934	0.01651	0.0169	A
935	0.01077	0.01085	A
936	0.01778	0.01823	A
937	0.01627	0.01627	A
938	0.05756	0.06333	T
939	0.02272	0.02272	A
940	0.01246	0.01246	A
941	0.03092	0.03092	A
942	0.03726	0.03818	A
943	0.00983	0.01072	T
944	0.01054	0.01284	G
945	0.04547	0.04645	A
946	0.07628	0.07749	C
947	0.04484	0.04516	A
948	0.01564	0.0163	G
949	0.00954	0.00993	T
950	0.01131	0.01165	T
951	0.00878	0.00885	T
952	0.01105	0.01505	G
953	0.04378	0.04421	A
954	0.0352	0.03583	A
955	0.09112	0.09377	C
956	0.04485	0.0465	A
957	0.0128	0.01561	T
958	0.03492	0.03563	A
959	0.10474	0.11059	C
960	0.03895	0.03895	A
961	0.0211	0.0211	A
962	0.0322	0.0322	A
963	0.03853	0.03901	A
964	0.06715	0.07299	C
965	0.04942	0.05059	C
966	0.03724	0.03833	C
967	0.03562	0.04953	A
968	0.05759	0.05777	C
969	0.06876	0.06892	C
970	0.04228	0.04235	C
971	0.0302	0.03032	C
972	0.04825	0.05296	A
973	0.01688	0.05154	T
974	0.01762	0.01809	T
975	0.05659	0.05681	C
976	0.04014	0.04087	C
977	0.01184	0.01682	T
978	0.04496	0.0451	C
979	0.04014	0.04023	C
980	0.04316	0.04321	C
981	0.04213	0.04339	C
982	0.02325	0.036	A
983	0.05773	0.06043	C
984	0.03744	0.04006	A
985	0.06306	0.06536	C
986	0.00973	0.01155	T
987	0.04683	0.04981	C
988	0.03683	0.04315	A
989	0.02127	0.02372	T
990	0.10135	0.10483	C
991	0.01046	0.01312	G
992	0.04874	0.04889	C
993	0.0402	0.0402	C
994	0.02508	0.02521	C
995	0.00908	0.00935	T
996	0.00883	0.00926	T
997	0.04718	0.06391	A
998	0.05971	0.05994	C
999	0.03346	0.03497	C
1000	0.02276	0.03174	A
1001	0.06949	0.07112	C
1002	0.00964	0.01091	G
1003	0.04442	0.04599	C
1004	0.01136	0.01208	T
1005	0.03925	0.04378	A
1006	0.05448	0.05723	C
1007	0.01036	0.01132	T
1008	0.05087	0.05095	C
1009	0.02401	0.02658	C
1010	0.00966	0.01043	T
1011	0.03013	0.03302	A
1012	0.0806	0.0816	C
1013	0.02642	0.02882	C
1014	0.006	0.00721	T
1015	0.03249	0.03634	A
1016	0.01489	0.0153	T
1017	0.05348	0.05626	C
1018	0.01653	0.01931	T
1019	0.02311	0.02338	C
1020	0.01952	0.01991	C
1021	0.01287	0.01287	C
1022	0.03202	0.03262	C
1023	0.00651	0.00664	T
1024	0.00383	0.00383	T
1025	0.00268	0.00268	T
1026	0.00246	0.00246	T
1027	0.02281	0.02878	A
1028	0.00278	0.00322	T
1029	0.00986	0.01056	A
1030	0.01956	0.02043	C
1031	0.00372	0.00433	T
1032	0.00932	0.00935	A
1033	0.00971	0.01013	A
1034	0.00358	0.00473	T
1035	0.01368	0.01368	A
1036	0.00583	0.00607	A
1037	0.00262	0.00262	T
1038	0.00575	0.00637	C
1039	0.00245	0.00245	T
1040	0.00258	0.00258	T
1041	0.00112	0.00112	A
1042	0.00012	0.00012	T
1043	0.0	0.0	A
1044	0.0	0.0	G
