Position	Mismatches	Mismatches + Deletions	Base
1	0.0	0.0	A
2	0.0	0.0	T
3	0.0	0.0	G
4	0.05117	0.05117	A
5	0.01043	0.01043	T
6	0.01076	0.0109	G
7	0.00827	0.01051	T
8	0.06345	0.06504	A
9	0.0116	0.01168	T
10	0.00609	0.00632	G
11	0.10197	0.10344	C
12	0.00709	0.00727	T
13	0.01005	0.01032	T
14	0.01106	0.01108	T
15	0.00899	0.01233	G
16	0.00533	0.00533	T
17	0.012	0.012	T
18	0.0143	0.0144	T
19	0.09767	0.10564	C
20	0.01283	0.013	T
21	0.01038	0.01913	G
22	0.01282	0.01282	T
23	0.01338	0.01363	T
24	0.00885	0.00986	G
25	0.07391	0.07696	A
26	0.01179	0.01191	G
27	0.01202	0.0134	T
28	0.01303	0.01557	G
29	0.0111	0.01331	T
30	0.00985	0.00985	G
31	0.00663	0.00663	G
32	0.00768	0.00779	G
33	0.00769	0.00772	T
34	0.01106	0.01109	T
35	0.01144	0.01165	T
36	0.06796	0.08185	A
37	0.00961	0.01057	G
38	0.01185	0.0127	T
39	0.08205	0.08369	A
40	0.08936	0.0934	A
41	0.01472	0.01533	T
42	0.01158	0.0121	G
43	0.007	0.00707	G
44	0.00645	0.00647	G
45	0.00925	0.00932	G
46	0.00604	0.00612	T
47	0.01229	0.01241	T
48	0.01333	0.01345	T
49	0.01194	0.01479	G
50	0.01196	0.01517	T
51	0.01582	0.01593	G
52	0.00651	0.00654	G
53	0.00766	0.00768	G
54	0.01092	0.01122	G
55	0.00564	0.00571	T
56	0.00423	0.00426	T
57	0.01022	0.01022	T
58	0.01038	0.01042	T
59	0.06949	0.09861	C
60	0.00857	0.00857	T
61	0.00837	0.0085	T
62	0.0298	0.04208	C
63	0.00447	0.00572	T
64	0.01585	0.01781	A
65	0.03255	0.03332	A
66	0.00497	0.00587	G
67	0.02267	0.02277	C
68	0.01979	0.02018	C
69	0.00476	0.00489	T
70	0.00977	0.00994	T
71	0.02994	0.04151	C
72	0.00896	0.00938	T
73	0.06271	0.06278	C
74	0.04072	0.04523	C
75	0.00668	0.00712	T
76	0.07869	0.08941	A
77	0.00993	0.00996	T
78	0.01327	0.01328	T
79	0.01378	0.01391	T
80	0.04646	0.05383	A
81	0.01618	0.01671	T
82	0.00639	0.00698	G
83	0.00439	0.00444	G
84	0.00354	0.00356	G
85	0.00401	0.00407	G
86	0.00644	0.00648	G
87	0.00354	0.00364	T
88	0.00437	0.00439	T
89	0.00465	0.00477	T
90	0.03634	0.04167	A
91	0.00788	0.00819	G
92	0.01063	0.01206	T
93	0.08127	0.08364	A
94	0.01297	0.01302	T
95	0.01292	0.01312	T
96	0.00904	0.01094	G
97	0.08781	0.09154	A
98	0.0134	0.01363	T
99	0.01359	0.01416	T
100	0.00875	0.0165	G
101	0.01099	0.01104	T
102	0.01428	0.01459	T
103	0.07109	0.09644	A
104	0.01314	0.01406	G
105	0.07815	0.08002	C
106	0.01543	0.01552	G
107	0.00825	0.00911	G
108	0.00814	0.0089	T
109	0.01331	0.01447	G
110	0.01331	0.01424	T
111	0.01557	0.01559	G
112	0.00765	0.00856	G
113	0.0146	0.01708	T
114	0.08609	0.08915	C
115	0.01364	0.01378	G
116	0.0086	0.00879	G
117	0.00706	0.00741	G
118	0.00671	0.00913	T
119	0.00783	0.00861	G
120	0.01028	0.01071	T
121	0.0077	0.00849	G
122	0.01033	0.01036	T
123	0.01024	0.01048	T
124	0.03323	0.06847	A
125	0.01108	0.01108	T
126	0.01086	0.01133	T
127	0.03578	0.0908	A
128	0.0132	0.0132	T
129	0.0117	0.01224	T
130	0.08631	0.10597	C
131	0.01168	0.01203	T
132	0.02126	0.02523	G
133	0.0412	0.04304	A
134	0.04963	0.05402	A
135	0.0042	0.00425	T
136	0.00617	0.00625	T
137	0.01497	0.01505	T
138	0.03282	0.03286	T
139	0.01937	0.01983	G
140	0.00891	0.00897	G
141	0.00617	0.00619	G
142	0.00783	0.00789	G
143	0.00766	0.0079	G
144	0.0474	0.05629	A
145	0.00953	0.00959	G
146	0.00566	0.00587	G
147	0.00625	0.00647	T
148	0.00917	0.00938	T
149	0.04112	0.06179	A
150	0.01137	0.01194	T
151	0.08947	0.09672	A
152	0.0203	0.02096	T
153	0.00919	0.00962	G
154	0.00652	0.00692	G
155	0.00629	0.00665	G
156	0.00716	0.0074	T
157	0.00856	0.0086	T
158	0.00937	0.00971	T
159	0.06133	0.06223	A
160	0.06655	0.06916	A
161	0.0108	0.01136	T
162	0.04172	0.04464	A
163	0.00693	0.01076	G
164	0.0018	0.00196	T
165	0.00115	0.00128	T
166	0.00188	0.00199	T
167	0.00569	0.00584	T
168	0.01098	0.01113	T
169	0.00772	0.00785	T
170	0.00876	0.0091	T
171	0.04845	0.0536	A
172	0.05837	0.06522	A
173	0.00891	0.0091	T
174	0.00876	0.00891	T
175	0.01049	0.0107	T
176	0.04131	0.05968	A
177	0.00767	0.00769	T
178	0.01055	0.01056	T
179	0.01576	0.01621	T
180	0.10245	0.11422	A
181	0.01883	0.01919	G
182	0.00741	0.00748	G
183	0.00583	0.0059	G
184	0.00617	0.00622	G
185	0.00897	0.00901	G
186	0.08051	0.0819	A
187	0.07674	0.07736	A
188	0.01202	0.01283	T
189	0.00669	0.01305	G
190	0.07785	0.08029	A
191	0.01268	0.013	T
192	0.01414	0.01425	G
193	0.01296	0.01356	G
194	0.00928	0.00932	T
195	0.00637	0.00638	T
196	0.00793	0.00951	G
197	0.00306	0.00318	T
198	0.01963	0.02063	C
199	0.00309	0.0031	T
200	0.00502	0.00502	T
201	0.00506	0.00508	T
202	0.00378	0.00384	G
203	0.00374	0.00389	G
204	0.01431	0.02323	A
205	0.00339	0.00351	T
206	0.02777	0.02856	A
207	0.00563	0.00613	T
208	0.08053	0.08164	A
209	0.05391	0.05874	C
210	0.00523	0.00718	T
211	0.07574	0.08109	A
212	0.08493	0.08759	C
213	0.03564	0.03936	A
214	0.00652	0.00701	G
215	0.02815	0.02976	C
216	0.01548	0.01931	G
217	0.09472	0.11024	A
218	0.01968	0.02059	T
219	0.01405	0.01417	G
220	0.00524	0.0053	G
221	0.02004	0.02188	C
222	0.00357	0.00369	T
223	0.10879	0.11162	A
224	0.00961	0.00966	T
225	0.00997	0.01003	T
226	0.00947	0.01076	G
227	0.05441	0.05834	A
228	0.00695	0.00697	G
229	0.0049	0.00522	G
230	0.07663	0.10418	A
231	0.01129	0.01158	G
232	0.00307	0.00375	T
233	0.02574	0.02619	A
234	0.00275	0.00289	T
235	0.01652	0.01661	C
236	0.01191	0.01224	C
237	0.00362	0.00445	T
238	0.00444	0.00724	G
239	0.02462	0.02584	A
240	0.00732	0.00733	G
241	0.00484	0.00489	G
242	0.02194	0.02266	C
243	0.05692	0.05902	A
244	0.01873	0.01985	T
245	0.01482	0.0153	G
246	0.01005	0.01145	G
247	0.00833	0.00847	G
248	0.00833	0.0084	G
249	0.00828	0.00834	G
250	0.00974	0.01603	T
251	0.10163	0.10432	C
252	0.08939	0.09486	A
253	0.01272	0.01291	G
254	0.00737	0.00742	G
255	0.00798	0.00808	G
256	0.01067	0.0108	G
257	0.00915	0.00947	T
258	0.01384	0.01401	T
259	0.01305	0.01463	G
260	0.07821	0.0803	A
261	0.01599	0.01605	G
262	0.00798	0.00815	G
263	0.00867	0.00916	T
264	0.0932	0.09435	C
265	0.01177	0.01183	T
266	0.01216	0.01227	T
267	0.01548	0.0162	G
268	0.01043	0.01066	G
269	0.00871	0.00907	T
270	0.00847	0.00938	G
271	0.06571	0.0675	A
272	0.00987	0.01015	G
273	0.00815	0.00858	T
274	0.00746	0.00808	G
275	0.00356	0.0036	T
276	0.0071	0.00711	T
277	0.00813	0.00814	T
278	0.0099	0.00993	T
279	0.07995	0.10387	A
280	0.01653	0.01733	G
281	0.01984	0.02219	T
282	0.01157	0.01171	G
283	0.00554	0.00558	G
284	0.0066	0.00661	G
285	0.01084	0.01097	G
286	0.01037	0.01054	T
287	0.02541	0.02597	T
288	0.06704	0.09041	A
289	0.00847	0.00877	G
290	0.06874	0.07164	C
291	0.01028	0.01259	G
292	0.07234	0.07711	A
293	0.01481	0.01535	T
294	0.01195	0.01207	G
295	0.00786	0.0082	G
296	0.03838	0.04605	A
297	0.01094	0.01096	G
298	0.00782	0.00799	G
299	0.00854	0.00942	T
300	0.06204	0.06308	A
301	0.01038	0.0105	G
302	0.00609	0.00617	G
303	0.08441	0.10115	A
304	0.01349	0.01392	T
305	0.0129	0.013	T
306	0.014	0.01414	G
307	0.00795	0.00814	G
308	0.0083	0.00876	T
309	0.00883	0.00913	G
310	0.09267	0.09502	C
311	0.01225	0.0128	T
312	0.01259	0.0163	G
313	0.01669	0.01878	T
314	0.01252	0.01266	G
315	0.00656	0.00661	G
316	0.00685	0.00691	G
317	0.00736	0.00942	T
318	0.00961	0.01137	G
319	0.0548	0.05603	A
320	0.06607	0.06677	A
321	0.07769	0.07777	A
322	0.00655	0.0072	G
323	0.06641	0.06726	A
324	0.01018	0.01071	G
325	0.00849	0.0097	T
326	0.07664	0.07772	A
327	0.01162	0.01208	T
328	0.00732	0.01347	G
329	0.08317	0.0872	A
330	0.01884	0.01954	T
331	0.01004	0.01022	G
332	0.00553	0.00566	G
333	0.00679	0.00681	G
334	0.00909	0.00914	G
335	0.00847	0.01195	T
336	0.01701	0.01702	G
337	0.00882	0.00945	G
338	0.00811	0.00866	T
339	0.00973	0.00973	G
340	0.00991	0.01096	G
341	0.01017	0.01025	T
342	0.01282	0.01296	T
343	0.0116	0.01333	G
344	0.01189	0.01237	T
345	0.01353	0.01353	G
346	0.00648	0.00688	G
347	0.00778	0.00812	T
348	0.0431	0.04334	A
349	0.03445	0.03454	A
350	0.03051	0.0307	A
351	0.06363	0.07084	C
352	0.00561	0.00579	T
353	0.00752	0.0076	T
354	0.00956	0.00991	T
355	0.06223	0.06366	A
356	0.06171	0.06218	A
357	0.00987	0.01021	T
358	0.05383	0.05601	A
359	0.00713	0.00837	G
360	0.0079	0.00822	T
361	0.00935	0.0112	G
362	0.00886	0.00981	T
363	0.05543	0.05722	A
364	0.01117	0.0114	G
365	0.00933	0.00963	G
366	0.04647	0.047	A
367	0.08649	0.08695	A
368	0.00613	0.0074	G
369	0.05004	0.05435	C
370	0.00646	0.00678	T
371	0.00701	0.00863	G
372	0.04985	0.05057	A
373	0.04463	0.04539	A
374	0.01021	0.01127	T
375	0.04903	0.04906	A
376	0.05004	0.06613	A
377	0.00753	0.00805	T
378	0.00893	0.0093	T
379	0.01024	0.01029	T
380	0.06383	0.07717	A
381	0.01072	0.01114	T
382	0.00937	0.01395	G
383	0.07243	0.07291	A
384	0.0722	0.07288	A
385	0.00773	0.0082	G
386	0.007	0.00714	G
387	0.05552	0.07377	A
388	0.01114	0.0122	G
389	0.08942	0.09899	A
390	0.01211	0.01212	G
391	0.00559	0.00559	G
392	0.00646	0.00646	G
393	0.00738	0.00742	G
394	0.00742	0.0145	T
395	0.08452	0.08633	C
396	0.08291	0.08567	A
397	0.00898	0.00906	G
398	0.00699	0.00708	G
399	0.00832	0.00845	G
400	0.00826	0.00836	T
401	0.01053	0.01076	T
402	0.00985	0.01053	G
403	0.07455	0.07582	A
404	0.00935	0.0094	T
405	0.01053	0.01124	T
406	0.07157	0.0768	C
407	0.01297	0.01313	G
408	0.01526	0.01561	G
409	0.00675	0.00742	G
410	0.0816	0.09382	A
411	0.01306	0.01308	G
412	0.00628	0.00665	G
413	0.04338	0.06465	A
414	0.00529	0.00602	T
415	0.03433	0.03441	C
416	0.04909	0.0495	C
417	0.0061	0.00664	T
418	0.09589	0.10858	A
419	0.01186	0.01188	T
420	0.01458	0.01467	T
421	0.01524	0.01567	G
422	0.00959	0.00972	G
423	0.01503	0.01721	T
424	0.01538	0.01749	G
425	0.08696	0.10063	C
426	0.0187	0.01873	G
427	0.00756	0.00758	G
428	0.00709	0.00709	G
429	0.00855	0.00857	G
430	0.00556	0.00561	G
431	0.11418	0.12309	C
432	0.00533	0.00541	T
433	0.00682	0.00683	T
434	0.0083	0.00834	T
435	0.00639	0.00764	G
436	0.00734	0.00828	T
437	0.08217	0.08313	A
438	0.00918	0.01047	T
439	0.00605	0.00674	G
440	0.07949	0.08483	A
441	0.00878	0.00885	T
442	0.0113	0.01154	T
443	0.06294	0.09628	A
444	0.02299	0.02428	T
445	0.01111	0.01169	G
446	0.006	0.00607	G
447	0.00474	0.00481	G
448	0.06044	0.07101	C
449	0.02463	0.02521	G
450	0.01368	0.01432	T
451	0.01067	0.01085	T
452	0.00538	0.00599	G
453	0.05704	0.05853	A
454	0.00976	0.00991	T
455	0.0102	0.01033	T
456	0.05816	0.08018	A
457	0.00894	0.01032	G
458	0.00748	0.00825	T
459	0.07224	0.07485	A
460	0.01132	0.0159	G
461	0.0114	0.01222	T
462	0.08209	0.08732	A
463	0.01288	0.01635	G
464	0.00961	0.00985	T
465	0.00944	0.01084	T
466	0.05309	0.07511	A
467	0.09488	0.09706	C
468	0.00939	0.00967	T
469	0.01335	0.01375	G
470	0.012	0.01234	G
471	0.01023	0.01038	T
472	0.01115	0.01125	T
473	0.01329	0.01444	G
474	0.05032	0.05132	A
475	0.05292	0.05357	A
476	0.08734	0.08999	C
477	0.08744	0.08929	A
478	0.00942	0.00984	T
479	0.01141	0.01162	T
480	0.00827	0.01403	G
481	0.00753	0.0076	T
482	0.00972	0.00974	T
483	0.01055	0.01072	T
484	0.01336	0.01969	G
485	0.01171	0.01172	T
486	0.01369	0.01384	T
487	0.01698	0.01734	G
488	0.00811	0.00847	G
489	0.0083	0.00857	T
490	0.00779	0.00848	G
491	0.00913	0.00963	T
492	0.0496	0.05163	A
493	0.00979	0.01017	T
494	0.07635	0.08083	A
495	0.00914	0.00983	T
496	0.08709	0.09053	A
497	0.00988	0.00988	T
498	0.01042	0.01062	T
499	0.006	0.00976	G
500	0.01075	0.01126	T
501	0.06347	0.06617	A
502	0.09557	0.09826	A
503	0.01067	0.01078	T
504	0.01147	0.01173	T
505	0.0077	0.00909	G
506	0.07138	0.07299	A
507	0.00864	0.00902	G
508	0.07879	0.08179	A
509	0.00945	0.00981	T
510	0.01825	0.01845	T
511	0.00911	0.01066	G
512	0.04995	0.05075	C
513	0.02311	0.02499	T
514	0.08644	0.09151	C
515	0.0129	0.01308	G
516	0.00798	0.00807	G
517	0.00616	0.00616	G
518	0.00401	0.00401	G
519	0.00467	0.00467	G
520	0.04021	0.04021	A
521	0.05137	0.05137	A
522	0.00776	0.00776	T
523	0.00278	0.00278	A
524	0.0	0.0	G
525	0.0	0.0	G
