Position	Mismatches	Mismatches + Deletions	Base
1	0.0	0.0	A
2	0.0	0.0	T
3	0.0	0.0	G
4	0.06079	0.06079	A
5	0.00967	0.01114	G
6	0.00564	0.00564	G
7	0.00661	0.00661	G
8	0.00361	0.00478	C
9	0.00795	0.00795	C
10	0.01204	0.01204	C
11	0.00643	0.00733	T
12	0.01018	0.01354	G
13	0.00894	0.00963	T
14	0.00961	0.00961	G
15	0.0092	0.0092	G
16	0.00867	0.00887	G
17	0.00629	0.00969	T
18	0.00989	0.01037	G
19	0.06933	0.07034	C
20	0.00794	0.00829	T
21	0.00423	0.00449	G
22	0.00611	0.00648	G
23	0.00721	0.00721	G
24	0.00581	0.00581	C
25	0.00278	0.00278	C
26	0.00176	0.00203	T
27	0.03219	0.03238	C
28	0.00606	0.00606	T
29	0.00569	0.00686	G
30	0.05987	0.06068	C
31	0.00781	0.00823	T
32	0.00525	0.00577	G
33	0.02037	0.02256	C
34	0.00875	0.00888	G
35	0.00309	0.00353	T
36	0.03365	0.03365	C
37	0.01654	0.01654	C
38	0.00548	0.00664	T
39	0.00654	0.00668	G
40	0.02562	0.02678	C
41	0.0052	0.0056	T
42	0.00477	0.00566	G
43	0.03277	0.03519	A
44	0.00743	0.00743	C
45	0.00443	0.00443	C
46	0.00271	0.00271	T
47	0.01618	0.01626	T
48	0.06783	0.07798	C
49	0.01105	0.01167	G
50	0.00459	0.00459	G
51	0.00722	0.00726	G
52	0.00209	0.0024	T
53	0.0159	0.01597	C
54	0.00526	0.00539	G
55	0.00472	0.00498	G
56	0.00651	0.00827	T
57	0.05601	0.05612	C
58	0.04356	0.04935	A
59	0.00716	0.00747	G
60	0.08641	0.08893	A
61	0.00811	0.00812	G
62	0.0788	0.08125	C
63	0.00669	0.0076	T
64	0.00568	0.00699	G
65	0.05338	0.05525	A
66	0.06419	0.06544	C
67	0.01258	0.01293	G
68	0.0914	0.09249	A
69	0.01127	0.0122	T
70	0.01015	0.01251	G
71	0.06656	0.06689	A
72	0.07528	0.07653	A
73	0.01485	0.01531	G
74	0.00888	0.0092	T
75	0.01233	0.01262	T
76	0.0091	0.00978	G
77	0.06571	0.0677	A
78	0.01477	0.01513	T
79	0.01991	0.02118	G
80	0.01403	0.01483	T
81	0.00828	0.00828	G
82	0.00676	0.00685	G
83	0.04158	0.0703	A
84	0.01605	0.01616	T
85	0.01225	0.01227	G
86	0.00848	0.00848	G
87	0.00777	0.00809	T
88	0.03923	0.03952	A
89	0.06173	0.06234	C
90	0.06252	0.06304	A
91	0.01081	0.0123	G
92	0.00737	0.00824	T
93	0.06444	0.06696	A
94	0.00883	0.00978	G
95	0.04988	0.04996	A
96	0.05809	0.0622	A
97	0.01206	0.01398	G
98	0.06437	0.0675	A
99	0.00713	0.00759	G
100	0.00573	0.00586	G
101	0.03747	0.0489	A
102	0.0073	0.00732	T
103	0.03789	0.03867	C
104	0.01612	0.01675	T
105	0.00585	0.00623	G
106	0.0046	0.0046	G
107	0.00514	0.00514	G
108	0.00788	0.00841	T
109	0.0357	0.03601	A
110	0.03443	0.03462	A
111	0.03233	0.03233	A
112	0.05593	0.05606	A
113	0.00853	0.00983	G
114	0.00762	0.00893	T
115	0.05321	0.0538	A
116	0.00605	0.00623	G
117	0.05509	0.05769	A
118	0.00671	0.00806	G
119	0.04871	0.04871	A
120	0.05202	0.0538	A
121	0.00334	0.0035	G
122	0.00572	0.00595	G
123	0.03269	0.03922	A
124	0.00499	0.00649	T
125	0.03906	0.03938	C
126	0.03776	0.03804	A
127	0.05159	0.05392	A
128	0.00484	0.00521	G
129	0.00687	0.0069	G
130	0.04052	0.0536	A
131	0.05698	0.06042	C
132	0.0058	0.0058	G
133	0.00444	0.00447	G
134	0.03071	0.04167	A
135	0.00925	0.00942	T
136	0.00461	0.00605	G
137	0.0432	0.04368	A
138	0.00738	0.00823	T
139	0.00437	0.00492	G
140	0.03392	0.03392	A
141	0.04713	0.04717	A
142	0.00653	0.00751	G
143	0.00692	0.00755	T
144	0.03793	0.03854	A
145	0.00788	0.01024	G
146	0.0068	0.00849	T
147	0.04666	0.04839	A
148	0.06227	0.06435	C
149	0.03843	0.03867	A
150	0.00645	0.00732	G
151	0.03723	0.03885	A
152	0.01273	0.01273	G
153	0.04485	0.04871	A
154	0.00596	0.00622	G
155	0.04001	0.04407	A
156	0.0065	0.0065	G
157	0.00745	0.00921	G
158	0.04733	0.04737	A
159	0.04011	0.04063	A
160	0.00471	0.00576	G
161	0.03097	0.03097	A
162	0.03258	0.03405	A
163	0.00492	0.00545	G
164	0.02959	0.0326	C
165	0.00425	0.00463	T
166	0.06573	0.06865	A
167	0.00503	0.00503	T
168	0.0016	0.0016	T
169	0.03036	0.03233	C
170	0.03536	0.03731	A
171	0.00601	0.00601	G
172	0.00976	0.00976	T
173	0.00634	0.00634	T
174	0.00655	0.00655	G
175	0.00472	0.00472	G
176	0.02284	0.03507	A
177	0.00752	0.00796	T
178	0.00458	0.00458	G
179	0.00438	0.00463	G
180	0.02811	0.0397	A
181	0.00371	0.00371	T
182	0.00685	0.00711	T
183	0.01962	0.01972	A
184	0.02958	0.03037	A
185	0.04243	0.04243	A
186	0.00768	0.00859	T
187	0.004	0.00438	G
188	0.02447	0.02601	C
189	0.01931	0.01947	A
190	0.0069	0.00886	T
191	0.02651	0.02669	C
192	0.02204	0.02314	A
193	0.06094	0.06556	C
194	0.01462	0.01468	A
195	0.02126	0.02178	A
196	0.0349	0.03536	A
197	0.00848	0.01033	T
198	0.03533	0.03533	A
199	0.03738	0.03856	A
200	0.0029	0.00522	G
201	0.03909	0.04099	A
202	0.00434	0.00571	G
203	0.02425	0.02425	A
204	0.0208	0.02092	A
205	0.05441	0.05921	C
206	0.00426	0.00525	T
207	0.00466	0.00466	T
208	0.0356	0.04503	A
209	0.00558	0.00736	G
210	0.05714	0.06009	A
211	0.00303	0.00451	G
212	0.0418	0.04414	A
213	0.00623	0.00702	G
214	0.02846	0.02846	A
215	0.04239	0.04439	A
216	0.00815	0.00815	G
217	0.00636	0.00691	T
218	0.03555	0.0361	C
219	0.00416	0.00416	G
220	0.00584	0.00633	G
221	0.01744	0.01744	A
222	0.03506	0.03506	A
223	0.02703	0.02703	A
224	0.03937	0.0398	A
225	0.00555	0.00555	G
226	0.0035	0.00379	T
227	0.00602	0.00602	T
228	0.01446	0.01446	T
229	0.00744	0.0093	G
230	0.04428	0.04467	C
231	0.01468	0.01508	C
232	0.00589	0.00589	T
233	0.01034	0.01034	T
234	0.02386	0.02386	C
235	0.0198	0.0198	C
236	0.02873	0.02873	A
237	0.0607	0.06138	A
238	0.00274	0.00317	G
239	0.03288	0.03288	C
240	0.03518	0.03632	C
241	0.00581	0.00652	G
242	0.02233	0.0234	A
243	0.02545	0.02545	A
244	0.00683	0.007	G
245	0.00287	0.00296	T
246	0.00558	0.00558	T
247	0.03485	0.03485	A
248	0.03231	0.03295	A
249	0.0667	0.06999	C
250	0.04739	0.04739	A
251	0.00392	0.00419	G
252	0.01691	0.01691	A
253	0.03096	0.0327	A
254	0.00368	0.00414	T
255	0.00319	0.00319	G
256	0.01464	0.01549	A
257	0.00344	0.00353	T
258	0.00486	0.00709	G
259	0.01406	0.01406	A
260	0.03808	0.03897	A
261	0.04334	0.04374	A
262	0.06948	0.07854	C
263	0.00625	0.00625	T
264	0.0045	0.005	T
265	0.02941	0.04941	A
266	0.0018	0.00191	T
267	0.00496	0.00831	C
268	0.00683	0.00724	A
269	0.00176	0.00259	T
270	0.00889	0.01141	C
271	0.0275	0.0275	A
272	0.03098	0.0342	A
273	0.00376	0.00501	T
274	0.0043	0.00441	T
275	0.02512	0.03063	C
276	0.04578	0.04693	A
277	0.00989	0.01083	T
278	0.01165	0.01165	T
279	0.0083	0.00841	G
280	0.01235	0.01731	T
281	0.01472	0.01482	A
282	0.02088	0.02471	T
283	0.00301	0.00301	A
284	0.01491	0.01527	A
285	0.01781	0.01781	A
286	0.02673	0.02725	A
287	0.02306	0.02374	A
288	0.0637	0.06806	T
289	0.04186	0.04186	A
290	0.04558	0.04558	A
291	0.05803	0.06133	A
292	0.00784	0.00912	G
293	0.06522	0.06713	A
294	0.00512	0.00512	G
295	0.0506	0.05178	A
296	0.00411	0.00411	T
297	0.00382	0.00418	T
298	0.0053	0.0053	T
299	0.00256	0.00256	T
300	0.0449	0.04564	C
301	0.03002	0.03002	C
302	0.00757	0.00823	T
303	0.00613	0.00968	G
304	0.08004	0.08085	A
305	0.0086	0.00955	G
306	0.04774	0.04861	A
307	0.00879	0.00972	G
308	0.03139	0.03175	A
309	0.03419	0.03462	A
310	0.05245	0.05666	C
311	0.00376	0.00432	T
312	0.00488	0.00651	G
313	0.04208	0.04272	A
314	0.00413	0.00413	T
315	0.00447	0.00447	T
316	0.00545	0.00545	T
317	0.06994	0.07599	C
318	0.02849	0.02856	A
319	0.03569	0.03679	A
320	0.05512	0.05588	A
321	0.00883	0.0089	T
322	0.00361	0.00361	G
323	0.03196	0.03292	C
324	0.00505	0.00505	T
325	0.00267	0.00267	T
326	0.0274	0.03519	C
327	0.00929	0.01026	T
328	0.00456	0.00691	G
329	0.04609	0.04741	A
330	0.00866	0.0088	T
331	0.00752	0.00933	G
332	0.02797	0.03008	C
333	0.00446	0.00446	T
334	0.00418	0.00418	T
335	0.00461	0.00461	T
336	0.04039	0.05101	A
337	0.00772	0.00772	G
338	0.07789	0.07956	A
339	0.00759	0.00801	T
340	0.04796	0.04796	A
341	0.04345	0.04659	A
342	0.00367	0.00524	G
343	0.04124	0.04462	A
344	0.00636	0.00636	T
345	0.02536	0.02536	A
346	0.03551	0.03757	A
347	0.00551	0.00606	G
348	0.00173	0.00208	G
349	0.05516	0.05879	C
350	0.00613	0.00669	T
351	0.04841	0.04841	A
352	0.04404	0.04439	A
353	0.00602	0.00616	T
354	0.0378	0.03976	A
355	0.00625	0.00688	T
356	0.03122	0.03235	C
357	0.03561	0.03695	A
358	0.05738	0.05857	C
359	0.00525	0.00588	T
360	0.00428	0.00478	G
361	0.02751	0.028	A
362	0.02637	0.02714	C
363	0.00539	0.0071	T
364	0.0036	0.00756	G
365	0.05823	0.05937	A
366	0.00635	0.00691	T
367	0.00445	0.00607	G
368	0.0372	0.0372	A
369	0.02043	0.02043	A
370	0.05109	0.05247	A
371	0.05792	0.05867	A
372	0.00864	0.00898	T
373	0.00681	0.00715	G
374	0.02996	0.03031	C
375	0.00242	0.00242	T
376	0.01503	0.01531	C
377	0.00402	0.00402	T
378	0.0085	0.0085	T
379	0.00462	0.00532	T
380	0.03157	0.03256	C
381	0.00968	0.01011	T
382	0.00271	0.00343	G
383	0.0037	0.0037	G
384	0.01318	0.01376	A
385	0.04117	0.04146	A
386	0.03509	0.03509	A
387	0.01396	0.01431	T
388	0.0071	0.00816	G
389	0.04515	0.0474	A
390	0.00618	0.00618	G
391	0.004	0.00527	G
392	0.02515	0.02515	A
393	0.04782	0.04832	A
394	0.05587	0.05827	C
395	0.00619	0.00844	T
396	0.0422	0.0422	A
397	0.04144	0.04193	A
398	0.03751	0.03821	C
399	0.0187	0.02009	A
400	0.00653	0.00701	G
401	0.00432	0.00551	T
402	0.02057	0.02315	C
403	0.0222	0.02254	A
404	0.01347	0.01347	A
405	0.02279	0.02279	A
406	0.0378	0.0378	A
407	0.0045	0.00513	T
408	0.01026	0.01026	T
409	0.03981	0.03981	A
410	0.05788	0.0591	A
411	0.00612	0.00745	G
412	0.01	0.01073	T
413	0.00649	0.00649	G
414	0.00578	0.00578	T
415	0.00641	0.00689	G
416	0.04097	0.04243	A
417	0.00762	0.00768	T
418	0.04557	0.04557	A
419	0.06441	0.06615	A
420	0.00848	0.00883	G
421	0.00657	0.00657	G
422	0.03386	0.04844	A
423	0.00835	0.00841	G
424	0.05809	0.05809	A
425	0.05273	0.05622	A
426	0.00795	0.01055	G
427	0.04829	0.04829	A
428	0.03944	0.04224	A
429	0.04702	0.04859	C
430	0.02169	0.02169	C
431	0.0055	0.00573	T
432	0.00403	0.00572	G
433	0.03803	0.03914	C
434	0.00547	0.00583	T
435	0.00512	0.0077	G
436	0.04248	0.0449	C
437	0.06003	0.06325	A
438	0.00744	0.00819	T
439	0.00369	0.00369	G
440	0.00381	0.00421	T
441	0.03489	0.0353	C
442	0.04625	0.05142	A
443	0.0393	0.04004	C
444	0.03805	0.04335	A
445	0.00454	0.00527	G
446	0.0343	0.03504	A
447	0.05403	0.05611	C
448	0.05473	0.0554	A
449	0.0715	0.07161	C
450	0.03628	0.03628	C
451	0.00497	0.00497	G
452	0.00988	0.00988	G
453	0.00631	0.00631	T
454	0.0082	0.01038	G
455	0.01007	0.01023	T
456	0.07096	0.07351	A
457	0.00787	0.00787	G
458	0.00802	0.00802	G
459	0.06049	0.0611	A
460	0.0811	0.08147	A
461	0.01184	0.01252	T
462	0.00567	0.00775	G
463	0.04824	0.05001	A
464	0.02445	0.02476	C
465	0.01645	0.01702	C
466	0.0278	0.05081	A
467	0.00803	0.01001	G
468	0.06767	0.07083	A
469	0.01213	0.01552	G
470	0.07566	0.07566	A
471	0.06995	0.07612	A
472	0.00607	0.01028	G
473	0.06801	0.07065	A
474	0.01311	0.01383	G
475	0.00752	0.00752	T
476	0.00864	0.00864	T
477	0.0062	0.0062	G
478	0.0088	0.0089	G
479	0.00313	0.00313	T
480	0.0035	0.0035	T
481	0.01316	0.01321	A
482	0.04084	0.04103	A
483	0.03917	0.03917	A
484	0.04315	0.04315	A
485	0.03532	0.03532	A
486	0.03021	0.03218	C
487	0.0267	0.0267	C
488	0.00511	0.00515	T
489	0.00774	0.00774	T
490	0.00537	0.00648	G
491	0.00821	0.00879	G
492	0.00479	0.00493	T
493	0.05223	0.05453	A
494	0.04322	0.04322	C
495	0.0326	0.03317	C
496	0.03762	0.06703	A
497	0.008	0.01012	T
498	0.09179	0.09398	A
499	0.00717	0.00726	G
500	0.02865	0.02878	C
501	0.02895	0.03009	C
502	0.0211	0.02295	A
503	0.06092	0.06092	A
504	0.07967	0.08057	A
505	0.00304	0.00396	T
506	0.02923	0.03027	C
507	0.00824	0.00888	T
508	0.00694	0.00706	G
509	0.00332	0.00332	G
510	0.0061	0.00634	G
511	0.03818	0.0442	A
512	0.02952	0.03088	C
513	0.03275	0.03335	A
514	0.0461	0.04748	A
515	0.00595	0.00774	G
516	0.0485	0.04928	C
517	0.00637	0.00683	G
518	0.03659	0.03864	A
519	0.00638	0.00746	G
520	0.00182	0.00185	T
521	0.00199	0.00202	T
522	0.00405	0.00405	T
523	0.00319	0.00319	T
524	0.00654	0.00703	T
525	0.08137	0.08211	A
526	0.05817	0.0583	A
527	0.03849	0.04047	A
528	0.16022	0.17289	C
529	0.03479	0.03479	A
530	0.03007	0.03007	A
531	0.04903	0.04903	A
532	0.06283	0.06317	A
533	0.00718	0.00894	T
534	0.0064	0.0068	G
535	0.02777	0.02835	A
536	0.06024	0.06155	C
537	0.00966	0.01015	T
538	0.00658	0.00961	G
539	0.05425	0.05486	A
540	0.08493	0.08553	A
541	0.00632	0.00888	G
542	0.02396	0.02538	C
543	0.03255	0.03458	A
544	0.04203	0.04344	C
545	0.03917	0.04286	A
546	0.00457	0.00501	G
547	0.00471	0.00489	G
548	0.03175	0.03187	A
549	0.03819	0.03929	A
550	0.00751	0.00813	G
551	0.10046	0.10766	A
552	0.00597	0.00632	T
553	0.00532	0.00532	G
554	0.00421	0.00421	G
555	0.00393	0.00413	C
556	0.00268	0.00268	C
557	0.00603	0.0123	A
558	0.0097	0.01	G
559	0.00167	0.00176	T
560	0.00296	0.00341	C
561	0.00585	0.00618	A
562	0.02046	0.02046	A
563	0.09016	0.09462	C
564	0.00685	0.00762	T
565	0.01385	0.01435	T
566	0.09936	0.11439	C
567	0.01565	0.01604	T
568	0.00914	0.01014	G
569	0.05132	0.05197	A
570	0.1474	0.14795	A
571	0.00437	0.00437	T
572	0.00093	0.00127	T
573	0.0032	0.00326	G
574	0.01372	0.01392	A
575	0.00296	0.00296	T
576	0.00099	0.00099	T
577	0.0043	0.0043	G
578	0.00297	0.00297	G
579	0.00336	0.00336	C
580	0.00393	0.00393	C
581	0.02616	0.04029	A
582	0.00935	0.00935	G
583	0.00437	0.00437	T
584	0.01037	0.01037	T
585	0.01515	0.01515	T
586	0.01306	0.01306	G
587	0.00968	0.00974	G
588	0.00898	0.00898	T
589	0.00756	0.00778	G
590	0.01417	0.01479	T
591	0.03971	0.04022	C
592	0.00944	0.00947	G
593	0.00847	0.00867	G
594	0.00447	0.00447	T
595	0.00643	0.00643	T
596	0.00982	0.00982	T
597	0.10859	0.11957	C
598	0.00678	0.00678	T
599	0.13659	0.15369	A
600	0.00957	0.00957	T
601	0.01043	0.01094	T
602	0.0149	0.015	C
603	0.015	0.0154	C
604	0.00724	0.00925	G
605	0.04836	0.04836	C
606	0.01444	0.01516	C
607	0.02153	0.02153	T
608	0.00298	0.00298	T
609	0.01393	0.01393	C
610	0.01459	0.01459	C
611	0.00448	0.00448	T
612	0.01584	0.01584	T
613	0.0083	0.01005	G
614	0.00295	0.00385	T
615	0.06336	0.0652	A
616	0.00996	0.01054	G
617	0.01842	0.01921	C
618	0.03875	0.04121	A
619	0.00536	0.00587	G
620	0.06134	0.0645	A
621	0.00729	0.00776	T
622	0.05367	0.05367	A
623	0.06278	0.0648	A
624	0.00583	0.00612	G
625	0.00669	0.00683	G
626	0.00472	0.00476	T
627	0.00627	0.00627	T
628	0.04248	0.06457	A
629	0.00435	0.00435	T
630	0.00964	0.00964	T
631	0.00643	0.00778	G
632	0.00639	0.00682	T
633	0.03473	0.03616	C
634	0.03893	0.03937	A
635	0.05293	0.05441	C
636	0.00603	0.00632	T
637	0.00601	0.00601	T
638	0.0402	0.04304	C
639	0.03146	0.03272	A
640	0.02122	0.02206	A
641	0.02737	0.02737	A
642	0.02144	0.02144	A
643	0.03262	0.03943	C
644	0.02069	0.02152	A
645	0.03917	0.04329	C
646	0.01968	0.01968	A
647	0.02621	0.02693	A
648	0.04378	0.04509	C
649	0.01802	0.01802	A
650	0.022	0.022	A
651	0.04172	0.04424	C
652	0.0064	0.00668	G
653	0.03603	0.03635	A
654	0.00498	0.00541	T
655	0.0288	0.02899	A
656	0.02486	0.02491	C
657	0.26715	0.26744	C
658	0.01141	0.01146	C
659	0.01979	0.02615	A
660	0.00281	0.00361	G
661	0.05236	0.05527	C
662	0.0296	0.03141	A
663	0.04332	0.04525	C
664	0.03256	0.03407	A
665	0.00381	0.00454	T
666	0.02668	0.02668	C
667	0.00811	0.00885	T
668	0.00348	0.00348	G
669	0.00323	0.00323	G
670	0.00377	0.00377	G
671	0.04085	0.0486	A
672	0.0055	0.0055	G
673	0.00219	0.00354	T
674	0.02698	0.02698	C
675	0.00493	0.00493	T
676	0.00333	0.0045	G
677	0.05402	0.05532	A
678	0.01391	0.01391	C
679	0.00434	0.00434	T
680	0.01151	0.01151	C
681	0.0171	0.0171	C
682	0.02978	0.03099	A
683	0.04719	0.04719	A
684	0.00988	0.00988	T
685	0.01299	0.01324	G
686	0.02341	0.02422	A
687	0.03198	0.03327	A
688	0.00343	0.00343	T
689	0.0023	0.0023	T
690	0.00399	0.00399	T
691	0.00556	0.00556	T
692	0.07159	0.1018	C
693	0.00962	0.00979	T
694	0.00556	0.00771	G
695	0.00282	0.00324	T
696	0.03769	0.03793	A
697	0.04274	0.04377	A
698	0.00318	0.00318	T
699	0.00681	0.00681	T
700	0.00562	0.00594	G
701	0.02318	0.02423	C
702	0.00698	0.00879	T
703	0.00591	0.00795	G
704	0.08038	0.08408	A
705	0.029	0.029	C
706	0.01556	0.01556	C
707	0.01298	0.01298	C
708	0.04963	0.04963	A
709	0.04236	0.04236	A
710	0.0067	0.0072	G
711	0.02316	0.02731	A
712	0.00404	0.00404	G
713	0.00608	0.00686	G
714	0.04105	0.04158	A
715	0.06276	0.06276	A
716	0.04825	0.04825	A
717	0.06393	0.07554	C
718	0.04934	0.04969	A
719	0.02507	0.02673	C
720	0.00221	0.00221	T
721	0.02609	0.02609	C
722	0.00308	0.00336	T
723	0.0899	0.09786	A
724	0.00627	0.00698	G
725	0.00508	0.00627	G
726	0.04933	0.05593	A
727	0.0852	0.09042	C
728	0.0068	0.00821	G
729	0.0034	0.0034	G
730	0.00268	0.0031	G
731	0.00276	0.00276	G
732	0.04764	0.04778	A
733	0.05789	0.05789	A
734	0.06733	0.06974	C
735	0.00547	0.00582	G
736	0.0416	0.04216	A
737	0.0416	0.04334	C
738	0.02253	0.02253	A
739	0.03412	0.03618	A
740	0.00352	0.00352	T
741	0.00463	0.00463	T
742	0.03216	0.04074	A
743	0.02714	0.02714	C
744	0.02874	0.02874	C
745	0.01382	0.01382	C
746	0.00354	0.00354	T
747	0.00521	0.00521	T
748	0.0037	0.00495	G
749	0.0035	0.0035	T
750	0.00739	0.00938	C
751	0.00561	0.00561	T
752	0.0056	0.0056	T
753	0.01465	0.01494	A
754	0.05103	0.05103	A
755	0.0552	0.0552	A
756	0.05184	0.05226	A
757	0.00977	0.01096	G
758	0.06449	0.06449	A
759	0.06163	0.06541	A
760	0.00585	0.0088	G
761	0.03792	0.03792	A
762	0.04089	0.04356	A
763	0.00514	0.00623	G
764	0.02348	0.02807	C
765	0.0187	0.0187	A
766	0.00479	0.00554	T
767	0.03906	0.03906	C
768	0.01329	0.0135	T
769	0.00508	0.0055	G
770	0.05191	0.05294	A
771	0.01199	0.01213	T
772	0.01026	0.01026	T
773	0.04474	0.05927	A
774	0.0594	0.06002	C
775	0.03727	0.03851	C
776	0.00634	0.00634	T
777	0.00533	0.00533	T
778	0.00924	0.01139	G
779	0.03707	0.03763	A
780	0.04816	0.04816	A
781	0.00803	0.00803	T
782	0.01018	0.01046	T
783	0.00466	0.00466	G
784	0.00508	0.00558	G
785	0.0155	0.04138	A
786	0.0059	0.00739	T
787	0.02445	0.02467	A
788	0.07888	0.08084	C
789	0.02273	0.02273	A
790	0.03514	0.03841	A
791	0.01097	0.01111	T
792	0.01367	0.0176	T
793	0.00653	0.00689	A
794	0.02144	0.02193	A
795	0.01884	0.01891	A
796	0.02385	0.02477	A
797	0.03079	0.03079	A
798	0.00669	0.00726	T
799	0.03129	0.03187	C
800	0.01192	0.01423	T
801	0.03166	0.03239	C
802	0.00969	0.01058	G
803	0.00886	0.00916	T
804	0.04155	0.04333	C
805	0.00165	0.00279	A
806	0.00135	0.00135	A
807	0.00836	0.00836	A
808	0.01296	0.01331	A
809	0.02581	0.02616	A
810	0.01784	0.01784	A
811	0.00999	0.01099	T
812	0.03613	0.03763	A
813	0.00478	0.00478	T
814	0.00375	0.00432	T
815	0.04038	0.0438	C
816	0.03135	0.03214	A
817	0.05736	0.0583	C
818	0.02711	0.02812	A
819	0.00511	0.00563	G
820	0.00712	0.00727	T
821	0.00885	0.00908	T
822	0.03899	0.04136	C
823	0.03797	0.03827	A
824	0.00626	0.00794	T
825	0.03596	0.03626	A
826	0.02771	0.02771	A
827	0.02807	0.02943	A
828	0.05266	0.06001	C
829	0.00267	0.00282	T
830	0.0061	0.0061	T
831	0.00112	0.0012	T
832	0.02859	0.02859	C
833	0.01607	0.01607	C
834	0.00384	0.00384	T
835	0.06095	0.06918	A
836	0.00438	0.00438	T
837	0.01032	0.01032	T
838	0.00973	0.01041	T
839	0.04154	0.04831	A
840	0.00859	0.00859	T
841	0.00349	0.00349	G
842	0.00501	0.00737	T
843	0.05429	0.05496	A
844	0.00951	0.00988	T
845	0.00846	0.00846	G
846	0.00279	0.00279	G
847	0.04372	0.05347	A
848	0.00554	0.00599	G
849	0.03177	0.03414	C
850	0.03022	0.03068	A
851	0.0036	0.00436	G
852	0.04389	0.0452	C
853	0.03952	0.03975	A
854	0.03622	0.03898	A
855	0.00585	0.00615	G
856	0.0611	0.06213	A
857	0.05932	0.06072	C
858	0.00723	0.00745	T
859	0.00728	0.00764	G
860	0.04027	0.04027	A
861	0.03603	0.03603	A
862	0.05714	0.05772	A
863	0.0656	0.07189	C
864	0.00572	0.00594	T
865	0.005	0.00722	G
866	0.00817	0.00817	T
867	0.0081	0.00846	T
868	0.00885	0.01081	G
869	0.07891	0.08344	A
870	0.00988	0.00988	G
871	0.01134	0.01252	G
872	0.05775	0.07529	A
873	0.00713	0.00793	G
874	0.03338	0.03456	C
875	0.02245	0.02245	C
876	0.02441	0.02478	C
877	0.04465	0.05769	A
878	0.0123	0.01259	T
879	0.00819	0.00931	G
880	0.00653	0.00698	G
881	0.04322	0.05267	A
882	0.00778	0.00778	G
883	0.00616	0.00616	G
884	0.05366	0.05366	A
885	0.05345	0.05428	A
886	0.00459	0.00941	G
887	0.05019	0.05056	A
888	0.05696	0.0612	A
889	0.00614	0.01135	G
890	0.04977	0.04977	A
891	0.07911	0.08272	A
892	0.00676	0.01098	G
893	0.01932	0.02328	C
894	0.02578	0.02613	A
895	0.00884	0.00884	G
896	0.01699	0.0172	C
897	0.0487	0.05004	C
898	0.02601	0.02708	A
899	0.04214	0.04263	A
900	0.06217	0.06224	A
901	0.00787	0.0094	G
902	0.05196	0.05242	A
903	0.05264	0.05548	A
904	0.01009	0.01099	G
905	0.04018	0.04234	A
906	0.01329	0.01399	G
907	0.04374	0.04412	A
908	0.05754	0.05754	A
909	0.05707	0.05787	A
910	0.00804	0.00993	G
911	0.05465	0.05465	A
912	0.05839	0.06195	A
913	0.00588	0.01312	G
914	0.05469	0.05469	A
915	0.06511	0.06632	A
916	0.00646	0.00783	T
917	0.04259	0.04356	C
918	0.00908	0.00925	T
919	0.00705	0.01066	G
920	0.07084	0.07263	A
921	0.01286	0.01609	T
922	0.00461	0.00557	G
923	0.06858	0.07555	A
924	0.00905	0.01088	T
925	0.00901	0.01013	G
926	0.07692	0.07873	A
927	0.08312	0.08357	A
928	0.00696	0.00734	G
929	0.01977	0.02037	C
930	0.00362	0.0045	T
931	0.006	0.0077	G
932	0.01799	0.01799	C
933	0.07463	0.07545	A
934	0.00668	0.00673	G
935	0.01022	0.01176	T
936	0.05991	0.06057	A
937	0.01232	0.01336	G
938	0.05358	0.05762	A
939	0.01582	0.01582	G
940	0.00876	0.01036	G
941	0.03445	0.03473	A
942	0.05501	0.05578	A
943	0.00951	0.01466	G
944	0.07349	0.07349	A
945	0.06472	0.06786	A
946	0.01235	0.02195	G
947	0.04439	0.04439	A
948	0.06398	0.06732	A
949	0.0148	0.02683	G
950	0.04067	0.04067	A
951	0.05679	0.06006	A
952	0.02102	0.028	G
953	0.03396	0.03396	A
954	0.03368	0.03368	A
955	0.04356	0.04356	A
956	0.05357	0.05424	A
957	0.028	0.03573	G
958	0.03113	0.03113	A
959	0.03358	0.03358	A
960	0.03639	0.03768	A
961	0.06078	0.06431	C
962	0.04503	0.04968	C
963	0.03205	0.03235	A
964	0.04162	0.0421	A
965	0.04463	0.04701	A
966	0.01809	0.02168	G
967	0.04632	0.04666	A
968	0.06506	0.06814	C
969	0.01454	0.02655	T
970	0.00159	0.00159	A
971	0.00862	0.00866	A
972	0.03042	0.03042	A
973	0.02576	0.02576	A
974	0.02321	0.02326	A
975	0.03295	0.03295	A
976	0.00966	0.01112	G
977	0.01059	0.01196	T
978	0.01064	0.01146	T
979	0.00932	0.01551	G
980	0.00423	0.00464	A
981	0.00904	0.00934	A
982	0.02588	0.02588	A
983	0.01957	0.01957	A
984	0.02598	0.02598	A
985	0.02416	0.02434	A
986	0.07728	0.08962	C
987	0.0077	0.0077	T
988	0.00537	0.00627	G
989	0.00611	0.00611	T
990	0.03715	0.03807	C
991	0.02499	0.02587	T
992	0.01022	0.01022	G
993	0.00438	0.00438	G
994	0.00453	0.00453	G
995	0.05226	0.06443	A
996	0.08092	0.08345	C
997	0.01863	0.01965	T
998	0.00819	0.00819	G
999	0.00675	0.00749	G
1000	0.0054	0.0054	G
1001	0.03081	0.03151	A
1002	0.03487	0.03542	A
1003	0.06905	0.07046	C
1004	0.00997	0.00997	T
1005	0.00832	0.00878	T
1006	0.01818	0.04335	A
1007	0.00748	0.00748	T
1008	0.00454	0.00593	G
1009	0.03467	0.03596	A
1010	0.0436	0.04499	A
1011	0.0125	0.01286	T
1012	0.00502	0.00607	G
1013	0.03793	0.03919	A
1014	0.00756	0.00976	T
1015	0.04631	0.04684	A
1016	0.01014	0.01051	T
1017	0.05554	0.05807	C
1018	0.02961	0.03075	A
1019	0.04108	0.04296	A
1020	0.03479	0.03479	A
1021	0.0443	0.04462	C
1022	0.03205	0.03211	C
1023	0.02367	0.02367	A
1024	0.02731	0.02763	A
1025	0.00607	0.00623	T
1026	0.04243	0.04725	A
1027	0.01462	0.01462	T
1028	0.00466	0.00472	G
1029	0.00482	0.00516	G
1030	0.02327	0.02408	C
1031	0.05432	0.05473	A
1032	0.00618	0.00792	G
1033	0.04273	0.05483	A
1034	0.00632	0.00643	G
1035	0.03574	0.03655	A
1036	0.02458	0.02458	C
1037	0.0115	0.0115	C
1038	0.02281	0.02404	A
1039	0.00549	0.00573	T
1040	0.05243	0.05463	C
1041	0.02571	0.02571	A
1042	0.02637	0.02677	A
1043	0.03232	0.03237	A
1044	0.03565	0.03565	A
1045	0.00778	0.00866	G
1046	0.02652	0.02652	A
1047	0.04341	0.0446	A
1048	0.00744	0.00857	G
1049	0.00878	0.00878	T
1050	0.02566	0.02648	A
1051	0.01004	0.0101	G
1052	0.05702	0.05702	A
1053	0.04112	0.04208	A
1054	0.00508	0.00746	G
1055	0.03475	0.03475	A
1056	0.02979	0.031	A
1057	0.00567	0.00604	G
1058	0.0516	0.05383	A
1059	0.0056	0.00592	T
1060	0.00774	0.00822	G
1061	0.0306	0.03087	A
1062	0.0156	0.01725	A
1063	0.00852	0.00852	T
1064	0.02207	0.02218	A
1065	0.08174	0.08309	C
1066	0.03713	0.03713	A
1067	0.026	0.02627	A
1068	0.02974	0.03073	A
1069	0.00435	0.0045	G
1070	0.02625	0.02683	C
1071	0.00255	0.00255	T
1072	0.00977	0.00977	T
1073	0.00829	0.0084	T
1074	0.05442	0.0588	C
1075	0.00545	0.00587	T
1076	0.03559	0.03808	A
1077	0.06402	0.06487	C
1078	0.04467	0.04523	A
1079	0.05627	0.05743	A
1080	0.02524	0.02642	A
1081	0.00284	0.00337	T
1082	0.02016	0.02128	C
1083	0.01314	0.0144	A
1084	0.00331	0.00331	T
1085	0.001	0.001	T
1086	0.00157	0.00157	T
1087	0.00163	0.00163	T
1088	0.01964	0.02293	C
1089	0.08754	0.08817	A
1090	0.06149	0.06149	A
1091	0.07672	0.07747	A
1092	0.00933	0.01122	G
1093	0.00357	0.00361	G
1094	0.00643	0.00643	A
1095	0.01116	0.01116	A
1096	0.01154	0.01154	A
1097	0.00551	0.00588	G
1098	0.00262	0.00317	T
1099	0.007	0.00779	G
1100	0.02104	0.02362	A
1101	0.00464	0.00638	T
1102	0.00783	0.01189	G
1103	0.0992	0.10146	A
1104	0.04595	0.04721	C
1105	0.04987	0.05037	C
1106	0.04797	0.04797	C
1107	0.05137	0.05137	C
1108	0.05409	0.06466	A
1109	0.01327	0.0134	T
1110	0.00395	0.00403	G
1111	0.00421	0.00457	G
1112	0.02445	0.0249	C
1113	0.00352	0.00352	T
1114	0.00315	0.00319	T
1115	0.05852	0.10415	A
1116	0.00404	0.00412	T
1117	0.03946	0.0429	A
1118	0.00539	0.00539	T
1119	0.00511	0.00556	T
1120	0.0278	0.03079	C
1121	0.02896	0.02937	A
1122	0.05076	0.05339	C
1123	0.0027	0.0027	T
1124	0.00421	0.00448	T
1125	0.00501	0.00501	T
1126	0.0928	0.10483	A
1127	0.0726	0.07359	C
1128	0.00981	0.00981	T
1129	0.00651	0.00781	G
1130	0.06325	0.0634	C
1131	0.00682	0.0071	T
1132	0.00404	0.00495	G
1133	0.02659	0.02659	A
1134	0.03202	0.0332	A
1135	0.00497	0.00497	G
1136	0.00311	0.00311	G
1137	0.00828	0.00828	G
1138	0.00773	0.00773	G
1139	0.05839	0.05997	A
1140	0.07238	0.07238	A
1141	0.01077	0.01235	G
1142	0.00942	0.00992	T
1143	0.00955	0.00955	T
1144	0.06538	0.08026	A
1145	0.02186	0.02209	C
1146	0.01509	0.01597	C
1147	0.00236	0.00278	T
1148	0.00095	0.00095	T
1149	0.01902	0.02206	C
1150	0.03671	0.03963	A
1151	0.04959	0.05295	A
1152	0.07025	0.07317	A
1153	0.00405	0.00587	T
1154	0.0774	0.08145	C
1155	0.03331	0.03673	A
1156	0.06083	0.06979	A
1157	0.00341	0.00349	T
1158	0.00237	0.0027	T
1159	0.00344	0.00346	T
1160	0.00406	0.00406	T
1161	0.09354	0.15347	A
1162	0.00481	0.00481	T
1163	0.00601	0.00601	T
1164	0.01077	0.01087	T
1165	0.01378	0.01674	G
1166	0.01026	0.01153	T
1167	0.07625	0.07927	A
1168	0.03651	0.03683	C
1169	0.01766	0.01766	C
1170	0.01928	0.01938	C
1171	0.02611	0.02977	A
1172	0.04055	0.04222	C
1173	0.03487	0.03969	A
1174	0.0052	0.00552	T
1175	0.02165	0.02179	C
1176	0.00592	0.00678	T
1177	0.00731	0.0117	G
1178	0.07773	0.07835	C
1179	0.00777	0.0082	T
1180	0.02933	0.02939	C
1181	0.03609	0.03754	C
1182	0.03827	0.05031	A
1183	0.10515	0.10711	C
1184	0.00545	0.00825	G
1185	0.00832	0.00867	T
1186	0.00755	0.00772	G
1187	0.00269	0.00286	G
1188	0.00235	0.00235	T
1189	0.00945	0.00964	C
1190	0.00146	0.00146	T
1191	0.00563	0.00706	G
1192	0.00456	0.00456	T
1193	0.00833	0.00833	T
1194	0.0132	0.0132	T
1195	0.00369	0.0056	G
1196	0.01866	0.01891	A
1197	0.04388	0.04419	C
1198	0.00437	0.00456	G
1199	0.01543	0.01563	A
1200	0.01376	0.0144	A
1201	0.00448	0.00468	T
1202	0.03586	0.03656	A
1203	0.01263	0.0134	T
1204	0.00544	0.00593	G
1205	0.00555	0.00637	G
1206	0.03302	0.04245	A
1207	0.00992	0.01047	T
1208	0.04791	0.04929	C
1209	0.00725	0.00832	T
1210	0.01422	0.01448	A
1211	0.04232	0.04246	A
1212	0.03825	0.03825	A
1213	0.06116	0.06136	A
1214	0.0282	0.02877	A
1215	0.00547	0.00576	G
1216	0.01568	0.01648	A
1217	0.00687	0.00713	G
1218	0.00597	0.00735	C
1219	0.01122	0.01156	G
1220	0.07526	0.07824	A
1221	0.00761	0.00804	T
1222	0.00724	0.00764	T
1223	0.03568	0.05676	A
1224	0.09862	0.10132	C
1225	0.074	0.07803	A
1226	0.00914	0.01334	T
1227	0.00651	0.00684	T
1228	0.04653	0.04653	A
1229	0.1048	0.11418	A
1230	0.00277	0.00288	G
1231	0.00616	0.0063	C
1232	0.00133	0.00133	T
1233	0.00798	0.00806	C
1234	0.00204	0.00204	T
1235	0.07065	0.07162	A
1236	0.008	0.008	T
1237	0.00921	0.01088	G
1238	0.01246	0.015	T
1239	0.01389	0.01598	G
1240	0.08367	0.08696	C
1241	0.00985	0.01005	G
1242	0.03432	0.03434	C
1243	0.03944	0.0398	C
1244	0.00689	0.01406	G
1245	0.0103	0.01049	T
1246	0.00709	0.00726	G
1247	0.0035	0.00387	T
1248	0.01496	0.01536	A
1249	0.00306	0.00306	T
1250	0.00186	0.00203	T
1251	0.00974	0.01045	C
1252	0.05375	0.05546	A
1253	0.00239	0.00308	T
1254	0.00879	0.00968	C
1255	0.02207	0.0225	A
1256	0.01216	0.013	C
1257	0.01875	0.02058	A
1258	0.00238	0.00279	G
1259	0.02595	0.02688	A
1260	0.0117	0.0122	C
1261	0.00792	0.00898	G
1262	0.0526	0.05277	A
1263	0.02851	0.02951	C
1264	0.00747	0.00767	T
1265	0.01053	0.01068	T
1266	0.04176	0.04176	C
1267	0.04008	0.04032	C
1268	0.03203	0.04974	A
1269	0.01081	0.01177	T
1270	0.00322	0.00615	G
1271	0.06014	0.0622	A
1272	0.01055	0.01055	T
1273	0.06921	0.07219	A
1274	0.0119	0.01255	T
1275	0.00591	0.00846	G
1276	0.04959	0.05571	A
1277	0.02316	0.02498	T
1278	0.00662	0.00686	G
1279	0.03895	0.03932	C
1280	0.02968	0.02971	C
1281	0.00482	0.00566	T
1282	0.0309	0.03138	A
1283	0.04868	0.04878	A
1284	0.04339	0.04719	A
1285	0.00889	0.00911	T
1286	0.05194	0.05431	A
1287	0.04227	0.04445	C
1288	0.02507	0.03033	C
1289	0.00626	0.00804	T
1290	0.05673	0.06407	C
1291	0.04369	0.04747	A
1292	0.0742	0.07716	A
1293	0.00472	0.00487	T
1294	0.00432	0.00432	T
1295	0.00695	0.00695	T
1296	0.00973	0.00973	T
1297	0.01041	0.01319	G
1298	0.00469	0.00472	T
1299	0.03481	0.03537	C
1300	0.02564	0.02639	A
1301	0.0354	0.03572	A
1302	0.00176	0.00176	G
1303	0.0046	0.0046	G
1304	0.00522	0.00522	G
1305	0.00809	0.01205	T
1306	0.00643	0.00663	G
1307	0.0121	0.01301	T
1308	0.00668	0.00668	G
1309	0.00812	0.00832	G
1310	0.00878	0.00924	T
1311	0.00811	0.00811	G
1312	0.00761	0.00764	G
1313	0.04539	0.05771	A
1314	0.06341	0.06464	C
1315	0.00691	0.01227	T
1316	0.05806	0.05958	C
1317	0.05308	0.05668	A
1318	0.01345	0.0137	G
1319	0.06373	0.06605	A
1320	0.00702	0.0075	T
1321	0.00463	0.00554	G
1322	0.06955	0.07255	A
1323	0.00633	0.00633	T
1324	0.03753	0.03855	C
1325	0.0084	0.00899	T
1326	0.01672	0.01672	C
1327	0.01936	0.02	C
1328	0.01381	0.01381	C
1329	0.01827	0.01849	C
1330	0.00266	0.00266	T
1331	0.00348	0.00348	T
1332	0.00717	0.00844	G
1333	0.03965	0.03977	A
1334	0.06128	0.0626	A
1335	0.009	0.009	T
1336	0.01329	0.01491	G
1337	0.00347	0.00347	T
1338	0.008	0.008	T
1339	0.01562	0.01562	T
1340	0.03297	0.03297	C
1341	0.02694	0.02694	C
1342	0.0395	0.03955	C
1343	0.00869	0.01037	G
1344	0.05308	0.05646	C
1345	0.00415	0.00528	G
1346	0.04361	0.04676	A
1347	0.00465	0.00529	G
1348	0.03555	0.03634	A
1349	0.02807	0.02887	C
1350	0.00605	0.00609	T
1351	0.0259	0.0259	C
1352	0.00437	0.00437	T
1353	0.00174	0.00174	T
1354	0.01749	0.01968	C
1355	0.0275	0.02765	A
1356	0.00364	0.00614	G
1357	0.01248	0.01404	C
1358	0.0263	0.02665	A
1359	0.02479	0.02494	A
1360	0.04987	0.05309	C
1361	0.03161	0.03406	A
1362	0.00525	0.00642	T
1363	0.0281	0.0281	A
1364	0.03671	0.03671	A
1365	0.0492	0.05222	A
1366	0.04414	0.04968	C
1367	0.00532	0.00648	T
1368	0.00316	0.00316	G
1369	0.0328	0.03285	C
1370	0.00223	0.00238	T
1371	0.00639	0.00639	T
1372	0.03978	0.03978	A
1373	0.04388	0.04425	A
1374	0.00388	0.00388	G
1375	0.00369	0.00411	G
1376	0.00647	0.00706	T
1377	0.00599	0.00599	G
1378	0.04237	0.04552	A
1379	0.00908	0.00908	T
1380	0.00731	0.00808	T
1381	0.03554	0.03988	A
1382	0.00824	0.00824	G
1383	0.00522	0.00589	G
1384	0.03776	0.03776	A
1385	0.04743	0.04766	A
1386	0.00554	0.00691	G
1387	0.0446	0.0446	A
1388	0.04179	0.04427	A
1389	0.0055	0.00584	G
1390	0.03567	0.03841	C
1391	0.00395	0.00395	T
1392	0.00764	0.00764	T
1393	0.0064	0.00894	G
1394	0.00446	0.00446	T
1395	0.00337	0.00337	T
1396	0.05033	0.05151	C
1397	0.00935	0.00942	G
1398	0.00758	0.0091	T
1399	0.04254	0.0441	A
1400	0.02522	0.02599	A
1401	0.04124	0.04124	A
1402	0.04524	0.04588	A
1403	0.07382	0.08082	C
1404	0.00316	0.00367	G
1405	0.02959	0.02998	C
1406	0.00716	0.00742	T
1407	0.00371	0.00371	G
1408	0.00374	0.00374	G
1409	0.02349	0.02897	A
1410	0.04407	0.04447	C
1411	0.03859	0.03859	A
1412	0.00808	0.00815	T
1413	0.00567	0.00776	G
1414	0.03886	0.03893	A
1415	0.0039	0.0039	T
1416	0.04602	0.04636	C
1417	0.04345	0.04471	A
1418	0.04463	0.04609	A
1419	0.00655	0.00718	G
1420	0.04349	0.04384	A
1421	0.03966	0.03994	A
1422	0.00453	0.00543	G
1423	0.06483	0.06912	A
1424	0.00436	0.00436	T
1425	0.00653	0.00653	T
1426	0.00381	0.00381	G
1427	0.03262	0.03458	C
1428	0.011	0.01108	T
1429	0.00412	0.00486	G
1430	0.03525	0.0363	A
1431	0.0062	0.0065	T
1432	0.00604	0.00642	G
1433	0.03431	0.03626	A
1434	0.00552	0.00567	T
1435	0.03405	0.03428	A
1436	0.03247	0.03254	A
1437	0.0298	0.03105	A
1438	0.0048	0.00509	T
1439	0.03534	0.03723	A
1440	0.06774	0.06898	C
1441	0.03358	0.03379	A
1442	0.04533	0.04783	A
1443	0.00797	0.00892	T
1444	0.00849	0.01038	G
1445	0.04829	0.05009	A
1446	0.0068	0.0068	T
1447	0.04149	0.04864	A
1448	0.14172	0.15316	C
1449	0.00377	0.00377	T
1450	0.00094	0.00094	T
1451	0.00499	0.00499	T
1452	0.00555	0.00555	T
1453	0.01189	0.01189	T
1454	0.01403	0.01426	G
1455	0.00758	0.00758	G
1456	0.03749	0.03749	A
1457	0.05806	0.05846	A
1458	0.0625	0.0625	A
1459	0.01081	0.01462	G
1460	0.03868	0.03901	A
1461	0.06402	0.06513	A
1462	0.0044	0.00478	T
1463	0.00665	0.00665	T
1464	0.00742	0.00742	T
1465	0.00664	0.00664	G
1466	0.00371	0.00371	G
1467	0.00759	0.00831	T
1468	0.03943	0.04009	A
1469	0.03269	0.03291	C
1470	0.01982	0.02021	C
1471	0.03679	0.03679	A
1472	0.0367	0.03703	A
1473	0.04128	0.04379	C
1474	0.05535	0.05713	A
1475	0.00578	0.01085	T
1476	0.0529	0.05429	C
1477	0.0546	0.0546	A
1478	0.06869	0.0759	A
1479	0.00744	0.00911	G
1480	0.07005	0.07237	C
1481	0.00393	0.00485	T
1482	0.00529	0.00529	T
1483	0.00368	0.00368	G
1484	0.00595	0.00595	G
1485	0.0044	0.00446	T
1486	0.00725	0.00747	G
1487	0.00939	0.00939	T
1488	0.00765	0.0087	G
1489	0.06636	0.07442	A
1490	0.00693	0.00693	T
1491	0.00768	0.00931	T
1492	0.00822	0.00855	G
1493	0.06617	0.06651	A
1494	0.06267	0.06525	A
1495	0.00526	0.00701	G
1496	0.06172	0.06172	A
1497	0.03672	0.03842	C
1498	0.02655	0.02699	C
1499	0.03432	0.04308	A
1500	0.05683	0.06049	C
1501	0.00745	0.00805	T
1502	0.06593	0.06698	C
1503	0.00918	0.00946	G
1504	0.07279	0.07395	A
1505	0.05282	0.05384	A
1506	0.00748	0.00791	T
1507	0.04539	0.04615	C
1508	0.01117	0.01209	G
1509	0.03749	0.0377	A
1510	0.03703	0.0374	A
1511	0.0549	0.05979	C
1512	0.05871	0.05871	A
1513	0.07887	0.08107	C
1514	0.00863	0.00884	G
1515	0.00251	0.00356	T
1516	0.01964	0.01964	C
1517	0.00409	0.0043	T
1518	0.00969	0.00969	T
1519	0.00348	0.00448	G
1520	0.02969	0.03233	C
1521	0.00581	0.00719	T
1522	0.04546	0.04712	A
1523	0.05411	0.05474	A
1524	0.05133	0.05144	A
1525	0.03694	0.04048	C
1526	0.00435	0.00435	T
1527	0.00462	0.00462	T
1528	0.02674	0.03499	C
1529	0.00484	0.00484	T
1530	0.00437	0.00437	T
1531	0.04181	0.05924	A
1532	0.00644	0.00712	G
1533	0.00782	0.00782	G
1534	0.00801	0.00801	T
1535	0.00635	0.00635	T
1536	0.03389	0.03389	C
1537	0.03573	0.03615	C
1538	0.02889	0.04606	A
1539	0.0037	0.0037	G
1540	0.00648	0.00648	T
1541	0.03164	0.03266	C
1542	0.00624	0.00624	T
1543	0.00665	0.00665	T
1544	0.0206	0.02406	C
1545	0.00327	0.0051	T
1546	0.03942	0.04076	C
1547	0.04245	0.04579	A
1548	0.00406	0.00657	T
1549	0.01989	0.02118	C
1550	0.018	0.02064	A
1551	0.01871	0.01922	T
1552	0.01209	0.01255	C
1553	0.02117	0.02156	C
1554	0.01291	0.01291	A
1555	0.02438	0.02484	A
1556	0.04277	0.04312	C
1557	0.00444	0.00444	T
1558	0.00278	0.00363	G
1559	0.02705	0.02705	A
1560	0.04957	0.04963	C
1561	0.03734	0.03779	A
1562	0.00258	0.00258	T
1563	0.0051	0.0051	T
1564	0.02301	0.04179	A
1565	0.03888	0.0402	C
1566	0.00758	0.00793	T
1567	0.03484	0.04103	A
1568	0.0047	0.00476	G
1569	0.02303	0.02333	C
1570	0.01882	0.01911	C
1571	0.00629	0.00803	T
1572	0.04296	0.0526	A
1573	0.00741	0.00813	G
1574	0.04432	0.04456	A
1575	0.02718	0.02718	C
1576	0.01533	0.01533	C
1577	0.0124	0.02205	A
1578	0.00665	0.00683	G
1579	0.00475	0.00616	T
1580	0.03467	0.03467	A
1581	0.00745	0.00764	T
1582	0.00946	0.00958	G
1583	0.01004	0.01048	T
1584	0.00603	0.00603	G
1585	0.00504	0.00536	G
1586	0.02633	0.02633	A
1587	0.03447	0.0358	A
1588	0.04549	0.04549	A
1589	0.01054	0.01298	G
1590	0.0398	0.0398	A
1591	0.03329	0.03485	A
1592	0.01226	0.01318	T
1593	0.01015	0.0127	G
1594	0.02093	0.02137	A
1595	0.02337	0.02411	A
1596	0.01295	0.01295	G
1597	0.01285	0.0154	G
1598	0.00693	0.00764	A
1599	0.02647	0.02647	A
1600	0.01959	0.01959	A
1601	0.02923	0.02923	A
1602	0.03664	0.0367	A
1603	0.149	0.15979	C
1604	0.03449	0.03449	A
1605	0.02907	0.0304	A
1606	0.02568	0.0314	G
1607	0.03063	0.03157	A
1608	0.12207	0.12974	C
1609	0.03424	0.03424	A
1610	0.02478	0.02478	A
1611	0.02968	0.02968	A
1612	0.04397	0.04397	A
1613	0.0069	0.00916	T
1614	0.0584	0.05989	C
1615	0.00395	0.00395	T
1616	0.06285	0.06678	A
1617	0.02885	0.0292	C
1618	0.0019	0.0019	T
1619	0.00268	0.00317	T
1620	0.02025	0.0205	C
1621	0.03638	0.03957	A
1622	0.00812	0.00837	T
1623	0.00697	0.00722	G
1624	0.00698	0.00698	G
1625	0.03207	0.03367	C
1626	0.00378	0.00383	T
1627	0.00871	0.00876	G
1628	0.00835	0.00901	G
1629	0.00535	0.00535	G
1630	0.00477	0.00533	T
1631	0.02749	0.02749	C
1632	0.02134	0.02134	C
1633	0.02339	0.03849	A
1634	0.01194	0.01575	G
1635	0.02446	0.02563	C
1636	0.06379	0.06618	A
1637	0.01147	0.01252	G
1638	0.04625	0.04625	A
1639	0.02761	0.02761	A
1640	0.06755	0.06764	A
1641	0.05979	0.06002	A
1642	0.00709	0.00841	G
1643	0.05314	0.05502	A
1644	0.00919	0.00919	G
1645	0.00409	0.00409	G
1646	0.01641	0.01678	C
1647	0.00223	0.00228	T
1648	0.00785	0.00859	G
1649	0.06333	0.06361	A
1650	0.03951	0.0396	A
1651	0.00655	0.00691	T
1652	0.04616	0.04648	C
1653	0.00769	0.00769	T
1654	0.00706	0.00706	T
1655	0.01151	0.0154	C
1656	0.00707	0.00707	T
1657	0.0152	0.0152	C
1658	0.01992	0.0201	C
1659	0.08706	0.09435	A
1660	0.00592	0.00592	T
1661	0.00949	0.00989	T
1662	0.00737	0.00737	T
1663	0.01156	0.01271	G
1664	0.00603	0.00603	T
1665	0.00702	0.00787	T
1666	0.00733	0.00733	G
1667	0.09233	0.09645	A
1668	0.00893	0.00946	G
1669	0.02598	0.02661	C
1670	0.00839	0.00839	G
1671	0.02345	0.02398	A
1672	0.01122	0.01122	C
1673	0.00467	0.00467	T
1674	0.00202	0.00202	T
1675	0.01877	0.02193	C
1676	0.00602	0.00615	T
1677	0.00401	0.00401	G
1678	0.00474	0.00579	A
1679	0.02119	0.02173	A
1680	0.0313	0.0313	A
1681	0.05586	0.05586	A
1682	0.04081	0.04081	A
1683	0.00951	0.01003	G
1684	0.00474	0.00474	G
1685	0.00274	0.00274	G
1686	0.01895	0.02337	C
1687	0.00242	0.00246	T
1688	0.06174	0.06351	A
1689	0.00587	0.00664	T
1690	0.00539	0.00569	G
1691	0.02762	0.02834	A
1692	0.03022	0.03081	A
1693	0.00911	0.00983	G
1694	0.00633	0.00671	T
1695	0.00391	0.00391	T
1696	0.04655	0.06794	A
1697	0.0047	0.0047	T
1698	0.00475	0.00475	T
1699	0.00677	0.00677	T
1700	0.0421	0.04966	A
1701	0.04831	0.04831	C
1702	0.01787	0.01787	C
1703	0.01596	0.01932	T
1704	0.01824	0.01824	C
1705	0.0144	0.01776	A
1706	0.02972	0.03009	C
1707	0.04215	0.04697	A
1708	0.00601	0.00985	G
1709	0.05141	0.05141	A
1710	0.04352	0.04452	A
1711	0.05599	0.0579	C
1712	0.0197	0.02118	C
1713	0.00502	0.00568	T
1714	0.00993	0.01047	G
1715	0.00433	0.00433	T
1716	0.00536	0.00536	G
1717	0.00507	0.00515	G
1718	0.03133	0.05332	A
1719	0.00633	0.00633	T
1720	0.00407	0.00411	G
1721	0.03266	0.03308	A
1722	0.0225	0.02412	A
1723	0.00538	0.00538	T
1724	0.03972	0.04106	A
1725	0.06456	0.06844	C
1726	0.00622	0.00622	T
1727	0.00683	0.00785	G
1728	0.00585	0.00702	T
1729	0.05515	0.05683	A
1730	0.00317	0.00317	T
1731	0.00254	0.00254	T
1732	0.02174	0.02361	C
1733	0.05216	0.05524	A
1734	0.00583	0.00583	G
1735	0.00705	0.00705	G
1736	0.00444	0.00444	C
1737	0.00142	0.00142	C
1738	0.00219	0.00219	C
1739	0.00149	0.00149	T
1740	0.00097	0.00097	T
1741	0.00542	0.00542	C
1742	0.00184	0.00184	C
1743	0.00192	0.00225	C
1744	0.01879	0.02111	G
1745	0.0517	0.0517	A
1746	0.06407	0.06471	A
1747	0.0053	0.0053	T
1748	0.01238	0.01253	T
1749	0.01379	0.01379	T
1750	0.01107	0.01952	G
1751	0.08163	0.08326	A
1752	0.01683	0.01683	T
1753	0.00403	0.00428	G
1754	0.00408	0.00408	G
1755	0.00346	0.00346	G
1756	0.02179	0.02179	A
1757	0.03355	0.03355	A
1758	0.00321	0.00365	G
1759	0.05402	0.0544	A
1760	0.00693	0.00693	G
1761	0.00791	0.00791	G
1762	0.0062	0.0062	T
1763	0.00649	0.00653	T
1764	0.03588	0.03588	C
1765	0.01973	0.01973	C
1766	0.02452	0.04726	A
1767	0.00452	0.00459	G
1768	0.0256	0.0256	A
1769	0.02348	0.02415	A
1770	0.00912	0.0093	T
1771	0.01156	0.0144	G
1772	0.00688	0.00688	T
1773	0.01044	0.01066	T
1774	0.01152	0.01181	G
1775	0.01797	0.01797	C
1776	0.02052	0.02052	C
1777	0.04251	0.04251	A
1778	0.07111	0.07148	A
1779	0.00813	0.00817	G
1780	0.00926	0.00941	G
1781	0.05137	0.05194	A
1782	0.05565	0.05595	A
1783	0.00588	0.00588	G
1784	0.00559	0.00563	G
1785	0.0435	0.05349	A
1786	0.00824	0.0086	G
1787	0.00705	0.00731	T
1788	0.0073	0.00816	G
1789	0.06029	0.06114	A
1790	0.06434	0.06496	A
1791	0.01327	0.01385	G
1792	0.00697	0.00697	T
1793	0.00422	0.00444	T
1794	0.06072	0.06379	C
1795	0.00993	0.01041	G
1796	0.04136	0.04187	A
1797	0.0078	0.00839	T
1798	0.00725	0.00963	G
1799	0.05648	0.05648	A
1800	0.05808	0.05863	A
1801	0.0597	0.06061	A
1802	0.01105	0.01188	G
1803	0.01267	0.01408	T
1804	0.01051	0.0108	G
1805	0.03857	0.04108	A
1806	0.00807	0.00858	G
1807	0.03979	0.03979	A
1808	0.02545	0.0257	A
1809	0.03332	0.03332	A
1810	0.05068	0.05068	A
1811	0.04915	0.0711	C
1812	0.00986	0.01053	T
1813	0.06026	0.06026	A
1814	0.07214	0.07299	A
1815	0.00779	0.00828	G
1816	0.00588	0.00588	G
1817	0.03813	0.04797	A
1818	0.00924	0.00924	G
1819	0.04857	0.05104	A
1820	0.00803	0.00813	G
1821	0.00409	0.00433	T
1822	0.02887	0.02887	C
1823	0.00549	0.00549	G
1824	0.00809	0.00863	T
1825	0.00586	0.00824	G
1826	0.06351	0.06682	A
1827	0.03408	0.03444	A
1828	0.00583	0.01067	G
1829	0.01981	0.01981	C
1830	0.02733	0.02803	A
1831	0.00831	0.00834	G
1832	0.00685	0.00726	T
1833	0.00574	0.00574	T
1834	0.00537	0.00601	G
1835	0.04865	0.04959	A
1836	0.00811	0.00965	G
1837	0.04492	0.04541	A
1838	0.04142	0.04142	A
1839	0.05911	0.0605	A
1840	0.01021	0.01398	G
1841	0.03672	0.03672	A
1842	0.05502	0.05555	A
1843	0.00473	0.00555	T
1844	0.00584	0.00584	T
1845	0.01271	0.01294	T
1846	0.00674	0.00943	G
1847	0.05437	0.05639	A
1848	0.00768	0.00768	G
1849	0.02715	0.02734	C
1850	0.00916	0.0094	C
1851	0.00159	0.00159	T
1852	0.02073	0.02133	C
1853	0.00496	0.00512	T
1854	0.00453	0.00527	G
1855	0.03098	0.0311	C
1856	0.00508	0.00603	T
1857	0.00878	0.00883	G
1858	0.04283	0.04312	A
1859	0.06753	0.06753	A
1860	0.00452	0.00519	T
1861	0.0076	0.00832	T
1862	0.00804	0.00911	G
1863	0.00469	0.00508	G
1864	0.02973	0.04472	A
1865	0.0071	0.0071	T
1866	0.00451	0.00586	G
1867	0.04097	0.04155	A
1868	0.04356	0.04378	A
1869	0.04056	0.04056	A
1870	0.00651	0.00773	G
1871	0.03936	0.0428	A
1872	0.00936	0.00936	T
1873	0.04878	0.04878	A
1874	0.04614	0.04614	A
1875	0.05979	0.06443	A
1876	0.01113	0.01181	G
1877	0.01932	0.01971	C
1878	0.00662	0.00662	C
1879	0.02014	0.02014	C
1880	0.00526	0.00581	T
1881	0.00536	0.00557	T
1882	0.04089	0.04162	A
1883	0.06799	0.06799	A
1884	0.00612	0.00612	G
1885	0.00567	0.00567	G
1886	0.02156	0.03354	A
1887	0.05168	0.05318	C
1888	0.04354	0.0437	A
1889	0.03908	0.04037	A
1890	0.00524	0.00601	G
1891	0.04927	0.05004	A
1892	0.00513	0.00524	T
1893	0.00693	0.00766	T
1894	0.00585	0.00621	G
1895	0.03933	0.0408	A
1896	0.0393	0.0393	A
1897	0.0563	0.05665	A
1898	0.05816	0.05816	A
1899	0.00747	0.00778	G
1900	0.00502	0.00502	G
1901	0.01443	0.01448	C
1902	0.00617	0.00674	T
1903	0.00757	0.00777	G
1904	0.00852	0.00852	T
1905	0.00386	0.00386	G
1906	0.00559	0.00559	G
1907	0.00442	0.00442	T
1908	0.00951	0.00994	G
1909	0.00426	0.00538	T
1910	0.01582	0.0163	C
1911	0.01338	0.02697	T
1912	0.04214	0.04537	C
1913	0.07171	0.07624	A
1914	0.00969	0.01354	G
1915	0.03735	0.03824	C
1916	0.00715	0.00715	G
1917	0.02946	0.02946	C
1918	0.0144	0.0144	C
1919	0.00243	0.00271	T
1920	0.0039	0.00628	G
1921	0.06954	0.06982	A
1922	0.07726	0.07806	C
1923	0.05799	0.06051	A
1924	0.00741	0.00763	G
1925	0.05574	0.05614	A
1926	0.0795	0.08034	A
1927	0.00467	0.00467	T
1928	0.00503	0.00503	C
1929	0.00129	0.0014	T
1930	0.00615	0.00615	C
1931	0.00505	0.00505	C
1932	0.00943	0.01526	G
1933	0.00103	0.00103	T
1934	0.006	0.00675	G
1935	0.00134	0.00134	T
1936	0.00526	0.00532	G
1937	0.06091	0.06268	C
1938	0.00358	0.00358	T
1939	0.00779	0.00779	T
1940	0.01269	0.01269	T
1941	0.01698	0.01698	G
1942	0.00779	0.00809	G
1943	0.00895	0.01027	T
1944	0.00843	0.00843	G
1945	0.00414	0.00414	G
1946	0.00325	0.00325	C
1947	0.00538	0.00538	C
1948	0.0072	0.01654	A
1949	0.00577	0.0064	G
1950	0.00183	0.00183	C
1951	0.005	0.00531	C
1952	0.05057	0.08831	A
1953	0.01388	0.01388	G
1954	0.0097	0.01124	T
1955	0.07532	0.0757	A
1956	0.10549	0.10781	C
1957	0.00716	0.00716	G
1958	0.00638	0.00676	G
1959	0.04372	0.07118	A
1960	0.00429	0.00429	T
1961	0.00522	0.00522	G
1962	0.00388	0.00388	G
1963	0.00707	0.00727	T
1964	0.00571	0.00571	C
1965	0.00541	0.00541	T
1966	0.00779	0.00779	G
1967	0.00566	0.00566	G
1968	0.00516	0.00516	C
1969	0.06829	0.06863	A
1970	0.02443	0.02443	A
1971	0.01048	0.01054	C
1972	0.01266	0.01266	A
1973	0.00299	0.00306	T
1974	0.00381	0.00381	G
1975	0.00459	0.005	G
1976	0.0158	0.02195	A
1977	0.00459	0.00459	G
1978	0.02883	0.03035	A
1979	0.00772	0.01041	G
1980	0.0613	0.0613	A
1981	0.06283	0.06345	A
1982	0.00759	0.00972	T
1983	0.06639	0.06826	C
1984	0.0557	0.05791	A
1985	0.01184	0.01225	T
1986	0.00842	0.00994	G
1987	0.05906	0.05913	A
1988	0.0396	0.0396	A
1989	0.07187	0.07277	A
1990	0.00825	0.01185	G
1991	0.05241	0.05451	C
1992	0.05547	0.05659	A
1993	0.07956	0.08632	C
1994	0.0417	0.0417	A
1995	0.06781	0.07004	A
1996	0.00657	0.00755	G
1997	0.05057	0.05226	C
1998	0.01123	0.01293	G
1999	0.00874	0.01023	T
2000	0.06403	0.06403	A
2001	0.06571	0.06571	C
2002	0.02961	0.0302	C
2003	0.01613	0.01613	A
2004	0.04738	0.04834	A
2005	0.05799	0.05889	A
2006	0.0731	0.08052	C
2007	0.0113	0.0113	G
2008	0.00269	0.00269	G
2009	0.0069	0.0069	G
2010	0.01936	0.02241	C
2011	0.06197	0.06245	A
2012	0.06273	0.06273	A
2013	0.00624	0.00624	G
2014	0.0045	0.00514	G
2015	0.03475	0.03863	A
2016	0.03788	0.03927	C
2017	0.02481	0.02579	A
2018	0.00345	0.0041	T
2019	0.01718	0.01718	C
2020	0.00275	0.00275	T
2021	0.0437	0.04403	C
2022	0.00363	0.00472	T
2023	0.03434	0.03469	A
2024	0.06668	0.06864	C
2025	0.01347	0.01347	A
2026	0.02422	0.02523	A
2027	0.03113	0.03113	A
2028	0.00981	0.01192	T
2029	0.01078	0.01086	T
2030	0.02118	0.04019	A
2031	0.06089	0.06228	C
2032	0.00473	0.00473	T
2033	0.03607	0.04339	A
2034	0.01014	0.01111	T
2035	0.00657	0.00746	G
2036	0.04184	0.0439	C
2037	0.00916	0.00952	G
2038	0.03376	0.03449	A
2039	0.00368	0.00368	G
2040	0.00494	0.00578	T
2041	0.04728	0.04794	C
2042	0.03926	0.04132	A
2043	0.00578	0.00681	G
2044	0.03217	0.03217	A
2045	0.03704	0.04125	A
2046	0.01282	0.01518	G
2047	0.04144	0.04144	A
2048	0.02447	0.02447	A
2049	0.03017	0.03026	A
2050	0.03409	0.03481	A
2051	0.07311	0.09132	C
2052	0.04225	0.04225	A
2053	0.00549	0.00581	T
2054	0.00698	0.00771	T
2055	0.00629	0.00661	T
2056	0.00486	0.00624	G
2057	0.0218	0.0218	A
2058	0.03432	0.03432	A
2059	0.04865	0.04865	A
2060	0.0095	0.0095	T
2061	0.00721	0.00884	T
2062	0.05527	0.05527	A
2063	0.0921	0.0921	A
2064	0.00904	0.01157	T
2065	0.02175	0.02284	C
2066	0.01815	0.01815	C
2067	0.02844	0.02844	C
2068	0.01339	0.0349	A
2069	0.00514	0.00554	G
2070	0.04642	0.04969	A
2071	0.03922	0.04151	C
2072	0.03762	0.04209	A
2073	0.03409	0.03483	C
2074	0.02237	0.02237	C
2075	0.03661	0.03806	C
2076	0.00443	0.00741	G
2077	0.04943	0.04976	C
2078	0.01178	0.01258	T
2079	0.00409	0.00626	G
2080	0.04893	0.04941	A
2081	0.00447	0.00599	T
2082	0.06033	0.06033	C
2083	0.06136	0.06642	A
2084	0.00638	0.00684	G
2085	0.05542	0.05829	A
2086	0.00748	0.00847	G
2087	0.05989	0.06203	A
2088	0.05286	0.0569	C
2089	0.04912	0.0495	A
2090	0.00914	0.00914	T
2091	0.00883	0.00883	G
2092	0.03314	0.03351	C
2093	0.00518	0.00518	T
2094	0.00474	0.00474	T
2095	0.02702	0.02895	C
2096	0.0092	0.00964	G
2097	0.05167	0.05196	A
2098	0.07949	0.07949	C
2099	0.01149	0.01234	G
2100	0.03583	0.03611	A
2101	0.0545	0.0545	A
2102	0.00857	0.00928	T
2103	0.01377	0.01377	T
2104	0.07939	0.07946	A
2105	0.06597	0.06685	A
2106	0.00692	0.00754	G
2107	0.00715	0.00782	G
2108	0.04214	0.04263	A
2109	0.06071	0.06071	A
2110	0.00818	0.00901	G
2111	0.05971	0.06193	A
2112	0.00895	0.01199	T
2113	0.00658	0.00731	G
2114	0.06461	0.0654	A
2115	0.06151	0.06184	A
2116	0.00798	0.00885	G
2117	0.06255	0.06513	A
2118	0.00768	0.00883	T
2119	0.00474	0.00623	G
2120	0.05972	0.06215	A
2121	0.01198	0.01376	T
2122	0.0601	0.0604	A
2123	0.02551	0.02551	A
2124	0.07199	0.07199	A
2125	0.0535	0.05426	A
2126	0.07135	0.08395	C
2127	0.05571	0.05683	A
2128	0.00831	0.00831	G
2129	0.00338	0.00338	T
2130	0.00558	0.00558	T
2131	0.00788	0.00788	T
2132	0.01	0.01	T
2133	0.0121	0.01233	G
2134	0.00607	0.00663	G
2135	0.08213	0.10151	A
2136	0.00372	0.0042	T
2137	0.06654	0.06676	C
2138	0.00314	0.00314	T
2139	0.00285	0.00285	T
2140	0.00586	0.00626	G
2141	0.01408	0.01459	C
2142	0.00256	0.00289	T
2143	0.00821	0.00909	G
2144	0.00586	0.00674	T
2145	0.00665	0.00665	G
2146	0.0061	0.0074	G
2147	0.00227	0.00234	T
2148	0.00316	0.00319	T
2149	0.00618	0.00618	T
2150	0.00631	0.00631	T
2151	0.01334	0.02178	G
2152	0.00545	0.00545	T
2153	0.0064	0.0064	T
2154	0.00772	0.00772	T
2155	0.00938	0.01201	G
2156	0.07607	0.07607	A
2157	0.0859	0.08594	A
2158	0.06164	0.06203	A
2159	0.0685	0.07112	C
2160	0.03833	0.03833	A
2161	0.00551	0.00572	G
2162	0.02919	0.0333	C
2163	0.05735	0.0576	A
2164	0.07337	0.0739	A
2165	0.1367	0.14211	C
2166	0.007	0.00731	G
2167	0.02789	0.02849	C
2168	0.0027	0.0027	T
2169	0.00414	0.00414	T
2170	0.04537	0.04852	C
2171	0.00505	0.00505	G
2172	0.00509	0.00527	G
2173	0.00343	0.01216	T
2174	0.03604	0.03748	C
2175	0.08898	0.09075	A
2176	0.00353	0.00375	G
2177	0.00319	0.0033	G
2178	0.00553	0.00578	G
2179	0.00306	0.00331	T
2180	0.06383	0.06591	A
2181	0.00301	0.00301	T
2182	0.03394	0.03448	C
2183	0.00354	0.00354	T
2184	0.0028	0.0028	T
2185	0.00516	0.0054	T
2186	0.00285	0.00292	T
2187	0.05158	0.06329	A
2188	0.03133	0.03176	C
2189	0.02296	0.02296	C
2190	0.02599	0.06163	A
2191	0.00579	0.00586	G
2192	0.05941	0.0607	A
2193	0.0303	0.03059	C
2194	0.04308	0.04426	A
2195	0.06572	0.06903	C
2196	0.00587	0.00619	T
2197	0.02297	0.02335	A
2198	0.03564	0.03661	A
2199	0.04604	0.04758	A
2200	0.00504	0.00676	G
2201	0.02149	0.02149	C
2202	0.03198	0.03465	A
2203	0.00723	0.00795	T
2204	0.05913	0.05975	A
2205	0.0119	0.01234	T
2206	0.0075	0.00793	G
2207	0.00581	0.00607	G
2208	0.03505	0.04894	A
2209	0.00728	0.00768	G
2210	0.05415	0.06048	A
2211	0.01189	0.01292	T
2212	0.05302	0.05368	A
2213	0.00471	0.00566	G
2214	0.04618	0.04618	A
2215	0.04726	0.04938	A
2216	0.0102	0.01188	T
2217	0.04791	0.04944	A
2218	0.00635	0.0069	G
2219	0.05642	0.0566	A
2220	0.04437	0.04437	A
2221	0.0597	0.06261	A
2222	0.00768	0.01052	G
2223	0.03887	0.03887	A
2224	0.05068	0.05187	A
2225	0.00443	0.00556	T
2226	0.005	0.00537	G
2227	0.03236	0.03329	C
2228	0.00792	0.00792	T
2229	0.01336	0.01336	T
2230	0.04667	0.05267	C
2231	0.00551	0.00576	G
2232	0.02893	0.02893	C
2233	0.02317	0.02317	C
2234	0.00436	0.00584	T
2235	0.03681	0.03721	C
2236	0.0394	0.04284	A
2237	0.00835	0.00888	G
2238	0.00535	0.00535	T
2239	0.00494	0.00494	T
2240	0.00951	0.00951	T
2241	0.00775	0.00912	G
2242	0.03448	0.03448	A
2243	0.03139	0.03139	A
2244	0.05859	0.06109	C
2245	0.04776	0.04804	A
2246	0.00439	0.00471	T
2247	0.00656	0.00702	T
2248	0.00714	0.00899	G
2249	0.0463	0.04681	A
2250	0.0496	0.0496	C
2251	0.02196	0.02196	C
2252	0.00931	0.00931	C
2253	0.00585	0.00643	T
2254	0.00433	0.00777	G
2255	0.02781	0.02875	A
2256	0.00459	0.00479	T
2257	0.00212	0.00212	G
2258	0.02436	0.02804	C
2259	0.04	0.04026	A
2260	0.05569	0.05569	A
2261	0.04215	0.04215	A
2262	0.00419	0.00419	G
2263	0.00373	0.00373	G
2264	0.00388	0.00388	T
2265	0.0053	0.0053	G
2266	0.00332	0.00332	G
2267	0.04826	0.04832	A
2268	0.04371	0.04421	A
2269	0.00671	0.00797	G
2270	0.02692	0.02692	A
2271	0.03544	0.03776	A
2272	0.00964	0.0101	G
2273	0.05888	0.06085	A
2274	0.01065	0.01117	G
2275	0.01314	0.01314	C
2276	0.00804	0.00834	C
2277	0.01016	0.01016	C
2278	0.00454	0.00802	G
2279	0.05493	0.05612	A
2280	0.06411	0.06474	A
2281	0.00785	0.01152	G
2282	0.04179	0.0421	A
2283	0.06703	0.07139	A
2284	0.00285	0.00538	G
2285	0.04631	0.04631	A
2286	0.03165	0.03503	A
2287	0.03296	0.03392	C
2288	0.01705	0.01769	C
2289	0.00278	0.00912	T
2290	0.01197	0.01249	G
2291	0.03139	0.03139	A
2292	0.0312	0.03152	A
2293	0.00562	0.00615	G
2294	0.06687	0.07009	A
2295	0.0087	0.00896	G
2296	0.04567	0.04668	A
2297	0.06171	0.06374	C
2298	0.0548	0.05487	A
2299	0.0074	0.0089	G
2300	0.02745	0.0282	C
2301	0.04203	0.04368	A
2302	0.00865	0.00865	G
2303	0.04388	0.04423	A
2304	0.0357	0.03915	A
2305	0.00755	0.00859	G
2306	0.04224	0.04441	A
2307	0.05221	0.05669	C
2308	0.02979	0.03007	A
2309	0.05033	0.05651	C
2310	0.03186	0.03186	A
2311	0.02875	0.02889	A
2312	0.0462	0.05075	C
2313	0.039	0.03984	A
2314	0.00833	0.00875	G
2315	0.03632	0.03632	A
2316	0.02618	0.02816	A
2317	0.006	0.00833	G
2318	0.04935	0.05006	A
2319	0.04167	0.04381	C
2320	0.02569	0.02764	A
2321	0.03986	0.04022	C
2322	0.03644	0.03885	A
2323	0.01308	0.0133	G
2324	0.04696	0.0482	A
2325	0.00546	0.00546	G
2326	0.02131	0.02332	C
2327	0.0195	0.01965	A
2328	0.02171	0.02279	A
2329	0.00367	0.00553	G
2330	0.02781	0.02781	A
2331	0.05651	0.05936	C
2332	0.00919	0.0102	G
2333	0.04867	0.04867	A
2334	0.04256	0.04572	A
2335	0.00561	0.00852	G
2336	0.03885	0.04177	A
2337	0.00936	0.01063	T
2338	0.01088	0.01159	G
2339	0.04794	0.04794	A
2340	0.04003	0.04003	A
2341	0.00599	0.00842	G
2342	0.02296	0.02296	A
2343	0.04672	0.04707	A
2344	0.05924	0.05958	A
2345	0.00943	0.01026	T
2346	0.00694	0.00715	G
2347	0.00434	0.00434	G
2348	0.02509	0.0349	A
2349	0.00799	0.00799	T
2350	0.00875	0.00937	G
2351	0.00733	0.00761	T
2352	0.00817	0.00817	G
2353	0.00662	0.00662	G
2354	0.00532	0.00532	G
2355	0.04936	0.04936	A
2356	0.0481	0.04854	A
2357	0.07111	0.07291	C
2358	0.03879	0.03996	A
2359	0.00409	0.00453	G
2360	0.03962	0.05495	A
2361	0.00532	0.00841	T
2362	0.01271	0.01621	G
2363	0.03425	0.03796	A
2364	0.07502	0.09575	A
2365	0.00632	0.01036	G
2366	0.03098	0.0316	A
2367	0.03886	0.05186	A
2368	0.00792	0.0102	G
2369	0.03647	0.03647	A
2370	0.04563	0.06789	A
2371	0.01015	0.01643	G
2372	0.03306	0.03306	A
2373	0.05722	0.05722	A
2374	0.06493	0.07181	A
2375	0.0353	0.04424	C
2376	0.02886	0.02886	A
2377	0.00667	0.00667	G
2378	0.03361	0.03573	C
2379	0.04633	0.04633	A
2380	0.05272	0.05272	A
2381	0.06204	0.06326	A
2382	0.00688	0.00688	G
2383	0.00254	0.00254	G
2384	0.03561	0.03561	A
2385	0.04927	0.04927	A
2386	0.00492	0.00579	T
2387	0.06431	0.06478	C
2388	0.00449	0.0049	T
2389	0.04609	0.05444	A
2390	0.08416	0.0853	C
2391	0.06061	0.06679	A
2392	0.00463	0.00505	G
2393	0.02693	0.02759	C
2394	0.00625	0.00655	T
2395	0.00256	0.00256	G
2396	0.01205	0.0128	A
2397	0.04134	0.04134	A
2398	0.0345	0.0345	A
2399	0.03653	0.03653	A
2400	0.03618	0.03618	A
2401	0.00477	0.00508	G
2402	0.03397	0.03397	A
2403	0.0045	0.0045	T
2404	0.00535	0.00535	G
2405	0.03056	0.03056	A
2406	0.04701	0.04701	A
2407	0.00445	0.00445	T
2408	0.00505	0.00505	T
2409	0.00477	0.00477	G
2410	0.00026	0.00026	T
2411	0.0	0.0	A
2412	0.0	0.0	A
