Position	Mismatches	Mismatches + Deletions	Base
1	0.0	0.0	A
2	0.0	0.0	T
3	0.0	0.0	G
4	0.02543	0.02543	C
5	0.01885	0.01885	C
6	0.01931	0.01931	C
7	0.02585	0.02585	C
8	0.00887	0.00956	T
9	0.02041	0.02045	C
10	0.0097	0.0109	A
11	0.00773	0.00774	T
12	0.00959	0.0096	T
13	0.00865	0.00866	T
14	0.01403	0.01573	A
15	0.03414	0.03432	C
16	0.01489	0.01506	A
17	0.01132	0.01207	T
18	0.01401	0.01401	A
19	0.01573	0.01573	A
20	0.01537	0.01571	A
21	0.00967	0.01122	T
22	0.0216	0.02179	A
23	0.00878	0.00882	T
24	0.00644	0.00656	T
25	0.00941	0.01702	A
26	0.00593	0.00608	T
27	0.01461	0.01519	A
28	0.02244	0.02286	C
29	0.00633	0.00642	T
30	0.01961	0.01993	A
31	0.0032	0.00348	G
32	0.02478	0.02493	C
33	0.01733	0.01771	A
34	0.00707	0.00712	T
35	0.00784	0.00786	T
36	0.01019	0.01021	T
37	0.02661	0.02987	A
38	0.04449	0.04462	C
39	0.02334	0.02343	C
40	0.01954	0.02371	A
41	0.01103	0.0115	T
42	0.04421	0.04446	C
43	0.01187	0.01354	T
44	0.03454	0.03478	C
45	0.02511	0.02627	A
46	0.01076	0.01095	C
47	0.00424	0.00429	T
48	0.00247	0.00248	T
49	0.00473	0.00521	C
50	0.00232	0.00236	T
51	0.00638	0.00667	A
52	0.00073	0.00073	G
53	0.00138	0.00139	G
54	0.01075	0.01077	A
55	0.00781	0.00783	A
56	0.00265	0.0027	T
57	0.01139	0.01165	A
58	0.01232	0.01248	C
59	0.00086	0.0009	T
60	0.00313	0.00324	A
61	0.00131	0.00139	G
62	0.00206	0.00213	T
63	0.01022	0.01061	A
64	0.00374	0.00388	T
65	0.01654	0.01733	A
66	0.00911	0.00936	T
67	0.04097	0.04144	C
68	0.00607	0.00621	G
69	0.03245	0.03319	C
70	0.01307	0.01553	T
71	0.09612	0.09744	C
72	0.02553	0.02888	A
73	0.05721	0.05847	C
74	0.02371	0.02426	A
75	0.03977	0.03977	C
76	0.02574	0.02603	C
77	0.00958	0.01155	T
78	0.02794	0.02812	C
79	0.02224	0.02541	A
80	0.01031	0.01263	T
81	0.02453	0.02728	A
82	0.01118	0.01136	T
83	0.03563	0.03603	C
84	0.02324	0.02353	C
85	0.00959	0.01237	T
86	0.03266	0.03272	C
87	0.03596	0.03597	C
88	0.01751	0.0179	C
89	0.0049	0.00525	T
90	0.01319	0.01354	A
91	0.01931	0.01954	C
92	0.00439	0.00455	T
93	0.00908	0.01291	A
94	0.00666	0.00678	T
95	0.00216	0.00223	G
96	0.00766	0.00768	C
97	0.00407	0.00408	C
98	0.00144	0.00148	T
99	0.0056	0.00577	A
100	0.00143	0.00152	G
101	0.00793	0.00795	A
102	0.00651	0.0066	A
103	0.00226	0.00227	G
104	0.00341	0.00347	G
105	0.01534	0.01537	A
106	0.02067	0.02077	A
107	0.01137	0.01169	T
108	0.02262	0.02262	A
109	0.02052	0.02235	A
110	0.01099	0.01127	T
111	0.03118	0.03169	A
112	0.03966	0.0408	C
113	0.00932	0.00965	T
114	0.02464	0.02816	A
115	0.01272	0.01357	T
116	0.04076	0.04131	C
117	0.01125	0.01145	G
118	0.01909	0.01921	C
119	0.00686	0.00694	T
120	0.00511	0.00631	G
121	0.01026	0.01026	T
122	0.01261	0.01264	T
123	0.02687	0.02743	C
124	0.02476	0.02509	A
125	0.01014	0.01015	T
126	0.01014	0.01021	T
127	0.01559	0.02463	A
128	0.0145	0.01476	T
129	0.02316	0.0243	A
130	0.00462	0.00485	G
131	0.0271	0.02754	C
132	0.01292	0.01333	T
133	0.02763	0.02875	A
134	0.03809	0.03857	C
135	0.01177	0.01236	T
136	0.03125	0.03173	C
137	0.01093	0.01239	T
138	0.03142	0.0318	C
139	0.02498	0.02653	A
140	0.02364	0.02782	T
141	0.0321	0.03216	A
142	0.02152	0.02437	A
143	0.04092	0.04143	C
144	0.02263	0.02268	C
145	0.02284	0.02293	C
146	0.01547	0.02073	T
147	0.03365	0.03432	C
148	0.0342	0.04311	A
149	0.03498	0.03549	A
150	0.04075	0.04877	C
151	0.02719	0.02802	A
152	0.06968	0.06972	C
153	0.05049	0.05053	C
154	0.03381	0.03416	C
155	0.01668	0.02137	A
156	0.03078	0.03132	C
157	0.00943	0.01081	T
158	0.05185	0.05185	C
159	0.02757	0.02758	C
160	0.02464	0.02487	C
161	0.00568	0.0065	T
162	0.01494	0.01504	C
163	0.00568	0.00569	T
164	0.00736	0.00738	T
165	0.01697	0.02739	A
166	0.00297	0.00307	G
167	0.03298	0.033	C
168	0.01526	0.01528	C
169	0.01174	0.01177	A
170	0.01926	0.01928	A
171	0.00516	0.00527	T
172	0.01806	0.01832	A
173	0.00667	0.00667	T
174	0.00698	0.007	T
175	0.00337	0.00387	G
176	0.00562	0.006	T
177	0.00279	0.00287	G
178	0.02354	0.02361	C
179	0.01597	0.01599	C
180	0.00504	0.00534	T
181	0.01496	0.01662	A
182	0.00584	0.00584	T
183	0.00758	0.00767	T
184	0.00256	0.00281	G
185	0.02933	0.02935	C
186	0.01833	0.01836	C
187	0.00817	0.01948	A
188	0.00461	0.00468	T
189	0.04304	0.04329	A
190	0.00411	0.00417	C
191	0.001	0.00105	T
192	0.00323	0.00353	A
193	0.00109	0.00113	G
194	0.00116	0.00128	T
195	0.01822	0.01828	C
196	0.00449	0.00449	T
197	0.00558	0.00558	T
198	0.00819	0.00819	T
199	0.00297	0.00342	G
200	0.00232	0.00233	C
201	0.00178	0.00178	C
202	0.00397	0.00418	G
203	0.01892	0.01892	C
204	0.00848	0.00851	C
205	0.00181	0.00204	T
206	0.00212	0.00221	G
207	0.00642	0.00661	C
208	0.00506	0.00616	G
209	0.02672	0.0277	A
210	0.02789	0.02791	A
211	0.00453	0.00495	G
212	0.00556	0.00576	C
213	0.00813	0.00845	A
214	0.00244	0.00245	G
215	0.00412	0.00413	C
216	0.00319	0.00319	G
217	0.00318	0.00323	G
218	0.00182	0.00183	T
219	0.00268	0.00268	G
220	0.00204	0.00204	G
221	0.00265	0.00266	G
222	0.00237	0.00238	C
223	0.00955	0.00959	C
224	0.00434	0.00525	T
225	0.02464	0.02798	A
226	0.00338	0.00345	G
227	0.01261	0.01262	C
228	0.00598	0.00598	C
229	0.00661	0.00663	C
230	0.00377	0.00413	T
231	0.01105	0.01124	A
232	0.00783	0.00793	C
233	0.0021	0.00214	T
234	0.00949	0.00997	A
235	0.00156	0.00161	G
236	0.00417	0.00446	T
237	0.02977	0.02984	C
238	0.00657	0.00711	T
239	0.02324	0.02354	C
240	0.01812	0.01868	A
241	0.01574	0.01592	A
242	0.00767	0.00797	T
243	0.03457	0.03477	C
244	0.01042	0.01078	T
245	0.03457	0.03461	C
246	0.04442	0.04477	C
247	0.02211	0.02277	A
248	0.02854	0.02862	A
249	0.02334	0.02416	C
250	0.01292	0.01331	A
251	0.01936	0.01997	C
252	0.01478	0.01523	A
253	0.00399	0.00426	T
254	0.0118	0.01237	A
255	0.00369	0.00374	T
256	0.00162	0.00165	G
257	0.00138	0.00138	G
258	0.00747	0.00748	C
259	0.01329	0.01332	C
260	0.00277	0.00288	T
261	0.00952	0.0101	A
262	0.00294	0.00299	G
263	0.01122	0.01131	A
264	0.02059	0.0207	C
265	0.00581	0.00587	T
266	0.01564	0.01584	A
267	0.03455	0.03469	C
268	0.00496	0.00513	G
269	0.00741	0.00783	T
270	0.01731	0.01759	A
271	0.04102	0.04134	C
272	0.02755	0.03	A
273	0.01096	0.01555	T
274	0.02646	0.02647	A
275	0.02444	0.02623	A
276	0.04992	0.05043	C
277	0.03115	0.03162	C
278	0.01867	0.02201	T
279	0.01011	0.01082	A
280	0.02856	0.02884	A
281	0.03061	0.03081	A
282	0.0666	0.06693	C
283	0.03232	0.03296	C
284	0.02756	0.02889	T
285	0.02847	0.03526	A
286	0.03735	0.03827	C
287	0.01825	0.01892	T
288	0.0492	0.04921	C
289	0.02708	0.02727	C
290	0.01468	0.01546	A
291	0.01839	0.01849	A
292	0.00959	0.0099	T
293	0.0035	0.0037	G
294	0.02982	0.03031	C
295	0.01154	0.01202	T
296	0.01619	0.01638	A
297	0.0138	0.01386	A
298	0.01934	0.01948	A
299	0.02229	0.02235	A
300	0.03045	0.03661	C
301	0.01014	0.01054	T
302	0.01289	0.01302	A
303	0.01964	0.01976	A
304	0.01124	0.01276	T
305	0.05426	0.05503	C
306	0.00901	0.01008	G
307	0.02025	0.0211	T
308	0.04153	0.04162	C
309	0.04398	0.04408	C
310	0.03085	0.03105	C
311	0.01208	0.01227	A
312	0.01506	0.01512	A
313	0.03315	0.03358	C
314	0.01109	0.01112	A
315	0.01641	0.01659	A
316	0.00823	0.0083	T
317	0.00853	0.00859	T
318	0.01145	0.02038	A
319	0.00715	0.00725	T
320	0.02179	0.02337	A
321	0.01597	0.01598	T
322	0.01496	0.01537	T
323	0.03013	0.04423	A
324	0.0353	0.03699	C
325	0.0172	0.01798	T
326	0.03782	0.03937	A
327	0.06064	0.06098	C
328	0.04203	0.04238	C
329	0.01748	0.02202	A
330	0.02089	0.02114	C
331	0.00706	0.0074	T
332	0.00353	0.00399	G
333	0.02432	0.02469	A
334	0.03239	0.0329	C
335	0.0683	0.06923	A
336	0.01246	0.01293	T
337	0.00433	0.00489	G
338	0.03122	0.03149	A
339	0.06017	0.06147	C
340	0.00523	0.00533	T
341	0.01033	0.01057	T
342	0.00855	0.00859	T
343	0.02816	0.0282	C
344	0.05014	0.05039	C
345	0.00093	0.00102	A
346	0.00468	0.00472	A
347	0.01276	0.01278	A
348	0.00881	0.00884	A
349	0.01452	0.01454	A
350	0.00895	0.00897	A
351	0.04531	0.04908	C
352	0.01724	0.01763	A
353	0.04471	0.04569	C
354	0.02266	0.02314	A
355	0.01754	0.01896	T
356	0.01538	0.01538	A
357	0.0215	0.02335	A
358	0.0081	0.00815	T
359	0.01215	0.0124	T
360	0.01334	0.01337	T
361	0.00623	0.0076	G
362	0.02761	0.02774	A
363	0.02905	0.02908	A
364	0.01575	0.01663	T
365	0.03992	0.0407	C
366	0.02843	0.02856	A
367	0.02339	0.02362	A
368	0.0411	0.04232	C
369	0.02496	0.02651	A
370	0.05373	0.0639	C
371	0.0182	0.01821	A
372	0.02499	0.02626	A
373	0.04553	0.04611	C
374	0.02284	0.02329	C
375	0.01773	0.02372	A
376	0.03797	0.03799	C
377	0.04184	0.04188	C
378	0.03522	0.03567	C
379	0.01521	0.01909	A
380	0.03057	0.03218	C
381	0.0305	0.03734	A
382	0.0156	0.01573	G
383	0.03468	0.0347	C
384	0.01834	0.01839	C
385	0.00848	0.00881	T
386	0.01204	0.01216	A
387	0.01863	0.01869	A
388	0.00882	0.00885	T
389	0.00876	0.0088	T
390	0.01121	0.02354	A
391	0.01011	0.01012	T
392	0.01097	0.01109	T
393	0.02208	0.0273	A
394	0.00489	0.00545	G
395	0.03351	0.03459	C
396	0.02682	0.02723	A
397	0.01334	0.01421	T
398	0.03441	0.03591	C
399	0.02314	0.02599	A
400	0.01876	0.01989	T
401	0.03629	0.03676	C
402	0.03816	0.0384	C
403	0.02274	0.02295	C
404	0.00841	0.00922	T
405	0.02966	0.03036	C
406	0.00917	0.0094	T
407	0.02411	0.02519	A
408	0.02899	0.0314	C
409	0.01221	0.01263	T
410	0.00476	0.00571	A
411	0.00113	0.00116	T
412	0.0014	0.00141	T
413	0.00431	0.00431	T
414	0.00859	0.00859	T
415	0.00898	0.00898	T
416	0.01165	0.0117	T
417	0.01931	0.02038	A
418	0.02306	0.02323	A
419	0.04916	0.04942	C
420	0.02718	0.02729	C
421	0.01319	0.0133	A
422	0.02362	0.02382	A
423	0.02364	0.0239	A
424	0.01295	0.01455	T
425	0.04026	0.04084	C
426	0.02224	0.02236	A
427	0.02167	0.02176	A
428	0.04497	0.04642	C
429	0.02096	0.021	A
430	0.02316	0.02362	A
431	0.04347	0.04466	C
432	0.02319	0.0232	A
433	0.02456	0.02516	A
434	0.04421	0.04433	C
435	0.0251	0.02544	C
436	0.00751	0.0079	T
437	0.02203	0.02306	A
438	0.00715	0.00716	T
439	0.00919	0.00919	T
440	0.01759	0.01767	T
441	0.02663	0.03017	A
442	0.00485	0.00494	G
443	0.02673	0.02692	C
444	0.0106	0.01075	T
445	0.00574	0.00841	G
446	0.01505	0.01508	T
447	0.0108	0.01093	T
448	0.03302	0.03315	C
449	0.03741	0.03745	C
450	0.02897	0.029	C
451	0.03139	0.03163	C
452	0.01359	0.01437	A
453	0.02261	0.02276	A
454	0.04893	0.04898	C
455	0.02004	0.02013	C
456	0.00282	0.00288	T
457	0.00474	0.00475	T
458	0.01163	0.01166	T
459	0.00944	0.00945	T
460	0.02296	0.02318	C
461	0.03419	0.03428	C
462	0.01259	0.01407	T
463	0.03361	0.03364	C
464	0.04326	0.04348	C
465	0.00623	0.00877	G
466	0.05913	0.0602	A
467	0.02335	0.02344	C
468	0.02916	0.02926	C
469	0.02964	0.02976	C
470	0.02775	0.02776	C
471	0.01652	0.01654	C
472	0.00806	0.00851	T
473	0.02093	0.02118	A
474	0.0186	0.01888	A
475	0.03141	0.03238	C
476	0.02112	0.02121	A
477	0.02717	0.03048	A
478	0.03354	0.03381	C
479	0.02781	0.02815	C
480	0.03208	0.03219	C
481	0.02366	0.02368	C
482	0.01794	0.01795	C
483	0.01931	0.01933	C
484	0.00657	0.00736	T
485	0.02367	0.02367	C
486	0.01685	0.01697	C
487	0.00813	0.00849	T
488	0.01565	0.01593	A
489	0.01717	0.01727	A
490	0.01101	0.01147	T
491	0.02451	0.02469	A
492	0.04055	0.04142	C
493	0.01772	0.0183	T
494	0.02639	0.02656	A
495	0.02696	0.02743	A
496	0.03855	0.03978	C
497	0.01737	0.01776	T
498	0.03065	0.0318	A
499	0.04163	0.04177	C
500	0.02782	0.0284	C
501	0.01445	0.01563	T
502	0.00545	0.00695	G
503	0.0292	0.03108	A
504	0.02996	0.03033	C
505	0.01125	0.01168	T
506	0.03614	0.03624	C
507	0.0201	0.02071	C
508	0.02539	0.02827	T
509	0.02643	0.03081	A
510	0.04913	0.0492	C
511	0.04247	0.04303	C
512	0.02223	0.02237	C
513	0.02263	0.02281	C
514	0.01077	0.01192	T
515	0.02544	0.02565	C
516	0.01677	0.01775	A
517	0.04066	0.04206	C
518	0.01999	0.02024	A
519	0.02229	0.02268	A
520	0.01067	0.01226	T
521	0.02907	0.02946	C
522	0.03969	0.0485	A
523	0.00685	0.00702	T
524	0.00271	0.00279	G
525	0.00327	0.00331	G
526	0.00802	0.00909	C
527	0.02329	0.02346	A
528	0.03075	0.0309	A
529	0.00488	0.00549	G
530	0.0351	0.03514	C
531	0.03399	0.03416	C
532	0.0226	0.02282	A
533	0.02686	0.02698	A
534	0.04256	0.04368	C
535	0.00394	0.0041	G
536	0.00693	0.00693	C
537	0.00373	0.00375	C
538	0.01095	0.01635	A
539	0.05719	0.05744	C
540	0.01009	0.01036	T
541	0.01006	0.01015	T
542	0.00827	0.02124	A
543	0.01006	0.01023	T
544	0.03368	0.03379	C
545	0.02941	0.02948	C
546	0.022	0.02636	A
547	0.00394	0.00403	G
548	0.00578	0.00623	T
549	0.00494	0.00584	G
550	0.01624	0.01694	A
551	0.02856	0.02867	A
552	0.06491	0.06504	C
553	0.02783	0.02793	C
554	0.0154	0.02542	A
555	0.03288	0.03328	C
556	0.00989	0.01032	T
557	0.02474	0.02539	A
558	0.01182	0.01246	T
559	0.02374	0.02459	C
560	0.01544	0.01572	A
561	0.03869	0.03984	C
562	0.0115	0.01235	G
563	0.00074	0.00083	A
564	0.00041	0.00047	A
565	0.00405	0.00408	A
566	0.01233	0.01235	A
567	0.00742	0.00743	A
568	0.00817	0.00818	A
569	0.01073	0.01074	A
570	0.03666	0.0397	C
571	0.00958	0.00988	T
572	0.02952	0.03032	C
573	0.01314	0.01418	T
574	0.02897	0.03096	A
575	0.12102	0.12191	C
576	0.02002	0.0209	C
577	0.01011	0.01142	T
578	0.02065	0.02141	C
579	0.00776	0.00786	T
580	0.02935	0.02982	C
581	0.00575	0.00589	T
582	0.02226	0.02394	A
583	0.01134	0.01177	T
584	0.02493	0.02566	A
585	0.03799	0.03944	C
586	0.0135	0.01393	T
587	0.02439	0.02458	A
588	0.02424	0.02532	A
589	0.02357	0.02542	T
590	0.04341	0.04486	C
591	0.02434	0.02526	T
592	0.04237	0.04267	C
593	0.03455	0.03459	C
594	0.02384	0.02427	C
595	0.01055	0.01127	T
596	0.02244	0.02298	A
597	0.03917	0.03959	C
598	0.01379	0.01393	A
599	0.01997	0.02007	A
600	0.02037	0.02071	A
601	0.0145	0.01547	T
602	0.03241	0.03285	C
603	0.01111	0.01133	T
604	0.03038	0.0304	C
605	0.03837	0.03898	C
606	0.00966	0.00971	T
607	0.01446	0.01464	T
608	0.00856	0.00915	A
609	0.01623	0.01632	A
610	0.00946	0.0095	T
611	0.01019	0.01024	T
612	0.01313	0.02226	A
613	0.01645	0.01721	T
614	0.02571	0.02573	A
615	0.02065	0.02119	A
616	0.04196	0.04276	C
617	0.0258	0.02596	A
618	0.01165	0.01178	T
619	0.01695	0.0179	T
620	0.03233	0.03336	C
621	0.0223	0.02499	A
622	0.02351	0.0256	C
623	0.02808	0.02985	A
624	0.02456	0.02519	G
625	0.06173	0.06181	C
626	0.03791	0.03814	C
627	0.02152	0.02944	A
628	0.01768	0.01809	C
629	0.0264	0.02744	A
630	0.00516	0.00575	G
631	0.01893	0.01895	A
632	0.02044	0.02062	A
633	0.03635	0.03689	C
634	0.00921	0.00956	T
635	0.0114	0.01146	A
636	0.01792	0.01807	A
637	0.00956	0.01013	T
638	0.03326	0.03394	C
639	0.01852	0.01958	A
640	0.0106	0.01077	T
641	0.01059	0.01109	A
642	0.00545	0.00546	T
643	0.00817	0.00822	T
644	0.00907	0.00908	T
645	0.00967	0.00969	T
646	0.01483	0.02079	A
647	0.01355	0.01381	T
648	0.02089	0.02165	A
649	0.01042	0.0108	T
650	0.02933	0.02982	C
651	0.00986	0.00986	T
652	0.00889	0.009	T
653	0.02189	0.02797	C
654	0.01451	0.01452	T
655	0.03085	0.03095	T
656	0.05314	0.05642	C
657	0.01006	0.01109	G
658	0.02096	0.02142	A
659	0.03103	0.03115	A
660	0.04458	0.04465	A
661	0.06382	0.06406	C
662	0.04484	0.04508	C
663	0.01541	0.02983	A
664	0.04202	0.04262	C
665	0.01129	0.01224	A
666	0.04524	0.04577	C
667	0.01	0.01015	T
668	0.01039	0.01048	T
669	0.01219	0.0219	A
670	0.01758	0.018	T
671	0.0311	0.0317	C
672	0.02928	0.02938	C
673	0.03005	0.03006	C
674	0.02881	0.02885	C
675	0.01591	0.01855	A
676	0.0342	0.03421	C
677	0.01983	0.01989	C
678	0.00565	0.00578	T
679	0.00417	0.00417	T
680	0.00114	0.00114	G
681	0.0019	0.00191	G
682	0.00397	0.00415	C
683	0.00174	0.00177	T
684	0.02633	0.02647	A
685	0.00217	0.00238	T
686	0.00525	0.00533	C
687	0.00588	0.00621	A
688	0.00283	0.00417	T
689	0.00639	0.00663	C
690	0.02557	0.02597	A
691	0.03882	0.03884	C
692	0.03141	0.03142	C
693	0.03602	0.03604	C
694	0.00187	0.00202	G
695	0.00529	0.00548	A
696	0.00223	0.00227	T
697	0.00176	0.00202	G
698	0.00901	0.00927	A
699	0.00265	0.00265	G
700	0.00369	0.0037	G
701	0.02482	0.02505	C
702	0.02458	0.02467	A
703	0.02385	0.02394	A
704	0.04081	0.04088	C
705	0.02802	0.02804	C
706	0.01055	0.01365	A
707	0.00275	0.0028	G
708	0.00965	0.00966	C
709	0.00796	0.00798	C
710	0.01313	0.01858	A
711	0.00407	0.00468	G
712	0.02981	0.02993	A
713	0.0252	0.02583	A
714	0.03107	0.03206	C
715	0.00475	0.00483	G
716	0.0009	0.00091	C
717	0.00057	0.00059	C
718	0.00077	0.00084	T
719	0.00341	0.00373	G
720	0.03666	0.03682	A
721	0.0255	0.02556	A
722	0.04616	0.04676	C
723	0.00592	0.00611	G
724	0.00498	0.00547	C
725	0.0025	0.00269	A
726	0.00141	0.00141	G
727	0.00411	0.00414	G
728	0.00179	0.00183	C
729	0.01855	0.01931	A
730	0.04109	0.04139	C
731	0.0173	0.01812	A
732	0.01198	0.01215	T
733	0.02145	0.02174	A
734	0.03951	0.04019	C
735	0.00927	0.00934	T
736	0.00815	0.00816	T
737	0.04315	0.04317	C
738	0.02098	0.02116	C
739	0.00833	0.00878	T
740	0.03027	0.03304	A
741	0.01026	0.01027	T
742	0.01057	0.01065	T
743	0.02598	0.02911	C
744	0.01142	0.01205	T
745	0.03094	0.03465	A
746	0.04195	0.04331	C
747	0.02976	0.03181	A
748	0.04786	0.0479	C
749	0.03433	0.03436	C
750	0.0213	0.02138	C
751	0.0074	0.00759	T
752	0.01116	0.01175	A
753	0.00179	0.00184	G
754	0.00149	0.00169	T
755	0.00574	0.00627	A
756	0.00451	0.00454	G
757	0.00642	0.0065	G
758	0.03875	0.03987	C
759	0.02999	0.03059	T
760	0.03296	0.03299	C
761	0.04263	0.04265	C
762	0.02201	0.02253	C
763	0.00776	0.00787	T
764	0.00972	0.00985	T
765	0.03018	0.0302	C
766	0.0481	0.04829	C
767	0.00764	0.00765	C
768	0.00354	0.00355	C
769	0.00163	0.00175	T
770	0.00483	0.0051	A
771	0.00565	0.00572	C
772	0.00402	0.00482	T
773	0.04414	0.04493	C
774	0.02201	0.02431	A
775	0.01402	0.01489	T
776	0.04087	0.04137	C
777	0.01092	0.01143	G
778	0.037	0.03743	C
779	0.02254	0.02274	A
780	0.04924	0.04966	C
781	0.01519	0.01584	T
782	0.01859	0.01868	A
783	0.0179	0.01803	A
784	0.01027	0.01034	T
785	0.01236	0.01242	T
786	0.01437	0.0144	T
787	0.02396	0.02667	A
788	0.04343	0.04399	C
789	0.02905	0.02947	A
790	0.04877	0.04937	C
791	0.03289	0.03409	T
792	0.03273	0.03305	C
793	0.02532	0.02651	A
794	0.04375	0.04521	C
795	0.02154	0.02195	A
796	0.02606	0.02678	A
797	0.03726	0.03938	C
798	0.02412	0.02501	A
799	0.03995	0.04001	C
800	0.03234	0.03239	C
801	0.01531	0.01539	C
802	0.007	0.00728	T
803	0.02719	0.02799	A
804	0.00186	0.00188	G
805	0.00337	0.0034	G
806	0.00996	0.01024	C
807	0.00445	0.005	T
808	0.00802	0.00813	C
809	0.0136	0.01386	A
810	0.03899	0.0393	C
811	0.00676	0.00709	T
812	0.01793	0.01804	A
813	0.01805	0.01817	A
814	0.01713	0.01721	A
815	0.03187	0.03373	C
816	0.03141	0.03179	A
817	0.00742	0.00753	T
818	0.00666	0.00669	T
819	0.02308	0.02565	C
820	0.00927	0.00944	T
821	0.03219	0.03337	A
822	0.03779	0.03858	C
823	0.0121	0.0126	T
824	0.02318	0.02499	A
825	0.03549	0.03632	C
826	0.02247	0.02355	T
827	0.03029	0.03139	C
828	0.02049	0.02106	A
829	0.02801	0.0285	C
830	0.01378	0.01424	T
831	0.06379	0.06473	C
832	0.03001	0.03061	T
833	0.03165	0.03215	C
834	0.02244	0.02323	A
835	0.02392	0.02445	C
836	0.05352	0.05467	T
837	0.01327	0.01384	G
838	0.04145	0.04145	C
839	0.03688	0.0369	C
840	0.03331	0.03336	C
841	0.01861	0.01877	A
842	0.02571	0.02581	A
843	0.00514	0.00741	G
844	0.02665	0.0267	A
845	0.02443	0.02467	A
846	0.04074	0.04147	C
847	0.0085	0.00878	T
848	0.02739	0.02779	A
849	0.01078	0.01169	T
850	0.03364	0.03403	C
851	0.02535	0.02546	A
852	0.02222	0.02251	A
853	0.02638	0.02642	A
854	0.03212	0.03407	C
855	0.00631	0.00642	T
856	0.02743	0.02744	C
857	0.02542	0.02559	C
858	0.00732	0.008	T
859	0.00194	0.00263	G
860	0.00954	0.0098	A
861	0.00418	0.00429	G
862	0.01056	0.01062	C
863	0.00908	0.00915	C
864	0.02263	0.02282	A
865	0.02045	0.02049	A
866	0.04167	0.04244	C
867	0.0158	0.01582	A
868	0.01414	0.01427	A
869	0.03063	0.03133	C
870	0.00809	0.00829	T
871	0.01018	0.01022	T
872	0.0193	0.01944	A
873	0.0232	0.02335	A
874	0.00785	0.00793	T
875	0.02978	0.03045	A
876	0.01115	0.01126	T
877	0.00353	0.00375	G
878	0.02304	0.02318	A
879	0.0427	0.043	C
880	0.00811	0.00818	T
881	0.01685	0.01741	A
882	0.00341	0.0035	G
883	0.0145	0.01474	C
884	0.00453	0.0046	T
885	0.00514	0.0052	T
886	0.01421	0.02306	A
887	0.03766	0.038	C
888	0.02435	0.02462	A
889	0.0477	0.0483	C
890	0.02349	0.02351	A
891	0.01859	0.01901	A
892	0.00763	0.0084	T
893	0.0164	0.0167	A
894	0.00231	0.00244	G
895	0.01529	0.01552	C
896	0.00188	0.0019	T
897	0.00565	0.00566	T
898	0.00678	0.00679	T
899	0.00697	0.00699	T
900	0.01508	0.02215	A
901	0.00917	0.00921	T
902	0.02722	0.0276	A
903	0.00302	0.00306	G
904	0.00119	0.00133	T
905	0.00376	0.00378	A
906	0.00497	0.00498	A
907	0.00475	0.0048	A
908	0.00208	0.0022	G
909	0.05086	0.05281	A
910	0.01803	0.01833	T
911	0.02011	0.02032	A
912	0.0147	0.0148	C
913	0.00681	0.00684	C
914	0.00148	0.00166	T
915	0.0022	0.00223	C
916	0.00106	0.00106	T
917	0.0014	0.0014	T
918	0.00174	0.00175	T
919	0.00347	0.00403	A
920	0.00636	0.00644	C
921	0.00359	0.00361	G
922	0.00411	0.00418	G
923	0.02684	0.03114	A
924	0.02958	0.02984	C
925	0.01052	0.01094	T
926	0.03646	0.03661	C
927	0.02226	0.02242	C
928	0.01732	0.02509	A
929	0.07196	0.07274	C
930	0.01032	0.01051	T
931	0.01024	0.0103	T
932	0.01677	0.0253	A
933	0.01216	0.01226	T
934	0.00439	0.00485	G
935	0.0304	0.03108	A
936	0.02967	0.03029	C
937	0.01316	0.01397	T
938	0.03635	0.03646	C
939	0.03454	0.03455	C
940	0.0264	0.02655	C
941	0.006	0.0065	T
942	0.00863	0.00886	A
943	0.01322	0.0133	A
944	0.03281	0.03291	A
945	0.00469	0.00496	G
946	0.00681	0.00682	C
947	0.00403	0.00403	C
948	0.00442	0.00443	C
949	0.00508	0.00714	A
950	0.00622	0.00626	T
951	0.00286	0.00292	G
952	0.00962	0.00976	T
953	0.00651	0.00656	C
954	0.00448	0.00502	G
955	0.01459	0.01482	A
956	0.0402	0.0406	A
957	0.02922	0.0297	G
958	0.03339	0.03349	C
959	0.01171	0.01173	C
960	0.02507	0.02508	C
961	0.02349	0.0235	C
962	0.01498	0.01499	C
963	0.02003	0.02317	A
964	0.00259	0.00264	T
965	0.00761	0.00763	C
966	0.00344	0.00346	G
967	0.00596	0.00611	C
968	0.00149	0.00151	T
969	0.00104	0.00105	G
970	0.00133	0.00133	G
971	0.0026	0.00261	G
972	0.00127	0.00148	T
973	0.0089	0.00892	C
974	0.00902	0.00904	A
975	0.0081	0.0081	A
976	0.00594	0.00597	T
977	0.00858	0.00881	A
978	0.00344	0.00347	G
979	0.00113	0.00113	T
980	0.00304	0.00315	A
981	0.00324	0.00327	C
982	0.00211	0.00211	T
983	0.00859	0.0086	T
984	0.00342	0.00389	G
985	0.01776	0.01777	C
986	0.01758	0.0176	C
987	0.00461	0.00576	G
988	0.02643	0.02653	C
989	0.01746	0.01782	A
990	0.00423	0.00426	G
991	0.00143	0.00153	T
992	0.00467	0.0048	A
993	0.00547	0.00551	C
994	0.0018	0.00185	T
995	0.02321	0.02333	C
996	0.0031	0.0031	T
997	0.00487	0.00489	T
998	0.97627	0.97629	A
999	0.0212	0.02121	A
1000	0.01844	0.01846	A
1001	0.02193	0.02194	A
1002	0.02713	0.02821	C
1003	0.0069	0.00718	T
1004	0.01988	0.02144	A
1005	0.00205	0.00214	G
1006	0.00232	0.00235	G
1007	0.1137	0.11518	C
1008	0.00222	0.00222	G
1009	0.00383	0.00384	G
1010	0.00412	0.00423	C
1011	0.00306	0.00318	T
1012	0.00921	0.00935	A
1013	0.00332	0.00333	T
1014	0.00223	0.00223	G
1015	0.00218	0.00219	G
1016	0.00356	0.00362	T
1017	0.01517	0.01532	A
1018	0.00642	0.00653	T
1019	0.02247	0.02249	A
1020	0.01644	0.01807	A
1021	0.00797	0.00838	T
1022	0.02651	0.02854	A
1023	0.04572	0.04739	C
1024	0.00542	0.0057	G
1025	0.0225	0.0225	C
1026	0.00992	0.01001	C
1027	0.00775	0.01048	T
1028	0.02436	0.02468	C
1029	0.01823	0.02031	A
1030	0.04304	0.04396	C
1031	0.02016	0.02062	A
1032	0.03639	0.03703	C
1033	0.01073	0.01106	T
1034	0.02863	0.02908	C
1035	0.02647	0.02853	A
1036	0.01097	0.01101	T
1037	0.011	0.01114	T
1038	0.03169	0.03401	C
1039	0.01145	0.01212	T
1040	0.03032	0.03197	C
1041	0.02776	0.02824	A
1042	0.03441	0.03556	A
1043	0.04909	0.0492	C
1044	0.03394	0.03422	C
1045	0.02694	0.027	C
1046	0.01795	0.01796	C
1047	0.01491	0.01493	C
1048	0.00928	0.01001	T
1049	0.00399	0.00424	G
1050	0.01945	0.01961	A
1051	0.03866	0.03965	C
1052	0.02198	0.02213	A
1053	0.01332	0.01335	A
1054	0.02021	0.02022	A
1055	0.01397	0.014	A
1056	0.02979	0.03425	C
1057	0.01653	0.01703	A
1058	0.02115	0.02158	C
1059	0.01443	0.01641	A
1060	0.01223	0.01427	T
1061	0.03132	0.0323	A
1062	0.00719	0.00742	G
1063	0.01838	0.01842	C
1064	0.01139	0.01149	C
1065	0.01848	0.02143	T
1066	0.02752	0.02956	A
1067	0.03377	0.03396	C
1068	0.03746	0.03782	C
1069	0.02178	0.02186	C
1070	0.02403	0.02416	C
1071	0.00878	0.00887	T
1072	0.00832	0.00834	T
1073	0.02698	0.02699	C
1074	0.02682	0.02685	C
1075	0.00487	0.00488	T
1076	0.00865	0.00868	T
1077	0.00351	0.00445	G
1078	0.01706	0.0174	T
1079	0.07909	0.08041	A
1080	0.01774	0.01802	C
1081	0.00585	0.00616	T
1082	0.01644	0.02024	A
1083	0.01104	0.01149	T
1084	0.02877	0.02891	C
1085	0.01772	0.01774	C
1086	0.01651	0.01654	C
1087	0.00699	0.00734	T
1088	0.02559	0.02607	A
1089	0.00728	0.00735	T
1090	0.01165	0.01228	G
1091	0.0092	0.00952	A
1092	0.00167	0.00167	G
1093	0.00287	0.00291	G
1094	0.01342	0.01357	C
1095	0.01859	0.01885	A
1096	0.0087	0.00897	T
1097	0.00985	0.00986	A
1098	0.01782	0.01883	A
1099	0.00843	0.00852	T
1100	0.01004	0.01012	T
1101	0.01302	0.0236	A
1102	0.01539	0.01594	T
1103	0.02321	0.02322	A
1104	0.02212	0.02261	A
1105	0.04098	0.04148	C
1106	0.02252	0.02252	A
1107	0.02693	0.02741	A
1108	0.00476	0.00545	G
1109	0.03003	0.03048	C
1110	0.01088	0.0111	T
1111	0.03368	0.0337	C
1112	0.02234	0.02251	C
1113	0.02081	0.02592	A
1114	0.00873	0.00923	T
1115	0.02107	0.0213	C
1116	0.00762	0.00779	T
1117	0.00344	0.00399	G
1118	0.02467	0.0247	C
1119	0.00771	0.0078	C
1120	0.00546	0.00576	T
1121	0.01867	0.01948	A
1122	0.02495	0.02512	C
1123	0.00513	0.00549	G
1124	0.02091	0.02127	A
1125	0.0395	0.04068	C
1126	0.02676	0.02692	A
1127	0.02596	0.02598	A
1128	0.0262	0.02633	A
1129	0.0405	0.04302	C
1130	0.03289	0.03535	A
1131	0.00598	0.00635	G
1132	0.02352	0.02364	A
1133	0.04436	0.04442	C
1134	0.02638	0.02652	C
1135	0.01394	0.01447	T
1136	0.01556	0.01571	A
1137	0.01059	0.01062	A
1138	0.02188	0.02193	A
1139	0.02796	0.02802	A
1140	0.00981	0.01139	T
1141	0.03234	0.03263	C
1142	0.00749	0.00761	G
1143	0.02061	0.02078	C
1144	0.00572	0.00615	T
1145	0.03318	0.0334	C
1146	0.01733	0.01861	A
1147	0.00676	0.00678	T
1148	0.00709	0.00715	T
1149	0.0026	0.00361	G
1150	0.0378	0.03889	C
1151	0.02345	0.02477	A
1152	0.01509	0.01549	T
1153	0.03836	0.03966	A
1154	0.03441	0.03528	C
1155	0.00944	0.00984	T
1156	0.03273	0.03316	C
1157	0.01344	0.01346	T
1158	0.00684	0.00689	T
1159	0.01931	0.01975	C
1160	0.0149	0.01522	A
1161	0.01764	0.01782	A
1162	0.00819	0.01201	T
1163	0.03239	0.033	C
1164	0.02479	0.02567	A
1165	0.00629	0.00659	G
1166	0.03611	0.0362	C
1167	0.02907	0.02932	C
1168	0.01862	0.02323	A
1169	0.03454	0.03529	C
1170	0.02213	0.02485	A
1171	0.0093	0.01039	T
1172	0.02864	0.02968	A
1173	0.00543	0.00581	G
1174	0.02771	0.02776	C
1175	0.01832	0.01834	C
1176	0.02232	0.02234	C
1177	0.00335	0.00378	T
1178	0.0223	0.02233	C
1179	0.00285	0.00296	G
1180	0.00289	0.00298	T
1181	0.00983	0.00996	A
1182	0.00455	0.00472	G
1183	0.01953	0.02152	T
1184	0.02435	0.02439	A
1185	0.02625	0.02661	A
1186	0.02252	0.02296	C
1187	0.01983	0.02011	A
1188	0.00491	0.00509	G
1189	0.04009	0.04012	C
1190	0.02273	0.02281	C
1191	0.02244	0.02387	A
1192	0.01101	0.01117	T
1193	0.00959	0.00965	T
1194	0.02754	0.02976	C
1195	0.01073	0.01172	T
1196	0.02743	0.02851	C
1197	0.01974	0.0225	A
1198	0.01912	0.02001	T
1199	0.03842	0.03862	C
1200	0.02603	0.02626	C
1201	0.01254	0.01267	A
1202	0.02948	0.03012	A
1203	0.0337	0.03423	A
1204	0.03511	0.03544	C
1205	0.02993	0.03011	C
1206	0.03004	0.03017	C
1207	0.02662	0.02662	C
1208	0.01882	0.01883	C
1209	0.00573	0.00634	T
1210	0.0025	0.00336	G
1211	0.02216	0.02234	A
1212	0.02809	0.02813	A
1213	0.00421	0.00448	G
1214	0.02111	0.02135	C
1215	0.00449	0.0045	T
1216	0.00661	0.00668	T
1217	0.02033	0.02156	C
1218	0.02083	0.02148	A
1219	0.04318	0.04318	C
1220	0.0459	0.04598	C
1221	0.00392	0.00395	G
1222	0.00407	0.00409	G
1223	0.0098	0.00989	C
1224	0.00633	0.00672	G
1225	0.0482	0.0491	C
1226	0.02119	0.02163	A
1227	0.00376	0.00381	G
1228	0.00962	0.00991	T
1229	0.02839	0.02869	C
1230	0.02183	0.0221	A
1231	0.01155	0.0116	T
1232	0.01583	0.01595	T
1233	0.05473	0.05937	C
1234	0.01578	0.01693	T
1235	0.03105	0.03168	C
1236	0.01891	0.02001	A
1237	0.01381	0.01426	T
1238	0.01963	0.01972	A
1239	0.02239	0.02388	A
1240	0.02265	0.0233	T
1241	0.02438	0.02541	C
1242	0.00991	0.01007	G
1243	0.01812	0.01813	C
1244	0.01344	0.01344	C
1245	0.02776	0.02782	C
1246	0.02383	0.02792	A
1247	0.03821	0.03873	C
1248	0.00484	0.00509	G
1249	0.00153	0.00153	G
1250	0.91968	0.91969	G
1251	0.02018	0.02021	C
1252	0.00545	0.00551	T
1253	0.00829	0.00982	T
1254	0.01427	0.02113	A
1255	0.03382	0.03541	C
1256	0.03221	0.03261	A
1257	0.00899	0.00921	T
1258	0.02133	0.02138	C
1259	0.01885	0.01895	C
1260	0.00923	0.01143	T
1261	0.0258	0.02608	C
1262	0.01989	0.02175	A
1263	0.01443	0.01446	T
1264	0.01164	0.01183	T
1265	0.0217	0.04049	A
1266	0.03224	0.0328	C
1267	0.01004	0.0103	T
1268	0.02865	0.03092	A
1269	0.0095	0.0095	T
1270	0.00979	0.00984	T
1271	0.02595	0.02942	C
1272	0.01879	0.01911	T
1273	0.00777	0.0081	G
1274	0.03176	0.0318	C
1275	0.01942	0.01966	C
1276	0.01098	0.01242	T
1277	0.02909	0.02977	A
1278	0.00848	0.00901	G
1279	0.03058	0.03238	C
1280	0.01921	0.01935	A
1281	0.02179	0.02191	A
1282	0.02297	0.02305	A
1283	0.03725	0.03885	C
1284	0.01164	0.01317	T
1285	0.03185	0.03264	C
1286	0.0215	0.02192	A
1287	0.02113	0.02124	A
1288	0.02292	0.02297	A
1289	0.03133	0.033	C
1290	0.00852	0.00868	T
1291	0.02259	0.02301	A
1292	0.04281	0.04311	C
1293	0.00661	0.00713	G
1294	0.02012	0.02028	A
1295	0.02829	0.02876	A
1296	0.04561	0.04616	C
1297	0.01049	0.01096	G
1298	0.0234	0.02412	C
1299	0.01986	0.02023	A
1300	0.03065	0.0309	C
1301	0.01224	0.01324	T
1302	0.03295	0.03322	C
1303	0.01807	0.01868	A
1304	0.03881	0.03924	C
1305	0.02168	0.02275	A
1306	0.005	0.00529	G
1307	0.01317	0.01417	T
1308	0.03774	0.03787	C
1309	0.00535	0.0058	G
1310	0.02348	0.02534	C
1311	0.02062	0.02105	A
1312	0.00971	0.01123	T
1313	0.02825	0.02856	C
1314	0.024	0.02469	A
1315	0.01061	0.01102	T
1316	0.01929	0.01933	A
1317	0.02382	0.02779	A
1318	0.00767	0.00797	T
1319	0.05058	0.05145	C
1320	0.01513	0.01535	C
1321	0.0063	0.00711	T
1322	0.03078	0.03109	C
1323	0.00777	0.00836	T
1324	0.03046	0.03081	C
1325	0.00827	0.00918	T
1326	0.03463	0.03515	C
1327	0.02254	0.0233	A
1328	0.02066	0.0207	A
1329	0.00279	0.00282	G
1330	0.00243	0.00247	G
1331	0.01714	0.02201	A
1332	0.03299	0.03342	C
1333	0.00697	0.00703	T
1334	0.01024	0.01028	T
1335	0.02837	0.0296	C
1336	0.02102	0.02134	A
1337	0.02167	0.02172	A
1338	0.04401	0.04412	A
1339	0.02731	0.02862	C
1340	0.00765	0.00809	T
1341	0.02879	0.02918	C
1342	0.01068	0.01099	T
1343	0.02208	0.02591	A
1344	0.02526	0.02632	C
1345	0.02292	0.02393	T
1346	0.05344	0.05346	C
1347	0.03919	0.03924	C
1348	0.03017	0.03069	C
1349	0.01496	0.01951	A
1350	0.02381	0.02411	C
1351	0.00638	0.00653	T
1352	0.02208	0.0222	A
1353	0.02202	0.02253	A
1354	0.0127	0.01339	T
1355	0.02469	0.02515	A
1356	0.00895	0.00938	G
1357	0.0268	0.02712	C
1358	0.00326	0.00328	T
1359	0.00349	0.0035	T
1360	0.00652	0.00653	T
1361	0.00739	0.00739	T
1362	0.00718	0.00718	T
1363	0.00294	0.00365	G
1364	0.02479	0.0254	A
1365	0.01004	0.01022	T
1366	0.0036	0.00374	G
1367	0.02524	0.0256	A
1368	0.02833	0.02869	C
1369	0.00765	0.00767	T
1370	0.00843	0.00847	T
1371	0.02282	0.02494	C
1372	0.00788	0.00886	T
1373	0.01881	0.01947	A
1374	0.00364	0.00382	G
1375	0.01945	0.02181	C
1376	0.01978	0.01985	A
1377	0.02443	0.02527	A
1378	0.00507	0.00557	G
1379	0.03386	0.03391	C
1380	0.0166	0.01673	C
1381	0.00837	0.00908	T
1382	0.028	0.02812	C
1383	0.00467	0.00493	G
1384	0.02267	0.02348	C
1385	0.00852	0.00889	T
1386	0.01941	0.01968	A
1387	0.02262	0.02272	A
1388	0.0432	0.04326	C
1389	0.02304	0.02325	C
1390	0.01629	0.01903	T
1391	0.04131	0.04184	C
1392	0.00428	0.00582	G
1393	0.03553	0.03553	C
1394	0.02624	0.02631	C
1395	0.01818	0.01835	T
1396	0.02152	0.02233	T
1397	0.02889	0.03399	A
1398	0.02897	0.02907	C
1399	0.03127	0.03153	C
1400	0.0282	0.02834	C
1401	0.03424	0.0343	C
1402	0.03663	0.03666	C
1403	0.02341	0.02343	C
1404	0.01169	0.01582	A
1405	0.02915	0.02932	C
1406	0.00684	0.00697	T
1407	0.02025	0.02068	A
1408	0.01033	0.01036	T
1409	0.01299	0.01317	T
1410	0.0138	0.0139	A
1411	0.02406	0.02434	A
1412	0.04265	0.04274	C
1413	0.02457	0.02466	C
1414	0.00856	0.00912	T
1415	0.02145	0.02215	A
1416	0.02888	0.02903	C
1417	0.00713	0.00718	T
1418	0.00122	0.00122	G
1419	0.001	0.001	G
1420	0.00155	0.00156	G
1421	0.00433	0.00479	A
1422	0.00373	0.00383	G
1423	0.00916	0.00917	A
1424	0.00648	0.0066	A
1425	0.00871	0.00919	C
1426	0.00383	0.00408	T
1427	0.02913	0.02921	C
1428	0.00651	0.00658	T
1429	0.01773	0.01778	C
1430	0.00573	0.00584	T
1431	0.00414	0.00474	G
1432	0.01171	0.01192	T
1433	0.00469	0.00485	G
1434	0.02748	0.02794	C
1435	0.02921	0.02927	T
1436	0.0169	0.01722	A
1437	0.00323	0.00332	G
1438	0.00777	0.01001	T
1439	0.01629	0.01634	A
1440	0.0254	0.02557	A
1441	0.0337	0.03381	C
1442	0.02352	0.02353	C
1443	0.01787	0.02073	A
1444	0.03012	0.03026	C
1445	0.00356	0.00361	G
1446	0.00108	0.00109	T
1447	0.00097	0.00097	T
1448	0.006	0.00734	C
1449	0.00071	0.00071	T
1450	0.00107	0.00107	C
1451	0.00088	0.00088	C
1452	0.00144	0.00158	T
1453	0.00174	0.00231	G
1454	0.01943	0.01953	A
1455	0.00855	0.00873	T
1456	0.03349	0.03364	C
1457	0.0199	0.01994	A
1458	0.02404	0.02431	A
1459	0.02645	0.02654	A
1460	0.00815	0.00916	T
1461	0.03285	0.03345	A
1462	0.01776	0.01886	T
1463	0.04091	0.04152	C
1464	0.06252	0.06499	A
1465	0.0274	0.02828	C
1466	0.01117	0.01165	T
1467	0.03463	0.0349	C
1468	0.00613	0.00632	T
1469	0.03215	0.03215	C
1470	0.01212	0.01287	C
1471	0.00677	0.00721	T
1472	0.02107	0.02204	A
1473	0.03354	0.03415	C
1474	0.00844	0.00852	T
1475	0.01056	0.01096	T
1476	0.01868	0.03273	A
1477	0.0333	0.03359	C
1478	0.0211	0.02164	A
1479	0.00316	0.00329	G
1480	0.00323	0.00328	G
1481	0.01764	0.02273	A
1482	0.05092	0.05125	C
1483	0.01045	0.01168	T
1484	0.03263	0.03331	C
1485	0.02169	0.02225	A
1486	0.02247	0.02262	A
1487	0.03222	0.03254	C
1488	0.02761	0.02854	A
1489	0.01056	0.01098	T
1490	0.02066	0.0209	A
1491	0.02629	0.0267	C
1492	0.00801	0.00814	T
1493	0.01652	0.01728	A
1494	0.00261	0.00271	G
1495	0.00963	0.01017	T
1496	0.02299	0.02318	C
1497	0.01872	0.0204	A
1498	0.03313	0.03523	C
1499	0.01321	0.01636	A
1500	0.00502	0.00523	G
1501	0.02186	0.02187	C
1502	0.00858	0.00859	C
1503	0.0061	0.00614	C
1504	0.00236	0.00258	T
1505	0.01304	0.01361	A
1506	0.00526	0.00551	T
1507	0.02612	0.02708	A
1508	0.03181	0.03299	C
1509	0.00866	0.00934	T
1510	0.02849	0.02862	C
1511	0.02301	0.02303	C
1512	0.01652	0.01678	C
1513	0.00599	0.00665	T
1514	0.02956	0.03009	C
1515	0.00985	0.01011	T
1516	0.02356	0.0243	A
1517	0.0432	0.04342	C
1518	0.01835	0.01924	A
1519	0.01309	0.01331	T
1520	0.01071	0.01098	A
1521	0.00743	0.00745	T
1522	0.0122	0.01222	T
1523	0.01996	0.02011	T
1524	0.03364	0.03724	A
1525	0.054	0.0542	C
1526	0.03339	0.03351	C
1527	0.01852	0.02771	A
1528	0.02177	0.02267	C
1529	0.01882	0.01885	A
1530	0.01552	0.01576	A
1531	0.03214	0.03325	C
1532	0.02124	0.02154	A
1533	0.0341	0.03535	C
1534	0.02026	0.02027	A
1535	0.01459	0.01495	A
1536	0.00642	0.00659	T
1537	0.00184	0.00185	G
1538	0.00137	0.00137	G
1539	0.00216	0.00217	G
1540	0.00337	0.00339	G
1541	0.00999	0.01128	C
1542	0.00515	0.00585	T
1543	0.03491	0.03673	C
1544	0.01964	0.02014	A
1545	0.03926	0.03985	C
1546	0.02632	0.02883	T
1547	0.03581	0.03692	C
1548	0.01934	0.02061	A
1549	0.05165	0.05166	C
1550	0.04409	0.04411	C
1551	0.03032	0.03091	C
1552	0.01928	0.02415	A
1553	0.04701	0.04702	C
1554	0.03458	0.03526	C
1555	0.01367	0.01615	A
1556	0.03014	0.03065	C
1557	0.01785	0.01846	A
1558	0.01041	0.01059	T
1559	0.01337	0.01363	T
1560	0.01673	0.01679	A
1561	0.02222	0.02251	A
1562	0.04475	0.04554	C
1563	0.02167	0.02168	A
1564	0.02206	0.02241	A
1565	0.03731	0.03829	C
1566	0.02368	0.02427	A
1567	0.01352	0.01447	T
1568	0.01876	0.01877	A
1569	0.01494	0.01495	A
1570	0.02847	0.02847	A
1571	0.03009	0.03043	A
1572	0.03685	0.0376	C
1573	0.01947	0.01949	C
1574	0.02053	0.02058	C
1575	0.00694	0.0078	T
1576	0.02234	0.02263	C
1577	0.02107	0.02303	A
1578	0.01387	0.01395	T
1579	0.01433	0.0146	T
1580	0.03021	0.03127	C
1581	0.023	0.02487	A
1582	0.03612	0.03699	C
1583	0.02194	0.02251	A
1584	0.03652	0.03715	C
1585	0.00346	0.00364	G
1586	0.0168	0.01711	A
1587	0.0042	0.00452	G
1588	0.02188	0.02192	A
1589	0.01476	0.0148	A
1590	0.02215	0.02218	A
1591	0.02439	0.02449	A
1592	0.03876	0.0429	C
1593	0.02647	0.02687	A
1594	0.04711	0.04714	C
1595	0.02104	0.02105	C
1596	0.03028	0.03051	C
1597	0.00776	0.00878	T
1598	0.02178	0.02195	C
1599	0.01866	0.02008	A
1600	0.01083	0.01093	T
1601	0.0038	0.00422	G
1602	0.00938	0.0094	T
1603	0.00989	0.00993	T
1604	0.03062	0.03108	C
1605	0.03052	0.03161	A
1606	0.01295	0.01381	T
1607	0.02421	0.02555	A
1608	0.03727	0.03863	C
1609	0.02274	0.02295	A
1610	0.10064	0.10098	C
1611	0.01121	0.0114	C
1612	0.01258	0.01308	T
1613	0.03089	0.03808	A
1614	0.03893	0.04008	T
1615	0.03019	0.0304	C
1616	0.02556	0.02568	C
1617	0.0376	0.0377	C
1618	0.03526	0.03529	C
1619	0.02158	0.02158	C
1620	0.03599	0.0418	A
1621	0.01042	0.01084	T
1622	0.04696	0.05696	T
1623	0.02419	0.02723	C
1624	0.01747	0.01787	T
1625	0.03181	0.03181	C
1626	0.02643	0.02713	C
1627	0.0095	0.01083	T
1628	0.05218	0.05218	C
1629	0.01195	0.01255	C
1630	0.01538	0.01589	T
1631	0.01752	0.02077	A
1632	0.03199	0.0326	T
1633	0.0276	0.0277	C
1634	0.01406	0.01408	C
1635	0.01815	0.0182	C
1636	0.01035	0.01144	T
1637	0.0243	0.02576	C
1638	0.01745	0.0203	A
1639	0.02015	0.02055	A
1640	0.02903	0.02914	C
1641	0.00449	0.0045	C
1642	0.00381	0.00381	C
1643	0.00814	0.00814	C
1644	0.0029	0.0032	G
1645	0.01424	0.01446	A
1646	0.02236	0.02255	C
1647	0.01448	0.01465	A
1648	0.01143	0.01232	T
1649	0.02075	0.02104	C
1650	0.01675	0.01726	A
1651	0.01072	0.01072	T
1652	0.01064	0.01085	T
1653	0.01514	0.02052	A
1654	0.02587	0.02593	C
1655	0.01271	0.01273	C
1656	0.00164	0.00164	G
1657	0.00108	0.00108	G
1658	0.00199	0.00199	G
1659	0.00109	0.00111	T
1660	0.002	0.002	T
1661	0.00852	0.00852	T
1662	0.00719	0.00719	T
1663	0.03242	0.03242	C
1664	0.01632	0.01632	C
1665	0.00627	0.00666	T
1666	0.01553	0.01599	C
1667	0.0132	0.0132	T
1668	0.00034	0.00034	T
1669	0.0	0.0	A
1670	0.0	0.0	A
