Position	Mismatches	Mismatches + Deletions	Base
1	0.0	0.0	A
2	0.0	0.0	T
3	0.0	0.0	G
4	0.0	0.0	G
5	0.0	0.0	C
6	0.0	0.0	A
7	0.0	0.0	C
8	0.0	0.0	A
9	0.0	0.0	T
10	0.0	0.0	G
11	0.0	0.0	C
12	0.0	0.0	A
13	0.0	0.0	G
14	0.0	0.0	C
15	0.0	0.0	G
16	0.0	0.0	C
17	0.0	0.0	A
18	0.0	0.0	A
19	0.0	0.0	G
20	0.0	0.0	T
21	0.0	0.0	A
22	0.0	0.0	G
23	0.0	0.0	G
24	0.0	0.0	T
25	0.0	0.0	C
26	0.0	0.0	T
27	0.0	0.0	A
28	0.0	0.0	C
29	0.0	0.0	A
30	0.0	0.0	A
31	0.0	0.0	G
32	0.0	0.0	A
33	0.0	0.0	C
34	0.0	0.0	G
35	0.0	0.0	C
36	0.0	0.0	T
37	0.0	0.0	A
38	0.0	0.0	C
39	0.0	0.0	T
40	0.0	0.0	T
41	0.0	0.0	C
42	0.0	0.0	C
43	0.0	0.0	C
44	0.0	0.0	C
45	0.0	0.0	T
46	0.0	0.0	A
47	0.0	0.0	T
48	0.0	0.0	C
49	0.0	0.0	A
50	0.0	0.0	T
51	0.0	0.0	A
52	0.0	0.0	G
53	0.0	0.0	A
54	0.0	0.0	A
55	0.0	0.0	G
56	0.0	0.0	A
57	0.0	0.0	G
58	0.0	0.0	C
59	0.0	0.0	T
60	0.0	0.0	T
61	0.0	0.0	A
62	0.0	0.0	T
63	0.0	0.0	C
64	0.0	0.0	A
65	0.0	0.0	C
66	0.0	0.0	C
67	0.0	0.0	T
68	0.0	0.0	T
69	0.0	0.0	T
70	0.0	0.0	C
71	0.0	0.0	A
72	0.0	0.0	T
73	0.0	0.0	G
74	0.0	0.0	A
75	0.0	0.0	T
76	0.0	0.0	C
77	0.0	0.0	A
78	0.0	0.0	C
79	0.0	0.0	G
80	0.0	0.0	C
81	0.0	0.0	C
82	0.0	0.0	C
83	0.0	0.0	T
84	0.0	0.0	C
85	0.0	0.0	A
86	0.0	0.0	T
87	0.0	0.0	A
88	0.0	0.0	A
89	0.0	0.0	T
90	0.0	0.0	C
91	0.0	0.0	A
92	0.0	0.0	T
93	0.0	0.0	T
94	0.0	0.0	T
95	0.0	0.0	T
96	0.0	0.0	C
97	0.0	0.0	C
98	0.0	0.0	T
99	0.0	0.0	T
100	0.0	0.0	A
101	0.0	0.0	T
102	0.0	0.0	C
103	0.0	0.0	T
104	0.0	0.0	G
105	0.0	0.0	C
106	0.0	0.0	T
107	0.0	0.0	T
108	0.0	0.0	C
109	0.0	0.0	C
110	0.0	0.0	T
111	0.0	0.0	A
112	0.0	0.0	G
113	0.0	0.0	T
114	0.0	0.0	C
115	0.0	0.0	C
116	0.0	0.0	T
117	0.0	0.0	G
118	0.0	0.0	T
119	0.0	0.0	A
120	0.0	0.0	T
121	0.0	0.0	G
122	0.0	0.0	C
123	0.0	0.0	C
124	0.0	0.0	C
125	0.0	0.0	T
126	0.0	0.0	T
127	0.0	0.0	T
128	0.0	0.0	T
129	0.0	0.0	C
130	0.0	0.0	C
131	0.0	0.0	T
132	0.0	0.0	A
133	0.0	0.0	A
134	0.0	0.0	C
135	0.0	0.0	A
136	0.0	0.0	C
137	0.0	0.0	T
138	0.0	0.0	C
139	0.0	0.0	A
140	0.0	0.0	C
141	0.0	0.0	A
142	0.0	0.0	A
143	0.0	0.0	C
144	0.0	0.0	A
145	0.0	0.0	A
146	0.0	0.0	A
147	0.0	0.0	A
148	0.0	0.0	C
149	0.0	0.0	T
150	0.0	0.0	A
151	0.0	0.0	A
152	0.0	0.0	C
153	0.0	0.0	T
154	0.0	0.0	A
155	0.0	0.0	A
156	0.0	0.0	T
157	0.0	0.0	A
158	0.0	0.0	C
159	0.0	0.0	T
160	0.0	0.0	A
161	0.0	0.0	A
162	0.0	0.0	C
163	0.0	0.0	A
164	0.0	0.0	T
165	0.0	0.0	C
166	0.0	0.0	T
167	0.0	0.0	C
168	0.0	0.0	A
169	0.0	0.0	G
170	0.0	0.0	A
171	0.0	0.0	C
172	0.0	0.0	G
173	0.0	0.0	C
174	0.0	0.0	T
175	0.0	0.0	C
176	0.0	0.0	A
177	0.0	0.0	G
178	0.0	0.0	G
179	0.0	0.0	A
180	0.0	0.0	A
181	0.0	0.0	A
182	0.0	0.0	T
183	0.0	0.0	A
184	0.0	0.0	G
185	0.0	0.0	A
186	0.0	0.0	A
187	0.0	0.0	A
188	0.0	0.0	C
189	0.0	0.0	C
190	0.0	0.0	G
191	0.0	0.0	T
192	0.0	0.0	C
193	0.0	0.0	T
194	0.0	0.0	G
195	0.0	0.0	A
196	0.0	0.0	A
197	0.0	0.0	C
198	0.0	0.0	T
199	0.0	0.0	A
200	0.0	0.0	T
201	0.0	0.0	C
202	0.0	0.0	C
203	0.0	0.0	T
204	0.0	0.0	G
205	0.0	0.0	C
206	0.0	0.0	C
207	0.0	0.0	C
208	0.0	0.0	G
209	0.0	0.0	C
210	0.0	0.0	C
211	0.0	0.0	A
212	0.0	0.0	T
213	0.0	0.0	C
214	0.0	0.0	A
215	0.0	0.0	T
216	0.0	0.0	C
217	0.0	0.0	C
218	0.0	0.0	T
219	0.0	0.0	A
220	0.0	0.0	G
221	0.0	0.0	T
222	0.0	0.0	C
223	0.0	0.0	C
224	0.0	0.0	T
225	0.0	0.0	C
226	0.0	0.0	A
227	0.0	0.0	T
228	0.0	0.0	C
229	0.0	0.0	G
230	0.0	0.0	C
231	0.0	0.0	C
232	0.0	0.0	C
233	0.0	0.0	T
234	0.0	0.0	C
235	0.0	0.0	C
236	0.0	0.0	C
237	0.0	0.0	A
238	0.0	0.0	T
239	0.0	0.0	C
240	0.0	0.0	C
241	0.0	0.0	C
242	0.0	0.0	T
243	0.0	0.0	A
244	0.0	0.0	C
245	0.0	0.0	G
246	0.0	0.0	C
247	0.0	0.0	A
248	0.0	0.0	T
249	0.0	0.0	C
250	0.0	0.0	C
251	0.0	0.0	T
252	0.0	0.0	T
253	0.0	0.0	T
254	0.0	0.0	A
255	0.0	0.0	C
256	0.0	0.0	A
257	0.0	0.0	T
258	0.0	0.0	A
259	0.0	0.0	A
260	0.0	0.0	C
261	0.0	0.0	A
262	0.0	0.0	G
263	0.0	0.0	A
264	0.0	0.0	C
265	0.0	0.0	G
266	0.0	0.0	A
267	0.0	0.0	G
268	0.0	0.0	G
269	0.0	0.0	T
270	0.0	0.0	C
271	0.0	0.0	A
272	0.0	0.0	A
273	0.0	0.0	C
274	0.0	0.0	G
275	0.0	0.0	A
276	0.0	0.0	T
277	0.0	0.0	C
278	0.0	0.0	C
279	0.0	0.0	C
280	0.0	0.0	T
281	0.0	0.0	C
282	0.0	0.0	C
283	0.0	0.0	C
284	0.0	0.0	T
285	0.0	0.0	T
286	0.0	0.0	A
287	0.0	0.0	C
288	0.0	0.0	C
289	0.0	0.0	A
290	0.0	0.0	T
291	0.0	0.0	C
292	0.0	0.0	A
293	0.0	0.0	A
294	0.0	0.0	A
295	0.0	0.0	T
296	0.0	0.0	C
297	0.0	0.0	A
298	0.0	0.0	A
299	0.0	0.0	T
300	0.0	0.0	T
301	0.0	0.0	G
302	0.0	0.0	G
303	0.0	0.0	C
304	0.0	0.0	C
305	0.0	0.0	A
306	0.0	0.0	C
307	0.0	0.0	C
308	0.0	0.0	A
309	0.0	0.0	A
310	0.0	0.0	T
311	0.0	0.0	G
312	0.0	0.0	G
313	0.0	0.0	T
314	0.0	0.0	A
315	0.0	0.0	C
316	0.0	0.0	T
317	0.0	0.0	G
318	0.0	0.0	A
319	0.0	0.0	A
320	0.0	0.0	C
321	0.0	0.0	C
322	0.0	0.0	T
323	0.0	0.0	A
324	0.0	0.0	C
325	0.0	0.0	G
326	0.0	0.0	A
327	0.0	0.0	G
328	0.0	0.0	T
329	0.0	0.0	A
330	0.0	0.0	C
331	0.0	0.0	A
332	0.0	0.0	C
333	0.0	0.0	C
334	0.0	0.0	G
335	0.0	0.0	A
336	0.0	0.0	C
337	0.0	0.0	T
338	0.0	0.0	A
339	0.0	0.0	C
340	0.0	0.0	G
341	0.0	0.0	G
342	0.0	0.0	C
343	0.0	0.0	G
344	0.0	0.0	G
345	0.0	0.0	A
346	0.0	0.0	C
347	0.0	0.0	T
348	0.0	0.0	A
349	0.0	0.0	A
350	0.0	0.0	T
351	0.0	0.0	C
352	0.0	0.0	T
353	0.0	0.0	T
354	0.0	0.0	C
355	0.0	0.0	A
356	0.0	0.0	A
357	0.0	0.0	C
358	0.0	0.0	T
359	0.0	0.0	C
360	0.0	0.0	C
361	0.0	0.0	T
362	0.0	0.0	A
363	0.0	0.0	C
364	0.0	0.0	A
365	0.0	0.0	T
366	0.0	0.0	A
367	0.0	0.0	C
368	0.0	0.0	T
369	0.0	0.0	T
370	0.0	0.0	C
371	0.0	0.0	C
372	0.0	0.0	C
373	0.0	0.0	C
374	0.0	0.0	C
375	0.0	0.0	A
376	0.0	0.0	T
377	0.0	0.0	T
378	0.0	0.0	A
379	0.0	0.0	T
380	0.0	0.0	T
381	0.0	0.0	C
382	0.0	0.0	C
383	0.0	0.0	T
384	0.0	0.0	A
385	0.0	0.0	G
386	0.0	0.0	A
387	0.0	0.0	A
388	0.0	0.0	C
389	0.0	0.0	C
390	0.0	0.0	A
391	0.0	0.0	G
392	0.0	0.0	G
393	0.0	0.0	C
394	0.0	0.0	G
395	0.0	0.0	A
396	0.0	0.0	C
397	0.0	0.0	C
398	0.0	0.0	T
399	0.0	0.0	G
400	0.0	0.0	C
401	0.0	0.0	G
402	0.0	0.0	A
403	0.0	0.0	C
404	0.0	0.0	T
405	0.0	0.0	C
406	0.0	0.0	C
407	0.0	0.0	T
408	0.0	0.0	T
409	0.0	0.0	G
410	0.0	0.0	A
411	0.0	0.0	C
412	0.0	0.0	G
413	0.0	0.0	T
414	0.0	0.0	T
415	0.0	0.0	G
416	0.0	0.0	A
417	0.0	0.0	C
418	0.0	0.0	A
419	0.0	0.0	A
420	0.0	0.0	T
421	0.0	0.0	C
422	0.0	0.0	G
423	0.0	0.0	A
424	0.0	0.0	G
425	0.0	0.0	T
426	0.0	0.0	A
427	0.0	0.0	G
428	0.0	0.0	T
429	0.0	0.0	A
430	0.0	0.0	C
431	0.0	0.0	T
432	0.0	0.0	C
433	0.0	0.0	C
434	0.0	0.0	C
435	0.0	0.0	G
436	0.0	0.0	A
437	0.0	0.0	T
438	0.0	0.0	T
439	0.0	0.0	G
440	0.0	0.0	A
441	0.0	0.0	A
442	0.0	0.0	G
443	0.0	0.0	C
444	0.0	0.0	C
445	0.0	0.0	C
446	0.0	0.0	C
447	0.0	0.0	C
448	0.0	0.0	A
449	0.0	0.0	T
450	0.0	0.0	T
451	0.0	0.0	C
452	0.0	0.0	G
453	0.0	0.0	T
454	0.0	0.0	A
455	0.0	0.0	T
456	0.0	0.0	A
457	0.0	0.0	A
458	0.0	0.0	T
459	0.0	0.0	A
460	0.0	0.0	A
461	0.0	0.0	T
462	0.0	0.0	T
463	0.0	0.0	A
464	0.0	0.0	C
465	0.0	0.0	A
466	0.0	0.0	T
467	0.0	0.0	C
468	0.0	0.0	A
469	0.0	0.0	C
470	0.0	0.0	A
471	0.0	0.0	A
472	0.0	0.0	G
473	0.0	0.0	A
474	0.0	0.0	C
475	0.0	0.0	G
476	0.0	0.0	T
477	0.0	0.0	C
478	0.0	0.0	T
479	0.0	0.0	T
480	0.0	0.0	G
481	0.0	0.0	C
482	0.0	0.0	A
483	0.0	0.0	C
484	0.0	0.0	T
485	0.0	0.0	C
486	0.0	0.0	A
487	0.0	0.0	T
488	0.0	0.0	G
489	0.0	0.0	A
490	0.0	0.0	G
491	0.0	0.0	C
492	0.0	0.0	T
493	0.0	0.0	G
494	0.0	0.0	T
495	0.0	0.0	C
496	0.0	0.0	C
497	0.0	0.0	C
498	0.0	0.0	C
499	0.0	0.0	A
500	0.0	0.0	C
501	0.0	0.0	A
502	0.0	0.0	T
503	0.0	0.0	T
504	0.0	0.0	A
505	0.0	0.0	G
506	0.0	0.0	G
507	0.0	0.0	C
508	0.0	0.0	T
509	0.0	0.0	T
510	0.0	0.0	A
511	0.0	0.0	A
512	0.0	0.0	A
513	0.0	0.0	A
514	0.0	0.0	A
515	0.0	0.0	C
516	0.0	0.0	A
517	0.0	0.0	G
518	0.0	0.0	A
519	0.0	0.0	T
520	0.0	0.0	G
521	0.0	0.0	C
522	0.0	0.0	A
523	0.0	0.0	A
524	0.0	0.0	T
525	0.0	0.0	T
526	0.0	0.0	C
527	0.0	0.0	C
528	0.0	0.0	C
529	0.0	0.0	G
530	0.0	0.0	G
531	0.0	0.0	A
532	0.0	0.0	C
533	0.0	0.0	G
534	0.0	0.0	T
535	0.0	0.0	C
536	0.0	0.0	T
537	0.0	0.0	A
538	0.0	0.0	A
539	0.0	0.0	A
540	0.0	0.0	C
541	0.0	0.0	C
542	0.0	0.0	A
543	0.0	0.0	A
544	0.0	0.0	A
545	0.0	0.0	C
546	0.0	0.0	C
547	0.0	0.0	A
548	0.0	0.0	C
549	0.0	0.0	T
550	0.0	0.0	T
551	0.0	0.0	T
552	0.0	0.0	C
553	0.0	0.0	A
554	0.0	0.0	C
555	0.0	0.0	C
556	0.0	0.0	G
557	0.0	0.0	C
558	0.0	0.0	T
559	0.0	0.0	A
560	0.0	0.0	C
561	0.0	0.0	A
562	0.0	0.0	C
563	0.0	0.0	G
564	0.0	0.0	A
565	0.0	0.0	C
566	0.0	0.0	C
567	0.0	0.0	G
568	0.0	0.0	G
569	0.0	0.0	G
570	0.0	0.0	G
571	0.0	0.0	G
572	0.0	0.0	T
573	0.0	0.0	A
574	0.0	0.0	T
575	0.0	0.0	A
576	0.0	0.0	C
577	0.0	0.0	T
578	0.0	0.0	A
579	0.0	0.0	C
580	0.0	0.0	G
581	0.0	0.0	G
582	0.0	0.0	T
583	0.0	0.0	C
584	0.0	0.0	A
585	0.0	0.0	A
586	0.0	0.0	T
587	0.0	0.0	G
588	0.0	0.0	C
589	0.0	0.0	T
590	0.0	0.0	C
591	0.0	0.0	T
592	0.0	0.0	G
593	0.0	0.0	A
594	0.0	0.0	A
595	0.0	0.0	A
596	0.0	0.0	T
597	0.0	0.0	C
598	0.0	0.0	T
599	0.0	0.0	G
600	0.0	0.0	T
601	0.0	0.0	G
602	0.0	0.0	G
603	0.0	0.0	A
604	0.0	0.0	G
605	0.0	0.0	C
606	0.0	0.0	A
607	0.0	0.0	A
608	0.0	0.0	A
609	0.0	0.0	C
610	0.0	0.0	C
611	0.0	0.0	A
612	0.0	0.0	C
613	0.0	0.0	A
614	0.0	0.0	G
615	0.0	0.0	T
616	0.0	0.0	T
617	0.0	0.0	T
618	0.0	0.0	C
619	0.0	0.0	A
620	0.0	0.0	T
621	0.0	0.0	G
622	0.0	0.0	C
623	0.0	0.0	C
624	0.0	0.0	C
625	0.0	0.0	A
626	0.0	0.0	T
627	0.0	0.0	C
628	0.0	0.0	G
629	0.0	0.0	T
630	0.0	0.0	C
631	0.0	0.0	C
632	0.0	0.0	T
633	0.0	0.0	A
634	0.0	0.0	G
635	0.0	0.0	A
636	0.0	0.0	A
637	0.0	0.0	T
638	0.0	0.0	T
639	0.0	0.0	A
640	0.0	0.0	A
641	0.0	0.0	T
642	0.0	0.0	T
643	0.0	0.0	C
644	0.0	0.0	C
645	0.0	0.0	C
646	0.0	0.0	C
647	0.0	0.0	T
648	0.0	0.0	A
649	0.0	0.0	A
650	0.0	0.0	A
651	0.0	0.0	A
652	0.0	0.0	A
653	0.0	0.0	T
654	0.0	0.0	C
655	0.0	0.0	T
656	0.0	0.0	T
657	0.0	0.0	T
658	0.0	0.0	G
659	0.0	0.0	A
660	0.0	0.0	A
661	0.0	0.0	A
662	0.0	0.0	T
663	0.0	0.0	A
664	0.0	0.0	G
665	0.0	0.0	G
666	0.0	0.0	G
667	0.0	0.0	C
668	0.0	0.0	C
669	0.0	0.0	C
670	0.0	0.0	G
671	0.0	0.0	T
672	0.0	0.0	A
673	0.0	0.0	T
674	0.0	0.0	T
675	0.0	0.0	T
676	0.0	0.0	A
677	0.0	0.0	C
678	0.0	0.0	C
679	0.0	0.0	C
680	0.0	0.0	T
681	0.0	0.0	A
682	0.0	0.0	T
683	0.0	0.0	A
684	0.0	0.0	G
