Position	Mismatches	Mismatches + Deletions	Base
1	0.0	0.0	A
2	0.0	0.0	T
3	0.0	0.0	G
4	0.01604	0.01604	A
5	0.01948	0.02054	C
6	0.01419	0.01419	C
7	0.01608	0.01608	C
8	0.01535	0.01535	C
9	0.00983	0.01553	A
10	0.01154	0.01159	A
11	0.00813	0.00851	T
12	0.01817	0.01841	A
13	0.04592	0.04614	C
14	0.00613	0.00638	G
15	0.04002	0.04107	C
16	0.00905	0.00913	A
17	0.00508	0.00508	A
18	0.01651	0.01651	A
19	0.01803	0.01803	A
20	0.98316	0.99276	C
21	0.01025	0.01093	T
22	0.01713	0.0172	A
23	0.01315	0.01372	A
24	0.02539	0.02556	C
25	0.02153	0.02157	C
26	0.02336	0.02336	C
27	0.02334	0.02335	C
28	0.01615	0.0162	C
29	0.00809	0.00844	T
30	0.01128	0.01153	A
31	0.0134	0.01351	A
32	0.01253	0.0131	T
33	0.01244	0.01254	A
34	0.00717	0.00718	A
35	0.01277	0.01277	A
36	0.01961	0.01989	A
37	0.0098	0.01	T
38	0.01669	0.0169	T
39	0.01592	0.01617	A
40	0.02485	0.02498	A
41	0.01706	0.01723	T
42	0.01744	0.01764	T
43	0.01662	0.0167	A
44	0.02976	0.03017	A
45	0.0422	0.04256	C
46	0.03666	0.03675	C
47	0.9826	0.98616	A
48	0.03251	0.03266	C
49	0.01083	0.01153	T
50	0.03004	0.03034	C
51	0.02419	0.02621	A
52	0.01149	0.0116	T
53	0.01182	0.01194	T
54	0.02637	0.02749	C
55	0.0245	0.02531	A
56	0.01539	0.0193	T
57	0.03365	0.03412	C
58	0.01097	0.01174	G
59	0.0265	0.02719	A
60	0.03947	0.03954	C
61	0.02246	0.02268	C
62	0.00655	0.01042	T
63	0.02694	0.02696	C
64	0.0289	0.02891	C
65	0.03247	0.03247	C
66	0.02646	0.02677	C
67	0.0109	0.01605	A
68	0.03727	0.03728	C
69	0.04239	0.04239	C
70	0.02558	0.02558	C
71	0.02131	0.02135	C
72	0.01417	0.01759	A
73	0.01087	0.01125	T
74	0.03169	0.03175	C
75	0.02561	0.02573	C
76	0.0192	0.01935	A
77	0.03196	0.03206	A
78	0.03297	0.03356	C
79	0.02147	0.02196	A
80	0.01018	0.01064	T
81	0.0256	0.02575	C
82	0.00757	0.00795	T
83	0.02884	0.02884	C
84	0.02965	0.02973	C
85	0.0061	0.00808	G
86	0.01986	0.0203	C
87	0.02277	0.02412	A
88	0.00506	0.00513	T
89	0.00225	0.00245	G
90	0.00921	0.00944	A
91	0.00315	0.00327	T
92	0.00228	0.00265	G
93	0.01067	0.01071	A
94	0.00926	0.00935	A
95	0.01196	0.01201	A
96	0.04668	0.04713	C
97	0.00575	0.00577	T
98	0.00594	0.00594	T
99	0.02147	0.02305	C
100	0.00304	0.00306	G
101	0.00382	0.00383	G
102	0.01675	0.01714	C
103	0.00661	0.00746	T
104	0.03249	0.03322	C
105	0.02018	0.0215	A
106	0.03705	0.0374	C
107	0.00822	0.00837	T
108	0.02861	0.02861	C
109	0.02397	0.02441	C
110	0.00667	0.00668	T
111	0.00526	0.00526	T
112	0.00141	0.00141	G
113	0.00201	0.00204	G
114	0.00729	0.00742	C
115	0.00589	0.00594	G
116	0.00993	0.00993	C
117	0.00445	0.00449	C
118	0.00322	0.00366	T
119	0.00243	0.00254	G
120	0.02823	0.02825	C
121	0.01947	0.0195	C
122	0.00383	0.00442	T
123	0.00297	0.00365	G
124	0.01435	0.01473	A
125	0.00625	0.00643	T
126	0.02422	0.02428	C
127	0.01722	0.01732	C
128	0.00849	0.01006	T
129	0.0308	0.03081	C
130	0.02452	0.02466	C
131	0.01061	0.01089	A
132	0.02184	0.02194	A
133	0.02033	0.02051	A
134	0.0123	0.01347	T
135	0.04188	0.0422	C
136	0.02473	0.0251	A
137	0.03836	0.03843	C
138	0.02645	0.02682	C
139	0.02047	0.02475	A
140	0.02857	0.02895	C
141	0.01159	0.01279	A
142	0.00218	0.00224	G
143	0.00173	0.00173	G
144	0.01529	0.02033	A
145	0.03587	0.03611	C
146	0.00584	0.00606	T
147	0.02161	0.03053	A
148	0.00869	0.0087	T
149	0.00605	0.0061	T
150	0.01977	0.0198	C
151	0.00608	0.00616	C
152	0.00599	0.00634	T
153	0.02397	0.02501	A
154	0.00405	0.00412	G
155	0.02499	0.025	C
156	0.01941	0.01944	C
157	0.01536	0.02116	A
158	0.00973	0.00987	T
159	0.00437	0.00492	G
160	0.03654	0.03698	C
161	0.02543	0.02578	A
162	0.03179	0.03208	C
163	0.0084	0.00861	T
164	0.02111	0.02183	A
165	0.03183	0.03216	C
166	0.01127	0.01221	T
167	0.02041	0.0239	C
168	0.01499	0.01545	A
169	0.05273	0.05273	C
170	0.0101	0.01023	C
171	0.00731	0.01256	A
172	0.00383	0.004	G
173	0.01292	0.01329	A
174	0.01302	0.01318	C
175	0.00361	0.0037	G
176	0.0091	0.00911	C
177	0.00578	0.00583	C
178	0.00367	0.00561	T
179	0.03338	0.03402	C
180	0.02032	0.02132	A
181	0.02622	0.02634	A
182	0.03121	0.03127	C
183	0.02943	0.0298	C
184	0.00467	0.00532	G
185	0.01525	0.01525	C
186	0.00956	0.00964	C
187	0.00196	0.00197	T
188	0.00222	0.00222	T
189	0.00356	0.00357	T
190	0.00463	0.00463	T
191	0.00871	0.01109	C
192	0.01228	0.01249	A
193	0.00577	0.00605	T
194	0.01242	0.01263	C
195	0.01331	0.01341	A
196	0.01886	0.0193	A
197	0.02398	0.02456	T
198	0.0429	0.04385	C
199	0.01291	0.01312	G
200	0.02847	0.02851	C
201	0.02891	0.02892	C
202	0.02786	0.02801	C
203	0.01976	0.02298	A
204	0.03417	0.03491	C
205	0.02354	0.02511	A
206	0.01436	0.01549	T
207	0.03205	0.0324	C
208	0.02231	0.02309	A
209	0.0317	0.03235	C
210	0.00736	0.00745	T
211	0.02249	0.02253	C
212	0.00428	0.00441	G
213	0.0069	0.00758	A
214	0.003	0.00308	G
215	0.00873	0.0088	A
216	0.00748	0.00762	C
217	0.00454	0.00465	G
218	0.00207	0.00262	T
219	0.00643	0.00649	A
220	0.01627	0.01632	A
221	0.01675	0.01681	A
222	0.00523	0.00524	T
223	0.00602	0.00603	T
224	0.01547	0.02478	A
225	0.00503	0.00506	T
226	0.00162	0.00164	G
227	0.00191	0.00192	G
228	0.00383	0.00387	C
229	0.00234	0.00235	T
230	0.00453	0.00481	G
231	0.01374	0.01394	A
232	0.01495	0.01498	A
233	0.01278	0.01394	T
234	0.0255	0.02613	C
235	0.01924	0.02043	A
236	0.0162	0.01692	T
237	0.04729	0.04766	C
238	0.07394	0.07495	C
239	0.00796	0.00939	G
240	0.03209	0.03496	C
241	0.01811	0.01871	T
242	0.02829	0.02853	A
243	0.0297	0.02972	C
244	0.02199	0.02246	C
245	0.00573	0.00577	T
246	0.00719	0.00797	T
247	0.01016	0.0106	C
248	0.01323	0.01511	A
249	0.0306	0.03075	C
250	0.00342	0.00355	G
251	0.00315	0.00315	C
252	0.00295	0.00298	C
253	0.01028	0.01032	A
254	0.01929	0.01932	A
255	0.00514	0.00525	T
256	0.00261	0.00263	G
257	0.00189	0.0019	G
258	0.00511	0.00518	C
259	0.00496	0.005	G
260	0.01051	0.01053	C
261	0.00409	0.00411	C
262	0.00208	0.00253	T
263	0.00646	0.0065	C
264	0.01972	0.0199	A
265	0.01823	0.01839	A
266	0.00847	0.0086	T
267	0.02646	0.0275	A
268	0.00931	0.00932	T
269	0.01195	0.01203	T
270	0.02701	0.03393	C
271	0.00674	0.00674	T
272	0.00893	0.00893	T
273	0.01022	0.01024	T
274	0.0178	0.01942	A
275	0.00849	0.00884	T
276	0.02887	0.02925	C
277	0.01141	0.01158	T
278	0.00323	0.00357	G
279	0.00857	0.00859	C
280	0.00186	0.00189	C
281	0.00169	0.00205	T
282	0.00416	0.00441	C
283	0.00414	0.00414	T
284	0.00407	0.00414	T
285	0.00557	0.00558	C
286	0.00386	0.00388	C
287	0.00486	0.00527	T
288	0.02706	0.02771	A
289	0.0381	0.03866	C
290	0.02484	0.02615	A
291	0.04096	0.04194	C
292	0.02247	0.0234	A
293	0.00888	0.00926	T
294	0.02678	0.0279	C
295	0.00166	0.00167	G
296	0.00172	0.00172	G
297	0.00161	0.00163	G
298	0.15399	0.16702	C
299	0.0025	0.00265	G
300	0.00517	0.00604	A
301	0.00312	0.00313	G
302	0.00278	0.00282	G
303	0.00713	0.00714	C
304	0.0286	0.02875	C
305	0.00609	0.0064	T
306	0.01514	0.01525	A
307	0.00738	0.0074	T
308	0.01959	0.02	A
309	0.01037	0.01037	T
310	0.01129	0.01148	T
311	0.0181	0.02838	A
312	0.04015	0.04065	C
313	0.00546	0.00547	G
314	0.00335	0.00337	G
315	0.01902	0.02351	A
316	0.01376	0.0144	T
317	0.02788	0.02831	C
318	0.02966	0.03413	A
319	0.00575	0.00582	T
320	0.00922	0.0093	T
321	0.01241	0.01247	T
322	0.02553	0.02717	C
323	0.00839	0.00856	T
324	0.02934	0.02965	C
325	0.00935	0.00952	T
326	0.02315	0.0245	A
327	0.02817	0.02845	C
328	0.00848	0.00969	T
329	0.02862	0.02916	C
330	0.02128	0.02212	A
331	0.00469	0.00509	G
332	0.0206	0.02064	A
333	0.02292	0.02296	A
334	0.02999	0.03032	A
335	0.02909	0.02925	C
336	0.01767	0.01772	C
337	0.00754	0.00818	T
338	0.00449	0.00533	G
339	0.02667	0.02676	A
340	0.02631	0.02633	A
341	0.02339	0.02341	A
342	0.03014	0.03168	C
343	0.02469	0.02519	A
344	0.01254	0.0135	T
345	0.03265	0.03305	C
346	0.00405	0.00411	G
347	0.00387	0.00387	G
348	0.03281	0.033	C
349	0.02382	0.02403	A
350	0.01089	0.01093	T
351	0.00906	0.00913	T
352	0.01081	0.02332	A
353	0.00963	0.00992	T
354	0.02543	0.0258	C
355	0.02437	0.02452	C
356	0.00557	0.00697	T
357	0.02714	0.02715	C
358	0.01833	0.01884	C
359	0.00582	0.00621	T
360	0.00232	0.0026	G
361	0.01708	0.01767	C
362	0.0043	0.00431	T
363	0.00601	0.00612	T
364	0.00266	0.00352	G
365	0.02509	0.02673	C
366	0.02299	0.02308	A
367	0.02913	0.02915	A
368	0.0263	0.02664	C
369	0.00722	0.00729	T
370	0.01786	0.02194	A
371	0.00884	0.00898	T
372	0.02016	0.02042	A
373	0.00278	0.00324	G
374	0.01711	0.01772	C
375	0.019	0.01906	A
376	0.0202	0.02047	A
377	0.02954	0.03003	C
378	0.01336	0.01398	A
379	0.00289	0.00294	G
380	0.00866	0.00866	C
381	0.00388	0.00389	C
382	0.00153	0.00154	T
383	0.00599	0.00601	T
384	0.02828	0.02886	C
385	0.02511	0.0267	A
386	0.00768	0.00853	T
387	0.01236	0.01368	A
388	0.00139	0.00141	G
389	0.00282	0.00282	G
390	0.00515	0.0053	C
391	0.00238	0.00241	T
392	0.02611	0.0264	A
393	0.0083	0.00832	T
394	0.00354	0.0036	G
395	0.00543	0.0055	T
396	0.00969	0.0097	C
397	0.00976	0.00977	C
398	0.00395	0.00495	T
399	0.012	0.012	C
400	0.02609	0.02609	C
401	0.0249	0.02493	C
402	0.00261	0.00335	G
403	0.00747	0.00814	T
404	0.00244	0.00263	G
405	0.01027	0.01096	A
406	0.00234	0.00234	G
407	0.00226	0.00226	G
408	0.02293	0.02294	C
409	0.0175	0.01754	C
410	0.01119	0.01122	A
411	0.01878	0.01879	A
412	0.01957	0.01964	A
413	0.00871	0.00949	T
414	0.02455	0.02477	A
415	0.00931	0.00963	T
416	0.02953	0.03008	C
417	0.02732	0.02773	A
418	0.00771	0.00772	T
419	0.00693	0.00702	T
420	0.01944	0.02111	C
421	0.00908	0.00922	T
422	0.00343	0.00439	G
423	0.02826	0.02909	A
424	0.00394	0.00394	G
425	0.00225	0.00225	G
426	0.0045	0.0045	G
427	0.00493	0.00493	G
428	0.01008	0.01009	C
429	0.01791	0.018	C
430	0.02184	0.0267	A
431	0.02809	0.0282	C
432	0.01223	0.01244	A
433	0.00479	0.00487	G
434	0.00431	0.00443	T
435	0.00785	0.00786	A
436	0.01129	0.01132	A
437	0.00621	0.00628	T
438	0.00853	0.00858	T
439	0.01052	0.02201	A
440	0.03962	0.04043	C
441	0.02493	0.025	A
442	0.02153	0.02156	A
443	0.01933	0.01958	A
444	0.03542	0.03713	C
445	0.0065	0.00662	T
446	0.00589	0.00592	T
447	0.0095	0.01651	A
448	0.0199	0.02029	C
449	0.00507	0.00527	T
450	0.0234	0.02483	A
451	0.00786	0.00849	T
452	0.03423	0.03454	C
453	0.04042	0.0407	C
454	0.00406	0.00504	G
455	0.02578	0.02579	C
456	0.01426	0.0143	C
457	0.02396	0.03006	A
458	0.00991	0.01034	T
459	0.01466	0.0147	C
460	0.01207	0.01208	C
461	0.01207	0.01214	C
462	0.00593	0.01769	A
463	0.00739	0.00756	T
464	0.02207	0.02222	A
465	0.03355	0.03376	C
466	0.02389	0.02403	A
467	0.0075	0.00755	T
468	0.00699	0.00702	T
469	0.00149	0.00149	G
470	0.0011	0.00111	G
471	0.00123	0.00123	G
472	0.95141	0.95553	A
473	0.02202	0.02221	C
474	0.01907	0.02113	A
475	0.00467	0.00476	G
476	0.01687	0.01697	A
477	0.03257	0.0326	C
478	0.02521	0.02524	C
479	0.00562	0.00587	T
480	0.01818	0.01892	A
481	0.00371	0.00376	G
482	0.00596	0.00598	T
483	0.00848	0.0085	T
484	0.02961	0.03008	C
485	0.02241	0.02253	A
486	0.01759	0.01763	A
487	0.00625	0.00631	T
488	0.00286	0.00303	G
489	0.00951	0.00958	A
490	0.00983	0.00998	A
491	0.003	0.00306	T
492	0.00738	0.00745	C
493	0.00258	0.0026	T
494	0.00295	0.00312	G
495	0.00894	0.00908	A
496	0.00274	0.00275	G
497	0.0021	0.00216	G
498	0.01425	0.01863	A
499	0.00299	0.00299	G
500	0.00301	0.00302	G
501	0.01231	0.0129	C
502	0.00267	0.00287	T
503	0.01645	0.01693	A
504	0.01724	0.01734	C
505	0.00538	0.00626	T
506	0.01819	0.0183	C
507	0.02557	0.02594	A
508	0.0051	0.00514	G
509	0.00971	0.01027	T
510	0.01851	0.01896	A
511	0.00269	0.00275	G
512	0.02085	0.02108	A
513	0.04852	0.0487	C
514	0.02063	0.02161	A
515	0.00456	0.00485	G
516	0.01077	0.01163	T
517	0.01588	0.01591	C
518	0.01225	0.01227	C
519	0.01425	0.01438	C
520	0.02171	0.0302	A
521	0.03012	0.03012	C
522	0.00502	0.00502	C
523	0.0052	0.00526	C
524	0.00304	0.00523	T
525	0.00707	0.00719	C
526	0.01517	0.01761	A
527	0.03877	0.03924	C
528	0.02293	0.02324	A
529	0.0349	0.0352	C
530	0.00321	0.00329	G
531	0.01166	0.0118	A
532	0.0038	0.00382	T
533	0.00402	0.00405	T
534	0.00893	0.01057	C
535	0.00494	0.00494	T
536	0.00855	0.00855	T
537	0.01286	0.01289	T
538	0.02762	0.03236	A
539	0.04501	0.04511	C
540	0.03022	0.03028	C
541	0.00373	0.00377	T
542	0.0113	0.01136	T
543	0.01688	0.01689	T
544	0.03241	0.03426	C
545	0.02155	0.02231	A
546	0.03543	0.03589	C
547	0.00836	0.00855	T
548	0.00913	0.00975	T
549	0.02974	0.03149	C
550	0.02788	0.02902	A
551	0.00808	0.0086	T
552	0.01918	0.01947	C
553	0.0079	0.00792	T
554	0.01653	0.01664	T
555	0.00431	0.00518	G
556	0.04175	0.04197	C
557	0.01631	0.01635	C
558	0.01453	0.01457	C
559	0.00571	0.0058	T
560	0.00965	0.00968	T
561	0.02298	0.02385	C
562	0.01971	0.02	A
563	0.01115	0.01116	T
564	0.00746	0.0075	T
565	0.01367	0.02112	A
566	0.00901	0.00901	T
567	0.00921	0.00929	T
568	0.00736	0.01064	G
569	0.02712	0.03017	C
570	0.03598	0.03928	A
571	0.00691	0.00719	G
572	0.02192	0.02196	C
573	0.01805	0.01813	C
574	0.01833	0.01838	C
575	0.0077	0.008	T
576	0.03247	0.03313	A
577	0.00407	0.00476	G
578	0.0234	0.02392	C
579	0.02509	0.02527	A
580	0.90628	0.90652	A
581	0.03311	0.03333	C
582	0.02172	0.02493	A
583	0.03985	0.04021	C
584	0.01118	0.01204	T
585	0.02973	0.02975	C
586	0.02703	0.02727	C
587	0.01699	0.01986	A
588	0.03762	0.03763	C
589	0.02913	0.0296	C
590	0.00687	0.0081	T
591	0.03632	0.03633	C
592	0.02011	0.02062	C
593	0.00739	0.0077	T
594	0.02057	0.02212	A
595	0.00743	0.00744	T
596	0.007	0.00703	T
597	0.01974	0.02185	C
598	0.00973	0.00973	T
599	0.00942	0.00946	T
600	0.00356	0.00477	G
601	0.02781	0.02817	C
602	0.02374	0.02406	A
603	0.03803	0.03824	C
604	0.00604	0.00641	G
605	0.015	0.01508	A
606	0.02162	0.02186	A
607	0.02408	0.02412	A
608	0.03488	0.03646	C
609	0.0029	0.00291	G
610	0.00332	0.00333	G
611	0.00301	0.00305	G
612	0.01686	0.01925	A
613	0.00821	0.00943	T
614	0.03399	0.03469	C
615	0.02907	0.02945	A
616	0.02362	0.02387	A
617	0.02454	0.02463	A
618	0.04843	0.05089	C
619	0.02347	0.02348	A
620	0.02022	0.02447	A
621	0.02732	0.02741	C
622	0.01827	0.01856	C
623	0.01508	0.01514	C
624	0.01702	0.01703	C
625	0.01695	0.01695	C
626	0.00578	0.00598	T
627	0.02467	0.02501	A
628	0.00139	0.0014	G
629	0.00273	0.00281	G
630	0.01101	0.01105	A
631	0.01572	0.01576	A
632	0.00797	0.00857	T
633	0.03185	0.03208	C
634	0.02765	0.0281	A
635	0.03689	0.03691	C
636	0.02504	0.02526	C
637	0.00942	0.01156	T
638	0.03405	0.03406	C
639	0.03156	0.03156	C
640	0.02129	0.02141	C
641	0.02103	0.02305	A
642	0.00713	0.00716	T
643	0.00491	0.00492	T
644	0.02031	0.02033	C
645	0.02387	0.02389	C
646	0.00525	0.00597	G
647	0.02258	0.02286	A
648	0.01323	0.0136	T
649	0.01869	0.01876	A
650	0.01169	0.01172	A
651	0.02017	0.0202	A
652	0.02613	0.02631	A
653	0.01281	0.01551	T
654	0.03172	0.03218	C
655	0.02721	0.02757	A
656	0.07789	0.07802	C
657	0.03116	0.03129	C
658	0.01129	0.01229	T
659	0.01847	0.01865	T
660	0.04177	0.04191	C
661	0.03345	0.03388	C
662	0.01349	0.02211	A
663	0.07183	0.07185	C
664	0.03002	0.03004	C
665	0.01924	0.01948	C
666	0.01121	0.01139	T
667	0.00933	0.00947	T
668	0.01614	0.02551	A
669	0.03402	0.03434	C
670	0.01095	0.01154	T
671	0.04032	0.04148	A
672	0.04266	0.04352	C
673	0.01586	0.01648	A
674	0.03947	0.04083	C
675	0.02067	0.02069	A
676	0.02867	0.0291	A
677	0.01158	0.01248	T
678	0.03527	0.0356	C
679	0.02114	0.02117	A
680	0.02399	0.02426	A
681	0.02883	0.02906	A
682	0.00524	0.00563	G
683	0.03173	0.03245	A
684	0.03851	0.03919	C
685	0.01015	0.01039	G
686	0.017	0.017	C
687	0.00852	0.00852	C
688	0.02418	0.02426	C
689	0.0082	0.00936	T
690	0.03713	0.03739	C
691	0.00275	0.00297	G
692	0.00395	0.00396	G
693	0.01406	0.01427	C
694	0.0079	0.00795	T
695	0.00989	0.00996	T
696	0.0158	0.02296	A
697	0.03894	0.03918	C
698	0.00991	0.00993	T
699	0.01182	0.01187	T
700	0.024	0.02804	C
701	0.00863	0.00919	T
702	0.03499	0.03675	C
703	0.01284	0.01284	T
704	0.01089	0.01121	T
705	0.03397	0.03404	C
706	0.03303	0.03337	C
707	0.01022	0.01033	T
708	0.02385	0.02396	T
709	0.03611	0.03982	C
710	0.01069	0.01169	T
711	0.0371	0.03825	C
712	0.01356	0.01379	T
713	0.03068	0.03069	C
714	0.02078	0.02135	C
715	0.0084	0.0084	T
716	0.01089	0.01098	T
717	0.01347	0.01393	A
718	0.01984	0.01988	A
719	0.01139	0.01178	T
720	0.94048	0.94201	G
721	0.02044	0.02124	A
722	0.03778	0.03927	C
723	0.02519	0.02537	A
724	0.01169	0.01171	T
725	0.01457	0.01478	T
726	0.0216	0.02176	A
727	0.01915	0.01945	A
728	0.04201	0.04282	C
729	0.0398	0.04005	A
730	0.04227	0.04292	C
731	0.00628	0.00649	T
732	0.02575	0.02719	A
733	0.00852	0.00855	T
734	0.0114	0.01147	T
735	0.02674	0.02834	C
736	0.0139	0.01505	T
737	0.02735	0.02849	C
738	0.01784	0.01927	A
739	0.04091	0.04093	C
740	0.01929	0.01948	C
741	0.0276	0.04224	A
742	0.00594	0.0064	G
743	0.02579	0.02599	A
744	0.0501	0.05018	C
745	0.02059	0.02078	C
746	0.00602	0.00708	T
747	0.02873	0.02874	C
748	0.01113	0.01135	C
749	0.00502	0.00527	T
750	0.01567	0.01677	A
751	0.0019	0.00192	G
752	0.0028	0.00283	G
753	0.01889	0.01936	C
754	0.00525	0.00592	G
755	0.01841	0.02023	A
756	0.03469	0.03475	C
757	0.02604	0.02611	C
758	0.02981	0.02987	C
759	0.01461	0.02653	A
760	0.0037	0.0039	G
761	0.02412	0.02428	A
762	0.04524	0.04558	C
763	0.01951	0.01952	A
764	0.01785	0.01798	A
765	0.01027	0.01035	T
766	0.0106	0.01071	T
767	0.01793	0.02859	A
768	0.02356	0.02508	T
769	0.03133	0.03335	A
770	0.04489	0.04536	C
771	0.02064	0.02066	C
772	0.00826	0.00829	C
773	0.00765	0.00806	T
774	0.02071	0.02134	A
775	0.00602	0.00632	G
776	0.05167	0.05177	C
777	0.0312	0.03169	C
778	0.0157	0.01593	A
779	0.01913	0.02021	A
780	0.03717	0.03727	C
781	0.03296	0.0331	C
782	0.02272	0.02282	C
783	0.02101	0.02104	C
784	0.00613	0.0062	T
785	0.00784	0.00794	T
786	0.01952	0.0197	A
787	0.02178	0.02184	A
788	0.03633	0.03653	A
789	0.04225	0.04465	C
790	0.03563	0.03883	A
791	0.05221	0.05223	C
792	0.03077	0.03079	C
793	0.02496	0.02497	C
794	0.02379	0.02391	C
795	0.01126	0.01431	T
796	0.02665	0.02667	C
797	0.02687	0.02687	C
798	0.02774	0.02774	C
799	0.02578	0.02585	C
800	0.01275	0.0145	A
801	0.0254	0.02593	C
802	0.01779	0.01847	A
803	0.00912	0.00987	T
804	0.02864	0.02882	C
805	0.02103	0.02112	A
806	0.03261	0.03306	A
807	0.00462	0.00522	G
808	0.03287	0.03289	C
809	0.02252	0.02252	C
810	0.02773	0.02773	C
811	0.00728	0.00828	G
812	0.0135	0.01359	A
813	0.01596	0.01607	A
814	0.00773	0.00785	T
815	0.00255	0.00299	G
816	0.02	0.02028	A
817	0.00771	0.00776	T
818	0.02341	0.02397	A
819	0.00454	0.00456	T
820	0.01066	0.0107	T
821	0.00778	0.0078	T
822	0.03595	0.03608	C
823	0.02566	0.02572	C
824	0.00782	0.00812	T
825	0.02666	0.02925	A
826	0.00782	0.00782	T
827	0.01175	0.01192	T
828	0.0289	0.03234	C
829	0.00498	0.00517	G
830	0.0404	0.04043	C
831	0.01671	0.01679	C
832	0.00779	0.00854	T
833	0.02244	0.02305	A
834	0.0383	0.03902	C
835	0.02142	0.02192	A
836	0.04272	0.04365	C
837	0.01973	0.01977	A
838	0.02861	0.02877	A
839	0.01024	0.01033	T
840	0.01073	0.01078	T
841	0.03224	0.03794	C
842	0.01155	0.01177	T
843	0.03968	0.03969	C
844	0.03626	0.03635	C
845	0.00545	0.00778	G
846	0.02164	0.02257	A
847	0.00902	0.00919	T
848	0.0328	0.03282	C
849	0.02473	0.02487	C
850	0.00451	0.00589	G
851	0.00888	0.01009	T
852	0.01598	0.01601	C
853	0.02084	0.02088	C
854	0.01336	0.01343	C
855	0.00703	0.00738	T
856	0.0134	0.01359	A
857	0.01651	0.01661	A
858	0.03902	0.03938	C
859	0.01862	0.01867	A
860	0.01912	0.01915	A
861	0.02749	0.02763	A
862	0.02302	0.02417	C
863	0.00281	0.00283	T
864	0.00717	0.00729	A
865	0.0012	0.00122	G
866	0.00152	0.00155	G
867	0.01532	0.01822	A
868	0.00222	0.00222	G
869	0.00246	0.00249	G
870	0.01426	0.01444	C
871	0.00522	0.00532	G
872	0.00726	0.00751	T
873	0.02787	0.02791	C
874	0.02539	0.02542	C
875	0.00942	0.00949	T
876	0.01673	0.01678	T
877	0.0074	0.00887	G
878	0.03741	0.03746	C
879	0.02769	0.02774	C
880	0.02594	0.02596	C
881	0.00729	0.00774	T
882	0.02069	0.02181	A
883	0.02285	0.0229	T
884	0.01274	0.01301	T
885	0.02464	0.04212	A
886	0.03462	0.03508	C
887	0.00974	0.01016	T
888	0.02314	0.02439	A
889	0.01514	0.01545	T
890	0.03999	0.04018	C
891	0.0247	0.02494	C
892	0.0164	0.02214	A
893	0.01419	0.01462	T
894	0.03128	0.03137	C
895	0.02986	0.03016	C
896	0.01096	0.01365	T
897	0.02833	0.02964	C
898	0.0169	0.02308	A
899	0.01169	0.01197	T
900	0.02995	0.03002	C
901	0.01899	0.01923	C
902	0.00999	0.01038	T
903	0.02543	0.02587	A
904	0.00358	0.00393	G
905	0.04222	0.04281	C
906	0.02173	0.02191	A
907	0.02318	0.0234	A
908	0.01264	0.01297	T
909	0.02256	0.02259	A
910	0.02197	0.02464	A
911	0.03224	0.03394	T
912	0.04251	0.04378	C
913	0.05203	0.05215	C
914	0.03483	0.03491	C
915	0.02491	0.02495	C
916	0.02353	0.03873	A
917	0.01718	0.01784	T
918	0.02999	0.03006	C
919	0.02323	0.02349	C
920	0.00916	0.01059	T
921	0.0298	0.02981	C
922	0.02854	0.0288	C
923	0.0126	0.01649	A
924	0.01058	0.01076	T
925	0.02868	0.02974	A
926	0.00988	0.01095	T
927	0.02086	0.02175	A
928	0.01564	0.01652	T
929	0.03681	0.03726	C
930	0.02983	0.03006	C
931	0.01147	0.01155	A
932	0.01995	0.02006	A
933	0.02085	0.02089	A
934	0.05096	0.05449	C
935	0.02068	0.02072	A
936	0.01956	0.01975	A
937	0.05418	0.05569	C
938	0.01928	0.01928	A
939	0.01916	0.01916	A
940	0.02706	0.02727	A
941	0.00555	0.00639	G
942	0.03312	0.03344	C
943	0.0228	0.02318	A
944	0.01189	0.01229	T
945	0.02272	0.02272	A
946	0.02197	0.02323	A
947	0.01002	0.01038	T
948	0.02728	0.02838	A
949	0.00388	0.00388	T
950	0.00938	0.0094	T
951	0.02375	0.02378	T
952	0.03871	0.04046	C
953	0.01747	0.01778	G
954	0.04234	0.04236	C
955	0.02646	0.02648	C
956	0.0215	0.02156	C
957	0.01484	0.01853	A
958	0.0241	0.02441	C
959	0.00811	0.00861	T
960	0.01343	0.01354	A
961	0.02771	0.02851	A
962	0.00376	0.00432	G
963	0.03342	0.03346	C
964	0.03224	0.03227	C
965	0.01364	0.01372	A
966	0.02291	0.02306	A
967	0.01367	0.01474	T
968	0.02722	0.02732	C
969	0.02375	0.02403	A
970	0.03784	0.03855	C
971	0.00651	0.00656	T
972	0.0095	0.00952	T
973	0.00819	0.0082	T
974	0.01899	0.02163	A
975	0.0095	0.00951	T
976	0.01279	0.01284	T
977	0.00434	0.00506	G
978	0.02705	0.02876	A
979	0.02879	0.02904	C
980	0.01149	0.01173	T
981	0.03289	0.03294	C
982	0.01613	0.01652	C
983	0.01069	0.01136	T
984	0.02958	0.03197	A
985	0.00423	0.00446	G
986	0.03494	0.03497	C
987	0.03368	0.03373	C
988	0.00495	0.00729	G
989	0.03185	0.03263	C
990	0.02567	0.02827	A
991	0.00419	0.00429	G
992	0.02797	0.02829	A
993	0.00478	0.00478	C
994	0.00382	0.00387	C
995	0.00116	0.00143	T
996	0.00287	0.00287	C
997	0.0027	0.00275	C
998	0.00268	0.00324	T
999	0.02737	0.02768	C
1000	0.01065	0.01228	A
1001	0.00286	0.00287	T
1002	0.00402	0.00408	T
1003	0.02309	0.0281	C
1004	0.01186	0.01225	T
1005	0.02148	0.02192	A
1006	0.02339	0.0235	A
1007	0.04287	0.04293	C
1008	0.02401	0.02418	C
1009	0.00512	0.0056	T
1010	0.00467	0.00477	G
1011	0.00716	0.00723	A
1012	0.00817	0.00821	A
1013	0.00294	0.00303	T
1014	0.04996	0.05	C
1015	0.00244	0.00246	G
1016	0.00149	0.0015	G
1017	0.00456	0.00487	A
1018	0.00355	0.00355	G
1019	0.00296	0.00298	G
1020	0.01797	0.02788	A
1021	0.02951	0.03211	C
1022	0.02696	0.02698	A
1023	0.02505	0.02528	A
1024	0.03738	0.03742	C
1025	0.02717	0.02719	C
1026	0.02119	0.02578	A
1027	0.00574	0.00589	G
1028	0.00611	0.00788	T
1029	0.02758	0.0276	A
1030	0.02885	0.0291	A
1031	0.0028	0.00289	G
1032	0.00837	0.00894	C
1033	0.00424	0.00491	T
1034	0.00979	0.01021	A
1035	0.01661	0.0167	C
1036	0.01496	0.01506	C
1037	0.01797	0.01801	C
1038	0.00316	0.00318	T
1039	0.00786	0.00789	T
1040	0.01067	0.01067	T
1041	0.01487	0.01488	T
1042	0.02618	0.03237	A
1043	0.03432	0.03442	C
1044	0.01999	0.02006	C
1045	0.01513	0.01725	A
1046	0.01296	0.01346	T
1047	0.02771	0.02799	C
1048	0.02325	0.02397	A
1049	0.01127	0.01128	T
1050	0.01138	0.01144	T
1051	0.00227	0.00231	G
1052	0.00233	0.00233	G
1053	0.01969	0.02761	A
1054	0.03902	0.03932	C
1055	0.0265	0.02652	A
1056	0.0304	0.03069	A
1057	0.00367	0.00383	G
1058	0.00291	0.00325	T
1059	0.00908	0.00917	A
1060	0.0183	0.01896	G
1061	0.0099	0.01069	C
1062	0.03639	0.03761	A
1063	0.00739	0.00746	T
1064	0.02676	0.02681	C
1065	0.03126	0.03133	C
1066	0.00569	0.00777	G
1067	0.01067	0.011	T
1068	0.03487	0.03504	A
1069	0.02955	0.0299	C
1070	0.00906	0.00941	T
1071	0.02575	0.02709	A
1072	0.01171	0.01214	T
1073	0.02313	0.02399	A
1074	0.03497	0.03618	C
1075	0.01043	0.0105	T
1076	0.01527	0.0155	T
1077	0.03367	0.03505	C
1078	0.02319	0.02387	A
1079	0.04544	0.04756	C
1080	0.02103	0.02123	A
1081	0.02429	0.02454	A
1082	0.04452	0.04605	C
1083	0.02057	0.02063	A
1084	0.0239	0.02456	A
1085	0.01396	0.01464	T
1086	0.0354	0.03547	C
1087	0.02645	0.02665	C
1088	0.01142	0.01294	T
1089	0.01148	0.01245	A
1090	0.02022	0.02056	A
1091	0.01446	0.01484	T
1092	0.03216	0.03233	C
1093	0.02275	0.02293	C
1094	0.00969	0.01075	T
1095	0.0227	0.02328	A
1096	0.01721	0.01777	A
1097	0.0182	0.0203	T
1098	0.01817	0.01844	A
1099	0.0508	0.05144	C
1100	0.03103	0.0312	C
1101	0.01603	0.01605	A
1102	0.02756	0.02771	A
1103	0.02272	0.02324	C
1104	0.00819	0.00837	T
1105	0.02261	0.02354	A
1106	0.02849	0.02914	T
1107	0.02919	0.03026	C
1108	0.02723	0.02806	T
1109	0.02436	0.02447	C
1110	0.02626	0.02626	C
1111	0.01685	0.01705	C
1112	0.01189	0.01222	T
1113	0.0116	0.01187	A
1114	0.01538	0.01553	A
1115	0.00815	0.00815	T
1116	0.00813	0.00825	T
1117	0.00699	0.00742	G
1118	0.01444	0.01449	A
1119	0.01046	0.01048	A
1120	0.01392	0.01396	A
1121	0.0119	0.01203	A
1122	0.05517	0.07061	C
1123	0.01285	0.01285	A
1124	0.0078	0.0078	A
1125	0.01195	0.01195	A
1126	0.0119	0.01192	A
1127	0.00988	0.01172	T
1128	0.01925	0.01949	A
1129	0.02701	0.02738	C
1130	0.00634	0.00662	T
1131	0.02064	0.02084	C
1132	0.00395	0.00397	A
1133	0.00874	0.00878	A
1134	0.02273	0.02273	A
1135	0.07464	0.07891	T
1136	0.02133	0.02136	G
1137	0.00761	0.00761	G
1138	0.00326	0.00326	G
1139	0.02539	0.02539	C
1140	0.01072	0.01072	C
1141	0.00079	0.00079	T
1142	0.0	0.0	A
1143	0.0	0.0	A
