Position	Mismatches	Mismatches + Deletions	Base
1	0.0	0.0	A
2	0.0	0.0	T
3	0.0	0.0	G
4	0.0162	0.0162	A
5	0.00652	0.00652	T
6	0.00627	0.00629	G
7	0.00399	0.00471	T
8	0.01467	0.01502	A
9	0.00682	0.0069	T
10	0.00505	0.00516	G
11	0.02754	0.02774	C
12	0.00532	0.00534	T
13	0.00661	0.00669	T
14	0.00717	0.00718	T
15	0.00528	0.00611	G
16	0.00438	0.00438	T
17	0.00797	0.00797	T
18	0.00789	0.00791	T
19	0.02033	0.0212	C
20	0.01107	0.01112	T
21	0.00543	0.00626	G
22	0.00769	0.00769	T
23	0.00819	0.00823	T
24	0.00483	0.00509	G
25	0.01805	0.01839	A
26	0.00621	0.00625	G
27	0.00698	0.00761	T
28	0.00836	0.00888	G
29	0.00758	0.00877	T
30	0.00605	0.00605	G
31	0.00557	0.00557	G
32	0.00748	0.00748	G
33	0.00597	0.006	T
34	0.00863	0.00864	T
35	0.00716	0.00721	T
36	0.02009	0.02232	A
37	0.00675	0.00684	G
38	0.00852	0.00926	T
39	0.02279	0.02287	A
40	0.02506	0.02537	A
41	0.00884	0.0094	T
42	0.00542	0.00546	G
43	0.00517	0.00519	G
44	0.00505	0.00505	G
45	0.00701	0.00703	G
46	0.00579	0.0059	T
47	0.00982	0.00986	T
48	0.00844	0.00848	T
49	0.00639	0.00703	G
50	0.00828	0.00947	T
51	0.00732	0.00735	G
52	0.00487	0.00489	G
53	0.00604	0.00605	G
54	0.00937	0.00943	G
55	0.00489	0.00502	T
56	0.0039	0.00393	T
57	0.00716	0.00716	T
58	0.00756	0.00758	T
59	0.01731	0.02177	C
60	0.00734	0.00734	T
61	0.0069	0.00692	T
62	0.0092	0.01083	C
63	0.00353	0.00393	T
64	0.00477	0.00492	A
65	0.00986	0.0099	A
66	0.00332	0.00348	G
67	0.00814	0.00814	C
68	0.00706	0.0071	C
69	0.00437	0.00441	T
70	0.00663	0.00671	T
71	0.01038	0.01283	C
72	0.00627	0.00655	T
73	0.02682	0.02683	C
74	0.01716	0.01774	C
75	0.0074	0.00769	T
76	0.02443	0.02622	A
77	0.00857	0.00857	T
78	0.00887	0.00887	T
79	0.00884	0.00887	T
80	0.01415	0.01579	A
81	0.00936	0.00975	T
82	0.00381	0.00385	G
83	0.00362	0.00363	G
84	0.00352	0.00353	G
85	0.00362	0.00364	G
86	0.00622	0.00623	G
87	0.00386	0.0039	T
88	0.0035	0.00351	T
89	0.00314	0.00315	T
90	0.00951	0.01026	A
91	0.00408	0.00415	G
92	0.00715	0.00767	T
93	0.0221	0.02259	A
94	0.00958	0.00959	T
95	0.0094	0.00944	T
96	0.00495	0.00544	G
97	0.02552	0.02588	A
98	0.01008	0.01012	T
99	0.00986	0.00994	T
100	0.00612	0.0072	G
101	0.00804	0.00804	T
102	0.0111	0.01116	T
103	0.02612	0.03077	A
104	0.00609	0.00626	G
105	0.03014	0.03048	C
106	0.00808	0.00809	G
107	0.0062	0.00649	G
108	0.00622	0.00663	T
109	0.00843	0.00905	G
110	0.01017	0.01094	T
111	0.00826	0.00826	G
112	0.00491	0.00504	G
113	0.01059	0.01132	T
114	0.03637	0.0368	C
115	0.00932	0.00938	G
116	0.00649	0.00653	G
117	0.00618	0.00624	G
118	0.0062	0.00737	T
119	0.00627	0.00646	G
120	0.00829	0.00887	T
121	0.00682	0.00706	G
122	0.0079	0.00791	T
123	0.00833	0.0084	T
124	0.01214	0.01955	A
125	0.00895	0.00896	T
126	0.0088	0.00893	T
127	0.01294	0.02455	A
128	0.0097	0.0097	T
129	0.00919	0.00925	T
130	0.02598	0.02801	C
131	0.01165	0.01172	T
132	0.00843	0.00927	G
133	0.01532	0.01561	A
134	0.0152	0.01565	A
135	0.00408	0.0041	T
136	0.00582	0.00583	T
137	0.01317	0.01318	T
138	0.02342	0.02343	T
139	0.00979	0.00991	G
140	0.00677	0.00679	G
141	0.00695	0.00696	G
142	0.00597	0.00597	G
143	0.0063	0.00634	G
144	0.0219	0.02542	A
145	0.00712	0.00712	G
146	0.00829	0.00834	G
147	0.00678	0.00683	T
148	0.00883	0.00893	T
149	0.01452	0.01923	A
150	0.01139	0.01163	T
151	0.04395	0.04525	A
152	0.02578	0.02659	T
153	0.00677	0.00683	G
154	0.00528	0.00534	G
155	0.00735	0.0074	G
156	0.00729	0.00737	T
157	0.00825	0.00825	T
158	0.00766	0.00775	T
159	0.01804	0.01823	A
160	0.02171	0.02204	A
161	0.01217	0.01241	T
162	0.01691	0.01731	A
163	0.00564	0.00672	G
164	0.00242	0.00257	T
165	0.00171	0.00177	T
166	0.00229	0.00231	T
167	0.00385	0.00388	T
168	0.00595	0.00596	T
169	0.00463	0.00465	T
170	0.00447	0.00456	T
171	0.01181	0.01267	A
172	0.01366	0.01494	A
173	0.00694	0.00699	T
174	0.00637	0.00638	T
175	0.00586	0.00602	T
176	0.0097	0.01278	A
177	0.00642	0.00642	T
178	0.00801	0.00801	T
179	0.01414	0.01426	T
180	0.04763	0.04927	A
181	0.02034	0.02041	G
182	0.00969	0.00971	G
183	0.00817	0.00818	G
184	0.00834	0.00836	G
185	0.00875	0.00875	G
186	0.02829	0.0285	A
187	0.01948	0.01967	A
188	0.01155	0.0123	T
189	0.00659	0.00862	G
190	0.024	0.0245	A
191	0.01064	0.01092	T
192	0.00804	0.00804	G
193	0.01046	0.01054	G
194	0.0077	0.00772	T
195	0.00625	0.00635	T
196	0.00981	0.0104	G
197	0.00675	0.00711	T
198	0.00466	0.00489	C
199	0.00628	0.00628	T
200	0.00749	0.0075	T
201	0.00514	0.00516	T
202	0.00542	0.00544	G
203	0.00448	0.00452	G
204	0.0052	0.00703	A
205	0.0049	0.00517	T
206	0.00699	0.00731	A
207	0.00796	0.00828	T
208	0.01937	0.01967	A
209	0.01503	0.01529	C
210	0.00611	0.0064	T
211	0.01837	0.01917	A
212	0.01961	0.01984	C
213	0.0122	0.01253	A
214	0.0046	0.00467	G
215	0.00951	0.00972	C
216	0.00976	0.01021	G
217	0.02248	0.02438	A
218	0.01338	0.01412	T
219	0.01027	0.0103	G
220	0.00726	0.00728	G
221	0.00629	0.00647	C
222	0.00747	0.00767	T
223	0.01806	0.01848	A
224	0.00765	0.00767	T
225	0.00763	0.00775	T
226	0.00711	0.00736	G
227	0.01216	0.01252	A
228	0.00567	0.00567	G
229	0.00553	0.00557	G
230	0.01422	0.01905	A
231	0.00783	0.00809	G
232	0.00444	0.00486	T
233	0.00515	0.00529	A
234	0.00313	0.00468	T
235	0.00407	0.00409	C
236	0.00345	0.00345	C
237	0.00515	0.00565	T
238	0.0042	0.0045	G
239	0.00488	0.00515	A
240	0.00671	0.00671	G
241	0.00698	0.00698	G
242	0.00478	0.00488	C
243	0.01085	0.01122	A
244	0.01156	0.01257	T
245	0.00772	0.0078	G
246	0.00895	0.00906	G
247	0.00875	0.00879	G
248	0.00739	0.00739	G
249	0.00999	0.00999	G
250	0.00973	0.011	T
251	0.02513	0.02554	C
252	0.02359	0.02459	A
253	0.00531	0.00534	G
254	0.00686	0.00687	G
255	0.00949	0.0095	G
256	0.01335	0.01337	G
257	0.00907	0.0092	T
258	0.00971	0.00981	T
259	0.00737	0.00802	G
260	0.02112	0.02152	A
261	0.00828	0.00829	G
262	0.0097	0.00971	G
263	0.00914	0.00929	T
264	0.02213	0.02237	C
265	0.01035	0.01036	T
266	0.00984	0.00992	T
267	0.00786	0.00798	G
268	0.01068	0.01074	G
269	0.00592	0.0061	T
270	0.00746	0.00771	G
271	0.01749	0.01876	A
272	0.00987	0.01003	G
273	0.0082	0.00847	T
274	0.00721	0.00793	G
275	0.00432	0.00436	T
276	0.00677	0.00678	T
277	0.00567	0.00567	T
278	0.00781	0.00783	T
279	0.0202	0.02437	A
280	0.00826	0.00849	G
281	0.01111	0.01212	T
282	0.00662	0.00663	G
283	0.0067	0.0067	G
284	0.00777	0.00777	G
285	0.01194	0.01197	G
286	0.00937	0.00943	T
287	0.02757	0.02785	T
288	0.01945	0.02309	A
289	0.00562	0.00571	G
290	0.0252	0.02558	C
291	0.00774	0.00805	G
292	0.02218	0.02293	A
293	0.01046	0.01101	T
294	0.00779	0.0078	G
295	0.00571	0.00584	G
296	0.01646	0.01877	A
297	0.00749	0.00749	G
298	0.00861	0.00866	G
299	0.00761	0.00793	T
300	0.01954	0.02023	A
301	0.00699	0.00701	G
302	0.00682	0.00684	G
303	0.02237	0.02509	A
304	0.01069	0.01075	T
305	0.0093	0.00933	T
306	0.00688	0.00694	G
307	0.00786	0.00794	G
308	0.00585	0.00604	T
309	0.00715	0.00727	G
310	0.02795	0.02819	C
311	0.00969	0.00991	T
312	0.00776	0.00833	G
313	0.00991	0.01048	T
314	0.00713	0.00718	G
315	0.0058	0.00582	G
316	0.00864	0.00868	G
317	0.00731	0.00823	T
318	0.00768	0.00832	G
319	0.01866	0.01889	A
320	0.0219	0.02193	A
321	0.02616	0.02617	A
322	0.0063	0.0065	G
323	0.02377	0.02392	A
324	0.00785	0.00797	G
325	0.01043	0.01098	T
326	0.02059	0.02083	A
327	0.00901	0.00936	T
328	0.006	0.00745	G
329	0.03667	0.03716	A
330	0.01177	0.01207	T
331	0.00616	0.00622	G
332	0.00705	0.00707	G
333	0.00835	0.00835	G
334	0.00746	0.00746	G
335	0.00783	0.01024	T
336	0.00773	0.00773	G
337	0.00812	0.00826	G
338	0.00699	0.00782	T
339	0.00677	0.00677	G
340	0.00755	0.00763	G
341	0.00795	0.00796	T
342	0.01011	0.01024	T
343	0.0086	0.00945	G
344	0.01124	0.01192	T
345	0.00834	0.00835	G
346	0.00823	0.00828	G
347	0.00721	0.00756	T
348	0.01266	0.0127	A
349	0.01282	0.01287	A
350	0.01238	0.01238	A
351	0.02068	0.02131	C
352	0.00697	0.00698	T
353	0.00743	0.00745	T
354	0.00881	0.00887	T
355	0.01614	0.01634	A
356	0.01901	0.01906	A
357	0.00886	0.00907	T
358	0.01782	0.01833	A
359	0.00722	0.00735	G
360	0.00798	0.00809	T
361	0.00779	0.00809	G
362	0.0093	0.00976	T
363	0.01753	0.0179	A
364	0.00586	0.0059	G
365	0.00689	0.00696	G
366	0.01595	0.01598	A
367	0.0292	0.02921	A
368	0.00623	0.0066	G
369	0.01929	0.01961	C
370	0.00786	0.00805	T
371	0.00631	0.00676	G
372	0.0151	0.01524	A
373	0.01266	0.01274	A
374	0.00912	0.01061	T
375	0.01657	0.01657	A
376	0.01285	0.01537	A
377	0.00782	0.00785	T
378	0.00828	0.00834	T
379	0.00846	0.00857	T
380	0.01615	0.01834	A
381	0.00996	0.01004	T
382	0.00607	0.00706	G
383	0.02923	0.02929	A
384	0.02202	0.02206	A
385	0.00593	0.00602	G
386	0.00602	0.00605	G
387	0.01799	0.0229	A
388	0.00714	0.00735	G
389	0.02998	0.03128	A
390	0.00842	0.00842	G
391	0.00667	0.00667	G
392	0.00744	0.00744	G
393	0.00794	0.00795	G
394	0.00701	0.00856	T
395	0.03012	0.03054	C
396	0.02452	0.02531	A
397	0.00642	0.00643	G
398	0.00486	0.00488	G
399	0.00839	0.0084	G
400	0.007	0.00705	T
401	0.00765	0.00767	T
402	0.0079	0.00819	G
403	0.02435	0.0245	A
404	0.00914	0.00914	T
405	0.00834	0.0084	T
406	0.0273	0.02804	C
407	0.00905	0.00906	G
408	0.00771	0.00773	G
409	0.00467	0.00469	G
410	0.02131	0.02357	A
411	0.00747	0.00747	G
412	0.00621	0.00627	G
413	0.01198	0.01687	A
414	0.00642	0.00733	T
415	0.01559	0.01563	C
416	0.01573	0.01583	C
417	0.00658	0.0069	T
418	0.02027	0.0222	A
419	0.00945	0.00946	T
420	0.01074	0.01077	T
421	0.00639	0.00642	G
422	0.00607	0.00609	G
423	0.01012	0.01088	T
424	0.0077	0.00831	G
425	0.0329	0.03436	C
426	0.01131	0.01131	G
427	0.00593	0.00593	G
428	0.00778	0.00778	G
429	0.00747	0.00747	G
430	0.008	0.00803	G
431	0.03105	0.03234	C
432	0.00661	0.00663	T
433	0.00646	0.00648	T
434	0.00619	0.00627	T
435	0.00522	0.00538	G
436	0.00503	0.0053	T
437	0.01725	0.0174	A
438	0.00608	0.00639	T
439	0.00631	0.00654	G
440	0.02246	0.02283	A
441	0.00654	0.00654	T
442	0.00968	0.0098	T
443	0.02071	0.02677	A
444	0.01922	0.02038	T
445	0.00734	0.0074	G
446	0.00492	0.00493	G
447	0.0055	0.0055	G
448	0.01808	0.02023	C
449	0.01094	0.01133	G
450	0.01279	0.01291	T
451	0.00748	0.00754	T
452	0.00549	0.00563	G
453	0.01694	0.01709	A
454	0.00842	0.00842	T
455	0.0082	0.00822	T
456	0.0224	0.02618	A
457	0.00526	0.00542	G
458	0.00652	0.00688	T
459	0.01868	0.01912	A
460	0.00628	0.00654	G
461	0.00964	0.00996	T
462	0.02228	0.02273	A
463	0.00645	0.00664	G
464	0.00813	0.00819	T
465	0.00812	0.00827	T
466	0.01381	0.0177	A
467	0.02482	0.025	C
468	0.00768	0.00804	T
469	0.00626	0.00626	G
470	0.00521	0.00522	G
471	0.00761	0.00763	T
472	0.00796	0.00797	T
473	0.00813	0.00839	G
474	0.01855	0.0187	A
475	0.01662	0.01667	A
476	0.02682	0.02706	C
477	0.02096	0.02109	A
478	0.00879	0.00885	T
479	0.00902	0.00905	T
480	0.00541	0.00634	G
481	0.0068	0.00681	T
482	0.0088	0.0088	T
483	0.00896	0.00902	T
484	0.00706	0.00803	G
485	0.0114	0.0114	T
486	0.01259	0.0126	T
487	0.00679	0.0068	G
488	0.00692	0.00699	G
489	0.00582	0.00591	T
490	0.00823	0.00841	G
491	0.00971	0.01004	T
492	0.01536	0.01575	A
493	0.0097	0.00976	T
494	0.01871	0.01911	A
495	0.00878	0.00901	T
496	0.01748	0.01786	A
497	0.00963	0.00963	T
498	0.0094	0.00948	T
499	0.00511	0.00567	G
500	0.00806	0.00897	T
501	0.02137	0.02158	A
502	0.02017	0.02033	A
503	0.0114	0.01144	T
504	0.01155	0.01161	T
505	0.0059	0.00629	G
506	0.02242	0.02279	A
507	0.00666	0.00678	G
508	0.0207	0.0215	A
509	0.0088	0.00889	T
510	0.01111	0.01114	T
511	0.00754	0.00811	G
512	0.02062	0.02075	C
513	0.01475	0.01531	T
514	0.03917	0.03973	C
515	0.00918	0.00923	G
516	0.00781	0.00781	G
517	0.00657	0.00657	G
518	0.00581	0.00581	G
519	0.00622	0.00622	G
520	0.01942	0.01942	A
521	0.02058	0.02058	A
522	0.00921	0.00921	T
523	0.00065	0.00065	A
524	0.0	0.0	G
525	0.0	0.0	G
