Position	Mismatches	Mismatches + Deletions	Base
1	0.0	0.0	G
2	0.0	0.0	C
3	0.0	0.0	T
4	0.00388	0.00388	A
5	0.0146	0.0146	A
6	0.01647	0.01647	A
7	0.02063	0.02338	C
8	0.03079	0.03079	C
9	0.03208	0.04591	T
10	0.00056	0.00084	A
11	0.00308	0.00336	G
12	0.0	0.0	C
13	0.0	0.0	C
14	0.0	0.0	C
15	0.00051	0.00051	C
16	0.0005	0.0005	A
17	0.00025	0.00025	A
18	0.00076	0.00076	A
19	0.001	0.001	C
20	0.00523	0.00523	C
21	0.00174	0.00174	C
22	0.0005	0.0005	A
23	0.00199	0.00223	C
24	0.0005	0.00397	T
25	0.00323	0.00323	C
26	0.00323	0.00347	C
27	0.00049	0.00049	A
28	0.00099	0.00099	C
29	0.00025	0.00025	C
30	0.00049	0.00049	T
31	0.00025	0.00025	T
32	0.00099	0.00148	A
33	0.00124	0.00124	C
34	0.0	0.0	T
35	0.00099	0.00099	A
36	0.00322	0.00322	C
37	0.0	0.0	C
38	0.00025	0.00051	A
39	0.00076	0.00101	G
40	0.00077	0.00077	A
41	0.00181	0.00233	C
42	0.0021	0.0021	A
43	0.00186	0.00186	A
44	0.00335	0.00335	C
45	0.00233	0.00233	C
46	0.00034	0.00034	T
47	0.00076	0.00076	T
48	0.00041	0.00041	A
49	0.00046	0.00092	G
50	0.00199	0.00199	C
51	0.00106	0.00106	C
52	0.00127	0.00127	A
53	0.00199	0.00199	A
54	0.0	0.0	A
55	0.00797	0.00797	C
56	0.00083	0.00083	C
57	0.00248	0.00248	A
58	0.00082	0.00082	T
59	0.00334	0.00334	T
60	0.00347	0.00347	T
61	0.00677	0.00846	A
62	0.02995	0.02995	C
63	0.0236	0.0236	C
64	0.02245	0.02245	C
65	0.00146	0.00146	A
66	0.00466	0.00466	A
67	0.00154	0.00154	A
68	0.00435	0.0046	T
69	0.00077	0.00077	A
70	0.00076	0.00076	A
71	0.00076	0.00076	A
72	0.00127	0.00127	G
73	0.00025	0.00025	T
74	0.00707	0.00707	A
75	0.0	0.0	T
76	0.00075	0.00075	A
77	0.00025	0.00025	G
78	0.00025	0.00025	G
79	0.00075	0.00075	C
80	0.00025	0.00025	G
81	0.00075	0.00075	A
82	0.00025	0.00025	T
83	0.00025	0.00025	A
84	0.00124	0.00149	G
85	0.0	0.0	A
86	0.00298	0.00298	A
87	0.00174	0.00174	A
88	0.0	0.0	T
89	0.00074	0.00074	T
90	0.00025	0.00025	G
91	0.0005	0.0005	A
92	0.00124	0.00124	A
93	0.0015	0.0015	A
94	0.00333	0.00333	C
95	0.0021	0.0021	C
96	0.00241	0.00241	T
97	0.0	0.0	G
98	0.00082	0.00082	G
99	0.00701	0.00701	C
100	0.00092	0.00092	G
101	0.00119	0.00357	C
102	0.00372	0.00372	A
103	0.00867	0.00867	A
104	0.00123	0.00247	T
105	0.00127	0.00127	A
106	0.0	0.0	G
107	0.00758	0.00758	A
108	0.00127	0.00127	T
109	0.00386	0.00386	A
110	0.00814	0.00977	T
111	0.00469	0.00469	A
112	0.0107	0.0107	G
113	0.00266	0.00398	T
114	0.007	0.007	A
115	0.00116	0.00116	C
116	0.00686	0.00686	C
117	0.00114	0.00114	G
118	0.00679	0.00679	C
119	0.0	0.0	A
120	0.00111	0.00111	A
121	0.0	0.0	G
122	0.00329	0.00329	G
123	0.00219	0.00219	G
124	0.0033	0.0033	A
125	0.00545	0.00545	A
126	0.00219	0.00219	A
127	0.0011	0.0011	G
128	0.00329	0.00329	A
129	0.00423	0.00529	T
130	0.00319	0.00319	G
131	0.00304	0.00304	A
132	0.00399	0.00399	A
133	0.00696	0.00696	A
134	0.00198	0.00198	A
135	0.00597	0.00597	A
136	0.005	0.005	T
137	0.01118	0.01118	T
138	0.01009	0.01211	A
139	0.00608	0.00608	T
140	0.01121	0.01121	A
141	0.01128	0.01128	A
142	0.01446	0.01446	C
143	0.00316	0.00316	C
144	0.00348	0.00348	A
145	0.0	0.0	A
146	0.00126	0.00126	G
147	0.00305	0.00305	C
148	0.01708	0.01708	A
149	0.00504	0.00504	T
150	0.01701	0.01701	A
151	0.00687	0.00687	A
152	0.01217	0.01217	T
153	0.00526	0.00526	A
154	0.00176	0.00176	T
155	0.0	0.0	A
156	0.0	0.0	G
157	0.0018	0.0018	C
158	0.00362	0.00362	A
159	0.00356	0.00356	A
160	0.00542	0.00542	G
161	0.00546	0.00546	G
162	0.00733	0.00733	A
163	0.0	0.0	C
164	0.00365	0.00365	T
165	0.0163	0.0163	A
166	0.00726	0.00726	A
167	0.00907	0.00907	C
168	0.00364	0.00364	C
169	0.0	0.0	C
170	0.0	0.0	C
171	0.00191	0.00191	T
172	0.00778	0.00778	A
173	0.00198	0.00198	T
174	0.0	0.0	A
175	0.00204	0.00204	C
176	0.0082	0.0082	C
177	0.0	0.0	T
178	0.0	0.0	T
179	0.00441	0.01101	C
180	0.00221	0.00221	T
181	0.00233	0.00233	G
182	0.00703	0.00703	C
183	0.0	0.0	A
184	0.0	0.00244	T
185	0.0	0.0	A
186	0.00249	0.00249	A
187	0.0	0.0	T
188	0.0	0.0	G
189	0.00248	0.00248	A
190	0.00251	0.00251	A
191	0.00251	0.00251	T
192	0.00754	0.00754	T
193	0.005	0.005	A
194	0.0	0.0	A
195	0.0	0.0	C
196	0.00739	0.00739	T
197	0.00752	0.00752	A
198	0.00251	0.00251	G
199	0.00251	0.00251	A
200	0.00506	0.00506	A
201	0.00505	0.00505	A
202	0.00514	0.00514	T
203	0.03342	0.03342	A
204	0.00769	0.01026	A
205	0.00252	0.00252	C
206	0.01042	0.01042	T
207	0.0	0.0	T
208	0.00465	0.00465	T
209	0.0045	0.0045	G
210	0.00486	0.00486	C
211	0.0	0.0	A
212	0.0	0.0	A
213	0.00381	0.00381	G
214	0.00124	0.00124	G
215	0.00336	0.00447	A
216	0.00309	0.00309	G
217	0.00095	0.00095	A
218	0.00187	0.00187	G
219	0.0	0.0	C
220	0.0	0.0	C
221	0.00091	0.00091	A
222	0.0107	0.0107	A
223	0.0	0.0	A
224	0.00643	0.00803	G
225	0.0008	0.00241	C
226	0.00079	0.00395	T
227	0.00157	0.00157	A
228	0.0	0.0	A
229	0.00154	0.00154	G
230	0.00078	0.00078	A
231	0.00154	0.00154	C
232	0.0	0.0	C
233	0.00077	0.00077	C
234	0.00077	0.00077	C
235	0.00154	0.00154	C
236	0.00155	0.00155	G
237	0.0	0.0	A
238	0.00079	0.00079	A
239	0.00159	0.00159	A
240	0.00159	0.00159	C
241	0.0008	0.0008	C
242	0.0	0.0	A
243	0.0	0.0	G
244	0.0	0.0	A
245	0.00087	0.00087	C
246	0.00091	0.00091	G
247	0.0013	0.0013	A
248	0.00134	0.00134	G
249	0.0	0.0	C
250	0.0	0.0	T
251	0.0	0.0	A
252	0.0	0.0	C
253	0.0	0.0	C
254	0.0	0.00141	T
255	0.0	0.0	A
256	0.02377	0.02377	A
257	0.00149	0.00149	G
258	0.00147	0.00147	A
259	0.00303	0.00303	A
260	0.00671	0.00671	C
261	0.01712	0.01712	A
262	0.00348	0.00348	G
263	0.00692	0.00692	C
264	0.0	0.0	T
265	0.00694	0.00694	A
266	0.0069	0.0069	A
267	0.02456	0.02456	A
268	0.02048	0.02048	A
269	0.0035	0.0035	G
270	0.0	0.0	A
271	0.0	0.0	G
272	0.0	0.0	C
273	0.01111	0.01111	A
274	0.17537	0.1791	C
275	0.00755	0.00755	A
276	0.00376	0.00376	C
277	0.0	0.0	C
278	0.0	0.0	C
279	0.0	0.0	G
280	0.00368	0.00368	T
281	0.00361	0.00722	C
282	0.00345	0.00345	T
283	0.0	0.0	A
284	0.0	0.0	T
285	0.00987	0.00987	G
286	0.0	0.0	T
287	0.01374	0.01374	A
288	0.0	0.0	G
289	0.01711	0.01711	C
290	0.02788	0.02788	A
291	0.00741	0.00741	A
292	0.00464	0.00464	A
293	0.00659	0.00659	A
294	0.0007	0.0007	T
295	0.00205	0.00205	A
296	0.0	0.0	G
297	0.0	0.0	T
298	0.0	0.0	G
299	0.0	0.0	G
300	0.0	0.0	G
301	0.00409	0.00409	A
302	0.00341	0.00341	A
303	0.0	0.0	G
304	0.00413	0.00413	A
305	0.0	0.0	T
306	0.00068	0.00068	T
307	0.0	0.0	T
308	0.00621	0.00759	A
309	0.00069	0.00069	T
310	0.0	0.0	A
311	0.00069	0.00069	G
312	0.00138	0.00138	G
313	0.0	0.0	T
314	0.0	0.0	A
315	0.0	0.0	G
316	0.02069	0.02069	A
317	0.00207	0.00207	G
318	0.00277	0.00277	G
319	0.00829	0.00829	C
320	0.00483	0.00552	G
321	0.00276	0.00276	A
322	0.04282	0.04351	C
323	0.00276	0.00276	A
324	0.00414	0.00414	A
325	0.00628	0.00628	A
326	0.00069	0.00069	C
327	0.0	0.0	C
328	0.00071	0.00071	T
329	0.0007	0.0007	A
330	0.00353	0.00353	C
331	0.00071	0.00071	C
332	0.0	0.0	G
333	0.00284	0.00284	A
334	0.00071	0.00071	G
335	0.0	0.0	C
336	0.0	0.0	C
337	0.0	0.0	T
338	0.0	0.0	G
339	0.0	0.0	G
340	0.00073	0.00073	T
341	0.00074	0.00074	G
342	0.00074	0.00074	A
343	0.0	0.0	T
344	0.0	0.0	A
345	0.00074	0.00074	G
346	0.0	0.0	C
347	0.00147	0.00147	T
348	0.00072	0.00072	G
349	0.0	0.0	G
350	0.0	0.0	T
351	0.00073	0.00073	T
352	0.00144	0.00144	G
353	0.00202	0.00202	T
354	0.0	0.0	C
355	0.00309	0.00309	C
356	0.00123	0.00123	A
357	0.0	0.0	A
358	0.00179	0.00239	G
359	0.00178	0.00178	A
360	0.0	0.0	T
361	0.00589	0.00589	A
362	0.00175	0.00175	G
363	0.00466	0.00466	A
364	0.00524	0.00524	A
365	0.00059	0.00059	T
366	0.00698	0.00698	C
367	0.00116	0.00116	T
368	0.00115	0.00115	T
369	0.00173	0.00289	A
370	0.00172	0.00172	G
371	0.00171	0.00171	T
372	0.0	0.0	T
373	0.00498	0.00498	C
374	0.08779	0.08779	A
375	0.00101	0.00101	A
376	0.00152	0.00202	C
377	0.0005	0.0005	T
378	0.0	0.0	T
379	0.0	0.0	T
380	0.00149	0.00149	A
381	0.00049	0.00049	A
382	0.00246	0.00246	A
383	0.00441	0.00441	T
384	0.00145	0.00145	T
385	0.00317	0.00317	T
386	0.00319	0.0041	G
387	0.00046	0.00046	C
388	0.00412	0.00412	C
389	0.00229	0.00229	C
390	0.00824	0.00915	A
391	0.10082	0.10128	C
392	0.00412	0.00549	A
393	0.0018	0.0018	G
394	0.00371	0.00371	A
395	0.00511	0.00511	A
396	0.07387	0.07387	C
397	0.00559	0.00559	C
398	0.00913	0.00913	C
399	0.00272	0.00317	T
400	0.01754	0.01844	C
401	0.01477	0.01564	T
402	0.00718	0.00718	A
403	0.04107	0.04107	A
404	0.01254	0.01294	A
405	0.00468	0.00546	T
406	0.00665	0.00665	C
407	0.00438	0.00438	C
408	0.00459	0.00459	C
409	0.00715	0.00715	C
410	0.00039	0.00039	T
411	0.00078	0.00078	T
412	0.0	0.0	G
413	0.00218	0.00399	T
414	0.00101	0.00101	A
415	0.00769	0.00802	A
416	0.00645	0.00645	A
417	0.00189	0.00189	T
418	0.00222	0.00222	T
419	0.00225	0.00225	T
420	0.00065	0.00065	A
421	0.00392	0.00392	A
422	0.0172	0.01753	C
423	0.00355	0.00355	T
424	0.00258	0.00258	G
425	0.00167	0.00167	T
426	0.00101	0.00101	T
427	0.01898	0.02102	A
428	0.00034	0.00034	G
429	0.00068	0.00068	T
430	0.00069	0.00069	C
431	0.00069	0.00069	C
432	0.0	0.0	A
433	0.00174	0.00174	A
434	0.00105	0.00105	A
435	0.0	0.0	G
436	0.00178	0.00178	A
437	0.00177	0.00177	G
438	0.00071	0.00107	G
439	0.0061	0.0061	A
440	0.01154	0.0119	A
441	0.01235	0.01235	C
442	0.01309	0.01309	A
443	0.00073	0.00073	G
444	0.0	0.0	C
445	0.0	0.00036	T
446	0.00036	0.00036	C
447	0.00109	0.00109	T
448	0.0	0.0	T
449	0.0	0.0	T
450	0.00036	0.00036	G
451	0.0	0.0	G
452	0.0	0.0	A
453	0.00146	0.00146	C
454	0.00295	0.00295	A
455	0.39115	0.39151	C
456	0.00146	0.00146	T
457	0.0022	0.0022	A
458	0.00183	0.00183	G
459	0.00284	0.00284	G
460	0.00098	0.00098	A
461	0.00261	0.00261	A
462	0.0013	0.0013	A
463	0.00844	0.00844	A
464	0.00423	0.00423	A
465	0.00261	0.00261	A
466	0.0049	0.0049	C
467	0.00131	0.00131	C
468	0.00098	0.00098	T
469	0.00132	0.00132	T
470	0.00066	0.00066	G
471	0.00132	0.00165	T
472	0.02356	0.02389	A
473	0.00233	0.00233	G
474	0.00067	0.00067	A
475	0.00167	0.00201	G
476	0.00034	0.00034	A
477	0.00101	0.00134	G
478	0.0	0.0	A
479	0.01362	0.01396	G
480	0.00137	0.00171	T
481	0.00102	0.00102	A
482	0.00034	0.00034	A
483	0.0	0.0	A
484	0.00069	0.00069	A
485	0.00377	0.00377	A
486	0.00172	0.00172	A
487	0.00208	0.00208	T
488	0.00456	0.00456	T
489	0.00264	0.00264	T
490	0.00457	0.00457	A
491	0.00921	0.00921	A
492	0.00694	0.00694	C
493	0.00233	0.00233	A
494	0.00778	0.00778	C
495	0.01249	0.01249	C
496	0.00708	0.00708	C
497	0.00158	0.00158	A
498	0.0	0.0	T
499	0.00201	0.00242	A
500	0.0	0.0	G
501	0.00041	0.00123	T
502	0.00991	0.00991	A
503	0.00083	0.00083	G
504	0.0	0.0	G
505	0.00042	0.00042	C
506	0.00042	0.00042	C
507	0.00042	0.00042	T
508	0.00085	0.00085	A
509	0.00341	0.00341	A
510	0.00446	0.00446	A
511	0.02742	0.02742	A
512	0.00226	0.00226	G
513	0.00091	0.00091	C
514	0.00454	0.00454	A
515	0.00046	0.00046	G
516	0.0	0.0	C
517	0.00138	0.00138	C
518	0.00139	0.00185	A
519	0.0	0.0	C
520	0.00094	0.00094	C
521	0.00141	0.00141	A
522	0.00329	0.00329	A
523	0.00094	0.00094	T
524	0.00048	0.00048	T
525	0.00526	0.00526	A
526	0.00666	0.00714	A
527	0.00048	0.00048	G
528	0.00048	0.00048	A
529	0.0112	0.0112	A
530	0.00196	0.00196	A
531	0.00098	0.00098	G
532	0.0005	0.0005	C
533	0.00203	0.00203	G
534	0.00103	0.00103	T
535	0.0036	0.0036	T
536	0.00628	0.00628	C
537	0.00692	0.00692	A
538	0.00856	0.00909	A
539	0.00108	0.00108	G
540	0.0	0.0	C
541	0.00055	0.00055	T
542	0.00112	0.00112	C
543	0.00287	0.00287	A
544	0.00751	0.00751	A
545	0.03747	0.03864	C
546	0.00595	0.00595	A
547	0.01112	0.01112	C
548	0.00895	0.00895	C
549	0.0048	0.0048	C
550	0.0079	0.00972	A
551	0.0123	0.01292	C
552	0.00675	0.00675	T
553	0.01049	0.01049	A
554	0.01183	0.01183	C
555	0.01695	0.01695	C
556	0.00574	0.00574	T
557	0.00122	0.00122	A
558	0.0	0.0	A
559	0.0037	0.0037	A
560	0.00066	0.00066	A
561	0.00405	0.00405	A
562	0.00137	0.00137	A
563	0.00278	0.00278	T
564	0.00711	0.00711	C
565	0.00574	0.00574	C
566	0.00509	0.00509	C
567	0.00444	0.00444	A
568	0.01564	0.01564	A
569	0.00229	0.00229	A
570	0.01069	0.01069	C
571	0.00696	0.00696	A
572	0.00157	0.00157	T
573	0.01116	0.01276	A
574	0.00161	0.00161	T
575	0.01556	0.01556	A
576	0.00664	0.00664	A
577	0.01185	0.01185	C
578	0.00258	0.00258	T
579	0.0	0.0	G
580	0.00358	0.00358	A
581	0.03717	0.03717	A
582	0.00367	0.00367	C
583	0.00093	0.00093	T
584	0.0	0.0	C
585	0.00198	0.00198	C
586	0.00319	0.00319	T
587	0.0	0.00343	C
588	0.00368	0.00368	A
589	0.01494	0.01619	C
590	0.00642	0.00642	A
591	0.01533	0.01533	C
592	0.00907	0.00907	C
593	0.01169	0.01169	C
594	0.00531	0.00531	A
595	0.00801	0.00801	A
596	0.00133	0.00133	T
597	0.00404	0.00404	T
598	0.00136	0.00136	G
599	0.00135	0.00135	G
600	0.00409	0.00409	A
601	0.0	0.0	C
602	0.00137	0.00137	C
603	0.00425	0.00425	A
604	0.00282	0.00282	A
605	0.00289	0.00289	T
606	0.0014	0.0014	C
607	0.00142	0.00142	T
608	0.00416	0.00693	A
609	0.00858	0.01001	T
610	0.00731	0.00731	C
611	0.02511	0.02659	A
612	0.0131	0.0131	C
613	0.00439	0.00439	C
614	0.0277	0.0277	C
615	0.00147	0.00441	T
616	0.00441	0.00441	A
617	0.00148	0.00148	T
618	0.00149	0.00149	A
619	0.0015	0.0015	G
620	0.00443	0.00443	A
621	0.00604	0.00604	A
622	0.00153	0.00153	G
623	0.01541	0.01541	A
624	0.00605	0.00605	A
625	0.01343	0.01791	C
626	0.00888	0.01036	T
627	0.00144	0.00144	A
628	0.00439	0.00439	A
629	0.00293	0.00293	T
630	0.00292	0.00292	G
631	0.00303	0.00303	T
632	0.0	0.0	T
633	0.01039	0.01039	A
634	0.00295	0.00295	G
635	0.00147	0.00147	T
636	0.00145	0.00145	A
637	0.00145	0.0029	T
638	0.0	0.0	A
639	0.00291	0.00291	A
640	0.00291	0.00291	G
641	0.00144	0.00144	T
642	0.0158	0.0158	A
643	0.00144	0.00144	A
644	0.00435	0.00581	C
645	0.01003	0.01003	A
646	0.0014	0.0014	T
647	0.00845	0.00845	G
648	0.00862	0.00862	A
649	0.00281	0.00281	A
650	0.05256	0.05256	A
651	0.01108	0.01108	A
652	0.04527	0.05487	C
653	0.02476	0.02476	A
654	0.0	0.0	T
655	0.00284	0.00284	T
656	0.00276	0.0069	C
657	0.00276	0.00276	T
658	0.00141	0.00141	C
659	0.00143	0.00143	C
660	0.00318	0.00318	T
661	0.02408	0.02408	C
662	0.02871	0.02871	C
663	0.0016	0.0016	G
664	0.0	0.0	C
665	0.0032	0.0032	A
666	0.0	0.00158	T
667	0.0142	0.0142	A
668	0.09561	0.09718	A
669	0.00312	0.00312	G
670	0.00627	0.00627	C
671	0.00311	0.00311	C
672	0.00157	0.00157	T
673	0.0	0.0	G
674	0.1046	0.1046	C
675	0.0	0.0	G
676	0.00471	0.00471	T
677	0.00156	0.00156	C
678	0.00782	0.00782	A
679	0.0	0.0	G
680	0.01553	0.01553	A
681	0.00471	0.00471	T
682	0.00311	0.00311	T
683	0.01252	0.01252	A
684	0.0078	0.0078	A
685	0.02318	0.02318	A
686	0.01997	0.01997	A
687	0.02154	0.02462	C
688	0.01231	0.01231	A
689	0.01376	0.01376	C
690	0.00154	0.00154	T
691	0.00154	0.00309	G
692	0.00926	0.00926	A
693	0.00932	0.00932	A
694	0.00306	0.00306	C
695	0.0	0.0	T
696	0.00453	0.00453	G
697	0.0	0.0	A
698	0.00452	0.00452	C
699	0.00458	0.00458	A
700	0.00749	0.00749	A
701	0.00446	0.00446	T
702	0.00149	0.00149	T
703	0.00298	0.00298	A
704	0.00912	0.00912	A
705	0.00754	0.00754	C
706	0.01218	0.02131	A
707	0.00453	0.00453	G
708	0.00755	0.00755	C
709	0.03269	0.03269	C
710	0.01418	0.01418	C
711	0.00287	0.00287	A
712	0.00286	0.00286	A
713	0.0	0.0	T
714	0.0043	0.0043	A
715	0.00143	0.00285	T
716	0.02286	0.02286	C
717	0.00714	0.00714	T
718	0.0043	0.0043	A
719	0.00571	0.00571	C
720	0.03468	0.03468	A
721	0.03079	0.03079	A
722	0.00734	0.00734	T
723	0.00736	0.00736	C
724	0.00735	0.00735	A
725	0.0149	0.0149	A
726	0.02515	0.02515	C
727	0.01915	0.01915	C
728	0.00465	0.00465	A
729	0.0126	0.0126	A
730	0.00769	0.00769	C
731	0.00307	0.00307	A
732	0.009	0.009	A
733	0.00149	0.00149	G
734	0.00742	0.00742	T
735	0.01632	0.01632	C
736	0.00586	0.00586	A
737	0.0073	0.0073	T
738	0.00745	0.00745	T
739	0.00296	0.00296	A
740	0.00296	0.00296	T
741	0.00595	0.00744	T
742	0.01788	0.0313	A
743	0.00593	0.00593	C
744	0.00592	0.00592	C
745	0.00443	0.00443	C
746	0.00741	0.00741	T
747	0.00445	0.00445	C
748	0.00901	0.00901	A
749	0.0059	0.00737	C
750	0.00291	0.00437	T
751	0.00433	0.00577	G
752	0.00522	0.00522	T
753	0.00875	0.00875	C
754	0.00753	0.00753	A
755	0.01574	0.01574	A
756	0.01538	0.01538	C
757	0.02564	0.02564	C
758	0.02341	0.02341	C
759	0.01914	0.01938	A
760	0.00135	0.00135	A
761	0.00624	0.00725	C
762	0.00224	0.00259	A
763	0.00609	0.00649	C
764	0.00173	0.002	A
765	0.00238	0.00238	G
766	0.00422	0.00426	G
767	0.00796	0.00903	C
768	0.0015	0.00184	A
769	0.00091	0.00102	T
770	0.0019	0.00197	G
771	0.00115	0.00126	C
772	0.00048	0.0005	T
773	0.00093	0.00109	C
774	0.00035	0.00044	A
775	0.00038	0.00073	T
776	0.00069	0.00069	A
777	0.00017	0.00017	A
778	0.00066	0.00067	G
779	0.00056	0.00056	G
780	8e-05	8e-05	A
781	0.00012	0.00012	A
782	0.00028	0.00028	A
783	0.00078	0.00078	G
784	0.00058	0.0006	G
785	0.00035	0.00037	T
786	0.00015	0.00022	T
787	0.00032	0.00032	A
788	0.00013	0.00013	A
789	5e-05	5e-05	A
790	3e-05	3e-05	A
791	3e-05	3e-05	A
792	0.00015	0.00015	A
793	0.00017	0.00017	A
794	0.00223	0.00306	G
795	0.0013	0.0018	T
796	0.00023	0.00029	A
797	0.00034	0.00035	A
798	0.00034	0.00034	A
799	0.0008	0.0008	A
800	0.00106	0.0011	G
801	0.00062	0.00062	G
802	0.00031	0.00031	A
803	0.00044	0.00044	A
804	0.00225	0.00328	C
805	0.00044	0.00044	T
806	0.00077	0.00077	C
807	5e-05	9e-05	G
808	5e-05	5e-05	G
809	5e-05	5e-05	C
810	0.0005	0.0005	A
811	0.00251	0.00251	A
812	0.00075	0.00075	A
813	0.00127	0.00152	T
814	0.00178	0.00178	C
815	0.00204	0.00204	T
816	0.00077	0.00077	T
817	0.00154	0.00154	A
818	0.00026	0.00026	C
819	0.0	0.0	C
820	0.00026	0.00026	C
821	0.00053	0.00053	C
822	0.00079	0.00079	G
823	0.00027	0.00027	C
824	0.00053	0.00053	C
825	0.00027	0.00027	T
826	0.00027	0.00054	G
827	0.0	0.0	T
828	0.00054	0.00054	T
829	0.00027	0.00027	T
830	0.00054	0.00054	A
831	0.00218	0.00218	C
832	0.00246	0.00246	C
833	0.0	0.0	A
834	0.0	0.0	A
835	0.0	0.0	A
836	0.00111	0.00111	A
837	0.0	0.0	A
838	0.00168	0.00168	C
839	0.00112	0.00112	A
840	0.00056	0.00056	T
841	0.0017	0.0017	C
842	0.00086	0.00086	A
843	0.0	0.0	C
844	0.0	0.0	C
845	0.0003	0.00059	T
846	0.0	0.0	C
847	0.0	0.0	T
848	0.00091	0.00091	A
849	0.0	0.0	G
850	0.00031	0.00031	C
851	0.00278	0.00278	A
852	0.00031	0.00031	T
853	0.00126	0.00126	C
854	0.00063	0.00063	A
855	0.00127	0.00127	C
856	0.00064	0.00064	C
857	0.00033	0.00033	A
858	0.0	0.0	G
859	0.00034	0.00034	T
860	0.00035	0.00035	A
861	0.0	0.0	T
862	0.0	0.0	T
863	0.0	0.0	A
864	0.0	0.0	G
865	0.00075	0.00075	A
866	0.0	0.0	G
867	0.0	0.0	G
868	0.00039	0.00039	C
869	0.00079	0.00079	A
870	0.00081	0.00081	C
871	0.00041	0.00041	C
872	0.0	0.0	G
873	0.0	0.0	C
874	0.0013	0.0013	C
875	0.0	0.00044	T
876	0.0	0.0	G
877	0.00046	0.00046	C
878	0.0	0.0	C
879	0.00188	0.00188	C
880	0.00475	0.00523	A
881	0.00048	0.00048	G
882	0.00049	0.00049	T
883	0.0	0.0	G
884	0.00207	0.00259	A
885	0.00106	0.00106	C
886	0.0	0.0	A
887	0.00276	0.00331	C
888	0.00284	0.00284	A
889	0.0	0.0	T
890	0.00119	0.00119	G
891	0.0	0.0	T
892	0.0	0.0	T
893	0.0	0.0	T
894	0.00198	0.00198	A
895	0.0	0.0	A
896	0.00142	0.00142	C
897	0.0	0.0	G
898	0.0	0.0	G
899	0.0	0.0	C
900	0.00338	0.00338	C
901	0.0	0.0	G
902	0.0	0.0	C
903	0.00099	0.00099	G
904	0.0	0.0	G
905	0.0	0.0	T
906	0.00351	0.00351	A
907	0.0	0.0	C
908	0.00399	0.00399	C
909	0.0	0.0	C
910	0.0031	0.0031	T
911	0.00162	0.00162	A
912	0.0	0.0	A
913	0.00192	0.00192	C
914	0.00216	0.00216	C
915	0.0	0.00238	G
916	0.00267	0.00267	T
917	0.0	0.0	G
918	0.0	0.0	C
919	0.0	0.0	A
920	0.0	0.0	A
921	0.0049	0.0049	A
922	0.00943	0.01415	G
923	0.0	0.0	G
924	0.00467	0.00467	T
925	0.00939	0.00939	A
926	0.01408	0.01408	G
927	0.00926	0.00926	C
928	0.02846	0.03252	A
929	0.0	0.0	T
930	0.00645	0.00645	A
931	0.00431	0.00647	A
932	0.0	0.0	T
933	0.04082	0.04082	C
934	0.0061	0.0061	A
935	0.00596	0.00596	C
936	0.0	0.0	T
937	0.0	0.0	T
938	0.0	0.0	G
939	0.0	0.0	T
940	0.0	0.0	T
941	0.00202	0.00202	C
942	0.0	0.0	C
943	0.00205	0.00205	T
944	0.00204	0.00204	T
945	0.0	0.0	A
946	0.00205	0.00205	A
947	0.67008	0.67008	A
948	0.0	0.0	T
949	0.00606	0.00606	A
950	0.00199	0.00199	G
951	0.0	0.0	G
952	0.0	0.0	G
953	0.002	0.002	A
954	0.00399	0.00399	C
955	0.01815	0.01815	C
956	0.004	0.004	T
957	0.0	0.0	G
958	0.00398	0.00398	T
959	0.01992	0.01992	A
960	0.00417	0.00417	T
961	0.00417	0.00417	G
962	0.01449	0.01449	A
963	0.01446	0.01446	A
964	0.00621	0.00621	T
965	0.00628	0.00628	G
966	0.0	0.0	G
967	0.0	0.00211	C
968	0.0021	0.0021	T
969	0.01268	0.01268	C
970	0.00633	0.00633	C
971	0.00636	0.00636	A
972	0.00422	0.00422	C
973	0.0021	0.0021	G
974	0.0	0.0	A
975	0.0	0.0	G
976	0.0	0.0	G
977	0.00621	0.00621	G
978	0.00207	0.00207	T
979	0.00207	0.00207	T
980	0.01656	0.01656	C
981	0.01397	0.01796	A
982	0.0	0.0	G
983	0.0	0.0	C
984	0.0	0.0	T
985	0.0	0.0	G
986	0.0	0.0	T
987	0.0	0.0	C
988	0.0	0.0	T
989	0.00121	0.00121	C
990	0.0	0.0	T
991	0.00119	0.00119	T
992	0.00238	0.00238	A
993	0.0012	0.0012	C
994	0.0	0.0	T
995	0.0	0.0	T
996	0.00116	0.00116	T
997	0.00116	0.00116	T
998	0.00699	0.00699	A
999	0.00235	0.00235	A
1000	0.00349	0.00349	C
1001	0.00117	0.00117	C
1002	0.00697	0.00697	A
1003	0.0	0.0	G
1004	0.0	0.0	T
1005	0.00117	0.00117	G
1006	0.00234	0.00234	A
1007	0.01637	0.01637	A
1008	0.00468	0.00468	A
1009	0.00234	0.00234	T
1010	0.0	0.0	T
1011	0.0	0.0	G
1012	0.00357	0.00357	A
1013	0.0024	0.0024	C
1014	0.00364	0.00364	C
1015	0.00858	0.01348	T
1016	0.00733	0.00733	G
1017	0.00122	0.00122	C
1018	0.00122	0.00122	C
1019	0.00244	0.00244	C
1020	0.00366	0.00366	G
1021	0.0	0.0	T
1022	0.0	0.00116	G
1023	0.00109	0.00109	A
1024	0.00326	0.00326	A
1025	0.0	0.0	G
1026	0.00546	0.00546	A
1027	0.00109	0.00109	G
1028	0.0011	0.0011	G
1029	0.0	0.0	C
1030	0.00108	0.00108	G
1031	0.00105	0.00105	G
1032	0.00207	0.00207	G
1033	0.0	0.0	C
1034	0.0	0.0	A
1035	0.0	0.0	T
1036	0.12577	0.12577	A
1037	0.00207	0.00207	A
1038	0.01879	0.02296	C
1039	0.00104	0.00104	A
1040	0.0272	0.02824	C
1041	0.00105	0.00105	A
1042	0.0	0.0	G
1043	0.00213	0.00213	C
1044	0.00106	0.00106	A
1045	0.00105	0.00105	A
1046	0.0	0.0	G
1047	0.00213	0.00213	A
1048	0.00725	0.00725	C
1049	0.00714	0.00714	G
1050	0.00762	0.00857	A
1051	0.00089	0.00089	G
1052	0.01855	0.01855	A
1053	0.00623	0.00623	A
1054	0.00274	0.00274	G
1055	0.01625	0.01625	A
1056	0.00127	0.00127	C
1057	0.0	0.0	C
1058	0.0	0.0	C
1059	0.0	0.0	T
1060	0.00212	0.00212	A
1061	0.0	0.0	T
1062	0.0	0.0	G
1063	0.00145	0.00145	G
1064	0.00146	0.00146	A
1065	0.0	0.0	G
1066	0.00221	0.00221	C
1067	0.0	0.0	T
1068	0.0015	0.0015	T
1069	0.00597	0.00597	T
1070	0.00227	0.00227	A
1071	0.0038	0.0038	A
1072	0.00308	0.00308	T
1073	0.0	0.0	T
1074	0.0	0.0	T
1075	0.01229	0.01613	A
1076	0.00306	0.00306	T
1077	0.00152	0.00152	T
1078	0.00305	0.00305	A
1079	0.00306	0.00306	A
1080	0.00152	0.00152	T
1081	0.00154	0.00154	G
1082	0.0	0.0	C
1083	0.00309	0.00309	A
1084	0.00388	0.00388	A
1085	0.00317	0.00317	A
1086	0.01882	0.01882	C
1087	0.01421	0.01579	A
1088	0.01109	0.01347	G
1089	0.00239	0.00239	T
1090	0.00561	0.00561	A
1091	0.01601	0.01601	C
1092	0.00808	0.00969	C
1093	0.00161	0.00161	T
1094	0.00486	0.00486	A
1095	0.00163	0.00163	A
1096	0.01313	0.01313	C
1097	0.00579	0.00579	A
1098	0.01247	0.01247	A
1099	0.0	0.0	A
1100	0.0	0.0	C
1101	0.0	0.0	C
1102	0.00171	0.00171	C
1103	0.00259	0.00259	A
1104	0.01217	0.01217	C
1105	0.0	0.0	A
1106	0.0	0.0	G
1107	0.0	0.0	G
1108	0.0	0.0	T
1109	0.0	0.0	C
1110	0.00282	0.00282	C
1111	0.0	0.0	T
1112	0.0	0.0	A
1113	0.00289	0.00289	A
1114	0.00195	0.00195	A
1115	0.00391	0.00391	C
1116	0.0	0.0	T
1117	0.00295	0.00393	A
1118	0.00493	0.00493	C
1119	0.0029	0.0029	C
1120	0.00094	0.00094	A
1121	0.00281	0.00281	A
1122	0.00093	0.00093	A
1123	0.00744	0.00744	C
1124	0.00093	0.00093	C
1125	0.00187	0.00187	T
1126	0.00092	0.00092	G
1127	0.0	0.0	C
1128	0.0	0.0	A
1129	0.0	0.0	T
1130	0.00086	0.00086	T
1131	0.0	0.0	A
1132	0.0	0.0	A
1133	0.0	0.0	A
1134	0.0	0.0	A
1135	0.0	0.0	A
1136	0.0	0.0	T
1137	0.0	0.0	T
1138	0.0	0.0	T
1139	0.0	0.0	C
1140	0.0	0.0	G
1141	0.00093	0.00093	G
1142	0.0	0.0	T
1143	0.00282	0.00282	T
1144	0.0	0.0	G
1145	0.0	0.0	G
1146	0.0	0.0	G
1147	0.0	0.0	G
1148	0.00395	0.00395	C
1149	0.00103	0.00103	G
1150	0.00105	0.00105	A
1151	0.00107	0.00107	C
1152	0.0	0.0	C
1153	0.00111	0.00111	T
1154	0.00228	0.00228	C
1155	0.0023	0.0023	G
1156	0.0	0.0	G
1157	0.0	0.00117	A
1158	0.00238	0.00238	G
1159	0.00358	0.00358	C
1160	0.00311	0.00311	A
1161	0.0	0.0	G
1162	0.00315	0.00315	A
1163	0.00316	0.00316	A
1164	0.00962	0.00962	C
1165	0.00162	0.00162	C
1166	0.00655	0.00655	C
1167	0.0	0.0	A
1168	0.00338	0.00338	A
1169	0.0	0.0	C
1170	0.0	0.0	C
1171	0.0	0.0	T
1172	0.0	0.0	C
1173	0.0	0.0	C
1174	0.0	0.0	G
1175	0.0	0.0	A
1176	0.0	0.0	G
1177	0.01018	0.01018	C
1178	0.00634	0.00634	A
1179	0.00217	0.00217	G
1180	0.0	0.0	T
1181	0.01351	0.01351	A
1182	0.00452	0.00452	C
1183	0.00699	0.00699	A
1184	0.00202	0.00202	T
1185	0.0	0.0	G
1186	0.0	0.0	C
1187	0.0	0.0	T
1188	0.00427	0.00427	A
1189	0.00864	0.00864	A
1190	0.00217	0.00217	G
1191	0.00875	0.00875	A
1192	0.00422	0.00422	C
1193	0.00215	0.00215	T
1194	0.01096	0.01096	T
1195	0.02013	0.02237	C
1196	0.00683	0.01139	A
1197	0.03947	0.03947	C
1198	0.04677	0.04677	C
1199	0.0	0.0	A
1200	0.0	0.0	G
1201	0.0	0.0	T
1202	0.0	0.0	C
1203	0.05314	0.05314	A
1204	0.13702	0.13702	A
1205	0.00701	0.00701	A
1206	0.00238	0.00238	G
1207	0.0024	0.0024	C
1208	0.00242	0.00242	G
1209	0.0	0.0	A
1210	0.00227	0.00227	A
1211	0.04119	0.04119	C
1212	0.00913	0.00913	T
1213	0.00913	0.00913	A
1214	0.02752	0.02752	C
1215	0.00915	0.00915	T
1216	0.02523	0.02523	A
1217	0.00907	0.00907	T
1218	0.05251	0.05251	A
1219	0.07973	0.08428	C
1220	0.00452	0.00452	T
1221	0.04977	0.05204	C
1222	0.00452	0.00452	A
1223	0.00686	0.00686	A
1224	0.00227	0.00227	T
1225	0.0	0.0	T
1226	0.00459	0.00459	G
1227	0.00458	0.00458	A
1228	0.00229	0.00229	T
1229	0.01376	0.01376	C
1230	0.00693	0.00693	C
1231	0.00698	0.00698	A
1232	0.0	0.0	A
1233	0.00466	0.00466	T
1234	0.00469	0.00469	A
1235	0.00466	0.00466	A
1236	0.02108	0.02108	C
1237	0.00233	0.00233	T
1238	0.00238	0.00238	T
1239	0.00238	0.00238	G
1240	0.00236	0.00236	A
1241	0.00948	0.00948	C
1242	0.0	0.0	C
1243	0.00957	0.00957	A
1244	0.00239	0.00239	A
1245	0.00475	0.00475	C
1246	0.00481	0.00481	G
1247	0.0	0.0	G
1248	0.00721	0.00721	A
1249	0.0	0.0	A
1250	0.0049	0.0049	C
1251	0.0	0.0	A
1252	0.0	0.0	A
1253	0.0	0.0	G
1254	0.0	0.0	T
1255	0.0	0.0	T
1256	0.0	0.0	A
1257	0.0	0.0	C
1258	0.0	0.0	C
1259	0.0	0.0	C
1260	0.0	0.0	T
1261	0.0	0.0	A
1262	0.0	0.0	G
1263	0.0	0.0	G
1264	0.0	0.0	G
1265	0.00535	0.00535	A
1266	0.00538	0.00538	T
1267	0.00272	0.00272	A
1268	0.00274	0.00274	A
1269	0.0027	0.0027	C
1270	0.00811	0.01351	A
1271	0.0	0.0	G
1272	0.0134	0.0134	C
1273	0.0	0.0	G
1274	0.01108	0.01108	C
1275	0.0	0.0	A
1276	0.0	0.0	A
1277	0.0	0.0	T
1278	0.0	0.0	C
1279	0.0	0.0	C
1280	0.0	0.0	T
1281	0.00282	0.00282	A
1282	0.00286	0.00286	T
1283	0.0	0.0	T
1284	0.00862	0.00862	C
1285	0.0	0.00287	T
1286	0.0436	0.0436	A
1287	0.0	0.0	G
1288	0.00597	0.00597	A
1289	0.0	0.0	G
1290	0.0	0.00302	T
1291	0.00304	0.00304	C
1292	0.0	0.0	C
1293	0.00307	0.00307	A
1294	0.00313	0.00313	T
1295	0.00958	0.00958	A
1296	0.0	0.0	T
1297	0.0	0.0	C
1298	0.0	0.0	A
1299	0.02341	0.02341	A
1300	0.01661	0.01661	C
1301	0.0	0.0	A
1302	0.0	0.0	A
1303	0.0	0.0	T
1304	0.00336	0.00336	A
1305	0.0	0.0	G
1306	0.0	0.0	G
1307	0.00341	0.00341	G
1308	0.0	0.0	T
1309	0.0	0.0	T
1310	0.00365	0.00365	T
1311	0.0223	0.0223	A
1312	0.00376	0.00376	C
1313	0.0	0.0	G
1314	0.0	0.0	A
1315	0.00769	0.00769	C
1316	0.0	0.0	C
1317	0.00787	0.00787	T
1318	0.0	0.0	C
1319	0.00389	0.00389	G
1320	0.00803	0.00803	A
1321	0.0	0.0	T
1322	0.00417	0.00417	G
1323	0.00844	0.00844	T
1324	0.00427	0.00427	T
1325	0.00881	0.00881	G
1326	0.0	0.0	G
1327	0.00446	0.00446	A
1328	0.0	0.0	T
1329	0.01357	0.01357	C
1330	0.02273	0.02273	A
1331	0.0	0.0	G
1332	0.0	0.0	G
1333	0.00469	0.00469	A
1334	0.00943	0.00943	C
1335	0.0	0.0	A
1336	0.0	0.0	T
1337	0.00452	0.00452	C
1338	0.0	0.0	C
1339	0.03797	0.03797	C
1340	0.0	0.0	G
1341	0.00826	0.00826	A
1342	0.01538	0.01538	T
1343	0.0	0.0	G
1344	0.01901	0.01901	G
1345	0.0	0.0	T
1346	0.0	0.0	G
1347	0.02048	0.02048	C
1348	0.0114	0.01303	A
1349	0.00852	0.00852	G
1350	0.04545	0.04545	C
1351	0.00769	0.00769	C
1352	0.00126	0.00126	G
1353	0.00253	0.00253	C
1354	0.0	0.0	T
1355	0.00619	0.00619	A
1356	0.00244	0.00244	T
1357	0.00123	0.00123	T
1358	0.00492	0.00492	A
1359	0.00861	0.00861	A
1360	0.01735	0.01735	A
1361	0.00743	0.00743	G
1362	0.0	0.0	G
1363	0.00124	0.00124	T
1364	0.0	0.0	T
1365	0.00124	0.00124	C
1366	0.00243	0.00243	G
1367	0.0	0.0	T
1368	0.0	0.0	T
1369	0.00368	0.00368	T
1370	0.00487	0.00487	G
1371	0.00734	0.00734	T
1372	0.00612	0.00612	T
1373	0.01227	0.01227	C
1374	0.00122	0.00122	A
1375	0.00862	0.00862	A
1376	0.0184	0.0184	C
1377	0.00611	0.00611	G
1378	0.00246	0.00246	A
1379	0.0	0.0	T
1380	0.00369	0.00369	T
1381	0.00368	0.00368	A
1382	0.0	0.0	A
1383	0.04819	0.04819	A
1384	0.00482	0.00482	G
1385	0.00121	0.00242	T
1386	0.0036	0.0036	C
1387	0.00119	0.00119	C
1388	0.0	0.00118	T
1389	0.01183	0.01183	A
1390	0.01429	0.01548	C
1391	0.0071	0.0071	G
1392	0.00112	0.00112	T
1393	0.00107	0.00107	G
1394	0.01392	0.01392	A
1395	0.0	0.0	T
1396	0.0127	0.0127	C
1397	0.00181	0.00181	T
1398	0.00086	0.00086	G
1399	0.00838	0.00838	A
1400	0.00162	0.00162	G
1401	0.00397	0.00397	T
1402	0.00313	0.00313	T
1403	0.02271	0.02349	C
1404	0.03813	0.03969	A
1405	0.00222	0.00222	G
1406	0.0	0.0	A
1407	0.00295	0.00295	C
1408	0.00074	0.00074	C
1409	0.0022	0.0022	G
1410	0.00073	0.00073	G
1411	0.00147	0.00221	A
1412	0.00221	0.00221	G
1413	0.00295	0.00295	T
1414	0.01185	0.01185	A
1415	0.01105	0.01105	A
1416	0.00073	0.00146	T
1417	0.0066	0.0066	C
1418	0.00367	0.00367	C
1419	0.01387	0.01752	A
1420	0.00364	0.00364	G
1421	0.00146	0.00146	G
1422	0.00073	0.00073	T
1423	0.00147	0.00147	C
1424	0.0	0.0	G
1425	0.00292	0.00292	G
1426	0.0	0.0	T
1427	0.00806	0.00806	T
1428	0.00367	0.00367	T
1429	0.01476	0.01476	C
1430	0.00074	0.00074	T
1431	0.05147	0.05147	A
1432	0.00074	0.00221	T
1433	0.0171	0.0171	C
1434	0.00664	0.00664	T
1435	0.01254	0.01401	A
1436	0.0178	0.0178	C
1437	0.00373	0.00373	T
1438	0.00224	0.00224	T
1439	0.01281	0.01281	C
1440	0.00151	0.00151	A
1441	0.00831	0.00831	A
1442	0.00531	0.00531	A
1443	0.00076	0.00076	T
1444	0.00231	0.00231	T
1445	0.00078	0.00078	C
1446	0.00157	0.00157	C
1447	0.00237	0.00237	T
1448	0.00079	0.00079	C
1449	0.00238	0.00238	C
1450	0.00555	0.00555	C
1451	0.00078	0.00078	T
1452	0.00079	0.00079	G
1453	0.0	0.0	T
1454	0.0008	0.0008	A
1455	0.00321	0.00321	C
1456	0.00081	0.00081	G
1457	0.00324	0.00324	A
1458	0.00081	0.00081	A
1459	0.0	0.0	A
1460	0.00162	0.00162	G
1461	0.0	0.0	G
1462	0.00165	0.00165	A
1463	0.0141	0.0141	C
1464	0.00168	0.00168	A
1465	0.00587	0.00587	A
1466	0.00253	0.00253	G
1467	0.00257	0.00257	A
1468	0.00086	0.00086	G
1469	0.00175	0.00175	A
1470	0.00088	0.00088	A
1471	0.00089	0.00089	A
1472	0.00179	0.00179	T
1473	0.0	0.0	A
1474	0.0	0.0	A
1475	0.0	0.0	G
1476	0.00093	0.00093	G
1477	0.0	0.0	C
1478	0.0	0.0	C
1479	0.00096	0.00096	T
1480	0.0	0.0	A
1481	0.0	0.0	C
1482	0.00104	0.00104	T
1483	0.00105	0.00105	T
1484	0.0085	0.0085	C
1485	0.0	0.0	A
1486	0.00857	0.00857	C
1487	0.00325	0.00325	A
1488	0.0	0.0	A
1489	0.00216	0.00216	A
1490	0.00218	0.00218	G
1491	0.00216	0.00216	C
1492	0.0	0.0	G
1493	0.00107	0.00107	C
1494	0.0	0.0	C
1495	0.00109	0.00109	T
1496	0.0	0.0	T
1497	0.00441	0.00441	C
1498	0.01106	0.01106	C
1499	0.01224	0.01224	C
1500	0.00677	0.00677	C
1501	0.03273	0.03273	C
1502	0.00342	0.00342	G
1503	0.00229	0.00344	T
1504	0.00226	0.00226	A
1505	0.0	0.0	A
1506	0.00638	0.00638	A
1507	0.00512	0.00512	T
1508	0.03696	0.03696	G
1509	0.00132	0.00197	A
1510	0.01671	0.01733	T
1511	0.00446	0.00446	A
1512	0.00241	0.00241	T
1513	0.0113	0.01178	C
1514	0.00885	0.00929	A
1515	0.00158	0.00198	T
1516	0.0096	0.0119	C
1517	0.00971	0.01041	T
1518	0.00198	0.00198	C
1519	0.02646	0.02729	A
1520	0.004	0.004	A
1521	0.00738	0.00738	C
1522	0.00077	0.00077	T
1523	0.00513	0.00586	T
1524	0.00069	0.0016	A
1525	0.00342	0.00364	G
1526	0.04719	0.04719	T
1527	0.0147	0.01493	A
1528	0.00022	0.00022	T
1529	0.00089	0.00089	T
1530	0.00044	0.00111	A
1531	0.00133	0.00155	T
1532	0.00177	0.00244	A
1533	0.002	0.002	C
1534	0.00067	0.00067	C
1535	0.00112	0.00112	C
1536	0.0	0.0009	A
1537	0.00135	0.0018	C
1538	0.00023	0.00023	A
1539	0.00068	0.00068	C
1540	0.00046	0.00046	C
1541	0.00023	0.00023	C
1542	0.0	0.00023	A
1543	0.00046	0.00046	C
1544	0.00023	0.00023	C
1545	0.00024	0.00024	C
1546	0.00119	0.00119	A
1547	0.0	0.0	A
1548	0.0005	0.00099	G
1549	0.00025	0.00025	A
1550	0.00051	0.00051	A
1551	0.00222	0.00222	C
1552	0.0	0.0	A
1553	0.00044	0.00044	G
1554	0.00055	0.00055	G
1555	0.00057	0.00057	G
1556	0.0	0.0	T
1557	0.0	0.0	T
1558	0.0	0.0	T
