Position	Mismatches	Mismatches + Deletions	Base
1	0.0	0.0	G
2	0.0	0.0	C
3	0.0	0.0	T
4	0.00074	0.00074	A
5	0.0104	0.0104	A
6	0.01546	0.01546	A
7	0.01164	0.01207	C
8	0.00913	0.00934	C
9	0.01215	0.02048	T
10	0.00245	0.00256	A
11	0.00457	0.00479	G
12	0.00094	0.00094	C
13	0.00093	0.00093	C
14	0.00113	0.00113	C
15	0.02189	0.02189	C
16	0.00179	0.00179	A
17	0.00305	0.00305	A
18	0.00188	0.00188	A
19	0.0117	0.01179	C
20	0.05385	0.05385	C
21	0.01205	0.01205	C
22	0.00532	0.00766	A
23	0.01192	0.0121	C
24	0.0053	0.00767	T
25	0.02762	0.02762	C
26	0.02706	0.02724	C
27	0.00407	0.00496	A
28	0.01604	0.01604	C
29	0.0033	0.0033	C
30	0.00111	0.00111	T
31	0.00127	0.00127	T
32	0.0147	0.02389	A
33	0.02772	0.02805	C
34	0.00185	0.00193	T
35	0.00223	0.00237	A
36	0.033	0.03315	C
37	0.00949	0.00949	C
38	0.00533	0.00955	A
39	0.00398	0.00405	G
40	0.01656	0.0171	A
41	0.02582	0.02807	C
42	0.03827	0.03827	A
43	0.02097	0.02147	A
44	0.02847	0.02847	C
45	0.01663	0.01688	C
46	0.00258	0.00258	T
47	0.00371	0.00377	T
48	0.00316	0.00557	A
49	0.00281	0.00315	G
50	0.02361	0.02361	C
51	0.00656	0.00669	C
52	0.00336	0.00343	A
53	0.00553	0.00553	A
54	0.00637	0.00637	A
55	0.01338	0.01338	C
56	0.00736	0.00743	C
57	0.00637	0.007	A
58	0.00335	0.00335	T
59	0.0024	0.00264	T
60	0.00262	0.00269	T
61	0.00608	0.00652	A
62	0.02053	0.02053	C
63	0.02805	0.02805	C
64	0.03943	0.03949	C
65	0.00637	0.00637	A
66	0.02735	0.02751	A
67	0.00736	0.0074	A
68	0.00349	0.00361	T
69	0.00253	0.00253	A
70	0.00198	0.00198	A
71	0.00275	0.00282	A
72	0.00187	0.00202	G
73	0.00195	0.00206	T
74	0.06809	0.06917	A
75	0.00176	0.00176	T
76	0.00354	0.00373	A
77	0.00154	0.00158	G
78	0.00162	0.00165	G
79	0.00593	0.00601	C
80	0.00298	0.00301	G
81	0.00347	0.00362	A
82	0.00159	0.00166	T
83	0.00386	0.00393	A
84	0.00202	0.00216	G
85	0.00212	0.00212	A
86	0.03976	0.03976	A
87	0.00555	0.00555	A
88	0.00122	0.00122	T
89	0.00185	0.00185	T
90	0.00395	0.00432	G
91	0.01399	0.01413	A
92	0.00989	0.00989	A
93	0.01068	0.01075	A
94	0.02719	0.02726	C
95	0.01459	0.01469	C
96	0.01158	0.01242	T
97	0.00238	0.00238	G
98	0.00608	0.0062	G
99	0.0132	0.01329	C
100	0.00727	0.00727	G
101	0.00289	0.0031	C
102	0.00324	0.00324	A
103	0.01918	0.01918	A
104	0.00187	0.00191	T
105	0.00118	0.00134	A
106	0.00205	0.00213	G
107	0.01451	0.01451	A
108	0.00308	0.00316	T
109	0.00559	0.00567	A
110	0.01464	0.01468	T
111	0.00264	0.00268	A
112	0.00429	0.00449	G
113	0.00129	0.00144	T
114	0.01119	0.01161	A
115	0.00279	0.00286	C
116	0.00309	0.00309	C
117	0.00437	0.00464	G
118	0.00674	0.00723	C
119	0.00075	0.00079	A
120	0.00078	0.00082	A
121	0.00618	0.00625	G
122	0.0023	0.0023	G
123	0.00249	0.00257	G
124	0.00886	0.00893	A
125	0.00397	0.004	A
126	0.00135	0.00135	A
127	0.00355	0.0042	G
128	0.00322	0.00322	A
129	0.0052	0.00617	T
130	0.00604	0.00719	G
131	0.0008	0.00084	A
132	0.00497	0.00497	A
133	0.00678	0.00689	A
134	0.003	0.003	A
135	0.00937	0.00937	A
136	0.02091	0.02122	T
137	0.01692	0.01755	T
138	0.01345	0.02056	A
139	0.01242	0.01375	T
140	0.01413	0.01413	A
141	0.01505	0.01519	A
142	0.03614	0.03636	C
143	0.00859	0.00859	C
144	0.00414	0.00414	A
145	0.00288	0.00288	A
146	0.00454	0.00485	G
147	0.00309	0.00322	C
148	0.00892	0.00925	A
149	0.01031	0.0106	T
150	0.02096	0.02096	A
151	0.00742	0.00784	A
152	0.02297	0.02297	T
153	0.00417	0.00481	A
154	0.01251	0.01272	T
155	0.00297	0.00297	A
156	0.00486	0.00504	G
157	0.00717	0.00779	C
158	0.00363	0.00363	A
159	0.00313	0.00327	A
160	0.00362	0.00366	G
161	0.00263	0.00263	G
162	0.00288	0.0033	A
163	0.0041	0.00423	C
164	0.00475	0.00526	T
165	0.01182	0.01191	A
166	0.00331	0.00331	A
167	0.01721	0.01721	C
168	0.00429	0.00429	C
169	0.00295	0.00295	C
170	0.00253	0.00253	C
171	0.00112	0.00142	T
172	0.00393	0.00445	A
173	0.00154	0.00223	T
174	0.00124	0.00129	A
175	0.00339	0.00344	C
176	0.00591	0.00591	C
177	0.00061	0.00061	T
178	0.00121	0.00121	T
179	0.00965	0.0107	C
180	0.00193	0.00193	T
181	0.0016	0.00221	G
182	0.01559	0.01584	C
183	0.00594	0.00607	A
184	0.00188	0.00188	T
185	0.00384	0.00384	A
186	0.00456	0.00501	A
187	0.00293	0.00306	T
188	0.00308	0.00308	G
189	0.00347	0.00347	A
190	0.00125	0.00125	A
191	0.00362	0.00362	T
192	0.00374	0.00374	T
193	0.00184	0.00184	A
194	0.00126	0.00126	A
195	0.00948	0.00981	C
196	0.00245	0.00258	T
197	0.00319	0.00371	A
198	0.00315	0.0034	G
199	0.00227	0.00227	A
200	0.00774	0.00774	A
201	0.01012	0.01012	A
202	0.00358	0.00384	T
203	0.05129	0.05129	A
204	0.00562	0.00582	A
205	0.00191	0.00198	C
206	0.00319	0.00319	T
207	0.00167	0.00174	T
208	0.00087	0.00094	T
209	0.00324	0.0033	G
210	0.00208	0.00228	C
211	0.001	0.00107	A
212	0.00298	0.00298	A
213	0.00359	0.00359	G
214	0.00273	0.0028	G
215	0.01352	0.01873	A
216	0.00157	0.00177	G
217	0.0124	0.01425	A
218	0.00378	0.0043	G
219	0.00255	0.00255	C
220	0.00248	0.00254	C
221	0.00078	0.00085	A
222	0.0455	0.04557	A
223	0.00103	0.00103	A
224	0.003	0.00313	G
225	0.00208	0.00247	C
226	0.00137	0.00189	T
227	0.00131	0.00131	A
228	0.00421	0.0046	A
229	0.00394	0.00401	G
230	0.00533	0.00546	A
231	0.00927	0.00927	C
232	0.00383	0.00383	C
233	0.00222	0.00222	C
234	0.00256	0.00256	C
235	0.00376	0.00376	C
236	0.00272	0.0028	G
237	0.00271	0.00278	A
238	0.00299	0.00299	A
239	0.01769	0.01769	A
240	0.00318	0.00318	C
241	0.00287	0.00287	C
242	0.00234	0.00309	A
243	0.00167	0.00176	G
244	0.00152	0.00169	A
245	0.00367	0.00375	C
246	0.00285	0.00293	G
247	0.0055	0.00569	A
248	0.00398	0.00407	G
249	0.00537	0.00574	C
250	0.00156	0.00193	T
251	0.00073	0.00082	A
252	0.00155	0.00155	C
253	0.00228	0.00228	C
254	0.00189	0.00225	T
255	0.00296	0.00296	A
256	0.09154	0.09172	A
257	0.00367	0.00421	G
258	0.00394	0.00394	A
259	0.00313	0.00321	A
260	0.01083	0.01112	C
261	0.04166	0.04186	A
262	0.00365	0.00375	G
263	0.00365	0.00365	C
264	0.00246	0.00246	T
265	0.02109	0.02119	A
266	0.01223	0.01223	A
267	0.02227	0.02227	A
268	0.03123	0.03123	A
269	0.00301	0.00311	G
270	0.00851	0.00908	A
271	0.00499	0.00499	G
272	0.00633	0.00699	C
273	0.01341	0.01511	A
274	0.31881	0.31963	C
275	0.00884	0.00958	A
276	0.00386	0.00386	C
277	0.00415	0.00415	C
278	0.00369	0.00369	C
279	0.00224	0.00278	G
280	0.00244	0.00244	T
281	0.0036	0.0036	C
282	0.00188	0.00197	T
283	0.00252	0.0027	A
284	0.00133	0.00133	T
285	0.0031	0.0031	G
286	0.00613	0.00631	T
287	0.01752	0.01786	A
288	0.00432	0.00448	G
289	0.01875	0.01942	C
290	0.01255	0.01255	A
291	0.00674	0.00674	A
292	0.00971	0.00971	A
293	0.00323	0.00323	A
294	0.00106	0.00162	T
295	0.00282	0.00296	A
296	0.00496	0.00538	G
297	0.00279	0.00292	T
298	0.00228	0.00228	G
299	0.00145	0.00145	G
300	0.002	0.002	G
301	0.00836	0.00842	A
302	0.01558	0.01558	A
303	0.00258	0.00278	G
304	0.00692	0.00706	A
305	0.00192	0.00192	T
306	0.00155	0.00155	T
307	0.00109	0.00109	T
308	0.01865	0.02014	A
309	0.001	0.00114	T
310	0.00121	0.00121	A
311	0.00202	0.00202	G
312	0.00209	0.00209	G
313	0.00148	0.00155	T
314	0.00154	0.00161	A
315	0.00147	0.00147	G
316	0.02471	0.02498	A
317	0.00311	0.00311	G
318	0.00393	0.00393	G
319	0.00626	0.00699	C
320	0.00432	0.00445	G
321	0.00959	0.01005	A
322	0.02619	0.02664	C
323	0.00692	0.00692	A
324	0.00823	0.00823	A
325	0.00798	0.00798	A
326	0.00432	0.00432	C
327	0.0033	0.00336	C
328	0.00181	0.00212	T
329	0.00866	0.00878	A
330	0.03194	0.032	C
331	0.00514	0.00514	C
332	0.0029	0.00326	G
333	0.02674	0.02703	A
334	0.00228	0.00228	G
335	0.00194	0.002	C
336	0.00193	0.00193	C
337	0.00082	0.00105	T
338	0.00195	0.00195	G
339	0.00147	0.00147	G
340	0.00112	0.00118	T
341	0.00298	0.00298	G
342	0.00193	0.00205	A
343	0.00155	0.00161	T
344	0.00451	0.00469	A
345	0.00214	0.00219	G
346	0.00417	0.00429	C
347	0.00151	0.00151	T
348	0.0026	0.0026	G
349	0.00201	0.00201	G
350	0.00195	0.00195	T
351	0.00145	0.00145	T
352	0.00246	0.00258	G
353	0.00197	0.00203	T
354	0.00171	0.00171	C
355	0.00216	0.00216	C
356	0.0011	0.0011	A
357	0.00124	0.0013	A
358	0.00199	0.00204	G
359	0.00806	0.00823	A
360	0.00189	0.00194	T
361	0.01429	0.01435	A
362	0.00224	0.00255	G
363	0.00622	0.00622	A
364	0.00721	0.00746	A
365	0.00246	0.00252	T
366	0.00869	0.00951	C
367	0.00219	0.00219	T
368	0.00346	0.00346	T
369	0.00641	0.00753	A
370	0.00333	0.00333	G
371	0.00166	0.00166	T
372	0.00265	0.00265	T
373	0.00583	0.00588	C
374	0.10464	0.10469	A
375	0.0021	0.0021	A
376	0.00259	0.00259	C
377	0.00097	0.00102	T
378	0.00073	0.00073	T
379	0.00077	0.00091	T
380	0.0005	0.0005	A
381	0.00109	0.00109	A
382	0.00178	0.00178	A
383	0.00124	0.00124	T
384	0.00347	0.00347	T
385	0.00865	0.00865	T
386	0.00547	0.00597	G
387	0.00268	0.00273	C
388	0.00367	0.00367	C
389	0.00736	0.0074	C
390	0.01992	0.02487	A
391	0.24403	0.24463	C
392	0.00454	0.00505	A
393	0.00294	0.00357	G
394	0.00481	0.00481	A
395	0.00593	0.00612	A
396	0.08494	0.08499	C
397	0.01203	0.01203	C
398	0.02569	0.02569	C
399	0.00921	0.01014	T
400	0.02634	0.02643	C
401	0.01571	0.01605	T
402	0.00573	0.00585	A
403	0.02383	0.02388	A
404	0.01098	0.01106	A
405	0.00512	0.00528	T
406	0.00513	0.00513	C
407	0.00684	0.00684	C
408	0.0084	0.0084	C
409	0.01765	0.01765	C
410	0.00144	0.00144	T
411	0.00197	0.00201	T
412	0.0011	0.00131	G
413	0.0014	0.00152	T
414	0.00066	0.00066	A
415	0.0023	0.00253	A
416	0.00351	0.00351	A
417	0.00099	0.00099	T
418	0.0011	0.0011	T
419	0.00128	0.00128	T
420	0.00109	0.00109	A
421	0.00167	0.00167	A
422	0.0087	0.00874	C
423	0.00134	0.00134	T
424	0.0024	0.00247	G
425	0.00139	0.00139	T
426	0.00131	0.00131	T
427	0.01579	0.01676	A
428	0.0014	0.0014	G
429	0.00109	0.0012	T
430	0.00133	0.00133	C
431	0.0015	0.0015	C
432	0.00074	0.00078	A
433	0.00091	0.00091	A
434	0.00146	0.00146	A
435	0.00143	0.00147	G
436	0.00135	0.00135	A
437	0.00351	0.00351	G
438	0.00331	0.00335	G
439	0.00992	0.00992	A
440	0.00943	0.00946	A
441	0.0163	0.01679	C
442	0.01098	0.0118	A
443	0.00397	0.00423	G
444	0.00144	0.00144	C
445	0.00045	0.00045	T
446	0.00117	0.00124	C
447	0.00025	0.00025	T
448	0.0006	0.0006	T
449	0.00069	0.00069	T
450	0.00171	0.00171	G
451	0.00177	0.00177	G
452	0.0004	0.00046	A
453	0.0011	0.0011	C
454	0.00342	0.00345	A
455	0.19431	0.19452	C
456	0.00202	0.00208	T
457	0.00201	0.00204	A
458	0.00275	0.00278	G
459	0.00649	0.00649	G
460	0.00057	0.00057	A
461	0.00199	0.00199	A
462	0.00209	0.00209	A
463	0.00582	0.00582	A
464	0.00298	0.00298	A
465	0.00287	0.00287	A
466	0.0044	0.00443	C
467	0.0031	0.0031	C
468	0.00116	0.00116	T
469	0.00153	0.00153	T
470	0.00265	0.00315	G
471	0.00245	0.00258	T
472	0.04944	0.04997	A
473	0.00236	0.00246	G
474	0.00114	0.00121	A
475	0.00299	0.00308	G
476	0.00212	0.00239	A
477	0.00342	0.00344	G
478	0.00135	0.00145	A
479	0.04624	0.04633	G
480	0.00222	0.00264	T
481	0.0006	0.0006	A
482	0.00026	0.00031	A
483	0.00062	0.00062	A
484	0.00262	0.00262	A
485	0.01396	0.01396	A
486	0.00761	0.00761	A
487	0.00727	0.00736	T
488	0.0207	0.0207	T
489	0.01154	0.01156	T
490	0.0112	0.01125	A
491	0.03611	0.03646	A
492	0.05373	0.0548	C
493	0.01913	0.01926	A
494	0.04951	0.04951	C
495	0.05058	0.05058	C
496	0.0158	0.01603	C
497	0.0048	0.00579	A
498	0.00117	0.00125	T
499	0.00335	0.0036	A
500	0.00196	0.00219	G
501	0.00146	0.00161	T
502	0.03545	0.03664	A
503	0.00154	0.00154	G
504	0.0012	0.00126	G
505	0.00207	0.00207	C
506	0.00194	0.0021	C
507	0.00116	0.00135	T
508	0.0121	0.0122	A
509	0.01267	0.01272	A
510	0.01896	0.01896	A
511	0.09831	0.09836	A
512	0.00544	0.00614	G
513	0.00317	0.00343	C
514	0.02469	0.02482	A
515	0.00311	0.00313	G
516	0.00212	0.00223	C
517	0.00174	0.0018	C
518	0.0015	0.0018	A
519	0.00352	0.00352	C
520	0.00363	0.00366	C
521	0.00225	0.00225	A
522	0.00355	0.00355	A
523	0.00119	0.00122	T
524	0.00471	0.00474	T
525	0.0166	0.01669	A
526	0.02132	0.02137	A
527	0.00402	0.00435	G
528	0.00211	0.00211	A
529	0.03079	0.03079	A
530	0.00525	0.00525	A
531	0.00261	0.00275	G
532	0.00197	0.0022	C
533	0.00376	0.00382	G
534	0.00243	0.0026	T
535	0.01124	0.0113	T
536	0.0228	0.02329	C
537	0.01211	0.01231	A
538	0.03349	0.03355	A
539	0.00365	0.00376	G
540	0.00171	0.00177	C
541	0.00245	0.00299	T
542	0.00336	0.00368	C
543	0.00676	0.00696	A
544	0.02413	0.02436	A
545	0.13764	0.14054	C
546	0.01203	0.0125	A
547	0.03038	0.03043	C
548	0.0261	0.02613	C
549	0.02481	0.02515	C
550	0.01038	0.01678	A
551	0.03177	0.03277	C
552	0.01007	0.01103	T
553	0.01852	0.01914	A
554	0.0452	0.04531	C
555	0.03063	0.0313	C
556	0.01476	0.01569	T
557	0.00053	0.00067	A
558	0.00086	0.00086	A
559	0.00396	0.00407	A
560	0.00361	0.00361	A
561	0.00534	0.00537	A
562	0.00413	0.00416	A
563	0.00999	0.0106	T
564	0.01029	0.01047	C
565	0.00908	0.00914	C
566	0.00686	0.00701	C
567	0.00989	0.01001	A
568	0.02542	0.02554	A
569	0.01029	0.01029	A
570	0.01425	0.01545	C
571	0.00254	0.00275	A
572	0.004	0.00413	T
573	0.01127	0.01208	A
574	0.00441	0.00475	T
575	0.02598	0.02598	A
576	0.01839	0.01864	A
577	0.01917	0.01945	C
578	0.00221	0.00243	T
579	0.00356	0.00373	G
580	0.00184	0.00184	A
581	0.06277	0.06284	A
582	0.00277	0.00287	C
583	0.00219	0.00252	T
584	0.00198	0.00198	C
585	0.00134	0.00134	C
586	0.00328	0.00404	T
587	0.00264	0.00384	C
588	0.0054	0.00766	A
589	0.01247	0.01293	C
590	0.0154	0.01651	A
591	0.03062	0.03062	C
592	0.01174	0.01174	C
593	0.01074	0.01074	C
594	0.00422	0.00427	A
595	0.00215	0.00229	A
596	0.0022	0.00229	T
597	0.00637	0.00637	T
598	0.00333	0.00333	G
599	0.00293	0.00293	G
600	0.00352	0.00361	A
601	0.00236	0.00245	C
602	0.00559	0.00559	C
603	0.00475	0.00475	A
604	0.00221	0.00221	A
605	0.0021	0.0021	T
606	0.00228	0.00249	C
607	0.00295	0.00322	T
608	0.00149	0.00164	A
609	0.01353	0.01626	T
610	0.00557	0.00622	C
611	0.03131	0.03219	A
612	0.04609	0.04609	C
613	0.01802	0.01807	C
614	0.06998	0.07037	C
615	0.00146	0.00213	T
616	0.00251	0.0029	A
617	0.00129	0.0014	T
618	0.0025	0.00267	A
619	0.00325	0.00347	G
620	0.00305	0.00305	A
621	0.0045	0.0045	A
622	0.00242	0.00247	G
623	0.01164	0.01164	A
624	0.0031	0.0031	A
625	0.00546	0.00578	C
626	0.00765	0.0077	T
627	0.00253	0.00258	A
628	0.00159	0.00159	A
629	0.00301	0.00307	T
630	0.00148	0.00154	G
631	0.00081	0.00081	T
632	0.00085	0.00091	T
633	0.00367	0.0039	A
634	0.00274	0.0028	G
635	0.00171	0.00171	T
636	0.0016	0.0016	A
637	0.00131	0.00131	T
638	0.0008	0.0008	A
639	0.00193	0.00199	A
640	0.00221	0.00238	G
641	0.0021	0.00221	T
642	0.00954	0.00954	A
643	0.00152	0.00158	A
644	0.00294	0.003	C
645	0.00388	0.00404	A
646	0.00279	0.00311	T
647	0.00284	0.0029	G
648	0.00287	0.00287	A
649	0.00125	0.00142	A
650	0.0354	0.03545	A
651	0.00693	0.00693	A
652	0.02879	0.03332	C
653	0.02685	0.02701	A
654	0.00241	0.00241	T
655	0.00679	0.00679	T
656	0.00245	0.00255	C
657	0.0033	0.00335	T
658	0.00323	0.00323	C
659	0.0018	0.00197	C
660	0.00407	0.00429	T
661	0.02006	0.02006	C
662	0.03494	0.03494	C
663	0.0039	0.00407	G
664	0.0019	0.00202	C
665	0.00103	0.00103	A
666	0.00283	0.00322	T
667	0.00982	0.00988	A
668	0.09254	0.09534	A
669	0.00205	0.00216	G
670	0.00255	0.00255	C
671	0.00177	0.00177	C
672	0.0009	0.00107	T
673	0.00176	0.00182	G
674	0.1356	0.13634	C
675	0.00234	0.00234	G
676	0.00137	0.00143	T
677	0.00304	0.00304	C
678	0.00363	0.00415	A
679	0.00278	0.00289	G
680	0.0234	0.02351	A
681	0.00717	0.00717	T
682	0.00494	0.00527	T
683	0.00924	0.00924	A
684	0.0069	0.00707	A
685	0.01469	0.01474	A
686	0.03021	0.03026	A
687	0.03708	0.04352	C
688	0.01818	0.01829	A
689	0.02945	0.02988	C
690	0.0048	0.00501	T
691	0.0046	0.00519	G
692	0.01669	0.01674	A
693	0.01855	0.01855	A
694	0.00688	0.00709	C
695	0.0021	0.0023	T
696	0.00401	0.00436	G
697	0.00232	0.00232	A
698	0.00364	0.00369	C
699	0.00836	0.00836	A
700	0.00907	0.00911	A
701	0.00251	0.00251	T
702	0.00347	0.00347	T
703	0.00359	0.00367	A
704	0.0072	0.00738	A
705	0.00796	0.00805	C
706	0.00808	0.00938	A
707	0.00459	0.00608	G
708	0.00738	0.00738	C
709	0.04584	0.04584	C
710	0.01897	0.01905	C
711	0.00262	0.00262	A
712	0.00403	0.00412	A
713	0.00289	0.0031	T
714	0.00391	0.00408	A
715	0.00277	0.00317	T
716	0.04301	0.04332	C
717	0.01107	0.01126	T
718	0.01486	0.01504	A
719	0.01649	0.01668	C
720	0.04775	0.04778	A
721	0.03875	0.03901	A
722	0.0051	0.00679	T
723	0.00852	0.00904	C
724	0.01014	0.01014	A
725	0.02912	0.02912	A
726	0.03847	0.03851	C
727	0.02828	0.02828	C
728	0.00483	0.00483	A
729	0.0077	0.00774	A
730	0.00906	0.00945	C
731	0.01106	0.01106	A
732	0.0163	0.0165	A
733	0.00158	0.00184	G
734	0.00471	0.00507	T
735	0.02558	0.02575	C
736	0.00672	0.00675	A
737	0.00223	0.0023	T
738	0.00224	0.00224	T
739	0.00342	0.00516	A
740	0.00295	0.00298	T
741	0.00371	0.00378	T
742	0.01288	0.0256	A
743	0.0106	0.01063	C
744	0.019	0.01904	C
745	0.01522	0.01525	C
746	0.00446	0.00491	T
747	0.00902	0.00908	C
748	0.01322	0.01335	A
749	0.00505	0.00511	C
750	0.00125	0.00132	T
751	0.00244	0.0027	G
752	0.00156	0.00172	T
753	0.00618	0.00631	C
754	0.00459	0.00472	A
755	0.02128	0.02134	A
756	0.00932	0.00938	C
757	0.00968	0.00971	C
758	0.01129	0.01134	C
759	0.01649	0.01684	A
760	0.00482	0.00485	A
761	0.01551	0.01648	C
762	0.00831	0.00885	A
763	0.01001	0.01077	C
764	0.0066	0.00733	A
765	0.00276	0.00282	G
766	0.0042	0.00431	G
767	0.05487	0.0562	C
768	0.00231	0.00276	A
769	0.0011	0.00132	T
770	0.00252	0.00261	G
771	0.00172	0.00177	C
772	0.00082	0.00096	T
773	0.00502	0.0051	C
774	0.00199	0.00213	A
775	0.0007	0.00098	T
776	0.00112	0.00112	A
777	0.00104	0.00105	A
778	0.00123	0.00123	G
779	0.0011	0.00111	G
780	0.00029	0.0003	A
781	0.0007	0.0007	A
782	0.00056	0.00056	A
783	0.00184	0.00184	G
784	0.00092	0.00097	G
785	0.00061	0.00065	T
786	0.00063	0.00073	T
787	0.00027	0.00031	A
788	4e-05	4e-05	A
789	0.00022	0.00022	A
790	0.00029	0.00029	A
791	0.00021	0.00021	A
792	0.00018	0.00018	A
793	0.00037	0.00037	A
794	0.0024	0.00311	G
795	0.00101	0.00127	T
796	0.0004	0.00045	A
797	0.00039	0.00041	A
798	0.00056	0.00056	A
799	0.00082	0.00082	A
800	0.00156	0.00156	G
801	0.00115	0.00115	G
802	0.00196	0.00196	A
803	0.0011	0.00112	A
804	0.0081	0.009	C
805	0.00187	0.0021	T
806	0.00807	0.00808	C
807	0.00092	0.00092	G
808	0.00123	0.00123	G
809	0.00157	0.00162	C
810	0.00332	0.00332	A
811	0.00493	0.00496	A
812	0.00632	0.00632	A
813	0.0038	0.00431	T
814	0.02191	0.02194	C
815	0.00745	0.00745	T
816	0.00511	0.00524	T
817	0.00762	0.00956	A
818	0.00502	0.00502	C
819	0.00282	0.00282	C
820	0.00342	0.00342	C
821	0.0056	0.0056	C
822	0.00437	0.00475	G
823	0.00711	0.00711	C
824	0.00422	0.00422	C
825	0.00179	0.00182	T
826	0.00154	0.00157	G
827	0.00162	0.00162	T
828	0.00224	0.00224	T
829	0.00221	0.00224	T
830	0.00627	0.00651	A
831	0.01373	0.01373	C
832	0.01393	0.01399	C
833	0.00222	0.00222	A
834	0.0027	0.00277	A
835	0.0027	0.0027	A
836	0.00682	0.00682	A
837	0.00278	0.00278	A
838	0.008	0.00867	C
839	0.00427	0.00447	A
840	0.00423	0.0045	T
841	0.01058	0.01075	C
842	0.00584	0.00598	A
843	0.00422	0.00422	C
844	0.0027	0.00285	C
845	0.00178	0.00186	T
846	0.0029	0.00343	C
847	0.00182	0.00189	T
848	0.0057	0.00594	A
849	0.00274	0.00345	G
850	0.00408	0.00416	C
851	0.03997	0.04041	A
852	0.00493	0.00557	T
853	0.01753	0.01789	C
854	0.03479	0.03495	A
855	0.04676	0.0468	C
856	0.00633	0.00633	C
857	0.00283	0.00355	A
858	0.00157	0.00157	G
859	0.00172	0.0018	T
860	0.00447	0.00451	A
861	0.00168	0.00168	T
862	0.00104	0.00104	T
863	0.0026	0.00278	A
864	0.00194	0.00208	G
865	0.0056	0.00592	A
866	0.00169	0.00169	G
867	0.00361	0.0037	G
868	0.01282	0.01347	C
869	0.00414	0.00447	A
870	0.01297	0.01297	C
871	0.01265	0.0127	C
872	0.00322	0.00367	G
873	0.00527	0.00527	C
874	0.0046	0.0046	C
875	0.00447	0.00543	T
876	0.0039	0.00427	G
877	0.00617	0.00617	C
878	0.00378	0.00378	C
879	0.01015	0.01015	C
880	0.08771	0.0955	A
881	0.00363	0.00379	G
882	0.00534	0.00563	T
883	0.00368	0.0038	G
884	0.00776	0.00799	A
885	0.01335	0.01352	C
886	0.03026	0.03067	A
887	0.03467	0.03542	C
888	0.01476	0.01529	A
889	0.00872	0.00901	T
890	0.00329	0.0034	G
891	0.00189	0.00189	T
892	0.00167	0.00167	T
893	0.00266	0.00266	T
894	0.00797	0.00803	A
895	0.00762	0.00762	A
896	0.01426	0.01445	C
897	0.0042	0.0042	G
898	0.00388	0.00388	G
899	0.00614	0.00614	C
900	0.02585	0.02585	C
901	0.00289	0.00303	G
902	0.00211	0.00218	C
903	0.00351	0.00351	G
904	0.00366	0.0038	G
905	0.00208	0.00215	T
906	0.01214	0.01228	A
907	0.02243	0.02243	C
908	0.01796	0.01796	C
909	0.00949	0.00949	C
910	0.0041	0.0041	T
911	0.00606	0.00606	A
912	0.00545	0.00545	A
913	0.00849	0.00849	C
914	0.00908	0.00908	C
915	0.00547	0.00602	G
916	0.00175	0.00175	T
917	0.00325	0.00333	G
918	0.01033	0.01099	C
919	0.01826	0.01834	A
920	0.01845	0.01845	A
921	0.01162	0.01162	A
922	0.00598	0.00598	G
923	0.00283	0.00283	G
924	0.00316	0.00333	T
925	0.00679	0.00679	A
926	0.00378	0.00378	G
927	0.00687	0.00687	C
928	0.01019	0.01019	A
929	0.00341	0.00357	T
930	0.00943	0.00943	A
931	0.01	0.01033	A
932	0.00295	0.00328	T
933	0.03995	0.04011	C
934	0.01338	0.01355	A
935	0.00834	0.00851	C
936	0.00186	0.00195	T
937	0.0018	0.0018	T
938	0.00284	0.00284	G
939	0.00182	0.00182	T
940	0.00079	0.00088	T
941	0.00222	0.00222	C
942	0.00143	0.00143	C
943	0.00119	0.00119	T
944	0.00171	0.00189	T
945	0.00139	0.00287	A
946	0.00237	0.00237	A
947	0.66977	0.67041	A
948	0.00228	0.00299	T
949	0.00502	0.00564	A
950	0.0021	0.0021	G
951	0.00212	0.00212	G
952	0.00185	0.00185	G
953	0.00353	0.0037	A
954	0.00194	0.00194	C
955	0.00975	0.00975	C
956	0.00281	0.00307	T
957	0.00299	0.00317	G
958	0.00291	0.00318	T
959	0.0101	0.01028	A
960	0.00477	0.00477	T
961	0.00395	0.00404	G
962	0.01132	0.01132	A
963	0.00975	0.00984	A
964	0.00366	0.00366	T
965	0.00369	0.00369	G
966	0.00272	0.00272	G
967	0.00273	0.00327	C
968	0.00155	0.00191	T
969	0.00697	0.00697	C
970	0.00629	0.00638	C
971	0.01013	0.01069	A
972	0.01241	0.0125	C
973	0.00277	0.00287	G
974	0.0067	0.00688	A
975	0.00363	0.00363	G
976	0.00271	0.00271	G
977	0.00429	0.00429	G
978	0.00197	0.00197	T
979	0.00216	0.00216	T
980	0.02344	0.0243	C
981	0.01741	0.0178	A
982	0.00208	0.00208	G
983	0.00408	0.00408	C
984	0.00142	0.00142	T
985	0.00284	0.00302	G
986	0.00212	0.00222	T
987	0.002	0.002	C
988	0.00098	0.00137	T
989	0.00272	0.00291	C
990	0.00159	0.00159	T
991	0.0018	0.002	T
992	0.00201	0.00292	A
993	0.00363	0.00383	C
994	0.00121	0.00121	T
995	0.00081	0.00081	T
996	0.00193	0.00193	T
997	0.00204	0.00204	T
998	0.00318	0.00318	A
999	0.00146	0.00146	A
1000	0.00299	0.00299	C
1001	0.00383	0.00383	C
1002	0.0111	0.013	A
1003	0.00138	0.00138	G
1004	0.00087	0.00098	T
1005	0.00206	0.00217	G
1006	0.00262	0.00262	A
1007	0.01249	0.01249	A
1008	0.00373	0.00373	A
1009	0.00179	0.00179	T
1010	0.00271	0.00271	T
1011	0.00215	0.00226	G
1012	0.00432	0.00432	A
1013	0.00276	0.00276	C
1014	0.00222	0.00222	C
1015	0.00325	0.00458	T
1016	0.00408	0.00468	G
1017	0.00048	0.00048	C
1018	0.00073	0.00073	C
1019	0.00256	0.00256	C
1020	0.00219	0.00268	G
1021	0.00134	0.00158	T
1022	0.00388	0.00388	G
1023	0.00859	0.00859	A
1024	0.007	0.007	A
1025	0.00312	0.00324	G
1026	0.00339	0.00376	A
1027	0.00132	0.00132	G
1028	0.00205	0.00205	G
1029	0.00134	0.00134	C
1030	0.00245	0.00245	G
1031	0.00281	0.00281	G
1032	0.00232	0.00232	G
1033	0.00135	0.00172	C
1034	0.00123	0.00123	A
1035	0.00086	0.00086	T
1036	0.7703	0.7703	A
1037	0.0177	0.02735	A
1038	0.07787	0.09021	C
1039	0.00657	0.00743	A
1040	0.15984	0.16999	C
1041	0.01	0.01037	A
1042	0.00408	0.00445	G
1043	0.01586	0.01635	C
1044	0.00995	0.00995	A
1045	0.00475	0.00499	A
1046	0.00208	0.0022	G
1047	0.00547	0.00572	A
1048	0.01936	0.01961	C
1049	0.00475	0.00487	G
1050	0.00505	0.00529	A
1051	0.00283	0.00295	G
1052	0.02626	0.02626	A
1053	0.00667	0.007	A
1054	0.00256	0.00268	G
1055	0.02234	0.02245	A
1056	0.00111	0.00111	C
1057	0.00114	0.00114	C
1058	0.00114	0.00114	C
1059	0.00035	0.00047	T
1060	0.00181	0.00181	A
1061	0.00133	0.00133	T
1062	0.00207	0.00207	G
1063	0.00184	0.00184	G
1064	0.00269	0.00293	A
1065	0.00098	0.00098	G
1066	0.0021	0.0021	C
1067	0.00061	0.00061	T
1068	0.0005	0.0005	T
1069	0.00372	0.00372	T
1070	0.00087	0.00087	A
1071	0.00099	0.00099	A
1072	0.0013	0.0013	T
1073	0.00062	0.00062	T
1074	0.00151	0.00151	T
1075	0.01105	0.01354	A
1076	0.003	0.003	T
1077	0.00274	0.00274	T
1078	0.0075	0.00762	A
1079	0.0058	0.0058	A
1080	0.00726	0.00776	T
1081	0.00344	0.00344	G
1082	0.00206	0.00296	C
1083	0.00387	0.00387	A
1084	0.00489	0.00489	A
1085	0.00621	0.00621	A
1086	0.02981	0.03112	C
1087	0.02335	0.02374	A
1088	0.00539	0.00565	G
1089	0.00389	0.00466	T
1090	0.0137	0.01409	A
1091	0.05231	0.05231	C
1092	0.02458	0.02497	C
1093	0.0067	0.00697	T
1094	0.01672	0.01807	A
1095	0.01832	0.01859	A
1096	0.04286	0.04327	C
1097	0.01783	0.01783	A
1098	0.03895	0.03895	A
1099	0.00317	0.00317	A
1100	0.00361	0.00361	C
1101	0.00391	0.00391	C
1102	0.00614	0.00614	C
1103	0.00252	0.00345	A
1104	0.02584	0.02598	C
1105	0.00082	0.00095	A
1106	0.00256	0.00256	G
1107	0.00142	0.00142	G
1108	0.00086	0.00086	T
1109	0.00386	0.00386	C
1110	0.0109	0.01119	C
1111	0.002	0.00257	T
1112	0.001	0.001	A
1113	0.01184	0.01198	A
1114	0.01902	0.01902	A
1115	0.0456	0.04687	C
1116	0.00922	0.00949	T
1117	0.01165	0.01165	A
1118	0.02698	0.02738	C
1119	0.01635	0.01635	C
1120	0.01002	0.01002	A
1121	0.01813	0.01826	A
1122	0.02045	0.02045	A
1123	0.04142	0.04154	C
1124	0.00962	0.00974	C
1125	0.00025	0.0005	T
1126	0.00224	0.00249	G
1127	0.00184	0.00196	C
1128	0.00061	0.00061	A
1129	0.00253	0.00253	T
1130	0.00274	0.00274	T
1131	0.00065	0.00065	A
1132	0.00149	0.00149	A
1133	0.00084	0.00084	A
1134	0.00179	0.00179	A
1135	0.00179	0.00179	A
1136	0.0022	0.0022	T
1137	0.00199	0.00199	T
1138	0.00095	0.00095	T
1139	0.00719	0.0074	C
1140	0.00264	0.00264	G
1141	0.00432	0.00432	G
1142	0.00244	0.00255	T
1143	0.00242	0.00242	T
1144	0.00317	0.00317	G
1145	0.00434	0.00434	G
1146	0.00137	0.00137	G
1147	0.00212	0.00212	G
1148	0.04142	0.05011	C
1149	0.00336	0.00336	G
1150	0.00753	0.00808	A
1151	0.01104	0.01104	C
1152	0.00329	0.00329	C
1153	0.00197	0.00251	T
1154	0.00274	0.00274	C
1155	0.00297	0.00297	G
1156	0.0032	0.00331	G
1157	0.00264	0.00319	A
1158	0.0044	0.00462	G
1159	0.01196	0.01218	C
1160	0.00958	0.01052	A
1161	0.00619	0.00748	G
1162	0.01181	0.01181	A
1163	0.01193	0.01228	A
1164	0.03022	0.03045	C
1165	0.01839	0.01874	C
1166	0.02631	0.02631	C
1167	0.00526	0.00538	A
1168	0.01155	0.01155	A
1169	0.0187	0.0187	C
1170	0.0021	0.0021	C
1171	0.00093	0.00093	T
1172	0.00151	0.00151	C
1173	0.00197	0.00197	C
1174	0.00278	0.00336	G
1175	0.00243	0.00266	A
1176	0.00591	0.00602	G
1177	0.06126	0.06161	C
1178	0.01728	0.01787	A
1179	0.00396	0.00408	G
1180	0.00396	0.00396	T
1181	0.02862	0.02897	A
1182	0.01119	0.01142	C
1183	0.00603	0.00626	A
1184	0.00498	0.00498	T
1185	0.00347	0.00359	G
1186	0.00151	0.00151	C
1187	0.00115	0.00115	T
1188	0.0037	0.0037	A
1189	0.01235	0.01235	A
1190	0.00324	0.00324	G
1191	0.00239	0.00263	A
1192	0.00252	0.00263	C
1193	0.00138	0.00138	T
1194	0.00492	0.00504	T
1195	0.01491	0.01663	C
1196	0.00794	0.00806	A
1197	0.02402	0.02402	C
1198	0.03728	0.03762	C
1199	0.00288	0.00334	A
1200	0.00196	0.00207	G
1201	0.00081	0.0015	T
1202	0.00185	0.00209	C
1203	0.03583	0.03583	A
1204	0.06512	0.06512	A
1205	0.01286	0.01297	A
1206	0.0015	0.0015	G
1207	0.00174	0.00185	C
1208	0.00484	0.00495	G
1209	0.01546	0.01569	A
1210	0.02551	0.02551	A
1211	0.06791	0.06883	C
1212	0.01654	0.01654	T
1213	0.03017	0.03064	A
1214	0.04274	0.04434	C
1215	0.01066	0.011	T
1216	0.03201	0.03428	A
1217	0.00914	0.00993	T
1218	0.02205	0.02273	A
1219	0.0357	0.03692	C
1220	0.00501	0.00545	T
1221	0.02662	0.02672	C
1222	0.0071	0.00721	A
1223	0.00701	0.00712	A
1224	0.00328	0.00328	T
1225	0.00367	0.00367	T
1226	0.00303	0.00325	G
1227	0.00671	0.00671	A
1228	0.00438	0.00482	T
1229	0.01848	0.01848	C
1230	0.00752	0.00752	C
1231	0.00964	0.00964	A
1232	0.00894	0.00906	A
1233	0.00662	0.00674	T
1234	0.02028	0.02028	A
1235	0.02246	0.02419	A
1236	0.03935	0.03958	C
1237	0.00665	0.00665	T
1238	0.00744	0.00744	T
1239	0.00646	0.00764	G
1240	0.00612	0.00612	A
1241	0.02346	0.02346	C
1242	0.01005	0.01005	C
1243	0.0469	0.04702	A
1244	0.00667	0.00667	A
1245	0.00639	0.00651	C
1246	0.00451	0.00451	G
1247	0.00368	0.00368	G
1248	0.00536	0.00536	A
1249	0.00653	0.00665	A
1250	0.00815	0.00827	C
1251	0.00243	0.00243	A
1252	0.00124	0.00124	A
1253	0.00698	0.0071	G
1254	0.00117	0.00117	T
1255	0.00179	0.00179	T
1256	0.00544	0.00974	A
1257	0.00354	0.00354	C
1258	0.00232	0.00232	C
1259	0.00317	0.00317	C
1260	0.00159	0.00183	T
1261	0.00244	0.00281	A
1262	0.00317	0.00317	G
1263	0.00319	0.00319	G
1264	0.00219	0.00219	G
1265	0.00681	0.01095	A
1266	0.00312	0.00437	T
1267	0.00875	0.00875	A
1268	0.01215	0.01335	A
1269	0.02086	0.02109	C
1270	0.00931	0.00989	A
1271	0.00239	0.00239	G
1272	0.00856	0.00867	C
1273	0.00349	0.00371	G
1274	0.02148	0.02236	C
1275	0.00214	0.00214	A
1276	0.002	0.002	A
1277	0.0009	0.00101	T
1278	0.00201	0.00201	C
1279	0.00245	0.00245	C
1280	0.00067	0.00067	T
1281	0.00088	0.0011	A
1282	0.00088	0.00088	T
1283	0.001	0.00111	T
1284	0.01023	0.01189	C
1285	0.00121	0.00121	T
1286	0.09553	0.09575	A
1287	0.00262	0.00262	G
1288	0.00314	0.00336	A
1289	0.00429	0.0044	G
1290	0.00584	0.00639	T
1291	0.03392	0.03392	C
1292	0.00594	0.00594	C
1293	0.00977	0.01328	A
1294	0.00212	0.00223	T
1295	0.03232	0.03243	A
1296	0.00229	0.0024	T
1297	0.00305	0.00327	C
1298	0.00598	0.00598	A
1299	0.00999	0.00999	A
1300	0.03222	0.03244	C
1301	0.00224	0.00224	A
1302	0.00128	0.00149	A
1303	0.00097	0.00097	T
1304	0.00376	0.00398	A
1305	0.0037	0.0038	G
1306	0.00188	0.00188	G
1307	0.0028	0.0028	G
1308	0.00156	0.00156	T
1309	0.00093	0.00093	T
1310	0.00371	0.00371	T
1311	0.00952	0.01014	A
1312	0.00962	0.00983	C
1313	0.00422	0.00422	G
1314	0.00751	0.00751	A
1315	0.00617	0.00617	C
1316	0.0098	0.0098	C
1317	0.0013	0.0017	T
1318	0.01079	0.01119	C
1319	0.00197	0.00226	G
1320	0.02473	0.02512	A
1321	0.0027	0.0027	T
1322	0.00447	0.00494	G
1323	0.00494	0.00494	T
1324	0.00243	0.00243	T
1325	0.00188	0.00188	G
1326	0.00319	0.00319	G
1327	0.00832	0.00963	A
1328	0.00231	0.00231	T
1329	0.0112	0.01129	C
1330	0.00754	0.008	A
1331	0.00258	0.00267	G
1332	0.00247	0.00247	G
1333	0.00347	0.00365	A
1334	0.00504	0.00531	C
1335	0.0154	0.01628	A
1336	0.00441	0.00467	T
1337	0.00728	0.00728	C
1338	0.00704	0.00704	C
1339	0.03781	0.03781	C
1340	0.00329	0.00362	G
1341	0.00715	0.00715	A
1342	0.00252	0.0026	T
1343	0.00391	0.00391	G
1344	0.00387	0.00387	G
1345	0.00141	0.00149	T
1346	0.00478	0.00564	G
1347	0.02171	0.02367	C
1348	0.0119	0.01314	A
1349	0.00494	0.00494	G
1350	0.05615	0.05615	C
1351	0.00832	0.00839	C
1352	0.00443	0.00466	G
1353	0.00537	0.00552	C
1354	0.00242	0.00242	T
1355	0.006	0.00607	A
1356	0.00202	0.00202	T
1357	0.00336	0.00336	T
1358	0.00778	0.00778	A
1359	0.01404	0.01404	A
1360	0.01536	0.01536	A
1361	0.00326	0.00326	G
1362	0.00424	0.00424	G
1363	0.00168	0.00168	T
1364	0.00114	0.00122	T
1365	0.00421	0.00421	C
1366	0.00543	0.00543	G
1367	0.00081	0.00081	T
1368	0.0014	0.0014	T
1369	0.00682	0.0069	T
1370	0.00635	0.0091	G
1371	0.01468	0.01468	T
1372	0.00568	0.00568	T
1373	0.01899	0.02063	C
1374	0.00719	0.00727	A
1375	0.00447	0.00447	A
1376	0.00916	0.00932	C
1377	0.00538	0.00546	G
1378	0.00327	0.00343	A
1379	0.00195	0.00202	T
1380	0.00187	0.00202	T
1381	0.00348	0.00348	A
1382	0.00603	0.00603	A
1383	0.05336	0.05343	A
1384	0.00318	0.00326	G
1385	0.00175	0.0019	T
1386	0.00394	0.00394	C
1387	0.00251	0.00258	C
1388	0.00168	0.00183	T
1389	0.01188	0.01227	A
1390	0.02287	0.02295	C
1391	0.00354	0.00369	G
1392	0.00268	0.00292	T
1393	0.00293	0.00301	G
1394	0.00658	0.00675	A
1395	0.00218	0.00234	T
1396	0.0085	0.00858	C
1397	0.00217	0.00225	T
1398	0.00223	0.00255	G
1399	0.01085	0.01101	A
1400	0.00312	0.00312	G
1401	0.00506	0.00506	T
1402	0.00525	0.00525	T
1403	0.01934	0.01998	C
1404	0.02771	0.02836	A
1405	0.00397	0.00413	G
1406	0.00423	0.00423	A
1407	0.00392	0.00392	C
1408	0.00312	0.00312	C
1409	0.0028	0.0028	G
1410	0.00128	0.00128	G
1411	0.00528	0.006	A
1412	0.00376	0.00376	G
1413	0.00433	0.00497	T
1414	0.0087	0.0087	A
1415	0.00753	0.00753	A
1416	0.00072	0.00072	T
1417	0.00289	0.00289	C
1418	0.00386	0.00386	C
1419	0.0132	0.0156	A
1420	0.00258	0.00266	G
1421	0.00231	0.00247	G
1422	0.00088	0.00096	T
1423	0.00264	0.00264	C
1424	0.00241	0.00241	G
1425	0.00282	0.00282	G
1426	0.00112	0.00112	T
1427	0.00431	0.00431	T
1428	0.00162	0.00162	T
1429	0.00804	0.0082	C
1430	0.00177	0.00177	T
1431	0.02506	0.0253	A
1432	0.00281	0.00305	T
1433	0.00909	0.00917	C
1434	0.00201	0.00225	T
1435	0.0119	0.01295	A
1436	0.01359	0.01375	C
1437	0.00305	0.00321	T
1438	0.00385	0.00385	T
1439	0.01879	0.01954	C
1440	0.00266	0.00266	A
1441	0.01636	0.01653	A
1442	0.00658	0.00675	A
1443	0.00481	0.00481	T
1444	0.00861	0.00861	T
1445	0.00531	0.00531	C
1446	0.00307	0.00307	C
1447	0.00901	0.00952	T
1448	0.0048	0.0048	C
1449	0.00318	0.00318	C
1450	0.00622	0.00622	C
1451	0.00106	0.00118	T
1452	0.00233	0.0027	G
1453	0.00213	0.00213	T
1454	0.00459	0.00472	A
1455	0.00691	0.00704	C
1456	0.00457	0.00457	G
1457	0.01246	0.01246	A
1458	0.01196	0.01196	A
1459	0.00608	0.00608	A
1460	0.00425	0.00425	G
1461	0.00161	0.00161	G
1462	0.00982	0.01294	A
1463	0.09871	0.09931	C
1464	0.02893	0.02893	A
1465	0.01837	0.01837	A
1466	0.00299	0.00314	G
1467	0.00424	0.00439	A
1468	0.00485	0.00546	G
1469	0.00341	0.00341	A
1470	0.0034	0.0034	A
1471	0.00435	0.00435	A
1472	0.0014	0.00155	T
1473	0.00238	0.00238	A
1474	0.00289	0.00289	A
1475	0.00243	0.00243	G
1476	0.00115	0.00115	G
1477	0.00102	0.00102	C
1478	0.00104	0.00104	C
1479	0.01163	0.01324	T
1480	0.00018	0.00018	A
1481	0.00113	0.00113	C
1482	0.00268	0.00268	T
1483	0.00116	0.00116	T
1484	0.01367	0.01424	C
1485	0.007	0.007	A
1486	0.0258	0.02599	C
1487	0.00394	0.00394	A
1488	0.00219	0.00219	A
1489	0.00244	0.00244	A
1490	0.00287	0.00308	G
1491	0.00164	0.00164	C
1492	0.00229	0.0027	G
1493	0.00042	0.00042	C
1494	0.00084	0.00084	C
1495	0.00233	0.00233	T
1496	0.00171	0.00192	T
1497	0.00747	0.00747	C
1498	0.03272	0.03272	C
1499	0.02463	0.02463	C
1500	0.02419	0.02419	C
1501	0.03524	0.03524	C
1502	0.00296	0.00341	G
1503	0.00184	0.00184	T
1504	0.00233	0.00233	A
1505	0.00862	0.00862	A
1506	0.0161	0.0161	A
1507	0.00396	0.00396	T
1508	0.01373	0.0142	G
1509	0.00326	0.00408	A
1510	0.01086	0.01126	T
1511	0.01103	0.01121	A
1512	0.00234	0.00234	T
1513	0.01476	0.01548	C
1514	0.00997	0.01102	A
1515	0.00373	0.00479	T
1516	0.01013	0.01113	C
1517	0.00694	0.00977	T
1518	0.01089	0.01131	C
1519	0.10788	0.10983	A
1520	0.01357	0.01357	A
1521	0.00768	0.00795	C
1522	0.00107	0.00107	T
1523	0.00366	0.00406	T
1524	0.00151	0.00227	A
1525	0.00126	0.00214	G
1526	0.20989	0.21051	T
1527	0.01523	0.01535	A
1528	0.0025	0.0025	T
1529	0.00378	0.00378	T
1530	0.00417	0.00518	A
1531	0.00568	0.00619	T
1532	0.00702	0.00714	A
1533	0.00744	0.00757	C
1534	0.00598	0.00598	C
1535	0.0047	0.0047	C
1536	0.00317	0.00383	A
1537	0.00332	0.00372	C
1538	0.00255	0.00376	A
1539	0.00162	0.00162	C
1540	0.0011	0.0011	C
1541	0.00227	0.00227	C
1542	0.00102	0.00174	A
1543	0.00088	0.00088	C
1544	0.00105	0.00105	C
1545	0.00092	0.00092	C
1546	0.00142	0.00142	A
1547	0.00081	0.00081	A
1548	0.00101	0.00134	G
1549	0.00085	0.00085	A
1550	0.00052	0.00052	A
1551	0.00371	0.00396	C
1552	0.00078	0.00078	A
1553	0.00144	0.00144	G
1554	0.001	0.001	G
1555	0.00035	0.00035	G
1556	0.0	0.0	T
1557	0.0	0.0	T
1558	0.0	0.0	T
