Position	Mismatches	Mismatches + Deletions	Base
1	0.0	0.0	A
2	0.0	0.0	T
3	0.0	0.0	T
4	0.01697	0.01697	A
5	0.01293	0.01293	A
6	0.01435	0.01481	T
7	0.02342	0.0265	C
8	0.02603	0.0261	C
9	0.02617	0.02617	C
10	0.01647	0.01647	C
11	0.00564	0.00617	T
12	0.00247	0.00251	G
13	0.00257	0.0026	G
14	0.02239	0.02239	C
15	0.02325	0.02325	C
16	0.03109	0.03116	C
17	0.01739	0.01765	A
18	0.02405	0.02412	A
19	0.04193	0.04198	C
20	0.0297	0.02978	C
21	0.04684	0.04693	C
22	0.0033	0.00437	G
23	0.00873	0.00938	T
24	0.02116	0.02124	C
25	0.01838	0.01881	A
26	0.00805	0.00822	T
27	0.0228	0.02292	C
28	0.00848	0.00873	T
29	0.06349	0.06619	A
30	0.02375	0.02455	C
31	0.00931	0.00942	T
32	0.01546	0.01671	C
33	0.00898	0.00921	T
34	0.02268	0.02352	A
35	0.04231	0.04239	C
36	0.01961	0.01976	C
37	0.01235	0.01521	A
38	0.00639	0.00653	T
39	0.02143	0.02153	C
40	0.00526	0.00526	T
41	0.00567	0.00569	T
42	0.00515	0.00516	T
43	0.00254	0.00381	G
44	0.01518	0.01608	C
45	0.00813	0.00843	A
46	0.00159	0.00159	G
47	0.0031	0.00312	G
48	0.00295	0.00305	C
49	0.01816	0.01911	A
50	0.0173	0.01757	C
51	0.01029	0.01094	A
52	0.01066	0.01086	C
53	0.00282	0.00327	T
54	0.00947	0.00964	C
55	0.01327	0.0141	A
56	0.01021	0.01079	T
57	0.05567	0.05613	C
58	0.02736	0.0288	A
59	0.03063	0.0316	C
60	0.01926	0.02053	A
61	0.00315	0.00324	G
62	0.0118	0.01189	C
63	0.00474	0.0048	G
64	0.01489	0.0154	C
65	0.00802	0.00829	T
66	0.02278	0.02288	A
67	0.02645	0.02661	A
68	0.0029	0.00318	G
69	0.01765	0.0182	C
70	0.00461	0.00492	T
71	0.01831	0.01839	C
72	0.00351	0.00385	G
73	0.00562	0.00571	C
74	0.01591	0.0161	A
75	0.01859	0.01877	C
76	0.00501	0.00504	T
77	0.00357	0.00382	G
78	0.00588	0.00602	A
79	0.00077	0.0008	T
80	0.00287	0.00288	T
81	0.00734	0.00735	T
82	0.01229	0.0123	T
83	0.017	0.017	T
84	0.01497	0.01498	T
85	0.01798	0.02197	A
86	0.03397	0.03399	C
87	0.02206	0.0221	C
88	0.00302	0.00327	T
89	0.00226	0.00233	G
90	0.00455	0.00467	A
91	0.00233	0.00238	G
92	0.00205	0.00246	T
93	0.0187	0.02056	A
94	0.0019	0.00191	G
95	0.0015	0.00152	G
96	0.00943	0.00946	C
97	0.00545	0.00548	C
98	0.00332	0.0035	T
99	0.0295	0.02979	A
100	0.00403	0.00421	G
101	0.01394	0.01399	A
102	0.02017	0.02024	A
103	0.01674	0.01682	A
104	0.01104	0.01201	T
105	0.02235	0.02235	A
106	0.02027	0.02028	A
107	0.02552	0.02577	A
108	0.03876	0.04135	C
109	0.01821	0.01856	A
110	0.00792	0.0081	T
111	0.0036	0.00376	G
112	0.0248	0.02575	C
113	0.0069	0.00708	T
114	0.01791	0.01838	A
115	0.00363	0.00375	G
116	0.02474	0.02517	C
117	0.00316	0.00319	T
118	0.00607	0.00612	T
119	0.00869	0.00872	T
120	0.0086	0.00881	T
121	0.00847	0.01336	A
122	0.01383	0.01385	T
123	0.01306	0.01325	T
124	0.04151	0.04246	C
125	0.02801	0.0284	C
126	0.02226	0.02793	A
127	0.00537	0.00553	G
128	0.00819	0.0083	T
129	0.00972	0.00989	T
130	0.02964	0.03346	C
131	0.01849	0.01993	T
132	0.02006	0.02076	A
133	0.02172	0.02198	A
134	0.03521	0.03527	C
135	0.04877	0.05035	C
136	0.00079	0.00085	A
137	0.00032	0.00035	A
138	0.00048	0.0005	A
139	0.00915	0.00916	A
140	0.00569	0.0057	A
141	0.00845	0.00846	A
142	0.0075	0.00753	A
143	0.0451	0.04826	T
144	0.01923	0.01924	A
145	0.01882	0.01882	A
146	0.02463	0.02483	A
147	0.04079	0.04111	C
148	0.02405	0.02407	C
149	0.02548	0.0255	C
150	0.01801	0.01932	T
151	0.02983	0.02999	C
152	0.00513	0.00594	G
153	0.00979	0.00983	T
154	0.00892	0.00899	T
155	0.03261	0.03264	C
156	0.03039	0.03051	C
157	0.01575	0.02079	A
158	0.03098	0.03123	C
159	0.02494	0.02708	A
160	0.00391	0.00455	G
161	0.01928	0.01929	A
162	0.02208	0.02268	A
163	0.00322	0.00355	G
164	0.0167	0.01852	C
165	0.00882	0.00894	T
166	0.00401	0.00411	G
167	0.02896	0.02897	C
168	0.01172	0.0118	C
169	0.01457	0.01665	A
170	0.00875	0.00921	T
171	0.028	0.02811	C
172	0.02423	0.02427	A
173	0.03268	0.033	A
174	0.00312	0.00366	G
175	0.00886	0.00913	T
176	0.01669	0.01726	A
177	0.00446	0.00447	T
178	0.01557	0.01558	T
179	0.00936	0.00941	T
180	0.02287	0.02299	C
181	0.02397	0.02407	C
182	0.01216	0.01589	T
183	0.02886	0.02959	C
184	0.01453	0.01732	A
185	0.0391	0.03954	C
186	0.00582	0.00662	G
187	0.0187	0.02257	C
188	0.01824	0.01838	A
189	0.02692	0.027	A
190	0.00511	0.00616	G
191	0.0305	0.0338	C
192	0.023	0.02311	A
193	0.02546	0.02566	A
194	0.03847	0.03859	C
195	0.04345	0.04371	C
196	0.00682	0.01189	G
197	0.0213	0.02701	C
198	0.01925	0.02252	A
199	0.01265	0.01289	T
200	0.03399	0.03407	C
201	0.02898	0.02915	C
202	0.0164	0.02354	A
203	0.01462	0.01527	T
204	0.02026	0.02039	A
205	0.01956	0.02354	A
206	0.01328	0.01387	T
207	0.03504	0.03561	C
208	0.02411	0.02431	C
209	0.00952	0.00955	T
210	0.01006	0.0101	T
211	0.0217	0.02659	C
212	0.0089	0.00903	T
213	0.02168	0.02229	A
214	0.02092	0.02142	A
215	0.01422	0.01524	T
216	0.02805	0.02864	A
217	0.00431	0.00475	G
218	0.03242	0.03357	C
219	0.01196	0.01245	T
220	0.0262	0.02737	A
221	0.01231	0.0126	T
222	0.03777	0.03801	C
223	0.02707	0.02743	C
224	0.00777	0.00875	T
225	0.0274	0.02789	C
226	0.00967	0.00968	T
227	0.01057	0.01066	T
228	0.03256	0.03359	C
229	0.02001	0.02039	A
230	0.03002	0.03009	A
231	0.0267	0.02724	C
232	0.02067	0.02072	A
233	0.02421	0.02446	A
234	0.00906	0.00936	T
235	0.02464	0.02524	A
236	0.00969	0.01005	T
237	0.0265	0.027	A
238	0.02977	0.03072	C
239	0.0106	0.01106	T
240	0.02528	0.0258	C
241	0.01068	0.01084	T
242	0.03035	0.03035	C
243	0.02961	0.02969	C
244	0.00414	0.00418	G
245	0.00323	0.00327	G
246	0.01566	0.02233	A
247	0.0314	0.03181	C
248	0.02153	0.02161	A
249	0.02345	0.02376	A
250	0.0205	0.0209	T
251	0.00685	0.00853	G
252	0.02327	0.02336	A
253	0.01949	0.01959	A
254	0.03121	0.03132	C
255	0.01768	0.01773	C
256	0.01289	0.02894	A
257	0.01626	0.01976	T
258	0.02407	0.02408	A
259	0.01976	0.02052	A
260	0.04177	0.04194	C
261	0.03166	0.03173	C
262	0.01493	0.015	A
263	0.02134	0.02159	A
264	0.0136	0.01485	T
265	0.02325	0.02353	A
266	0.03557	0.03667	C
267	0.01632	0.017	T
268	0.02544	0.02584	A
269	0.03785	0.03809	C
270	0.03848	0.03868	C
271	0.01345	0.0135	A
272	0.01908	0.01925	A
273	0.01225	0.01286	T
274	0.03332	0.03375	C
275	0.02049	0.02068	A
276	0.01678	0.01735	A
277	0.01342	0.01383	T
278	0.02694	0.02763	A
279	0.04617	0.04715	C
280	0.01114	0.01167	T
281	0.03021	0.03082	C
282	0.01966	0.02153	A
283	0.01287	0.01359	T
284	0.03059	0.03118	C
285	0.01661	0.0172	A
286	0.01429	0.01431	T
287	0.01276	0.01313	T
288	0.01325	0.01347	A
289	0.01574	0.01584	A
290	0.01213	0.01242	T
291	0.01986	0.01986	A
292	0.02262	0.02464	A
293	0.00884	0.01026	T
294	0.03903	0.03959	C
295	0.01983	0.02037	A
296	0.01155	0.01184	T
297	0.01925	0.01926	A
298	0.01359	0.01497	A
299	0.00824	0.00857	T
300	0.92561	0.92589	A
301	0.00253	0.00257	G
302	0.00471	0.00475	C
303	0.00208	0.00224	T
304	0.00628	0.00771	A
305	0.00373	0.00392	T
306	0.02353	0.02389	A
307	0.00455	0.00492	G
308	0.02864	0.02927	C
309	0.01873	0.01876	A
310	0.01577	0.016	A
311	0.03746	0.0382	T
312	0.02271	0.02274	A
313	0.0085	0.0085	A
314	0.01587	0.01588	A
315	0.02207	0.02231	A
316	0.02142	0.02603	C
317	0.00636	0.00641	T
318	0.01953	0.0198	A
319	0.00333	0.00337	G
320	0.00428	0.00429	G
321	0.01603	0.01605	A
322	0.00919	0.00925	A
323	0.00431	0.00444	T
324	0.00786	0.00836	A
325	0.00662	0.00686	G
326	0.00543	0.0055	C
327	0.00406	0.00408	C
328	0.04208	0.04209	C
329	0.02391	0.02391	C
330	0.02498	0.02499	C
331	0.00255	0.00262	T
332	0.00808	0.00812	T
333	0.01175	0.01176	T
334	0.02283	0.02375	C
335	0.02002	0.02075	A
336	0.02576	0.02594	C
337	0.00633	0.00637	T
338	0.00617	0.00619	T
339	0.01978	0.02134	C
340	0.00654	0.00657	T
341	0.00279	0.00347	G
342	0.02719	0.02811	A
343	0.00448	0.00459	G
344	0.00849	0.00879	T
345	0.02587	0.0259	C
346	0.02092	0.02093	C
347	0.00751	0.00751	C
348	0.00409	0.00577	A
349	0.00148	0.00151	G
350	0.00525	0.00538	A
351	0.00275	0.00276	G
352	0.0031	0.00312	G
353	0.00451	0.00453	T
354	0.00831	0.0084	T
355	0.01687	0.03032	A
356	0.03565	0.0357	C
357	0.02676	0.02677	C
358	0.02595	0.02598	C
359	0.02149	0.02155	A
360	0.02271	0.02277	A
361	0.00382	0.00386	G
362	0.00513	0.00524	G
363	0.01545	0.01607	C
364	0.03144	0.03361	A
365	0.03355	0.03363	C
366	0.02941	0.02942	C
367	0.00931	0.00932	C
368	0.00922	0.00924	C
369	0.00207	0.00236	T
370	0.00797	0.00802	C
371	0.00538	0.00554	T
372	0.00296	0.00323	G
373	0.02462	0.0248	A
374	0.03577	0.03648	C
375	0.02333	0.02376	A
376	0.01007	0.01035	T
377	0.025	0.02507	C
378	0.03116	0.0312	C
379	0.00403	0.00406	G
380	0.00417	0.00418	G
381	0.01802	0.01803	C
382	0.0094	0.0095	C
383	0.00478	0.00518	T
384	0.00356	0.00404	G
385	0.0264	0.02672	C
386	0.00654	0.00657	T
387	0.00907	0.00911	T
388	0.01649	0.01937	C
389	0.00834	0.00834	T
390	0.01231	0.0124	T
391	0.03808	0.04081	C
392	0.01297	0.01347	T
393	0.03357	0.03416	C
394	0.01857	0.01949	A
395	0.03537	0.03603	C
396	0.02454	0.02551	A
397	0.02205	0.02278	T
398	0.00607	0.00646	G
399	0.02593	0.02624	A
400	0.082	0.084	C
401	0.00927	0.0093	A
402	0.01436	0.01443	A
403	0.01235	0.0124	A
404	0.01911	0.01912	A
405	0.01803	0.01807	A
406	0.03895	0.04233	C
407	0.01356	0.01451	T
408	0.04026	0.04239	A
409	0.0212	0.02223	G
410	0.03376	0.03386	C
411	0.02281	0.02291	C
412	0.04295	0.04303	C
413	0.02591	0.02595	C
414	0.01845	0.01848	C
415	0.01308	0.01598	A
416	0.01062	0.01098	T
417	0.02357	0.02364	C
418	0.01077	0.01127	T
419	0.03367	0.03414	C
420	0.01648	0.01699	A
421	0.02075	0.02087	A
422	0.01138	0.01233	T
423	0.03476	0.03516	C
424	0.01766	0.01855	A
425	0.01132	0.01165	T
426	0.02304	0.02541	A
427	0.01244	0.0131	T
428	0.02259	0.02291	A
429	0.04425	0.0446	C
430	0.03415	0.03433	C
431	0.01008	0.01012	A
432	0.02144	0.02165	A
433	0.01967	0.01985	A
434	0.01919	0.02064	T
435	0.02614	0.02639	C
436	0.02104	0.0227	T
437	0.02877	0.02963	C
438	0.01838	0.01913	T
439	0.03481	0.03486	C
440	0.02396	0.02397	C
441	0.02712	0.02748	C
442	0.01735	0.01884	T
443	0.02242	0.02262	C
444	0.01501	0.01576	A
445	0.02738	0.02764	C
446	0.00997	0.01057	T
447	0.01092	0.01106	A
448	0.02128	0.02159	A
449	0.02319	0.02326	A
450	0.03946	0.04086	C
451	0.00593	0.00605	G
452	0.00748	0.00996	T
453	0.02103	0.0211	A
454	0.02709	0.02728	A
455	0.00362	0.00402	G
456	0.02855	0.02861	C
457	0.01892	0.01895	C
458	0.00505	0.00514	T
459	0.01123	0.01128	T
460	0.02093	0.02651	C
461	0.00572	0.00607	T
462	0.02023	0.02026	C
463	0.02257	0.02297	C
464	0.00957	0.0109	T
465	0.0196	0.02011	C
466	0.01597	0.01736	A
467	0.02011	0.02045	C
468	0.00793	0.0081	T
469	0.01771	0.01802	C
470	0.00711	0.00754	T
471	0.01878	0.01903	C
472	0.00726	0.0083	T
473	0.02423	0.0247	C
474	0.02048	0.0214	A
475	0.02186	0.02205	A
476	0.00986	0.01092	T
477	0.02329	0.02342	C
478	0.00881	0.00888	T
479	0.00928	0.00935	T
480	0.00476	0.01439	A
481	0.01305	0.0132	T
482	0.0369	0.03713	C
483	0.01791	0.01822	C
484	0.01297	0.01504	A
485	0.01282	0.01351	T
486	0.01665	0.01685	C
487	0.01852	0.02056	A
488	0.00827	0.0085	T
489	0.01993	0.02089	A
490	0.00443	0.00502	G
491	0.02491	0.02577	C
492	0.01535	0.01583	A
493	0.0016	0.0016	G
494	0.00199	0.002	G
495	0.02172	0.02182	C
496	0.00859	0.00875	A
497	0.00322	0.00327	G
498	0.00306	0.00309	T
499	0.00316	0.00316	T
500	0.00283	0.0029	G
501	0.00564	0.00568	A
502	0.00358	0.00358	G
503	0.00205	0.00205	G
504	0.00409	0.00417	T
505	0.00304	0.00304	G
506	0.00298	0.00303	G
507	0.01167	0.01717	A
508	0.008	0.00804	T
509	0.00956	0.00963	T
510	0.01732	0.01746	A
511	0.01911	0.01949	A
512	0.02462	0.0247	A
513	0.04123	0.04145	C
514	0.02551	0.0256	C
515	0.01341	0.01354	A
516	0.0246	0.02477	A
517	0.02478	0.02483	A
518	0.04075	0.041	C
519	0.03027	0.0303	C
520	0.02572	0.02576	C
521	0.01824	0.02271	A
522	0.00358	0.00655	G
523	0.01142	0.01167	C
524	0.0043	0.00458	T
525	0.01428	0.01472	A
526	0.02978	0.02996	C
527	0.00477	0.00506	G
528	0.03463	0.03567	C
529	0.01802	0.01825	A
530	0.01418	0.01424	A
531	0.02125	0.02126	A
532	0.02091	0.02094	A
533	0.0071	0.009	T
534	0.02121	0.02132	C
535	0.00727	0.00727	T
536	0.00743	0.00748	T
537	0.01331	0.01683	A
538	0.00568	0.0065	G
539	0.01734	0.01768	C
540	0.0261	0.02684	A
541	0.00902	0.00934	T
542	0.02959	0.03075	A
543	0.02472	0.0255	C
544	0.00598	0.00622	T
545	0.0138	0.01381	C
546	0.01128	0.01147	C
547	0.00705	0.00767	T
548	0.02278	0.02315	C
549	0.01247	0.01307	A
550	0.01311	0.01318	A
551	0.01155	0.01166	T
552	0.01479	0.01558	T
553	0.01268	0.0272	A
554	0.0329	0.03306	C
555	0.02335	0.02346	C
556	0.02413	0.02416	C
557	0.01835	0.02113	A
558	0.02542	0.02575	C
559	0.02066	0.02279	A
560	0.00693	0.00716	T
561	0.01574	0.01588	A
562	0.00212	0.00214	G
563	0.00168	0.0017	G
564	0.00809	0.01133	A
565	0.00446	0.00451	T
566	0.00296	0.0033	G
567	0.0178	0.01786	A
568	0.01472	0.01487	A
569	0.00699	0.00715	T
570	0.01845	0.01845	A
571	0.01682	0.01807	A
572	0.00836	0.00876	T
573	0.01801	0.01867	A
574	0.00339	0.00372	G
575	0.02045	0.02077	C
576	0.01809	0.0187	A
577	0.00613	0.00619	G
578	0.00678	0.00689	T
579	0.00725	0.00728	T
580	0.01832	0.01924	C
581	0.01086	0.01108	T
582	0.03106	0.03188	A
583	0.03908	0.03914	C
584	0.03783	0.03805	C
585	0.0087	0.01067	G
586	0.01348	0.01396	T
587	0.02713	0.02748	A
588	0.04783	0.04959	C
589	0.02745	0.02775	A
590	0.0252	0.02655	A
591	0.0406	0.0407	C
592	0.03024	0.03077	C
593	0.02105	0.02127	C
594	0.01136	0.01215	T
595	0.02264	0.02287	A
596	0.02151	0.02168	A
597	0.03054	0.03093	C
598	0.02458	0.02744	A
599	0.0128	0.01958	T
600	0.021	0.02104	A
601	0.02276	0.02401	A
602	0.04362	0.04395	C
603	0.02494	0.02518	C
604	0.02039	0.02192	A
605	0.01402	0.01418	T
606	0.00795	0.00811	T
607	0.0244	0.02808	C
608	0.00989	0.00999	T
609	0.01289	0.01303	T
610	0.01056	0.01093	A
611	0.01652	0.01678	A
612	0.0054	0.00548	T
613	0.0089	0.00901	T
614	0.01626	0.01631	T
615	0.01751	0.01781	A
616	0.04622	0.04725	A
617	0.01978	0.02051	C
618	0.00583	0.00589	T
619	0.01818	0.0193	A
620	0.00567	0.00574	T
621	0.00847	0.00851	T
622	0.007	0.00707	T
623	0.01399	0.01702	A
624	0.00958	0.00981	T
625	0.02363	0.0249	A
626	0.01124	0.01127	T
627	0.01094	0.01122	T
628	0.01391	0.03007	A
629	0.01174	0.0123	T
630	0.03625	0.03707	C
631	0.01848	0.01863	C
632	0.01432	0.01509	T
633	0.02639	0.02672	A
634	0.0249	0.025	A
635	0.03813	0.03926	C
636	0.01473	0.01689	T
637	0.03367	0.03492	A
638	0.04393	0.04644	C
639	0.02271	0.02393	T
640	0.0289	0.03217	A
641	0.03555	0.03596	C
642	0.03976	0.04045	C
643	0.00626	0.00857	G
644	0.02644	0.02802	C
645	0.02241	0.02369	A
646	0.01202	0.01208	T
647	0.01067	0.0107	T
648	0.0315	0.03156	C
649	0.02572	0.02585	C
650	0.01213	0.01294	T
651	0.02846	0.02924	A
652	0.03169	0.03258	C
653	0.01356	0.01418	T
654	0.02364	0.02488	A
655	0.03957	0.04061	C
656	0.0129	0.01389	T
657	0.03417	0.03508	C
658	0.0205	0.02116	A
659	0.01911	0.01922	A
660	0.03098	0.03175	C
661	0.01045	0.01057	T
662	0.01199	0.01205	T
663	0.01338	0.01358	A
664	0.02064	0.02073	A
665	0.02497	0.02512	A
666	0.03134	0.0325	C
667	0.00981	0.00998	T
668	0.02924	0.02928	C
669	0.02127	0.02147	C
670	0.0207	0.02617	A
671	0.00575	0.00639	G
672	0.03438	0.03518	C
673	0.01802	0.01847	A
674	0.03164	0.03166	C
675	0.01853	0.01884	C
676	0.01367	0.01708	A
677	0.04145	0.04216	C
678	0.00488	0.00569	G
679	0.02344	0.02394	A
680	0.02265	0.02267	C
681	0.02442	0.02452	C
682	0.02942	0.02954	C
683	0.00687	0.00794	T
684	0.02182	0.02267	A
685	0.03129	0.03244	C
686	0.01608	0.01638	T
687	0.06799	0.06929	A
688	0.0216	0.02329	C
689	0.00607	0.0062	T
690	0.02664	0.0284	A
691	0.00521	0.00554	T
692	0.02278	0.02303	C
693	0.00552	0.00618	T
694	0.0347	0.03497	C
695	0.00644	0.00721	G
696	0.02522	0.02585	C
697	0.01744	0.01765	A
698	0.03119	0.0312	C
699	0.02361	0.02372	C
700	0.00932	0.01048	T
701	0.00419	0.00521	G
702	0.02243	0.02253	A
703	0.02435	0.02439	A
704	0.0213	0.02133	A
705	0.04312	0.04565	C
706	0.02513	0.02523	A
707	0.02587	0.0266	A
708	0.00477	0.0053	G
709	0.02908	0.02982	C
710	0.01186	0.01207	T
711	0.02126	0.02133	A
712	0.02013	0.02019	A
713	0.02922	0.02953	C
714	0.02546	0.02603	A
715	0.02551	0.02595	T
716	0.00454	0.00476	G
717	0.02242	0.02265	A
718	0.03235	0.03266	C
719	0.01346	0.0141	T
720	0.02405	0.02451	A
721	0.02245	0.02326	A
722	0.04487	0.0462	C
723	0.02254	0.03192	A
724	0.05246	0.05255	C
725	0.03449	0.03454	C
726	0.02782	0.02802	C
727	0.00855	0.00861	T
728	0.01238	0.01244	T
729	0.0155	0.01575	A
730	0.02163	0.02186	A
731	0.00856	0.0086	T
732	0.01138	0.01148	T
733	0.03073	0.03085	C
734	0.02278	0.02292	C
735	0.01798	0.02269	A
736	0.01543	0.01577	T
737	0.03144	0.03155	C
738	0.02481	0.02543	C
739	0.01799	0.02405	A
740	0.04691	0.04692	C
741	0.0032	0.0032	C
742	0.00354	0.00365	C
743	0.00137	0.00183	T
744	0.00283	0.00283	C
745	0.00225	0.00238	C
746	0.00276	0.00972	T
747	0.18327	0.18676	C
748	0.02769	0.03469	T
749	0.03005	0.03005	C
750	0.02124	0.02124	C
751	0.01483	0.01497	C
752	0.00481	0.00496	T
753	0.00643	0.00666	A
754	0.0015	0.00152	G
755	0.00139	0.00141	G
756	0.00322	0.00382	A
757	0.00243	0.00244	G
758	0.00262	0.00264	G
759	0.04422	0.04426	C
760	0.02319	0.02327	C
761	0.00971	0.01067	T
762	0.00684	0.00741	G
763	0.02366	0.02368	C
764	0.01382	0.01385	C
765	0.02416	0.02418	C
766	0.02791	0.02792	C
767	0.02788	0.02788	C
768	0.00543	0.00659	G
769	0.02511	0.02553	C
770	0.00943	0.00969	T
771	0.02207	0.02221	A
772	0.02263	0.02271	A
773	0.04141	0.04147	C
774	0.03754	0.03766	C
775	0.0022	0.00221	G
776	0.00335	0.0034	G
777	0.02067	0.0209	C
778	0.00186	0.00187	T
779	0.00293	0.00293	T
780	0.00706	0.00706	T
781	0.00986	0.00986	T
782	0.00941	0.00942	T
783	0.002	0.00221	G
784	0.00306	0.00307	C
785	0.00314	0.00314	C
786	0.00827	0.00827	C
787	0.01015	0.01017	A
788	0.02219	0.02219	A
789	0.02423	0.02425	A
790	0.01014	0.01085	T
791	0.002	0.002	G
792	0.00179	0.0018	G
793	0.00298	0.00299	G
794	0.01133	0.01134	C
795	0.03887	0.0389	C
796	0.01271	0.01693	A
797	0.00992	0.00993	T
798	0.00776	0.00779	T
799	0.01311	0.02208	A
800	0.00899	0.00919	T
801	0.03055	0.03084	C
802	0.00668	0.00698	G
803	0.02746	0.02757	A
804	0.02949	0.02955	A
805	0.00724	0.01031	G
806	0.02377	0.02379	A
807	0.02452	0.02469	A
808	0.01245	0.01264	T
809	0.01889	0.01939	T
810	0.03313	0.03441	C
811	0.01907	0.01949	A
812	0.05377	0.05739	C
813	0.00133	0.00133	A
814	0.00497	0.00497	A
815	0.01248	0.01251	A
816	0.00986	0.00989	A
817	0.01577	0.01578	A
818	0.01318	0.01318	A
819	0.04585	0.05103	C
820	0.02323	0.02323	A
821	0.02062	0.02079	A
822	0.01229	0.01281	T
823	0.03381	0.03454	A
824	0.00725	0.00759	G
825	0.03822	0.03831	C
826	0.02677	0.02687	C
827	0.01125	0.01232	T
828	0.03099	0.03141	C
829	0.0205	0.0226	A
830	0.01563	0.01704	T
831	0.03145	0.03247	C
832	0.0212	0.02441	A
833	0.0231	0.02403	T
834	0.0405	0.04126	C
835	0.03113	0.03155	C
836	0.03392	0.03397	C
837	0.02845	0.02867	C
838	0.01643	0.01969	A
839	0.0388	0.03881	C
840	0.02555	0.02591	C
841	0.01828	0.02071	A
842	0.0099	0.01077	T
843	0.02585	0.02604	C
844	0.02189	0.02455	A
845	0.01196	0.01327	T
846	0.02787	0.02961	A
847	0.0058	0.00615	G
848	0.04275	0.04293	C
849	0.02481	0.02506	C
850	0.01936	0.02428	A
851	0.0429	0.04295	C
852	0.02206	0.02238	C
853	0.0176	0.02124	A
854	0.01827	0.02059	T
855	0.03338	0.03425	C
856	0.0206	0.02193	A
857	0.04315	0.04325	C
858	0.03143	0.03145	C
859	0.02962	0.02994	C
860	0.00667	0.00847	T
861	0.03141	0.03141	C
862	0.02446	0.02486	C
863	0.00368	0.00372	T
864	0.01193	0.01208	T
865	0.00889	0.0093	A
866	0.02119	0.02125	A
867	0.143	0.1431	C
868	0.00984	0.01005	C
869	0.00347	0.00357	T
870	0.95839	0.96267	C
871	0.00477	0.00489	T
872	0.01482	0.01526	A
873	0.01791	0.01834	C
874	0.00743	0.00745	T
875	0.01307	0.01313	T
876	0.02547	0.02895	C
877	0.01357	0.0138	T
878	0.02942	0.03031	A
879	0.04493	0.045	C
880	0.02178	0.02255	C
881	0.01999	0.02342	T
882	0.02807	0.03632	A
883	0.06333	0.06453	C
884	0.00693	0.00851	G
885	0.05188	0.05191	C
886	0.02294	0.02308	C
887	0.01361	0.01426	T
888	0.01886	0.01926	A
889	0.02126	0.02154	A
890	0.01374	0.01408	T
891	0.03176	0.03221	C
892	0.01288	0.01334	T
893	0.02188	0.02617	A
894	0.03668	0.03739	C
895	0.01307	0.01378	T
896	0.04235	0.04236	C
897	0.02997	0.03042	C
898	0.01657	0.02022	A
899	0.04002	0.04003	C
900	0.03471	0.03512	C
901	0.00879	0.00998	T
902	0.0304	0.03081	C
903	0.01651	0.01742	A
904	0.02163	0.02185	A
905	0.01365	0.01545	T
906	0.03276	0.0332	C
907	0.02332	0.024	A
908	0.04246	0.04384	C
909	0.02569	0.02635	A
910	0.03908	0.03981	C
911	0.01329	0.01413	T
912	0.03754	0.04057	A
913	0.03666	0.03792	C
914	0.01995	0.02084	T
915	0.03594	0.03596	C
916	0.03235	0.03238	C
917	0.03573	0.03575	C
918	0.03141	0.03153	C
919	0.01288	0.01818	A
920	0.01077	0.01116	T
921	0.01719	0.01754	A
922	0.00934	0.0095	T
923	0.02685	0.02705	C
924	0.01081	0.01114	T
925	0.0172	0.0173	A
926	0.02195	0.02211	A
927	0.04907	0.04987	C
928	0.01652	0.01653	A
929	0.01919	0.01932	A
930	0.04321	0.04368	C
931	0.00915	0.00972	G
932	0.01187	0.01267	T
933	0.00152	0.00162	A
934	0.01017	0.01026	A
935	0.00772	0.00774	A
936	0.01041	0.01075	A
937	0.01263	0.01272	A
938	0.02177	0.02501	T
939	0.01254	0.01254	A
940	0.00816	0.00817	A
941	0.01323	0.01323	A
942	0.01698	0.01719	A
943	0.01297	0.01377	T
944	0.00496	0.0055	G
945	0.02366	0.02384	A
946	0.04218	0.0424	C
947	0.02588	0.02605	A
948	0.0071	0.00723	G
949	0.00686	0.00693	T
950	0.00879	0.00889	T
951	0.00912	0.00913	T
952	0.00556	0.00672	G
953	0.0225	0.02257	A
954	0.01805	0.01811	A
955	0.04101	0.04145	C
956	0.02471	0.02582	A
957	0.01159	0.01216	T
958	0.01903	0.01991	A
959	0.04981	0.05112	C
960	0.02199	0.022	A
961	0.01311	0.01311	A
962	0.03578	0.03578	A
963	0.02722	0.02732	A
964	0.04362	0.04471	C
965	0.0389	0.03901	C
966	0.03024	0.0304	C
967	0.02757	0.03603	A
968	0.04817	0.04821	C
969	0.06181	0.06183	C
970	0.03816	0.03817	C
971	0.01993	0.02005	C
972	0.02526	0.02723	A
973	0.01253	0.04985	T
974	0.01692	0.01719	T
975	0.02449	0.02454	C
976	0.02071	0.02084	C
977	0.01277	0.01585	T
978	0.03168	0.0317	C
979	0.03132	0.03133	C
980	0.02917	0.02917	C
981	0.02742	0.02752	C
982	0.00919	0.01457	A
983	0.03051	0.031	C
984	0.01477	0.01567	A
985	0.03813	0.03857	C
986	0.00853	0.0091	T
987	0.02238	0.0229	C
988	0.0159	0.01736	A
989	0.01936	0.02029	T
990	0.09422	0.09542	C
991	0.00789	0.00826	G
992	0.04657	0.0466	C
993	0.02545	0.02546	C
994	0.01802	0.01804	C
995	0.01473	0.0148	T
996	0.0092	0.00931	T
997	0.02826	0.03361	A
998	0.03397	0.03401	C
999	0.02024	0.02044	C
1000	0.01716	0.02118	A
1001	0.04422	0.04457	C
1002	0.00475	0.00508	G
1003	0.02856	0.02894	C
1004	0.01029	0.0109	T
1005	0.02313	0.02718	A
1006	0.03674	0.03739	C
1007	0.01517	0.01541	T
1008	0.03443	0.03443	C
1009	0.01688	0.01739	C
1010	0.01074	0.01158	T
1011	0.01634	0.01689	A
1012	0.05344	0.05357	C
1013	0.01936	0.01983	C
1014	0.00659	0.00706	T
1015	0.01722	0.01882	A
1016	0.02975	0.03041	T
1017	0.03968	0.04085	C
1018	0.03649	0.03807	T
1019	0.03414	0.03425	C
1020	0.02865	0.02874	C
1021	0.0175	0.01751	C
1022	0.01302	0.01314	C
1023	0.00377	0.0038	T
1024	0.0053	0.00531	T
1025	0.00733	0.00733	T
1026	0.00766	0.00766	T
1027	0.01281	0.01595	A
1028	0.00774	0.00797	T
1029	0.01248	0.01287	A
1030	0.02135	0.02161	C
1031	0.00889	0.00903	T
1032	0.01403	0.0141	A
1033	0.0117	0.01177	A
1034	0.01014	0.01028	T
1035	0.01904	0.01904	A
1036	0.00806	0.00845	A
1037	0.00775	0.00781	T
1038	0.01774	0.01786	C
1039	0.0131	0.0131	T
1040	0.01222	0.01222	T
1041	0.00158	0.00158	A
1042	0.00011	0.00011	T
1043	0.0	0.0	A
1044	0.0	0.0	G
