Position	Mismatches	Mismatches + Deletions	Base
1	0.0	0.0	A
2	0.0	0.0	T
3	0.0	0.0	G
4	0.01789	0.01789	A
5	0.00629	0.00629	T
6	0.00602	0.00604	G
7	0.00383	0.00465	T
8	0.01482	0.01514	A
9	0.00623	0.00631	T
10	0.00448	0.00457	G
11	0.0277	0.0279	C
12	0.00515	0.00518	T
13	0.00631	0.00635	T
14	0.00661	0.00663	T
15	0.00551	0.00624	G
16	0.00385	0.00385	T
17	0.00732	0.00732	T
18	0.0078	0.00782	T
19	0.02112	0.02196	C
20	0.01068	0.01071	T
21	0.00498	0.00583	G
22	0.00732	0.00732	T
23	0.0079	0.00794	T
24	0.00365	0.00383	G
25	0.01737	0.0176	A
26	0.00642	0.00645	G
27	0.00714	0.00765	T
28	0.00788	0.00835	G
29	0.00725	0.00823	T
30	0.00497	0.00497	G
31	0.00466	0.00466	G
32	0.00694	0.00695	G
33	0.00591	0.00595	T
34	0.00905	0.00905	T
35	0.0074	0.00744	T
36	0.02022	0.02228	A
37	0.00665	0.0067	G
38	0.00825	0.00892	T
39	0.02228	0.02237	A
40	0.02506	0.02525	A
41	0.00881	0.00932	T
42	0.00409	0.00412	G
43	0.0033	0.0033	G
44	0.0042	0.0042	G
45	0.00689	0.00692	G
46	0.00538	0.00546	T
47	0.0092	0.00923	T
48	0.00815	0.00821	T
49	0.00629	0.00692	G
50	0.00785	0.00877	T
51	0.00607	0.00608	G
52	0.0032	0.0032	G
53	0.0057	0.0057	G
54	0.00888	0.00898	G
55	0.00453	0.00462	T
56	0.0037	0.00371	T
57	0.00677	0.00678	T
58	0.00754	0.00755	T
59	0.01783	0.02226	C
60	0.00741	0.00741	T
61	0.00642	0.00649	T
62	0.00862	0.01032	C
63	0.00359	0.00404	T
64	0.0049	0.00503	A
65	0.00978	0.00984	A
66	0.0035	0.00374	G
67	0.00833	0.00833	C
68	0.00705	0.00708	C
69	0.00428	0.00431	T
70	0.00582	0.00591	T
71	0.00988	0.01241	C
72	0.0062	0.00639	T
73	0.02511	0.02512	C
74	0.01649	0.01697	C
75	0.0071	0.0074	T
76	0.02525	0.02695	A
77	0.00862	0.00863	T
78	0.00877	0.00877	T
79	0.00842	0.00848	T
80	0.01447	0.01629	A
81	0.00931	0.00962	T
82	0.00251	0.00259	G
83	0.002	0.00201	G
84	0.00219	0.0022	G
85	0.00297	0.00297	G
86	0.00595	0.00595	G
87	0.00393	0.00395	T
88	0.00377	0.00377	T
89	0.00291	0.00293	T
90	0.00986	0.01061	A
91	0.004	0.00407	G
92	0.00737	0.00796	T
93	0.02209	0.02256	A
94	0.00963	0.00964	T
95	0.00913	0.00915	T
96	0.00471	0.00522	G
97	0.02585	0.02615	A
98	0.00939	0.00943	T
99	0.00933	0.00943	T
100	0.00679	0.00804	G
101	0.00808	0.00809	T
102	0.01076	0.01081	T
103	0.02694	0.03143	A
104	0.00616	0.00631	G
105	0.03037	0.03071	C
106	0.00767	0.00768	G
107	0.00601	0.00628	G
108	0.00641	0.00683	T
109	0.00823	0.00884	G
110	0.00955	0.0103	T
111	0.00732	0.00732	G
112	0.00504	0.00515	G
113	0.0101	0.01069	T
114	0.03535	0.03571	C
115	0.00818	0.0082	G
116	0.00548	0.0055	G
117	0.00626	0.00631	G
118	0.0062	0.00721	T
119	0.00636	0.00662	G
120	0.00789	0.00838	T
121	0.00644	0.00665	G
122	0.00772	0.00772	T
123	0.008	0.0081	T
124	0.01254	0.01981	A
125	0.00882	0.00882	T
126	0.00872	0.00883	T
127	0.01375	0.02529	A
128	0.01019	0.0102	T
129	0.00876	0.00881	T
130	0.02661	0.02871	C
131	0.01086	0.01093	T
132	0.00811	0.00886	G
133	0.0148	0.0151	A
134	0.01606	0.01645	A
135	0.00392	0.00395	T
136	0.00565	0.00568	T
137	0.01242	0.01242	T
138	0.0224	0.02241	T
139	0.00886	0.00893	G
140	0.00498	0.00499	G
141	0.00532	0.00532	G
142	0.00505	0.00506	G
143	0.00593	0.00595	G
144	0.0205	0.02434	A
145	0.00655	0.00657	G
146	0.00829	0.00832	G
147	0.00638	0.00644	T
148	0.00856	0.00866	T
149	0.01443	0.01879	A
150	0.01109	0.0113	T
151	0.04393	0.04517	A
152	0.02611	0.02692	T
153	0.00563	0.00571	G
154	0.00428	0.00429	G
155	0.00772	0.00776	G
156	0.00695	0.00701	T
157	0.00864	0.00865	T
158	0.00783	0.00788	T
159	0.01818	0.01837	A
160	0.02187	0.02218	A
161	0.012	0.01228	T
162	0.01613	0.01668	A
163	0.00594	0.00687	G
164	0.00219	0.00234	T
165	0.00131	0.00137	T
166	0.00179	0.00181	T
167	0.00365	0.00366	T
168	0.00576	0.00578	T
169	0.0045	0.00452	T
170	0.00459	0.00466	T
171	0.01108	0.01204	A
172	0.01344	0.01486	A
173	0.00714	0.00716	T
174	0.00597	0.00598	T
175	0.0056	0.00574	T
176	0.01026	0.01335	A
177	0.00604	0.00605	T
178	0.00792	0.00792	T
179	0.01458	0.01468	T
180	0.05185	0.05322	A
181	0.01915	0.01919	G
182	0.00868	0.0087	G
183	0.00706	0.00708	G
184	0.00805	0.00805	G
185	0.00874	0.00875	G
186	0.02785	0.02808	A
187	0.01766	0.01779	A
188	0.01147	0.01242	T
189	0.00582	0.00762	G
190	0.02393	0.02429	A
191	0.01004	0.01049	T
192	0.00752	0.00753	G
193	0.01051	0.01055	G
194	0.00833	0.00833	T
195	0.00596	0.00606	T
196	0.00968	0.01028	G
197	0.00639	0.00696	T
198	0.00462	0.00475	C
199	0.00605	0.00606	T
200	0.0066	0.00661	T
201	0.00467	0.00467	T
202	0.00504	0.00505	G
203	0.00446	0.00448	G
204	0.00533	0.00698	A
205	0.00477	0.00506	T
206	0.00767	0.0081	A
207	0.00697	0.00731	T
208	0.01812	0.01845	A
209	0.01457	0.01492	C
210	0.00694	0.00721	T
211	0.01828	0.01904	A
212	0.01989	0.02015	C
213	0.01151	0.01177	A
214	0.00492	0.00497	G
215	0.00975	0.01012	C
216	0.01037	0.01068	G
217	0.02237	0.02441	A
218	0.01292	0.01363	T
219	0.00956	0.00959	G
220	0.00802	0.00804	G
221	0.00631	0.0066	C
222	0.00707	0.0074	T
223	0.01784	0.01839	A
224	0.00769	0.00769	T
225	0.00704	0.00706	T
226	0.00648	0.00674	G
227	0.01169	0.01207	A
228	0.00521	0.00521	G
229	0.00514	0.0052	G
230	0.01428	0.01926	A
231	0.00873	0.00885	G
232	0.00425	0.00469	T
233	0.00527	0.00543	A
234	0.00308	0.00485	T
235	0.00387	0.00389	C
236	0.00333	0.00334	C
237	0.0053	0.0059	T
238	0.00415	0.00456	G
239	0.00468	0.00494	A
240	0.00634	0.00634	G
241	0.00698	0.00698	G
242	0.00478	0.00483	C
243	0.01095	0.01127	A
244	0.01192	0.01263	T
245	0.00708	0.00713	G
246	0.00763	0.00775	G
247	0.00802	0.00802	G
248	0.00727	0.00728	G
249	0.00963	0.00964	G
250	0.01003	0.01134	T
251	0.02519	0.02557	C
252	0.02253	0.02354	A
253	0.00423	0.00427	G
254	0.00516	0.00516	G
255	0.00954	0.00955	G
256	0.0132	0.01323	G
257	0.00898	0.00904	T
258	0.00876	0.00888	T
259	0.00716	0.00764	G
260	0.01992	0.02044	A
261	0.00874	0.00874	G
262	0.00995	0.00998	G
263	0.00831	0.00861	T
264	0.02033	0.0206	C
265	0.01109	0.0111	T
266	0.00963	0.00978	T
267	0.00736	0.00745	G
268	0.00988	0.00989	G
269	0.00535	0.00553	T
270	0.00633	0.00645	G
271	0.01735	0.01826	A
272	0.00947	0.00964	G
273	0.00673	0.00694	T
274	0.00771	0.00836	G
275	0.00388	0.00389	T
276	0.00615	0.00616	T
277	0.00504	0.00504	T
278	0.0072	0.00721	T
279	0.01995	0.02369	A
280	0.00814	0.00843	G
281	0.01014	0.01117	T
282	0.00619	0.00619	G
283	0.00488	0.00491	G
284	0.00705	0.00705	G
285	0.01183	0.01183	G
286	0.00925	0.0093	T
287	0.02569	0.0259	T
288	0.01918	0.02254	A
289	0.00531	0.0054	G
290	0.02562	0.02597	C
291	0.00763	0.00805	G
292	0.02175	0.02267	A
293	0.01058	0.01103	T
294	0.00745	0.00745	G
295	0.00534	0.00543	G
296	0.01596	0.01796	A
297	0.00698	0.00698	G
298	0.00868	0.00873	G
299	0.00733	0.00763	T
300	0.01928	0.01983	A
301	0.00634	0.00634	G
302	0.00628	0.00629	G
303	0.02173	0.02437	A
304	0.01044	0.01048	T
305	0.00921	0.00923	T
306	0.00609	0.00613	G
307	0.00749	0.00756	G
308	0.00573	0.00589	T
309	0.00711	0.00721	G
310	0.02806	0.02838	C
311	0.00987	0.01003	T
312	0.00803	0.00881	G
313	0.00934	0.01013	T
314	0.00578	0.00582	G
315	0.00478	0.00478	G
316	0.00826	0.00831	G
317	0.00644	0.00719	T
318	0.00769	0.00827	G
319	0.01827	0.01839	A
320	0.02058	0.02064	A
321	0.02601	0.02602	A
322	0.00573	0.006	G
323	0.0247	0.02487	A
324	0.00778	0.00792	G
325	0.01003	0.01069	T
326	0.01871	0.01902	A
327	0.00852	0.00873	T
328	0.005	0.0064	G
329	0.0364	0.03688	A
330	0.01071	0.01104	T
331	0.00504	0.00511	G
332	0.00484	0.00485	G
333	0.0074	0.0074	G
334	0.00756	0.00756	G
335	0.00773	0.01006	T
336	0.00731	0.00731	G
337	0.00735	0.00761	G
338	0.00662	0.00721	T
339	0.00604	0.00605	G
340	0.00777	0.00786	G
341	0.00899	0.00903	T
342	0.00949	0.00963	T
343	0.00855	0.00934	G
344	0.01017	0.01062	T
345	0.00763	0.00763	G
346	0.00809	0.00812	G
347	0.00655	0.0068	T
348	0.01082	0.01088	A
349	0.01177	0.01178	A
350	0.01181	0.01182	A
351	0.02079	0.02136	C
352	0.00713	0.00714	T
353	0.00746	0.00746	T
354	0.00856	0.0086	T
355	0.01612	0.01632	A
356	0.02053	0.02053	A
357	0.00858	0.00873	T
358	0.01758	0.0182	A
359	0.00679	0.00698	G
360	0.00776	0.00794	T
361	0.00805	0.0083	G
362	0.00909	0.0096	T
363	0.01711	0.01751	A
364	0.00532	0.00533	G
365	0.00671	0.00674	G
366	0.01677	0.01681	A
367	0.02968	0.02969	A
368	0.0059	0.0063	G
369	0.01912	0.01945	C
370	0.00755	0.00779	T
371	0.00575	0.0061	G
372	0.01453	0.01462	A
373	0.01146	0.01155	A
374	0.00879	0.01035	T
375	0.01502	0.01502	A
376	0.01306	0.01559	A
377	0.00779	0.00787	T
378	0.00767	0.00772	T
379	0.00773	0.00785	T
380	0.01693	0.01941	A
381	0.00893	0.00905	T
382	0.00525	0.00629	G
383	0.03159	0.03166	A
384	0.02188	0.02191	A
385	0.00553	0.00557	G
386	0.00511	0.00519	G
387	0.01898	0.02355	A
388	0.00677	0.00694	G
389	0.03068	0.03206	A
390	0.00622	0.00622	G
391	0.00507	0.00507	G
392	0.00638	0.00638	G
393	0.00786	0.00787	G
394	0.00682	0.00837	T
395	0.03139	0.03181	C
396	0.02504	0.02583	A
397	0.00469	0.00471	G
398	0.00453	0.00453	G
399	0.0084	0.00841	G
400	0.00735	0.00739	T
401	0.0075	0.00754	T
402	0.00777	0.00803	G
403	0.02498	0.02516	A
404	0.00866	0.00868	T
405	0.00858	0.00864	T
406	0.02958	0.03046	C
407	0.00741	0.00744	G
408	0.00709	0.0071	G
409	0.00428	0.00435	G
410	0.02301	0.02569	A
411	0.00764	0.00764	G
412	0.00609	0.00613	G
413	0.01269	0.01787	A
414	0.00621	0.00691	T
415	0.01757	0.0176	C
416	0.01674	0.01693	C
417	0.00661	0.00704	T
418	0.02227	0.02435	A
419	0.00913	0.00913	T
420	0.00999	0.01	T
421	0.00562	0.00564	G
422	0.00558	0.00563	G
423	0.0094	0.00994	T
424	0.00768	0.0081	G
425	0.03406	0.03563	C
426	0.0098	0.0098	G
427	0.00481	0.00482	G
428	0.00629	0.00629	G
429	0.00693	0.00693	G
430	0.00712	0.00712	G
431	0.03171	0.03285	C
432	0.0057	0.00572	T
433	0.00556	0.00559	T
434	0.00571	0.00573	T
435	0.00494	0.00513	G
436	0.00475	0.00509	T
437	0.01823	0.01839	A
438	0.00548	0.0059	T
439	0.0058	0.00598	G
440	0.02263	0.02291	A
441	0.00656	0.00657	T
442	0.00955	0.00963	T
443	0.02154	0.02755	A
444	0.018	0.01914	T
445	0.00579	0.00582	G
446	0.00431	0.00431	G
447	0.00516	0.00516	G
448	0.01873	0.02081	C
449	0.01088	0.01123	G
450	0.01233	0.01245	T
451	0.00725	0.00731	T
452	0.00459	0.00467	G
453	0.01712	0.01723	A
454	0.00816	0.00816	T
455	0.00741	0.00742	T
456	0.02242	0.02608	A
457	0.00473	0.00486	G
458	0.00599	0.0064	T
459	0.01822	0.01871	A
460	0.00573	0.00599	G
461	0.00854	0.00881	T
462	0.02211	0.02266	A
463	0.00632	0.00653	G
464	0.00767	0.00768	T
465	0.00759	0.00771	T
466	0.01445	0.01852	A
467	0.0251	0.02523	C
468	0.00704	0.00743	T
469	0.00553	0.00555	G
470	0.00475	0.00479	G
471	0.00663	0.00663	T
472	0.00792	0.00794	T
473	0.00654	0.0068	G
474	0.01907	0.01914	A
475	0.01749	0.01755	A
476	0.02719	0.02739	C
477	0.02114	0.02132	A
478	0.00805	0.00812	T
479	0.0084	0.00847	T
480	0.00532	0.00632	G
481	0.00598	0.00598	T
482	0.00849	0.00849	T
483	0.00895	0.009	T
484	0.00652	0.00767	G
485	0.01122	0.01122	T
486	0.01213	0.01214	T
487	0.0062	0.00624	G
488	0.00635	0.00642	G
489	0.00505	0.00517	T
490	0.00778	0.00795	G
491	0.00797	0.00826	T
492	0.01546	0.0158	A
493	0.00908	0.00924	T
494	0.01758	0.01806	A
495	0.00816	0.00837	T
496	0.01762	0.01812	A
497	0.00869	0.00869	T
498	0.00893	0.00897	T
499	0.00461	0.00509	G
500	0.00818	0.00889	T
501	0.02095	0.02126	A
502	0.02089	0.02099	A
503	0.01115	0.01119	T
504	0.01145	0.01147	T
505	0.00509	0.00556	G
506	0.02345	0.02375	A
507	0.00579	0.00583	G
508	0.0212	0.02193	A
509	0.00894	0.00903	T
510	0.01019	0.01021	T
511	0.00781	0.00835	G
512	0.02102	0.02123	C
513	0.01322	0.01386	T
514	0.039	0.0396	C
515	0.00742	0.00742	G
516	0.00611	0.00615	G
517	0.00517	0.00517	G
518	0.00524	0.00524	G
519	0.00574	0.00574	G
520	0.0192	0.0192	A
521	0.02046	0.02046	A
522	0.00912	0.00912	T
523	0.00064	0.00064	A
524	0.0	0.0	G
525	0.0	0.0	G
