Position	Mismatches	Mismatches + Deletions	Base
1	0.0	0.0	A
2	0.0	0.0	C
3	0.0	0.0	A
4	0.00828	0.00828	T
5	0.01942	0.01942	A
6	0.0435	0.04375	C
7	0.026	0.026	C
8	0.02081	0.02081	C
9	0.01291	0.01751	A
10	0.00727	0.00746	T
11	0.00436	0.00437	G
12	0.00288	0.0029	G
13	0.03124	0.03126	C
14	0.02314	0.02315	C
15	0.01495	0.01515	A
16	0.02226	0.02228	A
17	0.03965	0.03967	C
18	0.02611	0.02643	C
19	0.00659	0.00771	T
20	0.03466	0.03466	C
21	0.02412	0.0247	C
22	0.01044	0.01154	T
23	0.02235	0.02532	A
24	0.03431	0.03485	C
25	0.00991	0.0102	T
26	0.03274	0.03276	C
27	0.02771	0.02815	C
28	0.0107	0.01153	T
29	0.02643	0.02674	C
30	0.02079	0.02243	A
31	0.01039	0.01039	T
32	0.01117	0.01119	T
33	0.00541	0.00656	G
34	0.01402	0.01712	T
35	0.03273	0.03411	A
36	0.07129	0.07146	C
37	0.02443	0.02444	C
38	0.01952	0.01956	C
39	0.01884	0.02056	A
40	0.00791	0.00796	T
41	0.00756	0.0076	T
42	0.01978	0.02372	C
43	0.01041	0.01066	T
44	0.01642	0.01668	A
45	0.0268	0.02708	A
46	0.00772	0.00817	T
47	0.02692	0.02728	C
48	0.00532	0.00545	G
49	0.02782	0.02862	C
50	0.01902	0.0191	A
51	0.01843	0.01853	A
52	0.00728	0.00748	T
53	0.00158	0.00158	G
54	0.00428	0.00432	G
55	0.02588	0.02638	C
56	0.01658	0.01754	A
57	0.00546	0.00546	T
58	0.00597	0.00601	T
59	0.02826	0.02828	C
60	0.0215	0.02157	C
61	0.00843	0.00932	T
62	0.01061	0.01121	A
63	0.01175	0.01179	A
64	0.0045	0.00462	T
65	0.00193	0.00209	G
66	0.00895	0.00905	C
67	0.00317	0.00318	T
68	0.0059	0.00608	T
69	0.01208	0.02371	A
70	0.04005	0.04007	C
71	0.02494	0.02498	C
72	0.00536	0.0064	G
73	0.01584	0.01604	A
74	0.02241	0.02244	A
75	0.04242	0.04357	C
76	0.00967	0.01095	G
77	0.0018	0.00187	A
78	0.01484	0.01494	A
79	0.00781	0.00784	A
80	0.01867	0.01868	A
81	0.02814	0.02816	A
82	0.00917	0.00933	T
83	0.0092	0.00922	T
84	0.02357	0.02623	C
85	0.00796	0.00822	T
86	0.02563	0.02718	A
87	0.00168	0.00169	G
88	0.00382	0.00383	G
89	0.01246	0.01282	C
90	0.00396	0.00408	T
91	0.01954	0.02026	A
92	0.00817	0.00842	T
93	0.0274	0.02818	A
94	0.01063	0.01135	T
95	0.02485	0.02532	A
96	0.04138	0.04282	C
97	0.01955	0.01955	A
98	0.02379	0.02404	A
99	0.02861	0.02933	C
100	0.0075	0.00775	T
101	0.0265	0.02757	A
102	0.0343	0.03446	C
103	0.00521	0.00538	G
104	0.01243	0.01321	C
105	0.01552	0.01561	A
106	0.01414	0.01419	A
107	0.01825	0.01827	A
108	0.00556	0.0056	G
109	0.00592	0.00592	G
110	0.02563	0.02565	C
111	0.01405	0.01407	C
112	0.02757	0.02758	C
113	0.02704	0.02705	C
114	0.01335	0.0135	A
115	0.01675	0.01676	A
116	0.03261	0.03272	C
117	0.0039	0.00391	G
118	0.0011	0.0011	T
119	0.00111	0.00111	T
120	0.00214	0.0022	G
121	0.00108	0.00126	T
122	0.00377	0.00415	A
123	0.00257	0.00258	G
124	0.00316	0.00316	G
125	0.00197	0.00197	C
126	0.00101	0.00101	C
127	0.00213	0.00213	C
128	0.02708	0.02709	C
129	0.009	0.00968	T
130	0.02768	0.02835	A
131	0.03779	0.03796	C
132	0.00181	0.00183	G
133	0.00148	0.00148	G
134	0.00314	0.00314	G
135	0.00286	0.0034	C
136	0.00386	0.0039	T
137	0.02093	0.02173	A
138	0.00615	0.00618	C
139	0.00119	0.0012	T
140	0.00386	0.00398	A
141	0.00363	0.00379	C
142	0.00359	0.00359	A
143	0.00396	0.0043	A
144	0.00536	0.00536	C
145	0.01624	0.01626	C
146	0.01493	0.01493	C
147	0.00364	0.00366	T
148	0.00496	0.00497	T
149	0.02388	0.02472	C
150	0.00321	0.00329	G
151	0.01056	0.01066	C
152	0.00582	0.00594	T
153	0.00389	0.00492	G
154	0.03348	0.03474	A
155	0.03911	0.03941	C
156	0.00386	0.00392	G
157	0.0167	0.0167	C
158	0.01609	0.01616	C
159	0.01659	0.02403	A
160	0.00966	0.01004	T
161	0.02163	0.02168	A
162	0.01179	0.01183	A
163	0.02572	0.02572	A
164	0.04184	0.04218	A
165	0.01085	0.01274	C
166	0.00348	0.00368	T
167	0.01217	0.01227	C
168	0.00384	0.00385	T
169	0.00839	0.00856	T
170	0.02689	0.02985	C
171	0.02447	0.02538	A
172	0.04648	0.04648	C
173	0.03358	0.03374	C
174	0.01165	0.01168	A
175	0.01537	0.01549	A
176	0.01408	0.01412	A
177	0.00529	0.00562	G
178	0.01591	0.01682	A
179	0.01168	0.01208	G
180	0.04957	0.04987	C
181	0.02503	0.02506	C
182	0.03368	0.0337	C
183	0.02662	0.02669	C
184	0.01057	0.01123	T
185	0.01729	0.02236	A
186	0.01158	0.01165	A
187	0.02579	0.02585	A
188	0.02802	0.02804	A
189	0.03963	0.04014	C
190	0.0324	0.03242	C
191	0.0452	0.04537	C
192	0.00553	0.00682	G
193	0.03368	0.03369	C
194	0.04115	0.04124	C
195	0.0174	0.02079	A
196	0.04061	0.04135	C
197	0.01463	0.0155	A
198	0.01287	0.01324	T
199	0.02615	0.02636	C
200	0.01055	0.01083	T
201	0.02288	0.02342	A
202	0.04594	0.04602	C
203	0.0252	0.02535	C
204	0.02191	0.02592	A
205	0.02048	0.02296	T
206	0.03191	0.03299	C
207	0.01998	0.0211	A
208	0.03984	0.03992	C
209	0.05036	0.0504	C
210	0.01585	0.01602	C
211	0.01406	0.01457	T
212	0.02699	0.02731	C
213	0.00656	0.00668	T
214	0.01908	0.01998	A
215	0.03102	0.03121	C
216	0.0224	0.02316	A
217	0.01599	0.01687	T
218	0.0319	0.03265	C
219	0.02463	0.02537	A
220	0.03841	0.03842	C
221	0.03813	0.03852	C
222	0.00569	0.00683	G
223	0.02949	0.02949	C
224	0.01819	0.0182	C
225	0.02108	0.02108	C
226	0.05457	0.05465	C
227	0.00323	0.00514	G
228	0.01756	0.01764	A
229	0.02697	0.02697	C
230	0.02397	0.02399	C
231	0.00862	0.00865	T
232	0.01153	0.01155	T
233	0.02391	0.02737	A
234	0.00529	0.00536	G
235	0.02843	0.02873	C
236	0.011	0.01168	T
237	0.03417	0.03463	C
238	0.01312	0.01408	T
239	0.03038	0.03102	C
240	0.01672	0.0172	A
241	0.0448	0.0448	C
242	0.03018	0.03056	C
243	0.01846	0.02162	A
244	0.01421	0.01483	T
245	0.03909	0.03934	C
246	0.00717	0.00755	G
247	0.0286	0.02889	C
248	0.01031	0.01059	T
249	0.03235	0.03257	C
250	0.00831	0.00835	T
251	0.00892	0.00897	T
252	0.02456	0.02772	C
253	0.00884	0.00891	T
254	0.02315	0.02364	A
255	0.03054	0.03131	C
256	0.00756	0.00769	T
257	0.02732	0.02807	A
258	0.01253	0.01306	T
259	0.01579	0.01795	G
260	0.0211	0.02145	A
261	0.02926	0.03025	A
262	0.04192	0.04995	C
263	0.02292	0.02297	C
264	0.03347	0.03348	C
265	0.02508	0.02509	C
266	0.02211	0.02211	C
267	0.01857	0.01861	C
268	0.02964	0.03173	T
269	0.02122	0.02122	C
270	0.02498	0.02499	C
271	0.02644	0.02644	C
272	0.0211	0.02114	C
273	0.01187	0.02305	A
274	0.01411	0.01519	T
275	0.02058	0.02091	A
276	0.03603	0.03616	C
277	0.02438	0.02447	C
278	0.02656	0.02685	C
279	0.01272	0.01301	A
280	0.01652	0.01727	A
281	0.02061	0.02064	C
282	0.02058	0.02068	C
283	0.0137	0.01378	C
284	0.01432	0.01436	C
285	0.01244	0.01245	C
286	0.00677	0.00935	T
287	0.0033	0.00331	G
288	0.00591	0.00592	G
289	0.0052	0.00667	T
290	0.01593	0.01628	C
291	0.01577	0.01584	A
292	0.02437	0.02443	A
293	0.03412	0.03417	C
294	0.02298	0.02316	C
295	0.00799	0.01172	T
296	0.02583	0.02734	C
297	0.01386	0.01567	A
298	0.02	0.02003	A
299	0.02773	0.02778	C
300	0.00281	0.00283	C
301	0.00398	0.0043	T
302	0.00512	0.00618	A
303	0.00278	0.00279	G
304	0.00245	0.00246	G
305	0.00497	0.00497	C
306	0.01754	0.01762	C
307	0.00508	0.00628	T
308	0.03034	0.03035	C
309	0.01704	0.0174	C
310	0.00581	0.00624	T
311	0.01576	0.01676	A
312	0.00748	0.00748	T
313	0.00939	0.00939	T
314	0.0102	0.01025	T
315	0.02474	0.02815	A
316	0.01424	0.01424	T
317	0.01265	0.01275	T
318	0.03098	0.03452	C
319	0.01758	0.01836	T
320	0.0332	0.03512	A
321	0.00872	0.00913	G
322	0.05508	0.05521	C
323	0.03592	0.03633	C
324	0.02169	0.02776	A
325	0.03213	0.03216	C
326	0.01763	0.01785	C
327	0.00941	0.01013	T
328	0.02347	0.02421	C
329	0.00815	0.0084	T
330	0.03377	0.03638	A
331	0.00215	0.00217	G
332	0.00583	0.00584	C
333	0.00304	0.00307	C
334	0.00277	0.003	T
335	0.00645	0.007	A
336	0.00236	0.00242	G
337	0.03231	0.03231	C
338	0.02723	0.02723	C
339	0.00524	0.00543	G
340	0.00581	0.00584	T
341	0.00785	0.00786	T
342	0.00834	0.00838	T
343	0.02324	0.02503	A
344	0.03803	0.03821	C
345	0.01233	0.01263	T
346	0.03688	0.03781	C
347	0.01929	0.01994	A
348	0.02228	0.02253	A
349	0.0098	0.01022	T
350	0.03187	0.0319	C
351	0.02182	0.02214	C
352	0.00587	0.00648	T
353	0.01868	0.01872	C
354	0.00379	0.0039	T
355	0.00226	0.0025	G
356	0.00317	0.00322	A
357	0.00087	0.00116	T
358	0.00244	0.00245	C
359	0.00272	0.00282	A
360	0.00099	0.00099	G
361	0.00186	0.00186	G
362	0.00343	0.00344	G
363	0.00336	0.00408	T
364	0.00249	0.00266	G
365	0.01919	0.0194	A
366	0.00521	0.00549	G
367	0.03013	0.03079	C
368	0.02187	0.02204	A
369	0.00919	0.0099	T
370	0.0323	0.03251	C
371	0.0211	0.02118	A
372	0.02221	0.0225	A
373	0.03146	0.03152	A
374	0.02675	0.02793	C
375	0.00769	0.00897	T
376	0.02185	0.02225	C
377	0.01926	0.01958	A
378	0.02685	0.02697	A
379	0.02552	0.02561	A
380	0.02607	0.0273	C
381	0.00558	0.00592	T
382	0.02768	0.03075	A
383	0.01785	0.01816	C
384	0.0037	0.0038	G
385	0.005	0.005	C
386	0.00331	0.00331	C
387	0.00601	0.00603	C
388	0.00208	0.00238	T
389	0.00329	0.00441	G
390	0.01073	0.01077	A
391	0.00319	0.00322	T
392	0.02453	0.02469	C
393	0.00304	0.00305	G
394	0.00377	0.00377	G
395	0.0284	0.02853	C
396	0.00481	0.0049	G
397	0.02874	0.02898	C
398	0.01537	0.01567	A
399	0.01647	0.01658	C
400	0.00322	0.00327	T
401	0.00311	0.00383	G
402	0.02851	0.02912	C
403	0.00427	0.00453	G
404	0.02483	0.02509	A
405	0.00469	0.00498	G
406	0.02589	0.02605	C
407	0.01648	0.01675	A
408	0.00573	0.00583	G
409	0.00506	0.00602	T
410	0.03305	0.03456	A
411	0.00662	0.00692	G
412	0.01718	0.01734	C
413	0.01776	0.01778	C
414	0.02208	0.02212	C
415	0.00872	0.00897	A
416	0.0256	0.02567	A
417	0.02492	0.02493	A
418	0.04654	0.04945	C
419	0.01823	0.01824	A
420	0.0259	0.02622	A
421	0.01065	0.01127	T
422	0.02898	0.02914	C
423	0.00881	0.00976	T
424	0.0262	0.02637	C
425	0.02666	0.02864	A
426	0.0122	0.01245	T
427	0.0305	0.03167	A
428	0.01084	0.01095	T
429	0.00412	0.00485	G
430	0.02511	0.02517	A
431	0.02807	0.02819	A
432	0.00744	0.00799	G
433	0.02138	0.02557	T
434	0.03088	0.0318	C
435	0.02573	0.02664	A
436	0.03959	0.03969	C
437	0.03523	0.03525	C
438	0.01204	0.0121	C
439	0.00908	0.00946	T
440	0.02059	0.02204	A
441	0.00396	0.00411	G
442	0.01985	0.01988	C
443	0.00947	0.00953	C
444	0.01168	0.01392	A
445	0.00841	0.00903	T
446	0.02321	0.02353	C
447	0.02357	0.02437	A
448	0.00961	0.00965	T
449	0.00862	0.00876	T
450	0.03056	0.03478	C
451	0.0115	0.01187	T
452	0.02688	0.02738	A
453	0.02869	0.02954	C
454	0.01339	0.01368	T
455	0.01936	0.02011	A
456	0.01207	0.0126	T
457	0.03871	0.03957	C
458	0.01726	0.01729	A
459	0.02547	0.02559	A
460	0.02955	0.02994	C
461	0.01966	0.02009	A
462	0.01514	0.0155	T
463	0.0129	0.01301	T
464	0.01159	0.02239	A
465	0.02899	0.02945	C
466	0.00745	0.00759	T
467	0.0197	0.01995	A
468	0.02019	0.02054	A
469	0.00631	0.00648	T
470	0.02604	0.02604	A
471	0.02818	0.02873	A
472	0.00255	0.00269	G
473	0.00369	0.0039	T
474	0.0033	0.00332	G
475	0.00191	0.00195	G
476	0.03023	0.03147	C
477	0.00576	0.0059	T
478	0.03277	0.03282	C
479	0.02156	0.02195	C
480	0.00612	0.00614	T
481	0.00759	0.00766	T
482	0.01304	0.01308	T
483	0.0197	0.02027	A
484	0.02505	0.02516	A
485	0.09919	0.09934	C
486	0.02081	0.02089	C
487	0.01454	0.017	T
488	0.02497	0.02519	C
489	0.01509	0.01577	T
490	0.02809	0.02813	C
491	0.0308	0.03115	C
492	0.01123	0.01923	A
493	0.06424	0.06424	C
494	0.02654	0.02654	C
495	0.02	0.02023	C
496	0.00766	0.0077	T
497	0.00669	0.00677	T
498	0.01628	0.02292	A
499	0.01078	0.01184	T
500	0.0314	0.03172	C
501	0.02921	0.0298	A
502	0.03326	0.03449	C
503	0.02125	0.02128	A
504	0.01672	0.01695	A
505	0.02493	0.02578	C
506	0.02425	0.02465	A
507	0.03991	0.04086	C
508	0.02336	0.02338	A
509	0.03642	0.03694	A
510	0.00415	0.00593	G
511	0.02397	0.02398	A
512	0.02324	0.02366	A
513	0.02862	0.02992	C
514	0.02517	0.02606	A
515	0.04104	0.04108	C
516	0.02569	0.02589	C
517	0.0091	0.01011	T
518	0.03093	0.03098	C
519	0.00935	0.00963	T
520	0.00359	0.00456	G
521	0.02256	0.02288	A
522	0.01062	0.01066	T
523	0.00934	0.00948	T
524	0.01641	0.02592	A
525	0.03312	0.03351	C
526	0.00848	0.00858	T
527	0.0348	0.03483	C
528	0.01982	0.0203	C
529	0.00844	0.00903	T
530	0.00289	0.00303	G
531	0.00774	0.00774	C
532	0.00443	0.00446	C
533	0.02686	0.03122	A
534	0.00845	0.00918	T
535	0.02831	0.02843	C
536	0.02251	0.02316	A
537	0.02147	0.02247	T
538	0.00375	0.00549	G
539	0.02706	0.02738	A
540	0.04269	0.04277	C
541	0.03132	0.03135	C
542	0.01987	0.01988	C
543	0.01044	0.01047	T
544	0.00866	0.00867	T
545	0.00256	0.00258	G
546	0.00288	0.00289	G
547	0.00809	0.0081	C
548	0.04208	0.04212	C
549	0.01148	0.01665	A
550	0.0074	0.00761	T
551	0.01766	0.01767	A
552	0.0201	0.0213	A
553	0.00729	0.00741	T
554	0.02383	0.02442	A
555	0.00853	0.00863	T
556	0.00222	0.00249	G
557	0.0223	0.02248	A
558	0.00721	0.00722	T
559	0.00981	0.0099	T
560	0.01066	0.01068	T
561	0.02285	0.02505	A
562	0.01581	0.01621	T
563	0.03682	0.03749	C
564	0.01206	0.01263	T
565	0.03465	0.0347	C
566	0.02596	0.02623	C
567	0.0119	0.02297	A
568	0.03281	0.03346	C
569	0.0222	0.02317	A
570	0.0346	0.03547	C
571	0.00739	0.00772	T
572	0.01264	0.01329	A
573	0.0036	0.00399	G
574	0.00985	0.00991	C
575	0.02634	0.02681	A
576	0.00277	0.00304	G
577	0.00392	0.00464	A
578	0.00295	0.00303	G
579	0.00439	0.00445	A
580	0.00282	0.00287	C
581	0.00988	0.00991	C
582	0.01587	0.0159	A
583	0.01778	0.01782	A
584	0.02174	0.02176	C
585	0.00295	0.00295	C
586	0.00463	0.00483	G
587	0.01241	0.01284	A
588	0.0035	0.00395	A
589	0.00269	0.00269	C
590	0.00108	0.00108	C
591	0.00107	0.00107	C
592	0.00111	0.00111	C
593	0.00128	0.00128	C
594	0.00072	0.00073	T
595	0.00066	0.00067	T
596	0.00128	0.00133	C
597	0.00265	0.00275	G
598	0.02434	0.02441	A
599	0.01882	0.01883	C
600	0.02224	0.0223	C
601	0.00644	0.00647	T
602	0.01128	0.0113	T
603	0.00338	0.00409	G
604	0.01549	0.0155	C
605	0.00167	0.00167	C
606	0.00355	0.00363	G
607	0.00293	0.00302	A
608	0.00296	0.00298	A
609	0.00238	0.00238	G
610	0.0014	0.0014	G
611	0.00221	0.00221	G
612	0.00175	0.00175	G
613	0.01167	0.01249	A
614	0.00382	0.00406	G
615	0.00118	0.00126	T
616	0.00564	0.00565	C
617	0.00216	0.00217	C
618	0.00443	0.0046	G
619	0.01281	0.01286	A
620	0.02133	0.02135	A
621	0.03183	0.03233	C
622	0.00317	0.00325	T
623	0.03906	0.03973	A
624	0.00114	0.00117	G
625	0.00095	0.00255	T
626	0.0016	0.00162	C
627	0.00375	0.00868	T
628	0.00254	0.00265	C
629	0.03646	0.03792	A
630	0.00178	0.00179	G
631	0.0035	0.0035	G
632	0.00421	0.0043	C
633	0.00274	0.00275	T
634	0.00789	0.0079	T
635	0.03288	0.03372	C
636	0.02363	0.0239	A
637	0.02272	0.0228	A
638	0.03521	0.03549	C
639	0.0275	0.02769	A
640	0.01184	0.01212	T
641	0.03848	0.03868	C
642	0.00805	0.00822	G
643	0.02393	0.024	A
644	0.01923	0.01943	A
645	0.00855	0.00885	T
646	0.03025	0.03143	A
647	0.04814	0.04915	C
648	0.00839	0.00865	G
649	0.02451	0.02456	C
650	0.01943	0.01952	C
651	0.00574	0.00845	G
652	0.02869	0.03047	C
653	0.02207	0.02425	A
654	0.00362	0.00373	G
655	0.00514	0.00527	G
656	0.01873	0.01874	C
657	0.02926	0.02928	C
658	0.03153	0.03154	C
659	0.02995	0.02996	C
660	0.00575	0.00582	T
661	0.00934	0.00955	T
662	0.03797	0.03959	C
663	0.00474	0.00516	G
664	0.04119	0.04121	C
665	0.03466	0.03467	C
666	0.01715	0.01718	C
667	0.00615	0.0065	T
668	0.02013	0.0213	A
669	0.00699	0.00699	T
670	0.00751	0.00753	T
671	0.02004	0.02525	C
672	0.00761	0.00761	T
673	0.0094	0.00951	T
674	0.02939	0.03034	C
675	0.02395	0.02625	A
676	0.01145	0.01259	T
677	0.05055	0.05436	A
678	0.00406	0.00439	G
679	0.05022	0.05027	C
680	0.02761	0.02762	C
681	0.0053	0.00599	G
682	0.02038	0.02053	A
683	0.01569	0.01582	A
684	0.0115	0.01178	T
685	0.02498	0.02542	A
686	0.03655	0.03733	C
687	0.01428	0.01469	A
688	0.04196	0.04473	C
689	0.02439	0.02443	A
690	0.01711	0.01713	A
691	0.01754	0.01772	A
692	0.0356	0.03901	C
693	0.01688	0.01708	A
694	0.01253	0.01277	T
695	0.00886	0.00894	T
696	0.01131	0.02073	A
697	0.01011	0.01014	T
698	0.01065	0.01091	T
699	0.01215	0.02274	A
700	0.01161	0.01199	T
701	0.02236	0.0224	A
702	0.01937	0.02061	A
703	0.01507	0.01626	T
704	0.04499	0.045	A
705	0.02611	0.02611	A
706	0.03766	0.03891	A
707	0.04747	0.0508	C
708	0.02804	0.02895	A
709	0.05964	0.05974	C
710	0.0231	0.02312	C
711	0.02478	0.02507	C
712	0.02305	0.02454	T
713	0.05044	0.05088	C
714	0.02223	0.02393	A
715	0.05385	0.05385	C
716	0.03097	0.03146	C
717	0.01177	0.02138	A
718	0.03528	0.03589	C
719	0.00942	0.00994	T
720	0.02286	0.02316	A
721	0.03559	0.03605	C
722	0.02174	0.02176	A
723	0.02049	0.02085	A
724	0.00952	0.01062	T
725	0.0284	0.02894	C
726	0.00923	0.00924	T
727	0.0082	0.0083	T
728	0.02657	0.02661	C
729	0.02008	0.02014	C
730	0.00711	0.00737	T
731	0.02798	0.02862	A
732	0.00236	0.00241	G
733	0.0037	0.00377	G
734	0.03781	0.03785	A
735	0.01867	0.01879	A
736	0.02765	0.02841	C
737	0.01691	0.01692	A
738	0.0151	0.01525	A
739	0.02398	0.02422	C
740	0.01895	0.01921	A
741	0.00731	0.00757	T
742	0.01775	0.01799	A
743	0.01051	0.01062	T
744	0.00329	0.00431	G
745	0.02582	0.02634	A
746	0.04825	0.04857	C
747	0.01225	0.01274	G
748	0.03226	0.03342	C
749	0.03073	0.03196	A
750	0.02638	0.02688	C
751	0.01409	0.0163	T
752	0.08512	0.08744	C
753	0.0148	0.0161	T
754	0.0538	0.05381	C
755	0.04265	0.04265	C
756	0.03057	0.03058	C
757	0.01985	0.01993	C
758	0.00874	0.00956	T
759	0.00386	0.00432	G
760	0.02067	0.02087	A
761	0.02673	0.02683	A
762	0.03057	0.03097	C
763	0.0075	0.00758	T
764	0.02729	0.02763	C
765	0.00789	0.0081	T
766	0.0223	0.02311	A
767	0.03722	0.03762	C
768	0.02114	0.02182	A
769	0.03618	0.03728	C
770	0.0213	0.02131	A
771	0.02478	0.02498	A
772	0.02101	0.02159	C
773	0.01592	0.01646	A
774	0.00624	0.00652	T
775	0.01203	0.01223	A
776	0.00274	0.00275	T
777	0.00398	0.00398	T
778	0.00559	0.00559	T
779	0.00776	0.00777	T
780	0.00283	0.00325	G
781	0.00687	0.00798	T
782	0.0147	0.01483	C
783	0.01988	0.02014	A
784	0.02719	0.0272	C
785	0.01864	0.0187	C
786	0.01841	0.01847	A
787	0.03431	0.03493	A
788	0.00414	0.00487	G
789	0.02955	0.02996	A
790	0.03483	0.03494	C
791	0.03534	0.03539	C
792	0.02841	0.02851	C
793	0.00977	0.01043	T
794	0.01927	0.02001	A
795	0.03266	0.0332	C
796	0.00914	0.00918	T
797	0.01228	0.01235	T
798	0.03306	0.03914	C
799	0.01402	0.01449	T
800	0.02226	0.02327	A
801	0.02415	0.02434	A
802	0.04157	0.04166	C
803	0.02406	0.0245	C
804	0.00731	0.00953	T
805	0.03144	0.03167	C
806	0.05269	0.0527	C
807	0.00774	0.00782	C
808	0.00232	0.00243	T
809	0.00194	0.0023	G
810	0.00202	0.00203	T
811	0.00175	0.00175	T
812	0.00481	0.00522	C
813	0.0053	0.0053	T
814	0.00724	0.0073	T
815	0.01953	0.03174	A
816	0.01255	0.01264	T
817	0.00492	0.00541	G
818	0.01973	0.01982	A
819	0.02834	0.02876	A
820	0.0081	0.00812	T
821	0.00758	0.00767	T
822	0.02767	0.02867	C
823	0.00392	0.00403	G
824	0.00842	0.00842	A
825	0.00666	0.00672	A
826	0.00901	0.00926	C
827	0.00954	0.0097	A
828	0.00523	0.00571	G
829	0.06852	0.06964	C
830	0.02761	0.03008	A
831	0.0187	0.01989	T
832	0.03394	0.0349	A
833	0.04089	0.04115	C
834	0.0596	0.05984	C
835	0.02743	0.02749	C
836	0.03123	0.03123	C
837	0.03874	0.03876	C
838	0.00446	0.00539	G
839	0.02059	0.02146	A
840	0.00984	0.00989	T
841	0.00748	0.0075	T
842	0.03811	0.03814	C
843	0.04187	0.04198	C
844	0.00464	0.00521	G
845	0.01737	0.01794	C
846	0.00698	0.00716	T
847	0.02197	0.02286	A
848	0.03999	0.04062	C
849	0.0053	0.00595	G
850	0.02226	0.02266	A
851	0.03616	0.03617	C
852	0.02532	0.02544	C
853	0.0135	0.01357	A
854	0.01772	0.01774	A
855	0.03009	0.03046	C
856	0.00941	0.01168	T
857	0.02488	0.02538	C
858	0.02213	0.02377	A
859	0.01346	0.01418	T
860	0.02891	0.03028	A
861	0.04157	0.04257	C
862	0.02119	0.02162	A
863	0.04526	0.04559	C
864	0.02515	0.02552	C
865	0.00718	0.00817	T
866	0.03081	0.03082	C
867	0.0254	0.0261	C
868	0.00654	0.00693	T
869	0.01866	0.01981	A
870	0.00978	0.01034	T
871	0.00519	0.00562	G
872	0.00105	0.00107	A
873	0.00466	0.0047	A
874	0.01216	0.01225	A
875	0.01067	0.01071	A
876	0.01149	0.01152	A
877	0.00869	0.00869	A
878	0.0326	0.03362	C
879	0.01044	0.01052	T
880	0.01093	0.01096	T
881	0.02602	0.02605	C
882	0.0199	0.02003	C
883	0.018	0.01934	T
884	0.02856	0.02956	A
885	0.06084	0.06095	C
886	0.03022	0.03045	C
887	0.01694	0.02276	A
888	0.02466	0.02525	C
889	0.05083	0.05398	T
890	0.0296	0.03061	C
891	0.01933	0.02047	A
892	0.04567	0.04567	C
893	0.03747	0.03747	C
894	0.02255	0.02267	C
895	0.00885	0.00918	T
896	0.0319	0.03245	A
897	0.00488	0.00534	G
898	0.03042	0.03063	C
899	0.02137	0.022	A
900	0.01253	0.01268	T
901	0.01933	0.01948	T
902	0.00595	0.01244	A
903	0.02911	0.02964	C
904	0.00716	0.00721	T
905	0.00773	0.00791	T
906	0.01149	0.01947	A
907	0.00936	0.0095	T
908	0.02055	0.02125	A
909	0.0078	0.00786	T
910	0.00364	0.00413	G
911	0.02063	0.02095	A
912	0.01034	0.01046	T
913	0.01766	0.01839	A
914	0.01394	0.01401	T
915	0.00626	0.00642	G
916	0.01953	0.02127	T
917	0.01549	0.01562	C
918	0.03015	0.0331	T
919	0.02719	0.02721	C
920	0.02245	0.02264	C
921	0.01517	0.02497	A
922	0.02424	0.02563	T
923	0.02052	0.02116	A
924	0.04252	0.04274	C
925	0.02931	0.02934	C
926	0.01618	0.01621	C
927	0.00962	0.01595	A
928	0.01487	0.01498	T
929	0.00839	0.00847	T
930	0.01098	0.01631	A
931	0.03614	0.03675	C
932	0.01664	0.01666	A
933	0.02081	0.02099	A
934	0.01746	0.0177	T
935	0.02982	0.03012	C
936	0.01415	0.01433	T
937	0.03801	0.03801	C
938	0.01974	0.0198	C
939	0.01719	0.02108	A
940	0.00612	0.00629	G
941	0.0306	0.03112	C
942	0.02958	0.03033	A
943	0.01521	0.01534	T
944	0.04762	0.04837	T
945	0.03514	0.03522	C
946	0.02449	0.02451	C
947	0.01585	0.01587	C
948	0.00812	0.00812	C
949	0.00702	0.00702	C
950	0.00874	0.00961	T
951	0.01193	0.01228	C
952	0.00693	0.00701	A
953	0.01164	0.01164	A
954	0.00517	0.00517	A
955	0.0113	0.0113	C
956	0.01051	0.01051	C
957	0.00018	0.00018	T
958	0.0	0.0	A
959	0.0	0.0	A
