Position	Mismatches	Mismatches + Deletions	Base
1	0.0	0.0	A
2	0.0	0.0	A
3	0.0	0.0	T
4	0.00244	0.00244	G
5	0.03074	0.03303	C
6	0.01952	0.01952	C
7	0.02375	0.02375	C
8	0.02043	0.02043	C
9	0.00979	0.01282	A
10	0.017	0.01714	A
11	0.02554	0.02588	C
12	0.00858	0.00894	T
13	0.01373	0.01379	A
14	0.0192	0.01929	A
15	0.01761	0.01763	A
16	0.01193	0.01293	T
17	0.02881	0.02909	A
18	0.03967	0.04066	C
19	0.01247	0.01293	T
20	0.0257	0.02614	A
21	0.0324	0.03258	C
22	0.02325	0.02336	C
23	0.00727	0.0102	G
24	0.00389	0.00466	T
25	0.01061	0.01104	A
26	0.00483	0.00494	T
27	0.00204	0.00208	G
28	0.00216	0.00222	G
29	0.03589	0.03591	C
30	0.0217	0.02172	C
31	0.02185	0.02202	C
32	0.01582	0.01965	A
33	0.03091	0.03091	C
34	0.02441	0.02475	C
35	0.01266	0.01878	A
36	0.01444	0.01506	T
37	0.01809	0.01809	A
38	0.01959	0.02032	A
39	0.0103	0.0104	T
40	0.01066	0.01073	T
41	0.01948	0.02436	A
42	0.03363	0.03383	C
43	0.03166	0.0317	C
44	0.04087	0.04088	C
45	0.0205	0.0205	C
46	0.01639	0.0164	C
47	0.00694	0.01405	A
48	0.00672	0.00695	T
49	0.01291	0.01349	A
50	0.02145	0.02204	C
51	0.00754	0.00774	T
52	0.03021	0.03022	C
53	0.02372	0.02398	C
54	0.00744	0.00749	T
55	0.01081	0.01092	T
56	0.01267	0.02373	A
57	0.0497	0.0501	C
58	0.04123	0.04175	A
59	0.03507	0.03536	C
60	0.00696	0.00718	T
61	0.02001	0.02704	A
62	0.00759	0.00762	T
63	0.00783	0.00792	T
64	0.0274	0.02753	C
65	0.03074	0.03084	C
66	0.01253	0.01347	T
67	0.03343	0.03423	C
68	0.02243	0.02499	A
69	0.01472	0.01793	T
70	0.03995	0.04173	C
71	0.02615	0.02691	A
72	0.05328	0.05341	C
73	0.03869	0.03871	C
74	0.03219	0.03265	C
75	0.01271	0.01289	A
76	0.01767	0.01771	A
77	0.0364	0.03749	C
78	0.01112	0.01216	T
79	0.00133	0.00138	A
80	0.01228	0.01236	A
81	0.01247	0.0125	A
82	0.01701	0.01705	A
83	0.01642	0.01648	A
84	0.00993	0.01122	T
85	0.02035	0.02071	A
86	0.01059	0.01066	T
87	0.01094	0.0112	T
88	0.02248	0.02258	A
89	0.02306	0.02326	A
90	0.01917	0.01925	A
91	0.04413	0.04662	C
92	0.02258	0.02354	A
93	0.04755	0.05122	C
94	0.03843	0.03844	A
95	0.03278	0.03279	A
96	0.02193	0.02208	A
97	0.03382	0.03594	C
98	0.01235	0.01292	T
99	0.031	0.03168	A
100	0.04206	0.04226	C
101	0.02918	0.02954	C
102	0.0166	0.02046	A
103	0.03577	0.03583	C
104	0.01924	0.01965	C
105	0.0094	0.01082	T
106	0.02855	0.02969	A
107	0.04025	0.04047	C
108	0.0274	0.02844	C
109	0.00929	0.01292	T
110	0.03314	0.03314	C
111	0.02356	0.02356	C
112	0.02387	0.02434	C
113	0.00905	0.01054	T
114	0.02401	0.02432	C
115	0.01532	0.0164	A
116	0.03482	0.03482	C
117	0.02438	0.02457	C
118	0.01185	0.01195	A
119	0.01657	0.01668	A
120	0.02639	0.02657	A
121	0.00579	0.00618	G
122	0.03547	0.03559	C
123	0.03033	0.03042	C
124	0.02655	0.02678	C
125	0.01197	0.0134	A
126	0.00807	0.00903	T
127	0.00126	0.00127	A
128	0.00811	0.00813	A
129	0.00643	0.00645	A
130	0.01146	0.01147	A
131	0.01226	0.01237	A
132	0.02922	0.03295	T
133	0.002	0.00201	A
134	0.00151	0.00151	A
135	0.00833	0.00833	A
136	0.00682	0.00682	A
137	0.00757	0.00757	A
138	0.01027	0.01033	A
139	0.01096	0.01123	T
140	0.0102	0.01081	T
141	0.01355	0.02211	A
142	0.01229	0.01313	T
143	0.02489	0.0249	A
144	0.02291	0.02341	A
145	0.04652	0.04746	C
146	0.02217	0.02217	A
147	0.02446	0.02446	A
148	0.02716	0.02821	A
149	0.04347	0.04386	C
150	0.03234	0.03249	C
151	0.02728	0.02735	C
152	0.00895	0.00981	T
153	0.00328	0.00359	G
154	0.02895	0.02978	A
155	0.0056	0.00705	G
156	0.02114	0.02119	A
157	0.02185	0.02206	A
158	0.03747	0.03762	C
159	0.02844	0.02865	C
160	0.01048	0.01053	A
161	0.01181	0.01185	A
162	0.01067	0.01073	A
163	0.00728	0.00732	A
164	0.00325	0.00356	T
165	0.00208	0.00233	G
166	0.00757	0.00759	A
167	0.00946	0.0095	A
168	0.01278	0.01304	C
169	0.0035	0.00369	G
170	0.00861	0.00865	A
171	0.00566	0.00574	A
172	0.01914	0.01922	A
173	0.02422	0.02425	A
174	0.00745	0.00844	T
175	0.03402	0.03416	C
176	0.00843	0.00846	T
177	0.00383	0.00561	G
178	0.00367	0.00367	T
179	0.00378	0.00382	T
180	0.0104	0.01082	C
181	0.00382	0.00393	G
182	0.03525	0.03564	C
183	0.00348	0.00357	T
184	0.00398	0.00402	T
185	0.01108	0.01134	C
186	0.01172	0.01194	A
187	0.00432	0.00436	T
188	0.00678	0.00681	T
189	0.02238	0.02309	C
190	0.02014	0.02076	A
191	0.01145	0.0115	T
192	0.0252	0.02556	T
193	0.01863	0.01968	G
194	0.03318	0.03327	C
195	0.01432	0.01437	C
196	0.03245	0.03248	C
197	0.02581	0.02582	C
198	0.02865	0.02873	C
199	0.01429	0.01784	A
200	0.03988	0.04095	C
201	0.01844	0.01856	A
202	0.02061	0.02123	A
203	0.00958	0.01008	T
204	0.03159	0.03163	C
205	0.01757	0.01767	C
206	0.00882	0.00944	T
207	0.02499	0.02856	A
208	0.0048	0.00484	G
209	0.00345	0.00346	G
210	0.00771	0.00773	C
211	0.01209	0.01218	C
212	0.00671	0.00777	T
213	0.02184	0.023	A
214	0.04602	0.04611	C
215	0.03366	0.03397	C
216	0.04721	0.0478	C
217	0.00362	0.00398	G
218	0.0074	0.0074	C
219	0.00835	0.00838	C
220	0.00398	0.00507	G
221	0.02952	0.02977	C
222	0.02629	0.02673	A
223	0.0055	0.00555	G
224	0.00919	0.00944	T
225	0.02195	0.02239	A
226	0.03762	0.03775	C
227	0.00959	0.00968	T
228	0.00252	0.00332	G
229	0.0132	0.0134	A
230	0.00642	0.00676	T
231	0.01506	0.01527	C
232	0.02117	0.0216	A
233	0.00812	0.00814	T
234	0.00877	0.00887	T
235	0.02284	0.02693	C
236	0.0075	0.00762	T
237	0.02392	0.02602	A
238	0.00702	0.00702	T
239	0.01704	0.01705	T
240	0.03621	0.0363	T
241	0.06161	0.06201	C
242	0.04677	0.04697	C
243	0.03328	0.03333	C
244	0.027	0.02703	C
245	0.0114	0.01141	C
246	0.00481	0.0051	T
247	0.01788	0.01806	C
248	0.00579	0.00584	T
249	0.01737	0.01823	A
250	0.00728	0.00728	T
251	0.00924	0.00927	T
252	0.00409	0.00474	G
253	0.01434	0.01497	A
254	0.02068	0.02119	T
255	0.01936	0.01954	C
256	0.03654	0.03662	C
257	0.03134	0.03137	C
258	0.03455	0.03471	C
259	0.02084	0.0273	A
260	0.0382	0.03822	C
261	0.02369	0.02392	C
262	0.00905	0.01046	T
263	0.02592	0.02592	C
264	0.02327	0.02334	C
265	0.00953	0.00964	A
266	0.01723	0.01727	A
267	0.02139	0.02149	A
268	0.01079	0.01202	T
269	0.02545	0.026	A
270	0.01375	0.01399	T
271	0.03099	0.03126	C
272	0.01018	0.01096	T
273	0.02538	0.02591	C
274	0.0211	0.02262	A
275	0.01234	0.0131	T
276	0.03727	0.03785	C
277	0.0202	0.02058	A
278	0.02183	0.02195	A
279	0.04005	0.0415	C
280	0.0228	0.02283	A
281	0.02207	0.02255	A
282	0.03787	0.03795	C
283	0.03986	0.04018	C
284	0.00457	0.0069	G
285	0.02043	0.02056	A
286	0.03112	0.03128	C
287	0.01036	0.01067	T
288	0.01933	0.01954	A
289	0.01925	0.01963	A
290	0.01544	0.01609	T
291	0.05105	0.05192	C
292	0.02843	0.02919	A
293	0.04652	0.04657	C
294	0.02739	0.02824	C
295	0.01773	0.02304	A
296	0.03385	0.03387	C
297	0.03072	0.03073	C
298	0.02344	0.02373	C
299	0.01459	0.01469	A
300	0.0179	0.01794	A
301	0.03293	0.03331	C
302	0.01832	0.01835	A
303	0.01981	0.02004	A
304	0.01725	0.01752	T
305	0.00344	0.00364	G
306	0.0265	0.02665	A
307	0.03429	0.03457	C
308	0.01114	0.01141	T
309	0.01919	0.01928	A
310	0.02275	0.0229	A
311	0.01045	0.01179	T
312	0.03298	0.03364	C
313	0.02155	0.02167	A
314	0.02291	0.02326	A
315	0.02323	0.02327	A
316	0.0461	0.05049	C
317	0.01487	0.0157	T
318	0.02233	0.02248	A
319	0.02141	0.02178	A
320	0.04117	0.04131	C
321	0.02951	0.03006	C
322	0.00846	0.00965	T
323	0.03144	0.03188	C
324	0.01653	0.01696	A
325	0.01131	0.0114	A
326	0.01813	0.01824	A
327	0.01646	0.01649	A
328	0.0371	0.0442	C
329	0.01308	0.01312	A
330	0.01771	0.01772	A
331	0.0178	0.01801	A
332	0.00855	0.00907	T
333	0.00406	0.00431	G
334	0.02476	0.02532	A
335	0.00904	0.01022	T
336	0.02014	0.02016	A
337	0.02557	0.02652	A
338	0.03448	0.03467	C
339	0.02383	0.02386	C
340	0.00948	0.02543	A
341	0.01095	0.01143	T
342	0.02627	0.02662	A
343	0.03787	0.03868	C
344	0.02216	0.02281	A
345	0.04503	0.04699	C
346	0.02072	0.02073	A
347	0.01968	0.02001	A
348	0.03565	0.03731	C
349	0.01962	0.01992	A
350	0.03354	0.03418	C
351	0.00825	0.00858	T
352	0.01488	0.01491	A
353	0.01757	0.01766	A
354	0.01703	0.01706	A
355	0.00415	0.00422	G
356	0.00285	0.00288	G
357	0.0221	0.02698	A
358	0.03909	0.03984	C
359	0.00944	0.01079	G
360	0.02837	0.02897	A
361	0.02667	0.02713	A
362	0.03742	0.03752	C
363	0.02011	0.02028	C
364	0.00847	0.00907	T
365	0.00328	0.00437	G
366	0.0216	0.02196	A
367	0.01114	0.01144	T
368	0.02843	0.02864	C
369	0.01035	0.01084	T
370	0.0261	0.0265	C
371	0.01303	0.01304	T
372	0.01117	0.01124	T
373	0.01111	0.02086	A
374	0.01075	0.0109	T
375	0.02459	0.02591	A
376	0.02949	0.02996	C
377	0.00764	0.00772	T
378	0.02878	0.02958	A
379	0.00367	0.00407	G
380	0.00713	0.00873	T
381	0.03509	0.03587	A
382	0.00614	0.00629	T
383	0.02068	0.02078	C
384	0.01666	0.01688	C
385	0.00428	0.0043	T
386	0.00755	0.00771	T
387	0.01405	0.01466	A
388	0.02185	0.02273	A
389	0.01538	0.01559	T
390	0.03219	0.03321	C
391	0.01311	0.01424	A
392	0.00403	0.00405	T
393	0.00522	0.00526	T
394	0.00767	0.0077	T
395	0.00993	0.00995	T
396	0.01001	0.01002	T
397	0.01604	0.02297	A
398	0.01122	0.01123	T
399	0.02072	0.02079	T
400	0.0114	0.01211	G
401	0.04057	0.04064	C
402	0.02953	0.02978	C
403	0.01426	0.02275	A
404	0.02969	0.03142	C
405	0.01797	0.018	A
406	0.02174	0.02195	A
407	0.03217	0.03372	C
408	0.01131	0.01184	T
409	0.02812	0.02835	A
410	0.0243	0.02506	A
411	0.02999	0.03011	C
412	0.04568	0.04677	C
413	0.00819	0.01084	T
414	0.03026	0.0303	C
415	0.02493	0.02536	C
416	0.00976	0.01109	T
417	0.02572	0.02611	C
418	0.00361	0.00384	G
419	0.0032	0.00327	G
420	0.02195	0.025	A
421	0.02448	0.02469	C
422	0.0069	0.0071	T
423	0.02775	0.02776	C
424	0.02124	0.02161	C
425	0.01038	0.01128	T
426	0.00339	0.00398	G
427	0.03268	0.03273	C
428	0.023	0.02321	C
429	0.00994	0.01141	T
430	0.02419	0.02459	C
431	0.01289	0.0138	A
432	0.03746	0.03768	C
433	0.01124	0.01201	T
434	0.02578	0.02596	C
435	0.01453	0.01591	A
436	0.00875	0.00877	T
437	0.01165	0.01168	T
438	0.01167	0.0117	T
439	0.02388	0.02658	A
440	0.04159	0.04221	C
441	0.02384	0.02413	A
442	0.05012	0.0502	C
443	0.02607	0.02667	C
444	0.0212	0.02134	A
445	0.02654	0.02679	A
446	0.04174	0.04224	C
447	0.02793	0.02818	C
448	0.01773	0.02384	A
449	0.03438	0.0344	C
450	0.02985	0.02986	C
451	0.02448	0.02473	C
452	0.01288	0.01294	A
453	0.03105	0.03109	A
454	0.02227	0.02268	C
455	0.00671	0.00679	T
456	0.01839	0.01864	A
457	0.007	0.00706	T
458	0.02614	0.02631	C
459	0.00661	0.00666	T
460	0.02215	0.02291	A
461	0.01092	0.01144	T
462	0.01735	0.01742	A
463	0.01953	0.01956	A
464	0.0303	0.03084	A
465	0.03927	0.03958	C
466	0.00896	0.00905	C
467	0.01204	0.01261	T
468	0.03098	0.03197	A
469	0.00412	0.00427	G
470	0.02937	0.02939	C
471	0.02317	0.02319	C
472	0.01673	0.02237	A
473	0.01104	0.01151	T
474	0.00351	0.00353	G
475	0.00298	0.00301	G
476	0.02421	0.02423	C
477	0.01301	0.01307	C
478	0.01715	0.02096	A
479	0.00893	0.00975	T
480	0.02352	0.02357	C
481	0.02632	0.02635	C
482	0.02029	0.02031	C
483	0.00607	0.00607	C
484	0.00194	0.00197	T
485	0.00209	0.0021	T
486	0.00407	0.00752	A
487	0.00785	0.00788	T
488	0.00178	0.00196	G
489	0.00448	0.00469	A
490	0.00269	0.00273	G
491	0.00489	0.00499	C
492	0.00458	0.00458	G
493	0.00272	0.00273	G
494	0.00325	0.00325	G
495	0.01047	0.01168	C
496	0.92803	0.92826	A
497	0.01133	0.01137	C
498	0.01914	0.01944	A
499	0.00364	0.00366	G
500	0.00833	0.00861	T
501	0.003	0.0032	G
502	0.02059	0.02123	A
503	0.01011	0.01012	T
504	0.01144	0.0115	T
505	0.01491	0.0237	A
506	0.00825	0.00853	T
507	0.02322	0.02449	A
508	0.00207	0.00211	G
509	0.00211	0.00212	G
510	0.00437	0.00445	C
511	0.00078	0.00079	T
512	0.00355	0.00356	T
513	0.00414	0.00414	T
514	0.00583	0.00603	C
515	0.00273	0.00279	G
516	0.00456	0.0046	C
517	0.00171	0.00173	T
518	0.00619	0.00627	C
519	0.00245	0.00251	T
520	0.00711	0.00716	A
521	0.00901	0.00905	A
522	0.00226	0.00258	G
523	0.02585	0.02606	A
524	0.0075	0.00754	T
525	0.00902	0.0097	T
526	0.00191	0.00194	A
527	0.01645	0.01658	A
528	0.01332	0.01336	A
529	0.02474	0.02478	A
530	0.01857	0.01859	A
531	0.01317	0.01346	T
532	0.00584	0.00646	G
533	0.02633	0.02636	C
534	0.01252	0.01255	C
535	0.01392	0.01396	C
536	0.00733	0.00783	T
537	0.02981	0.0328	A
538	0.00616	0.00768	G
539	0.0206	0.02063	C
540	0.01774	0.01779	C
541	0.03585	0.03598	C
542	0.01465	0.01942	A
543	0.03837	0.03863	C
544	0.00936	0.00963	T
545	0.00796	0.00799	T
546	0.02464	0.02726	C
547	0.01091	0.01093	T
548	0.01903	0.01917	T
549	0.02066	0.03011	A
550	0.04941	0.04952	C
551	0.03276	0.03297	C
552	0.02051	0.02431	A
553	0.02298	0.02355	C
554	0.0192	0.01923	A
555	0.02695	0.02753	A
556	0.0034	0.00348	G
557	0.0037	0.00379	G
558	0.02738	0.02836	C
559	0.02719	0.03171	A
560	0.04237	0.04358	C
561	0.01857	0.01938	A
562	0.04263	0.04267	C
563	0.02173	0.02201	C
564	0.01167	0.01301	T
565	0.03027	0.03528	A
566	0.04106	0.04268	C
567	0.02397	0.02696	A
568	0.039	0.03902	C
569	0.03812	0.03822	C
570	0.02668	0.02673	C
571	0.02115	0.0212	C
572	0.00612	0.00625	T
573	0.01161	0.01172	T
574	0.01589	0.02417	A
575	0.02294	0.02343	T
576	0.03689	0.0376	C
577	0.03684	0.037	C
578	0.0308	0.03084	C
579	0.0232	0.02323	C
580	0.00884	0.01982	A
581	0.00803	0.00826	T
582	0.01967	0.01986	A
583	0.02527	0.02559	C
584	0.0073	0.00738	T
585	0.02227	0.02289	A
586	0.00262	0.00274	G
587	0.00799	0.00801	T
588	0.00946	0.00958	T
589	0.01331	0.02329	A
590	0.01	0.01001	T
591	0.01379	0.01396	T
592	0.01664	0.02879	A
593	0.02187	0.02237	T
594	0.03789	0.03858	C
595	0.01186	0.01279	G
596	0.01478	0.01519	A
597	0.02436	0.02447	A
598	0.02815	0.02817	A
599	0.0406	0.0407	C
600	0.02009	0.02014	C
601	0.01991	0.02316	A
602	0.01309	0.0253	T
603	0.0264	0.0271	C
604	0.03083	0.034	A
605	0.00586	0.00604	G
606	0.0431	0.04314	C
607	0.0178	0.01791	C
608	0.00869	0.00933	T
609	0.01976	0.02058	A
610	0.02989	0.03019	C
611	0.00927	0.00963	T
612	0.02903	0.0296	C
613	0.02061	0.02238	A
614	0.00994	0.01004	T
615	0.00968	0.00978	T
616	0.02991	0.03079	C
617	0.02244	0.02265	A
618	0.02714	0.02747	A
619	0.03894	0.039	C
620	0.03261	0.03265	C
621	0.01772	0.01778	A
622	0.02297	0.02339	A
623	0.0085	0.0091	T
624	0.02495	0.02606	A
625	0.00388	0.00426	G
626	0.02499	0.02505	C
627	0.02446	0.02446	C
628	0.02388	0.0239	C
629	0.00469	0.00502	T
630	0.00267	0.00268	G
631	0.00281	0.00282	G
632	0.00393	0.00394	C
633	0.0224	0.02241	C
634	0.00517	0.00648	G
635	0.00672	0.00807	T
636	0.02616	0.02789	A
637	0.04492	0.04527	C
638	0.00344	0.0035	G
639	0.00891	0.00894	C
640	0.0072	0.00724	C
641	0.00512	0.00553	T
642	0.01972	0.01998	A
643	0.02472	0.0249	A
644	0.04653	0.04662	C
645	0.03416	0.03432	C
646	0.00423	0.00483	G
647	0.01073	0.01102	C
648	0.00749	0.00768	T
649	0.02134	0.02152	A
650	0.02692	0.02701	A
651	0.03366	0.03392	C
652	0.02013	0.02058	A
653	0.01004	0.01023	T
654	0.00701	0.00707	T
655	0.01217	0.02026	A
656	0.03396	0.03418	C
657	0.00605	0.00609	T
658	0.0036	0.00522	G
659	0.01603	0.01683	C
660	0.02362	0.0251	A
661	0.00213	0.00215	G
662	0.00409	0.00413	G
663	0.00969	0.0097	C
664	0.00802	0.00811	C
665	0.01373	0.01765	A
666	0.02921	0.02923	C
667	0.01439	0.01446	C
668	0.0049	0.00529	T
669	0.02224	0.02278	A
670	0.03081	0.03102	C
671	0.00918	0.01053	T
672	0.02665	0.02748	C
673	0.01889	0.02114	A
674	0.01299	0.0132	T
675	0.00531	0.0068	G
676	0.03535	0.03623	C
677	0.01949	0.01974	A
678	0.03758	0.03769	C
679	0.01722	0.01727	C
680	0.00648	0.00668	T
681	0.01682	0.017	A
682	0.02134	0.02149	A
683	0.00604	0.00607	T
684	0.00591	0.00593	T
685	0.00256	0.00257	G
686	0.0026	0.00265	G
687	0.02296	0.02304	A
688	0.02292	0.02304	A
689	0.00708	0.00744	G
690	0.02594	0.02653	C
691	0.00755	0.00791	G
692	0.02569	0.02571	C
693	0.01841	0.01864	C
694	0.0165	0.02553	A
695	0.04169	0.04171	C
696	0.03305	0.03306	C
697	0.02369	0.02385	C
698	0.00916	0.0095	T
699	0.02763	0.02792	A
700	0.00345	0.00376	G
701	0.03169	0.03217	C
702	0.02424	0.02443	A
703	0.02371	0.02391	A
704	0.01294	0.01329	T
705	0.02622	0.02655	A
706	0.01251	0.01452	T
707	0.03827	0.03984	C
708	0.02451	0.02463	A
709	0.02857	0.02863	A
710	0.05239	0.05254	C
711	0.02706	0.02712	C
712	0.02064	0.02503	A
713	0.01506	0.01539	T
714	0.01131	0.01158	T
715	0.01487	0.01495	A
716	0.02524	0.02564	A
717	0.04691	0.04707	C
718	0.03434	0.0345	C
719	0.01051	0.01066	T
720	0.01317	0.01327	T
721	0.02784	0.02791	C
722	0.0295	0.02965	C
723	0.02274	0.0228	C
724	0.00734	0.00819	T
725	0.0276	0.02824	C
726	0.01102	0.01136	T
727	0.02666	0.0279	A
728	0.03676	0.03702	C
729	0.01513	0.01564	A
730	0.03298	0.03336	C
731	0.01412	0.01423	T
732	0.01051	0.01064	T
733	0.01696	0.02497	A
734	0.01302	0.0138	T
735	0.03176	0.03228	C
736	0.02222	0.02301	A
737	0.01258	0.01285	T
738	0.03087	0.03153	C
739	0.00949	0.0095	T
740	0.01445	0.01477	T
741	0.03867	0.03988	C
742	0.02191	0.02238	A
743	0.05049	0.05146	C
744	0.01478	0.01501	A
745	0.02396	0.02429	A
746	0.00965	0.00977	T
747	0.00975	0.0098	T
748	0.0216	0.02779	C
749	0.01282	0.01307	T
750	0.01413	0.01448	A
751	0.02673	0.02723	A
752	0.01126	0.0113	T
753	0.01452	0.01463	T
754	0.02765	0.03115	C
755	0.01576	0.016	T
756	0.02477	0.02567	A
757	0.02863	0.02895	C
758	0.02249	0.0227	T
759	0.01035	0.01126	G
760	0.03341	0.03361	A
761	0.04501	0.04574	C
762	0.00968	0.00998	T
763	0.02417	0.02567	A
764	0.00906	0.00922	T
765	0.03267	0.03282	C
766	0.02059	0.02077	C
767	0.00831	0.00852	T
768	0.02715	0.02791	A
769	0.00351	0.00365	G
770	0.01328	0.01333	A
771	0.01576	0.0158	A
772	0.02229	0.02239	A
773	0.01202	0.0127	T
774	0.02811	0.0283	C
775	0.00756	0.00765	G
776	0.0191	0.01933	C
777	0.00792	0.00807	T
778	0.00511	0.00573	G
779	0.01799	0.02097	T
780	0.03169	0.03213	C
781	0.00521	0.00529	G
782	0.02502	0.02503	C
783	0.01723	0.01729	C
784	0.00716	0.00719	T
785	0.01038	0.01044	T
786	0.01602	0.0164	A
787	0.01807	0.01815	A
788	0.01342	0.01369	T
789	0.03028	0.03043	C
790	0.0165	0.01657	C
791	0.01725	0.01735	A
792	0.03432	0.03446	A
793	0.00536	0.00577	G
794	0.02534	0.02535	C
795	0.01276	0.01282	C
796	0.00792	0.00826	T
797	0.01779	0.01807	A
798	0.02372	0.0239	C
799	0.00383	0.00455	G
800	0.00406	0.00407	T
801	0.00403	0.00404	T
802	0.00789	0.00791	T
803	0.0154	0.01541	T
804	0.05387	0.0614	C
805	0.02804	0.0286	A
806	0.04013	0.04066	C
807	0.01573	0.01609	A
808	0.03261	0.03295	C
809	0.00892	0.00904	T
810	0.0061	0.00611	T
811	0.01736	0.01962	C
812	0.00624	0.00628	T
813	0.02119	0.02179	A
814	0.00317	0.00328	G
815	0.00396	0.00509	T
816	0.01396	0.01407	A
817	0.02201	0.02322	A
818	0.00601	0.00681	G
819	0.07564	0.07603	C
820	0.01062	0.01064	C
821	0.00656	0.00748	T
822	0.0253	0.02581	C
823	0.01166	0.0134	T
824	0.01674	0.01751	A
825	0.02648	0.02652	C
826	0.01662	0.01679	C
827	0.00964	0.01014	T
828	0.00478	0.00522	G
829	0.02296	0.02333	C
830	0.02005	0.02068	A
831	0.03425	0.03452	C
832	0.00539	0.00565	G
833	0.01874	0.019	A
834	0.03155	0.03191	C
835	0.01787	0.01787	A
836	0.01426	0.01433	A
837	0.02774	0.02825	C
838	0.01133	0.01143	A
839	0.02699	0.02699	C
840	0.00163	0.00163	A
841	0.0	0.0	T
842	0.0	0.0	A
