Position	Mismatches	Mismatches + Deletions	Base
1	0.0	0.0	A
2	0.0	0.0	T
3	0.0	0.0	G
4	0.01557	0.01557	A
5	0.02666	0.02801	C
6	0.01705	0.01705	C
7	0.01494	0.01494	C
8	0.01209	0.01528	A
9	0.02569	0.02613	C
10	0.02511	0.02519	C
11	0.01188	0.0119	A
12	0.0141	0.0142	A
13	0.00716	0.00757	T
14	0.02366	0.02378	C
15	0.01882	0.01939	A
16	0.02967	0.03097	C
17	0.01569	0.01691	A
18	0.00836	0.00869	T
19	0.00272	0.00281	G
20	0.03408	0.03409	C
21	0.01402	0.01405	C
22	0.00616	0.00648	T
23	0.01645	0.01669	A
24	0.00642	0.00677	T
25	0.02397	0.02433	C
26	0.01634	0.01728	A
27	0.01085	0.0111	T
28	0.02231	0.02341	A
29	0.00667	0.00676	T
30	0.03035	0.03086	A
31	0.00326	0.00352	G
32	0.00705	0.00766	T
33	0.02212	0.02217	A
34	0.01159	0.01161	A
35	0.02471	0.02476	A
36	0.03012	0.03029	A
37	0.04587	0.04663	C
38	0.02066	0.02066	C
39	0.01833	0.01834	C
40	0.01952	0.02445	A
41	0.00487	0.00514	G
42	0.03126	0.03128	C
43	0.0218	0.02182	C
44	0.02385	0.02389	C
45	0.01466	0.01931	A
46	0.00839	0.00857	T
47	0.00285	0.0032	G
48	0.02686	0.02712	A
49	0.00685	0.00688	C
50	0.00706	0.00707	C
51	0.00666	0.00667	C
52	0.00442	0.00442	C
53	0.00389	0.00408	T
54	0.02514	0.02527	A
55	0.02277	0.02282	A
56	0.03782	0.03817	C
57	0.02914	0.02961	A
58	0.00136	0.00139	G
59	0.00142	0.00142	G
60	0.00158	0.00159	G
61	0.0052	0.00521	G
62	0.01616	0.01617	C
63	0.01313	0.01313	C
64	0.02399	0.02399	C
65	0.00638	0.00767	T
66	0.02634	0.02648	C
67	0.00908	0.0108	T
68	0.03268	0.03343	C
69	0.02899	0.03061	A
70	0.00737	0.00759	G
71	0.03241	0.03244	C
72	0.01527	0.0153	C
73	0.01792	0.01808	C
74	0.00662	0.00796	T
75	0.02942	0.02942	C
76	0.02259	0.02295	C
77	0.00935	0.00963	T
78	0.02203	0.02229	A
79	0.02104	0.02118	A
80	0.0126	0.01304	T
81	0.00444	0.00506	G
82	0.02698	0.02716	A
83	0.03525	0.03535	C
84	0.02362	0.02368	C
85	0.00704	0.00876	T
86	0.03562	0.03566	C
87	0.02487	0.02504	C
88	0.00487	0.00495	G
89	0.00256	0.00257	G
90	0.00329	0.00329	C
91	0.00248	0.0025	C
92	0.00113	0.00125	T
93	0.00422	0.00458	A
94	0.00198	0.00201	G
95	0.0309	0.03091	C
96	0.01647	0.01648	C
97	0.00582	0.00746	A
98	0.00213	0.00216	T
99	0.00214	0.00217	G
100	0.00269	0.0028	T
101	0.00211	0.00221	G
102	0.0212	0.02167	A
103	0.00267	0.00267	T
104	0.00654	0.00657	T
105	0.00842	0.00842	T
106	0.02723	0.02833	C
107	0.01491	0.01563	A
108	0.02042	0.02082	C
109	0.01213	0.01228	T
110	0.01216	0.01233	T
111	0.06583	0.06588	C
112	0.03513	0.03557	C
113	0.02104	0.02885	A
114	0.01091	0.01104	C
115	0.00615	0.00646	T
116	0.01995	0.01995	C
117	0.02188	0.02202	C
118	0.01404	0.02503	A
119	0.00857	0.0093	T
120	0.02424	0.02433	A
121	0.02244	0.02427	A
122	0.04087	0.04179	C
123	0.00471	0.0049	G
124	0.03038	0.03085	C
125	0.00485	0.00547	T
126	0.01978	0.01978	C
127	0.00978	0.00985	C
128	0.00242	0.00342	T
129	0.00843	0.00858	C
130	0.00537	0.00693	A
131	0.00268	0.00273	T
132	0.03977	0.04023	A
133	0.00536	0.00548	C
134	0.00203	0.00214	T
135	0.00507	0.0062	A
136	0.00137	0.0014	G
137	0.00252	0.00253	G
138	0.00589	0.0059	C
139	0.00275	0.00284	C
140	0.00552	0.00613	T
141	0.01718	0.01741	A
142	0.0313	0.03195	C
143	0.00921	0.00963	T
144	0.02164	0.02179	A
145	0.02164	0.02203	A
146	0.04598	0.04604	C
147	0.03349	0.03356	C
148	0.01944	0.01957	A
149	0.01963	0.01971	A
150	0.03871	0.03945	C
151	0.03425	0.03516	A
152	0.04189	0.04314	C
153	0.01794	0.01822	A
154	0.0332	0.03405	C
155	0.01213	0.0128	T
156	0.02205	0.02212	A
157	0.0263	0.02653	A
158	0.02805	0.0281	C
159	0.02485	0.02491	C
160	0.01611	0.0202	A
161	0.00838	0.00862	T
162	0.01937	0.02088	A
163	0.00983	0.01026	T
164	0.02667	0.02699	A
165	0.03144	0.03169	C
166	0.02633	0.02649	C
167	0.01664	0.01665	A
168	0.01872	0.01889	A
169	0.00703	0.00716	T
170	0.00311	0.00393	G
171	0.01769	0.01821	A
172	0.01129	0.01153	T
173	0.0028	0.00281	G
174	0.00554	0.00563	G
175	0.02965	0.03012	C
176	0.00524	0.00532	G
177	0.02677	0.0273	C
178	0.00527	0.00548	G
179	0.01645	0.0172	A
180	0.00626	0.00632	T
181	0.00519	0.00538	G
182	0.00704	0.00802	T
183	0.02066	0.02074	A
184	0.0188	0.01895	A
185	0.02808	0.02865	C
186	0.02364	0.0239	A
187	0.04465	0.04505	C
188	0.00459	0.00479	G
189	0.02553	0.02593	A
190	0.00499	0.00513	G
191	0.02147	0.02158	A
192	0.02291	0.02294	A
193	0.0283	0.02847	A
194	0.00562	0.00618	G
195	0.0368	0.03754	C
196	0.0206	0.02229	A
197	0.03653	0.03736	C
198	0.02191	0.02506	A
199	0.00832	0.00884	T
200	0.02409	0.02419	A
201	0.03333	0.03346	C
202	0.02268	0.02282	C
203	0.01273	0.01274	A
204	0.01051	0.01079	A
205	0.00208	0.00222	G
206	0.00287	0.00289	G
207	0.00428	0.00431	C
208	0.0025	0.00266	C
209	0.01815	0.02518	A
210	0.03063	0.03066	C
211	0.02376	0.02442	C
212	0.01197	0.03094	A
213	0.03259	0.03426	C
214	0.0225	0.02652	A
215	0.04097	0.04266	C
216	0.01696	0.01829	A
217	0.03928	0.03928	C
218	0.04032	0.04185	C
219	0.01648	0.01976	A
220	0.03789	0.03789	C
221	0.01181	0.01207	C
222	0.00913	0.00964	T
223	0.00391	0.00424	G
224	0.00873	0.00882	T
225	0.02467	0.02471	C
226	0.03266	0.03271	C
227	0.00078	0.00083	A
228	0.01435	0.01437	A
229	0.01745	0.01745	A
230	0.02446	0.02447	A
231	0.02027	0.02027	A
232	0.00271	0.00273	G
233	0.0025	0.00251	G
234	0.00593	0.00594	C
235	0.00336	0.00337	C
236	0.00146	0.00147	T
237	0.00356	0.00356	T
238	0.03225	0.0336	C
239	0.00612	0.0062	G
240	0.02406	0.02453	A
241	0.00739	0.00753	T
242	0.02528	0.02581	A
243	0.0339	0.03468	C
244	0.00296	0.00297	G
245	0.00226	0.00226	G
246	0.00267	0.00269	G
247	0.0155	0.02266	A
248	0.00842	0.009	T
249	0.01885	0.01889	A
250	0.02085	0.02407	A
251	0.00863	0.00894	T
252	0.03715	0.03753	C
253	0.01949	0.01968	C
254	0.00621	0.00644	T
255	0.02167	0.0228	A
256	0.00787	0.00788	T
257	0.00962	0.00963	T
258	0.00938	0.00945	T
259	0.02038	0.0231	A
260	0.01072	0.01072	T
261	0.01284	0.01329	T
262	0.01981	0.03134	A
263	0.05605	0.0565	C
264	0.00926	0.00961	C
265	0.00331	0.00407	T
266	0.00886	0.00894	C
267	0.00869	0.00915	A
268	0.00281	0.00336	G
269	0.00239	0.00257	A
270	0.00339	0.00354	A
271	0.92982	0.94029	G
272	0.00925	0.00998	T
273	0.00103	0.00142	T
274	0.00118	0.00124	T
275	0.00254	0.00255	T
276	0.00246	0.00247	T
277	0.00526	0.00527	T
278	0.0042	0.0042	T
279	0.01683	0.02322	C
280	0.00639	0.00639	T
281	0.01067	0.01077	T
282	0.04909	0.05112	C
283	0.00574	0.00625	G
284	0.03548	0.03613	C
285	0.02345	0.02375	A
286	0.00193	0.002	G
287	0.00301	0.00312	G
288	0.00525	0.00565	A
289	0.00103	0.00104	T
290	0.00106	0.00106	T
291	0.00079	0.00079	T
292	0.00142	0.00142	T
293	0.00141	0.00142	T
294	0.0042	0.00498	C
295	0.00253	0.00262	T
296	0.00246	0.00293	G
297	0.008	0.00818	A
298	0.00355	0.00362	G
299	0.02633	0.0264	C
300	0.01892	0.01905	C
301	0.00379	0.0038	T
302	0.00818	0.00819	T
303	0.0082	0.00821	T
304	0.01202	0.01203	T
305	0.0246	0.02946	A
306	0.05591	0.05604	C
307	0.03159	0.03164	C
308	0.01798	0.02463	A
309	0.0324	0.03266	C
310	0.00827	0.00857	T
311	0.02729	0.0273	C
312	0.02396	0.02421	C
313	0.02283	0.02921	A
314	0.00254	0.00268	G
315	0.0144	0.01441	C
316	0.00621	0.00625	C
317	0.00676	0.00752	T
318	0.03563	0.03764	A
319	0.01254	0.01304	G
320	0.0165	0.01675	C
321	0.00491	0.00493	C
322	0.01015	0.01018	C
323	0.01179	0.01187	C
324	0.01035	0.01173	T
325	0.02797	0.0297	A
326	0.01767	0.01772	C
327	0.01535	0.01557	C
328	0.02023	0.02046	C
329	0.02051	0.02055	C
330	0.01914	0.01915	C
331	0.02127	0.02128	C
332	0.01274	0.01288	A
333	0.01693	0.01694	A
334	0.00869	0.00872	T
335	0.00638	0.00638	T
336	0.01974	0.0221	A
337	0.00122	0.00123	G
338	0.00189	0.00191	G
339	0.0198	0.02282	A
340	0.00206	0.00206	G
341	0.00147	0.00147	G
342	0.00379	0.0038	G
343	0.00866	0.00964	C
344	0.02574	0.02612	A
345	0.02234	0.02248	C
346	0.00441	0.00459	T
347	0.00467	0.00467	G
348	0.00494	0.00496	G
349	0.0155	0.01551	C
350	0.01135	0.01135	C
351	0.02048	0.02049	C
352	0.02186	0.02186	C
353	0.02725	0.02727	C
354	0.01958	0.01974	A
355	0.01961	0.01968	A
356	0.03658	0.03704	C
357	0.02356	0.02439	A
358	0.00312	0.00318	G
359	0.00687	0.00691	G
360	0.02438	0.02472	C
361	0.02614	0.02672	A
362	0.01624	0.01987	T
363	0.02961	0.03112	C
364	0.02506	0.02684	A
365	0.05254	0.05259	C
366	0.02993	0.02993	C
367	0.02549	0.0255	C
368	0.02745	0.02746	C
369	0.0204	0.02115	G
370	0.02577	0.02602	C
371	0.00795	0.00815	T
372	0.01273	0.01283	A
373	0.01809	0.01815	A
374	0.01832	0.01844	A
375	0.0176	0.0185	T
376	0.02769	0.02779	C
377	0.02412	0.02413	C
378	0.03314	0.03315	C
379	0.02251	0.02253	C
380	0.00712	0.00732	T
381	0.02862	0.02931	A
382	0.00351	0.00362	G
383	0.01703	0.01704	A
384	0.01888	0.01931	A
385	0.00699	0.00794	G
386	0.01735	0.01838	T
387	0.02114	0.02117	C
388	0.0252	0.02523	C
389	0.02406	0.02413	C
390	0.01527	0.01928	A
391	0.0303	0.03066	C
392	0.01402	0.01444	T
393	0.0254	0.0254	C
394	0.01638	0.01657	C
395	0.00722	0.00779	T
396	0.01819	0.01853	A
397	0.02125	0.02133	A
398	0.01667	0.01672	A
399	0.03202	0.03355	C
400	0.02326	0.02467	A
401	0.03239	0.0338	C
402	0.019	0.0203	A
403	0.01157	0.01213	T
404	0.02496	0.02501	C
405	0.03533	0.03538	C
406	0.00397	0.00522	G
407	0.00791	0.00847	T
408	0.02158	0.02217	A
409	0.01304	0.01306	T
410	0.01259	0.01278	T
411	0.01207	0.02166	A
412	0.02612	0.02649	C
413	0.00833	0.00933	T
414	0.0191	0.01927	C
415	0.00625	0.00696	G
416	0.01033	0.01113	C
417	0.02052	0.02081	A
418	0.00262	0.00285	T
419	0.00885	0.00887	C
420	0.008	0.00815	A
421	0.00114	0.00114	G
422	0.00151	0.00153	G
423	0.01816	0.0237	A
424	0.00465	0.0047	G
425	0.00573	0.00657	T
426	0.02674	0.02695	A
427	0.01986	0.02039	T
428	0.03501	0.03523	C
429	0.02298	0.02312	A
430	0.02023	0.02068	A
431	0.00717	0.00809	T
432	0.02054	0.02074	C
433	0.02172	0.02192	A
434	0.01289	0.01291	C
435	0.00656	0.00659	C
436	0.00291	0.00306	T
437	0.00217	0.00253	G
438	0.01165	0.01196	A
439	0.00464	0.00469	G
440	0.01506	0.01535	C
441	0.00887	0.0099	T
442	0.03066	0.03086	C
443	0.02258	0.02308	A
444	0.04105	0.04106	C
445	0.02936	0.02963	C
446	0.01671	0.02065	A
447	0.00927	0.00968	T
448	0.02559	0.02626	A
449	0.00326	0.00347	G
450	0.01344	0.01381	T
451	0.02411	0.02422	C
452	0.00894	0.00934	T
453	0.01908	0.01919	A
454	0.02038	0.02051	A
455	0.01105	0.01193	T
456	0.0273	0.02761	A
457	0.00684	0.00765	G
458	0.02128	0.02129	A
459	0.01401	0.01402	A
460	0.03145	0.03145	A
461	0.02681	0.02687	A
462	0.04262	0.0512	C
463	0.04189	0.04189	A
464	0.05272	0.0534	A
465	0.04071	0.04084	C
466	0.03601	0.03623	C
467	0.00754	0.0104	G
468	0.01424	0.0148	A
469	0.01855	0.01865	A
470	0.02523	0.02529	A
471	0.04154	0.04164	C
472	0.02776	0.02808	C
473	0.00859	0.00866	A
474	0.01816	0.01825	A
475	0.01901	0.01928	A
476	0.01104	0.01301	T
477	0.01785	0.01785	A
478	0.02044	0.02272	A
479	0.00795	0.00802	T
480	0.0093	0.00946	T
481	0.02877	0.02982	C
482	0.01937	0.01944	A
483	0.02281	0.0229	A
484	0.00602	0.00692	G
485	0.0274	0.02809	C
486	0.02364	0.02568	A
487	0.03357	0.03425	C
488	0.01019	0.01048	T
489	0.0029	0.00313	G
490	0.0199	0.02016	C
491	0.0059	0.00593	T
492	0.00635	0.00644	T
493	0.01333	0.01998	A
494	0.00999	0.01004	T
495	0.01028	0.01065	T
496	0.01233	0.0278	A
497	0.04128	0.04271	C
498	0.01638	0.01644	A
499	0.01913	0.01958	A
500	0.00456	0.00461	T
501	0.00669	0.0067	T
502	0.00843	0.00846	T
503	0.00874	0.00875	T
504	0.02095	0.02892	A
505	0.02922	0.02953	C
506	0.00838	0.00853	T
507	0.00198	0.00199	G
508	0.00274	0.00275	G
509	0.00377	0.0038	G
510	0.00499	0.00555	T
511	0.0164	0.01655	C
512	0.00645	0.00651	T
513	0.0306	0.03138	C
514	0.00816	0.00825	T
515	0.02223	0.02302	A
516	0.00476	0.00476	T
517	0.01006	0.01007	T
518	0.01091	0.01091	T
519	0.01254	0.01256	T
520	0.01873	0.02189	A
521	0.0332	0.03326	C
522	0.01657	0.01661	C
523	0.01406	0.01411	C
524	0.00568	0.00721	T
525	0.02768	0.02769	C
526	0.01636	0.01692	C
527	0.00731	0.00782	T
528	0.02584	0.02669	A
529	0.0419	0.04267	C
530	0.02473	0.02491	A
531	0.01868	0.01943	A
532	0.00253	0.00275	G
533	0.01796	0.01796	C
534	0.00821	0.00823	C
535	0.00377	0.00538	T
536	0.02381	0.02392	C
537	0.01867	0.01993	A
538	0.00203	0.00209	G
539	0.022	0.02246	A
540	0.00558	0.00569	G
541	0.0088	0.00896	T
542	0.02166	0.02194	A
543	0.02326	0.02344	C
544	0.00579	0.00581	T
545	0.00764	0.00765	T
546	0.02298	0.02389	C
547	0.00522	0.00545	G
548	0.02571	0.02633	A
549	0.00515	0.00521	G
550	0.00839	0.00969	T
551	0.01691	0.0172	C
552	0.0089	0.00944	T
553	0.03171	0.0318	C
554	0.03266	0.03267	C
555	0.02422	0.02463	C
556	0.00816	0.00823	T
557	0.01255	0.01267	T
558	0.05146	0.05848	C
559	0.02431	0.02531	A
560	0.05321	0.05322	C
561	0.02841	0.02867	C
562	0.02066	0.02327	A
563	0.00417	0.00422	T
564	0.0078	0.00781	T
565	0.00527	0.00527	T
566	0.01841	0.01844	C
567	0.02018	0.02024	C
568	0.0037	0.00462	G
569	0.02168	0.02208	A
570	0.02542	0.02584	C
571	0.00374	0.00375	G
572	0.00437	0.00439	G
573	0.02867	0.02925	C
574	0.02712	0.02745	A
575	0.00512	0.00519	T
576	0.01538	0.01551	C
577	0.00439	0.00456	T
578	0.02722	0.0301	A
579	0.0338	0.03405	C
580	0.00223	0.00226	G
581	0.0034	0.00345	G
582	0.00724	0.00769	C
583	0.00255	0.00299	T
584	0.01719	0.01746	C
585	0.01946	0.01985	A
586	0.01404	0.01416	A
587	0.03923	0.03991	C
588	0.00809	0.00854	A
589	0.00097	0.00101	T
590	0.00214	0.00214	T
591	0.00415	0.00415	T
592	0.00684	0.00684	T
593	0.00586	0.00586	T
594	0.0036	0.0036	T
595	0.00391	0.0044	G
596	0.00805	0.01018	T
597	0.00873	0.00951	A
598	0.00465	0.00474	G
599	0.00241	0.00241	C
600	0.00202	0.00205	C
601	0.02665	0.03308	A
602	0.03635	0.03748	C
603	0.01886	0.02159	A
604	0.00148	0.00152	G
605	0.00249	0.0025	G
606	0.01272	0.01286	C
607	0.00412	0.00413	T
608	0.00429	0.00431	T
609	0.02786	0.02787	C
610	0.02509	0.02517	C
611	0.02224	0.02613	A
612	0.02229	0.02253	C
613	0.00396	0.00406	G
614	0.00263	0.00265	G
615	0.01301	0.01579	A
616	0.03524	0.03539	C
617	0.00607	0.00613	T
618	0.00897	0.00908	T
619	0.02542	0.02695	C
620	0.02035	0.02111	A
621	0.04271	0.04295	C
622	0.00358	0.00408	G
623	0.00599	0.0077	T
624	0.01698	0.01705	C
625	0.02227	0.02266	A
626	0.00795	0.00797	T
627	0.00734	0.00737	T
628	0.01623	0.0285	A
629	0.00777	0.00777	T
630	0.00996	0.01	T
631	0.00313	0.00315	G
632	0.00432	0.00435	G
633	0.0194	0.01984	C
634	0.00826	0.00913	T
635	0.03264	0.03304	C
636	0.02472	0.02533	A
637	0.03083	0.03089	A
638	0.03596	0.03664	C
639	0.00322	0.00327	T
640	0.01118	0.01124	T
641	0.00812	0.00813	T
642	0.03197	0.03219	C
643	0.02922	0.02943	C
644	0.01874	0.02092	T
645	0.03269	0.03317	C
646	0.02502	0.02687	A
647	0.04264	0.04335	C
648	0.01213	0.01244	T
649	0.02468	0.02588	A
650	0.01039	0.01069	T
651	0.03358	0.03401	C
652	0.01263	0.01273	T
653	0.0029	0.00363	G
654	0.02989	0.03024	C
655	0.01046	0.01047	T
656	0.00956	0.00966	T
657	0.01567	0.01615	C
658	0.01734	0.01832	A
659	0.01052	0.01131	T
660	0.03657	0.03672	C
661	0.04663	0.04736	C
662	0.00492	0.00622	G
663	0.02991	0.02992	C
664	0.01839	0.01847	C
665	0.00786	0.00798	A
666	0.0146	0.01461	A
667	0.03386	0.03449	C
668	0.00688	0.00699	T
669	0.01793	0.01807	A
670	0.01716	0.01738	A
671	0.00694	0.00709	T
672	0.02416	0.02492	A
673	0.0042	0.00421	T
674	0.00883	0.00884	T
675	0.02155	0.02161	T
676	0.03595	0.03735	C
677	0.04911	0.04943	A
678	0.02175	0.02196	C
679	0.00637	0.00641	T
680	0.01122	0.01123	T
681	0.00868	0.0087	T
682	0.01671	0.01881	A
683	0.02372	0.02495	C
684	0.01797	0.01841	A
685	0.0183	0.01921	T
686	0.02416	0.02446	C
687	0.0202	0.02034	C
688	0.01119	0.01128	A
689	0.02136	0.02164	A
690	0.02049	0.02052	A
691	0.03258	0.03528	C
692	0.02222	0.02272	A
693	0.01263	0.01348	T
694	0.027	0.02738	C
695	0.02063	0.02094	A
696	0.03287	0.03324	C
697	0.00567	0.00571	T
698	0.00651	0.00652	T
699	0.00625	0.00625	T
700	0.0013	0.00131	G
701	0.00242	0.00243	G
702	0.0096	0.00975	C
703	0.00257	0.00259	T
704	0.00678	0.0068	T
705	0.03178	0.03273	C
706	0.00418	0.00456	G
707	0.0157	0.01583	A
708	0.01327	0.01333	A
709	0.00364	0.00377	G
710	0.00503	0.00506	C
711	0.01671	0.01676	C
712	0.00583	0.00645	G
713	0.02933	0.02934	C
714	0.01802	0.01814	C
715	0.0062	0.00708	G
716	0.01002	0.01002	C
717	0.00701	0.00703	C
718	0.00411	0.00451	T
719	0.00258	0.00356	G
720	0.02491	0.0252	A
721	0.00804	0.00818	T
722	0.02236	0.02298	A
723	0.03437	0.03479	C
724	0.00847	0.00854	T
725	0.00165	0.00166	G
726	0.00286	0.0029	G
727	0.00668	0.0068	C
728	0.02268	0.02284	A
729	0.00225	0.00225	T
730	0.00547	0.00547	T
731	0.00628	0.00628	T
732	0.00699	0.00699	T
733	0.00244	0.00311	G
734	0.00566	0.00574	T
735	0.01699	0.01729	A
736	0.00267	0.00271	G
737	0.01138	0.01152	A
738	0.0046	0.00465	T
739	0.00269	0.00273	G
740	0.00735	0.00755	T
741	0.00193	0.00194	G
742	0.00226	0.00232	G
743	0.00534	0.00534	T
744	0.00884	0.00884	T
745	0.00841	0.00843	T
746	0.00297	0.00363	G
747	0.0301	0.03037	A
748	0.01817	0.01844	C
749	0.00556	0.00562	T
750	0.02547	0.02772	A
751	0.00391	0.00391	T
752	0.01042	0.01043	T
753	0.01453	0.01454	T
754	0.02929	0.03042	C
755	0.01334	0.01341	T
756	0.00425	0.00473	G
757	0.00747	0.00791	T
758	0.02043	0.02094	A
759	0.01028	0.01034	T
760	0.00441	0.00454	G
761	0.00523	0.00564	T
762	0.00529	0.0054	C
763	0.0077	0.0078	T
764	0.01244	0.01245	C
765	0.01063	0.01076	C
766	0.0066	0.00847	A
767	0.00305	0.00311	T
768	0.0148	0.01498	C
769	0.00441	0.00443	T
770	0.01907	0.01998	A
771	0.00394	0.00394	T
772	0.00801	0.00801	T
773	0.00322	0.00355	G
774	0.01457	0.01496	A
775	0.01655	0.01675	T
776	0.01008	0.01171	G
777	0.03585	0.03733	A
778	0.00613	0.00613	G
779	0.00278	0.00278	G
780	0.00473	0.00473	G
781	0.00651	0.00722	T
782	0.01712	0.0172	C
783	0.00971	0.00971	T
784	0.00032	0.00032	T
785	0.0	0.0	A
786	0.0	0.0	A
