Position	Mismatches	Mismatches + Deletions	Base
1	0.0	0.0	C
2	0.0	0.0	T
3	0.0	0.0	G
4	0.00949	0.00949	A
5	0.00403	0.00403	T
6	0.0045	0.005	G
7	0.00437	0.00484	T
8	0.00557	0.00559	T
9	0.01634	0.01722	C
10	0.00398	0.00406	G
11	0.03249	0.0335	C
12	0.03078	0.03103	C
13	0.00388	0.00482	G
14	0.02258	0.02288	A
15	0.04091	0.04091	C
16	0.02607	0.02615	C
17	0.00514	0.00552	G
18	0.00662	0.00669	T
19	0.00887	0.00893	T
20	0.00252	0.00278	G
21	0.02816	0.02831	A
22	0.03172	0.03183	C
23	0.00823	0.00829	T
24	0.02158	0.02261	A
25	0.00778	0.00779	T
26	0.01051	0.01059	T
27	0.0223	0.02604	C
28	0.00832	0.00836	T
29	0.02629	0.02656	C
30	0.00856	0.0086	T
31	0.02151	0.02181	A
32	0.03312	0.03349	C
33	0.01632	0.01638	A
34	0.01742	0.01743	A
35	0.02579	0.02603	A
36	0.02815	0.02833	C
37	0.02333	0.02342	C
38	0.01404	0.0189	A
39	0.03316	0.0341	C
40	0.02175	0.02178	A
41	0.0216	0.0216	A
42	0.03064	0.03108	A
43	0.00441	0.00479	G
44	0.02513	0.02519	A
45	0.03061	0.03087	C
46	0.02528	0.02549	A
47	0.00827	0.00835	T
48	0.00726	0.00727	T
49	0.00351	0.00354	G
50	0.00401	0.00406	G
51	0.02199	0.02202	A
52	0.02572	0.02576	A
53	0.03256	0.03299	C
54	0.02542	0.02574	A
55	0.04141	0.04177	C
56	0.00717	0.00742	T
57	0.01835	0.02355	A
58	0.01035	0.01086	T
59	0.02255	0.02329	A
60	0.03882	0.03913	C
61	0.02412	0.02451	C
62	0.00688	0.00727	T
63	0.02165	0.02242	A
64	0.00735	0.00736	T
65	0.0076	0.00765	T
66	0.01362	0.02634	A
67	0.00692	0.00692	T
68	0.00601	0.00609	T
69	0.01917	0.02005	C
70	0.00325	0.00327	G
71	0.00295	0.00297	G
72	0.01235	0.01249	C
73	0.00446	0.00485	G
74	0.01548	0.01572	C
75	0.01324	0.01353	A
76	0.0033	0.00335	T
77	0.00168	0.00179	G
78	0.01332	0.01346	A
79	0.00249	0.0025	G
80	0.0061	0.00613	C
81	0.00122	0.00123	T
82	0.00259	0.00259	G
83	0.00164	0.00167	G
84	0.0165	0.02212	A
85	0.00454	0.00458	G
86	0.0043	0.00439	T
87	0.0056	0.00561	C
88	0.00471	0.00471	C
89	0.00359	0.00376	T
90	0.02256	0.02332	A
91	0.0013	0.00131	G
92	0.00336	0.00338	G
93	0.00513	0.00525	C
94	0.01505	0.01643	A
95	0.00467	0.00473	C
96	0.00593	0.00664	A
97	0.0037	0.00374	G
98	0.00211	0.00213	C
99	0.0013	0.00132	T
100	0.00136	0.00138	C
101	0.00264	0.00299	T
102	0.01394	0.01408	A
103	0.03447	0.03453	A
104	0.00179	0.00186	G
105	0.01572	0.01573	C
106	0.00358	0.0036	C
107	0.00174	0.00279	T
108	0.01675	0.01675	C
109	0.02179	0.02197	C
110	0.00618	0.00618	T
111	0.01027	0.01032	T
112	0.01242	0.02993	A
113	0.00917	0.00917	T
114	0.00918	0.00925	T
115	0.04422	0.0457	C
116	0.00301	0.00332	G
117	0.02033	0.02092	A
118	0.00398	0.004	G
119	0.01384	0.01386	C
120	0.01914	0.01917	C
121	0.00367	0.00421	G
122	0.02098	0.0215	A
123	0.00343	0.00345	G
124	0.00574	0.00583	C
125	0.00252	0.00259	T
126	0.00239	0.00241	G
127	0.00437	0.0044	G
128	0.00377	0.00377	G
129	0.00661	0.00662	C
130	0.00653	0.00657	C
131	0.0216	0.02769	A
132	0.00411	0.00418	G
133	0.02223	0.02225	C
134	0.01979	0.01982	C
135	0.01672	0.02087	A
136	0.0013	0.00131	G
137	0.00403	0.00404	G
138	0.01864	0.01888	C
139	0.03176	0.03188	A
140	0.02013	0.02019	A
141	0.02799	0.02801	C
142	0.02253	0.02255	C
143	0.00486	0.00487	T
144	0.0073	0.00731	T
145	0.02345	0.02634	C
146	0.00771	0.00773	T
147	0.02388	0.02453	A
148	0.00117	0.00117	G
149	0.00364	0.00365	G
150	0.00266	0.0027	T
151	0.00952	0.00952	A
152	0.00875	0.00879	A
153	0.01053	0.01064	C
154	0.00392	0.00403	G
155	0.02921	0.02952	A
156	0.02865	0.02867	C
157	0.03259	0.03267	C
158	0.01836	0.02234	A
159	0.03624	0.03687	C
160	0.01754	0.01938	A
161	0.01115	0.0115	T
162	0.0342	0.03437	C
163	0.0169	0.01712	T
164	0.02847	0.02938	A
165	0.03409	0.03461	C
166	0.02309	0.0231	A
167	0.03202	0.03232	A
168	0.01092	0.01103	C
169	0.00437	0.00443	G
170	0.00312	0.00314	T
171	0.00348	0.00353	T
172	0.00762	0.01249	A
173	0.00276	0.00297	T
174	0.00979	0.00989	C
175	0.0046	0.00467	G
176	0.00635	0.00692	T
177	0.02548	0.0256	C
178	0.02628	0.02812	A
179	0.0208	0.0218	C
180	0.02261	0.02522	A
181	0.0048	0.00507	G
182	0.01079	0.01081	C
183	0.00884	0.00885	C
184	0.00837	0.00839	C
185	0.00682	0.00957	A
186	0.00645	0.00652	T
187	0.00285	0.00301	G
188	0.01093	0.01105	C
189	0.02072	0.02095	A
190	0.00704	0.00706	T
191	0.00707	0.0071	T
192	0.00766	0.00767	T
193	0.00293	0.00335	G
194	0.00846	0.00876	T
195	0.02066	0.02092	A
196	0.01674	0.01691	A
197	0.00996	0.01012	T
198	0.0217	0.02177	A
199	0.01864	0.02057	A
200	0.00908	0.00953	T
201	0.04014	0.04107	C
202	0.00973	0.00973	T
203	0.00916	0.00924	T
204	0.02245	0.02916	C
205	0.00986	0.00986	T
206	0.00953	0.00967	T
207	0.02615	0.02707	C
208	0.02591	0.02658	A
209	0.00927	0.00947	T
210	0.02972	0.03018	A
211	0.00403	0.00453	G
212	0.01088	0.01125	T
213	0.02907	0.02926	A
214	0.02108	0.02194	A
215	0.02542	0.02707	T
216	0.03214	0.03293	A
217	0.0397	0.04076	C
218	0.0245	0.02457	C
219	0.01486	0.01489	C
220	0.01714	0.02028	A
221	0.00866	0.00966	T
222	0.01903	0.01932	C
223	0.01657	0.01742	A
224	0.0061	0.00633	T
225	0.0174	0.0174	A
226	0.01673	0.01828	A
227	0.00313	0.00346	T
228	0.00649	0.00669	C
229	0.00374	0.00376	G
230	0.00166	0.0017	G
231	0.0138	0.01774	A
232	0.0028	0.0028	G
233	0.00334	0.00336	G
234	0.00785	0.008	C
235	0.00259	0.00259	T
236	0.00563	0.00563	T
237	0.00478	0.00478	T
238	0.00195	0.00196	G
239	0.00308	0.0031	G
240	0.02327	0.0235	C
241	0.01362	0.01366	A
242	0.01015	0.01018	A
243	0.00952	0.0096	C
244	0.00377	0.00381	T
245	0.00349	0.00392	G
246	0.02091	0.02103	A
247	0.02978	0.02996	C
248	0.00779	0.00784	T
249	0.02315	0.02397	A
250	0.00473	0.00502	G
251	0.00735	0.0074	T
252	0.00721	0.00726	T
253	0.0322	0.03227	C
254	0.02059	0.02062	C
255	0.01687	0.01688	C
256	0.00872	0.00873	C
257	0.00564	0.00629	T
258	0.01969	0.02007	A
259	0.02074	0.02085	A
260	0.00855	0.00867	T
261	0.02258	0.02259	A
262	0.02397	0.02626	A
263	0.00489	0.00504	T
264	0.01381	0.01413	C
265	0.00257	0.00258	G
266	0.00329	0.00332	G
267	0.00613	0.0063	T
268	0.00512	0.00545	G
269	0.00646	0.00651	C
270	0.00306	0.00307	C
271	0.01059	0.0106	C
272	0.00438	0.00438	C
273	0.00443	0.00443	C
274	0.00331	0.00351	G
275	0.00588	0.00595	A
276	0.00213	0.00216	T
277	0.01203	0.01228	A
278	0.00525	0.00526	T
279	0.00162	0.00163	G
280	0.00185	0.00186	G
281	0.03185	0.03195	C
282	0.0038	0.00386	G
283	0.0029	0.00295	T
284	0.00943	0.00944	T
285	0.01275	0.01277	T
286	0.03255	0.03265	C
287	0.03796	0.03797	C
288	0.03049	0.0305	C
289	0.02967	0.02968	C
290	0.00407	0.0051	G
291	0.02408	0.02424	C
292	0.01754	0.01847	A
293	0.00889	0.00963	T
294	0.02205	0.02208	A
295	0.01914	0.01918	A
296	0.02201	0.02214	A
297	0.03757	0.03937	C
298	0.01989	0.0199	A
299	0.02041	0.02072	A
300	0.03207	0.03255	C
301	0.02515	0.02664	A
302	0.01011	0.012	T
303	0.02414	0.02414	A
304	0.02458	0.02528	A
305	0.00445	0.00504	G
306	0.02801	0.02836	C
307	0.00834	0.00836	T
308	0.00823	0.00824	T
309	0.02186	0.0234	C
310	0.01172	0.01185	T
311	0.00271	0.00436	G
312	0.02581	0.02615	A
313	0.02527	0.0255	C
314	0.00776	0.0079	T
315	0.02813	0.02879	C
316	0.00862	0.00863	T
317	0.01032	0.01048	T
318	0.02098	0.03144	A
319	0.0331	0.03364	C
320	0.02271	0.0229	C
321	0.01093	0.0138	T
322	0.02824	0.02851	C
323	0.02337	0.02339	C
324	0.02012	0.02054	C
325	0.00941	0.01074	T
326	0.02302	0.02341	C
327	0.00692	0.00809	T
328	0.0187	0.0191	C
329	0.00553	0.00572	T
330	0.02486	0.02486	C
331	0.01499	0.01546	C
332	0.00959	0.01048	T
333	0.02597	0.0306	A
334	0.02042	0.02081	C
335	0.00701	0.00719	T
336	0.01939	0.0194	C
337	0.01489	0.01524	C
338	0.00766	0.00836	T
339	0.0039	0.00471	G
340	0.02146	0.02208	C
341	0.00795	0.00915	T
342	0.03023	0.03053	C
343	0.00701	0.00793	G
344	0.0138	0.01447	C
345	0.01127	0.01162	A
346	0.00611	0.00653	T
347	0.02017	0.02032	C
348	0.01352	0.01362	T
349	0.00236	0.00246	G
350	0.00968	0.00981	C
351	0.00474	0.00476	T
352	0.01399	0.0142	A
353	0.00676	0.00681	T
354	0.02401	0.02487	A
355	0.00276	0.00286	G
356	0.00359	0.00365	T
357	0.00265	0.00265	G
358	0.00145	0.00148	G
359	0.00837	0.0102	A
360	0.00294	0.00294	G
361	0.00338	0.00341	G
362	0.02527	0.02532	C
363	0.02824	0.02826	C
364	0.00387	0.00395	G
365	0.00179	0.00181	G
366	0.00388	0.00436	A
367	0.00466	0.00487	G
368	0.07087	0.07117	C
369	0.00813	0.00838	A
370	0.00229	0.00229	G
371	0.00324	0.00325	G
372	0.01019	0.0102	A
373	0.0197	0.01974	A
374	0.03308	0.03336	C
375	0.0195	0.01976	A
376	0.00284	0.00286	G
377	0.00315	0.00317	G
378	0.00317	0.00317	T
379	0.00374	0.00376	T
380	0.00392	0.00406	G
381	0.02289	0.02296	A
382	0.02385	0.02387	A
383	0.04649	0.04674	C
384	0.02747	0.02813	A
385	0.00335	0.00344	G
386	0.00277	0.00284	T
387	0.00623	0.00633	C
388	0.00331	0.00364	T
389	0.01009	0.01089	A
390	0.00846	0.00848	C
391	0.02606	0.02611	C
392	0.0165	0.01656	C
393	0.0035	0.00443	T
394	0.00354	0.00354	C
395	0.00522	0.00522	C
396	0.00908	0.00913	C
397	0.00293	0.00294	T
398	0.00582	0.00583	T
399	0.02662	0.0333	A
400	0.00295	0.00322	G
401	0.03154	0.03207	C
402	0.01365	0.01387	A
403	0.00103	0.00103	G
404	0.00191	0.00192	G
405	0.0027	0.0027	G
406	0.00988	0.00994	A
407	0.02263	0.02265	A
408	0.03173	0.03262	C
409	0.00774	0.00819	T
410	0.04206	0.04452	A
411	0.01229	0.01256	C
412	0.0053	0.00555	T
413	0.01071	0.01072	C
414	0.00739	0.0074	C
415	0.03506	0.03517	C
416	0.01793	0.02512	A
417	0.03107	0.03107	C
418	0.02241	0.02241	C
419	0.01839	0.01872	C
420	0.0049	0.00519	T
421	0.00166	0.00168	G
422	0.00143	0.00151	G
423	0.007	0.00893	A
424	0.00314	0.00317	G
425	0.03987	0.03996	C
426	0.01213	0.01216	C
427	0.00334	0.0042	T
428	0.0244	0.02441	C
429	0.03103	0.03105	C
430	0.00263	0.00286	G
431	0.00242	0.00258	T
432	0.00903	0.00951	A
433	0.00261	0.00265	G
434	0.00836	0.00846	A
435	0.00965	0.00969	C
436	0.00431	0.00438	C
437	0.00626	0.00656	T
438	0.0159	0.01607	A
439	0.01491	0.01501	A
440	0.02282	0.02285	C
441	0.01296	0.013	C
442	0.02039	0.0242	A
443	0.00734	0.00766	T
444	0.02143	0.02154	C
445	0.00684	0.0069	T
446	0.0073	0.00739	T
447	0.01976	0.02494	C
448	0.00809	0.0082	T
449	0.01975	0.01975	C
450	0.01411	0.01436	C
451	0.00679	0.0068	T
452	0.00907	0.00913	T
453	0.01382	0.02546	A
454	0.01151	0.01171	C
455	0.00754	0.00782	A
456	0.01031	0.01033	C
457	0.01152	0.01157	C
458	0.00301	0.00319	T
459	0.02257	0.02322	A
460	0.00262	0.003	G
461	0.02059	0.0208	C
462	0.02042	0.02075	A
463	0.00131	0.00132	G
464	0.00264	0.00269	G
465	0.00103	0.00107	T
466	0.00345	0.00357	G
467	0.00335	0.00375	T
468	0.03471	0.03483	C
469	0.00713	0.00725	T
470	0.02647	0.02653	C
471	0.01843	0.01862	C
472	0.01006	0.01075	T
473	0.02604	0.02669	C
474	0.00817	0.00834	T
475	0.02119	0.02213	A
476	0.00781	0.008	T
477	0.03163	0.03185	C
478	0.00819	0.0082	T
479	0.00941	0.00947	T
480	0.01556	0.01798	A
481	0.00305	0.00308	G
482	0.00175	0.00177	G
483	0.00263	0.00265	G
484	0.00489	0.0049	G
485	0.03564	0.03568	C
486	0.01463	0.01468	C
487	0.01684	0.01947	A
488	0.01011	0.01046	T
489	0.03151	0.03175	C
490	0.01293	0.01303	A
491	0.02208	0.0223	A
492	0.00551	0.00557	T
493	0.0107	0.01074	T
494	0.01011	0.0102	T
495	0.02849	0.0301	C
496	0.02225	0.02285	A
497	0.01642	0.01727	T
498	0.06667	0.06782	C
499	0.02355	0.02412	A
500	0.04732	0.05039	C
501	0.01531	0.01536	A
502	0.02244	0.02261	A
503	0.04968	0.05088	C
504	0.01257	0.01259	A
505	0.01461	0.01474	A
506	0.01155	0.0117	T
507	0.0104	0.0105	T
508	0.01438	0.02407	A
509	0.01076	0.01119	T
510	0.0341	0.0348	C
511	0.02099	0.02163	A
512	0.01781	0.01833	A
513	0.00874	0.00905	T
514	0.02069	0.02141	A
515	0.01096	0.0115	T
516	0.01696	0.01697	A
517	0.01348	0.01349	A
518	0.02472	0.02472	A
519	0.03107	0.03116	A
520	0.04249	0.04301	C
521	0.02873	0.02875	C
522	0.01711	0.01712	C
523	0.01572	0.01572	C
524	0.01308	0.01309	C
525	0.01825	0.01881	T
526	0.00394	0.00409	G
527	0.03167	0.03169	C
528	0.0237	0.02374	C
529	0.01326	0.02359	A
530	0.01157	0.01474	T
531	0.02468	0.02477	A
532	0.01895	0.02144	A
533	0.03977	0.04	C
534	0.04429	0.0444	C
535	0.02391	0.02394	C
536	0.01263	0.01278	A
537	0.02327	0.02355	A
538	0.009	0.00987	T
539	0.02667	0.02698	A
540	0.03267	0.0328	C
541	0.02617	0.02624	C
542	0.01198	0.01207	A
543	0.02299	0.02313	A
544	0.02792	0.02847	A
545	0.06588	0.0698	C
546	0.00823	0.00895	G
547	0.03488	0.0349	C
548	0.02266	0.02268	C
549	0.02622	0.02624	C
550	0.02213	0.02218	C
551	0.00788	0.00949	T
552	0.02733	0.02769	C
553	0.01017	0.01019	T
554	0.01111	0.01179	T
555	0.02914	0.02989	C
556	0.01024	0.01094	G
557	0.00959	0.00997	T
558	0.02754	0.02761	C
559	0.01146	0.01161	T
560	0.00342	0.00536	G
561	0.02345	0.02432	A
562	0.01199	0.0121	T
563	0.03581	0.0359	C
564	0.03487	0.03501	C
565	0.00478	0.0072	G
566	0.01051	0.0108	T
567	0.03418	0.03421	C
568	0.02185	0.02189	C
569	0.0098	0.01017	T
570	0.01923	0.01969	A
571	0.02223	0.02239	A
572	0.00956	0.01019	T
573	0.03355	0.03373	C
574	0.0233	0.02492	A
575	0.01232	0.01259	C
576	0.00944	0.01033	A
577	0.00374	0.00386	G
578	0.01098	0.01138	C
579	0.00996	0.01156	A
580	0.00336	0.00342	G
581	0.00557	0.00576	T
582	0.02636	0.02641	C
583	0.02026	0.02038	C
584	0.00616	0.00657	T
585	0.01868	0.01947	A
586	0.03275	0.03316	C
587	0.00802	0.00807	T
588	0.00908	0.00919	T
589	0.02927	0.03713	C
590	0.01088	0.01101	T
591	0.05059	0.05059	C
592	0.02414	0.0253	C
593	0.01208	0.01293	T
594	0.02403	0.02681	A
595	0.01448	0.01485	T
596	0.03434	0.03485	C
597	0.01763	0.01922	T
598	0.03436	0.03555	C
599	0.0183	0.01897	T
600	0.05282	0.05287	C
601	0.02995	0.02995	C
602	0.01801	0.01815	C
603	0.01442	0.0184	A
604	0.00283	0.00291	G
605	0.00509	0.00518	T
606	0.02237	0.02238	C
607	0.02038	0.02041	C
608	0.00569	0.00597	T
609	0.02361	0.02431	A
610	0.00195	0.00199	G
611	0.00839	0.00847	C
612	0.00228	0.00229	T
613	0.00291	0.00305	G
614	0.00311	0.0032	C
615	0.00186	0.0019	T
616	0.00198	0.00198	G
617	0.00274	0.00278	G
618	0.0408	0.04117	C
619	0.02243	0.02259	A
620	0.01134	0.01205	T
621	0.02736	0.02749	C
622	0.03382	0.03405	A
623	0.03769	0.03799	C
624	0.00773	0.00784	T
625	0.02424	0.02533	A
626	0.01122	0.01151	T
627	0.02434	0.0249	A
628	0.03473	0.03553	C
629	0.00999	0.01031	T
630	0.0235	0.02528	A
631	0.03052	0.03153	C
632	0.00988	0.01019	T
633	0.02282	0.02291	A
634	0.02271	0.02301	A
635	0.02332	0.02368	C
636	0.02342	0.02561	A
637	0.01539	0.0157	G
638	0.01662	0.017	A
639	0.02723	0.02729	C
640	0.02044	0.02191	C
641	0.01158	0.01843	G
642	0.03409	0.04088	C
643	0.02166	0.02268	A
644	0.02486	0.02492	A
645	0.04477	0.04484	C
646	0.0299	0.03017	C
647	0.01162	0.01317	T
648	0.03701	0.03755	C
649	0.01912	0.01997	A
650	0.0267	0.02684	A
651	0.03219	0.03345	C
652	0.0183	0.01882	A
653	0.03308	0.03309	C
654	0.02356	0.02391	C
655	0.01709	0.02088	A
656	0.00473	0.00473	C
657	0.00357	0.00358	C
658	0.001	0.00103	T
659	0.00097	0.00098	T
660	0.00243	0.00293	C
661	0.00109	0.00109	T
662	0.00113	0.00115	T
663	0.00357	0.00367	C
664	0.00285	0.00314	G
665	0.01933	0.01965	A
666	0.01071	0.01074	C
667	0.01616	0.01619	C
668	0.01639	0.0164	C
669	0.02164	0.02166	C
670	0.00392	0.0045	G
671	0.01573	0.01573	C
672	0.0024	0.0024	C
673	0.00285	0.00285	G
674	0.00161	0.00162	G
675	0.00274	0.003	A
676	0.00313	0.00313	G
677	0.00166	0.00166	G
678	0.00411	0.00467	A
679	0.00326	0.00326	G
680	0.00302	0.00307	G
681	0.02402	0.03606	A
682	0.00561	0.00645	G
683	0.03063	0.03175	A
684	0.04996	0.05043	C
685	0.03215	0.0322	C
686	0.02515	0.02516	C
687	0.01976	0.01977	C
688	0.01826	0.0199	A
689	0.00838	0.0084	T
690	0.01118	0.0113	T
691	0.02191	0.02465	C
692	0.00736	0.00757	T
693	0.01794	0.02246	A
694	0.0097	0.01034	T
695	0.02257	0.02294	A
696	0.04145	0.04173	C
697	0.02832	0.02843	C
698	0.02165	0.02182	A
699	0.02241	0.02264	A
700	0.036	0.03791	C
701	0.02269	0.02331	A
702	0.04325	0.04333	C
703	0.01539	0.01558	C
704	0.0067	0.00706	T
705	0.02405	0.02524	A
706	0.00647	0.00649	T
707	0.0063	0.00633	T
708	0.02162	0.02392	C
709	0.01332	0.01336	T
710	0.0052	0.00567	G
711	0.02069	0.02135	A
712	0.00151	0.00153	T
713	0.00215	0.00217	T
714	0.00178	0.00178	T
715	0.00567	0.00568	T
716	0.00592	0.00592	T
717	0.016	0.01739	C
718	0.00519	0.00521	G
719	0.00412	0.00417	G
720	0.01095	0.01452	T
721	0.02173	0.02229	C
722	0.02607	0.02661	A
723	0.0407	0.04071	C
724	0.01454	0.01455	C
725	0.00836	0.0084	C
726	0.00441	0.00504	T
727	0.00248	0.0028	G
728	0.00845	0.00853	A
729	0.01082	0.01085	A
730	0.00258	0.00265	G
731	0.00433	0.00435	T
732	0.00495	0.00496	T
733	0.00674	0.00678	T
734	0.01476	0.0175	A
735	0.00805	0.00833	T
736	0.02342	0.0259	A
737	0.01187	0.01187	T
738	0.00999	0.01012	T
739	0.02958	0.03406	C
740	0.01727	0.01727	T
741	0.01624	0.01636	T
742	0.00654	0.01908	A
743	0.01335	0.01353	T
744	0.03667	0.03719	C
745	0.01873	0.01902	C
746	0.00932	0.01014	T
747	0.02008	0.02059	A
748	0.02831	0.02833	C
749	0.02445	0.02451	C
750	0.01457	0.01828	A
751	0.00142	0.00145	G
752	0.00245	0.00245	G
753	0.01824	0.01845	C
754	0.00329	0.00331	T
755	0.00327	0.00328	T
756	0.01026	0.01056	C
757	0.00227	0.0023	G
758	0.00188	0.0019	G
759	0.01343	0.01347	A
760	0.01824	0.01827	A
761	0.00858	0.00875	T
762	0.01989	0.0199	A
763	0.01797	0.01901	A
764	0.00992	0.01054	T
765	0.02578	0.02676	C
766	0.01409	0.01452	T
767	0.03412	0.03418	C
768	0.03321	0.03322	C
769	0.02824	0.02851	C
770	0.01525	0.01927	A
771	0.00925	0.00947	T
772	0.01912	0.01958	A
773	0.00872	0.00873	T
774	0.0092	0.00927	T
775	0.00289	0.00347	G
776	0.01764	0.021	T
777	0.0218	0.02193	A
778	0.02068	0.0208	A
779	0.03118	0.03159	C
780	0.0093	0.00938	T
781	0.00972	0.00993	T
782	0.01458	0.02386	A
783	0.0298	0.0302	C
784	0.00784	0.00827	T
785	0.02338	0.02582	A
786	0.02261	0.02315	C
787	0.00515	0.00527	T
788	0.01594	0.01594	C
789	0.01624	0.01633	C
790	0.00306	0.00315	G
791	0.00742	0.00768	G
792	0.00038	0.00041	A
793	0.00036	0.00038	A
794	0.00129	0.0013	A
795	0.00769	0.0077	A
796	0.00702	0.00702	A
797	0.01143	0.01143	A
798	0.00803	0.00803	A
799	0.00711	0.00738	G
800	0.01076	0.01076	A
801	0.02215	0.02223	A
802	0.01605	0.01608	C
803	0.00941	0.00943	C
804	0.01141	0.01196	A
805	0.0032	0.00321	T
806	0.00407	0.00408	T
807	0.00404	0.00404	T
808	0.00172	0.00173	G
809	0.00223	0.00225	G
810	0.00465	0.01092	A
811	0.00299	0.00305	T
812	0.00839	0.00847	A
813	0.01279	0.0129	C
814	0.00867	0.00904	A
815	0.00277	0.00283	T
816	0.00708	0.00714	A
817	0.00149	0.00151	G
818	0.00243	0.00244	G
819	0.00331	0.00337	T
820	0.02359	0.02385	A
821	0.00719	0.00722	T
822	0.00235	0.00236	G
823	0.00161	0.00162	G
824	0.00304	0.00309	T
825	0.00985	0.0099	C
826	0.00374	0.00388	T
827	0.00314	0.00368	G
828	0.03177	0.03187	A
829	0.00351	0.00352	G
830	0.00635	0.00642	C
831	0.00172	0.00175	T
832	0.00729	0.00749	A
833	0.00283	0.00287	T
834	0.00184	0.00199	G
835	0.02069	0.021	A
836	0.00372	0.00377	T
837	0.01135	0.01151	A
838	0.00356	0.00374	T
839	0.01209	0.01234	C
840	0.01227	0.01229	A
841	0.0114	0.01156	A
842	0.00315	0.00316	T
843	0.00365	0.00367	T
844	0.0019	0.00191	G
845	0.00205	0.00206	G
846	0.0221	0.02245	C
847	0.00258	0.00259	T
848	0.00259	0.0026	T
849	0.01126	0.01128	C
850	0.00926	0.0093	C
851	0.00436	0.00454	T
852	0.02832	0.02921	A
853	0.00124	0.00125	G
854	0.00176	0.00176	G
855	0.00304	0.00305	G
856	0.00353	0.00355	T
857	0.00471	0.00472	T
858	0.00608	0.0061	T
859	0.01545	0.01709	A
860	0.0037	0.00376	T
861	0.01733	0.01743	C
862	0.00343	0.0035	G
863	0.00279	0.00293	T
864	0.00609	0.0062	G
865	0.00925	0.01006	T
866	0.00312	0.0033	G
867	0.02103	0.0218	A
868	0.00507	0.00533	G
869	0.02015	0.02084	C
870	0.01967	0.02413	A
871	0.02039	0.02084	C
872	0.01997	0.02064	A
873	0.02501	0.02502	C
874	0.02089	0.02109	C
875	0.01501	0.01861	A
876	0.00824	0.00842	T
877	0.01765	0.01819	A
878	0.00676	0.00685	T
879	0.01225	0.01256	A
880	0.00692	0.00693	T
881	0.00886	0.00887	T
882	0.0085	0.00852	T
883	0.01811	0.02114	A
884	0.03077	0.03086	C
885	0.02401	0.02418	A
886	0.00409	0.00423	G
887	0.00712	0.00736	T
888	0.01911	0.01939	A
889	0.00244	0.00246	G
890	0.0026	0.00263	G
891	0.01572	0.01575	A
892	0.01882	0.0189	A
893	0.00611	0.00627	T
894	0.02006	0.0206	A
895	0.00289	0.003	G
896	0.0212	0.02129	A
897	0.0308	0.03092	C
898	0.00386	0.00391	G
899	0.00362	0.00412	T
900	0.02275	0.02329	A
901	0.003	0.00315	G
902	0.02568	0.02608	A
903	0.01622	0.01656	C
904	0.01427	0.01474	A
905	0.01601	0.01652	C
906	0.01357	0.01404	A
907	0.01982	0.02021	C
908	0.00371	0.00395	G
909	0.0144	0.01464	A
910	0.00367	0.00405	G
911	0.03247	0.03272	C
912	0.02243	0.02285	A
913	0.00899	0.00916	T
914	0.01831	0.01892	A
915	0.0047	0.0047	T
916	0.00881	0.00881	T
917	0.0122	0.01224	T
918	0.02966	0.03072	C
919	0.02569	0.02614	A
920	0.04499	0.04505	C
921	0.03159	0.03177	C
922	0.00976	0.01138	T
923	0.03091	0.03091	C
924	0.03964	0.03985	C
925	0.00522	0.00663	G
926	0.0242	0.02641	C
927	0.00872	0.00909	T
928	0.0219	0.02224	A
929	0.03373	0.03374	C
930	0.02701	0.02712	C
931	0.01267	0.02018	A
932	0.01066	0.01125	T
933	0.02221	0.02222	A
934	0.02213	0.0239	A
935	0.00875	0.0096	T
936	0.02431	0.02474	C
937	0.02124	0.02385	A
938	0.0109	0.01129	T
939	0.02899	0.02932	C
940	0.00772	0.00784	G
941	0.01612	0.01645	C
942	0.00643	0.00697	T
943	0.0295	0.03122	A
944	0.01882	0.01928	T
945	0.02043	0.02134	C
946	0.01313	0.01317	C
947	0.01974	0.01975	C
948	0.02103	0.02106	C
949	0.01842	0.02099	A
950	0.02994	0.02994	C
951	0.01891	0.01898	C
952	0.00253	0.00256	G
953	0.00182	0.00183	G
954	0.00787	0.00793	C
955	0.00389	0.00391	G
956	0.00298	0.00331	T
957	0.01521	0.01584	C
958	0.02197	0.02201	A
959	0.02381	0.02382	A
960	0.01582	0.01584	A
961	0.00443	0.00461	G
962	0.0048	0.00513	T
963	0.02028	0.02067	A
964	0.00778	0.00779	T
965	0.01048	0.01048	T
966	0.01463	0.01469	T
967	0.02335	0.02646	A
968	0.00251	0.00256	G
969	0.01192	0.01207	C
970	0.00383	0.00387	T
971	0.00241	0.00277	G
972	0.02777	0.02818	A
973	0.02472	0.02488	C
974	0.00715	0.00737	T
975	0.01385	0.01404	C
976	0.00419	0.00446	G
977	0.00574	0.00574	C
978	0.00637	0.00646	C
979	0.01367	0.02832	A
980	0.03447	0.03528	C
981	0.02211	0.02446	A
982	0.02887	0.02954	C
983	0.00791	0.00832	T
984	0.02275	0.02275	C
985	0.0231	0.02319	C
986	0.01952	0.02322	A
987	0.04043	0.04069	C
988	0.00321	0.00328	G
989	0.00286	0.00289	G
990	0.00943	0.00947	A
991	0.01241	0.01242	A
992	0.00395	0.00429	G
993	0.01597	0.01636	C
994	0.02022	0.02025	A
995	0.01778	0.01789	A
996	0.00695	0.00707	T
997	0.0222	0.02242	A
998	0.00644	0.00653	T
999	0.00292	0.00322	G
1000	0.01354	0.01357	A
1001	0.02562	0.02574	A
1002	0.01832	0.01849	A
1003	0.00699	0.0073	T
1004	0.0035	0.00449	G
1005	0.01995	0.02035	A
1006	0.00554	0.00564	T
1007	0.02613	0.02639	C
1008	0.00371	0.00378	T
1009	0.00327	0.00363	G
1010	0.00713	0.00724	C
1011	0.00228	0.00233	T
1012	0.00232	0.00243	G
1013	0.0101	0.01036	C
1014	0.00847	0.00916	A
1015	0.00289	0.00295	G
1016	0.00187	0.00196	T
1017	0.00323	0.00335	G
1018	0.00566	0.00571	C
1019	0.00266	0.0027	T
1020	0.01681	0.01688	C
1021	0.0054	0.00551	T
1022	0.00265	0.00359	G
1023	0.02207	0.0229	A
1024	0.00504	0.00517	G
1025	0.0105	0.01053	C
1026	0.00954	0.00955	C
1027	0.01017	0.01019	C
1028	0.00485	0.00506	T
1029	0.01279	0.01307	A
1030	0.00125	0.00127	G
1031	0.00158	0.00159	G
1032	0.01697	0.0196	A
1033	0.00639	0.00641	T
1034	0.00786	0.00792	T
1035	0.0178	0.01896	C
1036	0.01432	0.01512	A
1037	0.00622	0.00648	T
1038	0.0204	0.02088	C
1039	0.00363	0.0037	T
1040	0.01507	0.01508	T
1041	0.01584	0.0162	T
1042	0.02442	0.02845	C
1043	0.00449	0.0045	T
1044	0.00646	0.00646	T
1045	0.01385	0.01385	T
1046	0.01342	0.01345	T
1047	0.02933	0.03646	C
1048	0.02377	0.02399	A
1049	0.0289	0.0289	C
1050	0.01129	0.01133	C
1051	0.0042	0.00533	G
1052	0.00759	0.00812	T
1053	0.01441	0.01457	A
1054	0.00184	0.00186	G
1055	0.00303	0.00308	G
1056	0.00491	0.00504	T
1057	0.00254	0.00254	G
1058	0.00144	0.00146	G
1059	0.00395	0.00396	C
1060	0.00329	0.0033	C
1061	0.00248	0.0027	T
1062	0.0021	0.00239	G
1063	0.02971	0.02992	A
1064	0.02657	0.02671	C
1065	0.0061	0.00614	T
1066	0.00278	0.00279	G
1067	0.00316	0.00318	G
1068	0.00321	0.00325	C
1069	0.00808	0.0082	A
1070	0.00291	0.00292	T
1071	0.00288	0.00288	T
1072	0.00336	0.00358	G
1073	0.00278	0.00287	T
1074	0.0176	0.01803	A
1075	0.00854	0.00854	T
1076	0.01193	0.01202	T
1077	0.01358	0.01625	A
1078	0.00496	0.00528	G
1079	0.01089	0.01168	C
1080	0.01213	0.01214	A
1081	0.01992	0.01997	A
1082	0.02539	0.02545	A
1083	0.03228	0.0338	C
1084	0.00751	0.00821	T
1085	0.02221	0.02247	C
1086	0.01812	0.01959	A
1087	0.00971	0.01063	T
1088	0.02828	0.02864	C
1089	0.0248	0.02511	A
1090	0.03448	0.0352	C
1091	0.00841	0.00864	T
1092	0.02753	0.02854	A
1093	0.00306	0.00318	G
1094	0.01745	0.01766	A
1095	0.01366	0.01395	C
1096	0.01296	0.01312	A
1097	0.00378	0.00393	T
1098	0.01013	0.0102	C
1099	0.00559	0.00568	G
1100	0.00283	0.00291	T
1101	0.0167	0.0172	A
1102	0.01785	0.01798	C
1103	0.00296	0.00316	T
1104	0.00912	0.00965	A
1105	0.00845	0.00857	C
1106	0.02219	0.02272	A
1107	0.0307	0.03099	C
1108	0.00422	0.00453	G
1109	0.02655	0.02704	A
1110	0.03665	0.03706	C
1111	0.02301	0.02318	A
1112	0.03352	0.0338	C
1113	0.0038	0.00389	G
1114	0.00368	0.00379	T
1115	0.01217	0.0123	A
1116	0.02136	0.02149	C
1117	0.00294	0.003	T
1118	0.00856	0.00868	A
1119	0.00919	0.00924	C
1120	0.00305	0.00312	G
1121	0.00297	0.00298	T
1122	0.00252	0.00253	T
1123	0.00357	0.00378	G
1124	0.00279	0.00301	T
1125	0.01952	0.02003	A
1126	0.00451	0.00457	G
1127	0.02876	0.02887	C
1128	0.93151	0.93158	C
1129	0.02543	0.02557	C
1130	0.01908	0.02006	A
1131	0.02438	0.02479	C
1132	0.00792	0.00817	T
1133	0.00817	0.00822	T
1134	0.03361	0.03364	C
1135	0.0248	0.02496	C
1136	0.0183	0.02885	A
1137	0.02771	0.02794	C
1138	0.00728	0.00744	T
1139	0.0233	0.02425	A
1140	0.01169	0.01189	T
1141	0.00347	0.00398	G
1142	0.01232	0.01254	T
1143	0.02896	0.02901	C
1144	0.02178	0.02191	C
1145	0.0112	0.01179	T
1146	0.02246	0.02284	A
1147	0.01141	0.01199	T
1148	0.02239	0.02254	C
1149	0.02294	0.02311	A
1150	0.03573	0.03626	A
1151	0.00304	0.00316	T
1152	0.00716	0.00738	A
1153	0.00143	0.00145	G
1154	0.00146	0.00147	G
1155	0.01206	0.01481	A
1156	0.00359	0.00362	G
1157	0.02203	0.02225	C
1158	0.00256	0.00266	T
1159	0.00423	0.00435	G
1160	0.00241	0.00247	T
1161	0.01034	0.01064	A
1162	0.0072	0.0072	T
1163	0.00929	0.0093	T
1164	0.00885	0.00886	T
1165	0.00302	0.00333	G
1166	0.00566	0.00567	C
1167	0.0024	0.0024	C
1168	0.01831	0.02138	A
1169	0.00509	0.00537	T
1170	0.02638	0.02644	C
1171	0.00822	0.00871	A
1172	0.00202	0.00207	T
1173	0.00747	0.00775	A
1174	0.0017	0.00173	G
1175	0.00159	0.00164	G
1176	0.01816	0.02376	A
1177	0.00208	0.00208	G
1178	0.00191	0.00192	G
1179	0.05787	0.05969	C
1180	0.00381	0.00388	T
1181	0.00389	0.00395	T
1182	0.01023	0.01052	C
1183	0.01462	0.01489	A
1184	0.0078	0.00785	T
1185	0.01935	0.01953	T
1186	0.05128	0.05301	C
1187	0.02517	0.02543	A
1188	0.03954	0.03979	C
1189	0.00853	0.00863	T
1190	0.01002	0.01222	G
1191	0.01115	0.0113	A
1192	0.00242	0.00243	T
1193	0.00555	0.00557	T
1194	0.00605	0.00606	T
1195	0.00765	0.0077	C
1196	0.00922	0.00922	C
1197	0.00842	0.00843	C
1198	0.00351	0.00352	C
1199	0.00154	0.00166	T
1200	0.00607	0.00659	A
1201	0.00254	0.00254	T
1202	0.00608	0.00612	T
1203	0.0278	0.02991	C
1204	0.00874	0.01084	T
1205	0.0308	0.03152	C
1206	0.02744	0.02858	A
1207	0.00129	0.0013	G
1208	0.00347	0.00348	G
1209	0.00604	0.00623	C
1210	0.00312	0.00333	T
1211	0.01048	0.01172	A
1212	0.0108	0.01107	C
1213	0.00935	0.01	A
1214	0.0152	0.01521	C
1215	0.01003	0.01003	C
1216	0.0077	0.00775	C
1217	0.00286	0.00327	T
1218	0.01272	0.01464	A
1219	0.00405	0.00422	G
1220	0.02907	0.02958	A
1221	0.03537	0.03543	C
1222	0.01119	0.01131	C
1223	0.01452	0.01474	A
1224	0.02268	0.02307	A
1225	0.02334	0.02347	A
1226	0.03906	0.0392	C
1227	0.02876	0.02899	C
1228	0.00441	0.00474	T
1229	0.00564	0.00657	A
1230	0.00472	0.00482	C
1231	0.00336	0.00352	G
1232	0.00361	0.00361	C
1233	0.00345	0.00347	C
1234	0.01253	0.0126	A
1235	0.01087	0.01091	A
1236	0.01979	0.01988	A
1237	0.01926	0.01939	A
1238	0.00841	0.00996	T
1239	0.03223	0.03226	C
1240	0.02052	0.02062	C
1241	0.01843	0.02203	A
1242	0.00757	0.00766	T
1243	0.01519	0.01524	T
1244	0.03643	0.03647	T
1245	0.0403	0.04209	C
1246	0.01925	0.01951	A
1247	0.03055	0.03097	C
1248	0.01708	0.01743	T
1249	0.02109	0.02169	A
1250	0.01603	0.01742	T
1251	0.03664	0.0374	C
1252	0.02223	0.0239	A
1253	0.01111	0.01176	T
1254	0.02168	0.02344	A
1255	0.00784	0.00785	T
1256	0.0079	0.00804	T
1257	0.02915	0.03011	C
1258	0.02429	0.02483	A
1259	0.00664	0.00681	T
1260	0.02836	0.02863	C
1261	0.00251	0.00253	G
1262	0.00224	0.00227	G
1263	0.004	0.00404	C
1264	0.00465	0.00473	G
1265	0.00149	0.0017	T
1266	0.0039	0.00394	A
1267	0.01771	0.01778	A
1268	0.02426	0.02438	A
1269	0.00401	0.00434	T
1270	0.03008	0.03027	C
1271	0.01346	0.01358	T
1272	0.02893	0.02904	A
1273	0.06676	0.06697	A
1274	0.01245	0.01296	C
1275	0.00153	0.00154	T
1276	0.00765	0.0078	T
1277	0.005	0.00501	T
1278	0.03398	0.03637	C
1279	0.00877	0.00878	T
1280	0.01799	0.01822	T
1281	0.03256	0.03259	C
1282	0.02798	0.02806	C
1283	0.02602	0.0262	C
1284	0.0141	0.02034	A
1285	0.0331	0.03442	C
1286	0.02036	0.0205	A
1287	0.02399	0.02428	A
1288	0.03769	0.0391	C
1289	0.027	0.02733	A
1290	0.043	0.04387	C
1291	0.00265	0.0027	T
1292	0.0095	0.00951	T
1293	0.01159	0.01159	T
1294	0.01781	0.01839	C
1295	0.00953	0.01014	T
1296	0.02282	0.02338	C
1297	0.00574	0.00591	G
1298	0.00375	0.00376	G
1299	0.02734	0.02735	C
1300	0.01004	0.0103	C
1301	0.00614	0.00652	T
1302	0.03174	0.03278	A
1303	0.00546	0.00552	T
1304	0.01471	0.01475	C
1305	0.01225	0.01226	C
1306	0.00175	0.00175	G
1307	0.00261	0.00262	G
1308	0.01446	0.01453	A
1309	0.01699	0.01708	A
1310	0.01484	0.01628	T
1311	0.00602	0.00633	G
1312	0.02491	0.02496	C
1313	0.01381	0.01382	C
1314	0.01592	0.01592	C
1315	0.01806	0.01806	C
1316	0.0039	0.00471	G
1317	0.01805	0.01811	A
1318	0.03489	0.03499	C
1319	0.00519	0.00525	G
1320	0.00735	0.00741	T
1321	0.00783	0.00787	T
1322	0.01652	0.02236	A
1323	0.02842	0.02852	C
1324	0.00446	0.00454	T
1325	0.00759	0.00769	C
1326	0.00201	0.00202	G
1327	0.00182	0.00183	G
1328	0.03078	0.03659	A
1329	0.02373	0.02407	C
1330	0.00781	0.00841	T
1331	0.02967	0.03088	A
1332	0.06484	0.06488	C
1333	0.02746	0.02781	C
1334	0.00768	0.00768	C
1335	0.00826	0.00827	C
1336	0.00389	0.00427	G
1337	0.01372	0.0141	A
1338	0.00908	0.00913	T
1339	0.00381	0.00431	G
1340	0.03184	0.03257	C
1341	0.0229	0.02351	A
1342	0.01086	0.01133	T
1343	0.02642	0.0273	A
1344	0.04394	0.04469	C
1345	0.02785	0.02833	A
1346	0.04156	0.04176	C
1347	0.02697	0.02746	C
1348	0.01874	0.02201	A
1349	0.03491	0.03549	C
1350	0.02205	0.02346	A
1351	0.0098	0.01007	T
1352	0.0036	0.00435	G
1353	0.02402	0.02409	A
1354	0.02289	0.02301	A
1355	0.02616	0.02623	A
1356	0.03242	0.03391	C
1357	0.02344	0.02375	A
1358	0.0086	0.00885	T
1359	0.02044	0.02048	C
1360	0.01485	0.01498	C
1361	0.00595	0.00627	T
1362	0.01582	0.01634	A
1363	0.00828	0.00903	T
1364	0.02569	0.02625	C
1365	0.02138	0.02199	A
1366	0.00786	0.00799	T
1367	0.02596	0.02622	C
1368	0.00943	0.00949	T
1369	0.00366	0.00419	G
1370	0.00517	0.00627	T
1371	0.01354	0.01426	A
1372	0.00211	0.00212	G
1373	0.00264	0.00268	G
1374	0.03433	0.035	C
1375	0.00565	0.00594	T
1376	0.02663	0.02688	C
1377	0.02154	0.02299	A
1378	0.00796	0.008	T
1379	0.00798	0.00803	T
1380	0.02134	0.02215	C
1381	0.0169	0.01777	A
1382	0.00398	0.00402	T
1383	0.00873	0.00877	T
1384	0.00873	0.0088	T
1385	0.02128	0.02254	C
1386	0.00959	0.00966	T
1387	0.02686	0.02732	C
1388	0.01118	0.01138	T
1389	0.02635	0.0266	A
1390	0.02206	0.02233	A
1391	0.03777	0.03873	C
1392	0.02839	0.02885	A
1393	0.00445	0.00488	G
1394	0.0302	0.0304	C
1395	0.02254	0.02285	A
1396	0.00349	0.00366	G
1397	0.0097	0.01027	T
1398	0.01447	0.01451	A
1399	0.01466	0.01487	A
1400	0.00685	0.00701	T
1401	0.01723	0.01747	A
1402	0.0102	0.01024	T
1403	0.01055	0.01084	T
1404	0.01314	0.01329	A
1405	0.01685	0.01738	A
1406	0.02018	0.02139	T
1407	0.01468	0.01471	A
1408	0.01391	0.01979	A
1409	0.00496	0.00498	T
1410	0.004	0.00408	T
1411	0.0078	0.00782	T
1412	0.00785	0.00786	T
1413	0.02354	0.02857	C
1414	0.02114	0.02142	A
1415	0.00996	0.01005	T
1416	0.00268	0.00299	G
1417	0.02162	0.02176	A
1418	0.00486	0.00487	T
1419	0.00834	0.00841	T
1420	0.00658	0.00659	T
1421	0.00235	0.00317	G
1422	0.02438	0.02472	A
1423	0.0036	0.00385	G
1424	0.02058	0.0206	A
1425	0.01742	0.01851	A
1426	0.00427	0.00451	G
1427	0.01832	0.01844	C
1428	0.01825	0.01826	C
1429	0.00277	0.00279	T
1430	0.00346	0.00348	T
1431	0.01064	0.01122	C
1432	0.00563	0.00578	G
1433	0.00429	0.00435	C
1434	0.00153	0.00154	T
1435	0.00425	0.00426	T
1436	0.01669	0.01739	C
1437	0.0035	0.00376	G
1438	0.01697	0.01702	A
1439	0.01563	0.01567	A
1440	0.00254	0.00266	G
1441	0.01661	0.01684	C
1442	0.00551	0.00562	G
1443	0.01364	0.01387	A
1444	0.01282	0.01284	A
1445	0.01821	0.01823	A
1446	0.02547	0.02548	A
1447	0.00361	0.00381	G
1448	0.00287	0.00291	T
1449	0.00632	0.00632	C
1450	0.00571	0.00572	C
1451	0.00297	0.00309	T
1452	0.03032	0.03056	A
1453	0.01104	0.01107	A
1454	0.0032	0.00323	T
1455	0.00957	0.0098	A
1456	0.00261	0.00287	G
1457	0.00363	0.00372	T
1458	0.02699	0.02734	A
1459	0.00387	0.00395	G
1460	0.02577	0.02578	A
1461	0.02723	0.02768	A
1462	0.00511	0.00687	G
1463	0.02763	0.02764	A
1464	0.03003	0.03138	A
1465	0.03419	0.03435	C
1466	0.01441	0.01442	C
1467	0.00158	0.0016	C
1468	0.00107	0.00118	T
1469	0.00206	0.00206	C
1470	0.00178	0.00183	C
1471	0.00594	0.00924	A
1472	0.00687	0.0075	T
1473	0.01539	0.01542	A
1474	0.01692	0.01696	A
1475	0.02447	0.02532	A
1476	0.04397	0.04426	C
1477	0.03157	0.03168	C
1478	0.00238	0.00252	T
1479	0.00157	0.00158	G
1480	0.00094	0.00095	G
1481	0.00465	0.00524	A
1482	0.00218	0.0022	G
1483	0.00361	0.00409	T
1484	0.00289	0.00296	G
1485	0.01404	0.0142	A
1486	0.00833	0.00838	C
1487	0.00224	0.00228	T
1488	0.00665	0.00722	A
1489	0.00265	0.00269	T
1490	0.02467	0.02525	A
1491	0.00559	0.00564	T
1492	0.00177	0.00179	G
1493	0.00203	0.00205	G
1494	0.0105	0.0149	A
1495	0.02725	0.02772	T
1496	0.00883	0.00969	G
1497	0.03408	0.03434	C
1498	0.01732	0.01742	C
1499	0.02445	0.02448	C
1500	0.02659	0.0266	C
1501	0.02612	0.02614	C
1502	0.02698	0.02714	C
1503	0.02168	0.02645	A
1504	0.03493	0.03494	C
1505	0.02566	0.02566	C
1506	0.01886	0.01899	C
1507	0.0171	0.01808	T
1508	0.02159	0.02238	A
1509	0.04215	0.04219	C
1510	0.02652	0.02668	C
1511	0.00951	0.02365	A
1512	0.03082	0.03155	C
1513	0.01441	0.0149	A
1514	0.02968	0.03048	C
1515	0.0258	0.02599	A
1516	0.008	0.00808	T
1517	0.00741	0.00743	T
1518	0.02179	0.02264	C
1519	0.00538	0.00554	G
1520	0.01762	0.01768	A
1521	0.02281	0.02289	A
1522	0.01078	0.0123	G
1523	0.0233	0.0233	A
1524	0.02233	0.02281	A
1525	0.04658	0.04691	C
1526	0.0197	0.01971	C
1527	0.02876	0.02877	C
1528	0.00696	0.00752	G
1529	0.00675	0.00748	T
1530	0.02141	0.02178	A
1531	0.00899	0.0094	T
1532	0.01483	0.01499	A
1533	0.04343	0.04418	C
1534	0.01703	0.01727	A
1535	0.01561	0.01624	T
1536	0.01743	0.01743	A
1537	0.00935	0.00935	A
1538	0.01546	0.01546	A
1539	0.0156	0.0156	A
1540	0.01271	0.01457	T
1541	0.02571	0.02576	C
1542	0.01218	0.01218	T
1543	0.00079	0.00079	A
1544	0.0	0.0	G
1545	0.0	0.0	A
