Position	Mismatches	Mismatches + Deletions	Base
1	0.0	0.0	C
2	0.0	0.0	T
3	0.0	0.0	G
4	0.00977	0.00977	A
5	0.00373	0.00373	T
6	0.00446	0.00482	G
7	0.00446	0.00489	T
8	0.00568	0.00568	T
9	0.01739	0.01838	C
10	0.00404	0.00409	G
11	0.03076	0.03181	C
12	0.03009	0.03032	C
13	0.00496	0.006	G
14	0.02189	0.02222	A
15	0.03961	0.03963	C
16	0.02593	0.026	C
17	0.00496	0.00535	G
18	0.0064	0.00645	T
19	0.00863	0.00867	T
20	0.00324	0.00351	G
21	0.02748	0.02766	A
22	0.03	0.03015	C
23	0.00851	0.00858	T
24	0.02134	0.0224	A
25	0.00798	0.00799	T
26	0.01109	0.01116	T
27	0.02186	0.02547	C
28	0.00832	0.00835	T
29	0.02566	0.0259	C
30	0.00923	0.00927	T
31	0.02158	0.02188	A
32	0.03316	0.03353	C
33	0.01562	0.01568	A
34	0.01741	0.01743	A
35	0.02545	0.02572	A
36	0.0281	0.0283	C
37	0.02353	0.02362	C
38	0.01359	0.01806	A
39	0.03363	0.03453	C
40	0.02149	0.02151	A
41	0.02107	0.02108	A
42	0.02966	0.0301	A
43	0.0049	0.00532	G
44	0.02445	0.02453	A
45	0.02924	0.02945	C
46	0.02331	0.02349	A
47	0.0081	0.00824	T
48	0.00728	0.00729	T
49	0.00372	0.00374	G
50	0.00458	0.00463	G
51	0.02225	0.02228	A
52	0.02537	0.02544	A
53	0.0328	0.03323	C
54	0.02562	0.02589	A
55	0.03944	0.03976	C
56	0.00728	0.00752	T
57	0.01782	0.02296	A
58	0.01075	0.01135	T
59	0.02295	0.02365	A
60	0.03872	0.03901	C
61	0.02398	0.02434	C
62	0.00711	0.00751	T
63	0.01973	0.02041	A
64	0.00716	0.00717	T
65	0.00757	0.00764	T
66	0.01219	0.0241	A
67	0.00676	0.00676	T
68	0.00592	0.00598	T
69	0.0183	0.01915	C
70	0.00375	0.00376	G
71	0.00318	0.00322	G
72	0.01201	0.01209	C
73	0.00448	0.00485	G
74	0.01381	0.01404	C
75	0.01211	0.01238	A
76	0.00319	0.00325	T
77	0.00229	0.00239	G
78	0.01368	0.01384	A
79	0.00248	0.00249	G
80	0.0058	0.00582	C
81	0.00122	0.00123	T
82	0.00281	0.00281	G
83	0.00184	0.00188	G
84	0.01558	0.02084	A
85	0.00425	0.0043	G
86	0.00422	0.00428	T
87	0.00584	0.00585	C
88	0.00504	0.00505	C
89	0.0035	0.00371	T
90	0.02149	0.02223	A
91	0.00154	0.00156	G
92	0.00322	0.00323	G
93	0.00477	0.00492	C
94	0.01517	0.01644	A
95	0.00484	0.00489	C
96	0.00591	0.00658	A
97	0.00373	0.00376	G
98	0.00221	0.00223	C
99	0.00143	0.00146	T
100	0.00176	0.00177	C
101	0.00273	0.00309	T
102	0.01387	0.01399	A
103	0.03301	0.03308	A
104	0.00174	0.00183	G
105	0.01562	0.01563	C
106	0.00358	0.00359	C
107	0.00177	0.00275	T
108	0.01572	0.01573	C
109	0.02104	0.02122	C
110	0.00644	0.00644	T
111	0.01069	0.01074	T
112	0.01139	0.02904	A
113	0.00932	0.00932	T
114	0.00913	0.00918	T
115	0.04298	0.04443	C
116	0.0034	0.00371	G
117	0.02006	0.02062	A
118	0.00373	0.00377	G
119	0.01321	0.01325	C
120	0.01881	0.01885	C
121	0.00414	0.00461	G
122	0.01939	0.01986	A
123	0.00325	0.00327	G
124	0.0054	0.00547	C
125	0.00225	0.00232	T
126	0.00272	0.00272	G
127	0.00595	0.00598	G
128	0.00364	0.00365	G
129	0.00619	0.0062	C
130	0.00659	0.00665	C
131	0.02264	0.02848	A
132	0.00403	0.00407	G
133	0.022	0.02202	C
134	0.01952	0.01955	C
135	0.01615	0.02004	A
136	0.00153	0.00154	G
137	0.00417	0.00417	G
138	0.01856	0.01881	C
139	0.03146	0.03159	A
140	0.02012	0.02018	A
141	0.02692	0.02695	C
142	0.02144	0.02147	C
143	0.00499	0.005	T
144	0.00735	0.00736	T
145	0.02271	0.02545	C
146	0.00784	0.00787	T
147	0.02308	0.02371	A
148	0.00171	0.00171	G
149	0.00337	0.00338	G
150	0.00253	0.00256	T
151	0.00933	0.00934	A
152	0.00818	0.00822	A
153	0.0098	0.00991	C
154	0.00535	0.00549	G
155	0.02824	0.02853	A
156	0.02807	0.02809	C
157	0.03205	0.03215	C
158	0.018	0.0219	A
159	0.03452	0.03514	C
160	0.01718	0.01898	A
161	0.01111	0.01142	T
162	0.03345	0.03363	C
163	0.01744	0.01773	T
164	0.02809	0.02902	A
165	0.0325	0.03301	C
166	0.02199	0.022	A
167	0.03036	0.03064	A
168	0.01039	0.0105	C
169	0.00431	0.00439	G
170	0.00299	0.00301	T
171	0.00348	0.00352	T
172	0.00733	0.01218	A
173	0.00282	0.00304	T
174	0.00948	0.00959	C
175	0.00458	0.00469	G
176	0.00715	0.00775	T
177	0.02532	0.02551	C
178	0.02535	0.02714	A
179	0.02005	0.02104	C
180	0.02221	0.02452	A
181	0.00486	0.00512	G
182	0.00973	0.00975	C
183	0.00875	0.00875	C
184	0.00838	0.00841	C
185	0.00663	0.00929	A
186	0.00664	0.00671	T
187	0.00266	0.00283	G
188	0.01016	0.01031	C
189	0.0207	0.02096	A
190	0.00716	0.0072	T
191	0.00709	0.00711	T
192	0.00759	0.00761	T
193	0.00293	0.00341	G
194	0.00848	0.00883	T
195	0.02052	0.02085	A
196	0.01571	0.01588	A
197	0.01013	0.01027	T
198	0.02097	0.02106	A
199	0.01793	0.01985	A
200	0.00889	0.00937	T
201	0.03872	0.03964	C
202	0.00986	0.00986	T
203	0.00913	0.0092	T
204	0.02104	0.02746	C
205	0.01061	0.01061	T
206	0.00981	0.00997	T
207	0.0252	0.02611	C
208	0.02486	0.02553	A
209	0.00889	0.00909	T
210	0.02861	0.02906	A
211	0.00391	0.0044	G
212	0.01081	0.01122	T
213	0.02802	0.02817	A
214	0.01961	0.02051	A
215	0.02397	0.02548	T
216	0.03155	0.0324	A
217	0.03886	0.04001	C
218	0.02398	0.02407	C
219	0.01531	0.01535	C
220	0.01652	0.01966	A
221	0.00872	0.00978	T
222	0.01823	0.01856	C
223	0.01563	0.0165	A
224	0.00612	0.00635	T
225	0.01734	0.01735	A
226	0.01637	0.01789	A
227	0.00303	0.00334	T
228	0.00634	0.00649	C
229	0.00353	0.00357	G
230	0.00188	0.00191	G
231	0.01355	0.01736	A
232	0.00274	0.00275	G
233	0.00316	0.00318	G
234	0.00733	0.00748	C
235	0.00244	0.00245	T
236	0.00548	0.00549	T
237	0.00484	0.00484	T
238	0.00242	0.00242	G
239	0.00283	0.00284	G
240	0.02216	0.02238	C
241	0.01322	0.01325	A
242	0.00996	0.00999	A
243	0.00899	0.00907	C
244	0.00379	0.00383	T
245	0.0043	0.00475	G
246	0.01976	0.01985	A
247	0.02875	0.02892	C
248	0.00806	0.00813	T
249	0.02294	0.02378	A
250	0.00453	0.00481	G
251	0.00724	0.00729	T
252	0.00664	0.00669	T
253	0.03152	0.03156	C
254	0.01992	0.01995	C
255	0.01774	0.01775	C
256	0.00967	0.00969	C
257	0.00585	0.00655	T
258	0.01911	0.0195	A
259	0.01978	0.0199	A
260	0.00862	0.00872	T
261	0.02217	0.02217	A
262	0.02329	0.02552	A
263	0.00481	0.00499	T
264	0.01388	0.01418	C
265	0.00296	0.00296	G
266	0.00334	0.00337	G
267	0.00592	0.00609	T
268	0.00494	0.00521	G
269	0.00638	0.00644	C
270	0.00334	0.00335	C
271	0.01186	0.01186	C
272	0.00542	0.00543	C
273	0.0055	0.00551	C
274	0.00342	0.00365	G
275	0.0059	0.00599	A
276	0.00217	0.0022	T
277	0.01193	0.01217	A
278	0.00521	0.00524	T
279	0.00204	0.00204	G
280	0.00198	0.002	G
281	0.03045	0.03055	C
282	0.00376	0.00384	G
283	0.00284	0.00288	T
284	0.00942	0.00944	T
285	0.0115	0.01151	T
286	0.03118	0.03129	C
287	0.03644	0.03646	C
288	0.031	0.031	C
289	0.02921	0.02922	C
290	0.0041	0.00516	G
291	0.02363	0.0238	C
292	0.0176	0.01872	A
293	0.00985	0.01064	T
294	0.02202	0.02204	A
295	0.01922	0.01927	A
296	0.02185	0.02199	A
297	0.04101	0.04287	C
298	0.01975	0.01976	A
299	0.02036	0.02069	A
300	0.03196	0.03246	C
301	0.02492	0.02642	A
302	0.01027	0.01229	T
303	0.02329	0.02329	A
304	0.02338	0.02409	A
305	0.00418	0.00484	G
306	0.02599	0.02641	C
307	0.00842	0.00844	T
308	0.0083	0.00833	T
309	0.0207	0.02218	C
310	0.01124	0.01137	T
311	0.00357	0.00515	G
312	0.02548	0.02589	A
313	0.02359	0.02384	C
314	0.00788	0.00801	T
315	0.02712	0.02778	C
316	0.00847	0.00848	T
317	0.01035	0.0105	T
318	0.02039	0.03127	A
319	0.03208	0.03264	C
320	0.02264	0.02283	C
321	0.01026	0.01336	T
322	0.02792	0.02817	C
323	0.02283	0.02285	C
324	0.02082	0.02129	C
325	0.00934	0.01066	T
326	0.02227	0.02269	C
327	0.00683	0.00781	T
328	0.0183	0.01868	C
329	0.00558	0.00578	T
330	0.02438	0.02439	C
331	0.01483	0.01534	C
332	0.00996	0.01086	T
333	0.02709	0.0317	A
334	0.01999	0.02032	C
335	0.0072	0.00746	T
336	0.01891	0.01892	C
337	0.01436	0.01465	C
338	0.00811	0.00887	T
339	0.0039	0.00469	G
340	0.02097	0.02163	C
341	0.00827	0.0096	T
342	0.03103	0.03137	C
343	0.00722	0.0083	G
344	0.01346	0.01421	C
345	0.01163	0.01197	A
346	0.00619	0.00661	T
347	0.01994	0.02006	C
348	0.01404	0.01415	T
349	0.00236	0.00246	G
350	0.00936	0.0095	C
351	0.00499	0.00502	T
352	0.01406	0.01423	A
353	0.00678	0.00682	T
354	0.02318	0.024	A
355	0.0026	0.00268	G
356	0.00388	0.00393	T
357	0.00291	0.00292	G
358	0.00165	0.00169	G
359	0.00844	0.01022	A
360	0.00306	0.00306	G
361	0.00337	0.0034	G
362	0.02557	0.02563	C
363	0.02811	0.02812	C
364	0.00413	0.00423	G
365	0.00252	0.00255	G
366	0.00378	0.00419	A
367	0.00469	0.00486	G
368	0.07209	0.07239	C
369	0.00776	0.00801	A
370	0.00264	0.00265	G
371	0.0037	0.00371	G
372	0.01033	0.01034	A
373	0.02004	0.02008	A
374	0.03253	0.03279	C
375	0.01943	0.01967	A
376	0.00321	0.00322	G
377	0.00314	0.00316	G
378	0.00323	0.00324	T
379	0.00373	0.00374	T
380	0.00471	0.00488	G
381	0.02263	0.02269	A
382	0.02365	0.02367	A
383	0.04534	0.04556	C
384	0.02701	0.02762	A
385	0.00315	0.00325	G
386	0.00255	0.0026	T
387	0.00626	0.00633	C
388	0.00298	0.00325	T
389	0.00928	0.00998	A
390	0.00804	0.00806	C
391	0.02662	0.02667	C
392	0.01797	0.01803	C
393	0.00304	0.0039	T
394	0.00371	0.00371	C
395	0.00549	0.0055	C
396	0.01057	0.01062	C
397	0.0027	0.00271	T
398	0.00577	0.00578	T
399	0.02582	0.03235	A
400	0.00296	0.00323	G
401	0.03066	0.03115	C
402	0.0135	0.01369	A
403	0.00235	0.00235	G
404	0.00232	0.00233	G
405	0.00334	0.00335	G
406	0.00974	0.00979	A
407	0.02201	0.02203	A
408	0.03066	0.03157	C
409	0.00773	0.00818	T
410	0.04185	0.04414	A
411	0.01166	0.01192	C
412	0.00469	0.00493	T
413	0.01054	0.01055	C
414	0.00767	0.00767	C
415	0.03657	0.03667	C
416	0.01732	0.02415	A
417	0.03126	0.03126	C
418	0.02274	0.02274	C
419	0.01986	0.02021	C
420	0.00496	0.00528	T
421	0.00186	0.00187	G
422	0.00168	0.00174	G
423	0.00683	0.00859	A
424	0.00325	0.00327	G
425	0.03963	0.03972	C
426	0.01199	0.01202	C
427	0.00346	0.00439	T
428	0.02469	0.0247	C
429	0.03083	0.03086	C
430	0.00273	0.00299	G
431	0.00242	0.00261	T
432	0.00868	0.00923	A
433	0.00337	0.00341	G
434	0.00816	0.00826	A
435	0.00922	0.00926	C
436	0.00479	0.00487	C
437	0.00641	0.00668	T
438	0.01597	0.01612	A
439	0.01516	0.01526	A
440	0.02163	0.02169	C
441	0.01296	0.013	C
442	0.02072	0.02446	A
443	0.00753	0.00786	T
444	0.02093	0.02105	C
445	0.00698	0.00705	T
446	0.00747	0.00761	T
447	0.01873	0.02371	C
448	0.00845	0.00856	T
449	0.01961	0.01963	C
450	0.0138	0.01404	C
451	0.00681	0.00683	T
452	0.00919	0.00926	T
453	0.01363	0.02506	A
454	0.01081	0.01101	C
455	0.00743	0.00771	A
456	0.0102	0.01021	C
457	0.01166	0.01171	C
458	0.00312	0.00334	T
459	0.02247	0.02313	A
460	0.00261	0.003	G
461	0.02037	0.02056	C
462	0.02044	0.02077	A
463	0.00165	0.00166	G
464	0.00275	0.00283	G
465	0.00115	0.00119	T
466	0.00359	0.00372	G
467	0.00354	0.00397	T
468	0.03296	0.03308	C
469	0.00749	0.00765	T
470	0.02479	0.02483	C
471	0.01757	0.01778	C
472	0.01058	0.01133	T
473	0.02472	0.02537	C
474	0.00826	0.00842	T
475	0.0203	0.02121	A
476	0.00791	0.00808	T
477	0.03052	0.03071	C
478	0.00855	0.00855	T
479	0.00946	0.00953	T
480	0.01397	0.01628	A
481	0.00382	0.00384	G
482	0.00255	0.00257	G
483	0.00346	0.00348	G
484	0.00612	0.00615	G
485	0.03608	0.03615	C
486	0.01459	0.01468	C
487	0.01545	0.01784	A
488	0.01036	0.01077	T
489	0.02985	0.03012	C
490	0.01331	0.01343	A
491	0.02007	0.02026	A
492	0.0056	0.00565	T
493	0.0105	0.01053	T
494	0.00972	0.00978	T
495	0.02632	0.02795	C
496	0.02041	0.02094	A
497	0.01586	0.0167	T
498	0.0688	0.06997	C
499	0.02441	0.02491	A
500	0.0515	0.05489	C
501	0.01418	0.01424	A
502	0.02346	0.02359	A
503	0.05584	0.05718	C
504	0.01211	0.01213	A
505	0.01276	0.0129	A
506	0.01195	0.01208	T
507	0.01044	0.01052	T
508	0.01468	0.0251	A
509	0.01013	0.01052	T
510	0.03449	0.03516	C
511	0.01812	0.01883	A
512	0.01502	0.01546	A
513	0.00935	0.0097	T
514	0.01818	0.01874	A
515	0.01244	0.01292	T
516	0.01554	0.01555	A
517	0.01171	0.01171	A
518	0.01999	0.01999	A
519	0.02645	0.02654	A
520	0.03854	0.03902	C
521	0.02946	0.02948	C
522	0.01851	0.01852	C
523	0.01733	0.01734	C
524	0.0145	0.01452	C
525	0.01556	0.01611	T
526	0.0042	0.00438	G
527	0.0331	0.03312	C
528	0.02422	0.02427	C
529	0.01351	0.02368	A
530	0.01191	0.01457	T
531	0.02455	0.02464	A
532	0.01934	0.02178	A
533	0.03942	0.03967	C
534	0.04628	0.04638	C
535	0.02496	0.025	C
536	0.01241	0.01257	A
537	0.02278	0.02308	A
538	0.00928	0.01016	T
539	0.02662	0.0269	A
540	0.0322	0.03234	C
541	0.02707	0.02717	C
542	0.01241	0.01247	A
543	0.02327	0.02341	A
544	0.02762	0.02822	A
545	0.0645	0.0683	C
546	0.0081	0.00887	G
547	0.03455	0.03459	C
548	0.0235	0.02351	C
549	0.02732	0.02734	C
550	0.02276	0.02282	C
551	0.00831	0.00991	T
552	0.02558	0.02594	C
553	0.0104	0.01043	T
554	0.01154	0.01234	T
555	0.02846	0.02922	C
556	0.01115	0.01194	G
557	0.01019	0.01056	T
558	0.02726	0.02735	C
559	0.01176	0.01195	T
560	0.00414	0.00607	G
561	0.02397	0.02475	A
562	0.01247	0.01257	T
563	0.03527	0.03538	C
564	0.03476	0.03493	C
565	0.00469	0.00714	G
566	0.0108	0.01104	T
567	0.03425	0.03428	C
568	0.02296	0.02301	C
569	0.0101	0.01044	T
570	0.01918	0.01968	A
571	0.0217	0.02186	A
572	0.00987	0.01052	T
573	0.03336	0.03356	C
574	0.02306	0.02456	A
575	0.0118	0.01207	C
576	0.00927	0.01012	A
577	0.00379	0.00392	G
578	0.01037	0.01072	C
579	0.00967	0.01106	A
580	0.00336	0.00342	G
581	0.0056	0.00577	T
582	0.02589	0.02592	C
583	0.02018	0.02029	C
584	0.00637	0.00679	T
585	0.01816	0.0189	A
586	0.03025	0.03066	C
587	0.0082	0.00827	T
588	0.00945	0.00957	T
589	0.02828	0.03572	C
590	0.01115	0.01129	T
591	0.04867	0.04867	C
592	0.02402	0.02513	C
593	0.01248	0.01337	T
594	0.02395	0.02664	A
595	0.01482	0.01518	T
596	0.03273	0.03324	C
597	0.01807	0.01958	T
598	0.03316	0.03434	C
599	0.01887	0.01955	T
600	0.05184	0.05188	C
601	0.02941	0.02942	C
602	0.01906	0.01917	C
603	0.01407	0.01783	A
604	0.00286	0.00294	G
605	0.00524	0.00534	T
606	0.02219	0.0222	C
607	0.0202	0.02023	C
608	0.00599	0.00627	T
609	0.02279	0.02348	A
610	0.00192	0.00195	G
611	0.00779	0.00788	C
612	0.00227	0.00229	T
613	0.00291	0.00308	G
614	0.00299	0.00311	C
615	0.0019	0.00193	T
616	0.00222	0.00223	G
617	0.00276	0.00281	G
618	0.04077	0.04112	C
619	0.0221	0.02228	A
620	0.01159	0.01232	T
621	0.02631	0.02648	C
622	0.03425	0.03447	A
623	0.03583	0.03615	C
624	0.00787	0.00802	T
625	0.02431	0.02548	A
626	0.01183	0.01213	T
627	0.02425	0.02482	A
628	0.03325	0.03404	C
629	0.01004	0.01037	T
630	0.02281	0.02528	A
631	0.02919	0.03016	C
632	0.01008	0.01041	T
633	0.0217	0.02181	A
634	0.02233	0.02266	A
635	0.02189	0.02224	C
636	0.02225	0.02432	A
637	0.01934	0.01963	G
638	0.01623	0.01658	A
639	0.02575	0.02581	C
640	0.01968	0.02119	C
641	0.01213	0.01862	G
642	0.03272	0.03888	C
643	0.0207	0.02164	A
644	0.02368	0.02376	A
645	0.04268	0.04274	C
646	0.02892	0.02913	C
647	0.01247	0.01401	T
648	0.03668	0.03723	C
649	0.01792	0.01877	A
650	0.02677	0.02688	A
651	0.03045	0.03168	C
652	0.01709	0.01758	A
653	0.0318	0.03182	C
654	0.0234	0.02378	C
655	0.01683	0.02064	A
656	0.00428	0.00428	C
657	0.00362	0.00364	C
658	0.00094	0.00097	T
659	0.00105	0.00106	T
660	0.00225	0.00273	C
661	0.0011	0.0011	T
662	0.00118	0.00121	T
663	0.00356	0.00367	C
664	0.00371	0.00404	G
665	0.01887	0.01926	A
666	0.00955	0.00958	C
667	0.01519	0.01523	C
668	0.0164	0.01641	C
669	0.02116	0.02118	C
670	0.00384	0.00439	G
671	0.01509	0.01509	C
672	0.00265	0.00265	C
673	0.00325	0.00326	G
674	0.00181	0.00182	G
675	0.0026	0.00282	A
676	0.00349	0.00349	G
677	0.00197	0.00198	G
678	0.00406	0.00464	A
679	0.00381	0.00381	G
680	0.00358	0.00363	G
681	0.02298	0.03468	A
682	0.00602	0.0068	G
683	0.03061	0.03183	A
684	0.04943	0.04996	C
685	0.03211	0.03217	C
686	0.02637	0.02638	C
687	0.0206	0.0206	C
688	0.01751	0.01906	A
689	0.00843	0.00846	T
690	0.01147	0.01157	T
691	0.0208	0.02342	C
692	0.00763	0.00783	T
693	0.01778	0.02209	A
694	0.01017	0.01077	T
695	0.02224	0.02263	A
696	0.04134	0.04165	C
697	0.02878	0.02892	C
698	0.02135	0.02152	A
699	0.02231	0.02256	A
700	0.03407	0.03598	C
701	0.02223	0.02284	A
702	0.04289	0.04297	C
703	0.01571	0.01588	C
704	0.00688	0.0073	T
705	0.02266	0.02384	A
706	0.00661	0.00663	T
707	0.00646	0.00649	T
708	0.02105	0.02317	C
709	0.01215	0.01221	T
710	0.00563	0.00604	G
711	0.01675	0.01737	A
712	0.00152	0.00154	T
713	0.00228	0.00229	T
714	0.00198	0.00199	T
715	0.00559	0.00559	T
716	0.00546	0.00546	T
717	0.01435	0.01567	C
718	0.00581	0.00584	G
719	0.0041	0.00416	G
720	0.01078	0.01404	T
721	0.02134	0.02183	C
722	0.02501	0.02551	A
723	0.03886	0.03887	C
724	0.01245	0.01245	C
725	0.0086	0.00865	C
726	0.00404	0.00461	T
727	0.00257	0.00283	G
728	0.00953	0.00963	A
729	0.01073	0.01076	A
730	0.00254	0.00263	G
731	0.00426	0.00428	T
732	0.00514	0.00516	T
733	0.00684	0.00689	T
734	0.01407	0.01666	A
735	0.00861	0.00892	T
736	0.02186	0.02414	A
737	0.01238	0.01238	T
738	0.01031	0.01047	T
739	0.02796	0.03219	C
740	0.01705	0.01706	T
741	0.01749	0.0176	T
742	0.00598	0.01761	A
743	0.01339	0.01355	T
744	0.03522	0.03571	C
745	0.01853	0.01878	C
746	0.0094	0.01009	T
747	0.02	0.02047	A
748	0.02747	0.0275	C
749	0.02308	0.02315	C
750	0.01312	0.0164	A
751	0.00148	0.00151	G
752	0.00238	0.00239	G
753	0.01741	0.01764	C
754	0.00331	0.00331	T
755	0.00305	0.00306	T
756	0.00935	0.00961	C
757	0.00264	0.00266	G
758	0.00232	0.00235	G
759	0.01198	0.01201	A
760	0.01681	0.01686	A
761	0.00929	0.00947	T
762	0.0189	0.01892	A
763	0.01594	0.01687	A
764	0.0084	0.00896	T
765	0.02254	0.02335	C
766	0.01322	0.01365	T
767	0.03328	0.03332	C
768	0.03279	0.0328	C
769	0.02758	0.02787	C
770	0.0148	0.01879	A
771	0.00944	0.00967	T
772	0.01876	0.01918	A
773	0.00886	0.00887	T
774	0.00924	0.00932	T
775	0.00304	0.00367	G
776	0.01805	0.02139	T
777	0.02153	0.02168	A
778	0.02057	0.0207	A
779	0.03043	0.03088	C
780	0.00947	0.00956	T
781	0.0102	0.01049	T
782	0.0141	0.02335	A
783	0.02892	0.02929	C
784	0.00793	0.00842	T
785	0.02242	0.02478	A
786	0.02104	0.02157	C
787	0.005	0.00511	T
788	0.01589	0.0159	C
789	0.01634	0.01644	C
790	0.00389	0.00405	G
791	0.00938	0.00976	G
792	0.00036	0.00039	A
793	0.00027	0.00028	A
794	0.00087	0.00089	A
795	0.00517	0.00517	A
796	0.00486	0.00487	A
797	0.00841	0.00842	A
798	0.00639	0.00639	A
799	0.00953	0.0099	G
800	0.01014	0.01015	A
801	0.01993	0.01998	A
802	0.01644	0.01646	C
803	0.00987	0.0099	C
804	0.0107	0.01127	A
805	0.00327	0.00328	T
806	0.00417	0.00417	T
807	0.00434	0.00434	T
808	0.00231	0.00233	G
809	0.00241	0.00243	G
810	0.0046	0.01057	A
811	0.00311	0.00317	T
812	0.00821	0.0083	A
813	0.0128	0.01291	C
814	0.00885	0.00918	A
815	0.00311	0.00318	T
816	0.00733	0.00741	A
817	0.002	0.00202	G
818	0.00235	0.00236	G
819	0.00339	0.00344	T
820	0.02248	0.02276	A
821	0.0072	0.00724	T
822	0.00291	0.00292	G
823	0.00162	0.00163	G
824	0.00316	0.00321	T
825	0.01037	0.01042	C
826	0.00379	0.0039	T
827	0.00363	0.00412	G
828	0.03088	0.03098	A
829	0.00339	0.00341	G
830	0.00613	0.00623	C
831	0.00187	0.0019	T
832	0.00752	0.00773	A
833	0.00295	0.00299	T
834	0.00233	0.00248	G
835	0.02018	0.02049	A
836	0.00367	0.00374	T
837	0.01117	0.01133	A
838	0.00378	0.00396	T
839	0.01282	0.01306	C
840	0.01206	0.01208	A
841	0.01118	0.01141	A
842	0.00332	0.00333	T
843	0.00422	0.00424	T
844	0.00243	0.00244	G
845	0.00206	0.00208	G
846	0.02111	0.02146	C
847	0.00272	0.00273	T
848	0.00248	0.00249	T
849	0.0115	0.01153	C
850	0.00933	0.00939	C
851	0.00465	0.00485	T
852	0.02696	0.02784	A
853	0.00249	0.0025	G
854	0.002	0.00202	G
855	0.0028	0.00282	G
856	0.00353	0.00356	T
857	0.00436	0.00437	T
858	0.00612	0.00614	T
859	0.01313	0.01459	A
860	0.00356	0.00363	T
861	0.01702	0.01712	C
862	0.00332	0.0034	G
863	0.0029	0.00305	T
864	0.00592	0.00602	G
865	0.00936	0.01013	T
866	0.00385	0.00404	G
867	0.01999	0.02074	A
868	0.00489	0.00515	G
869	0.01896	0.01959	C
870	0.01948	0.02373	A
871	0.01993	0.02039	C
872	0.0196	0.02028	A
873	0.02492	0.02495	C
874	0.01991	0.02013	C
875	0.01486	0.0185	A
876	0.00804	0.00822	T
877	0.01661	0.01717	A
878	0.00647	0.00656	T
879	0.01049	0.01082	A
880	0.00678	0.00679	T
881	0.00917	0.00917	T
882	0.00891	0.00895	T
883	0.01567	0.01853	A
884	0.02883	0.02891	C
885	0.02292	0.02309	A
886	0.00394	0.00406	G
887	0.00732	0.00753	T
888	0.01809	0.01833	A
889	0.0029	0.00291	G
890	0.00291	0.00293	G
891	0.01528	0.01531	A
892	0.01788	0.01795	A
893	0.00586	0.00603	T
894	0.01927	0.01978	A
895	0.00326	0.00334	G
896	0.02049	0.02058	A
897	0.02991	0.03001	C
898	0.00392	0.00398	G
899	0.00367	0.00419	T
900	0.02196	0.02245	A
901	0.00353	0.00367	G
902	0.02495	0.02533	A
903	0.0155	0.0158	C
904	0.01414	0.01455	A
905	0.01544	0.01589	C
906	0.01352	0.01395	A
907	0.01958	0.02003	C
908	0.00465	0.00487	G
909	0.01359	0.01386	A
910	0.00356	0.00397	G
911	0.0296	0.02984	C
912	0.02179	0.02217	A
913	0.0093	0.00944	T
914	0.01581	0.01637	A
915	0.00486	0.00486	T
916	0.00898	0.00898	T
917	0.01249	0.01253	T
918	0.02794	0.02894	C
919	0.02301	0.02342	A
920	0.04412	0.04418	C
921	0.03074	0.03093	C
922	0.00991	0.01155	T
923	0.02949	0.0295	C
924	0.03952	0.03975	C
925	0.00506	0.00649	G
926	0.02319	0.02523	C
927	0.00924	0.00966	T
928	0.02179	0.02208	A
929	0.03188	0.0319	C
930	0.02594	0.02607	C
931	0.01173	0.01889	A
932	0.01082	0.01141	T
933	0.02168	0.02169	A
934	0.02134	0.02301	A
935	0.00853	0.00936	T
936	0.02297	0.02336	C
937	0.02002	0.02226	A
938	0.01088	0.01124	T
939	0.02797	0.02827	C
940	0.0076	0.00773	G
941	0.0148	0.01508	C
942	0.00641	0.00689	T
943	0.02823	0.02985	A
944	0.01913	0.01962	T
945	0.01922	0.02012	C
946	0.01293	0.01299	C
947	0.01998	0.02	C
948	0.02123	0.02127	C
949	0.01762	0.0201	A
950	0.02936	0.02936	C
951	0.01836	0.01841	C
952	0.00293	0.00296	G
953	0.00191	0.00192	G
954	0.00766	0.00769	C
955	0.00383	0.00386	G
956	0.00305	0.00338	T
957	0.01487	0.01561	C
958	0.02042	0.02046	A
959	0.02272	0.02274	A
960	0.01478	0.0148	A
961	0.00431	0.00444	G
962	0.00491	0.00523	T
963	0.01878	0.01912	A
964	0.008	0.008	T
965	0.01023	0.01023	T
966	0.0145	0.01456	T
967	0.02299	0.02619	A
968	0.0025	0.00254	G
969	0.01167	0.0118	C
970	0.00386	0.00389	T
971	0.00323	0.00356	G
972	0.02698	0.02741	A
973	0.02408	0.02428	C
974	0.0076	0.00784	T
975	0.01383	0.01404	C
976	0.00418	0.00441	G
977	0.00564	0.00564	C
978	0.00659	0.00666	C
979	0.0133	0.02671	A
980	0.03245	0.03318	C
981	0.0213	0.02353	A
982	0.02825	0.02887	C
983	0.00795	0.00836	T
984	0.02344	0.02344	C
985	0.02258	0.02269	C
986	0.01856	0.02219	A
987	0.03915	0.03939	C
988	0.00373	0.0038	G
989	0.0031	0.00313	G
990	0.00928	0.00933	A
991	0.01116	0.01116	A
992	0.00408	0.00449	G
993	0.01535	0.01572	C
994	0.0205	0.02053	A
995	0.01705	0.01718	A
996	0.00706	0.00718	T
997	0.02121	0.02144	A
998	0.00642	0.0065	T
999	0.00351	0.00379	G
1000	0.01277	0.0128	A
1001	0.02537	0.02549	A
1002	0.01694	0.01709	A
1003	0.00688	0.00719	T
1004	0.00405	0.00499	G
1005	0.01921	0.01954	A
1006	0.00557	0.00568	T
1007	0.0253	0.02551	C
1008	0.00388	0.00395	T
1009	0.00337	0.00373	G
1010	0.00662	0.00672	C
1011	0.00221	0.00226	T
1012	0.0022	0.00234	G
1013	0.00956	0.00979	C
1014	0.00812	0.00876	A
1015	0.00279	0.00293	G
1016	0.00195	0.00203	T
1017	0.00348	0.00358	G
1018	0.00551	0.0056	C
1019	0.00272	0.00277	T
1020	0.01676	0.01681	C
1021	0.00543	0.00554	T
1022	0.0028	0.00377	G
1023	0.02108	0.0219	A
1024	0.00486	0.00501	G
1025	0.01031	0.01036	C
1026	0.00959	0.00961	C
1027	0.01122	0.01125	C
1028	0.0051	0.00528	T
1029	0.01258	0.01288	A
1030	0.00164	0.00166	G
1031	0.00196	0.002	G
1032	0.01613	0.0186	A
1033	0.00653	0.00655	T
1034	0.00823	0.00833	T
1035	0.0178	0.01888	C
1036	0.01382	0.01462	A
1037	0.00626	0.00654	T
1038	0.01884	0.01932	C
1039	0.00373	0.0038	T
1040	0.01573	0.01575	T
1041	0.01624	0.01663	T
1042	0.02426	0.02774	C
1043	0.00468	0.00469	T
1044	0.00666	0.00667	T
1045	0.0145	0.0145	T
1046	0.01372	0.01374	T
1047	0.02854	0.03581	C
1048	0.02304	0.02331	A
1049	0.02867	0.02867	C
1050	0.01126	0.0113	C
1051	0.00418	0.00536	G
1052	0.00778	0.00837	T
1053	0.01372	0.01389	A
1054	0.00215	0.00217	G
1055	0.00294	0.00296	G
1056	0.00495	0.00505	T
1057	0.00285	0.00285	G
1058	0.0015	0.00153	G
1059	0.00387	0.00388	C
1060	0.00343	0.00345	C
1061	0.00235	0.00256	T
1062	0.00299	0.00328	G
1063	0.02915	0.02931	A
1064	0.02503	0.0252	C
1065	0.00624	0.00629	T
1066	0.00315	0.00315	G
1067	0.00315	0.00316	G
1068	0.00327	0.00331	C
1069	0.00777	0.00791	A
1070	0.00304	0.00304	T
1071	0.00295	0.00296	T
1072	0.00334	0.00354	G
1073	0.00267	0.00279	T
1074	0.01675	0.01714	A
1075	0.00861	0.00861	T
1076	0.01132	0.01139	T
1077	0.01308	0.01564	A
1078	0.00497	0.00522	G
1079	0.01052	0.01125	C
1080	0.0119	0.01192	A
1081	0.01933	0.0194	A
1082	0.0265	0.02656	A
1083	0.03083	0.03226	C
1084	0.00737	0.00805	T
1085	0.02086	0.02109	C
1086	0.01716	0.01851	A
1087	0.00957	0.01042	T
1088	0.02734	0.02774	C
1089	0.02441	0.02473	A
1090	0.03233	0.03308	C
1091	0.00812	0.00832	T
1092	0.02624	0.02718	A
1093	0.00344	0.00357	G
1094	0.01663	0.01678	A
1095	0.01223	0.01251	C
1096	0.01151	0.01164	A
1097	0.00359	0.00378	T
1098	0.00969	0.00975	C
1099	0.00547	0.00557	G
1100	0.00272	0.00282	T
1101	0.01562	0.01605	A
1102	0.01693	0.01705	C
1103	0.00289	0.00305	T
1104	0.00867	0.00914	A
1105	0.00762	0.00772	C
1106	0.02153	0.02206	A
1107	0.02965	0.02986	C
1108	0.00514	0.00539	G
1109	0.02564	0.02615	A
1110	0.03478	0.03515	C
1111	0.02236	0.02255	A
1112	0.03218	0.0324	C
1113	0.00395	0.00403	G
1114	0.00348	0.00361	T
1115	0.01147	0.01158	A
1116	0.02047	0.02059	C
1117	0.00294	0.00301	T
1118	0.00792	0.00804	A
1119	0.00828	0.00834	C
1120	0.00287	0.00295	G
1121	0.00321	0.00321	T
1122	0.00237	0.00238	T
1123	0.00335	0.00353	G
1124	0.00254	0.00277	T
1125	0.01851	0.019	A
1126	0.00439	0.00446	G
1127	0.02681	0.02691	C
1128	0.92234	0.92239	C
1129	0.02531	0.02548	C
1130	0.01971	0.02075	A
1131	0.02237	0.02281	C
1132	0.00786	0.00818	T
1133	0.00805	0.00809	T
1134	0.03199	0.03201	C
1135	0.02323	0.02341	C
1136	0.01749	0.02731	A
1137	0.02682	0.02709	C
1138	0.00747	0.00762	T
1139	0.02232	0.02331	A
1140	0.01127	0.01151	T
1141	0.0034	0.00393	G
1142	0.01226	0.01245	T
1143	0.02898	0.02903	C
1144	0.02177	0.02189	C
1145	0.01166	0.01221	T
1146	0.02131	0.02167	A
1147	0.01186	0.01238	T
1148	0.02112	0.02128	C
1149	0.02187	0.02199	A
1150	0.03458	0.03503	A
1151	0.00293	0.00304	T
1152	0.0067	0.00692	A
1153	0.00162	0.00164	G
1154	0.00194	0.00195	G
1155	0.01133	0.01397	A
1156	0.00342	0.00345	G
1157	0.02147	0.02171	C
1158	0.00241	0.00249	T
1159	0.00389	0.00402	G
1160	0.00231	0.00235	T
1161	0.00906	0.00937	A
1162	0.00727	0.00727	T
1163	0.00935	0.00935	T
1164	0.00854	0.00856	T
1165	0.0029	0.00315	G
1166	0.0051	0.00511	C
1167	0.0027	0.00272	C
1168	0.01766	0.02076	A
1169	0.005	0.00528	T
1170	0.02499	0.02506	C
1171	0.00792	0.00841	A
1172	0.00189	0.00192	T
1173	0.00673	0.00699	A
1174	0.00214	0.00218	G
1175	0.00184	0.00189	G
1176	0.01812	0.02356	A
1177	0.00226	0.00227	G
1178	0.00183	0.00186	G
1179	0.05493	0.05682	C
1180	0.0036	0.00366	T
1181	0.00356	0.00363	T
1182	0.00944	0.00971	C
1183	0.01329	0.01354	A
1184	0.00767	0.00771	T
1185	0.02003	0.02018	T
1186	0.04897	0.05057	C
1187	0.0245	0.02477	A
1188	0.0381	0.03836	C
1189	0.00819	0.00827	T
1190	0.0109	0.0132	G
1191	0.00998	0.01016	A
1192	0.00231	0.00231	T
1193	0.00568	0.0057	T
1194	0.00588	0.00589	T
1195	0.0069	0.00696	C
1196	0.00896	0.00896	C
1197	0.00867	0.00868	C
1198	0.00468	0.00468	C
1199	0.00158	0.00172	T
1200	0.00549	0.00596	A
1201	0.00242	0.00243	T
1202	0.00633	0.00636	T
1203	0.02608	0.02806	C
1204	0.00853	0.01051	T
1205	0.02986	0.03054	C
1206	0.0258	0.02691	A
1207	0.00156	0.00158	G
1208	0.00343	0.00345	G
1209	0.00574	0.00589	C
1210	0.00312	0.00331	T
1211	0.00965	0.01095	A
1212	0.00984	0.01013	C
1213	0.00904	0.0097	A
1214	0.0141	0.01411	C
1215	0.00953	0.00954	C
1216	0.00896	0.00902	C
1217	0.00291	0.00338	T
1218	0.01216	0.01387	A
1219	0.00508	0.00528	G
1220	0.02784	0.02826	A
1221	0.03407	0.03413	C
1222	0.01136	0.01147	C
1223	0.01406	0.01427	A
1224	0.02257	0.02291	A
1225	0.02267	0.02274	A
1226	0.03683	0.03699	C
1227	0.02841	0.02861	C
1228	0.00451	0.00487	T
1229	0.00519	0.00598	A
1230	0.00449	0.00458	C
1231	0.00341	0.00356	G
1232	0.00344	0.00344	C
1233	0.00381	0.00386	C
1234	0.0126	0.01268	A
1235	0.01115	0.01118	A
1236	0.02016	0.02027	A
1237	0.01884	0.01896	A
1238	0.00879	0.01048	T
1239	0.03185	0.03189	C
1240	0.02052	0.02065	C
1241	0.01773	0.02125	A
1242	0.00741	0.00747	T
1243	0.01546	0.01553	T
1244	0.03685	0.03693	T
1245	0.03824	0.0402	C
1246	0.01984	0.02011	A
1247	0.02965	0.03008	C
1248	0.01812	0.01847	T
1249	0.02074	0.02123	A
1250	0.01612	0.01738	T
1251	0.03599	0.03678	C
1252	0.02159	0.02316	A
1253	0.01147	0.01217	T
1254	0.02092	0.02252	A
1255	0.00786	0.00787	T
1256	0.00821	0.00832	T
1257	0.02885	0.02979	C
1258	0.02382	0.0243	A
1259	0.00682	0.00696	T
1260	0.0272	0.02746	C
1261	0.00282	0.00285	G
1262	0.00219	0.00222	G
1263	0.00401	0.00404	C
1264	0.00485	0.00493	G
1265	0.0015	0.00175	T
1266	0.004	0.00406	A
1267	0.01799	0.01805	A
1268	0.02468	0.02483	A
1269	0.00415	0.00453	T
1270	0.02937	0.02956	C
1271	0.01391	0.01405	T
1272	0.02855	0.02868	A
1273	0.06832	0.06859	A
1274	0.01103	0.01155	C
1275	0.00146	0.00148	T
1276	0.008	0.00817	T
1277	0.00452	0.00453	T
1278	0.03096	0.03321	C
1279	0.00729	0.00729	T
1280	0.01583	0.01603	T
1281	0.03069	0.03073	C
1282	0.02624	0.02634	C
1283	0.02557	0.02576	C
1284	0.01415	0.02044	A
1285	0.03224	0.03351	C
1286	0.02106	0.0212	A
1287	0.02364	0.02396	A
1288	0.03557	0.0369	C
1289	0.02805	0.02841	A
1290	0.04075	0.04166	C
1291	0.00262	0.0027	T
1292	0.00974	0.00975	T
1293	0.01225	0.01225	T
1294	0.01681	0.01737	C
1295	0.00949	0.01007	T
1296	0.02177	0.02223	C
1297	0.00615	0.00635	G
1298	0.00397	0.00398	G
1299	0.02626	0.02626	C
1300	0.01049	0.01079	C
1301	0.00666	0.00696	T
1302	0.03301	0.03402	A
1303	0.00512	0.0052	T
1304	0.01361	0.01364	C
1305	0.01173	0.01174	C
1306	0.00215	0.00216	G
1307	0.00293	0.00294	G
1308	0.01404	0.01412	A
1309	0.01638	0.01647	A
1310	0.01342	0.01487	T
1311	0.00602	0.00633	G
1312	0.0245	0.02455	C
1313	0.01379	0.0138	C
1314	0.01679	0.0168	C
1315	0.01878	0.01878	C
1316	0.00433	0.00504	G
1317	0.0173	0.01738	A
1318	0.03308	0.03318	C
1319	0.00503	0.00512	G
1320	0.00707	0.00717	T
1321	0.00788	0.00792	T
1322	0.01639	0.02213	A
1323	0.02692	0.02703	C
1324	0.00471	0.00476	T
1325	0.00749	0.00756	C
1326	0.00259	0.00261	G
1327	0.00224	0.00225	G
1328	0.02992	0.03574	A
1329	0.02312	0.0235	C
1330	0.00782	0.00842	T
1331	0.02939	0.03065	A
1332	0.06407	0.06411	C
1333	0.0278	0.02812	C
1334	0.0086	0.00861	C
1335	0.00897	0.00897	C
1336	0.00436	0.00475	G
1337	0.01292	0.01326	A
1338	0.00945	0.00954	T
1339	0.00373	0.00425	G
1340	0.03029	0.03103	C
1341	0.02264	0.02326	A
1342	0.01097	0.01149	T
1343	0.02634	0.0273	A
1344	0.0428	0.04354	C
1345	0.02732	0.02794	A
1346	0.04106	0.04123	C
1347	0.02691	0.02743	C
1348	0.01872	0.0218	A
1349	0.03353	0.03418	C
1350	0.02176	0.0231	A
1351	0.01027	0.01057	T
1352	0.00432	0.00519	G
1353	0.02346	0.02356	A
1354	0.02188	0.02201	A
1355	0.02576	0.02588	A
1356	0.03172	0.03332	C
1357	0.02314	0.02347	A
1358	0.00891	0.00916	T
1359	0.02033	0.0204	C
1360	0.01508	0.0152	C
1361	0.00636	0.00672	T
1362	0.01497	0.01549	A
1363	0.00845	0.00914	T
1364	0.0247	0.02527	C
1365	0.0212	0.02183	A
1366	0.00801	0.00814	T
1367	0.02466	0.02495	C
1368	0.00925	0.00932	T
1369	0.00335	0.00387	G
1370	0.0052	0.00624	T
1371	0.01258	0.01331	A
1372	0.00266	0.00269	G
1373	0.00252	0.00257	G
1374	0.03273	0.0334	C
1375	0.00571	0.00597	T
1376	0.02595	0.02622	C
1377	0.02194	0.02343	A
1378	0.00792	0.00797	T
1379	0.00781	0.00789	T
1380	0.0203	0.02106	C
1381	0.01572	0.01652	A
1382	0.00388	0.00394	T
1383	0.00879	0.00883	T
1384	0.00879	0.00884	T
1385	0.01956	0.02069	C
1386	0.00946	0.00954	T
1387	0.02593	0.02637	C
1388	0.01149	0.01176	T
1389	0.02389	0.02414	A
1390	0.02083	0.02105	A
1391	0.03727	0.03823	C
1392	0.02647	0.02692	A
1393	0.00432	0.00479	G
1394	0.02914	0.02937	C
1395	0.02154	0.02185	A
1396	0.00372	0.00395	G
1397	0.0097	0.01035	T
1398	0.01461	0.01464	A
1399	0.01448	0.01471	A
1400	0.00719	0.00735	T
1401	0.01672	0.017	A
1402	0.01239	0.01242	T
1403	0.01197	0.01232	T
1404	0.01413	0.0143	A
1405	0.01697	0.01749	A
1406	0.02399	0.02516	T
1407	0.01516	0.01517	A
1408	0.01212	0.01752	A
1409	0.00529	0.0053	T
1410	0.00422	0.00431	T
1411	0.00793	0.00796	T
1412	0.0077	0.00771	T
1413	0.02181	0.02648	C
1414	0.0194	0.01967	A
1415	0.01047	0.01059	T
1416	0.00356	0.00389	G
1417	0.01982	0.01994	A
1418	0.00488	0.00489	T
1419	0.00805	0.00813	T
1420	0.00634	0.00635	T
1421	0.00318	0.00395	G
1422	0.02301	0.0233	A
1423	0.00369	0.00393	G
1424	0.02062	0.02063	A
1425	0.0174	0.01838	A
1426	0.00413	0.00436	G
1427	0.01752	0.01764	C
1428	0.01688	0.0169	C
1429	0.00279	0.00281	T
1430	0.00349	0.00353	T
1431	0.00993	0.01045	C
1432	0.00564	0.00582	G
1433	0.00402	0.00407	C
1434	0.00169	0.0017	T
1435	0.00447	0.00447	T
1436	0.01672	0.01736	C
1437	0.00368	0.00397	G
1438	0.0165	0.01656	A
1439	0.01469	0.01473	A
1440	0.00266	0.00279	G
1441	0.01602	0.01627	C
1442	0.00607	0.00625	G
1443	0.01347	0.01376	A
1444	0.01311	0.01312	A
1445	0.01925	0.01927	A
1446	0.0247	0.02472	A
1447	0.00364	0.00386	G
1448	0.00282	0.00286	T
1449	0.00625	0.00625	C
1450	0.00593	0.00595	C
1451	0.00301	0.00314	T
1452	0.03007	0.03035	A
1453	0.01031	0.01035	A
1454	0.00327	0.0033	T
1455	0.00859	0.00883	A
1456	0.00266	0.00286	G
1457	0.00358	0.00368	T
1458	0.02592	0.02627	A
1459	0.00424	0.00435	G
1460	0.02508	0.02509	A
1461	0.02639	0.02684	A
1462	0.00559	0.00742	G
1463	0.02764	0.02764	A
1464	0.02967	0.03099	A
1465	0.03349	0.03366	C
1466	0.01392	0.01393	C
1467	0.00274	0.00275	C
1468	0.00116	0.00125	T
1469	0.00248	0.00248	C
1470	0.00222	0.00226	C
1471	0.00581	0.00893	A
1472	0.00714	0.00773	T
1473	0.01544	0.01547	A
1474	0.01771	0.01777	A
1475	0.0247	0.02561	A
1476	0.04292	0.0432	C
1477	0.03129	0.03139	C
1478	0.00231	0.00243	T
1479	0.00191	0.00192	G
1480	0.00138	0.0014	G
1481	0.00451	0.00512	A
1482	0.0021	0.00212	G
1483	0.00388	0.00429	T
1484	0.00373	0.00384	G
1485	0.01344	0.01357	A
1486	0.0077	0.00776	C
1487	0.00224	0.00229	T
1488	0.00602	0.00655	A
1489	0.0026	0.00263	T
1490	0.02497	0.02556	A
1491	0.00577	0.00581	T
1492	0.00238	0.0024	G
1493	0.00221	0.00223	G
1494	0.00953	0.01382	A
1495	0.02333	0.02371	T
1496	0.00785	0.0086	G
1497	0.03029	0.03055	C
1498	0.01669	0.01679	C
1499	0.02397	0.02403	C
1500	0.02728	0.02729	C
1501	0.02596	0.02598	C
1502	0.02701	0.0272	C
1503	0.01804	0.02243	A
1504	0.03407	0.03408	C
1505	0.02627	0.02627	C
1506	0.01975	0.01992	C
1507	0.01526	0.01624	T
1508	0.01983	0.02054	A
1509	0.04198	0.04202	C
1510	0.02614	0.02628	C
1511	0.00959	0.02356	A
1512	0.02955	0.03027	C
1513	0.01423	0.01471	A
1514	0.02846	0.02925	C
1515	0.02424	0.0244	A
1516	0.00807	0.00818	T
1517	0.00724	0.00726	T
1518	0.02104	0.02168	C
1519	0.00551	0.00563	G
1520	0.01733	0.01738	A
1521	0.02109	0.0212	A
1522	0.01	0.01151	G
1523	0.02324	0.02325	A
1524	0.0207	0.02111	A
1525	0.04625	0.04653	C
1526	0.02045	0.02047	C
1527	0.02925	0.02925	C
1528	0.00602	0.00662	G
1529	0.00696	0.00767	T
1530	0.02007	0.02042	A
1531	0.00962	0.01007	T
1532	0.01737	0.01752	A
1533	0.04661	0.04738	C
1534	0.01586	0.01611	A
1535	0.02008	0.02079	T
1536	0.01734	0.01734	A
1537	0.00864	0.00864	A
1538	0.01396	0.01396	A
1539	0.01431	0.01431	A
1540	0.01325	0.0153	T
1541	0.02548	0.02556	C
1542	0.01292	0.01292	T
1543	0.0008	0.0008	A
1544	0.0	0.0	G
1545	0.0	0.0	A
