Position	Mismatches	Mismatches + Deletions	Base
1	0.0	0.0	A
2	0.0	0.0	A
3	0.0	0.0	T
4	0.003	0.003	G
5	0.03331	0.03575	C
6	0.02055	0.02055	C
7	0.02663	0.02663	C
8	0.0216	0.0216	C
9	0.01116	0.01466	A
10	0.01822	0.01838	A
11	0.02674	0.02715	C
12	0.00888	0.00925	T
13	0.01402	0.01409	A
14	0.01995	0.02003	A
15	0.01858	0.0186	A
16	0.01321	0.01438	T
17	0.03006	0.03028	A
18	0.04051	0.04157	C
19	0.01376	0.01419	T
20	0.02609	0.02658	A
21	0.03307	0.03327	C
22	0.02423	0.02437	C
23	0.00744	0.01051	G
24	0.00402	0.00481	T
25	0.01067	0.01107	A
26	0.00488	0.00497	T
27	0.00247	0.0025	G
28	0.00232	0.00236	G
29	0.03707	0.0371	C
30	0.02281	0.02282	C
31	0.02287	0.0231	C
32	0.01634	0.02005	A
33	0.03203	0.03204	C
34	0.02559	0.02594	C
35	0.01286	0.01922	A
36	0.01589	0.01651	T
37	0.01861	0.01861	A
38	0.01994	0.02063	A
39	0.0112	0.01131	T
40	0.01147	0.01155	T
41	0.02067	0.02556	A
42	0.03427	0.03449	C
43	0.03263	0.03267	C
44	0.04321	0.04323	C
45	0.02183	0.02184	C
46	0.01774	0.01775	C
47	0.00647	0.01387	A
48	0.007	0.00723	T
49	0.01345	0.01399	A
50	0.02147	0.02213	C
51	0.00815	0.00837	T
52	0.03162	0.03163	C
53	0.02458	0.02488	C
54	0.00799	0.00802	T
55	0.01155	0.01173	T
56	0.01322	0.02453	A
57	0.05052	0.05095	C
58	0.04368	0.04429	A
59	0.03505	0.03541	C
60	0.00746	0.00771	T
61	0.02009	0.02715	A
62	0.00784	0.00787	T
63	0.00836	0.00846	T
64	0.02773	0.02786	C
65	0.03107	0.03117	C
66	0.01354	0.01457	T
67	0.03469	0.03554	C
68	0.02331	0.02603	A
69	0.01506	0.01833	T
70	0.04086	0.04277	C
71	0.02743	0.02827	A
72	0.05444	0.05456	C
73	0.04036	0.0404	C
74	0.03424	0.03476	C
75	0.01381	0.01401	A
76	0.02003	0.02007	A
77	0.03705	0.03824	C
78	0.01169	0.01295	T
79	0.00128	0.00134	A
80	0.01363	0.01372	A
81	0.01364	0.01367	A
82	0.01884	0.01889	A
83	0.01755	0.01762	A
84	0.01064	0.01207	T
85	0.02106	0.02141	A
86	0.0114	0.01146	T
87	0.01169	0.01198	T
88	0.02301	0.02313	A
89	0.02363	0.02383	A
90	0.01921	0.01932	A
91	0.04511	0.04771	C
92	0.02356	0.02455	A
93	0.04896	0.05272	C
94	0.03897	0.03899	A
95	0.03302	0.03302	A
96	0.02235	0.02251	A
97	0.03396	0.03614	C
98	0.01306	0.01364	T
99	0.03131	0.03202	A
100	0.04256	0.04279	C
101	0.03053	0.03091	C
102	0.01699	0.02087	A
103	0.03716	0.03722	C
104	0.02027	0.02071	C
105	0.0099	0.01144	T
106	0.0285	0.02962	A
107	0.04059	0.04083	C
108	0.02819	0.02929	C
109	0.00978	0.0137	T
110	0.03363	0.03364	C
111	0.02457	0.02458	C
112	0.02584	0.02632	C
113	0.00942	0.01083	T
114	0.02459	0.02493	C
115	0.01531	0.01635	A
116	0.03607	0.03608	C
117	0.02574	0.02593	C
118	0.01235	0.01248	A
119	0.01745	0.01756	A
120	0.02701	0.02721	A
121	0.0061	0.00654	G
122	0.03609	0.03622	C
123	0.03142	0.03155	C
124	0.0282	0.02845	C
125	0.01239	0.01393	A
126	0.00822	0.0093	T
127	0.00122	0.00123	A
128	0.00897	0.009	A
129	0.00701	0.00702	A
130	0.01288	0.01289	A
131	0.01217	0.01229	A
132	0.02965	0.03374	T
133	0.00216	0.00216	A
134	0.00152	0.00152	A
135	0.00929	0.00929	A
136	0.00739	0.00739	A
137	0.00901	0.00901	A
138	0.00993	0.00999	A
139	0.01141	0.01171	T
140	0.01066	0.01129	T
141	0.01343	0.02191	A
142	0.01267	0.01353	T
143	0.02455	0.02456	A
144	0.02326	0.02374	A
145	0.04564	0.04656	C
146	0.02247	0.02247	A
147	0.02517	0.02517	A
148	0.02705	0.02809	A
149	0.04267	0.04306	C
150	0.03288	0.03305	C
151	0.02804	0.02813	C
152	0.00941	0.01033	T
153	0.00391	0.00426	G
154	0.02927	0.03013	A
155	0.00642	0.0079	G
156	0.02269	0.02275	A
157	0.02258	0.02279	A
158	0.03716	0.03731	C
159	0.02784	0.02806	C
160	0.01084	0.01091	A
161	0.01209	0.01213	A
162	0.0108	0.01085	A
163	0.00738	0.00741	A
164	0.00335	0.00365	T
165	0.00299	0.00323	G
166	0.00786	0.00788	A
167	0.00954	0.00957	A
168	0.01233	0.01262	C
169	0.00387	0.00407	G
170	0.00843	0.00848	A
171	0.00566	0.00573	A
172	0.01991	0.01999	A
173	0.02422	0.02426	A
174	0.00772	0.00878	T
175	0.03326	0.0334	C
176	0.00883	0.00886	T
177	0.00384	0.00569	G
178	0.00381	0.00381	T
179	0.00388	0.00393	T
180	0.01067	0.01106	C
181	0.004	0.00409	G
182	0.03428	0.03467	C
183	0.00358	0.00366	T
184	0.00398	0.00402	T
185	0.01095	0.01118	C
186	0.01155	0.01178	A
187	0.0045	0.00454	T
188	0.00701	0.00704	T
189	0.02261	0.02333	C
190	0.01977	0.02042	A
191	0.01148	0.01152	T
192	0.02585	0.02622	T
193	0.01968	0.02074	G
194	0.03327	0.03338	C
195	0.0147	0.01474	C
196	0.03322	0.03326	C
197	0.02666	0.02667	C
198	0.02947	0.02957	C
199	0.01473	0.01837	A
200	0.03906	0.04017	C
201	0.01884	0.01899	A
202	0.02053	0.02116	A
203	0.00991	0.01045	T
204	0.03105	0.0311	C
205	0.01761	0.01771	C
206	0.00932	0.00991	T
207	0.0254	0.02899	A
208	0.00552	0.00557	G
209	0.00337	0.00338	G
210	0.00764	0.00767	C
211	0.01219	0.01229	C
212	0.00707	0.00814	T
213	0.02133	0.02246	A
214	0.04493	0.04502	C
215	0.03383	0.0342	C
216	0.04806	0.04864	C
217	0.00375	0.0041	G
218	0.00718	0.00718	C
219	0.00835	0.00837	C
220	0.00391	0.00504	G
221	0.02936	0.02959	C
222	0.02592	0.02639	A
223	0.0055	0.00554	G
224	0.00934	0.00956	T
225	0.02212	0.02254	A
226	0.03681	0.03695	C
227	0.00987	0.00995	T
228	0.00325	0.004	G
229	0.01278	0.01301	A
230	0.00631	0.00663	T
231	0.01522	0.01541	C
232	0.02039	0.02077	A
233	0.00829	0.00831	T
234	0.00903	0.00911	T
235	0.02261	0.02634	C
236	0.00775	0.0079	T
237	0.02286	0.02491	A
238	0.00709	0.00709	T
239	0.01686	0.01687	T
240	0.03546	0.03556	T
241	0.06129	0.06174	C
242	0.0471	0.0473	C
243	0.0346	0.03464	C
244	0.0278	0.02783	C
245	0.0119	0.01191	C
246	0.00513	0.00543	T
247	0.01794	0.01812	C
248	0.00611	0.00615	T
249	0.01686	0.01767	A
250	0.00756	0.00756	T
251	0.00919	0.00921	T
252	0.00445	0.00511	G
253	0.01409	0.01475	A
254	0.02061	0.02112	T
255	0.01895	0.01915	C
256	0.03744	0.03752	C
257	0.03267	0.0327	C
258	0.03671	0.03688	C
259	0.02165	0.02804	A
260	0.03896	0.03897	C
261	0.02422	0.02449	C
262	0.00944	0.01089	T
263	0.02702	0.02703	C
264	0.02408	0.02415	C
265	0.00987	0.01	A
266	0.01828	0.01832	A
267	0.02186	0.02195	A
268	0.01169	0.0131	T
269	0.02622	0.02676	A
270	0.01487	0.0151	T
271	0.03139	0.03164	C
272	0.01103	0.01181	T
273	0.02617	0.0267	C
274	0.02234	0.02393	A
275	0.01325	0.01401	T
276	0.03874	0.03951	C
277	0.02089	0.0213	A
278	0.02223	0.02234	A
279	0.04211	0.04363	C
280	0.02393	0.02395	A
281	0.02254	0.023	A
282	0.03828	0.03837	C
283	0.04177	0.04214	C
284	0.00553	0.00812	G
285	0.02125	0.02136	A
286	0.0299	0.03008	C
287	0.01093	0.01121	T
288	0.01973	0.01997	A
289	0.01901	0.01943	A
290	0.01615	0.01677	T
291	0.0513	0.05217	C
292	0.0275	0.02821	A
293	0.04672	0.04677	C
294	0.02847	0.02939	C
295	0.01836	0.02373	A
296	0.03401	0.03403	C
297	0.03262	0.03262	C
298	0.02532	0.02562	C
299	0.0145	0.01459	A
300	0.01826	0.01828	A
301	0.03453	0.03488	C
302	0.01878	0.01882	A
303	0.02016	0.02036	A
304	0.01752	0.01778	T
305	0.00459	0.00482	G
306	0.02671	0.02689	A
307	0.0348	0.0351	C
308	0.01243	0.01277	T
309	0.01934	0.01943	A
310	0.02365	0.02382	A
311	0.01163	0.01294	T
312	0.03591	0.0366	C
313	0.02114	0.02124	A
314	0.02169	0.02208	A
315	0.02275	0.02279	A
316	0.05091	0.05581	C
317	0.01569	0.01657	T
318	0.0223	0.02248	A
319	0.02132	0.02171	A
320	0.04277	0.04291	C
321	0.03034	0.03103	C
322	0.00933	0.01057	T
323	0.03251	0.033	C
324	0.01628	0.01678	A
325	0.01096	0.01107	A
326	0.01791	0.01804	A
327	0.01659	0.01662	A
328	0.04367	0.05156	C
329	0.0125	0.01253	A
330	0.01644	0.01645	A
331	0.01668	0.01686	A
332	0.00888	0.00945	T
333	0.00495	0.00523	G
334	0.02487	0.02541	A
335	0.00999	0.01119	T
336	0.02028	0.02029	A
337	0.02524	0.02616	A
338	0.03565	0.03587	C
339	0.02498	0.02505	C
340	0.00968	0.02563	A
341	0.01203	0.01257	T
342	0.02662	0.02696	A
343	0.03922	0.04011	C
344	0.02307	0.02378	A
345	0.04703	0.04913	C
346	0.02099	0.02099	A
347	0.01983	0.0202	A
348	0.03623	0.03812	C
349	0.02011	0.02042	A
350	0.03369	0.03442	C
351	0.00961	0.01001	T
352	0.01528	0.01533	A
353	0.01847	0.01854	A
354	0.01753	0.01757	A
355	0.00527	0.00532	G
356	0.00332	0.00335	G
357	0.02157	0.02642	A
358	0.03761	0.03829	C
359	0.01103	0.01247	G
360	0.02868	0.02931	A
361	0.02685	0.02736	A
362	0.03691	0.03699	C
363	0.02008	0.02028	C
364	0.00912	0.00975	T
365	0.00377	0.00496	G
366	0.02211	0.02244	A
367	0.01203	0.01233	T
368	0.02799	0.02818	C
369	0.01085	0.01132	T
370	0.02506	0.02542	C
371	0.01431	0.01432	T
372	0.01212	0.01219	T
373	0.01114	0.02103	A
374	0.01124	0.01141	T
375	0.02466	0.02611	A
376	0.02851	0.02898	C
377	0.0079	0.008	T
378	0.02956	0.03035	A
379	0.00369	0.00414	G
380	0.00746	0.00911	T
381	0.03555	0.03635	A
382	0.00649	0.00665	T
383	0.01979	0.0199	C
384	0.0162	0.01649	C
385	0.00455	0.00456	T
386	0.0078	0.00799	T
387	0.01536	0.01597	A
388	0.02171	0.02263	A
389	0.01571	0.01594	T
390	0.03273	0.03374	C
391	0.01302	0.01421	A
392	0.00441	0.00443	T
393	0.00551	0.00557	T
394	0.00775	0.00778	T
395	0.01039	0.01039	T
396	0.01023	0.01024	T
397	0.01573	0.02242	A
398	0.01175	0.01175	T
399	0.02016	0.02024	T
400	0.01123	0.01195	G
401	0.03974	0.03983	C
402	0.03017	0.03045	C
403	0.01428	0.02275	A
404	0.02876	0.03029	C
405	0.01807	0.01811	A
406	0.02193	0.02215	A
407	0.03098	0.03244	C
408	0.01222	0.01276	T
409	0.02833	0.0286	A
410	0.0244	0.02521	A
411	0.02937	0.02949	C
412	0.04396	0.04506	C
413	0.00873	0.01141	T
414	0.02996	0.03001	C
415	0.02477	0.02519	C
416	0.01061	0.01206	T
417	0.02587	0.02622	C
418	0.00429	0.00455	G
419	0.00384	0.00394	G
420	0.0216	0.02468	A
421	0.025	0.02523	C
422	0.00725	0.00741	T
423	0.02812	0.02813	C
424	0.02154	0.02189	C
425	0.01122	0.01216	T
426	0.00363	0.00427	G
427	0.03314	0.0332	C
428	0.02322	0.02347	C
429	0.01087	0.01237	T
430	0.02539	0.02584	C
431	0.01423	0.01526	A
432	0.03743	0.03771	C
433	0.01223	0.01308	T
434	0.02636	0.02659	C
435	0.01482	0.01627	A
436	0.00971	0.00972	T
437	0.01243	0.01247	T
438	0.01202	0.01207	T
439	0.02302	0.02555	A
440	0.04098	0.04158	C
441	0.02327	0.02356	A
442	0.05071	0.05078	C
443	0.02705	0.02763	C
444	0.02074	0.02088	A
445	0.02661	0.02683	A
446	0.04168	0.0422	C
447	0.02797	0.02821	C
448	0.01785	0.0241	A
449	0.0339	0.03393	C
450	0.03038	0.0304	C
451	0.02495	0.02521	C
452	0.01346	0.01353	A
453	0.03295	0.03299	A
454	0.02149	0.02194	C
455	0.00724	0.00732	T
456	0.01861	0.01884	A
457	0.00719	0.00726	T
458	0.02604	0.02621	C
459	0.00681	0.00688	T
460	0.02167	0.02246	A
461	0.01151	0.012	T
462	0.01775	0.0178	A
463	0.01913	0.01916	A
464	0.03008	0.0306	A
465	0.03827	0.03856	C
466	0.00957	0.00965	C
467	0.01296	0.01354	T
468	0.03139	0.03243	A
469	0.00436	0.00457	G
470	0.02853	0.02856	C
471	0.0226	0.02263	C
472	0.01638	0.02185	A
473	0.01147	0.01192	T
474	0.00393	0.00395	G
475	0.00321	0.00325	G
476	0.02373	0.02375	C
477	0.01292	0.01298	C
478	0.01664	0.02054	A
479	0.00924	0.01013	T
480	0.02352	0.02357	C
481	0.02592	0.02595	C
482	0.02078	0.02079	C
483	0.00681	0.00681	C
484	0.00199	0.002	T
485	0.00207	0.00207	T
486	0.00379	0.00709	A
487	0.00838	0.00841	T
488	0.00258	0.00276	G
489	0.00433	0.00452	A
490	0.00352	0.00355	G
491	0.00469	0.00478	C
492	0.00588	0.00588	G
493	0.003	0.00301	G
494	0.00315	0.00316	G
495	0.01021	0.0112	C
496	0.94917	0.94941	A
497	0.01066	0.0107	C
498	0.01895	0.01929	A
499	0.00363	0.00366	G
500	0.00855	0.00884	T
501	0.00342	0.00363	G
502	0.02029	0.02094	A
503	0.01065	0.01067	T
504	0.01171	0.0118	T
505	0.01454	0.02309	A
506	0.00877	0.00908	T
507	0.02305	0.02432	A
508	0.00235	0.00242	G
509	0.00205	0.00206	G
510	0.00409	0.00417	C
511	0.00083	0.00083	T
512	0.00374	0.00374	T
513	0.00448	0.00449	T
514	0.00607	0.00623	C
515	0.00287	0.00293	G
516	0.00422	0.00428	C
517	0.00185	0.00188	T
518	0.00683	0.00692	C
519	0.00272	0.00278	T
520	0.00703	0.00709	A
521	0.00866	0.0087	A
522	0.00285	0.00335	G
523	0.02459	0.02482	A
524	0.00924	0.00929	T
525	0.01117	0.012	T
526	0.00199	0.00201	A
527	0.01621	0.01633	A
528	0.01317	0.01321	A
529	0.02433	0.02439	A
530	0.01764	0.01765	A
531	0.01316	0.01341	T
532	0.00589	0.00657	G
533	0.02576	0.0258	C
534	0.0121	0.01215	C
535	0.01472	0.01475	C
536	0.00737	0.00793	T
537	0.02959	0.03238	A
538	0.00601	0.00728	G
539	0.01984	0.01987	C
540	0.01795	0.01798	C
541	0.03599	0.0361	C
542	0.01501	0.01979	A
543	0.03652	0.03677	C
544	0.00963	0.00991	T
545	0.00862	0.00865	T
546	0.02346	0.02612	C
547	0.01145	0.01149	T
548	0.01966	0.01982	T
549	0.02089	0.03059	A
550	0.04907	0.04916	C
551	0.03307	0.0333	C
552	0.02048	0.02415	A
553	0.02228	0.02287	C
554	0.01951	0.01952	A
555	0.02589	0.02641	A
556	0.00376	0.00383	G
557	0.0038	0.00388	G
558	0.02667	0.02763	C
559	0.02705	0.03137	A
560	0.04166	0.04281	C
561	0.01847	0.01931	A
562	0.04214	0.04217	C
563	0.02174	0.022	C
564	0.01165	0.01308	T
565	0.02996	0.0348	A
566	0.04005	0.04162	C
567	0.02315	0.02594	A
568	0.0379	0.03794	C
569	0.03796	0.03807	C
570	0.02706	0.0271	C
571	0.0219	0.02196	C
572	0.0063	0.00642	T
573	0.0109	0.01108	T
574	0.01555	0.02389	A
575	0.02143	0.02192	T
576	0.03649	0.03713	C
577	0.03696	0.03709	C
578	0.03124	0.03127	C
579	0.02381	0.02385	C
580	0.00907	0.02016	A
581	0.00825	0.0085	T
582	0.02007	0.02029	A
583	0.02474	0.02509	C
584	0.00771	0.0078	T
585	0.02247	0.02311	A
586	0.00281	0.00298	G
587	0.00836	0.00838	T
588	0.00956	0.0097	T
589	0.01312	0.02311	A
590	0.01064	0.01064	T
591	0.01343	0.01359	T
592	0.01629	0.02838	A
593	0.02301	0.02353	T
594	0.03778	0.03849	C
595	0.01292	0.01388	G
596	0.01483	0.01531	A
597	0.025	0.02513	A
598	0.02852	0.02856	A
599	0.03982	0.03992	C
600	0.02037	0.02043	C
601	0.01945	0.0228	A
602	0.01344	0.02638	T
603	0.02596	0.02665	C
604	0.03025	0.03355	A
605	0.00627	0.00645	G
606	0.04155	0.04158	C
607	0.01788	0.018	C
608	0.00887	0.0096	T
609	0.02057	0.02145	A
610	0.02903	0.02937	C
611	0.00971	0.01006	T
612	0.03007	0.03068	C
613	0.0209	0.02277	A
614	0.01045	0.01054	T
615	0.01005	0.01016	T
616	0.03004	0.03089	C
617	0.02274	0.02297	A
618	0.02753	0.02794	A
619	0.03848	0.03857	C
620	0.03186	0.0319	C
621	0.01734	0.01742	A
622	0.02288	0.02334	A
623	0.00892	0.00954	T
624	0.0254	0.02642	A
625	0.00402	0.00443	G
626	0.02488	0.02492	C
627	0.02457	0.02458	C
628	0.02397	0.02399	C
629	0.00508	0.00545	T
630	0.00273	0.00275	G
631	0.0028	0.00281	G
632	0.00385	0.00386	C
633	0.02291	0.02292	C
634	0.00535	0.00666	G
635	0.00692	0.00827	T
636	0.02652	0.02813	A
637	0.04382	0.04417	C
638	0.00348	0.00355	G
639	0.00859	0.00861	C
640	0.00738	0.0074	C
641	0.00552	0.00593	T
642	0.02024	0.02049	A
643	0.02527	0.02547	A
644	0.04702	0.04713	C
645	0.03234	0.03247	C
646	0.00453	0.00518	G
647	0.01006	0.01038	C
648	0.00773	0.00799	T
649	0.02117	0.02136	A
650	0.02809	0.02816	A
651	0.0312	0.03147	C
652	0.01881	0.0192	A
653	0.01001	0.01022	T
654	0.00709	0.00715	T
655	0.01181	0.01968	A
656	0.03359	0.03379	C
657	0.00614	0.00617	T
658	0.00358	0.00501	G
659	0.01504	0.01581	C
660	0.02249	0.02393	A
661	0.00244	0.00245	G
662	0.00417	0.00422	G
663	0.01029	0.01033	C
664	0.00844	0.00854	C
665	0.01354	0.01711	A
666	0.02805	0.02807	C
667	0.01467	0.01473	C
668	0.00499	0.00539	T
669	0.02339	0.02389	A
670	0.02939	0.02961	C
671	0.00942	0.01073	T
672	0.02602	0.02687	C
673	0.01906	0.02127	A
674	0.01284	0.01306	T
675	0.00542	0.00701	G
676	0.03329	0.0341	C
677	0.01889	0.0192	A
678	0.03637	0.03645	C
679	0.01791	0.01798	C
680	0.00678	0.00699	T
681	0.01615	0.01635	A
682	0.02006	0.02022	A
683	0.00626	0.00629	T
684	0.00616	0.00617	T
685	0.00292	0.00293	G
686	0.00276	0.00281	G
687	0.02375	0.02383	A
688	0.02229	0.02237	A
689	0.00713	0.00753	G
690	0.02428	0.02483	C
691	0.0078	0.00812	G
692	0.02511	0.02513	C
693	0.01877	0.01897	C
694	0.01637	0.02528	A
695	0.04143	0.04144	C
696	0.03297	0.03298	C
697	0.02503	0.02519	C
698	0.00945	0.00979	T
699	0.02719	0.02752	A
700	0.00367	0.00403	G
701	0.03041	0.0309	C
702	0.02408	0.02425	A
703	0.02365	0.02387	A
704	0.01329	0.01368	T
705	0.02565	0.026	A
706	0.01311	0.01508	T
707	0.03756	0.03914	C
708	0.02392	0.02405	A
709	0.02733	0.02737	A
710	0.05029	0.05045	C
711	0.02675	0.02681	C
712	0.02063	0.02505	A
713	0.01576	0.01613	T
714	0.01152	0.01182	T
715	0.01542	0.01552	A
716	0.02513	0.02563	A
717	0.04567	0.04586	C
718	0.03204	0.03223	C
719	0.01057	0.01072	T
720	0.01363	0.01374	T
721	0.02796	0.02803	C
722	0.02928	0.02941	C
723	0.02244	0.0225	C
724	0.00767	0.00857	T
725	0.02752	0.02817	C
726	0.01173	0.0121	T
727	0.02833	0.02962	A
728	0.03542	0.0357	C
729	0.01612	0.0166	A
730	0.03185	0.03225	C
731	0.01467	0.01481	T
732	0.01159	0.01175	T
733	0.01769	0.02612	A
734	0.01394	0.01476	T
735	0.03167	0.03225	C
736	0.02342	0.02427	A
737	0.01386	0.01418	T
738	0.02983	0.03051	C
739	0.01024	0.01026	T
740	0.01559	0.01596	T
741	0.03836	0.03967	C
742	0.02311	0.0237	A
743	0.05237	0.0533	C
744	0.01668	0.01693	A
745	0.0237	0.02404	A
746	0.01022	0.01035	T
747	0.01026	0.01034	T
748	0.02205	0.02784	C
749	0.01384	0.01418	T
750	0.01515	0.01562	A
751	0.0263	0.02671	A
752	0.01183	0.01187	T
753	0.01452	0.01467	T
754	0.02688	0.03042	C
755	0.01735	0.0176	T
756	0.025	0.02589	A
757	0.02763	0.02799	C
758	0.02179	0.02196	T
759	0.01018	0.01116	G
760	0.03403	0.03425	A
761	0.04374	0.04449	C
762	0.01018	0.01048	T
763	0.02475	0.02621	A
764	0.00966	0.00984	T
765	0.03173	0.03187	C
766	0.02106	0.02127	C
767	0.00877	0.00902	T
768	0.02732	0.02802	A
769	0.00418	0.00434	G
770	0.01263	0.01265	A
771	0.01584	0.01588	A
772	0.02193	0.02205	A
773	0.01286	0.01362	T
774	0.02913	0.02934	C
775	0.00774	0.00785	G
776	0.01909	0.01933	C
777	0.00828	0.00841	T
778	0.00494	0.00554	G
779	0.01802	0.02096	T
780	0.03209	0.0325	C
781	0.00531	0.00541	G
782	0.02646	0.02647	C
783	0.01701	0.01707	C
784	0.00795	0.00802	T
785	0.0112	0.01127	T
786	0.01652	0.01694	A
787	0.01897	0.01906	A
788	0.0134	0.01375	T
789	0.03134	0.03148	C
790	0.01781	0.01789	C
791	0.01781	0.01796	A
792	0.03404	0.03415	A
793	0.00513	0.00544	G
794	0.02501	0.02503	C
795	0.01289	0.01296	C
796	0.00796	0.00831	T
797	0.01886	0.01914	A
798	0.02213	0.02231	C
799	0.00355	0.00429	G
800	0.00427	0.0043	T
801	0.00438	0.0044	T
802	0.0086	0.00863	T
803	0.0166	0.01661	T
804	0.05521	0.0629	C
805	0.0287	0.02937	A
806	0.0413	0.04188	C
807	0.01778	0.01821	A
808	0.03289	0.03329	C
809	0.01012	0.01026	T
810	0.00625	0.00626	T
811	0.01702	0.01912	C
812	0.00653	0.00658	T
813	0.0225	0.02323	A
814	0.0033	0.0034	G
815	0.00428	0.00542	T
816	0.01499	0.01513	A
817	0.02224	0.023	A
818	0.00608	0.00688	G
819	0.07293	0.07331	C
820	0.01077	0.01081	C
821	0.00677	0.00784	T
822	0.026	0.02656	C
823	0.01228	0.01379	T
824	0.01795	0.01879	A
825	0.02794	0.02797	C
826	0.01677	0.01702	C
827	0.0095	0.0101	T
828	0.00473	0.00514	G
829	0.02379	0.02409	C
830	0.02153	0.02206	A
831	0.0346	0.0349	C
832	0.00619	0.0065	G
833	0.01993	0.02023	A
834	0.03239	0.03279	C
835	0.01858	0.01858	A
836	0.01428	0.01434	A
837	0.0299	0.03041	C
838	0.01242	0.0125	A
839	0.03091	0.03091	C
840	0.00171	0.00171	A
841	0.0	0.0	T
842	0.0	0.0	A
