Position	Mismatches	Mismatches + Deletions	Base
1	0.0	0.0	A
2	0.0	0.0	T
3	0.0	0.0	G
4	0.01539	0.01539	A
5	0.02591	0.02729	C
6	0.01782	0.01782	C
7	0.01526	0.01526	C
8	0.01191	0.01479	A
9	0.02597	0.02634	C
10	0.02679	0.02691	C
11	0.01222	0.01224	A
12	0.01481	0.01495	A
13	0.00776	0.00831	T
14	0.02372	0.0238	C
15	0.01968	0.02022	A
16	0.02933	0.03045	C
17	0.01591	0.01708	A
18	0.00911	0.0095	T
19	0.00299	0.00308	G
20	0.03444	0.03446	C
21	0.01475	0.0148	C
22	0.00675	0.00715	T
23	0.017	0.01719	A
24	0.00716	0.00762	T
25	0.02389	0.02424	C
26	0.01889	0.01993	A
27	0.01229	0.01255	T
28	0.02262	0.02375	A
29	0.0069	0.00707	T
30	0.0306	0.03111	A
31	0.00355	0.00386	G
32	0.00753	0.00814	T
33	0.02151	0.02158	A
34	0.01182	0.01185	A
35	0.02578	0.02587	A
36	0.03105	0.0312	A
37	0.04747	0.04837	C
38	0.02184	0.02185	C
39	0.01976	0.01977	C
40	0.01982	0.02462	A
41	0.00478	0.00496	G
42	0.03109	0.0311	C
43	0.02342	0.02343	C
44	0.02442	0.02447	C
45	0.01502	0.01964	A
46	0.00875	0.00897	T
47	0.00382	0.00424	G
48	0.0287	0.02901	A
49	0.0069	0.00693	C
50	0.0073	0.00731	C
51	0.00811	0.00812	C
52	0.00575	0.00576	C
53	0.00397	0.00416	T
54	0.0252	0.02532	A
55	0.02269	0.02274	A
56	0.03718	0.03744	C
57	0.02936	0.02977	A
58	0.00231	0.00238	G
59	0.00207	0.00207	G
60	0.00194	0.00195	G
61	0.00487	0.00487	G
62	0.01699	0.017	C
63	0.01339	0.01339	C
64	0.02404	0.02404	C
65	0.00713	0.00837	T
66	0.02601	0.02616	C
67	0.00949	0.01101	T
68	0.03289	0.03366	C
69	0.02955	0.03112	A
70	0.00767	0.00791	G
71	0.03153	0.03155	C
72	0.01602	0.01604	C
73	0.01884	0.01898	C
74	0.0069	0.00822	T
75	0.02957	0.02957	C
76	0.02337	0.0238	C
77	0.00974	0.01005	T
78	0.02253	0.0228	A
79	0.02149	0.02162	A
80	0.0128	0.01315	T
81	0.00582	0.00654	G
82	0.027	0.02716	A
83	0.0352	0.03531	C
84	0.02386	0.02394	C
85	0.00722	0.00893	T
86	0.03611	0.03615	C
87	0.02467	0.02482	C
88	0.00528	0.00541	G
89	0.0026	0.00261	G
90	0.0032	0.0032	C
91	0.00271	0.00272	C
92	0.00115	0.00128	T
93	0.00396	0.00427	A
94	0.00187	0.00191	G
95	0.03097	0.03098	C
96	0.01654	0.01654	C
97	0.00555	0.0073	A
98	0.00214	0.00216	T
99	0.00219	0.00223	G
100	0.00278	0.00289	T
101	0.00249	0.00256	G
102	0.02059	0.02107	A
103	0.00299	0.003	T
104	0.00665	0.00669	T
105	0.00879	0.0088	T
106	0.02696	0.02808	C
107	0.01486	0.01562	A
108	0.01989	0.02026	C
109	0.0126	0.01278	T
110	0.01269	0.01283	T
111	0.0662	0.06626	C
112	0.03592	0.03643	C
113	0.02094	0.02877	A
114	0.01091	0.01108	C
115	0.00634	0.00666	T
116	0.02039	0.0204	C
117	0.0207	0.02082	C
118	0.01347	0.02421	A
119	0.00913	0.00988	T
120	0.02404	0.02414	A
121	0.02283	0.02481	A
122	0.03997	0.04087	C
123	0.00505	0.00527	G
124	0.02987	0.03023	C
125	0.0051	0.00566	T
126	0.02001	0.02002	C
127	0.00962	0.00969	C
128	0.00246	0.00352	T
129	0.00847	0.00858	C
130	0.0053	0.00673	A
131	0.00278	0.00282	T
132	0.03854	0.03895	A
133	0.00502	0.00512	C
134	0.0019	0.00203	T
135	0.00502	0.00606	A
136	0.00153	0.00159	G
137	0.0027	0.00273	G
138	0.00562	0.00563	C
139	0.00282	0.00289	C
140	0.00557	0.00615	T
141	0.01708	0.01731	A
142	0.03048	0.03119	C
143	0.00973	0.01027	T
144	0.02169	0.02185	A
145	0.02075	0.02109	A
146	0.04507	0.04513	C
147	0.03335	0.03343	C
148	0.01892	0.01902	A
149	0.01936	0.01944	A
150	0.03894	0.03968	C
151	0.03145	0.03241	A
152	0.03849	0.03967	C
153	0.0184	0.01867	A
154	0.0327	0.03353	C
155	0.01308	0.01387	T
156	0.02286	0.02295	A
157	0.02604	0.02628	A
158	0.02725	0.02729	C
159	0.02463	0.02472	C
160	0.01583	0.02001	A
161	0.00895	0.00929	T
162	0.01929	0.021	A
163	0.01096	0.01144	T
164	0.02681	0.02716	A
165	0.0309	0.03111	C
166	0.02697	0.02711	C
167	0.01612	0.01613	A
168	0.01825	0.01849	A
169	0.0077	0.00778	T
170	0.00312	0.00396	G
171	0.01671	0.01719	A
172	0.01182	0.01205	T
173	0.00331	0.00333	G
174	0.00532	0.00543	G
175	0.02931	0.02984	C
176	0.00551	0.00558	G
177	0.02594	0.02648	C
178	0.00537	0.00557	G
179	0.01599	0.01681	A
180	0.0068	0.00683	T
181	0.00506	0.00521	G
182	0.0074	0.00845	T
183	0.02051	0.02057	A
184	0.01835	0.01852	A
185	0.02664	0.02721	C
186	0.02352	0.02376	A
187	0.04369	0.04404	C
188	0.00516	0.00536	G
189	0.02491	0.02529	A
190	0.00541	0.00556	G
191	0.0201	0.02021	A
192	0.02189	0.0219	A
193	0.02655	0.02672	A
194	0.00582	0.00636	G
195	0.03531	0.03598	C
196	0.01893	0.02042	A
197	0.03515	0.03588	C
198	0.02141	0.02425	A
199	0.00868	0.00919	T
200	0.02324	0.02336	A
201	0.03267	0.0328	C
202	0.02239	0.02255	C
203	0.01189	0.01191	A
204	0.01005	0.01031	A
205	0.00253	0.00268	G
206	0.00305	0.00308	G
207	0.00431	0.00434	C
208	0.00265	0.00283	C
209	0.0166	0.02303	A
210	0.02916	0.02918	C
211	0.02334	0.02393	C
212	0.01175	0.02955	A
213	0.03146	0.03297	C
214	0.02168	0.0254	A
215	0.03928	0.04091	C
216	0.01669	0.01811	A
217	0.03782	0.03782	C
218	0.03834	0.03973	C
219	0.01625	0.0195	A
220	0.03618	0.03618	C
221	0.01191	0.0122	C
222	0.00966	0.01013	T
223	0.00427	0.00462	G
224	0.00928	0.00938	T
225	0.02356	0.02358	C
226	0.03341	0.03351	C
227	0.00089	0.00096	A
228	0.01369	0.01371	A
229	0.01637	0.01637	A
230	0.02309	0.02309	A
231	0.01854	0.01855	A
232	0.00334	0.00336	G
233	0.00247	0.00249	G
234	0.00587	0.00588	C
235	0.00357	0.00358	C
236	0.00157	0.00158	T
237	0.00385	0.00385	T
238	0.03043	0.03175	C
239	0.00658	0.00668	G
240	0.02258	0.02298	A
241	0.0079	0.00806	T
242	0.02438	0.02483	A
243	0.03192	0.03266	C
244	0.00427	0.00428	G
245	0.00267	0.00268	G
246	0.00283	0.00286	G
247	0.01493	0.02165	A
248	0.00838	0.00901	T
249	0.0195	0.01955	A
250	0.02114	0.02446	A
251	0.00913	0.00953	T
252	0.03692	0.0373	C
253	0.01952	0.01975	C
254	0.00673	0.00703	T
255	0.02153	0.02271	A
256	0.00771	0.00772	T
257	0.00955	0.00955	T
258	0.00952	0.0096	T
259	0.01989	0.02247	A
260	0.01109	0.01109	T
261	0.01306	0.01351	T
262	0.01957	0.03052	A
263	0.05564	0.05614	C
264	0.0096	0.01015	C
265	0.00348	0.00422	T
266	0.00905	0.00915	C
267	0.00844	0.00898	A
268	0.00341	0.004	G
269	0.00246	0.00272	A
270	0.00335	0.00358	A
271	0.93224	0.94314	G
272	0.00946	0.01034	T
273	0.00118	0.00154	T
274	0.00116	0.00122	T
275	0.00268	0.0027	T
276	0.00257	0.00257	T
277	0.00492	0.00492	T
278	0.00431	0.00431	T
279	0.01856	0.02426	C
280	0.00648	0.00648	T
281	0.01078	0.01089	T
282	0.04642	0.04843	C
283	0.00586	0.00641	G
284	0.03375	0.0344	C
285	0.02322	0.02358	A
286	0.00241	0.00253	G
287	0.0035	0.00365	G
288	0.00535	0.00581	A
289	0.00103	0.00103	T
290	0.00122	0.00122	T
291	0.0008	0.0008	T
292	0.00151	0.00151	T
293	0.00142	0.00143	T
294	0.00429	0.00507	C
295	0.00258	0.00267	T
296	0.00292	0.00339	G
297	0.0078	0.00798	A
298	0.00354	0.00363	G
299	0.02528	0.02536	C
300	0.01701	0.01718	C
301	0.00378	0.0038	T
302	0.00816	0.00819	T
303	0.00844	0.00845	T
304	0.0125	0.01252	T
305	0.02446	0.02961	A
306	0.0547	0.0548	C
307	0.03101	0.03105	C
308	0.01759	0.02416	A
309	0.031	0.03126	C
310	0.00858	0.0089	T
311	0.0257	0.0257	C
312	0.02238	0.0226	C
313	0.02103	0.02709	A
314	0.00263	0.00279	G
315	0.01373	0.01375	C
316	0.00633	0.00638	C
317	0.00653	0.00719	T
318	0.03415	0.03607	A
319	0.01206	0.01254	G
320	0.01563	0.01579	C
321	0.00536	0.00539	C
322	0.01086	0.01088	C
323	0.01188	0.01196	C
324	0.01032	0.01174	T
325	0.02778	0.02958	A
326	0.01658	0.01662	C
327	0.01527	0.01547	C
328	0.02101	0.02128	C
329	0.02081	0.02086	C
330	0.02015	0.02016	C
331	0.02125	0.02125	C
332	0.01328	0.01346	A
333	0.01629	0.01632	A
334	0.00948	0.00952	T
335	0.00695	0.00696	T
336	0.01961	0.02212	A
337	0.00179	0.0018	G
338	0.00217	0.00219	G
339	0.01938	0.02239	A
340	0.00303	0.00303	G
341	0.0019	0.0019	G
342	0.00382	0.00383	G
343	0.00812	0.00917	C
344	0.02696	0.02735	A
345	0.02182	0.02196	C
346	0.0041	0.00427	T
347	0.00475	0.00477	G
348	0.0047	0.00472	G
349	0.01541	0.01541	C
350	0.01152	0.01153	C
351	0.01959	0.0196	C
352	0.02228	0.02228	C
353	0.02759	0.02759	C
354	0.01954	0.01971	A
355	0.01937	0.01944	A
356	0.03549	0.03596	C
357	0.02356	0.02431	A
358	0.00348	0.00353	G
359	0.00722	0.00726	G
360	0.02405	0.02436	C
361	0.0247	0.02529	A
362	0.01635	0.01969	T
363	0.02906	0.03039	C
364	0.02469	0.02641	A
365	0.05122	0.05127	C
366	0.02991	0.02992	C
367	0.02652	0.02652	C
368	0.02813	0.02815	C
369	0.01774	0.01846	G
370	0.02502	0.02529	C
371	0.00867	0.00883	T
372	0.01339	0.01351	A
373	0.01914	0.01921	A
374	0.01815	0.01832	A
375	0.01766	0.0187	T
376	0.02688	0.02699	C
377	0.02432	0.02434	C
378	0.03387	0.03388	C
379	0.02322	0.02323	C
380	0.00766	0.00789	T
381	0.02833	0.02898	A
382	0.0036	0.00372	G
383	0.01683	0.01686	A
384	0.0186	0.01903	A
385	0.00668	0.00745	G
386	0.01656	0.01767	T
387	0.02207	0.0221	C
388	0.02598	0.02601	C
389	0.02471	0.02476	C
390	0.01615	0.02007	A
391	0.03066	0.03096	C
392	0.01399	0.01444	T
393	0.02508	0.02508	C
394	0.01723	0.01758	C
395	0.00829	0.00887	T
396	0.01818	0.01852	A
397	0.02191	0.02201	A
398	0.0166	0.01667	A
399	0.03224	0.03393	C
400	0.02299	0.02434	A
401	0.03198	0.03374	C
402	0.01913	0.02049	A
403	0.01223	0.01275	T
404	0.02476	0.02484	C
405	0.0364	0.03645	C
406	0.00412	0.00538	G
407	0.00869	0.0093	T
408	0.02137	0.02191	A
409	0.01422	0.01427	T
410	0.01375	0.01393	T
411	0.01261	0.02203	A
412	0.02642	0.02685	C
413	0.00878	0.00986	T
414	0.01999	0.0202	C
415	0.00623	0.00701	G
416	0.01051	0.01131	C
417	0.02075	0.021	A
418	0.00266	0.00289	T
419	0.00868	0.00873	C
420	0.00722	0.00741	A
421	0.00141	0.00143	G
422	0.00203	0.00206	G
423	0.0186	0.02414	A
424	0.00454	0.00461	G
425	0.00589	0.00669	T
426	0.02651	0.02678	A
427	0.02112	0.02159	T
428	0.03532	0.0356	C
429	0.02314	0.02329	A
430	0.01971	0.02024	A
431	0.00766	0.0085	T
432	0.02041	0.02063	C
433	0.02111	0.02127	A
434	0.01225	0.01229	C
435	0.00656	0.00661	C
436	0.00281	0.00302	T
437	0.0023	0.00262	G
438	0.01121	0.01152	A
439	0.0043	0.00434	G
440	0.01412	0.01441	C
441	0.00909	0.01013	T
442	0.03082	0.03106	C
443	0.02237	0.02286	A
444	0.0412	0.0412	C
445	0.03059	0.03091	C
446	0.01678	0.02098	A
447	0.00995	0.01041	T
448	0.02435	0.02492	A
449	0.00314	0.00342	G
450	0.01214	0.01251	T
451	0.02472	0.02482	C
452	0.01003	0.01052	T
453	0.01826	0.01837	A
454	0.01978	0.01991	A
455	0.01247	0.01388	T
456	0.02488	0.02509	A
457	0.00971	0.01091	G
458	0.02049	0.02051	A
459	0.01259	0.01259	A
460	0.02899	0.02899	A
461	0.02498	0.02506	A
462	0.05605	0.06544	C
463	0.03902	0.03902	A
464	0.0488	0.04943	A
465	0.04302	0.04314	C
466	0.03634	0.03671	C
467	0.00916	0.01267	G
468	0.01409	0.01471	A
469	0.01869	0.01885	A
470	0.02537	0.02542	A
471	0.04485	0.04494	C
472	0.03048	0.03089	C
473	0.00871	0.00879	A
474	0.01752	0.01762	A
475	0.01755	0.01783	A
476	0.01371	0.01565	T
477	0.01706	0.01706	A
478	0.01959	0.02178	A
479	0.00839	0.0085	T
480	0.0094	0.00954	T
481	0.02801	0.02899	C
482	0.01798	0.01806	A
483	0.02248	0.02256	A
484	0.00781	0.0087	G
485	0.0276	0.02831	C
486	0.02313	0.025	A
487	0.03217	0.03311	C
488	0.01011	0.01046	T
489	0.00303	0.00324	G
490	0.01938	0.01965	C
491	0.00672	0.00678	T
492	0.00679	0.0069	T
493	0.01254	0.01947	A
494	0.01032	0.01034	T
495	0.01049	0.01088	T
496	0.01355	0.02965	A
497	0.0404	0.0418	C
498	0.01598	0.01603	A
499	0.01772	0.0182	A
500	0.00456	0.00459	T
501	0.00693	0.00693	T
502	0.00882	0.00884	T
503	0.00909	0.0091	T
504	0.02058	0.02853	A
505	0.02832	0.02864	C
506	0.00865	0.00877	T
507	0.00283	0.00285	G
508	0.00296	0.00296	G
509	0.0036	0.00366	G
510	0.0049	0.00545	T
511	0.01673	0.0169	C
512	0.00648	0.00654	T
513	0.02974	0.03049	C
514	0.00825	0.00838	T
515	0.02185	0.02264	A
516	0.00498	0.00499	T
517	0.01031	0.01031	T
518	0.01105	0.01105	T
519	0.01265	0.01267	T
520	0.01762	0.02065	A
521	0.03408	0.03417	C
522	0.01755	0.01762	C
523	0.01554	0.01562	C
524	0.00583	0.00729	T
525	0.02647	0.02648	C
526	0.01535	0.01582	C
527	0.00764	0.0082	T
528	0.02596	0.02676	A
529	0.04066	0.0414	C
530	0.02456	0.02481	A
531	0.01781	0.01856	A
532	0.00258	0.00283	G
533	0.01752	0.01752	C
534	0.00802	0.00806	C
535	0.00375	0.00517	T
536	0.02278	0.02288	C
537	0.01812	0.01924	A
538	0.00238	0.00244	G
539	0.02148	0.02194	A
540	0.00537	0.00545	G
541	0.00878	0.00896	T
542	0.0219	0.02225	A
543	0.02185	0.022	C
544	0.00578	0.00579	T
545	0.00757	0.00758	T
546	0.022	0.02296	C
547	0.00547	0.00569	G
548	0.02497	0.02548	A
549	0.00492	0.00499	G
550	0.00814	0.00947	T
551	0.01782	0.01808	C
552	0.00916	0.00977	T
553	0.03129	0.03139	C
554	0.03222	0.03224	C
555	0.02541	0.02589	C
556	0.00841	0.0085	T
557	0.013	0.01317	T
558	0.05056	0.0573	C
559	0.02461	0.02544	A
560	0.05173	0.05174	C
561	0.02841	0.02873	C
562	0.01927	0.022	A
563	0.00452	0.00458	T
564	0.00789	0.00791	T
565	0.00504	0.00504	T
566	0.01796	0.01798	C
567	0.01889	0.01899	C
568	0.00425	0.00512	G
569	0.02082	0.02121	A
570	0.02489	0.02532	C
571	0.00411	0.00412	G
572	0.00381	0.00384	G
573	0.02985	0.03053	C
574	0.02752	0.0279	A
575	0.00508	0.00514	T
576	0.01426	0.01441	C
577	0.00431	0.00447	T
578	0.02762	0.03024	A
579	0.03312	0.0334	C
580	0.00278	0.00283	G
581	0.00345	0.00352	G
582	0.00654	0.00702	C
583	0.00256	0.00303	T
584	0.01677	0.01704	C
585	0.02007	0.02047	A
586	0.01572	0.01585	A
587	0.0394	0.04014	C
588	0.00854	0.00898	A
589	0.00109	0.00114	T
590	0.00236	0.00238	T
591	0.00433	0.00434	T
592	0.00713	0.00713	T
593	0.00614	0.00614	T
594	0.00358	0.00358	T
595	0.00377	0.0042	G
596	0.00845	0.0106	T
597	0.00844	0.00924	A
598	0.0047	0.00481	G
599	0.00244	0.00245	C
600	0.00223	0.00227	C
601	0.02832	0.03494	A
602	0.03558	0.03668	C
603	0.01792	0.02046	A
604	0.0016	0.00164	G
605	0.00234	0.00234	G
606	0.01237	0.01253	C
607	0.00416	0.00417	T
608	0.00435	0.00436	T
609	0.02614	0.02615	C
610	0.02412	0.02423	C
611	0.02318	0.02698	A
612	0.02127	0.02147	C
613	0.00423	0.00439	G
614	0.00297	0.00299	G
615	0.01249	0.01509	A
616	0.03621	0.03635	C
617	0.00622	0.00628	T
618	0.00943	0.00953	T
619	0.02551	0.02698	C
620	0.02124	0.02201	A
621	0.04178	0.04203	C
622	0.00352	0.00401	G
623	0.00644	0.00808	T
624	0.0182	0.01829	C
625	0.02167	0.02199	A
626	0.00795	0.00796	T
627	0.00718	0.00723	T
628	0.01592	0.02807	A
629	0.00787	0.00787	T
630	0.00969	0.00974	T
631	0.00345	0.00348	G
632	0.00384	0.00387	G
633	0.01808	0.0185	C
634	0.008	0.00885	T
635	0.03156	0.03197	C
636	0.02461	0.02517	A
637	0.03135	0.03142	A
638	0.03455	0.03521	C
639	0.0033	0.00335	T
640	0.01161	0.01165	T
641	0.00826	0.00828	T
642	0.0316	0.03182	C
643	0.02857	0.02879	C
644	0.01928	0.02168	T
645	0.03355	0.034	C
646	0.02511	0.02708	A
647	0.04089	0.04164	C
648	0.01268	0.013	T
649	0.02462	0.0258	A
650	0.01008	0.01042	T
651	0.03203	0.03249	C
652	0.01269	0.01279	T
653	0.00274	0.00344	G
654	0.02779	0.02817	C
655	0.01092	0.01093	T
656	0.00987	0.00994	T
657	0.01634	0.01679	C
658	0.01865	0.01979	A
659	0.0106	0.01142	T
660	0.03595	0.03605	C
661	0.04633	0.04706	C
662	0.00466	0.00589	G
663	0.02855	0.02855	C
664	0.01804	0.01812	C
665	0.00832	0.00846	A
666	0.01416	0.01417	A
667	0.03394	0.03464	C
668	0.00725	0.00736	T
669	0.01851	0.01865	A
670	0.01757	0.01789	A
671	0.00731	0.00746	T
672	0.02454	0.02531	A
673	0.0041	0.0041	T
674	0.00878	0.00878	T
675	0.02219	0.02224	T
676	0.0367	0.03821	C
677	0.0526	0.05292	A
678	0.02124	0.02143	C
679	0.00642	0.00647	T
680	0.01126	0.01127	T
681	0.00893	0.00896	T
682	0.01738	0.01969	A
683	0.02381	0.02501	C
684	0.01803	0.01842	A
685	0.01725	0.01802	T
686	0.02456	0.02487	C
687	0.02181	0.02199	C
688	0.01115	0.01127	A
689	0.02212	0.02239	A
690	0.02075	0.02079	A
691	0.03228	0.03486	C
692	0.02195	0.0225	A
693	0.01264	0.01354	T
694	0.02718	0.02771	C
695	0.02161	0.02195	A
696	0.03238	0.03281	C
697	0.00557	0.0056	T
698	0.00652	0.00653	T
699	0.00658	0.00658	T
700	0.00159	0.00159	G
701	0.0023	0.00231	G
702	0.00916	0.00928	C
703	0.00254	0.00255	T
704	0.00703	0.00703	T
705	0.03204	0.03297	C
706	0.00404	0.00437	G
707	0.01683	0.01698	A
708	0.01354	0.01365	A
709	0.00377	0.00386	G
710	0.00495	0.00498	C
711	0.01764	0.01769	C
712	0.00613	0.00679	G
713	0.02858	0.02858	C
714	0.0177	0.01788	C
715	0.00587	0.00671	G
716	0.01097	0.01097	C
717	0.00796	0.00798	C
718	0.00406	0.00442	T
719	0.00288	0.00388	G
720	0.02458	0.02496	A
721	0.0081	0.00822	T
722	0.02366	0.02426	A
723	0.03398	0.03436	C
724	0.00843	0.00849	T
725	0.00189	0.00189	G
726	0.00264	0.00267	G
727	0.00719	0.00727	C
728	0.02204	0.02219	A
729	0.00223	0.00224	T
730	0.00533	0.00534	T
731	0.00675	0.00675	T
732	0.00694	0.00694	T
733	0.00221	0.00289	G
734	0.0054	0.00547	T
735	0.0175	0.01789	A
736	0.00292	0.00295	G
737	0.01168	0.01182	A
738	0.00441	0.00446	T
739	0.00239	0.00244	G
740	0.00764	0.0079	T
741	0.00259	0.00259	G
742	0.00221	0.00228	G
743	0.00541	0.00542	T
744	0.00884	0.00886	T
745	0.00853	0.00853	T
746	0.0038	0.00451	G
747	0.03095	0.0313	A
748	0.01769	0.01788	C
749	0.00586	0.00595	T
750	0.02477	0.02717	A
751	0.00421	0.00421	T
752	0.01077	0.01078	T
753	0.01579	0.01583	T
754	0.02968	0.03082	C
755	0.01415	0.01418	T
756	0.00419	0.00476	G
757	0.00847	0.00901	T
758	0.02178	0.02233	A
759	0.01009	0.01017	T
760	0.0039	0.00404	G
761	0.00486	0.00536	T
762	0.0055	0.00559	C
763	0.00625	0.00631	T
764	0.01119	0.01121	C
765	0.00935	0.00954	C
766	0.00562	0.00732	A
767	0.00292	0.00298	T
768	0.01275	0.01293	C
769	0.00443	0.00448	T
770	0.02071	0.02166	A
771	0.00386	0.00386	T
772	0.00819	0.0082	T
773	0.0039	0.00428	G
774	0.01296	0.01328	A
775	0.01142	0.01159	T
776	0.00895	0.01063	G
777	0.03255	0.03384	A
778	0.00626	0.00626	G
779	0.00344	0.00344	G
780	0.00459	0.00459	G
781	0.00662	0.00726	T
782	0.01893	0.01904	C
783	0.0085	0.0085	T
784	0.00022	0.00022	T
785	0.0	0.0	A
786	0.0	0.0	A
