Position	Mismatches	Mismatches + Deletions	Base
1	0.0	0.0	A
2	0.0	0.0	T
3	0.0	0.0	A
4	0.01539	0.01539	A
5	0.01927	0.01927	A
6	0.03656	0.03706	C
7	0.00885	0.00989	T
8	0.0094	0.0094	T
9	0.03695	0.04146	C
10	0.00571	0.00596	G
11	0.04729	0.04729	C
12	0.02579	0.02582	C
13	0.00856	0.0086	T
14	0.01794	0.018	T
15	0.00671	0.00704	A
16	0.01047	0.01108	A
17	0.0048	0.00482	T
18	0.01007	0.01008	T
19	0.00879	0.00879	T
20	0.01103	0.01108	T
21	0.01367	0.01444	A
22	0.02244	0.02265	A
23	0.01333	0.01355	T
24	0.02963	0.02971	A
25	0.02683	0.02875	A
26	0.01381	0.0146	T
27	0.03701	0.03778	C
28	0.03004	0.03015	A
29	0.02877	0.02941	A
30	0.0367	0.03789	C
31	0.02562	0.02615	A
32	0.04637	0.0464	C
33	0.02851	0.02851	C
34	0.03034	0.03074	C
35	0.00916	0.01068	T
36	0.03267	0.03267	C
37	0.01235	0.01308	C
38	0.00911	0.00962	T
39	0.02209	0.02389	A
40	0.00308	0.00326	G
41	0.03777	0.0378	C
42	0.02769	0.02775	C
43	0.01126	0.01137	T
44	0.01539	0.01572	T
45	0.01657	0.02694	A
46	0.03917	0.03961	C
47	0.01237	0.01275	T
48	0.02249	0.02295	A
49	0.03224	0.03296	C
50	0.00887	0.00909	T
51	0.01853	0.01863	A
52	0.01664	0.01704	A
53	0.01063	0.01104	T
54	0.01572	0.01575	A
55	0.0185	0.02076	A
56	0.00933	0.00943	T
57	0.00941	0.0095	T
58	0.01539	0.02594	A
59	0.01471	0.01473	T
60	0.01516	0.01557	T
61	0.01809	0.03883	A
62	0.0318	0.03281	C
63	0.01868	0.0192	A
64	0.00478	0.00491	T
65	0.00647	0.00649	T
66	0.00801	0.00804	T
67	0.01077	0.01079	T
68	0.00395	0.00519	G
69	0.02908	0.02932	A
70	0.03247	0.03284	C
71	0.01213	0.01255	T
72	0.03484	0.03584	A
73	0.04459	0.04473	C
74	0.03223	0.03264	C
75	0.01686	0.02551	A
76	0.03608	0.03732	C
77	0.02452	0.02454	A
78	0.02298	0.02336	A
79	0.03175	0.03269	C
80	0.01143	0.01245	T
81	0.02622	0.02719	C
82	0.02112	0.02192	A
83	0.02104	0.0211	A
84	0.03517	0.03604	C
85	0.00484	0.0049	G
86	0.0055	0.00554	G
87	0.01249	0.01292	C
88	0.0075	0.00784	T
89	0.00859	0.00893	A
90	0.01947	0.01982	C
91	0.03167	0.03213	A
92	0.01062	0.01161	T
93	0.01607	0.01621	A
94	0.00823	0.00894	G
95	0.00222	0.00222	A
96	0.0107	0.0107	A
97	0.00662	0.00662	A
98	0.01605	0.01605	A
99	0.01209	0.01211	A
100	0.01662	0.01706	T
101	0.03814	0.03833	C
102	0.02782	0.02822	C
103	0.01407	0.02369	A
104	0.03787	0.0379	C
105	0.03506	0.03506	C
106	0.02498	0.02498	C
107	0.02259	0.02265	C
108	0.00743	0.00753	T
109	0.00857	0.00859	T
110	0.01294	0.0204	A
111	0.01836	0.01845	C
112	0.00293	0.00299	G
113	0.01877	0.01936	A
114	0.00366	0.00369	G
115	0.00724	0.00758	T
116	0.00275	0.00305	G
117	0.00964	0.00992	C
118	0.00377	0.00377	G
119	0.00313	0.00317	G
120	0.02896	0.02924	C
121	0.00678	0.00682	T
122	0.0084	0.00841	T
123	0.03781	0.03853	C
124	0.00536	0.00598	G
125	0.01986	0.02028	A
126	0.0299	0.02993	C
127	0.03123	0.03127	C
128	0.02401	0.02402	C
129	0.01348	0.0143	T
130	0.01562	0.01676	A
131	0.01053	0.01097	T
132	0.02914	0.03137	A
133	0.01351	0.01406	T
134	0.0276	0.02789	C
135	0.02536	0.02538	C
136	0.03985	0.03987	C
137	0.01168	0.01169	C
138	0.01426	0.01428	C
139	0.0076	0.00806	G
140	0.01386	0.01386	C
141	0.00822	0.00823	C
142	0.0146	0.01466	C
143	0.00465	0.00527	G
144	0.01988	0.02089	C
145	0.00529	0.00597	G
146	0.00935	0.00997	T
147	0.03439	0.0344	C
148	0.03914	0.03915	C
149	0.02336	0.02337	C
150	0.003	0.00301	T
151	0.0104	0.01041	T
152	0.01078	0.0108	T
153	0.03186	0.03314	C
154	0.01396	0.01412	T
155	0.0329	0.0329	C
156	0.02534	0.02555	C
157	0.01667	0.02288	A
158	0.01425	0.01502	T
159	0.01667	0.01675	A
160	0.00698	0.00701	A
161	0.019	0.01905	A
162	0.02058	0.02143	A
163	0.00885	0.00898	T
164	0.00796	0.00803	T
165	0.01888	0.02515	C
166	0.00644	0.00644	T
167	0.00615	0.00619	T
168	0.01208	0.01471	C
169	0.0058	0.0058	T
170	0.00607	0.00609	T
171	0.04009	0.04761	A
172	0.00335	0.00347	G
173	0.01098	0.0124	T
174	0.01798	0.01835	A
175	0.0033	0.00338	G
176	0.02067	0.02116	C
177	0.00692	0.00711	T
178	0.02897	0.03026	A
179	0.01249	0.01256	T
180	0.01383	0.01434	T
181	0.01553	0.02454	A
182	0.03967	0.04001	C
183	0.03307	0.03346	C
184	0.00783	0.00787	T
185	0.00869	0.00872	T
186	0.02345	0.02889	C
187	0.00895	0.00899	T
188	0.00878	0.00891	T
189	0.01183	0.02461	A
190	0.01126	0.01127	T
191	0.01353	0.01376	T
192	0.01488	0.03177	A
193	0.00888	0.00888	T
194	0.01743	0.01744	T
195	0.01387	0.01394	T
196	0.00469	0.0072	G
197	0.02556	0.02584	A
198	0.01312	0.01322	T
199	0.03082	0.03116	C
200	0.01049	0.01063	T
201	0.03098	0.03189	A
202	0.00555	0.0058	G
203	0.00903	0.00906	A
204	0.02008	0.02018	A
205	0.02185	0.022	A
206	0.0198	0.02008	T
207	0.03178	0.03181	T
208	0.0127	0.01402	G
209	0.04244	0.04256	C
210	0.02447	0.02453	C
211	0.03631	0.03656	C
212	0.00942	0.01227	T
213	0.01976	0.01976	C
214	0.01856	0.02011	C
215	0.00423	0.00424	T
216	0.00798	0.00801	T
217	0.0192	0.0192	T
218	0.03963	0.03972	T
219	0.03115	0.03343	A
220	0.06357	0.06369	C
221	0.034	0.03408	C
222	0.02377	0.02379	C
223	0.01687	0.01691	C
224	0.01232	0.01279	T
225	0.0204	0.02061	A
226	0.02618	0.02619	C
227	0.0206	0.02064	C
228	0.01769	0.02129	A
229	0.01296	0.01332	T
230	0.00501	0.00694	G
231	0.03681	0.03839	A
232	0.00903	0.00936	G
233	0.02934	0.0295	C
234	0.02218	0.02218	C
235	0.01954	0.0196	C
236	0.00785	0.00832	T
237	0.01672	0.0169	A
238	0.03046	0.03085	C
239	0.0226	0.02281	A
240	0.01726	0.01727	A
241	0.01847	0.01855	A
242	0.0408	0.04283	C
243	0.01347	0.01347	A
244	0.01518	0.01535	A
245	0.02274	0.02363	C
246	0.01073	0.01121	T
247	0.02611	0.02623	A
248	0.02321	0.02349	A
249	0.03471	0.03483	C
250	0.01924	0.01957	C
251	0.02327	0.02502	T
252	0.00797	0.00869	G
253	0.06408	0.06416	C
254	0.02287	0.02304	C
255	0.01807	0.02453	A
256	0.01107	0.01121	C
257	0.00633	0.00661	T
258	0.01612	0.0163	A
259	0.0198	0.01998	A
260	0.00722	0.00728	T
261	0.01616	0.01655	A
262	0.00303	0.00319	G
263	0.00561	0.00562	T
264	0.00633	0.00639	T
265	0.0178	0.02391	A
266	0.01051	0.01064	T
267	0.00355	0.00364	G
268	0.0096	0.01033	T
269	0.02662	0.02724	C
270	0.02338	0.02489	A
271	0.02252	0.02342	T
272	0.02921	0.02936	C
273	0.02309	0.02332	C
274	0.02268	0.02278	C
275	0.00724	0.00791	T
276	0.02524	0.02563	C
277	0.0073	0.00731	T
278	0.00849	0.00859	T
279	0.01002	0.0214	A
280	0.00868	0.00868	T
281	0.01165	0.01182	T
282	0.01865	0.01879	A
283	0.02411	0.02419	A
284	0.01079	0.01151	T
285	0.02738	0.02793	C
286	0.02105	0.02203	A
287	0.01135	0.01297	T
288	0.0212	0.02232	C
289	0.02014	0.02145	A
290	0.00878	0.00997	T
291	0.02403	0.02426	C
292	0.01073	0.01095	C
293	0.00827	0.00864	T
294	0.02512	0.02821	A
295	0.00526	0.00546	G
296	0.02325	0.02325	C
297	0.01132	0.01135	C
298	0.01579	0.01585	C
299	0.00691	0.00737	T
300	0.02317	0.02325	A
301	0.01748	0.01762	A
302	0.00283	0.00299	G
303	0.0057	0.00621	T
304	0.01582	0.01587	C
305	0.00847	0.00873	T
306	0.00357	0.00362	G
307	0.00195	0.00195	G
308	0.01312	0.01312	C
309	0.01188	0.01205	C
310	0.00408	0.0043	T
311	0.01497	0.01517	A
312	0.00656	0.00657	T
313	0.00291	0.0031	G
314	0.02371	0.02418	A
315	0.00422	0.00424	G
316	0.01071	0.01172	T
317	0.00433	0.00447	G
318	0.01511	0.01543	A
319	0.02582	0.02611	C
320	0.01053	0.01078	T
321	0.0195	0.01973	A
322	0.03228	0.03311	C
323	0.00184	0.00184	A
324	0.01105	0.01105	A
325	0.0142	0.0142	A
326	0.02179	0.02179	A
327	0.01322	0.01322	A
328	0.00268	0.00271	G
329	0.00296	0.00298	G
330	0.01026	0.01342	A
331	0.00543	0.00543	T
332	0.0056	0.0056	T
333	0.01801	0.02131	A
334	0.00433	0.00442	G
335	0.01081	0.01091	A
336	0.01605	0.01621	C
337	0.00687	0.00698	T
338	0.00653	0.00791	G
339	0.0238	0.02394	A
340	0.0167	0.0167	A
341	0.02908	0.0291	C
342	0.02953	0.02953	C
343	0.00538	0.00601	G
344	0.01395	0.01395	A
345	0.0107	0.0107	A
346	0.00093	0.00093	T
347	0.0	0.0	A
348	0.0	0.0	A
