Position	Mismatches	Mismatches + Deletions	Base
1	0.0	0.0	A
2	0.0	0.0	C
3	0.0	0.0	A
4	0.00906	0.00906	T
5	0.01766	0.01766	A
6	0.04351	0.04383	C
7	0.02686	0.02686	C
8	0.02185	0.02185	C
9	0.01326	0.01788	A
10	0.00648	0.00677	T
11	0.00473	0.00473	G
12	0.00281	0.00281	G
13	0.03031	0.03033	C
14	0.02396	0.02403	C
15	0.01539	0.01564	A
16	0.02208	0.02209	A
17	0.03955	0.0396	C
18	0.0259	0.02614	C
19	0.00732	0.00853	T
20	0.03482	0.03482	C
21	0.02364	0.02404	C
22	0.00998	0.01092	T
23	0.02142	0.02422	A
24	0.03366	0.03407	C
25	0.01054	0.01081	T
26	0.03338	0.03339	C
27	0.02755	0.02797	C
28	0.01142	0.01226	T
29	0.02687	0.02715	C
30	0.02062	0.0223	A
31	0.01014	0.01014	T
32	0.01092	0.01097	T
33	0.00521	0.00626	G
34	0.01385	0.01668	T
35	0.0325	0.03353	A
36	0.07022	0.07037	C
37	0.02526	0.0253	C
38	0.02118	0.0212	C
39	0.01811	0.01997	A
40	0.00801	0.00805	T
41	0.00803	0.00809	T
42	0.01927	0.02289	C
43	0.0109	0.01117	T
44	0.0175	0.01778	A
45	0.02687	0.02721	A
46	0.00781	0.0083	T
47	0.0256	0.02595	C
48	0.00501	0.00511	G
49	0.02669	0.02758	C
50	0.01862	0.01871	A
51	0.01806	0.01816	A
52	0.00737	0.00757	T
53	0.00224	0.00225	G
54	0.00387	0.0039	G
55	0.02498	0.02558	C
56	0.0163	0.01725	A
57	0.00536	0.00537	T
58	0.00598	0.00607	T
59	0.02888	0.02888	C
60	0.02172	0.02178	C
61	0.00883	0.00962	T
62	0.00988	0.01046	A
63	0.01216	0.01227	A
64	0.0041	0.00424	T
65	0.00211	0.00229	G
66	0.00846	0.00862	C
67	0.00355	0.00359	T
68	0.00601	0.00619	T
69	0.01293	0.02413	A
70	0.03974	0.03978	C
71	0.02439	0.02447	C
72	0.00646	0.00757	G
73	0.0153	0.01546	A
74	0.02203	0.02206	A
75	0.04252	0.04406	C
76	0.01348	0.01496	G
77	0.00181	0.00187	A
78	0.01352	0.01368	A
79	0.00765	0.00766	A
80	0.01764	0.01767	A
81	0.02641	0.02642	A
82	0.01031	0.01054	T
83	0.01095	0.01098	T
84	0.02481	0.02768	C
85	0.00786	0.00811	T
86	0.02462	0.02626	A
87	0.00196	0.00196	G
88	0.00366	0.0037	G
89	0.01212	0.01259	C
90	0.00402	0.00411	T
91	0.0204	0.02112	A
92	0.00849	0.00871	T
93	0.02658	0.0275	A
94	0.01072	0.01132	T
95	0.02575	0.02618	A
96	0.04051	0.04179	C
97	0.01907	0.01907	A
98	0.02415	0.02441	A
99	0.02766	0.02842	C
100	0.00774	0.00795	T
101	0.02549	0.02638	A
102	0.03153	0.03169	C
103	0.00501	0.00522	G
104	0.0117	0.01244	C
105	0.01411	0.01419	A
106	0.01354	0.0136	A
107	0.01668	0.0167	A
108	0.00485	0.0049	G
109	0.00503	0.00505	G
110	0.02496	0.025	C
111	0.01409	0.01411	C
112	0.02741	0.02742	C
113	0.02577	0.02578	C
114	0.01344	0.01358	A
115	0.01693	0.01693	A
116	0.03026	0.03035	C
117	0.00378	0.00379	G
118	0.00115	0.00115	T
119	0.00104	0.00105	T
120	0.00201	0.00207	G
121	0.0011	0.00131	T
122	0.00366	0.00397	A
123	0.00278	0.0028	G
124	0.00315	0.00315	G
125	0.00224	0.00225	C
126	0.0013	0.00131	C
127	0.00275	0.00275	C
128	0.02714	0.02715	C
129	0.00907	0.00968	T
130	0.02721	0.02783	A
131	0.03549	0.03572	C
132	0.00271	0.00273	G
133	0.00164	0.00164	G
134	0.00307	0.00307	G
135	0.00296	0.00341	C
136	0.00396	0.00398	T
137	0.02122	0.02219	A
138	0.00562	0.00564	C
139	0.0013	0.0013	T
140	0.00351	0.00362	A
141	0.00367	0.00382	C
142	0.00363	0.00363	A
143	0.00356	0.00386	A
144	0.00507	0.00508	C
145	0.01569	0.01572	C
146	0.01447	0.01447	C
147	0.0033	0.00332	T
148	0.00507	0.00507	T
149	0.02386	0.02458	C
150	0.00325	0.00334	G
151	0.01047	0.01059	C
152	0.0056	0.00576	T
153	0.00439	0.00559	G
154	0.03285	0.03406	A
155	0.03699	0.03734	C
156	0.00411	0.00419	G
157	0.0151	0.01511	C
158	0.01605	0.01612	C
159	0.01679	0.02435	A
160	0.01167	0.01206	T
161	0.02103	0.02109	A
162	0.01278	0.0128	A
163	0.02555	0.02557	A
164	0.0418	0.04224	A
165	0.00988	0.01149	C
166	0.00344	0.00363	T
167	0.01169	0.01184	C
168	0.00364	0.00365	T
169	0.00805	0.0082	T
170	0.02686	0.02971	C
171	0.02399	0.02478	A
172	0.04495	0.04496	C
173	0.03334	0.03351	C
174	0.0113	0.01136	A
175	0.01434	0.01445	A
176	0.01304	0.0131	A
177	0.00547	0.00583	G
178	0.01488	0.01576	A
179	0.01108	0.01143	G
180	0.04775	0.04799	C
181	0.02419	0.02421	C
182	0.03342	0.03346	C
183	0.02576	0.02586	C
184	0.01184	0.0126	T
185	0.01721	0.0231	A
186	0.01127	0.01132	A
187	0.02437	0.02445	A
188	0.02705	0.02709	A
189	0.04032	0.04075	C
190	0.03201	0.03203	C
191	0.04406	0.04422	C
192	0.00547	0.00671	G
193	0.03307	0.03308	C
194	0.04011	0.04024	C
195	0.01638	0.01965	A
196	0.03927	0.04001	C
197	0.01439	0.01538	A
198	0.0129	0.01334	T
199	0.02462	0.02479	C
200	0.01102	0.01133	T
201	0.02232	0.02274	A
202	0.0433	0.0434	C
203	0.02491	0.02508	C
204	0.02109	0.02504	A
205	0.01995	0.02244	T
206	0.03116	0.03201	C
207	0.01961	0.02057	A
208	0.03872	0.03879	C
209	0.04732	0.04735	C
210	0.01692	0.0171	C
211	0.01398	0.01453	T
212	0.02612	0.02646	C
213	0.00641	0.00654	T
214	0.01827	0.0191	A
215	0.02998	0.03011	C
216	0.02208	0.02276	A
217	0.01682	0.01769	T
218	0.03032	0.03105	C
219	0.0237	0.02438	A
220	0.03636	0.03637	C
221	0.03571	0.03604	C
222	0.0061	0.00734	G
223	0.02732	0.02732	C
224	0.01779	0.01779	C
225	0.02088	0.02088	C
226	0.05528	0.05535	C
227	0.00406	0.00584	G
228	0.01606	0.0161	A
229	0.02593	0.02594	C
230	0.023	0.02301	C
231	0.00865	0.00873	T
232	0.01243	0.01244	T
233	0.0233	0.02689	A
234	0.00567	0.00576	G
235	0.02778	0.02803	C
236	0.0103	0.01104	T
237	0.03233	0.03282	C
238	0.01282	0.01364	T
239	0.03018	0.03087	C
240	0.01714	0.01763	A
241	0.04324	0.04324	C
242	0.03046	0.03083	C
243	0.01846	0.02188	A
244	0.01501	0.01563	T
245	0.03773	0.03795	C
246	0.00783	0.0083	G
247	0.02692	0.02722	C
248	0.011	0.01127	T
249	0.0311	0.03144	C
250	0.0084	0.00842	T
251	0.0087	0.00874	T
252	0.02289	0.02582	C
253	0.00964	0.00972	T
254	0.0236	0.024	A
255	0.0287	0.0293	C
256	0.00745	0.00756	T
257	0.02652	0.02732	A
258	0.0123	0.0128	T
259	0.01633	0.01872	G
260	0.02105	0.0214	A
261	0.0277	0.02861	A
262	0.03887	0.04661	C
263	0.02316	0.02324	C
264	0.03252	0.03255	C
265	0.02689	0.0269	C
266	0.02327	0.02329	C
267	0.01949	0.01953	C
268	0.02819	0.03023	T
269	0.02164	0.02164	C
270	0.02484	0.02484	C
271	0.02829	0.02829	C
272	0.02264	0.02269	C
273	0.01152	0.02189	A
274	0.01429	0.01544	T
275	0.01977	0.0202	A
276	0.0369	0.03707	C
277	0.02612	0.02621	C
278	0.02674	0.027	C
279	0.01292	0.01317	A
280	0.01674	0.0175	A
281	0.02061	0.02065	C
282	0.02106	0.02122	C
283	0.01414	0.01424	C
284	0.01484	0.01486	C
285	0.01241	0.01241	C
286	0.0074	0.01001	T
287	0.00416	0.0042	G
288	0.00582	0.00583	G
289	0.00556	0.007	T
290	0.01707	0.01736	C
291	0.01576	0.01586	A
292	0.02404	0.0241	A
293	0.03348	0.03355	C
294	0.02212	0.02228	C
295	0.00856	0.01224	T
296	0.02547	0.02681	C
297	0.0139	0.01548	A
298	0.01962	0.01964	A
299	0.02644	0.02649	C
300	0.00312	0.00319	C
301	0.00485	0.00512	T
302	0.00514	0.00615	A
303	0.0034	0.00345	G
304	0.00263	0.00266	G
305	0.00518	0.0052	C
306	0.01691	0.01711	C
307	0.00575	0.00696	T
308	0.02877	0.02878	C
309	0.01685	0.01715	C
310	0.00732	0.0077	T
311	0.01528	0.01618	A
312	0.008	0.00801	T
313	0.00905	0.00905	T
314	0.01096	0.011	T
315	0.02319	0.02619	A
316	0.0149	0.0149	T
317	0.01279	0.01288	T
318	0.03033	0.03376	C
319	0.01749	0.01812	T
320	0.03216	0.03414	A
321	0.00845	0.00887	G
322	0.0522	0.0523	C
323	0.03513	0.03556	C
324	0.0205	0.0258	A
325	0.03102	0.03106	C
326	0.01711	0.01724	C
327	0.01009	0.01083	T
328	0.02336	0.02413	C
329	0.00862	0.00885	T
330	0.03357	0.03624	A
331	0.00267	0.00271	G
332	0.00574	0.00574	C
333	0.00309	0.00313	C
334	0.00297	0.00316	T
335	0.00613	0.00669	A
336	0.00232	0.00239	G
337	0.03079	0.03083	C
338	0.02641	0.02642	C
339	0.00527	0.00553	G
340	0.00601	0.00605	T
341	0.00821	0.00825	T
342	0.00833	0.00837	T
343	0.02256	0.02424	A
344	0.036	0.03622	C
345	0.01262	0.01297	T
346	0.03625	0.03707	C
347	0.01915	0.01973	A
348	0.02191	0.02214	A
349	0.00998	0.01039	T
350	0.03114	0.03117	C
351	0.02125	0.02155	C
352	0.00604	0.00655	T
353	0.01825	0.01827	C
354	0.004	0.00406	T
355	0.00291	0.00315	G
356	0.00303	0.00316	A
357	0.00089	0.00115	T
358	0.00303	0.00303	C
359	0.00272	0.00286	A
360	0.00263	0.00264	G
361	0.00243	0.00243	G
362	0.00303	0.00307	G
363	0.00316	0.0039	T
364	0.00318	0.00338	G
365	0.01918	0.01942	A
366	0.00526	0.00562	G
367	0.03012	0.03075	C
368	0.02114	0.02137	A
369	0.00911	0.00986	T
370	0.03109	0.03135	C
371	0.02124	0.02131	A
372	0.02348	0.02376	A
373	0.03128	0.03134	A
374	0.02634	0.02784	C
375	0.0081	0.0094	T
376	0.02102	0.02147	C
377	0.01885	0.01921	A
378	0.02636	0.02644	A
379	0.02442	0.02447	A
380	0.02556	0.02686	C
381	0.00559	0.00596	T
382	0.0269	0.02962	A
383	0.01662	0.01696	C
384	0.00394	0.00408	G
385	0.00459	0.00459	C
386	0.00353	0.00353	C
387	0.00721	0.00725	C
388	0.00233	0.00264	T
389	0.00378	0.00494	G
390	0.01124	0.01137	A
391	0.00314	0.00318	T
392	0.02553	0.02567	C
393	0.00341	0.00341	G
394	0.00341	0.00341	G
395	0.02651	0.02661	C
396	0.00466	0.00474	G
397	0.02896	0.02922	C
398	0.01464	0.01498	A
399	0.01549	0.01555	C
400	0.00313	0.00319	T
401	0.00281	0.00352	G
402	0.02763	0.02824	C
403	0.00502	0.00521	G
404	0.02401	0.02429	A
405	0.00464	0.00496	G
406	0.02443	0.02458	C
407	0.01558	0.01577	A
408	0.00578	0.00589	G
409	0.00471	0.00577	T
410	0.03245	0.03399	A
411	0.00665	0.00704	G
412	0.01632	0.01648	C
413	0.01776	0.0178	C
414	0.02334	0.02341	C
415	0.00881	0.00909	A
416	0.02453	0.02468	A
417	0.02474	0.02476	A
418	0.05367	0.0567	C
419	0.01957	0.01958	A
420	0.02629	0.02665	A
421	0.01119	0.01182	T
422	0.02913	0.02937	C
423	0.00958	0.01056	T
424	0.02612	0.02628	C
425	0.02434	0.02619	A
426	0.0116	0.01189	T
427	0.03197	0.03302	A
428	0.01109	0.01123	T
429	0.00428	0.00482	G
430	0.0243	0.02435	A
431	0.02512	0.02526	A
432	0.00711	0.00768	G
433	0.0204	0.02421	T
434	0.0302	0.03094	C
435	0.02396	0.02487	A
436	0.03618	0.03627	C
437	0.03382	0.03382	C
438	0.01295	0.01301	C
439	0.00886	0.00928	T
440	0.01898	0.02029	A
441	0.00353	0.0037	G
442	0.01906	0.01909	C
443	0.00936	0.00944	C
444	0.01092	0.01301	A
445	0.00858	0.0092	T
446	0.02324	0.02367	C
447	0.02267	0.02349	A
448	0.0103	0.01032	T
449	0.00815	0.00832	T
450	0.02971	0.03405	C
451	0.01154	0.01186	T
452	0.0259	0.02626	A
453	0.02748	0.02836	C
454	0.01365	0.014	T
455	0.01868	0.01957	A
456	0.01232	0.01288	T
457	0.03761	0.03838	C
458	0.01751	0.01754	A
459	0.02546	0.02563	A
460	0.03017	0.0307	C
461	0.02016	0.02062	A
462	0.01535	0.01587	T
463	0.01386	0.01399	T
464	0.01159	0.022	A
465	0.02668	0.02708	C
466	0.00791	0.00799	T
467	0.01984	0.02005	A
468	0.02034	0.02063	A
469	0.00671	0.00682	T
470	0.02638	0.02639	A
471	0.02785	0.02848	A
472	0.00221	0.00231	G
473	0.00351	0.00371	T
474	0.00325	0.00326	G
475	0.00192	0.00198	G
476	0.02815	0.02934	C
477	0.00574	0.00589	T
478	0.03084	0.03089	C
479	0.01978	0.02023	C
480	0.00578	0.00579	T
481	0.00795	0.00799	T
482	0.0129	0.01293	T
483	0.01925	0.0199	A
484	0.02495	0.02502	A
485	0.09851	0.09869	C
486	0.0205	0.02058	C
487	0.01195	0.0141	T
488	0.02465	0.0249	C
489	0.01253	0.01307	T
490	0.02865	0.02867	C
491	0.03091	0.03124	C
492	0.01104	0.01872	A
493	0.06145	0.06145	C
494	0.02628	0.02628	C
495	0.02097	0.02127	C
496	0.00775	0.00783	T
497	0.00681	0.0069	T
498	0.01648	0.02324	A
499	0.01105	0.01208	T
500	0.02963	0.03001	C
501	0.02852	0.02901	A
502	0.03243	0.03377	C
503	0.02203	0.02207	A
504	0.01706	0.01732	A
505	0.02534	0.02642	C
506	0.02395	0.02435	A
507	0.04034	0.04129	C
508	0.02321	0.02322	A
509	0.03599	0.03655	A
510	0.00511	0.00738	G
511	0.02413	0.02413	A
512	0.02288	0.02317	A
513	0.02772	0.02896	C
514	0.02477	0.02547	A
515	0.03947	0.03953	C
516	0.02502	0.02522	C
517	0.00987	0.01103	T
518	0.02984	0.02991	C
519	0.00896	0.0092	T
520	0.00396	0.00486	G
521	0.0209	0.0212	A
522	0.01108	0.01111	T
523	0.00963	0.00973	T
524	0.01588	0.02536	A
525	0.03145	0.03178	C
526	0.00861	0.0087	T
527	0.03318	0.0332	C
528	0.0189	0.01918	C
529	0.0087	0.00935	T
530	0.00334	0.00348	G
531	0.00736	0.00736	C
532	0.00486	0.0049	C
533	0.0264	0.03097	A
534	0.00831	0.00891	T
535	0.027	0.02719	C
536	0.02042	0.0211	A
537	0.01965	0.02054	T
538	0.00496	0.00662	G
539	0.02682	0.02704	A
540	0.03991	0.04002	C
541	0.0296	0.02961	C
542	0.02089	0.0209	C
543	0.01027	0.01031	T
544	0.00802	0.00804	T
545	0.00309	0.0031	G
546	0.00276	0.00277	G
547	0.00772	0.00774	C
548	0.04149	0.04156	C
549	0.01216	0.01786	A
550	0.00803	0.00819	T
551	0.01905	0.01907	A
552	0.02089	0.02229	A
553	0.0074	0.00753	T
554	0.02414	0.02474	A
555	0.00917	0.00929	T
556	0.00316	0.00343	G
557	0.0214	0.0216	A
558	0.00732	0.00734	T
559	0.00988	0.00994	T
560	0.01104	0.01107	T
561	0.02177	0.02366	A
562	0.01558	0.01598	T
563	0.03555	0.03615	C
564	0.01207	0.01265	T
565	0.03471	0.03479	C
566	0.02568	0.026	C
567	0.01122	0.02224	A
568	0.03173	0.03241	C
569	0.022	0.02295	A
570	0.03297	0.03383	C
571	0.00787	0.00819	T
572	0.01207	0.01271	A
573	0.00332	0.00366	G
574	0.00905	0.0091	C
575	0.02615	0.02655	A
576	0.00282	0.00303	G
577	0.00366	0.00439	A
578	0.00352	0.00357	G
579	0.00434	0.00444	A
580	0.00271	0.00274	C
581	0.00961	0.00964	C
582	0.01502	0.01507	A
583	0.01744	0.01746	A
584	0.02155	0.02158	C
585	0.00325	0.00327	C
586	0.00467	0.00485	G
587	0.01358	0.01398	A
588	0.00318	0.00351	A
589	0.00242	0.00243	C
590	0.00149	0.00149	C
591	0.00223	0.00224	C
592	0.00246	0.00246	C
593	0.00266	0.00267	C
594	0.00078	0.0008	T
595	0.00062	0.00063	T
596	0.00139	0.00143	C
597	0.00322	0.00333	G
598	0.02396	0.02402	A
599	0.01751	0.01751	C
600	0.02188	0.02193	C
601	0.00683	0.00691	T
602	0.01109	0.01109	T
603	0.0033	0.00395	G
604	0.01543	0.01544	C
605	0.00219	0.00219	C
606	0.00339	0.00348	G
607	0.00292	0.00299	A
608	0.00269	0.00271	A
609	0.00396	0.00396	G
610	0.0031	0.0031	G
611	0.00249	0.00249	G
612	0.00192	0.00192	G
613	0.01254	0.01358	A
614	0.00373	0.00402	G
615	0.00135	0.00144	T
616	0.00662	0.00665	C
617	0.0025	0.00252	C
618	0.00503	0.00517	G
619	0.01322	0.01327	A
620	0.02128	0.0213	A
621	0.03112	0.0317	C
622	0.0033	0.00339	T
623	0.03741	0.03806	A
624	0.00103	0.00104	G
625	0.00105	0.00262	T
626	0.00186	0.00188	C
627	0.00378	0.0086	T
628	0.00302	0.00311	C
629	0.0362	0.03768	A
630	0.00199	0.002	G
631	0.00344	0.00345	G
632	0.00386	0.00394	C
633	0.00254	0.00256	T
634	0.00741	0.00743	T
635	0.03202	0.03291	C
636	0.02383	0.02411	A
637	0.02348	0.02358	A
638	0.03535	0.03565	C
639	0.02647	0.02666	A
640	0.0127	0.013	T
641	0.03701	0.03721	C
642	0.00831	0.00845	G
643	0.02415	0.02425	A
644	0.01853	0.01878	A
645	0.00844	0.00884	T
646	0.02899	0.03017	A
647	0.0471	0.04806	C
648	0.00786	0.00805	G
649	0.0239	0.02394	C
650	0.01854	0.0186	C
651	0.00572	0.00834	G
652	0.02709	0.0286	C
653	0.0211	0.02303	A
654	0.00335	0.00346	G
655	0.00457	0.00469	G
656	0.01932	0.01934	C
657	0.02664	0.02665	C
658	0.03134	0.03134	C
659	0.02923	0.02924	C
660	0.00537	0.00546	T
661	0.00888	0.00905	T
662	0.03523	0.03671	C
663	0.00483	0.00532	G
664	0.041	0.04101	C
665	0.03445	0.03447	C
666	0.018	0.01804	C
667	0.00691	0.00728	T
668	0.0192	0.02033	A
669	0.00673	0.00673	T
670	0.00788	0.0079	T
671	0.01813	0.02288	C
672	0.00795	0.00796	T
673	0.00923	0.00933	T
674	0.02913	0.03014	C
675	0.02233	0.02432	A
676	0.01166	0.01263	T
677	0.04296	0.04614	A
678	0.00399	0.00432	G
679	0.04938	0.04946	C
680	0.02796	0.02798	C
681	0.00574	0.0065	G
682	0.01985	0.02004	A
683	0.01566	0.01582	A
684	0.01161	0.01203	T
685	0.0246	0.02497	A
686	0.03675	0.03763	C
687	0.01458	0.01505	A
688	0.04351	0.04658	C
689	0.02296	0.02299	A
690	0.01612	0.01613	A
691	0.01827	0.01847	A
692	0.04391	0.04783	C
693	0.01615	0.01634	A
694	0.01321	0.01354	T
695	0.00976	0.00987	T
696	0.01012	0.01974	A
697	0.01105	0.01107	T
698	0.01178	0.01209	T
699	0.01119	0.02221	A
700	0.01162	0.0122	T
701	0.02101	0.02104	A
702	0.01887	0.0201	A
703	0.01993	0.02121	T
704	0.04398	0.04399	A
705	0.02427	0.02428	A
706	0.03363	0.03475	A
707	0.05148	0.05525	C
708	0.02673	0.02749	A
709	0.06183	0.06195	C
710	0.02321	0.02322	C
711	0.0255	0.02578	C
712	0.02228	0.02371	T
713	0.04865	0.04917	C
714	0.0212	0.0229	A
715	0.0524	0.05242	C
716	0.03221	0.03274	C
717	0.01243	0.02168	A
718	0.03428	0.03498	C
719	0.01006	0.01059	T
720	0.02324	0.02355	A
721	0.0348	0.03525	C
722	0.02123	0.02125	A
723	0.02016	0.02054	A
724	0.00985	0.01095	T
725	0.02702	0.02749	C
726	0.00922	0.00927	T
727	0.00877	0.00889	T
728	0.02621	0.02623	C
729	0.01913	0.01921	C
730	0.00667	0.00694	T
731	0.02791	0.0287	A
732	0.00282	0.00285	G
733	0.00439	0.00444	G
734	0.04036	0.04042	A
735	0.01749	0.01764	A
736	0.0247	0.02521	C
737	0.01518	0.01519	A
738	0.01353	0.01371	A
739	0.02377	0.02405	C
740	0.01781	0.01814	A
741	0.00721	0.00749	T
742	0.01613	0.01634	A
743	0.00982	0.00989	T
744	0.00358	0.00454	G
745	0.02553	0.02599	A
746	0.04588	0.04611	C
747	0.01218	0.01269	G
748	0.03065	0.03169	C
749	0.03054	0.03167	A
750	0.02542	0.02597	C
751	0.01414	0.01654	T
752	0.08678	0.08926	C
753	0.01582	0.01722	T
754	0.05333	0.05334	C
755	0.04176	0.04176	C
756	0.03066	0.03067	C
757	0.02026	0.02034	C
758	0.00908	0.00994	T
759	0.00464	0.00522	G
760	0.02095	0.02118	A
761	0.02664	0.02676	A
762	0.02952	0.02998	C
763	0.00772	0.00778	T
764	0.02684	0.02717	C
765	0.00804	0.0082	T
766	0.02225	0.02298	A
767	0.03478	0.03512	C
768	0.02181	0.02245	A
769	0.0343	0.03539	C
770	0.02128	0.02129	A
771	0.02618	0.02632	A
772	0.01882	0.01936	C
773	0.01488	0.01529	A
774	0.00571	0.00592	T
775	0.00996	0.01015	A
776	0.00302	0.00303	T
777	0.00398	0.00398	T
778	0.00543	0.00543	T
779	0.00725	0.00726	T
780	0.00267	0.00318	G
781	0.00695	0.00807	T
782	0.01428	0.01439	C
783	0.01918	0.01942	A
784	0.02416	0.02416	C
785	0.01759	0.01766	C
786	0.01844	0.01851	A
787	0.03248	0.03298	A
788	0.00513	0.00589	G
789	0.02989	0.0303	A
790	0.0348	0.03491	C
791	0.03457	0.03461	C
792	0.02751	0.02762	C
793	0.0096	0.01033	T
794	0.01995	0.02068	A
795	0.03072	0.03117	C
796	0.00919	0.00926	T
797	0.01264	0.01272	T
798	0.03132	0.037	C
799	0.01429	0.01486	T
800	0.02222	0.02325	A
801	0.0243	0.02454	A
802	0.04071	0.04084	C
803	0.02352	0.02394	C
804	0.00733	0.00957	T
805	0.03113	0.03135	C
806	0.05228	0.05229	C
807	0.0084	0.00848	C
808	0.00229	0.00248	T
809	0.00215	0.00255	G
810	0.00204	0.00205	T
811	0.00149	0.00149	T
812	0.00456	0.00489	C
813	0.00478	0.00478	T
814	0.00724	0.0073	T
815	0.01862	0.03042	A
816	0.01269	0.01277	T
817	0.00545	0.00597	G
818	0.02081	0.02091	A
819	0.02724	0.02763	A
820	0.00798	0.00799	T
821	0.0075	0.0076	T
822	0.0271	0.02795	C
823	0.00485	0.00496	G
824	0.00765	0.00767	A
825	0.00627	0.00629	A
826	0.00783	0.00809	C
827	0.00846	0.00855	A
828	0.00527	0.00578	G
829	0.06659	0.06778	C
830	0.02733	0.02948	A
831	0.01799	0.0191	T
832	0.03218	0.03307	A
833	0.04021	0.04046	C
834	0.06002	0.06023	C
835	0.02737	0.02741	C
836	0.03311	0.03311	C
837	0.03901	0.03902	C
838	0.00473	0.00568	G
839	0.01946	0.02019	A
840	0.00991	0.00995	T
841	0.00764	0.00766	T
842	0.0374	0.03744	C
843	0.03973	0.03982	C
844	0.00455	0.00516	G
845	0.01728	0.01788	C
846	0.0073	0.00746	T
847	0.02133	0.02203	A
848	0.03825	0.03881	C
849	0.00664	0.00722	G
850	0.02198	0.02239	A
851	0.03411	0.03414	C
852	0.02492	0.02509	C
853	0.01364	0.0137	A
854	0.01788	0.01794	A
855	0.02851	0.02896	C
856	0.00921	0.01138	T
857	0.02546	0.02594	C
858	0.02249	0.02401	A
859	0.01463	0.01548	T
860	0.02771	0.02911	A
861	0.04075	0.04194	C
862	0.02097	0.02138	A
863	0.04299	0.0433	C
864	0.0239	0.0243	C
865	0.00748	0.00857	T
866	0.02946	0.02946	C
867	0.02531	0.02608	C
868	0.00697	0.00745	T
869	0.01938	0.02061	A
870	0.01049	0.01112	T
871	0.00689	0.00737	G
872	0.00136	0.00143	A
873	0.00404	0.00408	A
874	0.01048	0.01056	A
875	0.00943	0.00948	A
876	0.00957	0.00961	A
877	0.00737	0.0074	A
878	0.03208	0.03297	C
879	0.0107	0.01077	T
880	0.01115	0.01116	T
881	0.02542	0.02545	C
882	0.01928	0.0194	C
883	0.01824	0.01948	T
884	0.02821	0.02916	A
885	0.05953	0.0596	C
886	0.02928	0.02948	C
887	0.01691	0.02255	A
888	0.0239	0.02456	C
889	0.05045	0.05335	T
890	0.02931	0.03017	C
891	0.01948	0.02046	A
892	0.04457	0.04457	C
893	0.03629	0.0363	C
894	0.02249	0.02268	C
895	0.01002	0.01042	T
896	0.03083	0.03141	A
897	0.0053	0.0056	G
898	0.02934	0.02971	C
899	0.02064	0.02122	A
900	0.01273	0.01288	T
901	0.01926	0.01949	T
902	0.00597	0.01258	A
903	0.02647	0.02697	C
904	0.00755	0.00761	T
905	0.00826	0.0084	T
906	0.01116	0.01893	A
907	0.00926	0.00938	T
908	0.0196	0.02016	A
909	0.00808	0.00819	T
910	0.00414	0.0047	G
911	0.02102	0.02138	A
912	0.01023	0.01031	T
913	0.01701	0.01771	A
914	0.01316	0.01329	T
915	0.00604	0.00625	G
916	0.01802	0.01975	T
917	0.01614	0.01623	C
918	0.02687	0.02938	T
919	0.0273	0.0273	C
920	0.02206	0.02215	C
921	0.0149	0.02444	A
922	0.02335	0.02478	T
923	0.0207	0.02133	A
924	0.04019	0.04039	C
925	0.03027	0.03028	C
926	0.01831	0.01832	C
927	0.00912	0.01616	A
928	0.01417	0.0143	T
929	0.00855	0.00865	T
930	0.01219	0.01819	A
931	0.03663	0.03732	C
932	0.01785	0.01792	A
933	0.02055	0.02077	A
934	0.01714	0.01744	T
935	0.02884	0.02904	C
936	0.01321	0.01334	T
937	0.03713	0.03713	C
938	0.02241	0.02256	C
939	0.01732	0.02076	A
940	0.00571	0.00582	G
941	0.02939	0.03001	C
942	0.02765	0.02838	A
943	0.01356	0.0137	T
944	0.04266	0.04319	T
945	0.03554	0.03565	C
946	0.02806	0.0282	C
947	0.01886	0.01886	C
948	0.01083	0.01083	C
949	0.00895	0.00895	C
950	0.00876	0.00986	T
951	0.01444	0.01482	C
952	0.00842	0.00854	A
953	0.01319	0.01319	A
954	0.00755	0.00755	A
955	0.01617	0.01617	C
956	0.01376	0.01376	C
957	0.00052	0.00052	T
958	0.0	0.0	A
959	0.0	0.0	A
