Position	Mismatches	Mismatches + Deletions	Base
1	0.0	0.0	A
2	0.0	0.0	T
3	0.0	0.0	A
4	0.01496	0.01496	A
5	0.01981	0.01981	A
6	0.03765	0.03833	C
7	0.00903	0.00982	T
8	0.01032	0.01032	T
9	0.03805	0.04252	C
10	0.00491	0.00505	G
11	0.04605	0.04607	C
12	0.028	0.02802	C
13	0.00716	0.00716	T
14	0.01563	0.01584	T
15	0.00555	0.00588	A
16	0.0117	0.01214	A
17	0.00476	0.00478	T
18	0.00749	0.00757	T
19	0.00849	0.00857	T
20	0.01019	0.01019	T
21	0.01292	0.01395	A
22	0.02147	0.02156	A
23	0.01315	0.01367	T
24	0.02881	0.02895	A
25	0.02588	0.02783	A
26	0.01459	0.01541	T
27	0.03416	0.03476	C
28	0.02942	0.02961	A
29	0.02784	0.02821	A
30	0.03453	0.0363	C
31	0.02673	0.02705	A
32	0.04849	0.04853	C
33	0.0286	0.02862	C
34	0.02956	0.03006	C
35	0.00939	0.01082	T
36	0.0328	0.0328	C
37	0.01142	0.01189	C
38	0.00852	0.00917	T
39	0.02215	0.02357	A
40	0.00331	0.00347	G
41	0.03959	0.03963	C
42	0.02663	0.02672	C
43	0.01217	0.01228	T
44	0.01443	0.01453	T
45	0.01573	0.0262	A
46	0.04008	0.04052	C
47	0.01244	0.01264	T
48	0.02213	0.02253	A
49	0.03285	0.03338	C
50	0.00832	0.00854	T
51	0.01659	0.01672	A
52	0.01667	0.01695	A
53	0.00957	0.01007	T
54	0.01279	0.01279	A
55	0.01893	0.02124	A
56	0.0088	0.00885	T
57	0.00835	0.00842	T
58	0.01628	0.02676	A
59	0.01296	0.01296	T
60	0.01445	0.0148	T
61	0.01736	0.0374	A
62	0.03411	0.03488	C
63	0.01986	0.0203	A
64	0.00478	0.0048	T
65	0.00643	0.00647	T
66	0.0079	0.00798	T
67	0.01049	0.0105	T
68	0.00242	0.00356	G
69	0.03108	0.03124	A
70	0.03428	0.03458	C
71	0.0117	0.01205	T
72	0.03343	0.03444	A
73	0.0456	0.04571	C
74	0.03299	0.03328	C
75	0.01769	0.02647	A
76	0.03698	0.03811	C
77	0.02373	0.02375	A
78	0.02416	0.02462	A
79	0.03397	0.03489	C
80	0.01093	0.0119	T
81	0.02623	0.027	C
82	0.01973	0.02053	A
83	0.02103	0.02112	A
84	0.03646	0.03733	C
85	0.00404	0.00413	G
86	0.00525	0.00526	G
87	0.0126	0.01306	C
88	0.00633	0.00659	T
89	0.00691	0.00713	A
90	0.01964	0.01987	C
91	0.03231	0.03269	A
92	0.00946	0.01	T
93	0.01735	0.01752	A
94	0.00524	0.0057	G
95	0.00206	0.00206	A
96	0.01104	0.01104	A
97	0.0073	0.0073	A
98	0.01692	0.01692	A
99	0.01345	0.01348	A
100	0.01497	0.01532	T
101	0.03534	0.03551	C
102	0.02779	0.02814	C
103	0.01367	0.0241	A
104	0.03782	0.03785	C
105	0.03672	0.03672	C
106	0.02451	0.02451	C
107	0.0225	0.02257	C
108	0.00804	0.00808	T
109	0.00818	0.0082	T
110	0.0133	0.02154	A
111	0.01984	0.01992	C
112	0.0025	0.00254	G
113	0.02009	0.0208	A
114	0.0037	0.00377	G
115	0.00691	0.00731	T
116	0.00284	0.00307	G
117	0.0102	0.01053	C
118	0.00351	0.00351	G
119	0.00325	0.00328	G
120	0.03041	0.03066	C
121	0.00744	0.00746	T
122	0.00851	0.00854	T
123	0.03912	0.03998	C
124	0.00463	0.00517	G
125	0.02089	0.02124	A
126	0.03077	0.03079	C
127	0.03183	0.03186	C
128	0.02509	0.02514	C
129	0.01264	0.01327	T
130	0.01633	0.01748	A
131	0.00984	0.01027	T
132	0.02987	0.03235	A
133	0.01343	0.01402	T
134	0.02744	0.0277	C
135	0.02574	0.02578	C
136	0.03927	0.03928	C
137	0.01148	0.01149	C
138	0.01393	0.01395	C
139	0.00775	0.00829	G
140	0.01295	0.01295	C
141	0.00809	0.00809	C
142	0.01437	0.01443	C
143	0.00489	0.00538	G
144	0.02041	0.02117	C
145	0.00536	0.00599	G
146	0.00941	0.00999	T
147	0.03382	0.03384	C
148	0.04013	0.04014	C
149	0.0229	0.02293	C
150	0.00265	0.00266	T
151	0.01034	0.01035	T
152	0.00998	0.01	T
153	0.03416	0.0354	C
154	0.0137	0.01384	T
155	0.03209	0.03215	C
156	0.02577	0.02587	C
157	0.01682	0.02323	A
158	0.01278	0.01355	T
159	0.01698	0.01707	A
160	0.00721	0.00724	A
161	0.01849	0.01856	A
162	0.02163	0.02265	A
163	0.00852	0.00873	T
164	0.00699	0.00705	T
165	0.01937	0.02629	C
166	0.00579	0.00579	T
167	0.00585	0.00587	T
168	0.01324	0.01578	C
169	0.00596	0.00596	T
170	0.00616	0.00618	T
171	0.04168	0.04867	A
172	0.00341	0.00352	G
173	0.01101	0.01239	T
174	0.01755	0.01801	A
175	0.00298	0.0031	G
176	0.02002	0.02054	C
177	0.00611	0.00622	T
178	0.03031	0.03162	A
179	0.01216	0.01219	T
180	0.0131	0.01352	T
181	0.01461	0.0232	A
182	0.04067	0.04095	C
183	0.03678	0.03726	C
184	0.00832	0.00841	T
185	0.00883	0.00887	T
186	0.02438	0.02976	C
187	0.00938	0.00939	T
188	0.00947	0.00954	T
189	0.01272	0.02668	A
190	0.01127	0.01127	T
191	0.01195	0.01215	T
192	0.01543	0.03307	A
193	0.00822	0.00822	T
194	0.01591	0.01591	T
195	0.01417	0.0142	T
196	0.00343	0.00577	G
197	0.02503	0.02518	A
198	0.01364	0.01376	T
199	0.0327	0.03293	C
200	0.01064	0.01076	T
201	0.03091	0.03173	A
202	0.00504	0.00536	G
203	0.00949	0.00954	A
204	0.01932	0.01936	A
205	0.02139	0.02146	A
206	0.02049	0.02077	T
207	0.03514	0.0352	T
208	0.01478	0.01587	G
209	0.04527	0.04541	C
210	0.0246	0.02466	C
211	0.03628	0.03644	C
212	0.00901	0.01231	T
213	0.02034	0.02034	C
214	0.01916	0.02067	C
215	0.00417	0.0042	T
216	0.00804	0.00808	T
217	0.01951	0.01952	T
218	0.04038	0.0405	T
219	0.03245	0.03451	A
220	0.06626	0.0663	C
221	0.03471	0.03472	C
222	0.02327	0.02331	C
223	0.01543	0.01545	C
224	0.01375	0.01418	T
225	0.01903	0.01928	A
226	0.02669	0.02669	C
227	0.0203	0.02037	C
228	0.0165	0.02001	A
229	0.01366	0.01395	T
230	0.00549	0.00723	G
231	0.03921	0.04074	A
232	0.00936	0.00976	G
233	0.02877	0.02883	C
234	0.02289	0.02289	C
235	0.01893	0.01902	C
236	0.00736	0.00778	T
237	0.01576	0.01593	A
238	0.03117	0.0315	C
239	0.02198	0.02218	A
240	0.01756	0.01761	A
241	0.01731	0.0174	A
242	0.03437	0.03625	C
243	0.01414	0.01415	A
244	0.01478	0.01491	A
245	0.02384	0.0247	C
246	0.00989	0.01043	T
247	0.02411	0.02421	A
248	0.02315	0.02334	A
249	0.03522	0.03532	C
250	0.02021	0.02075	C
251	0.02499	0.02674	T
252	0.00985	0.01051	G
253	0.06701	0.06707	C
254	0.02283	0.02291	C
255	0.01616	0.02183	A
256	0.01099	0.0112	C
257	0.0056	0.00572	T
258	0.0145	0.01465	A
259	0.01927	0.01942	A
260	0.00671	0.00679	T
261	0.01605	0.01639	A
262	0.00315	0.00332	G
263	0.00531	0.00534	T
264	0.00723	0.00725	T
265	0.01702	0.02301	A
266	0.01033	0.01055	T
267	0.0038	0.00391	G
268	0.01057	0.01127	T
269	0.02615	0.02691	C
270	0.02305	0.0249	A
271	0.02542	0.02674	T
272	0.0314	0.03161	C
273	0.02427	0.02445	C
274	0.02187	0.022	C
275	0.00669	0.00749	T
276	0.02476	0.02507	C
277	0.00786	0.00786	T
278	0.00774	0.00784	T
279	0.00935	0.02007	A
280	0.00899	0.00899	T
281	0.01128	0.01157	T
282	0.01762	0.01778	A
283	0.02145	0.02154	A
284	0.01108	0.01166	T
285	0.02539	0.02585	C
286	0.02074	0.02138	A
287	0.0104	0.01196	T
288	0.02302	0.0242	C
289	0.0188	0.0199	A
290	0.00849	0.00999	T
291	0.02347	0.02379	C
292	0.01105	0.01116	C
293	0.00881	0.00944	T
294	0.02745	0.03049	A
295	0.00662	0.00698	G
296	0.02194	0.022	C
297	0.01083	0.01085	C
298	0.01394	0.01403	C
299	0.0059	0.00627	T
300	0.0211	0.02124	A
301	0.01824	0.01838	A
302	0.00308	0.00315	G
303	0.00591	0.00625	T
304	0.01484	0.01484	C
305	0.0087	0.00896	T
306	0.00346	0.00352	G
307	0.00189	0.00189	G
308	0.01301	0.01305	C
309	0.01195	0.01222	C
310	0.00364	0.00375	T
311	0.01531	0.01558	A
312	0.00627	0.00634	T
313	0.00242	0.00258	G
314	0.02381	0.02429	A
315	0.00589	0.00594	G
316	0.01303	0.01411	T
317	0.00363	0.00382	G
318	0.01555	0.01579	A
319	0.02472	0.02501	C
320	0.01051	0.01104	T
321	0.01773	0.01803	A
322	0.0298	0.03058	C
323	0.00149	0.00149	A
324	0.00997	0.00999	A
325	0.01521	0.01521	A
326	0.02093	0.02093	A
327	0.01294	0.01294	A
328	0.002	0.002	G
329	0.00255	0.00257	G
330	0.0107	0.0139	A
331	0.00493	0.00495	T
332	0.00552	0.00552	T
333	0.01743	0.02064	A
334	0.00381	0.0039	G
335	0.01227	0.01229	A
336	0.01779	0.01788	C
337	0.0068	0.00685	T
338	0.00591	0.00797	G
339	0.02245	0.02248	A
340	0.01613	0.01625	A
341	0.02765	0.02765	C
342	0.02469	0.02469	C
343	0.00594	0.00635	G
344	0.01116	0.01116	A
345	0.01185	0.01185	A
346	0.00106	0.00106	T
347	0.0	0.0	A
348	0.0	0.0	A
