Position	Mismatches	Mismatches + Deletions	Base
1	0.0	0.0	A
2	0.0	0.0	T
3	0.0	0.0	A
4	0.01498	0.01498	A
5	0.02921	0.0299	C
6	0.01962	0.01962	C
7	0.01049	0.0145	A
8	0.00872	0.00882	T
9	0.00353	0.00422	G
10	0.02962	0.03034	C
11	0.02296	0.02381	A
12	0.02802	0.02832	C
13	0.01645	0.01675	A
14	0.02644	0.0268	C
15	0.00692	0.00711	T
16	0.01615	0.0164	A
17	0.03311	0.03347	C
18	0.00705	0.00721	T
19	0.01912	0.02063	A
20	0.00906	0.01009	T
21	0.0211	0.02111	A
22	0.02316	0.02378	A
23	0.03602	0.03627	C
24	0.02299	0.02307	C
25	0.03405	0.05455	A
26	0.03829	0.03829	C
27	0.03241	0.03242	C
28	0.01516	0.01529	C
29	0.01302	0.01428	T
30	0.0158	0.01622	A
31	0.02275	0.02291	A
32	0.04531	0.04537	C
33	0.0376	0.03766	C
34	0.02669	0.02689	C
35	0.01206	0.01256	T
36	0.99298	0.99437	G
37	0.0191	0.01928	A
38	0.03462	0.03492	C
39	0.00946	0.00957	T
40	0.00981	0.00987	T
41	0.0276	0.02762	C
42	0.03895	0.03901	C
43	0.03184	0.03188	C
44	0.01351	0.01394	T
45	0.02196	0.02237	A
46	0.02839	0.02935	A
47	0.00879	0.0089	T
48	0.00724	0.00745	T
49	0.02111	0.02126	C
50	0.0391	0.03923	C
51	0.0329	0.03296	C
52	0.05043	0.05046	C
53	0.03492	0.03495	C
54	0.02135	0.02137	C
55	0.01604	0.0198	A
56	0.01126	0.01153	T
57	0.02961	0.02965	C
58	0.02105	0.0211	C
59	0.00801	0.00804	T
60	0.01122	0.01138	T
61	0.01678	0.02475	A
62	0.04684	0.04696	C
63	0.03465	0.03505	C
64	0.01527	0.02118	A
65	0.04539	0.0454	C
66	0.03488	0.03489	C
67	0.02594	0.02633	C
68	0.00672	0.00743	T
69	0.03299	0.03305	C
70	0.00344	0.00368	G
71	0.00887	0.00898	T
72	0.01731	0.01756	T
73	0.02264	0.02298	A
74	0.01708	0.01715	A
75	0.0541	0.05416	C
76	0.03085	0.03092	C
77	0.01835	0.01848	C
78	0.00985	0.01109	T
79	0.01579	0.01671	A
80	0.01396	0.01403	A
81	0.03147	0.03359	C
82	0.00048	0.00051	A
83	0.00025	0.00025	A
84	0.00023	0.00023	A
85	0.00283	0.00284	A
86	0.00834	0.00836	A
87	0.00438	0.00439	A
88	0.00711	0.00712	A
89	0.00791	0.00791	A
90	0.03875	0.041	C
91	0.01209	0.01292	T
92	0.03033	0.03104	C
93	0.02375	0.02703	A
94	0.02715	0.02835	T
95	0.03433	0.03592	A
96	0.05005	0.05057	C
97	0.03321	0.03342	C
98	0.03213	0.03217	C
99	0.0294	0.02943	C
100	0.01867	0.0187	C
101	0.01209	0.01613	A
102	0.00892	0.00896	T
103	0.00831	0.00841	T
104	0.01137	0.01738	A
105	0.0082	0.00827	T
106	0.00317	0.00338	G
107	0.01247	0.01308	T
108	0.01835	0.01843	A
109	0.00946	0.00951	A
110	0.01693	0.01702	A
111	0.02038	0.02057	A
112	0.01121	0.01232	T
113	0.03365	0.03374	C
114	0.02844	0.02856	C
115	0.02359	0.02535	A
116	0.01298	0.01299	T
117	0.01204	0.01209	T
118	0.00531	0.00613	G
119	0.01583	0.01762	T
120	0.04176	0.04193	C
121	0.01021	0.01087	G
122	0.02307	0.02969	C
123	0.01766	0.01856	A
124	0.01779	0.01831	T
125	0.04505	0.04524	C
126	0.02977	0.0307	C
127	0.01349	0.01792	A
128	0.06628	0.06632	C
129	0.01514	0.01524	C
130	0.00662	0.0068	T
131	0.01066	0.01072	T
132	0.0069	0.00697	T
133	0.01039	0.01337	A
134	0.00886	0.00886	T
135	0.00989	0.00998	T
136	0.01486	0.02368	A
137	0.01073	0.0119	T
138	0.03067	0.03111	C
139	0.03104	0.03219	A
140	0.00897	0.00964	G
141	0.01752	0.01813	T
142	0.01931	0.01948	C
143	0.01574	0.0171	T
144	0.02933	0.03059	C
145	0.01875	0.01878	T
146	0.01992	0.02033	T
147	0.0397	0.03975	C
148	0.03079	0.03108	C
149	0.02829	0.02833	C
150	0.01967	0.01972	C
151	0.00904	0.01232	A
152	0.03084	0.03164	C
153	0.01521	0.01532	A
154	0.01744	0.01763	A
155	0.03357	0.03441	C
156	0.02128	0.0213	A
157	0.02043	0.02061	A
158	0.01217	0.01253	T
159	0.02713	0.02794	A
160	0.00927	0.00928	T
161	0.01039	0.01044	T
162	0.02334	0.02386	C
163	0.02237	0.02283	A
164	0.01504	0.01546	T
165	0.00502	0.0059	G
166	0.01267	0.01354	T
167	0.00431	0.00435	G
168	0.0246	0.02468	C
169	0.01326	0.0133	C
170	0.0066	0.00731	T
171	0.01607	0.01921	A
172	0.00357	0.00379	G
173	0.01956	0.0197	A
174	0.03334	0.03338	C
175	0.02365	0.02371	C
176	0.01353	0.01355	A
177	0.02471	0.02487	A
178	0.00284	0.00337	G
179	0.01379	0.01379	A
180	0.01677	0.01693	A
181	0.00371	0.00384	G
182	0.00664	0.00674	T
183	0.00675	0.00685	T
184	0.01484	0.02147	A
185	0.0094	0.00941	T
186	0.01306	0.01319	T
187	0.01571	0.0238	A
188	0.01021	0.01044	T
189	0.02669	0.0273	C
190	0.01121	0.0115	T
191	0.03147	0.03195	C
192	0.00572	0.00619	G
193	0.02007	0.02017	A
194	0.02054	0.0206	A
195	0.02765	0.0279	C
196	0.01071	0.01094	T
197	0.00319	0.00414	G
198	0.0231	0.02328	A
199	0.03606	0.03672	C
200	0.0202	0.0204	A
201	0.02999	0.03019	C
202	0.01003	0.01034	T
203	0.00419	0.00506	G
204	0.01668	0.01717	A
205	0.00655	0.00672	G
206	0.02508	0.02514	C
207	0.02816	0.02838	C
208	0.01565	0.02233	A
209	0.03835	0.04183	C
210	0.02071	0.02074	A
211	0.02023	0.02171	A
212	0.03619	0.03622	C
213	0.02571	0.02591	C
214	0.02559	0.02569	C
215	0.00819	0.00832	A
216	0.01801	0.01808	A
217	0.0208	0.02083	A
218	0.04723	0.04974	C
219	0.02041	0.02049	A
220	0.02114	0.0224	A
221	0.03627	0.03636	C
222	0.02984	0.03015	C
223	0.02643	0.02645	C
224	0.02159	0.02711	A
225	0.00514	0.00524	G
226	0.01199	0.01221	C
227	0.00904	0.01048	T
228	0.02768	0.02819	C
229	0.01158	0.01273	T
230	0.0321	0.03212	C
231	0.02663	0.02663	C
232	0.00843	0.00849	C
233	0.00726	0.00786	T
234	0.01894	0.01917	A
235	0.02097	0.02102	A
236	0.00295	0.0033	G
237	0.0194	0.01965	C
238	0.00542	0.00547	T
239	0.00743	0.00748	T
240	0.02175	0.02257	C
241	0.01767	0.01774	A
242	0.01911	0.01914	A
243	0.02285	0.02286	A
244	0.02639	0.02811	C
245	0.00737	0.00759	T
246	0.02282	0.02364	A
247	0.00332	0.00346	G
248	0.02548	0.02571	A
249	0.02994	0.0303	C
250	0.00871	0.00887	T
251	0.01954	0.02056	A
252	0.03268	0.03319	C
253	0.00993	0.00999	T
254	0.01123	0.0113	T
255	0.02173	0.02771	C
256	0.01167	0.01183	T
257	0.03457	0.03457	C
258	0.02815	0.02832	C
259	0.01378	0.02032	A
260	0.01089	0.0113	T
261	0.02186	0.02193	A
262	0.02026	0.02171	A
263	0.00994	0.01019	T
264	0.025	0.02634	A
265	0.00916	0.00916	T
266	0.00911	0.00921	T
267	0.03043	0.03132	C
268	0.02493	0.02623	A
269	0.01177	0.01222	T
270	0.01674	0.01682	C
271	0.00719	0.00722	C
272	0.00882	0.00882	C
273	0.0026	0.00271	T
274	0.00321	0.00348	G
275	0.00236	0.00258	T
276	0.00672	0.00688	A
277	0.0026	0.00287	G
278	0.0074	0.00749	C
279	0.02362	0.0239	A
280	0.0089	0.00895	T
281	0.01153	0.01157	T
282	0.00423	0.00594	G
283	0.00884	0.00885	T
284	0.00842	0.00844	T
285	0.02287	0.02334	C
286	0.00462	0.00467	G
287	0.00252	0.00253	T
288	0.00234	0.00236	T
289	0.00414	0.00556	A
290	0.00747	0.00764	C
291	0.00798	0.00808	A
292	0.00735	0.00748	T
293	0.00288	0.00291	G
294	0.00252	0.00254	G
295	0.00839	0.00859	T
296	0.03362	0.03364	C
297	0.01985	0.01998	C
298	0.01497	0.01676	A
299	0.00738	0.00821	T
300	0.01958	0.01973	C
301	0.01735	0.01829	A
302	0.00786	0.00814	T
303	0.02086	0.02146	A
304	0.00458	0.00483	G
305	0.02324	0.02327	A
306	0.02637	0.02667	A
307	0.00895	0.00906	T
308	0.01256	0.01267	T
309	0.03343	0.03634	C
310	0.01402	0.01493	T
311	0.03049	0.03079	C
312	0.02114	0.02159	A
313	0.0223	0.02243	C
314	0.00612	0.00621	T
315	0.00424	0.00446	G
316	0.00532	0.00549	T
317	0.00317	0.00357	G
318	0.01209	0.01248	A
319	0.0062	0.00624	T
320	0.0202	0.02069	A
321	0.009	0.0092	T
322	0.02156	0.02198	A
323	0.01039	0.01079	T
324	0.01796	0.01798	A
325	0.01882	0.01883	A
326	0.02898	0.02928	A
327	0.02878	0.03014	C
328	0.01421	0.01506	T
329	0.0373	0.03756	C
330	0.03638	0.04211	A
331	0.01473	0.01604	G
332	0.0346	0.0351	A
333	0.03722	0.03732	C
334	0.02793	0.02801	C
335	0.02337	0.02346	C
336	0.00882	0.00899	A
337	0.01873	0.01887	A
338	0.01656	0.01659	A
339	0.0314	0.03433	C
340	0.0193	0.01978	A
341	0.01017	0.01034	T
342	0.00955	0.0096	T
343	0.01548	0.01557	A
344	0.02193	0.022	A
345	0.01193	0.01244	T
346	0.0213	0.02143	C
347	0.01894	0.01949	A
348	0.00789	0.00809	G
349	0.00819	0.00823	T
350	0.00735	0.00737	T
351	0.02036	0.02346	C
352	0.00908	0.0091	T
353	0.01108	0.01111	T
354	0.03021	0.03194	C
355	0.01622	0.01637	A
356	0.01792	0.01799	A
357	0.01948	0.01961	A
358	0.01078	0.01222	T
359	0.02258	0.02303	A
360	0.01118	0.01131	T
361	0.03003	0.03028	C
362	0.00883	0.0091	T
363	0.02508	0.02636	A
364	0.2664	0.26794	C
365	0.01252	0.01311	T
366	0.03129	0.0322	C
367	0.01849	0.02057	A
368	0.01161	0.01226	T
369	0.03222	0.03291	C
370	0.01029	0.01031	T
371	0.0093	0.00944	T
372	0.029	0.02901	C
373	0.0217	0.02178	C
374	0.01155	0.01188	T
375	0.01759	0.01801	A
376	0.01739	0.01759	A
377	0.01188	0.01194	T
378	0.01565	0.01573	T
379	0.0202	0.03398	A
380	0.04623	0.0465	C
381	0.03014	0.0303	C
382	0.01163	0.02524	A
383	0.01228	0.01251	T
384	0.02084	0.02106	A
385	0.03226	0.03321	C
386	0.01	0.01031	T
387	0.0182	0.01827	A
388	0.02054	0.02108	A
389	0.00741	0.00767	T
390	0.02662	0.02682	C
391	0.00753	0.00754	T
392	0.00738	0.00741	T
393	0.02988	0.0379	A
394	0.00308	0.00316	G
395	0.00753	0.00754	T
396	0.01546	0.01559	T
397	0.02447	0.03599	A
398	0.04455	0.04469	C
399	0.0412	0.04126	C
400	0.00474	0.0055	G
401	0.01474	0.01506	C
402	0.00578	0.00588	T
403	0.02188	0.02213	A
404	0.02034	0.02046	A
405	0.03503	0.03543	C
406	0.02224	0.02229	A
407	0.02028	0.02076	A
408	0.03777	0.03781	C
409	0.02234	0.02251	C
410	0.0084	0.0092	T
411	0.02018	0.02621	A
412	0.01162	0.01166	T
413	0.0114	0.0115	T
414	0.03305	0.03315	C
415	0.03415	0.03427	C
416	0.0184	0.0184	A
417	0.03372	0.03381	A
418	0.0235	0.02377	C
419	0.00637	0.00642	T
420	0.004	0.00494	G
421	0.00483	0.00484	T
422	0.00604	0.00605	T
423	0.01483	0.01515	C
424	0.01455	0.01501	A
425	0.00555	0.00581	T
426	0.01574	0.01582	C
427	0.00261	0.00263	G
428	0.0035	0.00351	G
429	0.00328	0.00332	C
430	0.00181	0.00184	T
431	0.00293	0.00319	G
432	0.0181	0.01873	A
433	0.00263	0.00271	G
434	0.02888	0.02932	A
435	0.00282	0.00282	G
436	0.00218	0.00218	G
437	0.00319	0.0032	G
438	0.00549	0.00614	C
439	0.00497	0.00503	G
440	0.00183	0.00203	T
441	0.00525	0.00537	A
442	0.00194	0.00194	G
443	0.00355	0.00356	G
444	0.00941	0.00942	A
445	0.0197	0.01976	A
446	0.00657	0.00661	T
447	0.00969	0.00971	T
448	0.01669	0.02594	A
449	0.00761	0.00849	T
450	0.0274	0.02967	A
451	0.00608	0.00617	T
452	0.0156	0.01572	C
453	0.01367	0.01376	C
454	0.00578	0.00578	T
455	0.00518	0.00519	T
456	0.01667	0.01893	C
457	0.00879	0.00879	T
458	0.00915	0.0092	T
459	0.00324	0.0039	G
460	0.02672	0.02682	C
461	0.00974	0.01006	T
462	0.01161	0.01169	C
463	0.01495	0.01593	A
464	0.00498	0.005	T
465	0.95119	0.95594	C
466	0.02279	0.02296	A
467	0.00283	0.0033	G
468	0.00896	0.00898	T
469	0.00696	0.00703	T
470	0.00252	0.00269	G
471	0.01147	0.01163	A
472	0.00485	0.00501	T
473	0.00342	0.00363	G
474	0.01834	0.01885	A
475	0.00449	0.0046	T
476	0.01135	0.01175	A
477	0.0117	0.01193	C
478	0.00426	0.00432	G
479	0.0168	0.0168	C
480	0.0114	0.0114	C
481	0.01332	0.01335	C
482	0.00377	0.00438	G
483	0.02224	0.02246	A
484	0.00441	0.00455	G
485	0.016	0.01613	C
486	0.02093	0.02158	A
487	0.00398	0.00411	G
488	0.0176	0.01861	A
489	0.00806	0.00834	T
490	0.00361	0.00377	G
491	0.04366	0.0437	C
492	0.02572	0.02585	C
493	0.0237	0.0239	A
494	0.0232	0.02321	A
495	0.04538	0.04631	C
496	0.03464	0.03659	A
497	0.04181	0.04326	C
498	0.03289	0.03424	A
499	0.00617	0.00731	G
500	0.02334	0.02521	C
501	0.01734	0.01841	A
502	0.00446	0.00451	G
503	0.02718	0.02732	C
504	0.01795	0.01805	C
505	0.02202	0.02337	A
506	0.01007	0.01014	T
507	0.00785	0.00785	T
508	0.03158	0.03224	C
509	0.0254	0.02546	A
510	0.03082	0.03101	A
511	0.00481	0.00545	G
512	0.02845	0.03013	C
513	0.01762	0.0177	A
514	0.02069	0.02122	A
515	0.00941	0.00983	T
516	0.05041	0.05045	C
517	0.01724	0.01748	C
518	0.00803	0.00826	T
519	0.02465	0.02558	A
520	0.00819	0.00873	T
521	0.0232	0.02363	A
522	0.03335	0.03474	C
523	0.01835	0.01839	A
524	0.02183	0.02247	A
525	0.01529	0.01533	C
526	0.01331	0.01344	C
527	0.00513	0.00622	G
528	0.00422	0.00513	T
529	0.0215	0.02194	A
530	0.00839	0.00867	T
531	0.02781	0.02793	C
532	0.00307	0.00308	G
533	0.00222	0.00224	G
534	0.00794	0.00798	C
535	0.00331	0.00337	G
536	0.01144	0.01214	A
537	0.00499	0.00518	T
538	0.01995	0.02042	A
539	0.01193	0.01218	T
540	0.01515	0.01525	C
541	0.00314	0.00315	G
542	0.00425	0.00425	G
543	0.00262	0.00262	T
544	0.00864	0.00867	T
545	0.01059	0.01067	T
546	0.1805	0.18189	C
547	0.01904	0.01965	A
548	0.00912	0.00926	T
549	0.02609	0.0261	C
550	0.01734	0.01753	C
551	0.00589	0.00661	T
552	0.01238	0.01246	C
553	0.00331	0.00371	G
554	0.00972	0.00972	C
555	0.00743	0.00746	C
556	0.00822	0.0083	T
557	0.01184	0.01186	T
558	0.02267	0.02949	A
559	0.00426	0.00462	G
560	0.03433	0.03468	C
561	0.02383	0.02412	A
562	0.01139	0.0116	T
563	0.00294	0.00326	G
564	0.02392	0.02411	A
565	0.00723	0.00723	T
566	0.0079	0.00795	T
567	0.01007	0.01009	T
568	0.02144	0.02305	A
569	0.01026	0.01062	T
570	0.03246	0.03282	C
571	0.02207	0.02225	C
572	0.01089	0.01155	T
573	0.03331	0.03429	A
574	0.03555	0.03601	C
575	0.02717	0.0291	A
576	0.02856	0.029	C
577	0.0094	0.00975	T
578	0.02994	0.02995	C
579	0.02094	0.02113	C
580	0.01446	0.01496	A
581	0.02015	0.02022	A
582	0.02541	0.0259	C
583	0.00678	0.00777	T
584	0.02411	0.02429	C
585	0.02022	0.02202	A
586	0.00881	0.00889	T
587	0.00836	0.00867	G
588	0.02951	0.03187	A
589	0.00978	0.01024	G
590	0.01594	0.01677	A
591	0.02153	0.02165	C
592	0.0222	0.02226	C
593	0.022	0.02217	C
594	0.01273	0.01776	A
595	0.0344	0.03554	C
596	0.01911	0.01925	A
597	0.01752	0.01761	A
598	0.038	0.0385	C
599	0.01121	0.01123	A
600	0.02024	0.02025	A
601	0.01852	0.01879	A
602	0.01193	0.01275	T
603	0.02787	0.02896	A
604	0.00624	0.00657	G
605	0.0349	0.03499	C
606	0.01213	0.01213	C
607	0.01203	0.01204	C
608	0.00522	0.00527	T
609	0.00522	0.00525	T
610	0.0127	0.01581	C
611	0.00523	0.00542	T
612	0.01028	0.01047	A
613	0.02118	0.02121	A
614	0.02402	0.02403	A
615	0.04303	0.0453	C
616	0.00422	0.00434	G
617	0.01357	0.01369	C
618	0.00539	0.00592	T
619	0.01093	0.01108	A
620	0.01763	0.01777	A
621	0.01098	0.01141	T
622	0.03006	0.03012	C
623	0.01851	0.01855	C
624	0.01847	0.01857	A
625	0.0296	0.02972	A
626	0.0089	0.01156	G
627	0.00806	0.0081	C
628	0.00571	0.00573	C
629	0.01555	0.02097	T
630	0.01624	0.01665	C
631	0.01512	0.01997	A
632	0.02476	0.02476	C
633	0.01842	0.01843	C
634	0.02255	0.02255	C
635	0.02076	0.02083	C
636	0.01641	0.02969	A
637	0.00578	0.00583	C
638	0.00179	0.00184	T
639	0.01716	0.01731	A
640	0.0055	0.00557	C
641	0.00202	0.00216	T
642	0.0043	0.0052	A
643	0.00168	0.00179	G
644	0.00259	0.00266	G
645	0.13998	0.14001	C
646	0.00917	0.00928	C
647	0.01073	0.01427	T
648	0.01917	0.01918	C
649	0.01383	0.01404	C
650	0.00306	0.00409	T
651	0.00417	0.00417	C
652	0.0025	0.00256	C
653	0.00222	0.00245	T
654	0.00546	0.00564	A
655	0.00219	0.0026	G
656	0.01245	0.0127	C
657	0.00847	0.00862	A
658	0.00447	0.00521	G
659	0.0286	0.02934	C
660	0.02027	0.02074	A
661	0.00507	0.00555	G
662	0.02832	0.02963	C
663	0.01046	0.01093	A
664	0.00162	0.00163	G
665	0.00251	0.00252	G
666	0.00515	0.0054	C
667	0.01025	0.0103	A
668	0.01831	0.01834	A
669	0.01797	0.01799	A
670	0.0085	0.01062	T
671	0.02599	0.02683	C
672	0.02074	0.02278	A
673	0.00549	0.00578	G
674	0.0196	0.01963	C
675	0.01686	0.01687	C
676	0.02831	0.02835	C
677	0.01392	0.01394	A
678	0.02037	0.0204	A
679	0.00729	0.00731	T
680	0.00755	0.00755	T
681	0.0203	0.0232	A
682	0.0024	0.00242	G
683	0.00616	0.00616	G
684	0.00527	0.00548	T
685	0.00932	0.00938	C
686	0.00989	0.0107	T
687	0.02191	0.02192	C
688	0.03202	0.03232	C
689	0.01351	0.02281	A
690	0.03144	0.03145	C
691	0.02353	0.02353	C
692	0.02062	0.02062	C
693	0.01384	0.01387	C
694	0.00586	0.00629	T
695	0.00301	0.00622	G
696	0.025	0.02592	A
697	0.02425	0.02475	C
698	0.01135	0.01231	T
699	0.02756	0.02762	C
700	0.02455	0.02457	C
701	0.01916	0.01917	C
702	0.02212	0.02214	C
703	0.00609	0.00823	T
704	0.02074	0.02127	C
705	0.01412	0.01778	A
706	0.00311	0.00322	G
707	0.0093	0.00931	C
708	0.01502	0.01502	C
709	0.02296	0.03301	A
710	0.00531	0.00546	T
711	0.01853	0.01869	A
712	0.00311	0.00324	G
713	0.01688	0.01689	A
714	0.01643	0.01684	A
715	0.00422	0.00424	G
716	0.00418	0.00421	G
717	0.01169	0.0117	C
718	0.02209	0.0221	C
719	0.02396	0.02397	C
720	0.02569	0.02581	C
721	0.01387	0.02075	A
722	0.03406	0.03407	C
723	0.03017	0.03017	C
724	0.02725	0.02725	C
725	0.02852	0.02856	C
726	0.01989	0.02473	A
727	0.0036	0.00366	G
728	0.00616	0.00673	T
729	0.01818	0.01825	C
730	0.00755	0.00929	T
731	0.02156	0.02219	C
732	0.02351	0.02593	A
733	0.00662	0.00688	G
734	0.03148	0.0315	C
735	0.02311	0.02312	C
736	0.02261	0.02271	C
737	0.00793	0.00952	T
738	0.01715	0.01999	A
739	0.05328	0.05383	C
740	0.00988	0.01062	T
741	0.0386	0.03861	C
742	0.02434	0.02449	C
743	0.01363	0.01938	A
744	0.02495	0.02531	C
745	0.00795	0.00952	T
746	0.02546	0.02628	C
747	0.02052	0.02123	A
748	0.02737	0.02747	A
749	0.00556	0.00751	G
750	0.02436	0.02456	C
751	0.02429	0.02449	A
752	0.03135	0.03163	C
753	0.00676	0.00688	T
754	0.01924	0.01974	A
755	0.0075	0.00757	T
756	0.02046	0.02091	A
757	0.00325	0.0035	G
758	0.00547	0.00548	T
759	0.00579	0.00581	T
760	0.00362	0.00393	G
761	0.00676	0.00739	T
762	0.01919	0.01956	A
763	0.00473	0.00519	G
764	0.02615	0.02638	C
765	0.02257	0.02297	A
766	0.00271	0.00273	G
767	0.00326	0.0033	G
768	0.01418	0.01419	A
769	0.02157	0.0217	A
770	0.00808	0.00862	T
771	0.0277	0.02811	C
772	0.00799	0.008	T
773	0.00839	0.00858	T
774	0.0318	0.03617	C
775	0.01452	0.01452	T
776	0.01492	0.01497	T
777	0.01504	0.02893	A
778	0.04096	0.04123	C
779	0.01489	0.01569	T
780	0.03112	0.03203	C
781	0.02041	0.02317	A
782	0.01041	0.01091	T
783	0.03258	0.03267	C
784	0.0675	0.06838	C
785	0.00539	0.00802	G
786	0.02683	0.02853	C
787	0.00863	0.00882	T
788	0.01421	0.01477	T
789	0.04296	0.04306	C
790	0.03166	0.03193	C
791	0.01963	0.03025	A
792	0.02542	0.02543	C
793	0.03797	0.03798	C
794	0.03043	0.03043	C
795	0.03401	0.03401	C
796	0.02219	0.02222	C
797	0.00712	0.00744	T
798	0.02091	0.02132	A
799	0.00283	0.00306	G
800	0.02156	0.02187	C
801	0.01965	0.02004	A
802	0.00435	0.00455	G
803	0.01493	0.01494	A
804	0.01121	0.01121	A
805	0.02138	0.02138	A
806	0.01406	0.01408	A
807	0.00819	0.00941	T
808	0.02496	0.02586	A
809	0.00932	0.01014	G
810	0.01991	0.01997	C
811	0.0156	0.01561	C
812	0.01493	0.01495	C
813	0.02161	0.02698	A
814	0.02593	0.02617	C
815	0.00671	0.00697	T
816	0.00814	0.00827	A
817	0.01439	0.01455	A
818	0.00753	0.0079	T
819	0.02848	0.02861	C
820	0.02908	0.02915	C
821	0.00886	0.00892	A
822	0.02003	0.02013	A
823	0.0355	0.03555	A
824	0.02553	0.02689	C
825	0.00839	0.00857	T
826	0.02341	0.02386	C
827	0.01829	0.01892	T
828	0.03124	0.03151	A
829	0.01747	0.01782	A
830	0.05369	0.05447	C
831	0.02891	0.02915	A
832	0.02664	0.02722	C
833	0.00673	0.00697	T
834	0.01946	0.02093	A
835	0.0076	0.00769	T
836	0.00268	0.00297	G
837	0.03246	0.03278	C
838	0.0051	0.0051	T
839	0.00523	0.00529	T
840	0.01826	0.02203	A
841	0.0014	0.00141	G
842	0.002	0.00202	G
843	0.05269	0.05308	C
844	0.00327	0.00331	G
845	0.00654	0.00668	C
846	0.00268	0.00276	T
847	0.01301	0.01344	A
848	0.00575	0.00618	T
849	0.0338	0.03445	C
850	0.02808	0.02847	A
851	0.04552	0.04554	C
852	0.02921	0.02957	C
853	0.01345	0.01886	A
854	0.02659	0.02693	C
855	0.00424	0.00431	T
856	0.01134	0.01138	C
857	0.00324	0.00326	T
858	0.00271	0.00357	G
859	0.00458	0.00458	T
860	0.0086	0.00869	T
861	0.02654	0.02727	C
862	0.0048	0.00539	G
863	0.01221	0.01264	C
864	0.01171	0.01191	A
865	0.00505	0.00566	G
866	0.03207	0.03261	C
867	0.02193	0.02258	A
868	0.00356	0.00359	G
869	0.00559	0.00596	T
870	0.0138	0.01385	C
871	0.00255	0.0026	T
872	0.00216	0.00273	G
873	0.00455	0.00472	C
874	0.00509	0.00541	G
875	0.0588	0.05883	C
876	0.01601	0.01602	C
877	0.02445	0.0245	C
878	0.00688	0.00691	T
879	0.00884	0.00904	T
880	0.01217	0.01932	A
881	0.04005	0.04056	C
882	0.02028	0.02054	A
883	0.06181	0.06455	C
884	0.01474	0.01475	A
885	0.01063	0.01064	A
886	0.01615	0.01616	A
887	0.01992	0.01997	A
888	0.01224	0.01343	T
889	0.00456	0.00521	G
890	0.02662	0.02699	A
891	0.04593	0.04688	C
892	0.01923	0.01939	A
893	0.01663	0.01823	T
894	0.03295	0.03524	C
895	0.00063	0.00065	A
896	0.00029	0.00029	A
897	0.00074	0.00075	A
898	0.0069	0.00692	A
899	0.00421	0.00422	A
900	0.00692	0.00693	A
901	0.009	0.00901	A
902	0.01087	0.01176	T
903	0.03203	0.03223	C
904	0.00969	0.01	G
905	0.00668	0.00915	T
906	0.02171	0.02244	A
907	0.00403	0.00413	G
908	0.02651	0.02665	C
909	0.02193	0.02196	C
910	0.00802	0.00812	T
911	0.01282	0.01294	T
912	0.03277	0.043	C
913	0.00965	0.01011	T
914	0.04444	0.04445	C
915	0.0292	0.02954	C
916	0.01375	0.02094	A
917	0.02834	0.02856	C
918	0.00656	0.00673	T
919	0.0077	0.00772	T
920	0.02615	0.02714	C
921	0.02243	0.02257	A
922	0.01988	0.01997	A
923	0.00267	0.00289	G
924	0.00598	0.00698	T
925	0.02135	0.02169	C
926	0.02116	0.0212	A
927	0.0213	0.02133	A
928	0.0267	0.02708	C
929	0.00637	0.00644	T
930	0.02571	0.02634	A
931	0.00242	0.00247	G
932	0.002	0.00201	G
933	0.01006	0.01279	A
934	0.01348	0.01358	C
935	0.00347	0.00431	T
936	0.02344	0.02355	C
937	0.01293	0.01379	A
938	0.00699	0.00714	T
939	0.0134	0.0134	A
940	0.01349	0.01463	A
941	0.00706	0.00717	T
942	0.01665	0.01707	A
943	0.00319	0.00333	G
944	0.00745	0.00747	T
945	0.00832	0.00843	T
946	0.01245	0.02299	A
947	0.04127	0.04176	C
948	0.02281	0.02283	A
949	0.02417	0.02446	A
950	0.01228	0.01303	T
951	0.03123	0.03158	C
952	0.00414	0.00415	G
953	0.00411	0.00414	G
954	0.017	0.01802	C
955	0.02407	0.02453	A
956	0.00945	0.01163	T
957	0.03158	0.03244	C
958	0.02138	0.0217	A
959	0.02349	0.02354	A
960	0.03332	0.0334	C
961	0.02872	0.02881	C
962	0.01392	0.01425	A
963	0.02143	0.02155	A
964	0.03431	0.0344	C
965	0.03903	0.03945	C
966	0.01486	0.02511	A
967	0.04121	0.04287	C
968	0.01818	0.0201	A
969	0.03734	0.03734	C
970	0.01792	0.01817	C
971	0.00766	0.00814	T
972	0.02486	0.02533	A
973	0.00277	0.00285	G
974	0.02832	0.0294	C
975	0.02112	0.02199	A
976	0.00776	0.00781	T
977	0.00583	0.00583	T
978	0.02236	0.02238	C
979	0.01684	0.01694	C
980	0.00723	0.00764	T
981	0.00374	0.00424	G
982	0.01931	0.01962	C
983	0.02266	0.02352	A
984	0.03435	0.03473	C
985	0.01581	0.01631	A
986	0.00878	0.00902	T
987	0.02401	0.0251	C
988	0.01272	0.01282	T
989	0.01871	0.02009	G
990	0.0175	0.01919	T
991	0.02012	0.02123	A
992	0.02831	0.02836	C
993	0.02298	0.02304	C
994	0.01805	0.01808	C
995	0.02148	0.02468	A
996	0.04492	0.04527	C
997	0.00501	0.00546	G
998	0.02437	0.02439	C
999	0.019	0.01902	C
1000	0.00649	0.00661	T
1001	0.00909	0.00912	T
1002	0.01814	0.02325	C
1003	0.00792	0.00793	T
1004	0.00877	0.00884	T
1005	0.02668	0.02817	C
1006	0.01839	0.01866	A
1007	0.0224	0.02245	A
1008	0.01876	0.01878	A
1009	0.00367	0.0038	G
1010	0.01106	0.01109	C
1011	0.00928	0.0093	C
1012	0.00607	0.01266	A
1013	0.00493	0.00507	T
1014	0.01154	0.01168	A
1015	0.03818	0.03902	C
1016	0.00603	0.00617	T
1017	0.01664	0.01732	A
1018	0.0064	0.00641	T
1019	0.00698	0.00699	T
1020	0.00462	0.00462	T
1021	0.00409	0.00453	A
1022	0.0023	0.00233	T
1023	0.00188	0.00193	G
1024	0.00798	0.00819	T
1025	0.00361	0.00381	G
1026	0.0109	0.01105	C
1027	0.00341	0.00356	T
1028	0.02376	0.02377	C
1029	0.02084	0.02087	C
1030	0.00185	0.00187	G
1031	0.00232	0.00234	G
1032	0.0049	0.00491	G
1033	0.0049	0.00535	T
1034	0.02503	0.02506	C
1035	0.01508	0.01518	C
1036	0.01723	0.01939	A
1037	0.01243	0.01357	T
1038	0.02628	0.02688	C
1039	0.01778	0.0191	A
1040	0.01626	0.01687	T
1041	0.03517	0.03544	C
1042	0.02979	0.03025	C
1043	0.0145	0.02308	A
1044	0.03416	0.03878	C
1045	0.01855	0.01857	A
1046	0.0212	0.02151	A
1047	0.02888	0.02894	C
1048	0.02285	0.02307	C
1049	0.00783	0.00794	T
1050	0.0112	0.01128	T
1051	0.01616	0.01629	A
1052	0.01861	0.01864	A
1053	0.04294	0.04328	C
1054	0.02167	0.02179	A
1055	0.02115	0.02138	A
1056	0.00984	0.01002	T
1057	0.00565	0.00653	G
1058	0.01628	0.01634	A
1059	0.02128	0.02137	A
1060	0.04893	0.0496	C
1061	0.0237	0.02374	A
1062	0.02461	0.02495	A
1063	0.00486	0.00527	G
1064	0.01871	0.01897	A
1065	0.00983	0.01006	T
1066	0.02343	0.02436	A
1067	0.00734	0.00735	T
1068	0.00848	0.00875	T
1069	0.02809	0.02925	C
1070	0.00834	0.00922	G
1071	0.00257	0.00265	A
1072	0.0131	0.01317	A
1073	0.00706	0.00706	A
1074	0.0186	0.01861	A
1075	0.01795	0.01796	A
1076	0.01043	0.01077	T
1077	0.02848	0.02869	A
1078	0.00223	0.00225	G
1079	0.002	0.00201	G
1080	0.0078	0.00862	A
1081	0.0038	0.00381	G
1082	0.00287	0.00292	G
1083	0.02469	0.03187	A
1084	0.0288	0.02959	C
1085	0.00727	0.00793	T
1086	0.02136	0.02219	A
1087	0.02953	0.02989	C
1088	0.00856	0.00958	T
1089	0.0377	0.03824	C
1090	0.02137	0.02166	A
1091	0.01627	0.01639	A
1092	0.01899	0.01903	A
1093	0.02375	0.0238	A
1094	0.03272	0.03333	C
1095	0.02273	0.02284	C
1096	0.01503	0.02714	A
1097	0.01652	0.01719	T
1098	0.02914	0.0298	A
1099	0.04312	0.04336	C
1100	0.02206	0.02227	C
1101	0.00877	0.01018	T
1102	0.02704	0.02748	C
1103	0.01336	0.0144	T
1104	0.03016	0.03043	C
1105	0.01935	0.02009	A
1106	0.03513	0.03545	C
1107	0.00946	0.00957	T
1108	0.00959	0.00966	T
1109	0.03256	0.03346	C
1110	0.0243	0.02479	A
1111	0.02772	0.0278	A
1112	0.02549	0.02552	C
1113	0.01581	0.01607	C
1114	0.01117	0.01371	T
1115	0.01913	0.01913	C
1116	0.01434	0.01434	C
1117	0.02489	0.02521	C
1118	0.01052	0.01204	T
1119	0.02782	0.02815	C
1120	0.01806	0.01908	A
1121	0.04012	0.04012	C
1122	0.02354	0.02367	C
1123	0.02135	0.02349	A
1124	0.0101	0.01014	T
1125	0.01126	0.01127	T
1126	0.00339	0.00342	G
1127	0.00358	0.00363	G
1128	0.02951	0.03021	C
1129	0.02953	0.03076	A
1130	0.00527	0.00533	G
1131	0.021	0.02103	C
1132	0.01188	0.01199	C
1133	0.00633	0.00668	T
1134	0.02405	0.02447	A
1135	0.00486	0.00511	G
1136	0.02057	0.02072	C
1137	0.02566	0.02608	A
1138	0.00806	0.00814	T
1139	0.0088	0.00886	T
1140	0.02117	0.02514	A
1141	0.00282	0.00308	G
1142	0.0167	0.01681	C
1143	0.00895	0.00919	A
1144	0.00174	0.00175	G
1145	0.00266	0.00267	G
1146	0.01274	0.01281	A
1147	0.01417	0.01426	A
1148	0.00943	0.01032	T
1149	0.02708	0.02753	A
1150	0.04293	0.04321	C
1151	0.02198	0.02208	C
1152	0.00222	0.00224	T
1153	0.00738	0.0074	T
1154	0.00493	0.00494	T
1155	0.01644	0.01652	C
1156	0.01638	0.01645	C
1157	0.0057	0.00713	T
1158	0.02953	0.0299	C
1159	0.02082	0.02237	A
1160	0.03949	0.03978	C
1161	0.0233	0.02382	A
1162	0.00186	0.00188	G
1163	0.00381	0.00383	G
1164	0.00157	0.00158	T
1165	0.00256	0.00256	T
1166	0.00274	0.00275	T
1167	0.00878	0.00912	C
1168	0.00514	0.00545	T
1169	0.02294	0.02781	A
1170	0.03469	0.03514	C
1171	0.0094	0.00992	T
1172	0.02994	0.02994	C
1173	0.02595	0.02617	C
1174	0.0163	0.01645	A
1175	0.02057	0.02059	A
1176	0.03316	0.03332	A
1177	0.0088	0.00904	G
1178	0.0332	0.03353	A
1179	0.04412	0.04422	C
1180	0.03053	0.03065	C
1181	0.0181	0.02157	A
1182	0.02473	0.02529	C
1183	0.01834	0.01945	A
1184	0.00961	0.0108	T
1185	0.02753	0.02795	C
1186	0.02538	0.02619	A
1187	0.00837	0.00867	T
1188	0.0285	0.02889	C
1189	0.00504	0.0053	G
1190	0.00698	0.00714	A
1191	0.00893	0.00896	A
1192	0.00992	0.00994	A
1193	0.0134	0.01349	C
1194	0.01483	0.01492	C
1195	0.00573	0.00753	G
1196	0.0351	0.03849	C
1197	0.02004	0.02033	A
1198	0.02169	0.02188	A
1199	0.02083	0.02086	A
1200	0.04017	0.04251	C
1201	0.02143	0.02203	A
1202	0.01259	0.01308	T
1203	0.02089	0.02107	A
1204	0.01206	0.01351	T
1205	0.03259	0.0334	C
1206	0.02635	0.02769	A
1207	0.01379	0.01463	T
1208	0.02622	0.02715	A
1209	0.03957	0.04086	C
1210	0.02085	0.02131	A
1211	0.03878	0.04043	C
1212	0.02167	0.02167	A
1213	0.02216	0.02217	A
1214	0.02848	0.02897	A
1215	0.03874	0.0417	C
1216	0.00657	0.00671	G
1217	0.0281	0.02811	C
1218	0.01872	0.01875	C
1219	0.00835	0.00915	T
1220	0.00374	0.00493	G
1221	0.02075	0.02205	A
1222	0.00716	0.0075	G
1223	0.05831	0.05844	C
1224	0.02795	0.028	C
1225	0.01572	0.01579	C
1226	0.00826	0.0089	T
1227	0.01916	0.01955	A
1228	0.01108	0.01119	T
1229	0.02476	0.025	C
1230	0.00874	0.00893	T
1231	0.02052	0.02176	A
1232	0.02645	0.02646	T
1233	0.01274	0.01317	T
1234	0.01394	0.02563	A
1235	0.03158	0.03204	C
1236	0.00866	0.00898	T
1237	0.02751	0.02798	C
1238	0.00815	0.0089	T
1239	0.02495	0.02547	C
1240	0.02167	0.0244	A
1241	0.01102	0.01149	T
1242	0.03602	0.03616	C
1243	0.00651	0.00669	G
1244	0.01669	0.0185	C
1245	0.00984	0.01018	T
1246	0.03748	0.04096	A
1247	0.04489	0.04512	C
1248	0.02686	0.02794	C
1249	0.01576	0.02069	T
1250	0.02968	0.02968	C
1251	0.02732	0.02733	C
1252	0.02192	0.02218	C
1253	0.00893	0.00985	T
1254	0.00347	0.00373	G
1255	0.01971	0.01984	A
1256	0.03444	0.03467	C
1257	0.02727	0.02749	A
1258	0.02328	0.02362	A
1259	0.00523	0.00588	G
1260	0.02239	0.02294	C
1261	0.00543	0.0055	G
1262	0.04271	0.04271	C
1263	0.01894	0.01903	C
1264	0.00641	0.00682	T
1265	0.01772	0.02103	A
1266	0.00954	0.0097	T
1267	0.02768	0.02833	A
1268	0.00447	0.00481	G
1269	0.02497	0.02545	C
1270	0.02288	0.02417	A
1271	0.03251	0.03289	C
1272	0.0086	0.00911	T
1273	0.03859	0.0387	C
1274	0.00753	0.00783	G
1275	0.01786	0.0179	A
1276	0.01854	0.01861	A
1277	0.00994	0.0104	T
1278	0.0151	0.01513	A
1279	0.01767	0.02041	A
1280	0.00856	0.00863	T
1281	0.91441	0.91496	T
1282	0.03387	0.03428	C
1283	0.00855	0.00855	T
1284	0.0107	0.01116	T
1285	0.03174	0.03371	C
1286	0.01861	0.02134	T
1287	0.03365	0.03495	C
1288	0.01689	0.01789	A
1289	0.03169	0.03177	C
1290	0.02105	0.02105	C
1291	0.01433	0.0144	C
1292	0.00676	0.00752	T
1293	0.02205	0.02228	A
1294	0.0206	0.02068	A
1295	0.04139	0.04187	C
1296	0.03303	0.03528	A
1297	0.0026	0.00267	G
1298	0.00788	0.00794	G
1299	0.00786	0.01004	T
1300	0.05448	0.05581	C
1301	0.02403	0.02411	A
1302	0.024	0.02414	A
1303	0.0432	0.04327	C
1304	0.02594	0.02624	C
1305	0.00787	0.009	T
1306	0.0449	0.04503	C
1307	0.00843	0.01024	G
1308	0.01729	0.01816	C
1309	0.01199	0.01207	T
1310	0.01118	0.01144	T
1311	0.04457	0.04462	C
1312	0.02735	0.0275	C
1313	0.02849	0.02855	C
1314	0.01647	0.01665	C
1315	0.01075	0.01699	A
1316	0.03357	0.03358	C
1317	0.02223	0.02224	C
1318	0.01968	0.01977	C
1319	0.00736	0.00748	T
1320	0.00833	0.00843	T
1321	0.00853	0.01463	A
1322	0.03203	0.03241	C
1323	0.0116	0.01198	T
1324	0.01972	0.0199	A
1325	0.01672	0.01697	A
1326	0.03732	0.03759	C
1327	0.021	0.02141	A
1328	0.01168	0.01181	T
1329	0.013	0.01316	T
1330	0.01537	0.01543	A
1331	0.02041	0.02062	A
1332	0.04591	0.04674	C
1333	0.00785	0.00839	G
1334	0.01835	0.01839	A
1335	0.01078	0.01089	A
1336	0.0188	0.01884	A
1337	0.01969	0.01979	A
1338	0.01893	0.02254	T
1339	0.02701	0.02702	A
1340	0.02213	0.02369	A
1341	0.04965	0.05106	C
1342	0.03349	0.03366	C
1343	0.03228	0.03231	C
1344	0.0244	0.02453	C
1345	0.01744	0.02198	A
1346	0.03814	0.03814	C
1347	0.03273	0.03274	C
1348	0.02266	0.02289	C
1349	0.00723	0.00864	T
1350	0.01653	0.02061	A
1351	0.02755	0.02787	C
1352	0.01	0.01037	T
1353	0.012	0.01214	A
1354	0.0198	0.02009	A
1355	0.02753	0.02769	A
1356	0.0473	0.04772	C
1357	0.03124	0.03132	C
1358	0.02795	0.02799	C
1359	0.02238	0.02238	C
1360	0.01692	0.0201	A
1361	0.00969	0.00976	T
1362	0.00911	0.00919	T
1363	0.01536	0.01546	A
1364	0.01983	0.02011	A
1365	0.0274	0.02756	A
1366	0.04269	0.04498	C
1367	0.00529	0.00543	G
1368	0.01925	0.01925	C
1369	0.01455	0.01459	C
1370	0.00505	0.00562	T
1371	0.00277	0.0028	G
1372	0.00277	0.00295	G
1373	0.0114	0.01202	C
1374	0.21738	0.21942	A
1375	0.00432	0.00445	G
1376	0.01709	0.01727	C
1377	0.01976	0.02042	C
1378	0.00426	0.00427	G
1379	0.00232	0.00238	G
1380	0.01206	0.01218	A
1381	0.0165	0.01653	A
1382	0.00378	0.00396	G
1383	0.02352	0.02355	C
1384	0.01012	0.01014	C
1385	0.00539	0.00566	T
1386	0.021	0.02315	A
1387	0.00681	0.00681	T
1388	0.00803	0.00811	T
1389	0.02949	0.03034	C
1390	0.00618	0.00664	G
1391	0.02384	0.02425	C
1392	0.02111	0.02148	A
1393	0.00249	0.0025	G
1394	0.00373	0.00377	G
1395	0.02915	0.03407	A
1396	0.0042	0.00424	T
1397	0.00766	0.00767	T
1398	0.0096	0.00961	T
1399	0.02816	0.02919	C
1400	0.01425	0.01545	T
1401	0.02873	0.02905	C
1402	0.02315	0.02435	A
1403	0.01619	0.0162	T
1404	0.01414	0.01439	T
1405	0.01327	0.02335	A
1406	0.03851	0.03896	C
1407	0.01589	0.01641	T
1408	0.02339	0.02346	A
1409	0.02156	0.02201	A
1410	0.04315	0.04402	C
1411	0.02509	0.02511	A
1412	0.02972	0.03007	A
1413	0.03796	0.03867	C
1414	0.02872	0.03006	A
1415	0.00671	0.00698	T
1416	0.01598	0.01603	T
1417	0.02189	0.02193	T
1418	0.02899	0.02924	C
1419	0.0509	0.05096	C
1420	0.03235	0.03236	C
1421	0.02709	0.02709	C
1422	0.03852	0.03854	C
1423	0.00639	0.00766	G
1424	0.01957	0.0307	C
1425	0.03155	0.0416	A
1426	0.01715	0.01825	T
1427	0.03969	0.03974	C
1428	0.03432	0.03447	C
1429	0.03415	0.0342	C
1430	0.02351	0.02352	C
1431	0.01882	0.01883	C
1432	0.02468	0.02486	T
1433	0.01016	0.01018	T
1434	0.02373	0.02374	C
1435	0.026	0.02607	C
1436	0.01188	0.01209	A
1437	0.01968	0.01976	A
1438	0.02272	0.02296	A
1439	0.04304	0.04586	C
1440	0.02067	0.02069	A
1441	0.02324	0.02337	A
1442	0.04222	0.04322	C
1443	0.02072	0.02072	A
1444	0.02744	0.02793	A
1445	0.03324	0.03992	T
1446	0.03428	0.03481	C
1447	0.04312	0.05355	C
1448	0.03062	0.03066	C
1449	0.04983	0.04984	C
1450	0.01488	0.01491	C
1451	0.03381	0.03432	T
1452	0.02294	0.02332	C
1453	0.00787	0.00806	T
1454	0.01524	0.01582	A
1455	0.02372	0.02376	C
1456	0.02069	0.02087	C
1457	0.01292	0.01404	T
1458	0.01695	0.01731	A
1459	0.01289	0.01293	A
1460	0.02618	0.02622	A
1461	0.02526	0.02529	A
1462	0.03533	0.03959	C
1463	0.01454	0.01566	T
1464	0.03541	0.03564	C
1465	0.0184	0.02065	A
1466	0.01314	0.01362	C
1467	0.01004	0.01176	A
1468	0.00604	0.0066	G
1469	0.01287	0.01295	C
1470	0.01861	0.01862	C
1471	0.0251	0.02514	C
1472	0.0089	0.00957	T
1473	0.04006	0.04014	C
1474	0.00346	0.00357	G
1475	0.00684	0.00696	C
1476	0.00384	0.0039	T
1477	0.00532	0.00562	G
1478	0.01135	0.01201	T
1479	0.06804	0.06818	C
1480	0.01997	0.02013	A
1481	0.04135	0.04175	C
1482	0.0031	0.0031	T
1483	0.01005	0.01007	T
1484	0.00803	0.00804	T
1485	0.03006	0.03007	C
1486	0.00361	0.00361	C
1487	0.00135	0.0014	T
1488	0.00351	0.0038	A
1489	0.00125	0.00126	G
1490	0.0018	0.00182	G
1491	0.00782	0.01024	A
1492	0.00348	0.00352	C
1493	0.00131	0.00133	T
1494	0.005	0.00506	T
1495	0.02501	0.02954	C
1496	0.00981	0.00997	T
1497	0.02539	0.02571	A
1498	0.01581	0.01598	A
1499	0.03069	0.03133	C
1500	0.00709	0.00769	A
1501	0.00496	0.00509	G
1502	0.00596	0.00597	C
1503	0.00168	0.00168	C
1504	0.00165	0.00166	C
1505	0.00103	0.00119	T
1506	0.00345	0.00419	A
1507	0.00332	0.00344	G
1508	0.04191	0.04204	A
1509	0.04343	0.04346	C
1510	0.0307	0.03085	C
1511	0.00992	0.01186	T
1512	0.04348	0.04425	C
1513	0.02176	0.02252	A
1514	0.02977	0.02981	A
1515	0.04553	0.04648	C
1516	0.0172	0.01753	T
1517	0.0256	0.0261	A
1518	0.04106	0.04121	C
1519	0.00593	0.00646	C
1520	0.02414	0.02533	T
1521	0.02391	0.02423	A
1522	0.02281	0.02298	A
1523	0.05055	0.05064	C
1524	0.04142	0.04203	C
1525	0.01634	0.01655	A
1526	0.02056	0.02069	A
1527	0.05616	0.05734	C
1528	0.01713	0.01716	A
1529	0.01635	0.01635	A
1530	0.01155	0.01174	A
1531	0.03997	0.04198	C
1532	0.0083	0.00882	T
1533	0.01093	0.01137	T
1534	0.00968	0.00986	A
1535	0.01066	0.0107	A
1536	0.01819	0.01851	A
1537	0.02058	0.0207	A
1538	0.01488	0.01902	T
1539	0.01783	0.01783	A
1540	0.01295	0.01295	A
1541	0.02188	0.02188	A
1542	0.02114	0.02188	A
1543	0.04437	0.04696	T
1544	0.05066	0.05134	C
1545	0.027	0.02705	C
1546	0.02585	0.02586	C
1547	0.01954	0.01957	C
1548	0.01267	0.01932	A
1549	0.01943	0.0196	C
1550	0.00614	0.00627	T
1551	0.01783	0.01859	A
1552	0.00873	0.00882	T
1553	0.86475	0.86623	G
1554	0.03526	0.03733	C
1555	0.01347	0.01478	A
1556	0.03009	0.03043	C
1557	0.01411	0.01446	A
1558	0.00779	0.0078	T
1559	0.01018	0.01019	T
1560	0.01054	0.01055	T
1561	0.0103	0.01038	T
1562	0.01504	0.02336	A
1563	0.0055	0.0055	T
1564	0.01144	0.01144	T
1565	0.01327	0.01336	T
1566	0.02543	0.02662	C
1567	0.01277	0.01295	T
1568	0.03479	0.03482	C
1569	0.02512	0.02532	C
1570	0.01784	0.01867	A
1571	0.02308	0.02316	A
1572	0.03625	0.03675	C
1573	0.0271	0.02862	A
1574	0.01087	0.0115	T
1575	0.02573	0.02625	A
1576	0.03282	0.03336	C
1577	0.00912	0.00985	T
1578	0.02828	0.02855	C
1579	0.00437	0.00441	G
1580	0.00442	0.00444	G
1581	0.02136	0.02445	A
1582	0.01002	0.01004	T
1583	0.01151	0.01157	T
1584	0.02882	0.03148	C
1585	0.01696	0.01799	T
1586	0.02837	0.03057	A
1587	0.04635	0.04645	C
1588	0.02786	0.02805	C
1589	0.02668	0.02692	C
1590	0.01188	0.01257	T
1591	0.03501	0.03582	A
1592	0.00521	0.00573	G
1593	0.04708	0.0481	C
1594	0.0289	0.02958	A
1595	0.01559	0.01669	T
1596	0.04255	0.04328	C
1597	0.02624	0.02697	A
1598	0.04607	0.04793	C
1599	0.02223	0.02351	A
1600	0.03781	0.03997	C
1601	0.02154	0.0223	A
1602	0.03938	0.03938	C
1603	0.03613	0.03645	C
1604	0.00551	0.00731	G
1605	0.03284	0.0331	C
1606	0.01942	0.01995	A
1607	0.04142	0.04198	C
1608	0.0184	0.01849	A
1609	0.0192	0.01956	A
1610	0.01323	0.01446	T
1611	0.03635	0.03641	C
1612	0.0304	0.03042	C
1613	0.03583	0.03585	C
1614	0.01901	0.01901	C
1615	0.008	0.00841	T
1616	0.02176	0.02203	A
1617	0.00692	0.007	T
1618	0.02112	0.02121	C
1619	0.00636	0.0066	T
1620	0.01779	0.02066	A
1621	0.00142	0.00145	G
1622	0.00236	0.00236	G
1623	0.02588	0.02588	C
1624	0.01181	0.01182	C
1625	0.00459	0.00461	T
1626	0.00687	0.0069	T
1627	0.02049	0.02308	C
1628	0.00858	0.00858	T
1629	0.00876	0.00882	T
1630	0.01749	0.02653	A
1631	0.0426	0.04313	C
1632	0.00305	0.00339	G
1633	0.02239	0.02286	A
1634	0.00465	0.00515	G
1635	0.02958	0.02963	C
1636	0.01979	0.01981	C
1637	0.01345	0.01381	A
1638	0.01285	0.01288	A
1639	0.02656	0.02661	A
1640	0.0272	0.0272	A
1641	0.03524	0.03591	C
1642	0.02384	0.02398	C
1643	0.01738	0.01986	T
1644	0.00683	0.00782	G
1645	0.04759	0.04762	C
1646	0.02294	0.02304	C
1647	0.03662	0.03672	C
1648	0.0226	0.02269	C
1649	0.00854	0.01078	T
1650	0.02488	0.02799	A
1651	0.03038	0.03076	C
1652	0.00965	0.01018	T
1653	0.03372	0.03375	C
1654	0.02582	0.02652	C
1655	0.00677	0.00778	T
1656	0.02808	0.02808	C
1657	0.01662	0.01704	C
1658	0.00556	0.00631	T
1659	0.01678	0.02006	A
1660	0.00412	0.00431	G
1661	0.02378	0.02389	A
1662	0.03935	0.03945	C
1663	0.00483	0.00502	C
1664	0.0121	0.01266	T
1665	0.02063	0.02085	A
1666	0.02301	0.02315	A
1667	0.0412	0.04127	C
1668	0.02623	0.02637	C
1669	0.00893	0.00985	T
1670	0.00321	0.00355	G
1671	0.02531	0.02545	A
1672	0.02641	0.02665	C
1673	0.00782	0.00804	T
1674	0.02116	0.02178	A
1675	0.00458	0.00474	G
1676	0.0295	0.02952	A
1677	0.02034	0.02043	A
1678	0.0218	0.02184	A
1679	0.02528	0.02535	A
1680	0.00381	0.00429	G
1681	0.0287	0.02912	C
1682	0.00842	0.00874	T
1683	0.02127	0.02204	A
1684	0.01273	0.01278	T
1685	0.01816	0.01876	T
1686	0.01344	0.02436	A
1687	0.04442	0.04472	C
1688	0.02514	0.02547	C
1689	0.01324	0.0144	T
1690	0.01524	0.01552	A
1691	0.0107	0.01084	A
1692	0.0207	0.02083	A
1693	0.02805	0.02827	A
1694	0.04144	0.05228	C
1695	0.01558	0.01562	A
1696	0.02385	0.02393	A
1697	0.00465	0.00472	T
1698	0.00916	0.00922	T
1699	0.01192	0.01194	T
1700	0.03003	0.0313	C
1701	0.02178	0.02335	A
1702	0.03854	0.03903	C
1703	0.02482	0.02605	A
1704	0.0088	0.00989	G
1705	0.03668	0.03745	C
1706	0.02477	0.02542	A
1707	0.04393	0.04395	C
1708	0.02259	0.02272	C
1709	0.01029	0.01034	A
1710	0.02309	0.02334	A
1711	0.02203	0.02212	A
1712	0.01162	0.01259	T
1713	0.02954	0.0297	C
1714	0.01038	0.01086	T
1715	0.03251	0.03256	C
1716	0.03144	0.03183	C
1717	0.01959	0.02379	A
1718	0.04115	0.04117	C
1719	0.02959	0.03003	C
1720	0.00838	0.00985	T
1721	0.02946	0.02946	C
1722	0.01974	0.01998	C
1723	0.017	0.02046	A
1724	0.01252	0.01302	T
1725	0.0296	0.03048	C
1726	0.02302	0.02477	A
1727	0.01789	0.01909	T
1728	0.05243	0.05419	C
1729	0.02588	0.02678	A
1730	0.0396	0.03963	C
1731	0.03694	0.03716	C
1732	0.00888	0.01103	T
1733	0.03482	0.03616	C
1734	0.01788	0.01911	A
1735	0.0239	0.02412	A
1736	0.0337	0.03374	C
1737	0.02182	0.02187	C
1738	0.02585	0.02609	C
1739	0.00115	0.00121	A
1740	0.01162	0.01163	A
1741	0.01408	0.01408	A
1742	0.0224	0.02242	A
1743	0.01763	0.01764	A
1744	0.00343	0.00349	G
1745	0.00325	0.00329	G
1746	0.05733	0.05774	C
1747	0.01919	0.01942	A
1748	0.01057	0.01095	T
1749	0.01432	0.01433	A
1750	0.02055	0.02183	A
1751	0.00606	0.00611	T
1752	0.00914	0.0093	T
1753	0.01314	0.01321	A
1754	0.01938	0.01956	A
1755	0.05696	0.05754	A
1756	0.01695	0.0175	C
1757	0.00465	0.00465	T
1758	0.01013	0.0102	T
1759	0.00578	0.0058	T
1760	0.01526	0.01762	A
1761	0.02492	0.02531	C
1762	0.00765	0.00768	T
1763	0.00958	0.00963	T
1764	0.03692	0.03723	C
1765	0.03088	0.03116	C
1766	0.01215	0.01411	T
1767	0.03411	0.03512	C
1768	0.01192	0.01232	T
1769	0.02832	0.02935	C
1770	0.00498	0.00498	T
1771	0.01408	0.01409	T
1772	0.01318	0.01327	T
1773	0.02668	0.02881	C
1774	0.01597	0.01597	T
1775	0.01407	0.01422	T
1776	0.0318	0.03778	C
1777	0.01204	0.01204	T
1778	0.01612	0.01648	T
1779	0.0431	0.04314	C
1780	0.04499	0.04528	C
1781	0.03259	0.03278	C
1782	0.0162	0.02116	A
1783	0.03963	0.0399	C
1784	0.01995	0.02141	T
1785	0.03104	0.03206	C
1786	0.02676	0.03044	A
1787	0.01163	0.01207	T
1788	0.03799	0.03812	C
1789	0.01336	0.01351	C
1790	0.01903	0.02027	T
1791	0.01737	0.01785	A
1792	0.02894	0.02919	A
1793	0.04282	0.043	C
1794	0.03384	0.0339	C
1795	0.02491	0.02517	C
1796	0.01089	0.01716	T
1797	0.02171	0.0246	A
1798	0.03846	0.03906	C
1799	0.01071	0.01096	T
1800	0.03536	0.03536	C
1801	0.01677	0.01702	C
1802	0.00965	0.00992	T
1803	0.0159	0.01613	A
1804	0.02193	0.02197	A
1805	0.01255	0.01269	T
1806	0.03287	0.03294	C
1807	0.01574	0.01579	A
1808	0.03693	0.03699	C
1809	0.02393	0.02393	A
1810	0.00035	0.00035	T
1811	0.0	0.0	A
1812	0.0	0.0	A
