Position	Mismatches	Mismatches + Deletions	Base
1	0.0	0.0	A
2	0.0	0.0	T
3	0.0	0.0	T
4	0.0181	0.0181	A
5	0.01385	0.01385	A
6	0.01389	0.01443	T
7	0.02499	0.028	C
8	0.02651	0.02657	C
9	0.02552	0.02552	C
10	0.01571	0.01571	C
11	0.00568	0.0063	T
12	0.00204	0.00206	G
13	0.00271	0.00272	G
14	0.02297	0.02299	C
15	0.0225	0.02251	C
16	0.02953	0.02955	C
17	0.01758	0.01786	A
18	0.02493	0.02497	A
19	0.04052	0.04055	C
20	0.02919	0.02925	C
21	0.04437	0.04443	C
22	0.00318	0.00416	G
23	0.00872	0.00948	T
24	0.02143	0.02155	C
25	0.01931	0.01982	A
26	0.00878	0.00891	T
27	0.02392	0.02406	C
28	0.0081	0.00831	T
29	0.06528	0.06817	A
30	0.02347	0.02405	C
31	0.00828	0.00844	T
32	0.01846	0.0197	C
33	0.00958	0.00984	T
34	0.02816	0.02928	A
35	0.04267	0.04277	C
36	0.02269	0.02281	C
37	0.01483	0.01814	A
38	0.00707	0.00719	T
39	0.02288	0.02306	C
40	0.00567	0.00569	T
41	0.00674	0.00675	T
42	0.00591	0.00591	T
43	0.00275	0.00414	G
44	0.01687	0.01794	C
45	0.00879	0.0092	A
46	0.00145	0.00145	G
47	0.00385	0.00387	G
48	0.00325	0.00331	C
49	0.01714	0.01807	A
50	0.01598	0.01625	C
51	0.00998	0.01066	A
52	0.0106	0.01077	C
53	0.00282	0.00339	T
54	0.00917	0.00936	C
55	0.01362	0.0145	A
56	0.00931	0.00986	T
57	0.0537	0.05416	C
58	0.02724	0.02877	A
59	0.03129	0.0322	C
60	0.01911	0.02051	A
61	0.00328	0.00342	G
62	0.01216	0.01227	C
63	0.00487	0.00492	G
64	0.01638	0.01685	C
65	0.00788	0.0082	T
66	0.02332	0.02342	A
67	0.02748	0.0276	A
68	0.00286	0.00318	G
69	0.01857	0.01911	C
70	0.00503	0.00531	T
71	0.0191	0.01917	C
72	0.00382	0.00412	G
73	0.00661	0.00668	C
74	0.0164	0.01659	A
75	0.02109	0.02122	C
76	0.00577	0.0058	T
77	0.003	0.00321	G
78	0.00626	0.0064	A
79	0.00069	0.00071	T
80	0.00259	0.0026	T
81	0.00632	0.00634	T
82	0.01066	0.01067	T
83	0.01482	0.01483	T
84	0.01309	0.0131	T
85	0.02007	0.02383	A
86	0.03556	0.03557	C
87	0.02298	0.02302	C
88	0.00317	0.00342	T
89	0.00177	0.00184	G
90	0.00496	0.00508	A
91	0.0025	0.00253	G
92	0.0019	0.00232	T
93	0.01981	0.02147	A
94	0.00175	0.00177	G
95	0.0016	0.00162	G
96	0.00957	0.00958	C
97	0.00484	0.00487	C
98	0.00313	0.00328	T
99	0.02901	0.02925	A
100	0.0035	0.00366	G
101	0.014	0.01403	A
102	0.02103	0.02107	A
103	0.01677	0.01684	A
104	0.01029	0.01113	T
105	0.02318	0.02319	A
106	0.02194	0.02194	A
107	0.02648	0.02675	A
108	0.03787	0.04049	C
109	0.02039	0.02077	A
110	0.00879	0.00897	T
111	0.00383	0.004	G
112	0.02588	0.0269	C
113	0.00764	0.00781	T
114	0.02031	0.0209	A
115	0.00388	0.00409	G
116	0.02862	0.02904	C
117	0.00336	0.00339	T
118	0.00602	0.00607	T
119	0.00843	0.00844	T
120	0.00819	0.00838	T
121	0.01127	0.01737	A
122	0.01263	0.01264	T
123	0.01221	0.0124	T
124	0.04366	0.04452	C
125	0.0298	0.03018	C
126	0.02261	0.02819	A
127	0.006	0.00618	G
128	0.00819	0.00827	T
129	0.00997	0.01012	T
130	0.03088	0.03463	C
131	0.01748	0.0188	T
132	0.0202	0.02096	A
133	0.02151	0.02185	A
134	0.03642	0.03647	C
135	0.04895	0.05059	C
136	0.00095	0.00104	A
137	0.00039	0.00042	A
138	0.00063	0.00067	A
139	0.01162	0.01164	A
140	0.00733	0.00734	A
141	0.01008	0.0101	A
142	0.00916	0.00922	A
143	0.03911	0.0423	T
144	0.01943	0.01943	A
145	0.02051	0.02051	A
146	0.02844	0.02867	A
147	0.04273	0.04312	C
148	0.02462	0.02465	C
149	0.0251	0.02512	C
150	0.01891	0.02034	T
151	0.03078	0.03092	C
152	0.00511	0.00584	G
153	0.00988	0.00991	T
154	0.00882	0.00888	T
155	0.03264	0.03271	C
156	0.03105	0.03113	C
157	0.01559	0.02068	A
158	0.03114	0.03139	C
159	0.02537	0.02763	A
160	0.00353	0.00412	G
161	0.01949	0.0195	A
162	0.02227	0.02284	A
163	0.00332	0.00366	G
164	0.01758	0.01934	C
165	0.00897	0.00905	T
166	0.00399	0.00408	G
167	0.02899	0.029	C
168	0.01144	0.0115	C
169	0.0145	0.0166	A
170	0.00854	0.00899	T
171	0.02811	0.02822	C
172	0.02388	0.02392	A
173	0.03513	0.03546	A
174	0.00318	0.00367	G
175	0.00824	0.00849	T
176	0.01723	0.01787	A
177	0.00434	0.00435	T
178	0.01466	0.01467	T
179	0.00841	0.00844	T
180	0.02201	0.0221	C
181	0.02396	0.02404	C
182	0.01223	0.01587	T
183	0.02889	0.02949	C
184	0.01414	0.01666	A
185	0.03968	0.0401	C
186	0.00585	0.00662	G
187	0.01921	0.02342	C
188	0.01812	0.01828	A
189	0.02673	0.02679	A
190	0.00554	0.00656	G
191	0.03046	0.034	C
192	0.02164	0.02172	A
193	0.02482	0.02497	A
194	0.0374	0.03756	C
195	0.04419	0.04445	C
196	0.00708	0.01203	G
197	0.02182	0.02763	C
198	0.01888	0.02207	A
199	0.0122	0.01242	T
200	0.03381	0.03389	C
201	0.02849	0.02867	C
202	0.01595	0.02287	A
203	0.01435	0.01495	T
204	0.01978	0.01989	A
205	0.0195	0.02321	A
206	0.01267	0.01319	T
207	0.03525	0.03574	C
208	0.02591	0.02604	C
209	0.00938	0.00941	T
210	0.01007	0.01011	T
211	0.02292	0.02817	C
212	0.00853	0.00863	T
213	0.02139	0.02204	A
214	0.02084	0.02136	A
215	0.01368	0.01463	T
216	0.02849	0.0291	A
217	0.00429	0.00471	G
218	0.03394	0.03507	C
219	0.01116	0.01161	T
220	0.02541	0.02647	A
221	0.0114	0.01171	T
222	0.03826	0.03844	C
223	0.02618	0.0265	C
224	0.00747	0.00844	T
225	0.02817	0.02854	C
226	0.01015	0.01015	T
227	0.0104	0.01045	T
228	0.03267	0.03379	C
229	0.0192	0.01953	A
230	0.0286	0.02867	A
231	0.02576	0.02621	C
232	0.02182	0.02187	A
233	0.02451	0.02477	A
234	0.00862	0.00888	T
235	0.02481	0.02536	A
236	0.00922	0.00955	T
237	0.02677	0.02727	A
238	0.03053	0.03135	C
239	0.01027	0.0107	T
240	0.0256	0.02615	C
241	0.01042	0.01065	T
242	0.03071	0.03071	C
243	0.02893	0.029	C
244	0.00353	0.00356	G
245	0.00286	0.0029	G
246	0.01641	0.02325	A
247	0.03266	0.03305	C
248	0.02313	0.02323	A
249	0.02367	0.02401	A
250	0.02036	0.02082	T
251	0.00584	0.00735	G
252	0.02366	0.02376	A
253	0.021	0.02109	A
254	0.03367	0.03375	C
255	0.01919	0.01924	C
256	0.01242	0.02866	A
257	0.01509	0.01818	T
258	0.02459	0.0246	A
259	0.02003	0.02084	A
260	0.04145	0.04163	C
261	0.03132	0.03139	C
262	0.01505	0.01511	A
263	0.02278	0.02306	A
264	0.01281	0.01394	T
265	0.02428	0.0245	A
266	0.03673	0.03779	C
267	0.01556	0.01617	T
268	0.02661	0.02694	A
269	0.0381	0.03837	C
270	0.03814	0.03828	C
271	0.01348	0.01352	A
272	0.01998	0.02016	A
273	0.01186	0.0125	T
274	0.03231	0.03266	C
275	0.02176	0.02196	A
276	0.01831	0.01895	A
277	0.01255	0.0129	T
278	0.02468	0.02528	A
279	0.04205	0.04287	C
280	0.01071	0.01125	T
281	0.02877	0.0294	C
282	0.01934	0.02123	A
283	0.01276	0.01344	T
284	0.02873	0.02922	C
285	0.01673	0.01726	A
286	0.01251	0.01252	T
287	0.01114	0.01142	T
288	0.01343	0.01365	A
289	0.01609	0.01623	A
290	0.01156	0.01182	T
291	0.01954	0.01954	A
292	0.0228	0.02506	A
293	0.00949	0.01103	T
294	0.03843	0.03899	C
295	0.02201	0.02258	A
296	0.01031	0.01062	T
297	0.02128	0.02129	A
298	0.01524	0.01676	A
299	0.0079	0.00819	T
300	0.93671	0.93699	A
301	0.00227	0.00232	G
302	0.00462	0.00465	C
303	0.00181	0.00189	T
304	0.00622	0.00758	A
305	0.00352	0.00367	T
306	0.02477	0.0251	A
307	0.00429	0.00458	G
308	0.02714	0.02771	C
309	0.019	0.01903	A
310	0.01719	0.01741	A
311	0.02816	0.02876	T
312	0.02392	0.02397	A
313	0.00927	0.00927	A
314	0.01703	0.01704	A
315	0.02288	0.02311	A
316	0.02075	0.02513	C
317	0.00627	0.00632	T
318	0.02042	0.02071	A
319	0.00265	0.00268	G
320	0.00378	0.00378	G
321	0.01632	0.01633	A
322	0.00956	0.00964	A
323	0.00426	0.0044	T
324	0.00841	0.00898	A
325	0.00646	0.00669	G
326	0.00575	0.00583	C
327	0.00396	0.00397	C
328	0.04204	0.04205	C
329	0.02562	0.02562	C
330	0.02742	0.02742	C
331	0.00249	0.00251	T
332	0.00817	0.0082	T
333	0.01124	0.01125	T
334	0.02518	0.02616	C
335	0.01936	0.02012	A
336	0.02927	0.02952	C
337	0.00621	0.00626	T
338	0.00616	0.00618	T
339	0.0199	0.02151	C
340	0.00644	0.00647	T
341	0.00247	0.00316	G
342	0.02886	0.02987	A
343	0.00458	0.00465	G
344	0.00766	0.00797	T
345	0.02626	0.02628	C
346	0.02059	0.02059	C
347	0.00671	0.00672	C
348	0.0045	0.00624	A
349	0.00129	0.00132	G
350	0.00563	0.00579	A
351	0.00258	0.00258	G
352	0.00343	0.00344	G
353	0.0046	0.00461	T
354	0.00809	0.00819	T
355	0.01648	0.03046	A
356	0.03689	0.03691	C
357	0.02749	0.0275	C
358	0.02541	0.02542	C
359	0.02236	0.02246	A
360	0.02396	0.02401	A
361	0.0038	0.00384	G
362	0.00556	0.00565	G
363	0.01621	0.01678	C
364	0.03159	0.03376	A
365	0.0335	0.03358	C
366	0.02964	0.02964	C
367	0.00818	0.00818	C
368	0.00785	0.00786	C
369	0.00212	0.00236	T
370	0.00748	0.00752	C
371	0.00521	0.00533	T
372	0.00242	0.00267	G
373	0.02495	0.02512	A
374	0.03632	0.0371	C
375	0.02318	0.02363	A
376	0.00985	0.01018	T
377	0.0263	0.02636	C
378	0.03121	0.03129	C
379	0.00343	0.00347	G
380	0.00443	0.00444	G
381	0.01848	0.01849	C
382	0.00921	0.00929	C
383	0.00492	0.00531	T
384	0.00333	0.00389	G
385	0.02858	0.02886	C
386	0.00628	0.00629	T
387	0.00822	0.00823	T
388	0.01817	0.02125	C
389	0.00787	0.00788	T
390	0.01148	0.01156	T
391	0.03802	0.04046	C
392	0.01243	0.013	T
393	0.03271	0.03325	C
394	0.01868	0.01958	A
395	0.03618	0.03679	C
396	0.02621	0.02707	A
397	0.02229	0.02295	T
398	0.00489	0.00523	G
399	0.02709	0.02746	A
400	0.07303	0.07501	C
401	0.0112	0.01122	A
402	0.01611	0.01619	A
403	0.01389	0.01392	A
404	0.02177	0.02178	A
405	0.02008	0.0201	A
406	0.0384	0.04204	C
407	0.01523	0.0162	T
408	0.0428	0.04531	A
409	0.02207	0.02301	G
410	0.0364	0.03652	C
411	0.02342	0.02349	C
412	0.04377	0.04385	C
413	0.02643	0.02646	C
414	0.01732	0.01735	C
415	0.01257	0.01569	A
416	0.0104	0.01087	T
417	0.02416	0.02423	C
418	0.00971	0.01018	T
419	0.03387	0.0343	C
420	0.01557	0.016	A
421	0.0213	0.0214	A
422	0.01092	0.01166	T
423	0.03468	0.0351	C
424	0.01792	0.01874	A
425	0.01068	0.01101	T
426	0.02383	0.02603	A
427	0.01191	0.01253	T
428	0.02372	0.02407	A
429	0.04513	0.04546	C
430	0.03324	0.03339	C
431	0.01041	0.01047	A
432	0.02233	0.02254	A
433	0.02091	0.0211	A
434	0.01811	0.01942	T
435	0.02677	0.02704	C
436	0.0215	0.02304	T
437	0.0298	0.03056	C
438	0.01758	0.01834	T
439	0.0357	0.03574	C
440	0.02498	0.02498	C
441	0.02725	0.02757	C
442	0.01657	0.01784	T
443	0.02297	0.02315	C
444	0.01501	0.01583	A
445	0.02733	0.02766	C
446	0.00942	0.01001	T
447	0.01068	0.01082	A
448	0.02149	0.02181	A
449	0.02401	0.02403	A
450	0.0405	0.04199	C
451	0.0058	0.0059	G
452	0.00784	0.01015	T
453	0.02139	0.02146	A
454	0.02721	0.02738	A
455	0.00397	0.00436	G
456	0.03153	0.03162	C
457	0.02058	0.02061	C
458	0.00522	0.00531	T
459	0.01062	0.01068	T
460	0.02185	0.02785	C
461	0.00522	0.00557	T
462	0.02165	0.02167	C
463	0.02459	0.02501	C
464	0.00918	0.01051	T
465	0.01965	0.02002	C
466	0.01565	0.0169	A
467	0.02136	0.02168	C
468	0.00753	0.00768	T
469	0.01866	0.01896	C
470	0.00728	0.00763	T
471	0.01972	0.01998	C
472	0.00745	0.00836	T
473	0.02523	0.02566	C
474	0.01928	0.02016	A
475	0.02175	0.02196	A
476	0.01	0.01114	T
477	0.02468	0.0248	C
478	0.00879	0.00883	T
479	0.00943	0.00952	T
480	0.00536	0.01583	A
481	0.01286	0.01306	T
482	0.03817	0.03839	C
483	0.01832	0.01862	C
484	0.01304	0.01522	A
485	0.01238	0.01309	T
486	0.01766	0.01788	C
487	0.01968	0.02175	A
488	0.00789	0.00812	T
489	0.02082	0.02184	A
490	0.00431	0.0049	G
491	0.02614	0.02728	C
492	0.01671	0.01739	A
493	0.00146	0.00147	G
494	0.00203	0.00205	G
495	0.02152	0.02166	C
496	0.00941	0.00964	A
497	0.00366	0.00367	G
498	0.00321	0.00324	T
499	0.00332	0.00333	T
500	0.0026	0.00272	G
501	0.00592	0.00597	A
502	0.00329	0.00329	G
503	0.00222	0.00224	G
504	0.0041	0.00415	T
505	0.00266	0.00266	G
506	0.00275	0.00277	G
507	0.0129	0.01866	A
508	0.00752	0.00755	T
509	0.00894	0.00904	T
510	0.01753	0.01765	A
511	0.01998	0.02034	A
512	0.02487	0.02497	A
513	0.04053	0.04077	C
514	0.02408	0.02419	C
515	0.01398	0.01413	A
516	0.02542	0.02559	A
517	0.025	0.02504	A
518	0.0406	0.04083	C
519	0.02939	0.02946	C
520	0.02586	0.0259	C
521	0.01892	0.02296	A
522	0.00356	0.00649	G
523	0.01296	0.01332	C
524	0.00436	0.00461	T
525	0.01477	0.01536	A
526	0.0317	0.03183	C
527	0.00467	0.00499	G
528	0.03439	0.03532	C
529	0.01862	0.01891	A
530	0.01502	0.0151	A
531	0.021	0.02103	A
532	0.02162	0.02166	A
533	0.007	0.00912	T
534	0.02168	0.0218	C
535	0.00698	0.00699	T
536	0.00723	0.00729	T
537	0.01339	0.01686	A
538	0.00542	0.00638	G
539	0.01823	0.01854	C
540	0.02652	0.02724	A
541	0.00903	0.00934	T
542	0.02971	0.03084	A
543	0.02605	0.02703	C
544	0.00592	0.00617	T
545	0.01297	0.01298	C
546	0.01108	0.01128	C
547	0.00679	0.00749	T
548	0.02339	0.02371	C
549	0.01303	0.01363	A
550	0.01417	0.01427	A
551	0.01229	0.01242	T
552	0.01586	0.01663	T
553	0.01371	0.02848	A
554	0.03445	0.03457	C
555	0.02337	0.02346	C
556	0.02338	0.02341	C
557	0.01892	0.02177	A
558	0.02691	0.0273	C
559	0.02098	0.02314	A
560	0.00699	0.00728	T
561	0.01687	0.01696	A
562	0.00143	0.00145	G
563	0.00144	0.00147	G
564	0.00861	0.01244	A
565	0.00466	0.00469	T
566	0.00216	0.00247	G
567	0.01954	0.0196	A
568	0.01627	0.01642	A
569	0.00704	0.00717	T
570	0.01973	0.01973	A
571	0.01816	0.01956	A
572	0.00857	0.00894	T
573	0.01908	0.01965	A
574	0.00322	0.00353	G
575	0.02052	0.02078	C
576	0.01827	0.01894	A
577	0.00644	0.00653	G
578	0.00692	0.007	T
579	0.00697	0.00698	T
580	0.01914	0.02018	C
581	0.01082	0.01101	T
582	0.03225	0.03311	A
583	0.03912	0.03915	C
584	0.03898	0.03915	C
585	0.00886	0.0109	G
586	0.01281	0.01335	T
587	0.02679	0.02716	A
588	0.04908	0.05119	C
589	0.02893	0.02917	A
590	0.02674	0.02814	A
591	0.04108	0.04116	C
592	0.03123	0.03174	C
593	0.0206	0.02077	C
594	0.01091	0.01175	T
595	0.02269	0.02291	A
596	0.02227	0.02239	A
597	0.03203	0.03243	C
598	0.02569	0.02831	A
599	0.01244	0.01913	T
600	0.02096	0.02097	A
601	0.02392	0.02534	A
602	0.04619	0.04648	C
603	0.02395	0.02421	C
604	0.02083	0.02232	A
605	0.01343	0.01359	T
606	0.00749	0.00761	T
607	0.02555	0.02944	C
608	0.00921	0.00925	T
609	0.01218	0.01235	T
610	0.0106	0.01091	A
611	0.01712	0.01745	A
612	0.00527	0.00532	T
613	0.00817	0.00831	T
614	0.01572	0.01577	T
615	0.01736	0.01761	A
616	0.04273	0.04363	A
617	0.02096	0.02183	C
618	0.00566	0.00571	T
619	0.0188	0.01992	A
620	0.00529	0.00537	T
621	0.00829	0.00832	T
622	0.00665	0.00674	T
623	0.01445	0.01762	A
624	0.00943	0.00971	T
625	0.02442	0.02575	A
626	0.01064	0.01065	T
627	0.01035	0.01061	T
628	0.0145	0.03013	A
629	0.01173	0.01226	T
630	0.03692	0.03758	C
631	0.01773	0.01791	C
632	0.01372	0.0145	T
633	0.02665	0.0269	A
634	0.0267	0.02684	A
635	0.03871	0.0398	C
636	0.01384	0.0163	T
637	0.03333	0.03471	A
638	0.04457	0.04705	C
639	0.02204	0.02325	T
640	0.02977	0.03331	A
641	0.03783	0.03828	C
642	0.03979	0.0405	C
643	0.00594	0.00828	G
644	0.02831	0.02976	C
645	0.02269	0.02397	A
646	0.01196	0.01201	T
647	0.01005	0.01008	T
648	0.03279	0.03285	C
649	0.02602	0.02622	C
650	0.01154	0.01233	T
651	0.02793	0.02873	A
652	0.03237	0.03328	C
653	0.01303	0.01365	T
654	0.0227	0.02385	A
655	0.04027	0.04139	C
656	0.01187	0.01282	T
657	0.03387	0.03481	C
658	0.0191	0.01967	A
659	0.01897	0.01906	A
660	0.03187	0.03255	C
661	0.0097	0.00984	T
662	0.01114	0.01122	T
663	0.01346	0.01364	A
664	0.02041	0.0205	A
665	0.02492	0.02504	A
666	0.03353	0.03477	C
667	0.00953	0.00974	T
668	0.03039	0.03041	C
669	0.02196	0.02217	C
670	0.02109	0.02681	A
671	0.0057	0.00637	G
672	0.03624	0.03699	C
673	0.01814	0.01862	A
674	0.03134	0.03136	C
675	0.01797	0.01828	C
676	0.0135	0.01675	A
677	0.04198	0.04274	C
678	0.00371	0.00446	G
679	0.02429	0.02483	A
680	0.02309	0.0231	C
681	0.02319	0.02324	C
682	0.02961	0.02973	C
683	0.00665	0.00772	T
684	0.01997	0.02079	A
685	0.0327	0.03372	C
686	0.01505	0.01532	T
687	0.06325	0.06449	A
688	0.02359	0.02526	C
689	0.00625	0.00639	T
690	0.02599	0.02781	A
691	0.00519	0.00549	T
692	0.02258	0.02286	C
693	0.00536	0.00591	T
694	0.03468	0.03499	C
695	0.00628	0.00689	G
696	0.02468	0.02528	C
697	0.01693	0.01717	A
698	0.03001	0.03001	C
699	0.02433	0.02442	C
700	0.00877	0.00982	T
701	0.00366	0.00468	G
702	0.02277	0.02285	A
703	0.02416	0.02421	A
704	0.02106	0.02107	A
705	0.04125	0.04365	C
706	0.02527	0.02539	A
707	0.02697	0.02763	A
708	0.00463	0.00505	G
709	0.02971	0.0305	C
710	0.0108	0.01102	T
711	0.02155	0.02161	A
712	0.01964	0.0197	A
713	0.02948	0.02975	C
714	0.02529	0.02586	A
715	0.02816	0.02853	T
716	0.00364	0.00382	G
717	0.02312	0.02335	A
718	0.03354	0.03379	C
719	0.01264	0.01323	T
720	0.02407	0.0245	A
721	0.02272	0.02347	A
722	0.04507	0.04639	C
723	0.02169	0.03473	A
724	0.05248	0.05258	C
725	0.03369	0.03377	C
726	0.02749	0.02768	C
727	0.0083	0.00833	T
728	0.01186	0.01192	T
729	0.01467	0.01492	A
730	0.02149	0.02167	A
731	0.00847	0.00854	T
732	0.01163	0.01172	T
733	0.0309	0.03102	C
734	0.02237	0.0225	C
735	0.01801	0.02275	A
736	0.01643	0.01684	T
737	0.03094	0.03104	C
738	0.02486	0.02541	C
739	0.01841	0.02467	A
740	0.04726	0.04728	C
741	0.00273	0.00273	C
742	0.00219	0.00229	C
743	0.00136	0.00195	T
744	0.00238	0.00238	C
745	0.00186	0.00194	C
746	0.00271	0.00967	T
747	0.1843	0.18752	C
748	0.02731	0.03475	T
749	0.03011	0.03012	C
750	0.02073	0.02073	C
751	0.01457	0.01473	C
752	0.00495	0.0051	T
753	0.00654	0.00675	A
754	0.00103	0.00104	G
755	0.00112	0.00114	G
756	0.00324	0.00385	A
757	0.00212	0.00214	G
758	0.00264	0.00266	G
759	0.04479	0.04483	C
760	0.02364	0.02372	C
761	0.01013	0.01112	T
762	0.0074	0.00805	G
763	0.02417	0.02419	C
764	0.01399	0.01403	C
765	0.02344	0.02345	C
766	0.02687	0.02688	C
767	0.02751	0.02751	C
768	0.00529	0.0065	G
769	0.02575	0.02613	C
770	0.009	0.00923	T
771	0.02253	0.02264	A
772	0.02306	0.0231	A
773	0.04146	0.04151	C
774	0.03539	0.03549	C
775	0.00192	0.00192	G
776	0.00325	0.00329	G
777	0.02328	0.0235	C
778	0.00165	0.00166	T
779	0.00269	0.00269	T
780	0.0068	0.0068	T
781	0.00904	0.00904	T
782	0.00902	0.00903	T
783	0.00196	0.00224	G
784	0.00304	0.00304	C
785	0.00231	0.00231	C
786	0.00684	0.00685	C
787	0.01016	0.01018	A
788	0.0218	0.0218	A
789	0.02445	0.02447	A
790	0.00999	0.01065	T
791	0.00159	0.0016	G
792	0.00146	0.00147	G
793	0.00294	0.00294	G
794	0.01093	0.01093	C
795	0.03958	0.0396	C
796	0.01276	0.0167	A
797	0.00986	0.00986	T
798	0.00762	0.00764	T
799	0.01388	0.02357	A
800	0.00919	0.00938	T
801	0.03114	0.03143	C
802	0.00608	0.00638	G
803	0.0265	0.02663	A
804	0.03032	0.03042	A
805	0.00628	0.00917	G
806	0.02382	0.02385	A
807	0.02573	0.02589	A
808	0.01226	0.01242	T
809	0.01783	0.01829	T
810	0.03238	0.03356	C
811	0.01958	0.01998	A
812	0.05053	0.05405	C
813	0.00168	0.00168	A
814	0.00585	0.00586	A
815	0.01369	0.01372	A
816	0.01158	0.0116	A
817	0.01808	0.01808	A
818	0.01442	0.01443	A
819	0.04165	0.04652	C
820	0.0236	0.0236	A
821	0.02189	0.02212	A
822	0.01195	0.01252	T
823	0.03534	0.03614	A
824	0.00685	0.00722	G
825	0.03949	0.03954	C
826	0.02705	0.02716	C
827	0.01094	0.01199	T
828	0.0308	0.03123	C
829	0.02125	0.02322	A
830	0.015	0.01677	T
831	0.0315	0.03246	C
832	0.02145	0.02492	A
833	0.02618	0.02716	T
834	0.04119	0.04221	C
835	0.03106	0.03147	C
836	0.03191	0.03196	C
837	0.02646	0.02667	C
838	0.01629	0.01959	A
839	0.03868	0.03869	C
840	0.02519	0.02551	C
841	0.01824	0.02082	A
842	0.00949	0.01036	T
843	0.02581	0.02597	C
844	0.02197	0.02467	A
845	0.01179	0.01306	T
846	0.02765	0.02939	A
847	0.0061	0.00647	G
848	0.04337	0.04355	C
849	0.02471	0.02494	C
850	0.01877	0.0241	A
851	0.04408	0.04411	C
852	0.02208	0.02235	C
853	0.01802	0.02182	A
854	0.01726	0.0197	T
855	0.03281	0.03366	C
856	0.0213	0.02272	A
857	0.04492	0.04501	C
858	0.03191	0.03191	C
859	0.02843	0.02882	C
860	0.00603	0.00772	T
861	0.03034	0.03035	C
862	0.0246	0.02493	C
863	0.00342	0.00346	T
864	0.01107	0.01123	T
865	0.00855	0.00892	A
866	0.02091	0.02095	A
867	0.14569	0.1458	C
868	0.01028	0.01046	C
869	0.00337	0.00347	T
870	0.95337	0.9576	C
871	0.00442	0.00455	T
872	0.01397	0.01426	A
873	0.01932	0.01962	C
874	0.00758	0.0076	T
875	0.01363	0.01371	T
876	0.02613	0.02953	C
877	0.0127	0.01292	T
878	0.02907	0.03	A
879	0.04548	0.04554	C
880	0.02155	0.02224	C
881	0.01918	0.02245	T
882	0.02715	0.03563	A
883	0.06435	0.06553	C
884	0.00664	0.00822	G
885	0.05255	0.05257	C
886	0.02255	0.02266	C
887	0.01314	0.01376	T
888	0.01834	0.01874	A
889	0.02113	0.02135	A
890	0.01308	0.01337	T
891	0.03162	0.03204	C
892	0.01243	0.01289	T
893	0.02097	0.02515	A
894	0.0371	0.03774	C
895	0.01328	0.01407	T
896	0.04106	0.04108	C
897	0.02928	0.02966	C
898	0.01619	0.01976	A
899	0.0392	0.0392	C
900	0.03485	0.03524	C
901	0.00844	0.00963	T
902	0.02992	0.03026	C
903	0.01664	0.01756	A
904	0.02181	0.02201	A
905	0.01341	0.01529	T
906	0.03316	0.0336	C
907	0.02294	0.02361	A
908	0.0444	0.04574	C
909	0.02569	0.02645	A
910	0.04023	0.04099	C
911	0.01361	0.01458	T
912	0.03997	0.04321	A
913	0.03804	0.03929	C
914	0.02047	0.02135	T
915	0.03579	0.03581	C
916	0.033	0.03302	C
917	0.03493	0.03494	C
918	0.02979	0.02989	C
919	0.01267	0.01772	A
920	0.01028	0.01065	T
921	0.01755	0.01788	A
922	0.0088	0.00896	T
923	0.02858	0.02877	C
924	0.01032	0.01064	T
925	0.01776	0.01784	A
926	0.0213	0.02143	A
927	0.04702	0.04768	C
928	0.01681	0.01682	A
929	0.01901	0.01914	A
930	0.04368	0.04413	C
931	0.00837	0.00891	G
932	0.01136	0.01201	T
933	0.00159	0.00171	A
934	0.01113	0.01126	A
935	0.00811	0.00813	A
936	0.01162	0.01201	A
937	0.0145	0.0146	A
938	0.01913	0.02197	T
939	0.01365	0.01365	A
940	0.00874	0.00874	A
941	0.01444	0.01444	A
942	0.01838	0.01863	A
943	0.013	0.01377	T
944	0.00415	0.00466	G
945	0.02379	0.02397	A
946	0.04283	0.04304	C
947	0.0257	0.02587	A
948	0.00719	0.00728	G
949	0.00696	0.00701	T
950	0.00843	0.00851	T
951	0.00939	0.0094	T
952	0.00448	0.00557	G
953	0.02205	0.02211	A
954	0.0173	0.01735	A
955	0.04119	0.04168	C
956	0.02553	0.02672	A
957	0.01137	0.01199	T
958	0.01808	0.01901	A
959	0.04752	0.04869	C
960	0.02245	0.02245	A
961	0.01286	0.01286	A
962	0.03832	0.03832	A
963	0.02901	0.02911	A
964	0.04386	0.04505	C
965	0.03782	0.03796	C
966	0.02887	0.02904	C
967	0.02767	0.03588	A
968	0.04683	0.04686	C
969	0.06049	0.06051	C
970	0.03604	0.03604	C
971	0.01902	0.01909	C
972	0.0266	0.02884	A
973	0.01305	0.05359	T
974	0.01865	0.01896	T
975	0.02409	0.02414	C
976	0.02049	0.02065	C
977	0.014	0.01665	T
978	0.03117	0.03117	C
979	0.03035	0.03035	C
980	0.02677	0.02678	C
981	0.02579	0.02589	C
982	0.00822	0.0137	A
983	0.03026	0.03064	C
984	0.01399	0.01492	A
985	0.03887	0.03923	C
986	0.00817	0.00857	T
987	0.02162	0.02195	C
988	0.01526	0.01661	A
989	0.01982	0.02076	T
990	0.09328	0.09452	C
991	0.00706	0.00746	G
992	0.04722	0.04724	C
993	0.02419	0.0242	C
994	0.01738	0.01739	C
995	0.01582	0.01588	T
996	0.00906	0.0091	T
997	0.02868	0.03404	A
998	0.03421	0.03425	C
999	0.0198	0.01997	C
1000	0.01698	0.02073	A
1001	0.04428	0.04457	C
1002	0.00474	0.00498	G
1003	0.02909	0.02959	C
1004	0.01018	0.0108	T
1005	0.02252	0.02626	A
1006	0.03824	0.03882	C
1007	0.01429	0.01449	T
1008	0.03429	0.03429	C
1009	0.01827	0.01873	C
1010	0.0097	0.01069	T
1011	0.01679	0.01724	A
1012	0.05474	0.05495	C
1013	0.01979	0.02032	C
1014	0.00601	0.00629	T
1015	0.01702	0.01846	A
1016	0.03061	0.03124	T
1017	0.0413	0.04259	C
1018	0.03861	0.04017	T
1019	0.03363	0.03366	C
1020	0.03048	0.03053	C
1021	0.01647	0.01649	C
1022	0.01267	0.01278	C
1023	0.00298	0.00306	T
1024	0.00513	0.00514	T
1025	0.00752	0.00754	T
1026	0.00704	0.00704	T
1027	0.01404	0.01669	A
1028	0.00708	0.00729	T
1029	0.01175	0.01214	A
1030	0.02107	0.02136	C
1031	0.00847	0.00857	T
1032	0.0117	0.01174	A
1033	0.01203	0.01213	A
1034	0.0102	0.01043	T
1035	0.02069	0.02069	A
1036	0.00837	0.0085	A
1037	0.0072	0.00731	T
1038	0.01614	0.01626	C
1039	0.01429	0.01429	T
1040	0.00952	0.00952	T
1041	0.00177	0.00177	A
1042	3e-05	3e-05	T
1043	0.0	0.0	A
1044	0.0	0.0	G
