Position	Mismatches	Mismatches + Deletions	Base
1	0.0	0.0	A
2	0.0	0.0	T
3	0.0	0.0	G
4	0.01616	0.01616	A
5	0.02028	0.02135	C
6	0.01466	0.01466	C
7	0.01784	0.01784	C
8	0.01599	0.01599	C
9	0.01025	0.0166	A
10	0.01151	0.01152	A
11	0.01014	0.01059	T
12	0.01677	0.01697	A
13	0.04826	0.04867	C
14	0.00816	0.00848	G
15	0.04224	0.04326	C
16	0.00874	0.00879	A
17	0.00479	0.0048	A
18	0.01581	0.01582	A
19	0.01639	0.01639	A
20	0.98319	0.99278	C
21	0.01255	0.01338	T
22	0.0184	0.01863	A
23	0.01453	0.01524	A
24	0.02448	0.02467	C
25	0.02078	0.0208	C
26	0.024	0.024	C
27	0.02519	0.02519	C
28	0.0173	0.01739	C
29	0.01004	0.01048	T
30	0.01322	0.01343	A
31	0.01386	0.01403	A
32	0.01691	0.01764	T
33	0.01213	0.0122	A
34	0.00667	0.00667	A
35	0.01266	0.01267	A
36	0.01783	0.01815	A
37	0.01201	0.0122	T
38	0.02228	0.02264	T
39	0.01557	0.01579	A
40	0.0247	0.02483	A
41	0.0213	0.02148	T
42	0.02219	0.02247	T
43	0.01606	0.01617	A
44	0.02895	0.02929	A
45	0.04238	0.04279	C
46	0.03687	0.03701	C
47	0.9803	0.98434	A
48	0.03322	0.03341	C
49	0.01169	0.01237	T
50	0.03111	0.03146	C
51	0.02352	0.02529	A
52	0.01202	0.01215	T
53	0.01238	0.01251	T
54	0.02523	0.0262	C
55	0.0248	0.02566	A
56	0.01652	0.02035	T
57	0.03324	0.03369	C
58	0.01207	0.01283	G
59	0.02558	0.02642	A
60	0.03966	0.03971	C
61	0.02276	0.02298	C
62	0.00708	0.01127	T
63	0.02584	0.02587	C
64	0.02901	0.02902	C
65	0.03348	0.03348	C
66	0.02728	0.02753	C
67	0.01077	0.01586	A
68	0.03578	0.03579	C
69	0.04154	0.04154	C
70	0.02753	0.02753	C
71	0.02237	0.02246	C
72	0.01525	0.01872	A
73	0.01042	0.01077	T
74	0.03126	0.03128	C
75	0.02497	0.0251	C
76	0.01851	0.01864	A
77	0.03086	0.03096	A
78	0.0326	0.03323	C
79	0.02171	0.02223	A
80	0.01041	0.0109	T
81	0.02538	0.02555	C
82	0.00784	0.00822	T
83	0.02919	0.0292	C
84	0.02963	0.0297	C
85	0.00633	0.00835	G
86	0.01798	0.01844	C
87	0.02224	0.02354	A
88	0.00517	0.00524	T
89	0.00231	0.00251	G
90	0.0083	0.00851	A
91	0.00299	0.0031	T
92	0.00258	0.00294	G
93	0.00954	0.00957	A
94	0.00949	0.00959	A
95	0.01118	0.01121	A
96	0.04462	0.04502	C
97	0.00602	0.00604	T
98	0.00625	0.00625	T
99	0.02077	0.02225	C
100	0.00371	0.00376	G
101	0.00362	0.00367	G
102	0.01641	0.01685	C
103	0.00695	0.00775	T
104	0.03217	0.03288	C
105	0.02072	0.02191	A
106	0.03557	0.03595	C
107	0.00834	0.00846	T
108	0.02855	0.02855	C
109	0.02332	0.02378	C
110	0.00658	0.00659	T
111	0.00487	0.00489	T
112	0.0018	0.00182	G
113	0.00223	0.00227	G
114	0.00701	0.00708	C
115	0.00511	0.00516	G
116	0.00954	0.00954	C
117	0.00504	0.00507	C
118	0.00315	0.0036	T
119	0.00242	0.00252	G
120	0.02733	0.02734	C
121	0.01949	0.01953	C
122	0.00366	0.0042	T
123	0.00368	0.00443	G
124	0.01398	0.0144	A
125	0.0067	0.00684	T
126	0.02372	0.02375	C
127	0.01706	0.01715	C
128	0.00869	0.0104	T
129	0.03079	0.03082	C
130	0.02395	0.02405	C
131	0.01074	0.01106	A
132	0.0219	0.02204	A
133	0.02026	0.02048	A
134	0.01339	0.01461	T
135	0.03997	0.04032	C
136	0.02432	0.02474	A
137	0.03764	0.03772	C
138	0.02631	0.02668	C
139	0.01967	0.02366	A
140	0.02743	0.02786	C
141	0.01121	0.01234	A
142	0.00259	0.00263	G
143	0.00233	0.00234	G
144	0.01429	0.01938	A
145	0.03538	0.03556	C
146	0.00605	0.00625	T
147	0.02054	0.02915	A
148	0.00884	0.00886	T
149	0.00622	0.00628	T
150	0.01938	0.01944	C
151	0.00649	0.00656	C
152	0.00621	0.00657	T
153	0.02411	0.02526	A
154	0.00421	0.00427	G
155	0.02358	0.02361	C
156	0.01864	0.01866	C
157	0.01494	0.02042	A
158	0.00996	0.01011	T
159	0.0045	0.00497	G
160	0.03584	0.03623	C
161	0.02535	0.02573	A
162	0.03106	0.03139	C
163	0.00874	0.00895	T
164	0.02091	0.02164	A
165	0.03054	0.03089	C
166	0.01123	0.01215	T
167	0.02048	0.02422	C
168	0.01464	0.01505	A
169	0.05155	0.05155	C
170	0.01013	0.01027	C
171	0.00707	0.0121	A
172	0.00444	0.00464	G
173	0.01321	0.01359	A
174	0.01279	0.01293	C
175	0.00402	0.0041	G
176	0.00874	0.00874	C
177	0.00565	0.00571	C
178	0.00395	0.00575	T
179	0.03092	0.03169	C
180	0.01966	0.02065	A
181	0.02603	0.02614	A
182	0.03071	0.03079	C
183	0.02826	0.02858	C
184	0.00449	0.00499	G
185	0.01516	0.01517	C
186	0.00898	0.00904	C
187	0.00174	0.00174	T
188	0.00234	0.00235	T
189	0.00374	0.00376	T
190	0.0045	0.0045	T
191	0.00811	0.01046	C
192	0.01146	0.01164	A
193	0.00568	0.00595	T
194	0.01216	0.01234	C
195	0.01233	0.01246	A
196	0.01825	0.01867	A
197	0.0241	0.02488	T
198	0.04196	0.04287	C
199	0.01421	0.01451	G
200	0.02791	0.02792	C
201	0.02795	0.02796	C
202	0.02777	0.02791	C
203	0.01789	0.0209	A
204	0.03207	0.03269	C
205	0.02258	0.02394	A
206	0.01485	0.0158	T
207	0.03136	0.03173	C
208	0.02207	0.02295	A
209	0.02959	0.03015	C
210	0.00814	0.00825	T
211	0.02266	0.02272	C
212	0.00455	0.0047	G
213	0.00691	0.00742	A
214	0.00338	0.00343	G
215	0.00887	0.00894	A
216	0.00689	0.00699	C
217	0.00469	0.00478	G
218	0.00219	0.00274	T
219	0.00637	0.00642	A
220	0.01529	0.01534	A
221	0.01519	0.01524	A
222	0.00503	0.00504	T
223	0.00587	0.0059	T
224	0.01455	0.024	A
225	0.00515	0.00521	T
226	0.0021	0.00215	G
227	0.00204	0.00206	G
228	0.00392	0.00401	C
229	0.00236	0.00237	T
230	0.00485	0.00507	G
231	0.01244	0.01267	A
232	0.01378	0.01379	A
233	0.01321	0.01452	T
234	0.02472	0.02533	C
235	0.01898	0.02018	A
236	0.01643	0.01708	T
237	0.04455	0.04483	C
238	0.06949	0.07036	C
239	0.00842	0.00982	G
240	0.03003	0.03288	C
241	0.01825	0.01885	T
242	0.02753	0.02778	A
243	0.02718	0.02721	C
244	0.02097	0.02137	C
245	0.00578	0.00582	T
246	0.00688	0.00775	T
247	0.01003	0.01062	C
248	0.01273	0.01449	A
249	0.02904	0.02913	C
250	0.00361	0.00369	G
251	0.00287	0.00287	C
252	0.00322	0.00324	C
253	0.0098	0.00984	A
254	0.01775	0.0178	A
255	0.00472	0.0048	T
256	0.00292	0.00292	G
257	0.0022	0.00222	G
258	0.00506	0.00517	C
259	0.00469	0.00478	G
260	0.00977	0.00979	C
261	0.00401	0.00407	C
262	0.00217	0.00267	T
263	0.00698	0.00707	C
264	0.02037	0.0206	A
265	0.01835	0.01857	A
266	0.00891	0.00899	T
267	0.02417	0.02516	A
268	0.00983	0.00986	T
269	0.01259	0.01269	T
270	0.02449	0.03056	C
271	0.00685	0.00686	T
272	0.00891	0.00892	T
273	0.00949	0.0095	T
274	0.0162	0.0179	A
275	0.00789	0.00823	T
276	0.02823	0.02856	C
277	0.01114	0.01126	T
278	0.00332	0.00366	G
279	0.0079	0.00791	C
280	0.00201	0.00207	C
281	0.00201	0.00231	T
282	0.00439	0.00461	C
283	0.00421	0.00421	T
284	0.00406	0.00414	T
285	0.00574	0.00574	C
286	0.00387	0.00389	C
287	0.00519	0.00557	T
288	0.02542	0.02602	A
289	0.03589	0.03632	C
290	0.02356	0.0247	A
291	0.03975	0.04075	C
292	0.0211	0.02196	A
293	0.00907	0.00946	T
294	0.02619	0.02703	C
295	0.003	0.00301	G
296	0.00202	0.00203	G
297	0.00168	0.00169	G
298	0.15152	0.16448	C
299	0.00291	0.00301	G
300	0.00497	0.00578	A
301	0.00323	0.00324	G
302	0.00261	0.00265	G
303	0.00701	0.00702	C
304	0.0283	0.02842	C
305	0.00625	0.00653	T
306	0.01513	0.01527	A
307	0.00761	0.00765	T
308	0.01798	0.01832	A
309	0.01055	0.01055	T
310	0.01117	0.01141	T
311	0.01779	0.02768	A
312	0.03883	0.03933	C
313	0.00605	0.00607	G
314	0.00366	0.00367	G
315	0.01847	0.02258	A
316	0.01368	0.01422	T
317	0.02751	0.02794	C
318	0.02859	0.03355	A
319	0.00527	0.00533	T
320	0.00913	0.00922	T
321	0.01397	0.01401	T
322	0.02399	0.02555	C
323	0.00834	0.0085	T
324	0.02817	0.0285	C
325	0.00896	0.0091	T
326	0.02404	0.0253	A
327	0.02676	0.02709	C
328	0.0085	0.00974	T
329	0.02692	0.02749	C
330	0.0203	0.02124	A
331	0.00589	0.00627	G
332	0.02048	0.02051	A
333	0.02204	0.02207	A
334	0.02911	0.02938	A
335	0.02827	0.02843	C
336	0.01659	0.01665	C
337	0.00771	0.00837	T
338	0.00506	0.00585	G
339	0.02482	0.02494	A
340	0.0263	0.02636	A
341	0.02244	0.02246	A
342	0.02897	0.0307	C
343	0.02446	0.025	A
344	0.01267	0.01363	T
345	0.03129	0.03168	C
346	0.00425	0.00428	G
347	0.00341	0.00344	G
348	0.03069	0.0309	C
349	0.02295	0.02313	A
350	0.01099	0.01104	T
351	0.0089	0.00898	T
352	0.01127	0.0228	A
353	0.00901	0.00925	T
354	0.02367	0.02407	C
355	0.02325	0.02338	C
356	0.00579	0.00717	T
357	0.02578	0.02578	C
358	0.0175	0.01794	C
359	0.00609	0.00647	T
360	0.00225	0.0025	G
361	0.0155	0.01605	C
362	0.00436	0.00436	T
363	0.00595	0.00606	T
364	0.00262	0.00366	G
365	0.02415	0.02579	C
366	0.0231	0.02324	A
367	0.02885	0.02886	A
368	0.02476	0.02509	C
369	0.00776	0.00787	T
370	0.01738	0.02111	A
371	0.00838	0.00851	T
372	0.02022	0.02044	A
373	0.0028	0.00325	G
374	0.0163	0.01678	C
375	0.01902	0.01904	A
376	0.02007	0.02039	A
377	0.02782	0.02839	C
378	0.01234	0.01305	A
379	0.00313	0.0032	G
380	0.00842	0.00842	C
381	0.00388	0.0039	C
382	0.00169	0.00172	T
383	0.00649	0.0065	T
384	0.0266	0.02731	C
385	0.02381	0.02534	A
386	0.00771	0.00846	T
387	0.01274	0.01406	A
388	0.0016	0.00161	G
389	0.00273	0.00273	G
390	0.00495	0.00504	C
391	0.0024	0.00242	T
392	0.02616	0.02644	A
393	0.00786	0.00788	T
394	0.00339	0.00347	G
395	0.00516	0.00525	T
396	0.00978	0.00979	C
397	0.01013	0.01013	C
398	0.004	0.00483	T
399	0.01215	0.01215	C
400	0.02557	0.02557	C
401	0.02616	0.0262	C
402	0.00242	0.00313	G
403	0.00811	0.00868	T
404	0.00251	0.00272	G
405	0.01001	0.01072	A
406	0.00271	0.00271	G
407	0.00226	0.00227	G
408	0.0219	0.02191	C
409	0.01791	0.01795	C
410	0.01104	0.01107	A
411	0.01963	0.01965	A
412	0.01952	0.01955	A
413	0.00899	0.00989	T
414	0.02316	0.0234	A
415	0.00936	0.00968	T
416	0.02836	0.02886	C
417	0.02561	0.02603	A
418	0.00789	0.00791	T
419	0.00744	0.00758	T
420	0.01797	0.01957	C
421	0.00886	0.00895	T
422	0.0036	0.00429	G
423	0.02714	0.02775	A
424	0.0043	0.0043	G
425	0.00306	0.00306	G
426	0.00481	0.00481	G
427	0.00493	0.00494	G
428	0.01074	0.01075	C
429	0.01845	0.01855	C
430	0.02247	0.0275	A
431	0.02716	0.02724	C
432	0.01239	0.01273	A
433	0.00471	0.0048	G
434	0.00436	0.00447	T
435	0.00838	0.00839	A
436	0.01081	0.01086	A
437	0.00631	0.00636	T
438	0.00911	0.00919	T
439	0.01103	0.02262	A
440	0.03984	0.04065	C
441	0.0241	0.02417	A
442	0.02104	0.02107	A
443	0.02042	0.02065	A
444	0.03412	0.03587	C
445	0.0065	0.00664	T
446	0.006	0.00603	T
447	0.00926	0.01658	A
448	0.01866	0.01909	C
449	0.00546	0.00562	T
450	0.02361	0.02496	A
451	0.00764	0.00827	T
452	0.03244	0.03271	C
453	0.03969	0.04002	C
454	0.00431	0.00531	G
455	0.02394	0.02394	C
456	0.01372	0.01375	C
457	0.02259	0.02843	A
458	0.01004	0.01046	T
459	0.01499	0.01499	C
460	0.01307	0.0131	C
461	0.01297	0.01306	C
462	0.00564	0.01726	A
463	0.00771	0.0079	T
464	0.02246	0.02267	A
465	0.03192	0.03216	C
466	0.02367	0.02383	A
467	0.0077	0.00775	T
468	0.00687	0.00688	T
469	0.00224	0.00224	G
470	0.00251	0.00251	G
471	0.00145	0.00145	G
472	0.94652	0.95037	A
473	0.01968	0.01985	C
474	0.01672	0.01871	A
475	0.00491	0.00503	G
476	0.0164	0.01649	A
477	0.0317	0.03173	C
478	0.02586	0.02588	C
479	0.00624	0.0065	T
480	0.01778	0.01857	A
481	0.00376	0.00384	G
482	0.00573	0.00574	T
483	0.00851	0.00854	T
484	0.02899	0.02937	C
485	0.02159	0.0217	A
486	0.0171	0.01714	A
487	0.00625	0.00635	T
488	0.003	0.00313	G
489	0.00897	0.00904	A
490	0.00852	0.00865	A
491	0.00302	0.00307	T
492	0.00653	0.00661	C
493	0.00275	0.0028	T
494	0.00291	0.00308	G
495	0.00896	0.00905	A
496	0.00314	0.00314	G
497	0.00233	0.00238	G
498	0.01338	0.01716	A
499	0.00324	0.00324	G
500	0.00293	0.00296	G
501	0.01158	0.01211	C
502	0.00259	0.00281	T
503	0.01647	0.01696	A
504	0.01645	0.01652	C
505	0.00567	0.00644	T
506	0.01841	0.0185	C
507	0.02532	0.02576	A
508	0.00472	0.00476	G
509	0.00987	0.01038	T
510	0.01871	0.01918	A
511	0.00314	0.0032	G
512	0.02028	0.02048	A
513	0.04751	0.04772	C
514	0.01924	0.02013	A
515	0.00418	0.00449	G
516	0.00966	0.0105	T
517	0.0159	0.01593	C
518	0.01233	0.01238	C
519	0.01517	0.01528	C
520	0.0215	0.02981	A
521	0.0296	0.0296	C
522	0.00519	0.0052	C
523	0.0066	0.00664	C
524	0.00324	0.00548	T
525	0.00718	0.0073	C
526	0.01462	0.01708	A
527	0.03875	0.03922	C
528	0.02265	0.02293	A
529	0.03329	0.0336	C
530	0.00333	0.00344	G
531	0.01044	0.01055	A
532	0.00399	0.004	T
533	0.00418	0.00419	T
534	0.00867	0.01017	C
535	0.00495	0.00496	T
536	0.00871	0.00873	T
537	0.01316	0.01323	T
538	0.02787	0.0324	A
539	0.04286	0.04296	C
540	0.02822	0.02829	C
541	0.00383	0.00386	T
542	0.01167	0.01172	T
543	0.01669	0.01672	T
544	0.03092	0.0328	C
545	0.02091	0.02173	A
546	0.03296	0.03334	C
547	0.00872	0.00897	T
548	0.00928	0.00981	T
549	0.02974	0.03146	C
550	0.0273	0.02835	A
551	0.00841	0.0089	T
552	0.01797	0.01828	C
553	0.00798	0.00799	T
554	0.01567	0.01583	T
555	0.00422	0.00508	G
556	0.03849	0.03861	C
557	0.01595	0.016	C
558	0.01423	0.01426	C
559	0.00562	0.00571	T
560	0.00994	0.00997	T
561	0.02249	0.02331	C
562	0.01902	0.01927	A
563	0.01149	0.01151	T
564	0.00739	0.00748	T
565	0.01231	0.01985	A
566	0.00903	0.00903	T
567	0.00927	0.00933	T
568	0.00726	0.01053	G
569	0.02601	0.02875	C
570	0.03371	0.0366	A
571	0.00678	0.00713	G
572	0.02134	0.02138	C
573	0.01816	0.01827	C
574	0.01812	0.01817	C
575	0.00765	0.00794	T
576	0.03125	0.03196	A
577	0.00381	0.00445	G
578	0.02245	0.02293	C
579	0.02483	0.02502	A
580	0.91302	0.91331	A
581	0.03288	0.03314	C
582	0.02239	0.02556	A
583	0.03998	0.04036	C
584	0.01178	0.01264	T
585	0.03027	0.03029	C
586	0.02763	0.0279	C
587	0.01686	0.01959	A
588	0.03718	0.03719	C
589	0.02882	0.02927	C
590	0.00704	0.00821	T
591	0.03521	0.03522	C
592	0.01983	0.02033	C
593	0.00824	0.00861	T
594	0.01958	0.02106	A
595	0.00815	0.00816	T
596	0.00726	0.00728	T
597	0.01863	0.0205	C
598	0.00867	0.00868	T
599	0.00982	0.00987	T
600	0.00349	0.00459	G
601	0.02708	0.02744	C
602	0.02348	0.02374	A
603	0.03714	0.03741	C
604	0.0064	0.0067	G
605	0.01516	0.0153	A
606	0.02169	0.0219	A
607	0.02427	0.02431	A
608	0.03385	0.03542	C
609	0.00415	0.00416	G
610	0.00407	0.00408	G
611	0.00356	0.00361	G
612	0.01591	0.01827	A
613	0.00868	0.0097	T
614	0.03369	0.03447	C
615	0.02839	0.02877	A
616	0.02378	0.0241	A
617	0.02362	0.0237	A
618	0.05267	0.05527	C
619	0.02362	0.02363	A
620	0.01882	0.0232	A
621	0.02519	0.02526	C
622	0.01826	0.01856	C
623	0.01627	0.01632	C
624	0.01852	0.01853	C
625	0.01752	0.01754	C
626	0.00595	0.00614	T
627	0.02441	0.02473	A
628	0.00179	0.0018	G
629	0.00338	0.00348	G
630	0.01083	0.01086	A
631	0.01559	0.01563	A
632	0.00823	0.00882	T
633	0.03199	0.03226	C
634	0.02614	0.02654	A
635	0.03666	0.03669	C
636	0.02407	0.02428	C
637	0.00867	0.01086	T
638	0.03267	0.03269	C
639	0.03078	0.03078	C
640	0.02244	0.02263	C
641	0.02045	0.02229	A
642	0.00712	0.00716	T
643	0.00484	0.00486	T
644	0.02012	0.02017	C
645	0.02294	0.02298	C
646	0.006	0.00688	G
647	0.02219	0.02252	A
648	0.01707	0.0176	T
649	0.01814	0.01826	A
650	0.01128	0.01132	A
651	0.0191	0.01912	A
652	0.02518	0.02541	A
653	0.01329	0.01594	T
654	0.03105	0.03155	C
655	0.02467	0.02501	A
656	0.07656	0.07665	C
657	0.03037	0.03049	C
658	0.0101	0.01093	T
659	0.01671	0.01689	T
660	0.04101	0.04113	C
661	0.03378	0.03414	C
662	0.01283	0.02138	A
663	0.07345	0.07348	C
664	0.03031	0.03032	C
665	0.0203	0.02056	C
666	0.01052	0.01073	T
667	0.00951	0.00967	T
668	0.01582	0.02477	A
669	0.03397	0.03441	C
670	0.01172	0.01234	T
671	0.04143	0.04279	A
672	0.04152	0.04229	C
673	0.01653	0.01711	A
674	0.0388	0.04008	C
675	0.02176	0.02179	A
676	0.02786	0.02819	A
677	0.01214	0.01306	T
678	0.03597	0.03629	C
679	0.02064	0.0207	A
680	0.02336	0.02368	A
681	0.02792	0.02822	A
682	0.00542	0.00581	G
683	0.03114	0.03187	A
684	0.03786	0.03853	C
685	0.01021	0.01043	G
686	0.01567	0.01568	C
687	0.00871	0.00871	C
688	0.02539	0.02545	C
689	0.00796	0.00919	T
690	0.03601	0.03626	C
691	0.00292	0.00311	G
692	0.00406	0.00406	G
693	0.01325	0.01352	C
694	0.00788	0.00794	T
695	0.00968	0.00975	T
696	0.01546	0.02261	A
697	0.03653	0.03679	C
698	0.00982	0.00985	T
699	0.012	0.0121	T
700	0.0243	0.02792	C
701	0.00914	0.00972	T
702	0.03517	0.03669	C
703	0.01298	0.01298	T
704	0.01135	0.0116	T
705	0.03335	0.03343	C
706	0.03186	0.03224	C
707	0.01045	0.01055	T
708	0.02331	0.02347	T
709	0.035	0.03876	C
710	0.01093	0.012	T
711	0.03638	0.03761	C
712	0.01479	0.01507	T
713	0.02963	0.02964	C
714	0.02032	0.02087	C
715	0.00844	0.00845	T
716	0.01091	0.01097	T
717	0.01389	0.01436	A
718	0.02147	0.02153	A
719	0.01219	0.01263	T
720	0.93767	0.93925	G
721	0.02072	0.02166	A
722	0.03658	0.03813	C
723	0.02608	0.02636	A
724	0.01232	0.01239	T
725	0.01512	0.01545	T
726	0.02234	0.02258	A
727	0.01926	0.01957	A
728	0.04107	0.04207	C
729	0.04033	0.04059	A
730	0.03986	0.04053	C
731	0.00647	0.00669	T
732	0.02572	0.02712	A
733	0.00884	0.00887	T
734	0.01194	0.01202	T
735	0.02476	0.02627	C
736	0.01397	0.01505	T
737	0.02659	0.02771	C
738	0.0173	0.01879	A
739	0.04016	0.04017	C
740	0.01937	0.01959	C
741	0.02778	0.0417	A
742	0.00621	0.00671	G
743	0.02515	0.02531	A
744	0.04774	0.04782	C
745	0.01997	0.02019	C
746	0.00635	0.00739	T
747	0.02871	0.02872	C
748	0.0111	0.01127	C
749	0.00525	0.00555	T
750	0.0153	0.01636	A
751	0.00218	0.00219	G
752	0.00282	0.00285	G
753	0.01757	0.01797	C
754	0.00608	0.00671	G
755	0.01807	0.01981	A
756	0.03404	0.03412	C
757	0.02632	0.02639	C
758	0.02959	0.02968	C
759	0.01406	0.0256	A
760	0.00461	0.00478	G
761	0.0242	0.02434	A
762	0.04447	0.04487	C
763	0.01974	0.01976	A
764	0.01713	0.01727	A
765	0.01062	0.01068	T
766	0.01088	0.01097	T
767	0.01724	0.02791	A
768	0.02428	0.02572	T
769	0.03055	0.03246	A
770	0.04377	0.04422	C
771	0.02035	0.02039	C
772	0.00957	0.00962	C
773	0.00795	0.0084	T
774	0.01972	0.02026	A
775	0.00601	0.00623	G
776	0.05262	0.05271	C
777	0.03203	0.03248	C
778	0.01582	0.01615	A
779	0.0194	0.02058	A
780	0.03678	0.03692	C
781	0.0342	0.03437	C
782	0.02461	0.02468	C
783	0.02099	0.02103	C
784	0.00618	0.00627	T
785	0.00823	0.00832	T
786	0.01908	0.01926	A
787	0.02079	0.02084	A
788	0.03538	0.0355	A
789	0.04045	0.04263	C
790	0.0334	0.03627	A
791	0.05254	0.05257	C
792	0.0315	0.03153	C
793	0.02664	0.02665	C
794	0.02526	0.0254	C
795	0.011	0.01405	T
796	0.02667	0.02668	C
797	0.02714	0.02714	C
798	0.02868	0.02868	C
799	0.02576	0.02589	C
800	0.01261	0.01434	A
801	0.02455	0.02518	C
802	0.01753	0.01811	A
803	0.00965	0.01025	T
804	0.02752	0.02771	C
805	0.01986	0.01994	A
806	0.03292	0.03348	A
807	0.00508	0.00573	G
808	0.03163	0.03165	C
809	0.02218	0.02219	C
810	0.02829	0.0283	C
811	0.00808	0.00908	G
812	0.01334	0.01339	A
813	0.01499	0.01511	A
814	0.0077	0.00787	T
815	0.00317	0.00371	G
816	0.01976	0.02009	A
817	0.00852	0.00857	T
818	0.02261	0.02321	A
819	0.00469	0.00469	T
820	0.01092	0.011	T
821	0.00835	0.00838	T
822	0.03401	0.03413	C
823	0.02476	0.02484	C
824	0.00815	0.0085	T
825	0.02577	0.02817	A
826	0.00755	0.00756	T
827	0.01183	0.012	T
828	0.02769	0.03101	C
829	0.0052	0.00535	G
830	0.0393	0.03933	C
831	0.01645	0.01651	C
832	0.00773	0.00846	T
833	0.02224	0.02277	A
834	0.0357	0.03643	C
835	0.02138	0.02198	A
836	0.04255	0.04343	C
837	0.02049	0.02055	A
838	0.02765	0.02775	A
839	0.01038	0.01047	T
840	0.01146	0.01151	T
841	0.0315	0.03672	C
842	0.01148	0.01171	T
843	0.03942	0.03942	C
844	0.03548	0.03562	C
845	0.00626	0.00857	G
846	0.02051	0.02149	A
847	0.00906	0.00921	T
848	0.03263	0.03268	C
849	0.02467	0.02478	C
850	0.00468	0.00605	G
851	0.00894	0.0102	T
852	0.01627	0.01632	C
853	0.02089	0.02093	C
854	0.01404	0.01409	C
855	0.00726	0.00762	T
856	0.01301	0.01325	A
857	0.01655	0.01668	A
858	0.04441	0.04481	C
859	0.01805	0.01814	A
860	0.01877	0.0188	A
861	0.02647	0.02665	A
862	0.02265	0.02362	C
863	0.00311	0.00314	T
864	0.0073	0.00744	A
865	0.00166	0.00168	G
866	0.00187	0.00189	G
867	0.01542	0.01824	A
868	0.00262	0.00262	G
869	0.00247	0.0025	G
870	0.01438	0.01457	C
871	0.00521	0.0053	G
872	0.00796	0.00825	T
873	0.02777	0.02779	C
874	0.02495	0.02497	C
875	0.00863	0.00868	T
876	0.01558	0.01563	T
877	0.00686	0.00828	G
878	0.0381	0.03813	C
879	0.02785	0.02788	C
880	0.02699	0.02701	C
881	0.0076	0.00805	T
882	0.02146	0.0226	A
883	0.0218	0.02184	T
884	0.01334	0.0137	T
885	0.02534	0.04324	A
886	0.0346	0.03525	C
887	0.0105	0.0109	T
888	0.02414	0.02552	A
889	0.0146	0.01492	T
890	0.03899	0.03916	C
891	0.0248	0.02503	C
892	0.01574	0.02178	A
893	0.01468	0.01508	T
894	0.03012	0.03022	C
895	0.02904	0.02948	C
896	0.01103	0.01385	T
897	0.02668	0.02792	C
898	0.01698	0.02266	A
899	0.01154	0.01183	T
900	0.02903	0.02914	C
901	0.01899	0.01924	C
902	0.01022	0.01057	T
903	0.02533	0.02586	A
904	0.00391	0.00427	G
905	0.04064	0.0412	C
906	0.02297	0.02316	A
907	0.02316	0.02342	A
908	0.01337	0.01369	T
909	0.02236	0.02238	A
910	0.02276	0.02531	A
911	0.0274	0.0289	T
912	0.04168	0.04292	C
913	0.05488	0.05504	C
914	0.03637	0.03646	C
915	0.0256	0.02567	C
916	0.02171	0.0347	A
917	0.01578	0.01638	T
918	0.0304	0.03046	C
919	0.02433	0.02462	C
920	0.00964	0.01116	T
921	0.03106	0.03108	C
922	0.0288	0.02909	C
923	0.01311	0.01741	A
924	0.0115	0.01175	T
925	0.02886	0.02985	A
926	0.01082	0.01206	T
927	0.02061	0.02154	A
928	0.01569	0.01665	T
929	0.0367	0.03717	C
930	0.03199	0.03222	C
931	0.01145	0.01156	A
932	0.01891	0.01899	A
933	0.0198	0.01985	A
934	0.0629	0.06727	C
935	0.01946	0.0195	A
936	0.01887	0.01903	A
937	0.06796	0.06975	C
938	0.01858	0.01858	A
939	0.01897	0.01897	A
940	0.02563	0.02587	A
941	0.00656	0.00754	G
942	0.03339	0.03384	C
943	0.0219	0.0223	A
944	0.01313	0.0135	T
945	0.02297	0.02297	A
946	0.02125	0.02245	A
947	0.01116	0.01147	T
948	0.02614	0.02708	A
949	0.00427	0.00427	T
950	0.00958	0.00961	T
951	0.02124	0.02127	T
952	0.03618	0.03772	C
953	0.01819	0.01857	G
954	0.04143	0.04144	C
955	0.0266	0.02661	C
956	0.02309	0.02318	C
957	0.01374	0.01746	A
958	0.0231	0.02345	C
959	0.00817	0.00872	T
960	0.01359	0.01374	A
961	0.02669	0.02744	A
962	0.00371	0.00414	G
963	0.03231	0.03234	C
964	0.03204	0.03207	C
965	0.01372	0.01383	A
966	0.02227	0.02249	A
967	0.01429	0.01542	T
968	0.02783	0.02798	C
969	0.02549	0.02584	A
970	0.03608	0.03688	C
971	0.00663	0.0067	T
972	0.01023	0.01028	T
973	0.00815	0.00816	T
974	0.01794	0.02048	A
975	0.00967	0.00967	T
976	0.01342	0.01347	T
977	0.00515	0.00592	G
978	0.02678	0.02829	A
979	0.02837	0.02865	C
980	0.01158	0.01179	T
981	0.0323	0.03233	C
982	0.01673	0.01711	C
983	0.01021	0.01082	T
984	0.02918	0.03145	A
985	0.0044	0.0046	G
986	0.03491	0.03494	C
987	0.0335	0.03356	C
988	0.00492	0.00708	G
989	0.03035	0.0312	C
990	0.02507	0.02739	A
991	0.00453	0.00462	G
992	0.02739	0.02781	A
993	0.00477	0.00478	C
994	0.00399	0.00403	C
995	0.00123	0.00152	T
996	0.00264	0.00265	C
997	0.00287	0.00293	C
998	0.00265	0.00317	T
999	0.028	0.02828	C
1000	0.01	0.01149	A
1001	0.00306	0.00307	T
1002	0.00413	0.00416	T
1003	0.02173	0.02635	C
1004	0.01228	0.01268	T
1005	0.02135	0.02175	A
1006	0.02312	0.02325	A
1007	0.04119	0.04125	C
1008	0.02394	0.02408	C
1009	0.0051	0.00557	T
1010	0.0052	0.00529	G
1011	0.00674	0.00682	A
1012	0.00781	0.00784	A
1013	0.00285	0.00294	T
1014	0.04909	0.04917	C
1015	0.00282	0.00284	G
1016	0.00184	0.00187	G
1017	0.00426	0.00455	A
1018	0.00394	0.00395	G
1019	0.0033	0.00334	G
1020	0.01793	0.02747	A
1021	0.02852	0.03107	C
1022	0.02564	0.02565	A
1023	0.02491	0.02509	A
1024	0.03692	0.03697	C
1025	0.02632	0.02633	C
1026	0.02079	0.0252	A
1027	0.00533	0.00544	G
1028	0.00593	0.00771	T
1029	0.02565	0.02567	A
1030	0.02879	0.02904	A
1031	0.00254	0.00264	G
1032	0.00696	0.00751	C
1033	0.00399	0.00462	T
1034	0.00862	0.00894	A
1035	0.01499	0.01505	C
1036	0.0148	0.01488	C
1037	0.01832	0.01837	C
1038	0.00323	0.00325	T
1039	0.00798	0.008	T
1040	0.01067	0.01069	T
1041	0.0151	0.01513	T
1042	0.02415	0.03008	A
1043	0.03103	0.03113	C
1044	0.01841	0.0185	C
1045	0.0137	0.01559	A
1046	0.01388	0.01435	T
1047	0.028	0.02828	C
1048	0.02229	0.023	A
1049	0.0118	0.01181	T
1050	0.01109	0.01122	T
1051	0.00278	0.00281	G
1052	0.00243	0.00245	G
1053	0.01888	0.02628	A
1054	0.03661	0.03687	C
1055	0.02444	0.02444	A
1056	0.02859	0.02881	A
1057	0.0037	0.00379	G
1058	0.00264	0.00299	T
1059	0.00859	0.00871	A
1060	0.01758	0.01811	G
1061	0.00905	0.00978	C
1062	0.03664	0.0377	A
1063	0.00775	0.00787	T
1064	0.02528	0.02533	C
1065	0.03067	0.03073	C
1066	0.00538	0.00757	G
1067	0.0107	0.01105	T
1068	0.03617	0.03633	A
1069	0.02797	0.02835	C
1070	0.00907	0.00947	T
1071	0.02491	0.0262	A
1072	0.01179	0.01227	T
1073	0.02272	0.02354	A
1074	0.03156	0.03275	C
1075	0.01021	0.01028	T
1076	0.01491	0.01511	T
1077	0.03228	0.03358	C
1078	0.02217	0.0229	A
1079	0.04521	0.04744	C
1080	0.01989	0.02009	A
1081	0.02497	0.02527	A
1082	0.04669	0.04823	C
1083	0.01996	0.02003	A
1084	0.02329	0.02409	A
1085	0.01398	0.01474	T
1086	0.03539	0.03547	C
1087	0.02643	0.02671	C
1088	0.01174	0.01314	T
1089	0.01149	0.01231	A
1090	0.0202	0.02063	A
1091	0.01346	0.01386	T
1092	0.03188	0.03208	C
1093	0.0235	0.02378	C
1094	0.00991	0.0108	T
1095	0.0226	0.02327	A
1096	0.01656	0.01715	A
1097	0.01782	0.01946	T
1098	0.01898	0.01931	A
1099	0.05045	0.05108	C
1100	0.03146	0.03164	C
1101	0.01543	0.0155	A
1102	0.02693	0.02706	A
1103	0.02475	0.02536	C
1104	0.00833	0.00856	T
1105	0.02257	0.02353	A
1106	0.02287	0.02341	T
1107	0.0305	0.03149	C
1108	0.02382	0.02464	T
1109	0.02391	0.02408	C
1110	0.02572	0.02575	C
1111	0.01757	0.01776	C
1112	0.01157	0.01193	T
1113	0.01242	0.01266	A
1114	0.01562	0.01575	A
1115	0.00854	0.00857	T
1116	0.00818	0.00832	T
1117	0.00839	0.00886	G
1118	0.01322	0.01326	A
1119	0.00894	0.00898	A
1120	0.01254	0.01255	A
1121	0.01269	0.01279	A
1122	0.06955	0.08713	C
1123	0.01147	0.01147	A
1124	0.0072	0.0072	A
1125	0.011	0.011	A
1126	0.01075	0.01077	A
1127	0.0121	0.01448	T
1128	0.0215	0.02177	A
1129	0.02818	0.02851	C
1130	0.00642	0.0067	T
1131	0.0205	0.02067	C
1132	0.00345	0.00349	A
1133	0.00941	0.00942	A
1134	0.02096	0.02096	A
1135	0.05997	0.06328	T
1136	0.01752	0.01753	G
1137	0.00766	0.00766	G
1138	0.00353	0.00353	G
1139	0.03536	0.03536	C
1140	0.01384	0.01384	C
1141	0.00082	0.00082	T
1142	0.0	0.0	A
1143	0.0	0.0	A
