Position	Mismatches	Mismatches + Deletions	Base
1	0.0	0.0	A
2	0.0	0.0	T
3	0.0	0.0	G
4	0.02383	0.02383	C
5	0.01844	0.01844	C
6	0.02069	0.02069	C
7	0.02664	0.02664	C
8	0.01008	0.0109	T
9	0.02059	0.02061	C
10	0.01078	0.01233	A
11	0.00883	0.00883	T
12	0.01079	0.01079	T
13	0.00961	0.00962	T
14	0.01726	0.01915	A
15	0.0355	0.0357	C
16	0.01754	0.01776	A
17	0.01332	0.014	T
18	0.01513	0.01513	A
19	0.01831	0.01831	A
20	0.01779	0.01822	A
21	0.01005	0.01158	T
22	0.02103	0.02128	A
23	0.00921	0.0093	T
24	0.00604	0.00609	T
25	0.00825	0.01504	A
26	0.00597	0.00601	T
27	0.01366	0.01425	A
28	0.01997	0.02038	C
29	0.00599	0.00612	T
30	0.01686	0.01717	A
31	0.0032	0.00359	G
32	0.02325	0.02339	C
33	0.01628	0.01671	A
34	0.00698	0.007	T
35	0.00777	0.00782	T
36	0.01035	0.01041	T
37	0.02606	0.02956	A
38	0.04249	0.04262	C
39	0.02338	0.02344	C
40	0.01878	0.02286	A
41	0.01158	0.0122	T
42	0.04465	0.04489	C
43	0.01251	0.01411	T
44	0.03486	0.03511	C
45	0.02432	0.0253	A
46	0.01064	0.01081	C
47	0.00457	0.00462	T
48	0.00276	0.00278	T
49	0.00506	0.00548	C
50	0.00275	0.00278	T
51	0.00665	0.00688	A
52	0.00122	0.00122	G
53	0.00193	0.00194	G
54	0.01103	0.01106	A
55	0.00775	0.00778	A
56	0.00257	0.00266	T
57	0.01261	0.01282	A
58	0.01171	0.01186	C
59	0.0009	0.00095	T
60	0.00264	0.00278	A
61	0.00128	0.00138	G
62	0.00196	0.00201	T
63	0.00985	0.01025	A
64	0.00353	0.00366	T
65	0.01509	0.0158	A
66	0.00969	0.01003	T
67	0.04065	0.0411	C
68	0.0069	0.00704	G
69	0.0319	0.03257	C
70	0.01346	0.01569	T
71	0.09055	0.0919	C
72	0.02505	0.02816	A
73	0.05484	0.05602	C
74	0.02255	0.02305	A
75	0.03923	0.03923	C
76	0.0254	0.02574	C
77	0.00985	0.0117	T
78	0.02772	0.02798	C
79	0.02112	0.02429	A
80	0.01125	0.01379	T
81	0.02451	0.02695	A
82	0.01175	0.01197	T
83	0.036	0.03624	C
84	0.02215	0.02243	C
85	0.00989	0.01308	T
86	0.03186	0.03193	C
87	0.0348	0.03482	C
88	0.01833	0.01862	C
89	0.00508	0.00547	T
90	0.01323	0.01356	A
91	0.01897	0.01918	C
92	0.00466	0.00481	T
93	0.00946	0.01332	A
94	0.00718	0.00728	T
95	0.00219	0.00232	G
96	0.00809	0.00812	C
97	0.00452	0.00454	C
98	0.00175	0.00183	T
99	0.00597	0.0061	A
100	0.00177	0.00184	G
101	0.00897	0.00899	A
102	0.00626	0.0064	A
103	0.00279	0.00279	G
104	0.00393	0.00401	G
105	0.01643	0.0165	A
106	0.02169	0.0218	A
107	0.01251	0.01285	T
108	0.02407	0.02407	A
109	0.02013	0.02188	A
110	0.01134	0.01168	T
111	0.03142	0.03189	A
112	0.03886	0.04009	C
113	0.00943	0.00979	T
114	0.02411	0.02757	A
115	0.01298	0.01378	T
116	0.03876	0.03931	C
117	0.01141	0.01161	G
118	0.01783	0.018	C
119	0.00696	0.00703	T
120	0.00509	0.00657	G
121	0.01158	0.01158	T
122	0.01296	0.01302	T
123	0.02652	0.0271	C
124	0.02368	0.02398	A
125	0.01049	0.01049	T
126	0.0099	0.00997	T
127	0.01394	0.0226	A
128	0.01436	0.0147	T
129	0.02235	0.02359	A
130	0.00475	0.00503	G
131	0.02473	0.02517	C
132	0.01352	0.01394	T
133	0.02701	0.02811	A
134	0.0348	0.03535	C
135	0.01102	0.01172	T
136	0.02989	0.03038	C
137	0.01038	0.01179	T
138	0.03058	0.03091	C
139	0.02421	0.0259	A
140	0.02176	0.02606	T
141	0.02979	0.02985	A
142	0.02176	0.02466	A
143	0.03983	0.04029	C
144	0.02248	0.02255	C
145	0.02347	0.02355	C
146	0.01551	0.02069	T
147	0.03284	0.03353	C
148	0.03391	0.04149	A
149	0.03481	0.03538	A
150	0.0392	0.04665	C
151	0.02722	0.02801	A
152	0.07152	0.07156	C
153	0.05202	0.05204	C
154	0.03476	0.03513	C
155	0.01581	0.02072	A
156	0.02897	0.02954	C
157	0.00903	0.01025	T
158	0.05359	0.05359	C
159	0.02687	0.02687	C
160	0.02599	0.0262	C
161	0.00557	0.00644	T
162	0.01366	0.0138	C
163	0.00566	0.00568	T
164	0.00752	0.00756	T
165	0.01642	0.02638	A
166	0.00302	0.00311	G
167	0.03066	0.03068	C
168	0.01477	0.01477	C
169	0.01161	0.01166	A
170	0.01933	0.01936	A
171	0.00508	0.00519	T
172	0.01719	0.01742	A
173	0.00678	0.00679	T
174	0.00681	0.00682	T
175	0.00322	0.00364	G
176	0.00517	0.00552	T
177	0.00291	0.00299	G
178	0.02245	0.0225	C
179	0.01494	0.01498	C
180	0.00533	0.00563	T
181	0.01322	0.01481	A
182	0.00562	0.00563	T
183	0.00741	0.0075	T
184	0.00256	0.00283	G
185	0.0269	0.02694	C
186	0.01831	0.01836	C
187	0.00745	0.01817	A
188	0.00426	0.00433	T
189	0.04174	0.04194	A
190	0.00359	0.00368	C
191	0.001	0.00106	T
192	0.00298	0.00328	A
193	0.00112	0.00116	G
194	0.00113	0.00123	T
195	0.01711	0.01717	C
196	0.00449	0.00449	T
197	0.00602	0.00602	T
198	0.00817	0.00818	T
199	0.00285	0.00325	G
200	0.00192	0.00192	C
201	0.0022	0.0022	C
202	0.00348	0.00373	G
203	0.01814	0.01814	C
204	0.00813	0.00814	C
205	0.00177	0.00197	T
206	0.00201	0.00209	G
207	0.00577	0.00595	C
208	0.00484	0.00587	G
209	0.02646	0.02736	A
210	0.027	0.02702	A
211	0.00419	0.00457	G
212	0.0051	0.00529	C
213	0.00797	0.00827	A
214	0.00235	0.00236	G
215	0.00375	0.0038	C
216	0.00321	0.00321	G
217	0.00292	0.00295	G
218	0.00184	0.00188	T
219	0.00326	0.00326	G
220	0.00206	0.00206	G
221	0.0027	0.0027	G
222	0.00236	0.00236	C
223	0.00982	0.00986	C
224	0.00438	0.00523	T
225	0.02372	0.02688	A
226	0.00338	0.00347	G
227	0.01244	0.01245	C
228	0.00603	0.00603	C
229	0.00655	0.0066	C
230	0.00391	0.00435	T
231	0.01072	0.01089	A
232	0.00683	0.00689	C
233	0.00189	0.00193	T
234	0.00814	0.00852	A
235	0.00151	0.00156	G
236	0.00424	0.00452	T
237	0.02959	0.02966	C
238	0.00673	0.00728	T
239	0.02208	0.02231	C
240	0.01757	0.01806	A
241	0.01503	0.01524	A
242	0.0079	0.00822	T
243	0.03345	0.03365	C
244	0.01066	0.01106	T
245	0.03504	0.03507	C
246	0.04404	0.04444	C
247	0.0219	0.02258	A
248	0.02749	0.02752	A
249	0.02261	0.02324	C
250	0.01175	0.01212	A
251	0.01876	0.01937	C
252	0.01436	0.01476	A
253	0.00392	0.00415	T
254	0.01084	0.01138	A
255	0.00333	0.00337	T
256	0.00187	0.00189	G
257	0.00128	0.00129	G
258	0.00731	0.00732	C
259	0.01358	0.01361	C
260	0.00272	0.00287	T
261	0.00866	0.00912	A
262	0.00345	0.00347	G
263	0.01091	0.01099	A
264	0.02051	0.02067	C
265	0.00606	0.00613	T
266	0.01589	0.01612	A
267	0.03283	0.03302	C
268	0.00501	0.00517	G
269	0.00751	0.00795	T
270	0.01735	0.01761	A
271	0.03912	0.03944	C
272	0.0255	0.0279	A
273	0.01197	0.01633	T
274	0.02613	0.02616	A
275	0.02379	0.02546	A
276	0.04859	0.04909	C
277	0.03105	0.03157	C
278	0.01937	0.02287	T
279	0.01048	0.0111	A
280	0.02849	0.02874	A
281	0.03029	0.03049	A
282	0.0665	0.06688	C
283	0.03168	0.03232	C
284	0.02612	0.02749	T
285	0.02957	0.03631	A
286	0.03721	0.03811	C
287	0.01878	0.01947	T
288	0.04913	0.04914	C
289	0.02704	0.02729	C
290	0.01493	0.01574	A
291	0.01905	0.01911	A
292	0.00942	0.00974	T
293	0.00378	0.00399	G
294	0.02953	0.02996	C
295	0.01303	0.01363	T
296	0.01622	0.01637	A
297	0.01393	0.014	A
298	0.01934	0.01948	A
299	0.02178	0.02187	A
300	0.03079	0.03701	C
301	0.01139	0.0119	T
302	0.0135	0.01359	A
303	0.02036	0.02049	A
304	0.01142	0.01317	T
305	0.05201	0.05271	C
306	0.00925	0.0103	G
307	0.01838	0.0193	T
308	0.04088	0.04098	C
309	0.04514	0.04526	C
310	0.03254	0.0328	C
311	0.01281	0.013	A
312	0.01684	0.01691	A
313	0.03496	0.03542	C
314	0.01268	0.01271	A
315	0.01707	0.01722	A
316	0.00864	0.00874	T
317	0.00951	0.0096	T
318	0.01145	0.02086	A
319	0.00722	0.00734	T
320	0.0222	0.02394	A
321	0.01678	0.01679	T
322	0.01594	0.01637	T
323	0.03109	0.04593	A
324	0.03672	0.03833	C
325	0.01792	0.01877	T
326	0.03815	0.03974	A
327	0.06226	0.06263	C
328	0.04368	0.04409	C
329	0.01753	0.02209	A
330	0.02071	0.02098	C
331	0.00671	0.00708	T
332	0.00435	0.00483	G
333	0.02487	0.02526	A
334	0.03162	0.03214	C
335	0.06835	0.06945	A
336	0.01336	0.01388	T
337	0.0058	0.0065	G
338	0.03416	0.03443	A
339	0.05473	0.05602	C
340	0.00576	0.0059	T
341	0.01081	0.01106	T
342	0.00845	0.00849	T
343	0.02734	0.0274	C
344	0.05685	0.05715	C
345	0.00094	0.001	A
346	0.00473	0.00479	A
347	0.0119	0.01194	A
348	0.00806	0.00809	A
349	0.01334	0.01336	A
350	0.00851	0.00854	A
351	0.05216	0.05634	C
352	0.017	0.01741	A
353	0.04834	0.04951	C
354	0.02347	0.02388	A
355	0.0213	0.02284	T
356	0.01735	0.01735	A
357	0.01973	0.02153	A
358	0.00857	0.00863	T
359	0.01316	0.01342	T
360	0.0134	0.01344	T
361	0.00777	0.00921	G
362	0.02681	0.02694	A
363	0.02826	0.0283	A
364	0.01631	0.01718	T
365	0.03993	0.04078	C
366	0.02747	0.02759	A
367	0.02203	0.0222	A
368	0.04116	0.04254	C
369	0.02398	0.02535	A
370	0.05531	0.0656	C
371	0.01791	0.01791	A
372	0.02422	0.02542	A
373	0.04683	0.04748	C
374	0.02365	0.02416	C
375	0.01799	0.02392	A
376	0.03716	0.03718	C
377	0.04314	0.04317	C
378	0.03551	0.03601	C
379	0.01497	0.01872	A
380	0.02973	0.0313	C
381	0.03199	0.03836	A
382	0.0172	0.01736	G
383	0.03345	0.03348	C
384	0.01767	0.01774	C
385	0.00912	0.0094	T
386	0.01234	0.01247	A
387	0.01785	0.01791	A
388	0.00941	0.00946	T
389	0.00938	0.00941	T
390	0.01079	0.02358	A
391	0.01032	0.01032	T
392	0.01177	0.01191	T
393	0.02208	0.02716	A
394	0.00478	0.00537	G
395	0.03306	0.03416	C
396	0.02684	0.02726	A
397	0.0134	0.01424	T
398	0.03464	0.03617	C
399	0.02352	0.0263	A
400	0.01977	0.02108	T
401	0.03513	0.03564	C
402	0.03793	0.0382	C
403	0.0232	0.02342	C
404	0.00853	0.00932	T
405	0.02897	0.02966	C
406	0.00977	0.01005	T
407	0.02353	0.02452	A
408	0.02737	0.02983	C
409	0.01334	0.01383	T
410	0.005	0.00595	A
411	0.00119	0.00123	T
412	0.00157	0.00158	T
413	0.00472	0.00473	T
414	0.00985	0.00986	T
415	0.0096	0.00961	T
416	0.01199	0.01204	T
417	0.01966	0.02083	A
418	0.02305	0.0232	A
419	0.0473	0.04761	C
420	0.02714	0.02726	C
421	0.0144	0.01453	A
422	0.02457	0.02474	A
423	0.0234	0.0237	A
424	0.01328	0.01504	T
425	0.03994	0.04063	C
426	0.02311	0.02324	A
427	0.02145	0.02155	A
428	0.04538	0.04685	C
429	0.02185	0.02188	A
430	0.02316	0.02378	A
431	0.04419	0.0454	C
432	0.02443	0.02445	A
433	0.02477	0.02534	A
434	0.04262	0.04273	C
435	0.02436	0.02475	C
436	0.00782	0.00818	T
437	0.02146	0.02243	A
438	0.00723	0.00724	T
439	0.00932	0.00932	T
440	0.01841	0.0185	T
441	0.02606	0.02951	A
442	0.00505	0.00515	G
443	0.02549	0.02565	C
444	0.01023	0.01038	T
445	0.00574	0.00856	G
446	0.01483	0.01486	T
447	0.01027	0.0104	T
448	0.03291	0.03306	C
449	0.03734	0.03738	C
450	0.03147	0.03151	C
451	0.0319	0.03216	C
452	0.01477	0.0156	A
453	0.02342	0.02356	A
454	0.04804	0.04809	C
455	0.01836	0.01842	C
456	0.00272	0.00279	T
457	0.00461	0.00462	T
458	0.01123	0.01126	T
459	0.00916	0.00916	T
460	0.02176	0.022	C
461	0.03148	0.03157	C
462	0.011	0.01245	T
463	0.03262	0.03264	C
464	0.04153	0.04174	C
465	0.00658	0.00914	G
466	0.05058	0.0517	A
467	0.02259	0.02269	C
468	0.02955	0.02962	C
469	0.0314	0.03154	C
470	0.02944	0.02946	C
471	0.01791	0.01793	C
472	0.00859	0.00906	T
473	0.02227	0.02252	A
474	0.02043	0.02072	A
475	0.03088	0.03183	C
476	0.02032	0.02042	A
477	0.02546	0.02873	A
478	0.03181	0.03207	C
479	0.02626	0.02655	C
480	0.03473	0.03484	C
481	0.02591	0.02593	C
482	0.01981	0.01981	C
483	0.02098	0.021	C
484	0.0075	0.00847	T
485	0.02432	0.02432	C
486	0.01767	0.01783	C
487	0.00879	0.00918	T
488	0.01731	0.01766	A
489	0.01711	0.01723	A
490	0.01163	0.01213	T
491	0.02568	0.02588	A
492	0.04112	0.04201	C
493	0.01906	0.01981	T
494	0.02649	0.02668	A
495	0.027	0.02743	A
496	0.03729	0.03861	C
497	0.01855	0.01898	T
498	0.03098	0.03206	A
499	0.04087	0.04102	C
500	0.0279	0.02846	C
501	0.01434	0.01549	T
502	0.00594	0.00746	G
503	0.02752	0.02908	A
504	0.02966	0.03005	C
505	0.01126	0.01168	T
506	0.03648	0.0366	C
507	0.02016	0.02082	C
508	0.02286	0.02561	T
509	0.02712	0.03098	A
510	0.04984	0.04992	C
511	0.04252	0.04306	C
512	0.02353	0.02367	C
513	0.02354	0.02371	C
514	0.01109	0.01242	T
515	0.0256	0.02585	C
516	0.01817	0.0192	A
517	0.0406	0.04194	C
518	0.02087	0.02112	A
519	0.02192	0.0223	A
520	0.01168	0.0133	T
521	0.02918	0.02957	C
522	0.04028	0.04901	A
523	0.00725	0.00743	T
524	0.00316	0.00323	G
525	0.00348	0.00352	G
526	0.00783	0.00884	C
527	0.0239	0.0241	A
528	0.03108	0.03123	A
529	0.00504	0.00565	G
530	0.03517	0.03522	C
531	0.03438	0.03454	C
532	0.02296	0.02318	A
533	0.02666	0.02678	A
534	0.04207	0.0432	C
535	0.00427	0.00442	G
536	0.00678	0.00679	C
537	0.00391	0.00393	C
538	0.01066	0.01597	A
539	0.05442	0.05472	C
540	0.01077	0.01112	T
541	0.01078	0.01088	T
542	0.00776	0.02041	A
543	0.01021	0.01043	T
544	0.03341	0.03354	C
545	0.02989	0.02996	C
546	0.02121	0.02523	A
547	0.00395	0.00406	G
548	0.00563	0.00602	T
549	0.00559	0.00645	G
550	0.0166	0.01733	A
551	0.02846	0.02856	A
552	0.0632	0.06337	C
553	0.02721	0.02734	C
554	0.0152	0.02493	A
555	0.03207	0.03251	C
556	0.0101	0.01061	T
557	0.02397	0.02462	A
558	0.01223	0.01288	T
559	0.02326	0.02422	C
560	0.01443	0.01473	A
561	0.03835	0.03953	C
562	0.01312	0.01396	G
563	0.00062	0.0007	A
564	0.00036	0.00039	A
565	0.00298	0.00302	A
566	0.00863	0.00865	A
567	0.00528	0.0053	A
568	0.00572	0.00574	A
569	0.00862	0.00864	A
570	0.03689	0.03974	C
571	0.01007	0.01041	T
572	0.02959	0.03038	C
573	0.01392	0.01505	T
574	0.02834	0.03034	A
575	0.11935	0.12034	C
576	0.01962	0.02045	C
577	0.0103	0.01173	T
578	0.02063	0.02142	C
579	0.00792	0.00805	T
580	0.02831	0.02881	C
581	0.00597	0.00614	T
582	0.02207	0.02385	A
583	0.01184	0.01235	T
584	0.02438	0.02517	A
585	0.03715	0.03866	C
586	0.01421	0.01472	T
587	0.0241	0.02429	A
588	0.02365	0.02476	A
589	0.02348	0.02528	T
590	0.0415	0.04288	C
591	0.02487	0.02586	T
592	0.04264	0.04296	C
593	0.03429	0.03434	C
594	0.02417	0.02463	C
595	0.01132	0.01203	T
596	0.02261	0.02324	A
597	0.03909	0.03953	C
598	0.01392	0.01406	A
599	0.02047	0.0206	A
600	0.02047	0.02089	A
601	0.01542	0.01651	T
602	0.03202	0.03252	C
603	0.01173	0.01196	T
604	0.03124	0.03127	C
605	0.03853	0.03921	C
606	0.01019	0.01025	T
607	0.01524	0.01543	T
608	0.00846	0.0091	A
609	0.01486	0.01495	A
610	0.01012	0.01015	T
611	0.011	0.01108	T
612	0.0121	0.02097	A
613	0.01756	0.01835	T
614	0.02436	0.02438	A
615	0.01961	0.02014	A
616	0.04256	0.04336	C
617	0.0251	0.02527	A
618	0.01229	0.01242	T
619	0.01829	0.01953	T
620	0.03132	0.03238	C
621	0.02191	0.02452	A
622	0.02353	0.02568	C
623	0.02794	0.02967	A
624	0.02502	0.02566	G
625	0.05838	0.05847	C
626	0.03599	0.03626	C
627	0.02137	0.02919	A
628	0.01654	0.01694	C
629	0.02562	0.02673	A
630	0.006	0.00667	G
631	0.01885	0.01888	A
632	0.01989	0.0201	A
633	0.03616	0.03676	C
634	0.00992	0.01027	T
635	0.01242	0.01249	A
636	0.01811	0.01829	A
637	0.00998	0.01058	T
638	0.03361	0.03433	C
639	0.0187	0.01972	A
640	0.01149	0.01173	T
641	0.00844	0.0089	A
642	0.00566	0.00567	T
643	0.00862	0.00867	T
644	0.00931	0.00932	T
645	0.01012	0.01014	T
646	0.01249	0.01751	A
647	0.01418	0.01447	T
648	0.01957	0.02033	A
649	0.01102	0.01143	T
650	0.0263	0.02675	C
651	0.01084	0.01084	T
652	0.00966	0.00976	T
653	0.01905	0.02425	C
654	0.01618	0.01619	T
655	0.03574	0.03584	T
656	0.04936	0.05232	C
657	0.01101	0.01208	G
658	0.0197	0.02021	A
659	0.02911	0.02924	A
660	0.04094	0.04098	A
661	0.05852	0.05875	C
662	0.04161	0.04184	C
663	0.01453	0.02823	A
664	0.03931	0.03983	C
665	0.01073	0.01174	A
666	0.04087	0.04136	C
667	0.00996	0.01012	T
668	0.01017	0.01026	T
669	0.01134	0.0201	A
670	0.01784	0.01826	T
671	0.02836	0.02893	C
672	0.02647	0.02658	C
673	0.02906	0.02909	C
674	0.02754	0.02762	C
675	0.01515	0.0176	A
676	0.03133	0.03133	C
677	0.01942	0.01948	C
678	0.00535	0.00548	T
679	0.00426	0.00426	T
680	0.00148	0.00149	G
681	0.00175	0.00176	G
682	0.00342	0.00353	C
683	0.00167	0.00172	T
684	0.02443	0.02453	A
685	0.00204	0.00223	T
686	0.00527	0.00534	C
687	0.00557	0.00588	A
688	0.00285	0.00396	T
689	0.00637	0.00659	C
690	0.0244	0.02483	A
691	0.03727	0.03729	C
692	0.0303	0.0303	C
693	0.03526	0.03528	C
694	0.00203	0.00219	G
695	0.0052	0.0054	A
696	0.00237	0.00241	T
697	0.00197	0.00225	G
698	0.00865	0.00884	A
699	0.00279	0.00279	G
700	0.00362	0.00364	G
701	0.02377	0.024	C
702	0.02325	0.0234	A
703	0.02309	0.02318	A
704	0.03946	0.03953	C
705	0.0278	0.02782	C
706	0.00993	0.01279	A
707	0.00263	0.00268	G
708	0.00936	0.00937	C
709	0.00787	0.00789	C
710	0.01259	0.0178	A
711	0.00469	0.00526	G
712	0.02993	0.03006	A
713	0.02489	0.02543	A
714	0.02961	0.03054	C
715	0.00484	0.00495	G
716	0.00095	0.00095	C
717	0.00081	0.00082	C
718	0.00082	0.00089	T
719	0.00404	0.00435	G
720	0.03507	0.03521	A
721	0.02431	0.02436	A
722	0.04424	0.0448	C
723	0.00589	0.00609	G
724	0.00493	0.0054	C
725	0.00258	0.00277	A
726	0.0017	0.0017	G
727	0.00408	0.00412	G
728	0.00183	0.00189	C
729	0.01984	0.02072	A
730	0.03899	0.03929	C
731	0.01847	0.01939	A
732	0.01195	0.01213	T
733	0.02168	0.02194	A
734	0.03687	0.03761	C
735	0.00932	0.00939	T
736	0.00862	0.00863	T
737	0.04249	0.04251	C
738	0.02097	0.02113	C
739	0.00853	0.00898	T
740	0.02847	0.031	A
741	0.01043	0.01043	T
742	0.01066	0.01076	T
743	0.02503	0.02808	C
744	0.01157	0.01222	T
745	0.02988	0.03355	A
746	0.03954	0.04084	C
747	0.02854	0.03048	A
748	0.0454	0.04544	C
749	0.03177	0.03179	C
750	0.02175	0.02183	C
751	0.00755	0.00777	T
752	0.01089	0.0114	A
753	0.00179	0.00184	G
754	0.00155	0.00175	T
755	0.00553	0.00601	A
756	0.00415	0.00418	G
757	0.00625	0.00633	G
758	0.03669	0.03785	C
759	0.03123	0.03181	T
760	0.03238	0.03241	C
761	0.04163	0.04165	C
762	0.0219	0.02242	C
763	0.00778	0.00789	T
764	0.00932	0.00947	T
765	0.0297	0.02972	C
766	0.04571	0.0459	C
767	0.00896	0.00897	C
768	0.00498	0.00499	C
769	0.00175	0.00193	T
770	0.00489	0.00517	A
771	0.00532	0.00541	C
772	0.00391	0.00466	T
773	0.04209	0.0429	C
774	0.02121	0.02336	A
775	0.01358	0.01458	T
776	0.03818	0.03864	C
777	0.01167	0.01224	G
778	0.03547	0.03596	C
779	0.02288	0.02314	A
780	0.04737	0.0478	C
781	0.0149	0.01561	T
782	0.01901	0.0191	A
783	0.01719	0.01735	A
784	0.01044	0.01052	T
785	0.01204	0.01213	T
786	0.01437	0.01439	T
787	0.02359	0.02654	A
788	0.04157	0.04211	C
789	0.02886	0.02927	A
790	0.0471	0.04769	C
791	0.03054	0.03176	T
792	0.03271	0.03307	C
793	0.0256	0.02689	A
794	0.04242	0.04373	C
795	0.02077	0.02117	A
796	0.0249	0.02561	A
797	0.03572	0.03755	C
798	0.02341	0.0243	A
799	0.03781	0.03783	C
800	0.03107	0.0311	C
801	0.01648	0.01656	C
802	0.00713	0.00744	T
803	0.02629	0.02704	A
804	0.00221	0.00223	G
805	0.00326	0.00331	G
806	0.00912	0.00932	C
807	0.00423	0.0048	T
808	0.00751	0.00765	C
809	0.01322	0.01348	A
810	0.03756	0.03792	C
811	0.00685	0.00717	T
812	0.01771	0.01781	A
813	0.01741	0.01756	A
814	0.01786	0.01795	A
815	0.03101	0.03276	C
816	0.02981	0.03022	A
817	0.00742	0.00755	T
818	0.00675	0.0068	T
819	0.022	0.0245	C
820	0.00942	0.00961	T
821	0.03179	0.03298	A
822	0.03544	0.03627	C
823	0.0122	0.01278	T
824	0.02366	0.02556	A
825	0.03376	0.03472	C
826	0.02312	0.02418	T
827	0.03012	0.03115	C
828	0.02026	0.02074	A
829	0.02631	0.02684	C
830	0.01435	0.01475	T
831	0.06173	0.06265	C
832	0.03165	0.03222	T
833	0.03116	0.0316	C
834	0.02097	0.02176	A
835	0.0216	0.02216	C
836	0.05038	0.05159	T
837	0.0144	0.01503	G
838	0.03987	0.03989	C
839	0.03583	0.03586	C
840	0.0338	0.03385	C
841	0.01953	0.01967	A
842	0.02373	0.02385	A
843	0.00631	0.00879	G
844	0.02556	0.0256	A
845	0.02425	0.02446	A
846	0.03934	0.04001	C
847	0.00871	0.00897	T
848	0.02622	0.02663	A
849	0.01117	0.012	T
850	0.03206	0.03241	C
851	0.02453	0.02462	A
852	0.02168	0.02204	A
853	0.02537	0.02542	A
854	0.03054	0.03249	C
855	0.00709	0.00723	T
856	0.02724	0.02726	C
857	0.02488	0.02508	C
858	0.00741	0.008	T
859	0.00232	0.00292	G
860	0.00895	0.00927	A
861	0.00436	0.00446	G
862	0.00967	0.00972	C
863	0.00891	0.00903	C
864	0.02198	0.02221	A
865	0.02144	0.02149	A
866	0.04225	0.04312	C
867	0.01744	0.01748	A
868	0.01527	0.01541	A
869	0.02879	0.02946	C
870	0.00845	0.00866	T
871	0.01055	0.0106	T
872	0.01865	0.01881	A
873	0.02264	0.02279	A
874	0.00797	0.00808	T
875	0.02842	0.02908	A
876	0.01147	0.0116	T
877	0.00487	0.00514	G
878	0.02217	0.02235	A
879	0.04038	0.04071	C
880	0.00769	0.00778	T
881	0.01642	0.01691	A
882	0.00322	0.0033	G
883	0.01297	0.01319	C
884	0.00438	0.00445	T
885	0.00509	0.00516	T
886	0.01363	0.02254	A
887	0.03623	0.03659	C
888	0.02282	0.02311	A
889	0.04611	0.04675	C
890	0.02264	0.02267	A
891	0.01917	0.01956	A
892	0.00795	0.0088	T
893	0.0157	0.01596	A
894	0.00233	0.00249	G
895	0.01342	0.01365	C
896	0.00199	0.00201	T
897	0.00559	0.00559	T
898	0.00676	0.00677	T
899	0.00692	0.00693	T
900	0.01342	0.01997	A
901	0.00909	0.00913	T
902	0.02524	0.02572	A
903	0.00293	0.00296	G
904	0.00116	0.00131	T
905	0.0038	0.00381	A
906	0.00503	0.00504	A
907	0.00454	0.00457	A
908	0.00233	0.00244	G
909	0.04794	0.04962	A
910	0.01821	0.01849	T
911	0.01979	0.01997	A
912	0.0139	0.01408	C
913	0.00668	0.00671	C
914	0.00152	0.00169	T
915	0.00243	0.00246	C
916	0.00108	0.00109	T
917	0.00133	0.00133	T
918	0.0018	0.00181	T
919	0.00324	0.00373	A
920	0.00658	0.00666	C
921	0.00405	0.00407	G
922	0.00442	0.00449	G
923	0.02586	0.02995	A
924	0.02848	0.02871	C
925	0.01068	0.01113	T
926	0.03611	0.03627	C
927	0.02179	0.02196	C
928	0.01723	0.02476	A
929	0.06867	0.06939	C
930	0.01066	0.01087	T
931	0.01082	0.01091	T
932	0.01561	0.02399	A
933	0.01162	0.01177	T
934	0.00541	0.00595	G
935	0.02973	0.03031	A
936	0.02924	0.02991	C
937	0.01278	0.01361	T
938	0.03526	0.03539	C
939	0.03399	0.034	C
940	0.02709	0.02727	C
941	0.00625	0.00682	T
942	0.00892	0.00915	A
943	0.01298	0.01306	A
944	0.03187	0.03196	A
945	0.00474	0.00501	G
946	0.00649	0.0065	C
947	0.00379	0.00379	C
948	0.00465	0.00465	C
949	0.00483	0.00685	A
950	0.00573	0.00579	T
951	0.00276	0.00281	G
952	0.00919	0.00933	T
953	0.00662	0.00667	C
954	0.00471	0.00519	G
955	0.01453	0.01476	A
956	0.03784	0.03819	A
957	0.02417	0.02467	G
958	0.03081	0.0309	C
959	0.01159	0.01161	C
960	0.02628	0.02629	C
961	0.02319	0.02321	C
962	0.01484	0.01486	C
963	0.01976	0.02311	A
964	0.00261	0.00267	T
965	0.00728	0.0073	C
966	0.00336	0.00339	G
967	0.00554	0.00564	C
968	0.00149	0.00151	T
969	0.00195	0.00195	G
970	0.0017	0.0017	G
971	0.00242	0.00242	G
972	0.00126	0.00148	T
973	0.00924	0.00928	C
974	0.00809	0.00809	A
975	0.00751	0.00752	A
976	0.00748	0.00753	T
977	0.00783	0.00806	A
978	0.00329	0.00334	G
979	0.00111	0.00111	T
980	0.00296	0.00305	A
981	0.00297	0.00299	C
982	0.00205	0.00206	T
983	0.00823	0.00823	T
984	0.00334	0.00387	G
985	0.01679	0.01682	C
986	0.01944	0.01946	C
987	0.00469	0.00592	G
988	0.02559	0.02573	C
989	0.01622	0.01654	A
990	0.00397	0.00399	G
991	0.00139	0.00146	T
992	0.00434	0.0045	A
993	0.00475	0.00478	C
994	0.00165	0.0017	T
995	0.02508	0.02522	C
996	0.00296	0.00296	T
997	0.00473	0.00474	T
998	0.97085	0.97089	A
999	0.02006	0.02009	A
1000	0.01779	0.01781	A
1001	0.02133	0.02135	A
1002	0.02614	0.02723	C
1003	0.00697	0.00723	T
1004	0.01917	0.02069	A
1005	0.00241	0.00246	G
1006	0.0024	0.00243	G
1007	0.11295	0.1145	C
1008	0.00251	0.00252	G
1009	0.00357	0.00359	G
1010	0.00413	0.00427	C
1011	0.00322	0.00337	T
1012	0.00883	0.00899	A
1013	0.0032	0.00321	T
1014	0.00294	0.00294	G
1015	0.00208	0.00209	G
1016	0.00363	0.00368	T
1017	0.01445	0.01463	A
1018	0.00633	0.00642	T
1019	0.02153	0.02156	A
1020	0.01622	0.01791	A
1021	0.00803	0.0085	T
1022	0.02502	0.02688	A
1023	0.04387	0.04543	C
1024	0.00532	0.0056	G
1025	0.02109	0.02111	C
1026	0.01039	0.01045	C
1027	0.00767	0.01027	T
1028	0.02369	0.02401	C
1029	0.01823	0.02024	A
1030	0.04165	0.04248	C
1031	0.02055	0.02106	A
1032	0.03533	0.03589	C
1033	0.01104	0.01136	T
1034	0.02724	0.0277	C
1035	0.02527	0.02737	A
1036	0.01124	0.0113	T
1037	0.01137	0.01149	T
1038	0.02983	0.03201	C
1039	0.01144	0.01212	T
1040	0.03034	0.03199	C
1041	0.0251	0.02559	A
1042	0.02989	0.03107	A
1043	0.04247	0.04257	C
1044	0.03263	0.03289	C
1045	0.02723	0.02727	C
1046	0.01859	0.01861	C
1047	0.01595	0.01597	C
1048	0.00988	0.01071	T
1049	0.00546	0.00581	G
1050	0.01924	0.01937	A
1051	0.04205	0.04301	C
1052	0.02134	0.02151	A
1053	0.0133	0.01335	A
1054	0.01892	0.01892	A
1055	0.01313	0.01315	A
1056	0.03228	0.03673	C
1057	0.01547	0.01596	A
1058	0.02137	0.02176	C
1059	0.0139	0.01599	A
1060	0.01227	0.01446	T
1061	0.02902	0.03001	A
1062	0.0069	0.00715	G
1063	0.01756	0.01761	C
1064	0.01184	0.01194	C
1065	0.01717	0.02009	T
1066	0.02708	0.02911	A
1067	0.0321	0.03229	C
1068	0.03791	0.03834	C
1069	0.02391	0.02401	C
1070	0.02487	0.02502	C
1071	0.00856	0.0087	T
1072	0.00827	0.0083	T
1073	0.02664	0.02666	C
1074	0.02515	0.02521	C
1075	0.00454	0.00455	T
1076	0.00842	0.00846	T
1077	0.00344	0.00456	G
1078	0.01735	0.01774	T
1079	0.07843	0.07991	A
1080	0.01677	0.01706	C
1081	0.00583	0.00619	T
1082	0.01616	0.02007	A
1083	0.0105	0.01103	T
1084	0.02782	0.02796	C
1085	0.0175	0.01751	C
1086	0.01699	0.01702	C
1087	0.00701	0.00744	T
1088	0.0246	0.0251	A
1089	0.00715	0.00721	T
1090	0.01158	0.01224	G
1091	0.00952	0.00981	A
1092	0.00199	0.00201	G
1093	0.00269	0.00275	G
1094	0.01273	0.0129	C
1095	0.02034	0.02063	A
1096	0.00897	0.00921	T
1097	0.0123	0.01231	A
1098	0.01776	0.01888	A
1099	0.00868	0.00875	T
1100	0.01061	0.0107	T
1101	0.01307	0.02403	A
1102	0.01607	0.01674	T
1103	0.02305	0.02307	A
1104	0.02253	0.0231	A
1105	0.04033	0.04092	C
1106	0.02267	0.02267	A
1107	0.02657	0.02707	A
1108	0.00478	0.00537	G
1109	0.02917	0.02961	C
1110	0.01122	0.01142	T
1111	0.03394	0.03396	C
1112	0.02218	0.0224	C
1113	0.02094	0.02583	A
1114	0.00868	0.00914	T
1115	0.02062	0.02082	C
1116	0.00755	0.00771	T
1117	0.00343	0.00393	G
1118	0.02409	0.02412	C
1119	0.00779	0.00791	C
1120	0.00506	0.0054	T
1121	0.0183	0.01905	A
1122	0.02319	0.02343	C
1123	0.00608	0.00646	G
1124	0.02019	0.02056	A
1125	0.03976	0.04092	C
1126	0.02679	0.02694	A
1127	0.02525	0.02526	A
1128	0.02586	0.02605	A
1129	0.04077	0.04334	C
1130	0.03259	0.03488	A
1131	0.0072	0.00767	G
1132	0.0233	0.02345	A
1133	0.04469	0.04478	C
1134	0.02591	0.0261	C
1135	0.0156	0.0162	T
1136	0.0151	0.01524	A
1137	0.01022	0.01024	A
1138	0.02194	0.02203	A
1139	0.02746	0.02753	A
1140	0.00944	0.01099	T
1141	0.03291	0.03319	C
1142	0.00731	0.00744	G
1143	0.01892	0.01909	C
1144	0.00555	0.00598	T
1145	0.0339	0.03408	C
1146	0.01609	0.01734	A
1147	0.00655	0.00657	T
1148	0.00649	0.00654	T
1149	0.00253	0.0035	G
1150	0.03656	0.03769	C
1151	0.0228	0.02429	A
1152	0.01555	0.01597	T
1153	0.0411	0.04247	A
1154	0.03423	0.03512	C
1155	0.00994	0.01036	T
1156	0.03186	0.03227	C
1157	0.01416	0.01418	T
1158	0.00645	0.00651	T
1159	0.01825	0.01862	C
1160	0.01426	0.0146	A
1161	0.01688	0.01709	A
1162	0.00796	0.01154	T
1163	0.03188	0.03247	C
1164	0.02414	0.02501	A
1165	0.00608	0.00636	G
1166	0.0333	0.03342	C
1167	0.02797	0.02823	C
1168	0.01808	0.02199	A
1169	0.03349	0.03412	C
1170	0.02115	0.02358	A
1171	0.00904	0.0101	T
1172	0.02688	0.02789	A
1173	0.0051	0.00547	G
1174	0.02644	0.02647	C
1175	0.01776	0.01777	C
1176	0.02198	0.02201	C
1177	0.00346	0.00392	T
1178	0.02199	0.02205	C
1179	0.00296	0.00306	G
1180	0.00258	0.00268	T
1181	0.0089	0.00902	A
1182	0.00458	0.00474	G
1183	0.01889	0.02055	T
1184	0.02298	0.02303	A
1185	0.02619	0.02656	A
1186	0.02081	0.02115	C
1187	0.01869	0.01901	A
1188	0.00482	0.00498	G
1189	0.03911	0.03918	C
1190	0.02234	0.02244	C
1191	0.02131	0.02264	A
1192	0.01109	0.01122	T
1193	0.00958	0.00964	T
1194	0.0259	0.02783	C
1195	0.01093	0.01179	T
1196	0.0269	0.0279	C
1197	0.0188	0.02131	A
1198	0.01927	0.02015	T
1199	0.03765	0.03785	C
1200	0.02622	0.02643	C
1201	0.01235	0.01246	A
1202	0.02968	0.03032	A
1203	0.03252	0.0331	A
1204	0.03288	0.03317	C
1205	0.02892	0.02905	C
1206	0.02913	0.02929	C
1207	0.02741	0.02743	C
1208	0.01824	0.01826	C
1209	0.00579	0.00639	T
1210	0.00292	0.00386	G
1211	0.02078	0.02097	A
1212	0.02779	0.02783	A
1213	0.00388	0.00412	G
1214	0.01947	0.0197	C
1215	0.00462	0.00464	T
1216	0.00671	0.00678	T
1217	0.01927	0.02036	C
1218	0.02082	0.02141	A
1219	0.04163	0.04163	C
1220	0.04687	0.04695	C
1221	0.00406	0.00409	G
1222	0.00414	0.00417	G
1223	0.0086	0.00867	C
1224	0.00643	0.00681	G
1225	0.04612	0.04695	C
1226	0.02065	0.02112	A
1227	0.00383	0.0039	G
1228	0.00988	0.01017	T
1229	0.0288	0.0291	C
1230	0.02117	0.02145	A
1231	0.01208	0.01213	T
1232	0.01681	0.01691	T
1233	0.05189	0.05611	C
1234	0.01619	0.0173	T
1235	0.03063	0.03116	C
1236	0.01873	0.01989	A
1237	0.01414	0.01455	T
1238	0.01926	0.01935	A
1239	0.02201	0.02355	A
1240	0.02078	0.0214	T
1241	0.02444	0.0254	C
1242	0.01018	0.01038	G
1243	0.01787	0.01788	C
1244	0.01418	0.01418	C
1245	0.02779	0.02788	C
1246	0.02351	0.02737	A
1247	0.03757	0.03806	C
1248	0.0056	0.00593	G
1249	0.00215	0.00215	G
1250	0.90969	0.9097	G
1251	0.02008	0.02013	C
1252	0.00563	0.00568	T
1253	0.00858	0.01012	T
1254	0.0146	0.02142	A
1255	0.03314	0.03453	C
1256	0.0338	0.03434	A
1257	0.00895	0.00918	T
1258	0.0219	0.02199	C
1259	0.01861	0.01874	C
1260	0.00937	0.01161	T
1261	0.02534	0.02565	C
1262	0.01911	0.02089	A
1263	0.01482	0.01485	T
1264	0.01214	0.01234	T
1265	0.02161	0.04022	A
1266	0.03045	0.03104	C
1267	0.01007	0.0103	T
1268	0.02693	0.02901	A
1269	0.00949	0.00949	T
1270	0.0101	0.01018	T
1271	0.02454	0.02779	C
1272	0.01834	0.01867	T
1273	0.00893	0.00924	G
1274	0.02999	0.03003	C
1275	0.01871	0.019	C
1276	0.01095	0.01232	T
1277	0.02839	0.02903	A
1278	0.00995	0.01043	G
1279	0.02903	0.03074	C
1280	0.0197	0.01984	A
1281	0.02188	0.02199	A
1282	0.0232	0.02325	A
1283	0.03529	0.03695	C
1284	0.01225	0.01374	T
1285	0.03144	0.03221	C
1286	0.02088	0.02138	A
1287	0.02099	0.02115	A
1288	0.02272	0.0228	A
1289	0.03058	0.03201	C
1290	0.00864	0.00877	T
1291	0.02147	0.02185	A
1292	0.04164	0.04195	C
1293	0.00762	0.00819	G
1294	0.01965	0.01979	A
1295	0.02757	0.02797	A
1296	0.04284	0.04343	C
1297	0.01087	0.01136	G
1298	0.02213	0.02292	C
1299	0.02031	0.02071	A
1300	0.02856	0.02885	C
1301	0.01291	0.01383	T
1302	0.03237	0.03266	C
1303	0.01783	0.01847	A
1304	0.03758	0.03799	C
1305	0.02065	0.02178	A
1306	0.00473	0.00501	G
1307	0.01328	0.01427	T
1308	0.03587	0.036	C
1309	0.00556	0.00606	G
1310	0.02211	0.02382	C
1311	0.01956	0.02003	A
1312	0.01018	0.01174	T
1313	0.02679	0.02724	C
1314	0.02355	0.02429	A
1315	0.01147	0.01194	T
1316	0.01949	0.01952	A
1317	0.02358	0.02765	A
1318	0.00802	0.00837	T
1319	0.04804	0.04883	C
1320	0.01473	0.01498	C
1321	0.00643	0.00723	T
1322	0.02916	0.02948	C
1323	0.00787	0.00837	T
1324	0.02941	0.02973	C
1325	0.00852	0.00942	T
1326	0.03312	0.0336	C
1327	0.02208	0.02291	A
1328	0.01935	0.01941	A
1329	0.00314	0.00315	G
1330	0.00288	0.00291	G
1331	0.0167	0.02102	A
1332	0.03174	0.03219	C
1333	0.00687	0.00693	T
1334	0.01026	0.01029	T
1335	0.02762	0.02885	C
1336	0.02025	0.02061	A
1337	0.02175	0.02183	A
1338	0.04393	0.04404	A
1339	0.02547	0.02684	C
1340	0.00755	0.00798	T
1341	0.0278	0.02816	C
1342	0.01067	0.01104	T
1343	0.02145	0.02544	A
1344	0.02492	0.02595	C
1345	0.02512	0.02598	T
1346	0.05141	0.05143	C
1347	0.03808	0.03813	C
1348	0.02913	0.02969	C
1349	0.01426	0.01873	A
1350	0.02242	0.0228	C
1351	0.00681	0.00697	T
1352	0.02166	0.02182	A
1353	0.02199	0.02244	A
1354	0.01268	0.01328	T
1355	0.0249	0.02531	A
1356	0.00906	0.0095	G
1357	0.02486	0.02514	C
1358	0.0036	0.00362	T
1359	0.00391	0.00392	T
1360	0.00664	0.00664	T
1361	0.00724	0.00724	T
1362	0.00693	0.00693	T
1363	0.00305	0.00379	G
1364	0.02366	0.02415	A
1365	0.00956	0.00974	T
1366	0.00456	0.00472	G
1367	0.02533	0.02568	A
1368	0.02582	0.02625	C
1369	0.00779	0.00781	T
1370	0.00834	0.00837	T
1371	0.02076	0.02264	C
1372	0.00757	0.00836	T
1373	0.01769	0.01836	A
1374	0.00359	0.00378	G
1375	0.01833	0.02062	C
1376	0.01936	0.01941	A
1377	0.02341	0.02436	A
1378	0.00492	0.0054	G
1379	0.03266	0.03271	C
1380	0.01604	0.01616	C
1381	0.00817	0.009	T
1382	0.027	0.02711	C
1383	0.00463	0.00496	G
1384	0.02059	0.02123	C
1385	0.00828	0.00865	T
1386	0.0184	0.01865	A
1387	0.02258	0.02269	A
1388	0.04171	0.04179	C
1389	0.02363	0.02394	C
1390	0.01502	0.01784	T
1391	0.03943	0.03998	C
1392	0.00434	0.00608	G
1393	0.03342	0.03342	C
1394	0.02515	0.0252	C
1395	0.01601	0.01615	T
1396	0.02034	0.02116	T
1397	0.02582	0.03145	A
1398	0.02775	0.02782	C
1399	0.03174	0.03204	C
1400	0.02952	0.0297	C
1401	0.03539	0.03545	C
1402	0.03905	0.03907	C
1403	0.02452	0.02457	C
1404	0.01229	0.01693	A
1405	0.0287	0.0289	C
1406	0.00728	0.00746	T
1407	0.01979	0.02029	A
1408	0.01087	0.01089	T
1409	0.01331	0.01348	T
1410	0.01399	0.01403	A
1411	0.02398	0.02424	A
1412	0.04193	0.04204	C
1413	0.02419	0.02427	C
1414	0.00868	0.0093	T
1415	0.02144	0.0221	A
1416	0.02821	0.02837	C
1417	0.00695	0.00703	T
1418	0.00263	0.00263	G
1419	0.00155	0.00156	G
1420	0.0019	0.0019	G
1421	0.00392	0.00435	A
1422	0.00415	0.00425	G
1423	0.00904	0.00904	A
1424	0.00629	0.00639	A
1425	0.00829	0.00873	C
1426	0.00391	0.00413	T
1427	0.02866	0.02879	C
1428	0.00678	0.00682	T
1429	0.01722	0.01728	C
1430	0.00542	0.00548	T
1431	0.00377	0.00423	G
1432	0.01118	0.01137	T
1433	0.00423	0.00434	G
1434	0.02421	0.02464	C
1435	0.02668	0.02672	T
1436	0.01513	0.0154	A
1437	0.00293	0.003	G
1438	0.00731	0.00938	T
1439	0.01563	0.01566	A
1440	0.02569	0.02585	A
1441	0.03255	0.03268	C
1442	0.02301	0.02304	C
1443	0.01785	0.02057	A
1444	0.02891	0.02904	C
1445	0.00362	0.00366	G
1446	0.00119	0.0012	T
1447	0.00097	0.00098	T
1448	0.00613	0.00728	C
1449	0.0007	0.00071	T
1450	0.00156	0.00156	C
1451	0.0012	0.00122	C
1452	0.00135	0.00149	T
1453	0.00241	0.00305	G
1454	0.01947	0.01959	A
1455	0.00886	0.00903	T
1456	0.034	0.03416	C
1457	0.02024	0.02029	A
1458	0.02396	0.02433	A
1459	0.02675	0.02689	A
1460	0.00849	0.00956	T
1461	0.03328	0.03396	A
1462	0.01889	0.02012	T
1463	0.04061	0.04138	C
1464	0.0619	0.06389	A
1465	0.02652	0.02729	C
1466	0.00974	0.01019	T
1467	0.03452	0.03484	C
1468	0.00584	0.00598	T
1469	0.03202	0.03204	C
1470	0.01191	0.01266	C
1471	0.00675	0.00724	T
1472	0.02133	0.02226	A
1473	0.03231	0.03292	C
1474	0.00863	0.00874	T
1475	0.01061	0.01094	T
1476	0.01823	0.0325	A
1477	0.03209	0.03241	C
1478	0.01982	0.02033	A
1479	0.00353	0.00369	G
1480	0.00388	0.00393	G
1481	0.01692	0.02229	A
1482	0.05248	0.05282	C
1483	0.0112	0.01241	T
1484	0.03131	0.03192	C
1485	0.02207	0.02256	A
1486	0.02242	0.02259	A
1487	0.03215	0.03253	C
1488	0.0279	0.02885	A
1489	0.01052	0.01103	T
1490	0.02022	0.02041	A
1491	0.02529	0.02575	C
1492	0.00769	0.00785	T
1493	0.01629	0.01708	A
1494	0.00286	0.00294	G
1495	0.01016	0.01075	T
1496	0.02331	0.0235	C
1497	0.01826	0.01982	A
1498	0.03178	0.03388	C
1499	0.01244	0.01529	A
1500	0.00493	0.00519	G
1501	0.01931	0.01933	C
1502	0.00821	0.00822	C
1503	0.00672	0.00675	C
1504	0.00244	0.00265	T
1505	0.01258	0.01317	A
1506	0.00508	0.00534	T
1507	0.02586	0.02708	A
1508	0.03118	0.03242	C
1509	0.0089	0.00955	T
1510	0.02893	0.02916	C
1511	0.02346	0.02348	C
1512	0.01766	0.018	C
1513	0.00629	0.00699	T
1514	0.02867	0.02918	C
1515	0.01005	0.01032	T
1516	0.02351	0.02429	A
1517	0.04109	0.04135	C
1518	0.01869	0.01962	A
1519	0.01404	0.0143	T
1520	0.01058	0.01091	A
1521	0.00742	0.00744	T
1522	0.01217	0.01218	T
1523	0.01971	0.01989	T
1524	0.03165	0.03511	A
1525	0.05166	0.05186	C
1526	0.03207	0.0322	C
1527	0.01805	0.02692	A
1528	0.02116	0.0221	C
1529	0.01854	0.01857	A
1530	0.01519	0.01543	A
1531	0.03113	0.03226	C
1532	0.02108	0.02132	A
1533	0.03369	0.03486	C
1534	0.02025	0.02026	A
1535	0.01343	0.01377	A
1536	0.00567	0.00579	T
1537	0.00237	0.00238	G
1538	0.00219	0.0022	G
1539	0.00221	0.00221	G
1540	0.00322	0.00325	G
1541	0.00911	0.01048	C
1542	0.00486	0.00562	T
1543	0.0344	0.03581	C
1544	0.01868	0.01922	A
1545	0.03729	0.03784	C
1546	0.02335	0.02572	T
1547	0.0362	0.03735	C
1548	0.01858	0.01972	A
1549	0.05098	0.05098	C
1550	0.04421	0.04425	C
1551	0.03139	0.03199	C
1552	0.01879	0.02341	A
1553	0.04692	0.04692	C
1554	0.03496	0.03571	C
1555	0.01412	0.01679	A
1556	0.02996	0.03065	C
1557	0.01825	0.01905	A
1558	0.01094	0.01114	T
1559	0.01469	0.01506	T
1560	0.01656	0.01665	A
1561	0.02239	0.02273	A
1562	0.04764	0.04863	C
1563	0.02079	0.0208	A
1564	0.0215	0.02185	A
1565	0.03965	0.0407	C
1566	0.02259	0.02319	A
1567	0.01753	0.01862	T
1568	0.01813	0.01814	A
1569	0.0144	0.0144	A
1570	0.02602	0.02603	A
1571	0.02847	0.02879	A
1572	0.03703	0.03778	C
1573	0.0198	0.01985	C
1574	0.02181	0.02187	C
1575	0.00762	0.00848	T
1576	0.02219	0.0224	C
1577	0.02097	0.02301	A
1578	0.01501	0.01508	T
1579	0.01574	0.01603	T
1580	0.0306	0.0317	C
1581	0.0229	0.02475	A
1582	0.0366	0.03758	C
1583	0.02155	0.02207	A
1584	0.03628	0.03694	C
1585	0.00435	0.00459	G
1586	0.01595	0.0163	A
1587	0.00494	0.00521	G
1588	0.02162	0.02166	A
1589	0.01437	0.01439	A
1590	0.02139	0.02144	A
1591	0.02346	0.02354	A
1592	0.03826	0.04237	C
1593	0.02693	0.02745	A
1594	0.04464	0.04468	C
1595	0.02116	0.02116	C
1596	0.02935	0.0296	C
1597	0.00797	0.00885	T
1598	0.02041	0.02062	C
1599	0.0193	0.02078	A
1600	0.01069	0.01081	T
1601	0.00407	0.0046	G
1602	0.00956	0.00957	T
1603	0.00979	0.00983	T
1604	0.03038	0.03083	C
1605	0.03053	0.03162	A
1606	0.01295	0.01371	T
1607	0.02346	0.02481	A
1608	0.03575	0.03711	C
1609	0.02089	0.02107	A
1610	0.09979	0.10028	C
1611	0.01152	0.01169	C
1612	0.01126	0.01181	T
1613	0.02894	0.03506	A
1614	0.03461	0.03579	T
1615	0.02908	0.02928	C
1616	0.02553	0.02563	C
1617	0.03942	0.03948	C
1618	0.03613	0.03614	C
1619	0.02295	0.02298	C
1620	0.03358	0.03939	A
1621	0.01034	0.01075	T
1622	0.04113	0.04894	T
1623	0.02359	0.02669	C
1624	0.01661	0.01703	T
1625	0.03191	0.03194	C
1626	0.02596	0.02661	C
1627	0.01035	0.01183	T
1628	0.05086	0.05086	C
1629	0.01278	0.01354	C
1630	0.01392	0.01444	T
1631	0.01711	0.02037	A
1632	0.02746	0.02808	T
1633	0.02756	0.02765	C
1634	0.01426	0.01432	C
1635	0.01861	0.01866	C
1636	0.00987	0.01111	T
1637	0.02441	0.02565	C
1638	0.01693	0.01939	A
1639	0.01905	0.01943	A
1640	0.02904	0.02912	C
1641	0.00402	0.00405	C
1642	0.00482	0.00483	C
1643	0.00912	0.00912	C
1644	0.0031	0.00355	G
1645	0.01472	0.01493	A
1646	0.02312	0.02329	C
1647	0.01572	0.01596	A
1648	0.01215	0.01304	T
1649	0.02255	0.02295	C
1650	0.01737	0.01801	A
1651	0.01118	0.01118	T
1652	0.01099	0.0112	T
1653	0.01572	0.02174	A
1654	0.02535	0.02538	C
1655	0.01432	0.01435	C
1656	0.0023	0.0023	G
1657	0.0014	0.0014	G
1658	0.00228	0.00228	G
1659	0.00098	0.00098	T
1660	0.00155	0.00155	T
1661	0.00801	0.00801	T
1662	0.00753	0.00753	T
1663	0.03442	0.03445	C
1664	0.01855	0.01856	C
1665	0.00782	0.00828	T
1666	0.01906	0.01954	C
1667	0.01434	0.01434	T
1668	0.00031	0.00031	T
1669	0.0	0.0	A
1670	0.0	0.0	A
