Position	Mismatches	Mismatches + Deletions	Base
1	0.0	0.0	A
2	0.0	0.0	A
3	0.0	0.0	T
4	0.00207	0.00207	A
5	0.00241	0.00241	G
6	0.0016	0.0016	G
7	0.00279	0.00279	T
8	0.00156	0.00156	T
9	0.00117	0.00117	T
10	0.00232	0.00232	G
11	0.00191	0.00191	G
12	0.00339	0.00339	T
13	0.01443	0.01443	C
14	0.00597	0.00597	C
15	0.00575	0.00575	T
16	0.07363	0.07398	A
17	0.00035	0.00035	G
18	0.00584	0.00584	C
19	0.00577	0.00577	C
20	0.00101	0.00101	T
21	0.00266	0.00266	T
22	0.00165	0.00165	T
23	0.00556	0.00556	C
24	0.00322	0.00354	T
25	0.00351	0.00351	A
26	0.00159	0.00159	T
27	0.0038	0.00412	T
28	0.02268	0.02647	A
29	0.00093	0.00125	G
30	0.00807	0.00807	C
31	0.00186	0.00186	T
32	0.0191	0.0191	C
33	0.00214	0.00214	T
34	0.00153	0.00153	T
35	0.00275	0.00275	A
36	0.00397	0.00397	G
37	0.00214	0.00214	T
38	0.00392	0.00392	A
39	0.00449	0.00449	A
40	0.00239	0.00328	G
41	0.01139	0.01139	A
42	0.00265	0.00265	T
43	0.00294	0.00294	T
44	0.00205	0.00526	A
45	0.00465	0.00465	C
46	0.00343	0.00429	A
47	0.00591	0.00591	C
48	0.00718	0.00798	A
49	0.00259	0.00336	T
50	0.00234	0.0026	G
51	0.00363	0.00389	C
52	0.00206	0.00206	A
53	0.00445	0.00445	A
54	0.00545	0.00595	G
55	0.00519	0.00617	C
56	0.0049	0.00589	A
57	0.00245	0.00245	T
58	0.0054	0.0054	C
59	0.00245	0.00245	C
60	0.00219	0.00219	C
61	0.00456	0.00456	C
62	0.00818	0.00842	G
63	0.01147	0.01147	T
64	0.02068	0.02068	T
65	0.00783	0.00783	C
66	0.00423	0.00423	C
67	0.00471	0.00542	A
68	0.00234	0.00234	G
69	0.00047	0.00047	T
70	0.00093	0.00093	G
71	0.00466	0.0049	A
72	0.00252	0.00252	G
73	0.00162	0.00162	T
74	0.00341	0.00387	T
75	0.01627	0.01673	C
76	0.00855	0.00855	A
77	0.0031	0.0031	C
78	0.00245	0.00245	C
79	0.00308	0.00308	C
80	0.00066	0.00088	T
81	0.00721	0.00743	C
82	0.0039	0.00455	T
83	0.01921	0.01943	A
84	0.07483	0.07483	A
85	0.0019	0.0019	A
86	0.00187	0.00187	T
87	0.0056	0.0056	C
88	0.02504	0.02545	A
89	0.03771	0.03771	C
90	0.02334	0.02354	C
91	0.02244	0.02527	A
92	0.04558	0.04558	C
93	0.0047	0.0051	G
94	0.00214	0.00214	A
95	0.00153	0.00172	T
96	0.00833	0.00852	C
97	0.00284	0.00284	A
98	0.02161	0.02179	A
99	0.06105	0.06105	A
100	0.00294	0.00294	A
101	0.00165	0.00165	G
102	0.00369	0.00369	G
103	0.92457	0.92457	A
104	0.01755	0.01809	A
105	0.01993	0.02102	C
106	0.00417	0.00417	A
107	0.00484	0.00484	A
108	0.00396	0.00432	G
109	0.00448	0.00448	C
110	0.00447	0.00465	A
111	0.00213	0.00231	T
112	0.00713	0.00731	C
113	0.00233	0.00233	A
114	0.00305	0.00305	A
115	0.04009	0.06014	G
116	0.00628	0.00663	C
117	0.33102	0.33397	A
118	0.0075	0.00767	C
119	0.00324	0.00409	G
120	0.00307	0.00358	C
121	0.00442	0.00442	A
122	0.00358	0.00358	G
123	0.03672	0.03689	C
124	0.01448	0.01448	A
125	0.0204	0.02073	A
126	0.00151	0.00202	T
127	0.00489	0.00759	G
128	0.00135	0.00152	C
129	0.00502	0.00519	A
130	0.01033	0.01033	G
131	0.002	0.002	C
132	0.00099	0.00099	T
133	0.00872	0.00872	C
134	0.00411	0.00411	A
135	0.00471	0.00471	A
136	0.00333	0.00333	A
137	0.0052	0.0052	A
138	0.00533	0.0063	C
139	0.00341	0.0039	G
140	0.00178	0.0021	C
141	0.0026	0.00277	T
142	0.00129	0.00129	T
143	0.00993	0.01497	A
144	0.00373	0.00373	G
145	0.00567	0.00567	C
146	0.01233	0.01249	C
147	0.00324	0.0034	T
148	0.01072	0.01221	A
149	0.00698	0.00748	G
150	0.00345	0.00345	C
151	0.00437	0.00437	C
152	0.00499	0.00695	A
153	0.00516	0.00516	C
154	0.00397	0.00541	A
155	0.00345	0.00363	C
156	0.00276	0.00276	C
157	0.00423	0.00423	C
158	0.00777	0.00777	C
159	0.00833	0.00833	C
160	0.01055	0.01168	A
161	0.0284	0.03044	C
162	0.00205	0.00205	G
163	0.00241	0.00241	G
164	0.00241	0.00241	G
165	0.02672	0.02691	A
166	0.02396	0.02396	A
167	0.00791	0.00791	A
168	0.01745	0.01763	C
169	0.00545	0.00599	A
170	0.00403	0.00403	G
171	0.00279	0.00332	C
172	0.0014	0.00158	A
173	0.00226	0.00226	G
174	0.00193	0.00193	T
175	0.00419	0.00419	G
176	0.00646	0.00663	A
177	0.00241	0.00241	T
178	0.00252	0.00252	T
179	0.00693	0.00693	A
180	0.01156	0.01156	A
181	0.01343	0.01373	C
182	0.00738	0.00738	C
183	0.00137	0.00137	T
184	0.002	0.002	T
185	0.00231	0.00231	T
186	0.00293	0.00308	A
187	0.00216	0.00216	G
188	0.00215	0.0023	C
189	0.00369	0.00385	A
190	0.00138	0.00138	A
191	0.00185	0.00231	T
192	0.00186	0.00186	A
193	0.00093	0.00093	A
194	0.00108	0.00108	A
195	0.00399	0.00414	C
196	0.00398	0.00398	G
197	0.00399	0.00399	A
198	0.00693	0.00693	A
199	0.00467	0.00467	A
200	0.00329	0.00329	G
201	0.00111	0.00111	T
202	0.0011	0.0011	T
203	0.00047	0.00047	T
204	0.00174	0.00174	A
205	0.00175	0.00175	A
206	0.00312	0.00327	C
207	0.00109	0.00109	T
208	0.00187	0.00187	A
209	0.00174	0.0019	A
210	0.00095	0.00111	G
211	0.00301	0.00317	C
212	0.00095	0.00095	T
213	0.00222	0.00254	A
214	0.00157	0.00157	T
215	0.00377	0.00393	A
216	0.00358	0.00389	C
217	0.00595	0.00595	T
218	0.00579	0.00579	A
219	0.00537	0.00567	A
220	0.03287	0.03287	C
221	0.02581	0.02581	C
222	0.02561	0.02561	C
223	0.0599	0.0599	C
224	0.00204	0.00306	A
225	0.00204	0.00204	G
226	0.00155	0.00155	G
227	0.00201	0.00201	G
228	0.0014	0.00156	T
229	0.00108	0.00108	T
230	0.00218	0.00218	G
231	0.00156	0.00156	G
232	0.00825	0.00825	T
233	0.01046	0.01077	C
234	0.00363	0.00363	A
235	0.00313	0.00313	A
236	0.00047	0.00047	T
237	0.0027	0.0027	T
238	0.0019	0.0019	T
239	0.00594	0.00626	C
240	0.00275	0.00307	G
241	0.00131	0.00148	T
242	0.0018	0.00197	G
243	0.00957	0.00957	C
244	0.0033	0.0033	C
245	0.00516	0.00699	A
246	0.00317	0.00317	G
247	0.00404	0.00404	C
248	0.00322	0.00322	C
249	0.00478	0.00495	A
250	0.00951	0.00951	C
251	0.00755	0.00772	C
252	0.00344	0.00344	G
253	0.00464	0.00499	C
254	0.00434	0.00434	G
255	0.00278	0.00278	G
256	0.00334	0.00369	T
257	0.01818	0.01818	C
258	0.00475	0.00493	A
259	0.01051	0.01069	C
260	0.00213	0.00213	A
261	0.00382	0.004	C
262	0.00348	0.00365	G
263	0.0026	0.0026	A
264	0.00209	0.00209	T
265	0.00296	0.00296	T
266	0.00296	0.00296	A
267	0.00157	0.00157	A
268	0.00224	0.00224	C
269	0.00258	0.00258	C
270	0.00305	0.00305	C
271	0.01522	0.01522	A
272	0.00135	0.00135	A
273	0.00219	0.00235	G
274	0.00202	0.00202	T
275	0.00531	0.00548	C
276	0.00218	0.00218	A
277	0.00283	0.00283	A
278	0.00165	0.00165	T
279	0.00218	0.00251	A
280	0.003	0.00316	G
281	0.003	0.003	A
282	0.01191	0.01208	A
283	0.00647	0.00697	G
284	0.0204	0.0204	C
285	0.00373	0.00373	C
286	0.00284	0.00284	G
287	0.00254	0.00254	G
288	0.00221	0.00284	C
289	0.00311	0.00357	G
290	0.00616	0.0063	T
291	0.00468	0.00468	A
292	0.00357	0.00357	A
293	0.00317	0.00317	A
294	0.00242	0.00255	G
295	0.00403	0.00416	A
296	0.00194	0.00194	G
297	0.00122	0.00134	T
298	0.00246	0.00246	G
299	0.00037	0.00037	T
300	0.00063	0.00063	T
301	0.00268	0.00268	T
302	0.00385	0.00385	T
303	0.00205	0.0027	A
304	0.00396	0.00409	G
305	0.00369	0.00433	A
306	0.01537	0.01601	T
307	0.00935	0.01037	C
308	0.01009	0.01113	A
309	0.01335	0.01335	C
310	0.01259	0.01259	C
311	0.01229	0.01229	C
312	0.0094	0.0094	C
313	0.00971	0.01051	C
314	0.00315	0.0059	T
315	0.00469	0.00469	C
316	0.00665	0.00665	C
317	0.01538	0.01538	C
318	0.0075	0.0075	C
319	0.06409	0.06522	A
320	0.00136	0.00136	A
321	0.00111	0.00111	T
322	0.00173	0.00173	A
323	0.00236	0.00236	A
324	0.00206	0.00206	A
325	0.00528	0.00629	G
326	0.00445	0.00466	C
327	0.00281	0.00281	T
328	0.00351	0.00351	A
329	0.00256	0.00275	A
330	0.00256	0.00256	A
331	0.01558	0.01558	A
332	0.12046	0.12765	C
333	0.00185	0.00205	T
334	0.00227	0.00288	C
335	0.00292	0.00313	A
336	0.00419	0.00419	C
337	0.00252	0.00252	C
338	0.00197	0.0024	T
339	0.00346	0.00389	G
340	0.00905	0.00905	A
341	0.02596	0.02618	G
342	0.00307	0.00329	T
343	0.00152	0.00152	T
344	0.005	0.00565	G
345	0.00388	0.00388	T
346	0.0002	0.0002	A
347	0.00252	0.00252	A
348	0.00642	0.00642	A
349	0.00363	0.00363	A
350	0.00153	0.00153	A
351	0.00157	0.00157	A
352	0.00686	0.00705	C
353	0.0019	0.00209	T
354	0.01838	0.01838	C
355	0.00656	0.00656	C
356	0.00168	0.00224	A
357	0.0045	0.0045	G
358	0.00333	0.00333	T
359	0.00298	0.00298	T
360	0.0026	0.00297	G
361	0.00464	0.00464	A
362	0.01678	0.01752	C
363	0.00758	0.00795	A
364	0.06393	0.06547	C
365	0.001	0.001	A
366	0.00193	0.00193	A
367	0.00887	0.00887	A
368	0.00304	0.00304	A
369	0.00602	0.00666	T
370	0.00665	0.00681	A
371	0.00472	0.00472	G
372	0.01754	0.0177	A
373	0.01028	0.01075	C
374	0.0287	0.02901	T
375	0.00367	0.00413	A
376	0.00383	0.00414	C
377	0.00367	0.00397	G
378	0.00357	0.00357	A
379	0.00311	0.00311	A
380	0.005	0.00515	A
381	0.00182	0.00182	G
382	0.00251	0.00266	T
383	0.00248	0.00248	G
384	0.00186	0.00186	G
385	0.0028	0.00311	C
386	0.00062	0.00062	T
387	0.00062	0.00062	T
388	0.00108	0.00123	T
389	0.00124	0.00124	A
390	0.00742	0.00742	A
391	0.01775	0.01775	C
392	0.00644	0.0069	A
393	0.00313	0.00357	T
394	0.01683	0.01713	A
395	0.0044	0.0044	T
396	0.00571	0.00571	C
397	0.00594	0.00608	T
398	0.00458	0.00472	G
399	0.00755	0.00769	A
400	0.00854	0.00854	A
401	0.00946	0.00961	C
402	0.00948	0.00976	A
403	0.00653	0.00653	C
404	0.00419	0.00524	A
405	0.00741	0.00741	C
406	0.00738	0.00738	A
407	0.00543	0.00569	A
408	0.0056	0.00899	T
409	0.01248	0.01261	A
410	0.00339	0.00339	G
411	0.00235	0.00248	C
412	0.00143	0.00182	T
413	0.00209	0.00222	A
414	0.00291	0.00305	A
415	0.00326	0.00352	G
416	0.02507	0.02507	A
417	0.00598	0.00598	C
418	0.00983	0.00983	C
419	0.00634	0.00634	C
420	0.00126	0.00126	A
421	0.00443	0.00443	A
422	0.01507	0.01507	A
423	0.1012	0.10324	C
424	0.00204	0.00204	T
425	0.00279	0.00279	G
426	0.00228	0.00228	G
427	0.00327	0.00327	G
428	0.0054	0.00678	A
429	0.00176	0.00176	T
430	0.00187	0.00187	T
431	0.00938	0.01038	A
432	0.00207	0.00231	G
433	0.01356	0.0138	A
434	0.00562	0.00562	T
435	0.01851	0.01898	A
436	0.01554	0.01589	C
437	0.00369	0.00369	C
438	0.00364	0.00364	C
439	0.00307	0.00307	C
440	0.00165	0.00242	A
441	0.00535	0.00535	C
442	0.00122	0.00177	T
443	0.00596	0.00618	A
444	0.00252	0.00262	T
445	0.0012	0.00131	G
446	0.00196	0.00196	C
447	0.00162	0.00162	T
448	0.00129	0.00129	T
449	0.00323	0.00377	A
450	0.00344	0.00376	G
451	0.00265	0.00265	C
452	0.00846	0.00846	C
453	0.00832	0.00832	C
454	0.00294	0.00358	T
455	0.0015	0.00182	A
456	0.00513	0.00513	A
457	0.00548	0.00548	A
458	0.01213	0.01213	C
459	0.01646	0.01646	C
460	0.00365	0.00398	T
461	0.01655	0.01665	C
462	0.00583	0.00594	A
463	0.01102	0.01102	A
464	0.00684	0.00695	C
465	0.00424	0.00435	A
466	0.00498	0.00508	G
467	0.00197	0.00219	T
468	0.00098	0.00119	T
469	0.00958	0.00968	A
470	0.02148	0.02159	A
471	0.0166	0.0166	A
472	0.01475	0.01624	T
473	0.03337	0.0339	C
474	0.00521	0.00521	A
475	0.00446	0.00446	A
476	0.03767	0.03841	C
477	0.00867	0.00878	A
478	0.01074	0.01074	A
479	0.00671	0.00671	A
480	0.00437	0.00437	A
481	0.00551	0.00561	C
482	0.00281	0.00291	T
483	0.00353	0.00375	G
484	0.00542	0.00542	C
485	0.00309	0.00354	T
486	0.00467	0.00501	C
487	0.00312	0.00323	G
488	0.00492	0.00492	C
489	0.00336	0.00336	C
490	0.01817	0.02568	A
491	0.00269	0.00359	G
492	0.01763	0.01797	A
493	0.00537	0.00537	A
494	0.01025	0.01036	C
495	0.00748	0.00782	A
496	0.00887	0.00898	C
497	0.00252	0.00273	T
498	0.00904	0.00915	A
499	0.00887	0.00898	C
500	0.00267	0.0029	G
501	0.00156	0.00156	A
502	0.00749	0.00761	G
503	0.0027	0.0027	C
504	0.02047	0.0207	C
505	0.08436	0.10421	A
506	0.04796	0.04908	C
507	0.00893	0.01017	A
508	0.00428	0.00428	G
509	0.00384	0.00396	C
510	0.00158	0.00158	T
511	0.0026	0.0026	T
512	0.00478	0.00489	A
513	0.00589	0.00589	A
514	0.00972	0.00972	A
515	0.00761	0.00761	A
516	0.00966	0.01057	C
517	0.00238	0.00249	T
518	0.0059	0.0059	C
519	0.0022	0.00232	A
520	0.0047	0.0047	A
521	0.59479	0.5949	A
522	0.00341	0.00341	G
523	0.00318	0.00318	G
524	0.00251	0.00285	A
525	0.00218	0.00218	C
526	0.00254	0.00254	C
527	0.00289	0.00324	T
528	0.00196	0.00196	G
529	0.0022	0.00232	G
530	0.00199	0.00222	C
531	0.00396	0.00396	G
532	0.00315	0.00315	G
533	0.00116	0.00116	T
534	0.00245	0.00257	G
535	0.00141	0.00141	C
536	0.00117	0.00117	T
537	0.00082	0.00082	T
538	0.0027	0.00305	C
539	0.00236	0.0026	A
540	0.00468	0.00515	T
541	0.01241	0.01348	A
542	0.00471	0.00482	T
543	0.00322	0.00322	C
544	0.00253	0.00253	C
545	0.00471	0.00471	C
546	0.00394	0.00394	T
547	0.00306	0.00319	C
548	0.00196	0.00196	T
549	0.00211	0.00273	A
550	0.00235	0.00235	G
551	0.00883	0.00922	A
552	0.0037	0.0037	G
553	0.00256	0.00256	G
554	0.00809	0.00989	A
555	0.00153	0.00153	G
556	0.00488	0.00488	C
557	0.00307	0.00307	C
558	0.00128	0.00141	T
559	0.00466	0.00518	G
560	0.00142	0.00142	T
561	0.00117	0.00117	T
562	0.00696	0.00748	C
563	0.00118	0.00118	T
564	0.00383	0.00383	G
565	0.00119	0.00133	T
566	0.00752	0.00752	A
567	0.00523	0.00523	A
568	0.00268	0.00268	T
569	0.00393	0.00434	C
570	0.00192	0.00233	G
571	0.00533	0.0056	A
572	0.00264	0.00278	T
573	0.00778	0.00778	A
574	0.01261	0.01261	A
575	0.01172	0.01187	A
576	0.0086	0.00888	C
577	0.00302	0.00302	C
578	0.00247	0.00247	C
579	0.00228	0.00228	C
580	0.00568	0.00677	G
581	0.00906	0.00906	A
582	0.00919	0.00956	T
583	0.00797	0.00816	C
584	0.01386	0.01386	A
585	0.00626	0.00626	A
586	0.00737	0.00737	C
587	0.00499	0.00518	C
588	0.00206	0.00319	T
589	0.00953	0.00953	C
590	0.01246	0.01325	A
591	0.00218	0.00218	C
592	0.00222	0.00222	C
593	0.00185	0.00206	A
594	0.00225	0.00225	C
595	0.00185	0.00185	C
596	0.00086	0.00086	T
597	0.00128	0.00128	C
598	0.00212	0.00212	T
599	0.01031	0.01031	T
600	0.00174	0.00217	G
601	0.00458	0.00458	C
602	0.00195	0.00216	T
603	0.02764	0.02786	C
604	0.00546	0.00568	A
605	0.00271	0.00271	G
606	0.00477	0.00477	C
607	0.02491	0.02491	C
608	0.00202	0.00225	T
609	0.00404	0.00404	A
610	0.00224	0.00224	T
611	0.00662	0.00662	A
612	0.01006	0.01027	T
613	0.00476	0.00559	A
614	0.01084	0.01104	C
615	0.00883	0.00903	C
616	0.00222	0.00262	G
617	0.00181	0.00181	C
618	0.00142	0.00142	C
619	0.00485	0.00566	A
620	0.00163	0.00163	T
621	0.00265	0.00265	C
622	0.00101	0.00101	T
623	0.00142	0.00142	T
624	0.00347	0.00367	C
625	0.0043	0.0043	A
626	0.00266	0.00266	G
627	0.00532	0.00676	C
628	0.01486	0.01486	A
629	0.07798	0.07818	A
630	0.00812	0.00812	A
631	0.00901	0.00901	C
632	0.00647	0.00647	C
633	0.00136	0.00136	C
634	0.001	0.00121	T
635	0.0024	0.00281	G
636	0.00298	0.00317	A
637	0.00179	0.00179	T
638	0.00255	0.00295	G
639	0.00409	0.00409	A
640	0.00333	0.00333	A
641	0.00369	0.00369	G
642	0.00296	0.00296	G
643	0.02063	0.021	C
644	0.00492	0.00529	T
645	0.00348	0.00348	A
646	0.30122	0.3023	C
647	0.01362	0.01362	A
648	0.01685	0.01685	A
649	0.00391	0.00391	A
650	0.00392	0.00422	G
651	0.00165	0.00211	T
652	0.01508	0.01508	A
653	0.05249	0.05249	A
654	0.00294	0.00324	G
655	0.00649	0.00649	C
656	0.00452	0.00482	G
657	0.04118	0.04392	C
658	0.02643	0.02643	A
659	0.01051	0.01065	A
660	0.00537	0.00579	G
661	0.00481	0.00522	T
662	0.00293	0.0032	A
663	0.00857	0.00857	C
664	0.00768	0.00768	C
665	0.01569	0.01569	C
666	0.01572	0.01758	A
667	0.00522	0.00534	C
668	0.00364	0.00364	G
669	0.00232	0.00287	T
670	0.00644	0.00654	A
671	0.02456	0.02456	A
672	0.01205	0.01205	A
673	0.00191	0.00201	G
674	0.00577	0.00577	A
675	0.03066	0.03076	C
676	0.00573	0.00573	G
677	0.00271	0.0028	T
678	0.00315	0.00315	T
679	0.01557	0.01696	A
680	0.00337	0.00337	G
681	0.00245	0.00245	G
682	0.00144	0.00269	T
683	0.00915	0.00933	C
684	0.01868	0.01868	A
685	0.01641	0.01641	A
686	0.00375	0.00375	G
687	0.00235	0.00235	G
688	0.00114	0.00114	T
689	0.00422	0.00422	G
690	0.00263	0.0035	T
691	0.00383	0.00426	A
692	0.00433	0.00433	G
693	0.00416	0.00416	C
694	0.01335	0.01335	C
695	0.02128	0.02128	C
696	0.00301	0.00385	A
697	0.00299	0.00299	T
698	0.00197	0.00197	G
699	0.00416	0.00416	A
700	0.00296	0.00296	G
701	0.00359	0.00359	G
702	0.00301	0.00301	T
703	0.00323	0.00323	G
704	0.00212	0.00212	G
705	0.03884	0.03915	C
706	0.01413	0.01413	A
707	0.00663	0.00663	A
708	0.0048	0.00562	G
709	0.00774	0.00774	A
710	0.00789	0.00789	A
711	0.00636	0.00643	A
712	0.00226	0.00226	T
713	0.003	0.003	G
714	0.00153	0.00153	G
715	0.00385	0.00385	G
716	0.0016	0.0016	C
717	0.00087	0.00087	T
718	0.00369	0.00398	A
719	0.00772	0.00786	C
720	0.00399	0.00399	A
721	0.00057	0.00057	T
722	0.00114	0.00114	T
723	0.00057	0.00057	T
724	0.00145	0.00145	T
725	0.00271	0.00278	C
726	0.00471	0.00507	T
727	0.01466	0.01537	A
728	0.05237	0.05252	C
729	0.02003	0.0201	C
730	0.02158	0.02165	C
731	0.00764	0.00764	C
732	0.00291	0.00397	A
733	0.00312	0.00333	G
734	0.00421	0.00421	A
735	0.00254	0.00254	A
736	0.04646	0.04646	A
737	0.0213	0.0213	A
738	0.03725	0.04327	C
739	0.00843	0.00857	T
740	0.00794	0.00807	A
741	0.01373	0.01373	C
742	0.00383	0.00397	G
743	0.02912	0.02992	A
744	0.00282	0.00295	T
745	0.02283	0.02322	A
746	0.00301	0.00301	G
747	0.00124	0.00124	C
748	0.00091	0.00091	C
749	0.00176	0.00176	C
750	0.00091	0.00091	T
751	0.00099	0.00099	T
752	0.00209	0.00346	A
753	0.0022	0.00227	T
754	0.00308	0.00366	G
755	0.00774	0.0078	A
756	0.00605	0.00605	A
757	0.00639	0.00645	A
758	0.02596	0.02694	C
759	0.00257	0.00257	T
760	0.00196	0.00196	T
761	0.00301	0.00301	A
762	0.00478	0.00484	A
763	0.00468	0.00468	G
764	0.00237	0.00237	G
765	0.00272	0.00272	G
766	0.00114	0.00126	T
767	0.01302	0.01302	C
768	0.00295	0.00325	G
769	0.00936	0.00936	A
770	0.00526	0.00526	A
771	0.00394	0.00394	G
772	0.00235	0.00235	G
773	0.00182	0.00188	T
774	0.003	0.003	G
775	0.00212	0.00212	G
776	0.01169	0.01269	A
777	0.00153	0.00153	T
778	0.00168	0.00168	T
779	0.00142	0.00142	T
780	0.00148	0.00184	A
781	0.00251	0.00262	G
782	0.01002	0.01002	C
783	0.00708	0.00708	A
784	0.00258	0.00258	G
785	0.00091	0.00103	T
786	0.00094	0.00094	A
787	0.0007	0.0007	A
788	0.01216	0.01216	A
789	0.00302	0.00322	C
790	0.00139	0.00152	T
791	0.93677	0.93684	A
792	0.00131	0.00144	A
793	0.00236	0.00236	G
794	0.00521	0.00541	A
795	0.00349	0.00349	G
796	0.00454	0.00487	T
797	0.01011	0.01037	A
798	0.00284	0.00284	G
799	0.01029	0.01102	A
800	0.0027	0.0027	G
801	0.00384	0.0039	T
802	0.00332	0.00339	G
803	0.00221	0.00227	C
804	0.00081	0.00081	T
805	0.00101	0.00101	T
806	0.00373	0.00393	A
807	0.00203	0.00203	G
808	0.00138	0.00138	T
809	0.00168	0.00168	T
810	0.00227	0.00248	G
811	0.00062	0.00062	A
812	0.0076	0.0076	A
813	0.01454	0.01454	C
814	0.02322	0.02431	A
815	0.00471	0.00495	G
816	0.00465	0.00465	G
817	0.00259	0.00259	G
818	0.00649	0.00649	C
819	0.0087	0.0087	C
820	0.0111	0.0111	C
821	0.00127	0.01485	T
822	0.00187	0.00204	G
823	0.00444	0.00453	A
824	0.0055	0.00559	A
825	0.00468	0.00477	G
826	0.00475	0.00502	C
827	0.00359	0.00359	G
828	0.01432	0.01459	C
829	0.00464	0.00464	G
830	0.00416	0.00463	T
831	0.00955	0.01013	A
832	0.01218	0.01256	C
833	0.0312	0.03563	A
834	0.02335	0.02396	C
835	0.00626	0.00637	A
836	0.00574	0.00574	C
837	0.01679	0.01679	C
838	0.00588	0.00667	G
839	0.00171	0.00171	C
840	0.0064	0.0064	C
841	0.0088	0.0088	C
842	0.00275	0.00299	G
843	0.00325	0.00445	T
844	0.00473	0.00485	C
845	0.01943	0.02017	A
846	0.02443	0.02443	C
847	0.00658	0.00658	C
848	0.002	0.002	C
849	0.00138	0.00188	T
850	0.00165	0.00165	C
851	0.00191	0.00191	C
852	0.00141	0.00154	T
853	0.00311	0.00324	C
854	0.00857	0.0087	A
855	0.01506	0.01519	A
856	0.00259	0.00313	G
857	0.0044	0.0044	T
858	0.00289	0.00331	A
859	0.00236	0.00236	T
860	0.00322	0.0035	A
861	0.01151	0.01151	C
862	0.00212	0.00212	T
863	0.002	0.00214	T
864	0.00696	0.00812	C
865	0.01425	0.01455	A
866	0.03044	0.03044	A
867	0.01679	0.01679	A
868	0.0055	0.0055	G
869	0.00284	0.00299	G
870	0.02421	0.03489	A
871	0.04259	0.04305	C
872	0.01664	0.01695	A
873	0.00754	0.00754	T
874	0.00489	0.00489	T
875	0.01079	0.01079	T
876	0.02321	0.02386	A
877	0.01702	0.01735	A
878	0.02736	0.02802	C
879	0.00854	0.00854	T
880	0.00535	0.00569	A
881	0.00523	0.00523	A
882	0.0161	0.0161	A
883	0.02473	0.0249	A
884	0.03779	0.03779	C
885	0.01517	0.01517	C
886	0.00312	0.00312	C
887	0.00297	0.00297	C
888	0.00563	0.00882	T
889	0.01649	0.01726	A
890	0.04727	0.04767	C
891	0.00262	0.00262	G
892	0.01982	0.02025	C
893	0.00132	0.00132	A
894	0.00097	0.00097	T
895	0.00069	0.00069	T
896	0.00169	0.00169	T
897	0.00025	0.00049	A
898	0.00126	0.00126	T
899	0.00433	0.00433	A
900	0.00077	0.00077	T
901	0.07034	0.0706	A
902	0.00317	0.00343	G
903	0.00588	0.00588	A
904	0.00247	0.00247	G
905	0.00258	0.00258	G
906	0.00276	0.00606	A
907	0.00334	0.0039	G
908	0.0077	0.0077	A
909	0.03422	0.03566	C
910	0.00994	0.00994	A
911	0.01397	0.01397	A
912	0.0024	0.0027	G
913	0.00459	0.00459	T
914	0.0056	0.0056	C
915	0.00575	0.00575	G
916	0.00618	0.00728	T
917	0.00371	0.00371	A
918	0.00529	0.00529	A
919	0.0104	0.01079	C
920	0.00825	0.00864	A
921	0.0102	0.0102	T
922	0.00171	0.00171	G
923	0.00087	0.00087	G
924	0.00183	0.00183	T
925	0.00048	0.00048	A
926	0.00105	0.00105	A
927	0.00163	0.00163	G
928	0.0	0.0	T
929	0.00309	0.00309	G
930	0.00064	0.00064	T
931	0.00133	0.00199	A
932	0.00203	0.0027	C
933	0.00069	0.00069	T
934	0.00209	0.00209	G
935	0.00143	0.00143	G
936	0.00147	0.00147	A
937	0.00299	0.00299	A
938	0.00155	0.00155	A
939	0.00158	0.00237	G
940	0.00163	0.00163	T
941	0.00749	0.00749	G
942	0.00171	0.00171	C
943	0.0	0.0	A
944	0.00444	0.00444	C
945	0.00273	0.00273	T
946	0.0	0.0	T
947	0.00187	0.00187	G
948	0.00095	0.00095	G
949	0.0029	0.0029	A
950	0.03564	0.03564	C
951	0.00609	0.00609	G
952	0.0	0.0	A
953	0.0	0.0	A
954	0.0	0.0	C
