Position	Mismatches	Mismatches + Deletions	Base
1	0.0	0.0	A
2	0.0	0.0	T
3	0.0	0.0	A
4	0.01497	0.01497	A
5	0.0292	0.02979	C
6	0.02067	0.02067	C
7	0.01036	0.01432	A
8	0.00924	0.00932	T
9	0.00378	0.00454	G
10	0.03038	0.03114	C
11	0.02365	0.02454	A
12	0.02896	0.02929	C
13	0.0174	0.0177	A
14	0.02708	0.02748	C
15	0.00734	0.00753	T
16	0.01667	0.01691	A
17	0.03315	0.03356	C
18	0.00729	0.00746	T
19	0.01916	0.02067	A
20	0.00989	0.01093	T
21	0.0214	0.02142	A
22	0.02331	0.02395	A
23	0.03668	0.03697	C
24	0.02453	0.02465	C
25	0.03459	0.05552	A
26	0.03878	0.03878	C
27	0.0337	0.03371	C
28	0.01826	0.01845	C
29	0.01391	0.01519	T
30	0.01692	0.01737	A
31	0.02278	0.02293	A
32	0.04489	0.04497	C
33	0.03819	0.03825	C
34	0.02842	0.0287	C
35	0.01243	0.01293	T
36	0.99348	0.99513	G
37	0.02023	0.02041	A
38	0.03304	0.03342	C
39	0.0097	0.00984	T
40	0.01021	0.01028	T
41	0.02746	0.02747	C
42	0.03864	0.03871	C
43	0.03234	0.0324	C
44	0.01401	0.01455	T
45	0.02289	0.02336	A
46	0.02718	0.02806	A
47	0.00933	0.00947	T
48	0.00714	0.00739	T
49	0.02016	0.02033	C
50	0.03831	0.03841	C
51	0.03353	0.03359	C
52	0.05113	0.05119	C
53	0.03736	0.03739	C
54	0.02242	0.02245	C
55	0.01585	0.01968	A
56	0.01183	0.0121	T
57	0.03014	0.03017	C
58	0.02166	0.02172	C
59	0.0081	0.00816	T
60	0.01155	0.01171	T
61	0.01646	0.02433	A
62	0.04566	0.04579	C
63	0.03489	0.03536	C
64	0.01518	0.02098	A
65	0.04558	0.0456	C
66	0.03535	0.03536	C
67	0.0264	0.02683	C
68	0.007	0.00777	T
69	0.03299	0.03308	C
70	0.00336	0.00364	G
71	0.00918	0.00932	T
72	0.0181	0.0184	T
73	0.02284	0.02319	A
74	0.01722	0.01736	A
75	0.05326	0.05333	C
76	0.03088	0.03095	C
77	0.02001	0.02018	C
78	0.01067	0.01194	T
79	0.0166	0.01763	A
80	0.01469	0.01474	A
81	0.02958	0.03178	C
82	0.00046	0.00049	A
83	0.00023	0.00024	A
84	0.0002	0.0002	A
85	0.00198	0.00198	A
86	0.00564	0.00565	A
87	0.00329	0.00329	A
88	0.00582	0.00582	A
89	0.00679	0.0068	A
90	0.03872	0.04087	C
91	0.01292	0.01374	T
92	0.03144	0.03219	C
93	0.02386	0.02735	A
94	0.02892	0.0301	T
95	0.03548	0.03706	A
96	0.04827	0.04876	C
97	0.0325	0.0327	C
98	0.03184	0.03188	C
99	0.03057	0.0306	C
100	0.01948	0.01952	C
101	0.01191	0.01597	A
102	0.00935	0.00939	T
103	0.00851	0.00859	T
104	0.01155	0.01763	A
105	0.00836	0.00844	T
106	0.00325	0.00348	G
107	0.01268	0.0133	T
108	0.01888	0.01895	A
109	0.01011	0.01015	A
110	0.01805	0.01816	A
111	0.02078	0.02095	A
112	0.01115	0.01231	T
113	0.03373	0.03382	C
114	0.0289	0.02898	C
115	0.02374	0.0256	A
116	0.01405	0.01407	T
117	0.0125	0.01254	T
118	0.00514	0.00586	G
119	0.0166	0.01838	T
120	0.04112	0.04132	C
121	0.01035	0.0111	G
122	0.02286	0.02924	C
123	0.01818	0.0191	A
124	0.01868	0.01916	T
125	0.04295	0.04317	C
126	0.02987	0.03093	C
127	0.01429	0.01865	A
128	0.06536	0.06542	C
129	0.01417	0.01428	C
130	0.00668	0.00688	T
131	0.0108	0.01088	T
132	0.00705	0.0071	T
133	0.00852	0.01091	A
134	0.00925	0.00926	T
135	0.01019	0.01029	T
136	0.01371	0.0222	A
137	0.01103	0.01207	T
138	0.02816	0.02861	C
139	0.03149	0.03277	A
140	0.00881	0.00945	G
141	0.01758	0.01821	T
142	0.01919	0.01946	C
143	0.01614	0.01758	T
144	0.02758	0.02873	C
145	0.01878	0.01882	T
146	0.02011	0.02055	T
147	0.03828	0.03835	C
148	0.02971	0.02998	C
149	0.02834	0.0284	C
150	0.01997	0.02002	C
151	0.0096	0.01316	A
152	0.03019	0.03107	C
153	0.01527	0.0154	A
154	0.01704	0.01726	A
155	0.03221	0.03297	C
156	0.02031	0.02034	A
157	0.0208	0.02096	A
158	0.01266	0.01299	T
159	0.02579	0.0265	A
160	0.0094	0.00941	T
161	0.01015	0.01022	T
162	0.02203	0.02264	C
163	0.02188	0.02233	A
164	0.01575	0.01605	T
165	0.00511	0.00606	G
166	0.01401	0.01494	T
167	0.00429	0.00438	G
168	0.02276	0.02282	C
169	0.01229	0.01232	C
170	0.00678	0.00743	T
171	0.01575	0.0191	A
172	0.00459	0.0047	G
173	0.01896	0.01908	A
174	0.03161	0.03164	C
175	0.02379	0.02382	C
176	0.0136	0.01362	A
177	0.0244	0.02454	A
178	0.00298	0.00349	G
179	0.01352	0.01352	A
180	0.01632	0.01652	A
181	0.00355	0.00375	G
182	0.0065	0.00658	T
183	0.00653	0.00665	T
184	0.01357	0.02019	A
185	0.00908	0.00909	T
186	0.01315	0.01326	T
187	0.01488	0.02286	A
188	0.01106	0.01127	T
189	0.02618	0.0268	C
190	0.01207	0.01231	T
191	0.0301	0.03071	C
192	0.0063	0.00671	G
193	0.01868	0.01879	A
194	0.01916	0.0192	A
195	0.02546	0.02572	C
196	0.01115	0.01128	T
197	0.00373	0.00456	G
198	0.02135	0.02157	A
199	0.03519	0.0357	C
200	0.01822	0.01844	A
201	0.02788	0.02809	C
202	0.01077	0.01108	T
203	0.00439	0.00521	G
204	0.01604	0.01651	A
205	0.00647	0.00662	G
206	0.0234	0.02346	C
207	0.02751	0.02774	C
208	0.01519	0.02137	A
209	0.03827	0.04181	C
210	0.02038	0.02041	A
211	0.0191	0.02054	A
212	0.03469	0.03475	C
213	0.02442	0.02465	C
214	0.0253	0.02544	C
215	0.0082	0.00832	A
216	0.01667	0.01674	A
217	0.01928	0.01932	A
218	0.04891	0.05146	C
219	0.01877	0.01883	A
220	0.01954	0.02044	A
221	0.03355	0.03362	C
222	0.0281	0.02847	C
223	0.02496	0.02499	C
224	0.02155	0.02714	A
225	0.00498	0.00511	G
226	0.01116	0.01131	C
227	0.00951	0.01098	T
228	0.02557	0.02605	C
229	0.01239	0.01355	T
230	0.03002	0.03004	C
231	0.02456	0.02456	C
232	0.00991	0.00997	C
233	0.00686	0.00744	T
234	0.01831	0.01857	A
235	0.02033	0.02039	A
236	0.00269	0.003	G
237	0.01839	0.01865	C
238	0.00495	0.00497	T
239	0.00709	0.00712	T
240	0.01976	0.02049	C
241	0.01711	0.0172	A
242	0.01791	0.01793	A
243	0.02138	0.02139	A
244	0.02414	0.02569	C
245	0.00754	0.00772	T
246	0.02199	0.02285	A
247	0.00382	0.00396	G
248	0.02348	0.02377	A
249	0.02781	0.02824	C
250	0.00816	0.00835	T
251	0.01784	0.0189	A
252	0.02893	0.02945	C
253	0.00979	0.00987	T
254	0.01185	0.0119	T
255	0.02097	0.02665	C
256	0.01143	0.01157	T
257	0.03414	0.03416	C
258	0.02598	0.02619	C
259	0.01287	0.01916	A
260	0.01013	0.01058	T
261	0.02136	0.02142	A
262	0.01893	0.02054	A
263	0.00967	0.00997	T
264	0.02276	0.02413	A
265	0.00924	0.00925	T
266	0.0093	0.00943	T
267	0.02946	0.03033	C
268	0.02463	0.02589	A
269	0.01249	0.01302	T
270	0.01519	0.01527	C
271	0.00733	0.00738	C
272	0.00916	0.00916	C
273	0.00288	0.00307	T
274	0.00296	0.00331	G
275	0.00252	0.00274	T
276	0.00628	0.00644	A
277	0.00287	0.00317	G
278	0.00706	0.00722	C
279	0.02247	0.0227	A
280	0.00919	0.00923	T
281	0.01174	0.01177	T
282	0.00364	0.00559	G
283	0.0093	0.0093	T
284	0.00783	0.00786	T
285	0.0225	0.02292	C
286	0.00433	0.0044	G
287	0.00255	0.00256	T
288	0.00245	0.00248	T
289	0.00429	0.00564	A
290	0.0067	0.00682	C
291	0.00758	0.00767	A
292	0.00758	0.00772	T
293	0.0034	0.00342	G
294	0.00292	0.00294	G
295	0.00841	0.00859	T
296	0.03201	0.03203	C
297	0.01935	0.01948	C
298	0.01387	0.01555	A
299	0.00682	0.00784	T
300	0.01791	0.01808	C
301	0.01636	0.01718	A
302	0.00805	0.00838	T
303	0.01975	0.02029	A
304	0.0049	0.00525	G
305	0.02174	0.02176	A
306	0.02416	0.02446	A
307	0.00972	0.00982	T
308	0.01464	0.01473	T
309	0.03163	0.03416	C
310	0.01479	0.01576	T
311	0.02929	0.02967	C
312	0.02008	0.02055	A
313	0.02114	0.02132	C
314	0.00575	0.00581	T
315	0.00407	0.0043	G
316	0.00509	0.00523	T
317	0.00329	0.00366	G
318	0.01233	0.01276	A
319	0.0059	0.00603	T
320	0.01954	0.02012	A
321	0.00952	0.00978	T
322	0.02143	0.02184	A
323	0.01098	0.01131	T
324	0.01724	0.01724	A
325	0.01834	0.01834	A
326	0.02839	0.02872	A
327	0.02803	0.02919	C
328	0.01408	0.01523	T
329	0.03646	0.03686	C
330	0.03375	0.03813	A
331	0.01486	0.01622	G
332	0.0344	0.03487	A
333	0.03592	0.036	C
334	0.02725	0.02732	C
335	0.02374	0.02386	C
336	0.00861	0.00873	A
337	0.01895	0.01909	A
338	0.01701	0.01704	A
339	0.0325	0.03516	C
340	0.01879	0.01922	A
341	0.01004	0.0102	T
342	0.00972	0.0098	T
343	0.01502	0.01513	A
344	0.02166	0.02178	A
345	0.01236	0.01286	T
346	0.0213	0.02146	C
347	0.0184	0.01894	A
348	0.00743	0.00764	G
349	0.00777	0.00786	T
350	0.00735	0.00739	T
351	0.02009	0.02301	C
352	0.00893	0.00896	T
353	0.01155	0.01157	T
354	0.03074	0.03212	C
355	0.01499	0.01517	A
356	0.01786	0.01793	A
357	0.01915	0.01925	A
358	0.01059	0.01198	T
359	0.02126	0.02163	A
360	0.01041	0.01054	T
361	0.02852	0.02884	C
362	0.00945	0.00965	T
363	0.02621	0.02755	A
364	0.26156	0.26305	C
365	0.01245	0.01298	T
366	0.02927	0.03002	C
367	0.0185	0.02069	A
368	0.01257	0.01317	T
369	0.03004	0.0307	C
370	0.00938	0.00938	T
371	0.00931	0.00946	T
372	0.02771	0.02773	C
373	0.02077	0.02085	C
374	0.01155	0.01195	T
375	0.01918	0.01951	A
376	0.01713	0.01739	A
377	0.01187	0.0119	T
378	0.01575	0.01583	T
379	0.01985	0.03251	A
380	0.04351	0.0437	C
381	0.02871	0.02892	C
382	0.01129	0.02434	A
383	0.0128	0.01311	T
384	0.02002	0.02032	A
385	0.03013	0.03103	C
386	0.01014	0.0105	T
387	0.01747	0.01754	A
388	0.01977	0.02031	A
389	0.00789	0.0082	T
390	0.02562	0.02588	C
391	0.00755	0.00755	T
392	0.00732	0.00734	T
393	0.02802	0.03568	A
394	0.00278	0.00285	G
395	0.00802	0.00804	T
396	0.01626	0.0164	T
397	0.02421	0.03551	A
398	0.04255	0.0426	C
399	0.03983	0.03986	C
400	0.00511	0.00595	G
401	0.01395	0.01418	C
402	0.00602	0.00622	T
403	0.02016	0.02039	A
404	0.02069	0.02083	A
405	0.03295	0.03322	C
406	0.02202	0.02208	A
407	0.01986	0.02027	A
408	0.0373	0.03734	C
409	0.02164	0.02197	C
410	0.00861	0.00935	T
411	0.01931	0.02507	A
412	0.01158	0.01162	T
413	0.01161	0.01168	T
414	0.03246	0.03254	C
415	0.03329	0.03345	C
416	0.01754	0.01757	A
417	0.03186	0.03195	A
418	0.02115	0.02147	C
419	0.00588	0.00595	T
420	0.00368	0.00441	G
421	0.00486	0.00486	T
422	0.00614	0.00616	T
423	0.01435	0.01468	C
424	0.01469	0.01518	A
425	0.00556	0.00579	T
426	0.01553	0.01571	C
427	0.00312	0.00315	G
428	0.00332	0.00332	G
429	0.00312	0.00319	C
430	0.0021	0.00213	T
431	0.00326	0.00346	G
432	0.01686	0.01759	A
433	0.00309	0.00314	G
434	0.02964	0.0302	A
435	0.0042	0.0042	G
436	0.0023	0.0023	G
437	0.00297	0.00299	G
438	0.00568	0.00635	C
439	0.00488	0.00493	G
440	0.00175	0.00199	T
441	0.0053	0.00536	A
442	0.00226	0.00228	G
443	0.00383	0.00383	G
444	0.00981	0.00981	A
445	0.01873	0.0188	A
446	0.00638	0.00643	T
447	0.00982	0.00986	T
448	0.01539	0.02444	A
449	0.00795	0.00899	T
450	0.02655	0.02861	A
451	0.00577	0.00593	T
452	0.01501	0.01516	C
453	0.01308	0.01319	C
454	0.00599	0.00599	T
455	0.00559	0.0056	T
456	0.01533	0.01729	C
457	0.00923	0.00923	T
458	0.00887	0.00893	T
459	0.00321	0.00379	G
460	0.02358	0.02365	C
461	0.00895	0.00932	T
462	0.01103	0.01116	C
463	0.01375	0.01485	A
464	0.0053	0.00533	T
465	0.9337	0.93881	C
466	0.02214	0.02236	A
467	0.00241	0.00275	G
468	0.00911	0.00911	T
469	0.00707	0.00713	T
470	0.00258	0.00276	G
471	0.01026	0.01041	A
472	0.00543	0.00559	T
473	0.00397	0.00423	G
474	0.01741	0.01792	A
475	0.00458	0.00471	T
476	0.01137	0.01181	A
477	0.01124	0.01148	C
478	0.00398	0.00403	G
479	0.01665	0.01665	C
480	0.0118	0.01181	C
481	0.01432	0.01436	C
482	0.00437	0.00497	G
483	0.02002	0.02028	A
484	0.00462	0.00474	G
485	0.01545	0.01559	C
486	0.02066	0.0213	A
487	0.00383	0.00398	G
488	0.01718	0.01804	A
489	0.00835	0.00856	T
490	0.00324	0.00335	G
491	0.04013	0.04017	C
492	0.02497	0.02508	C
493	0.02245	0.02264	A
494	0.02155	0.02159	A
495	0.0433	0.04412	C
496	0.03286	0.03466	A
497	0.03794	0.03933	C
498	0.03024	0.03152	A
499	0.00534	0.00662	G
500	0.02152	0.02332	C
501	0.01659	0.01764	A
502	0.0043	0.00439	G
503	0.02691	0.02708	C
504	0.01752	0.01759	C
505	0.02026	0.02172	A
506	0.01098	0.01105	T
507	0.00797	0.00798	T
508	0.03015	0.03078	C
509	0.0238	0.02387	A
510	0.03021	0.03042	A
511	0.00492	0.00562	G
512	0.02697	0.02877	C
513	0.01815	0.01822	A
514	0.02004	0.02064	A
515	0.00918	0.00958	T
516	0.04849	0.04852	C
517	0.01738	0.01759	C
518	0.00795	0.00823	T
519	0.02231	0.02325	A
520	0.00846	0.00897	T
521	0.02306	0.02352	A
522	0.03126	0.03241	C
523	0.01732	0.01735	A
524	0.01996	0.02078	A
525	0.01371	0.01375	C
526	0.01272	0.01286	C
527	0.00529	0.00628	G
528	0.00416	0.00513	T
529	0.0205	0.02083	A
530	0.00838	0.00861	T
531	0.025	0.0251	C
532	0.00318	0.00318	G
533	0.00261	0.00263	G
534	0.00719	0.00724	C
535	0.00348	0.00353	G
536	0.01085	0.01142	A
537	0.0052	0.00535	T
538	0.01926	0.01969	A
539	0.01195	0.01232	T
540	0.01402	0.01412	C
541	0.00358	0.00359	G
542	0.00413	0.00414	G
543	0.00245	0.00247	T
544	0.00845	0.00846	T
545	0.01097	0.01106	T
546	0.17758	0.179	C
547	0.01814	0.01874	A
548	0.00915	0.00929	T
549	0.02563	0.02566	C
550	0.01731	0.01753	C
551	0.00552	0.00618	T
552	0.01179	0.01188	C
553	0.00341	0.00386	G
554	0.00887	0.00887	C
555	0.00752	0.00754	C
556	0.00805	0.0081	T
557	0.01182	0.01184	T
558	0.02252	0.02898	A
559	0.00432	0.00477	G
560	0.03324	0.03359	C
561	0.02285	0.02319	A
562	0.01159	0.01181	T
563	0.00339	0.00371	G
564	0.02309	0.02333	A
565	0.00753	0.00754	T
566	0.00832	0.00836	T
567	0.01025	0.01029	T
568	0.02049	0.02221	A
569	0.00973	0.01012	T
570	0.03131	0.03172	C
571	0.02288	0.02304	C
572	0.01128	0.01197	T
573	0.03105	0.03208	A
574	0.0348	0.03529	C
575	0.02623	0.0282	A
576	0.02713	0.02761	C
577	0.00952	0.01002	T
578	0.02899	0.029	C
579	0.02059	0.02087	C
580	0.01458	0.01498	A
581	0.02074	0.02083	A
582	0.0236	0.02405	C
583	0.00729	0.00842	T
584	0.02292	0.02307	C
585	0.01997	0.02159	A
586	0.00796	0.00812	T
587	0.00758	0.00795	G
588	0.02655	0.02872	A
589	0.00961	0.01012	G
590	0.01527	0.01592	A
591	0.02043	0.02058	C
592	0.0206	0.02065	C
593	0.02225	0.02248	C
594	0.01286	0.01774	A
595	0.03501	0.03628	C
596	0.0178	0.01795	A
597	0.01748	0.01757	A
598	0.04448	0.04513	C
599	0.01068	0.01068	A
600	0.0199	0.01991	A
601	0.01855	0.01876	A
602	0.01321	0.01409	T
603	0.027	0.02799	A
604	0.00654	0.00696	G
605	0.03482	0.03486	C
606	0.01146	0.01146	C
607	0.01196	0.01198	C
608	0.0049	0.00491	T
609	0.00535	0.00535	T
610	0.01211	0.01507	C
611	0.00553	0.00577	T
612	0.00998	0.01027	A
613	0.02106	0.02108	A
614	0.02412	0.02415	A
615	0.0423	0.04438	C
616	0.00448	0.00454	G
617	0.01219	0.01233	C
618	0.00539	0.00589	T
619	0.01168	0.01186	A
620	0.01684	0.01694	A
621	0.01116	0.01141	T
622	0.02983	0.02989	C
623	0.01832	0.01836	C
624	0.01866	0.01876	A
625	0.02904	0.02913	A
626	0.00909	0.01163	G
627	0.00747	0.00749	C
628	0.00541	0.00544	C
629	0.0141	0.01942	T
630	0.01464	0.01509	C
631	0.01517	0.01998	A
632	0.0239	0.0239	C
633	0.01821	0.01821	C
634	0.02386	0.02386	C
635	0.02106	0.02111	C
636	0.01625	0.02982	A
637	0.00539	0.00545	C
638	0.0018	0.00185	T
639	0.01623	0.01639	A
640	0.00511	0.00517	C
641	0.00199	0.00215	T
642	0.00427	0.00518	A
643	0.00197	0.00203	G
644	0.00247	0.00254	G
645	0.13852	0.13857	C
646	0.00904	0.00908	C
647	0.01112	0.01465	T
648	0.0197	0.01973	C
649	0.01317	0.01349	C
650	0.00316	0.00396	T
651	0.00397	0.00397	C
652	0.0026	0.00269	C
653	0.00213	0.00236	T
654	0.00509	0.00539	A
655	0.0022	0.00266	G
656	0.01226	0.0126	C
657	0.00786	0.00803	A
658	0.00447	0.00525	G
659	0.02887	0.02945	C
660	0.02023	0.0206	A
661	0.00473	0.00529	G
662	0.02733	0.02842	C
663	0.00948	0.01	A
664	0.00184	0.00185	G
665	0.00241	0.00243	G
666	0.00529	0.00554	C
667	0.01091	0.01099	A
668	0.01851	0.01852	A
669	0.01837	0.01839	A
670	0.00839	0.01034	T
671	0.02595	0.02671	C
672	0.01981	0.02144	A
673	0.00541	0.00563	G
674	0.01958	0.01961	C
675	0.01915	0.01917	C
676	0.02893	0.02896	C
677	0.01388	0.01392	A
678	0.01893	0.01895	A
679	0.00714	0.00716	T
680	0.00776	0.00776	T
681	0.02104	0.02364	A
682	0.00273	0.00274	G
683	0.0056	0.0056	G
684	0.00536	0.00556	T
685	0.00957	0.00963	C
686	0.00941	0.01002	T
687	0.02171	0.02171	C
688	0.02977	0.03009	C
689	0.01187	0.02077	A
690	0.02967	0.02967	C
691	0.02309	0.02309	C
692	0.02196	0.02197	C
693	0.01526	0.01531	C
694	0.00582	0.00635	T
695	0.00345	0.00614	G
696	0.02339	0.02431	A
697	0.02385	0.02439	C
698	0.01016	0.01116	T
699	0.02716	0.02729	C
700	0.02486	0.02488	C
701	0.02026	0.02026	C
702	0.02379	0.02387	C
703	0.00596	0.00802	T
704	0.02032	0.02083	C
705	0.01388	0.01756	A
706	0.00295	0.00302	G
707	0.00935	0.00935	C
708	0.01588	0.01591	C
709	0.02217	0.03212	A
710	0.00548	0.0056	T
711	0.01768	0.0178	A
712	0.00307	0.00317	G
713	0.01671	0.01671	A
714	0.01626	0.01665	A
715	0.00451	0.00453	G
716	0.0039	0.0039	G
717	0.01165	0.01168	C
718	0.02163	0.02164	C
719	0.02411	0.02414	C
720	0.02544	0.02556	C
721	0.01364	0.01995	A
722	0.03297	0.03297	C
723	0.02887	0.02887	C
724	0.02823	0.02823	C
725	0.0293	0.02931	C
726	0.01961	0.02418	A
727	0.00321	0.00329	G
728	0.00637	0.00691	T
729	0.0183	0.01837	C
730	0.00714	0.00873	T
731	0.02164	0.02231	C
732	0.02257	0.02473	A
733	0.00647	0.00673	G
734	0.03045	0.03047	C
735	0.02295	0.02299	C
736	0.02212	0.02224	C
737	0.00793	0.00963	T
738	0.01708	0.01969	A
739	0.0534	0.05409	C
740	0.01019	0.01083	T
741	0.03777	0.03778	C
742	0.02316	0.02336	C
743	0.01396	0.0196	A
744	0.02375	0.02403	C
745	0.00829	0.00963	T
746	0.02631	0.02716	C
747	0.02067	0.02148	A
748	0.02672	0.02681	A
749	0.00544	0.00736	G
750	0.02484	0.02503	C
751	0.02525	0.02548	A
752	0.02903	0.02934	C
753	0.00696	0.00704	T
754	0.01964	0.02016	A
755	0.00783	0.00791	T
756	0.01952	0.01999	A
757	0.00297	0.0032	G
758	0.0057	0.00571	T
759	0.00569	0.00572	T
760	0.00341	0.00365	G
761	0.00689	0.00752	T
762	0.01869	0.01904	A
763	0.00448	0.005	G
764	0.02541	0.02559	C
765	0.02196	0.0224	A
766	0.00281	0.00281	G
767	0.00336	0.0034	G
768	0.01475	0.01477	A
769	0.02169	0.02181	A
770	0.00831	0.00886	T
771	0.02628	0.02671	C
772	0.00814	0.00815	T
773	0.00871	0.00885	T
774	0.03042	0.03436	C
775	0.01487	0.01489	T
776	0.01601	0.01613	T
777	0.01494	0.02887	A
778	0.03921	0.03947	C
779	0.01523	0.01596	T
780	0.0318	0.03276	C
781	0.02002	0.02273	A
782	0.01024	0.0108	T
783	0.03123	0.03132	C
784	0.06882	0.0697	C
785	0.00496	0.00756	G
786	0.02738	0.02898	C
787	0.0082	0.00841	T
788	0.01231	0.01268	T
789	0.04078	0.04084	C
790	0.03018	0.03042	C
791	0.01609	0.02671	A
792	0.02428	0.02428	C
793	0.03769	0.0377	C
794	0.03118	0.03119	C
795	0.03552	0.03552	C
796	0.02344	0.02345	C
797	0.00735	0.00769	T
798	0.02013	0.02052	A
799	0.00274	0.00304	G
800	0.02065	0.02096	C
801	0.0188	0.01917	A
802	0.00439	0.00456	G
803	0.01498	0.01498	A
804	0.01099	0.01099	A
805	0.02194	0.02194	A
806	0.0135	0.01351	A
807	0.00699	0.00809	T
808	0.0201	0.02084	A
809	0.00738	0.00808	G
810	0.01862	0.01866	C
811	0.01526	0.01527	C
812	0.01493	0.01496	C
813	0.02199	0.02744	A
814	0.0248	0.02505	C
815	0.00698	0.00729	T
816	0.00805	0.00819	A
817	0.01329	0.01347	A
818	0.00714	0.00753	T
819	0.0278	0.02791	C
820	0.03016	0.03021	C
821	0.00929	0.00936	A
822	0.02095	0.02104	A
823	0.0381	0.03816	A
824	0.02496	0.02642	C
825	0.00891	0.00905	T
826	0.02334	0.02379	C
827	0.01909	0.01973	T
828	0.03214	0.03246	A
829	0.01739	0.0177	A
830	0.05442	0.05527	C
831	0.03001	0.0303	A
832	0.02459	0.02523	C
833	0.00739	0.00759	T
834	0.01978	0.02124	A
835	0.00797	0.00805	T
836	0.00269	0.00292	G
837	0.03261	0.03296	C
838	0.00475	0.00476	T
839	0.00523	0.00528	T
840	0.01732	0.02088	A
841	0.00182	0.00184	G
842	0.00207	0.00209	G
843	0.05431	0.05471	C
844	0.00332	0.00334	G
845	0.00586	0.00598	C
846	0.00272	0.00282	T
847	0.01209	0.01256	A
848	0.00535	0.00584	T
849	0.03278	0.03341	C
850	0.02849	0.02895	A
851	0.04443	0.04444	C
852	0.02887	0.02928	C
853	0.01348	0.01887	A
854	0.02549	0.02587	C
855	0.00434	0.00443	T
856	0.01095	0.01099	C
857	0.0033	0.00331	T
858	0.0027	0.00351	G
859	0.00452	0.00453	T
860	0.00832	0.00842	T
861	0.02507	0.0257	C
862	0.0048	0.00535	G
863	0.01161	0.01206	C
864	0.01078	0.01096	A
865	0.00487	0.0054	G
866	0.03184	0.03237	C
867	0.02223	0.02287	A
868	0.00371	0.00375	G
869	0.00573	0.00605	T
870	0.01355	0.01359	C
871	0.00249	0.00255	T
872	0.00194	0.00246	G
873	0.00414	0.00432	C
874	0.00515	0.00542	G
875	0.05968	0.05973	C
876	0.01627	0.01628	C
877	0.02496	0.02502	C
878	0.00711	0.00715	T
879	0.00892	0.00914	T
880	0.0121	0.01973	A
881	0.03964	0.0402	C
882	0.02048	0.02076	A
883	0.0618	0.06461	C
884	0.01414	0.01416	A
885	0.01004	0.01005	A
886	0.01501	0.01502	A
887	0.01908	0.01912	A
888	0.01138	0.01254	T
889	0.00583	0.00648	G
890	0.02734	0.02777	A
891	0.04609	0.04706	C
892	0.01894	0.01908	A
893	0.01678	0.01835	T
894	0.03066	0.03295	C
895	0.00055	0.00057	A
896	0.00028	0.00029	A
897	0.00052	0.00053	A
898	0.0051	0.00511	A
899	0.00307	0.00308	A
900	0.00526	0.00526	A
901	0.00783	0.00783	A
902	0.01121	0.01209	T
903	0.03192	0.03208	C
904	0.00995	0.01029	G
905	0.00676	0.00919	T
906	0.02143	0.0221	A
907	0.00419	0.00427	G
908	0.02599	0.02613	C
909	0.02112	0.02115	C
910	0.00816	0.00828	T
911	0.01268	0.01281	T
912	0.03193	0.04182	C
913	0.01004	0.01042	T
914	0.04419	0.04419	C
915	0.02921	0.02957	C
916	0.01367	0.02079	A
917	0.0272	0.0274	C
918	0.00665	0.00683	T
919	0.00788	0.00789	T
920	0.02592	0.02675	C
921	0.02194	0.02208	A
922	0.01911	0.01918	A
923	0.00267	0.00292	G
924	0.00592	0.0068	T
925	0.02196	0.02225	C
926	0.02119	0.02121	A
927	0.02107	0.0211	A
928	0.02513	0.02554	C
929	0.00625	0.00633	T
930	0.02494	0.02559	A
931	0.00279	0.00284	G
932	0.00252	0.00255	G
933	0.01061	0.01334	A
934	0.01293	0.01299	C
935	0.00372	0.00462	T
936	0.0236	0.02374	C
937	0.0136	0.01442	A
938	0.00752	0.00771	T
939	0.01284	0.01285	A
940	0.01356	0.01471	A
941	0.00733	0.00747	T
942	0.01579	0.01618	A
943	0.00316	0.00332	G
944	0.00731	0.00734	T
945	0.0084	0.00855	T
946	0.01276	0.02332	A
947	0.04086	0.04135	C
948	0.02233	0.02235	A
949	0.02363	0.02387	A
950	0.01235	0.01307	T
951	0.03111	0.0315	C
952	0.00455	0.00457	G
953	0.00396	0.00399	G
954	0.01643	0.01728	C
955	0.02376	0.02426	A
956	0.00992	0.0122	T
957	0.03134	0.03206	C
958	0.02132	0.02169	A
959	0.02287	0.02293	A
960	0.03227	0.03234	C
961	0.0287	0.02879	C
962	0.01344	0.0138	A
963	0.02169	0.02183	A
964	0.03331	0.03344	C
965	0.03785	0.0383	C
966	0.01519	0.02526	A
967	0.04047	0.04212	C
968	0.01803	0.01987	A
969	0.03577	0.03577	C
970	0.01818	0.01842	C
971	0.00828	0.00874	T
972	0.02324	0.02373	A
973	0.00261	0.00268	G
974	0.02739	0.02846	C
975	0.02072	0.02161	A
976	0.00797	0.00801	T
977	0.00645	0.00647	T
978	0.02249	0.02251	C
979	0.01734	0.01745	C
980	0.00786	0.00828	T
981	0.00401	0.00441	G
982	0.01834	0.01871	C
983	0.02202	0.0228	A
984	0.03337	0.03381	C
985	0.01527	0.01573	A
986	0.00903	0.00932	T
987	0.02315	0.02446	C
988	0.01451	0.0146	T
989	0.01987	0.02118	G
990	0.01775	0.01941	T
991	0.02028	0.02136	A
992	0.02579	0.02582	C
993	0.02239	0.02242	C
994	0.01763	0.01765	C
995	0.02053	0.02387	A
996	0.04334	0.04365	C
997	0.00497	0.00548	G
998	0.02344	0.02345	C
999	0.01693	0.01695	C
1000	0.00651	0.00666	T
1001	0.0096	0.00962	T
1002	0.01695	0.02157	C
1003	0.00808	0.00809	T
1004	0.00876	0.00881	T
1005	0.02537	0.02688	C
1006	0.01811	0.01849	A
1007	0.02317	0.02323	A
1008	0.01797	0.018	A
1009	0.00404	0.00416	G
1010	0.01013	0.01013	C
1011	0.00932	0.00936	C
1012	0.00635	0.01245	A
1013	0.00495	0.00508	T
1014	0.012	0.01212	A
1015	0.03676	0.03761	C
1016	0.00586	0.00601	T
1017	0.01567	0.01646	A
1018	0.00643	0.00644	T
1019	0.00735	0.00735	T
1020	0.00449	0.0045	T
1021	0.0038	0.00422	A
1022	0.00239	0.00242	T
1023	0.00187	0.00195	G
1024	0.008	0.00824	T
1025	0.00364	0.00383	G
1026	0.00969	0.00982	C
1027	0.00367	0.00382	T
1028	0.02286	0.02287	C
1029	0.02069	0.02074	C
1030	0.00304	0.00307	G
1031	0.00269	0.00269	G
1032	0.00482	0.00483	G
1033	0.00481	0.00527	T
1034	0.02463	0.02468	C
1035	0.01482	0.01492	C
1036	0.01587	0.01807	A
1037	0.01219	0.01335	T
1038	0.02586	0.02653	C
1039	0.01724	0.01858	A
1040	0.01724	0.01781	T
1041	0.03377	0.0341	C
1042	0.02791	0.02836	C
1043	0.01465	0.02301	A
1044	0.03337	0.03814	C
1045	0.01857	0.01862	A
1046	0.02096	0.02132	A
1047	0.028	0.02805	C
1048	0.02255	0.02276	C
1049	0.00856	0.00872	T
1050	0.01117	0.01132	T
1051	0.0153	0.01543	A
1052	0.01823	0.01831	A
1053	0.04571	0.04615	C
1054	0.02152	0.02162	A
1055	0.02051	0.02074	A
1056	0.01055	0.01083	T
1057	0.00729	0.0082	G
1058	0.01598	0.01607	A
1059	0.02157	0.02167	A
1060	0.05512	0.05586	C
1061	0.0229	0.02292	A
1062	0.02267	0.02297	A
1063	0.00556	0.00617	G
1064	0.01791	0.01823	A
1065	0.01077	0.01119	T
1066	0.02188	0.02289	A
1067	0.00817	0.00821	T
1068	0.00857	0.00887	T
1069	0.02696	0.02799	C
1070	0.01067	0.01176	G
1071	0.00233	0.00237	A
1072	0.01195	0.01201	A
1073	0.00601	0.00602	A
1074	0.01617	0.01619	A
1075	0.01592	0.01593	A
1076	0.01262	0.01306	T
1077	0.02803	0.02829	A
1078	0.00296	0.00301	G
1079	0.00249	0.00251	G
1080	0.00759	0.00846	A
1081	0.00463	0.00463	G
1082	0.00348	0.00355	G
1083	0.02335	0.03035	A
1084	0.02879	0.02965	C
1085	0.00761	0.00832	T
1086	0.02181	0.0226	A
1087	0.02877	0.02913	C
1088	0.00826	0.00914	T
1089	0.0378	0.0384	C
1090	0.02078	0.02108	A
1091	0.01555	0.01574	A
1092	0.01796	0.01801	A
1093	0.02277	0.02283	A
1094	0.03235	0.03306	C
1095	0.02222	0.02234	C
1096	0.01523	0.02685	A
1097	0.01719	0.01788	T
1098	0.02766	0.0282	A
1099	0.04118	0.04147	C
1100	0.02139	0.02161	C
1101	0.00875	0.01026	T
1102	0.02657	0.027	C
1103	0.01393	0.01495	T
1104	0.0291	0.02939	C
1105	0.01843	0.01926	A
1106	0.03314	0.03346	C
1107	0.00902	0.00917	T
1108	0.00998	0.0101	T
1109	0.0312	0.03203	C
1110	0.02303	0.02356	A
1111	0.02735	0.02746	A
1112	0.02523	0.02527	C
1113	0.01528	0.01551	C
1114	0.01097	0.01364	T
1115	0.01819	0.01819	C
1116	0.01429	0.0143	C
1117	0.02542	0.02576	C
1118	0.01072	0.0122	T
1119	0.02721	0.02757	C
1120	0.0173	0.01844	A
1121	0.0389	0.0389	C
1122	0.02328	0.02347	C
1123	0.01984	0.02188	A
1124	0.01018	0.01022	T
1125	0.01165	0.01166	T
1126	0.00416	0.00416	G
1127	0.00355	0.00362	G
1128	0.02884	0.02952	C
1129	0.0284	0.02964	A
1130	0.00532	0.00536	G
1131	0.02016	0.02021	C
1132	0.01145	0.01155	C
1133	0.00613	0.00642	T
1134	0.02337	0.02366	A
1135	0.00482	0.00508	G
1136	0.0191	0.01925	C
1137	0.02444	0.02484	A
1138	0.00842	0.00848	T
1139	0.00911	0.00915	T
1140	0.02033	0.02399	A
1141	0.00288	0.00311	G
1142	0.01616	0.01626	C
1143	0.00796	0.00821	A
1144	0.00204	0.00205	G
1145	0.00323	0.00323	G
1146	0.01275	0.01279	A
1147	0.01465	0.01478	A
1148	0.00993	0.01093	T
1149	0.02789	0.02837	A
1150	0.04178	0.04207	C
1151	0.02027	0.02036	C
1152	0.00239	0.0024	T
1153	0.00724	0.00726	T
1154	0.00524	0.00525	T
1155	0.01626	0.01635	C
1156	0.01577	0.01582	C
1157	0.00607	0.00743	T
1158	0.02894	0.02937	C
1159	0.02057	0.02222	A
1160	0.03825	0.03859	C
1161	0.02229	0.0228	A
1162	0.00231	0.00234	G
1163	0.00364	0.00365	G
1164	0.0016	0.00161	T
1165	0.00285	0.00285	T
1166	0.00261	0.00262	T
1167	0.00824	0.00853	C
1168	0.00538	0.00563	T
1169	0.02291	0.02762	A
1170	0.03339	0.03375	C
1171	0.00961	0.01012	T
1172	0.02951	0.02952	C
1173	0.02595	0.02616	C
1174	0.01593	0.01617	A
1175	0.01985	0.01986	A
1176	0.03152	0.03172	A
1177	0.00904	0.00946	G
1178	0.03215	0.03252	A
1179	0.04397	0.04405	C
1180	0.03083	0.03097	C
1181	0.01792	0.02132	A
1182	0.02345	0.02396	C
1183	0.01765	0.01877	A
1184	0.01023	0.01124	T
1185	0.02692	0.02735	C
1186	0.02429	0.02516	A
1187	0.00879	0.00905	T
1188	0.02741	0.02787	C
1189	0.00569	0.00597	G
1190	0.00654	0.00671	A
1191	0.00882	0.00893	A
1192	0.00935	0.00936	A
1193	0.01241	0.01252	C
1194	0.01502	0.01512	C
1195	0.00619	0.00821	G
1196	0.03327	0.03624	C
1197	0.01952	0.01985	A
1198	0.02083	0.02105	A
1199	0.01997	0.01999	A
1200	0.04239	0.04477	C
1201	0.02146	0.02195	A
1202	0.01298	0.01352	T
1203	0.02003	0.02022	A
1204	0.01295	0.01435	T
1205	0.03124	0.03201	C
1206	0.02492	0.02615	A
1207	0.01444	0.01536	T
1208	0.02575	0.02656	A
1209	0.03866	0.04009	C
1210	0.02023	0.0207	A
1211	0.03949	0.04125	C
1212	0.02043	0.02043	A
1213	0.02095	0.02095	A
1214	0.02746	0.02796	A
1215	0.03734	0.03988	C
1216	0.00692	0.00709	G
1217	0.02571	0.02572	C
1218	0.01743	0.01751	C
1219	0.00865	0.00932	T
1220	0.00382	0.00489	G
1221	0.01965	0.02099	A
1222	0.00715	0.00742	G
1223	0.0586	0.0588	C
1224	0.02691	0.02697	C
1225	0.01655	0.01665	C
1226	0.00913	0.00979	T
1227	0.01797	0.01835	A
1228	0.01163	0.01176	T
1229	0.02301	0.02323	C
1230	0.00955	0.00979	T
1231	0.0198	0.02116	A
1232	0.02832	0.02834	T
1233	0.01312	0.01355	T
1234	0.01431	0.02633	A
1235	0.03037	0.03079	C
1236	0.00866	0.00904	T
1237	0.0265	0.0269	C
1238	0.00812	0.00894	T
1239	0.02497	0.02541	C
1240	0.01986	0.02237	A
1241	0.01055	0.01108	T
1242	0.03511	0.03542	C
1243	0.00643	0.00663	G
1244	0.01587	0.01754	C
1245	0.00957	0.00991	T
1246	0.03458	0.03742	A
1247	0.04316	0.04334	C
1248	0.02601	0.02699	C
1249	0.01621	0.02131	T
1250	0.02913	0.02914	C
1251	0.02731	0.02731	C
1252	0.02182	0.02201	C
1253	0.00893	0.0098	T
1254	0.00411	0.0044	G
1255	0.01963	0.01975	A
1256	0.03338	0.03367	C
1257	0.02624	0.02652	A
1258	0.02212	0.02247	A
1259	0.00495	0.00562	G
1260	0.02068	0.02106	C
1261	0.00571	0.00578	G
1262	0.04265	0.04265	C
1263	0.01883	0.01895	C
1264	0.007	0.00744	T
1265	0.01689	0.01948	A
1266	0.00949	0.00959	T
1267	0.02725	0.02793	A
1268	0.0043	0.00461	G
1269	0.02377	0.02434	C
1270	0.02291	0.02408	A
1271	0.03204	0.03235	C
1272	0.00876	0.00938	T
1273	0.03747	0.03759	C
1274	0.00859	0.00887	G
1275	0.01777	0.01786	A
1276	0.01772	0.01783	A
1277	0.01029	0.01076	T
1278	0.01492	0.01497	A
1279	0.01693	0.01934	A
1280	0.00937	0.0095	T
1281	0.91415	0.9146	T
1282	0.0332	0.03351	C
1283	0.00873	0.00873	T
1284	0.01075	0.01122	T
1285	0.02986	0.03175	C
1286	0.01791	0.02052	T
1287	0.03421	0.03549	C
1288	0.0165	0.01751	A
1289	0.03089	0.03094	C
1290	0.01972	0.01972	C
1291	0.01513	0.0152	C
1292	0.00702	0.00778	T
1293	0.02176	0.02199	A
1294	0.02004	0.02016	A
1295	0.0393	0.03973	C
1296	0.0319	0.03416	A
1297	0.0032	0.00329	G
1298	0.00742	0.00747	G
1299	0.00827	0.01011	T
1300	0.05325	0.05445	C
1301	0.02275	0.02286	A
1302	0.02397	0.02412	A
1303	0.04154	0.04161	C
1304	0.02452	0.02479	C
1305	0.00774	0.00882	T
1306	0.04331	0.04345	C
1307	0.00832	0.01	G
1308	0.01646	0.01722	C
1309	0.0123	0.01243	T
1310	0.01105	0.01123	T
1311	0.04279	0.04287	C
1312	0.02809	0.02822	C
1313	0.03026	0.03028	C
1314	0.01691	0.01714	C
1315	0.00987	0.01574	A
1316	0.03471	0.03471	C
1317	0.02309	0.02309	C
1318	0.02103	0.02114	C
1319	0.00722	0.00737	T
1320	0.00871	0.0088	T
1321	0.00896	0.01533	A
1322	0.03097	0.03125	C
1323	0.01155	0.01199	T
1324	0.01946	0.01958	A
1325	0.01687	0.01709	A
1326	0.03757	0.03804	C
1327	0.02148	0.02197	A
1328	0.01237	0.0125	T
1329	0.01419	0.01443	T
1330	0.01576	0.0158	A
1331	0.02042	0.02063	A
1332	0.04578	0.04683	C
1333	0.00978	0.01043	G
1334	0.01782	0.01789	A
1335	0.00983	0.00991	A
1336	0.01721	0.0173	A
1337	0.01799	0.01808	A
1338	0.02364	0.02781	T
1339	0.02715	0.02717	A
1340	0.02141	0.02279	A
1341	0.04889	0.05019	C
1342	0.0347	0.03488	C
1343	0.03442	0.03446	C
1344	0.02513	0.02527	C
1345	0.01763	0.02248	A
1346	0.03847	0.03847	C
1347	0.03484	0.03484	C
1348	0.02418	0.02443	C
1349	0.0073	0.00889	T
1350	0.01659	0.02067	A
1351	0.0258	0.02615	C
1352	0.01047	0.01095	T
1353	0.01306	0.01316	A
1354	0.01979	0.02002	A
1355	0.02726	0.0274	A
1356	0.04682	0.04713	C
1357	0.03148	0.03156	C
1358	0.02902	0.02906	C
1359	0.02288	0.02289	C
1360	0.01678	0.01957	A
1361	0.00996	0.01	T
1362	0.01016	0.01023	T
1363	0.01495	0.01503	A
1364	0.01917	0.01943	A
1365	0.02647	0.02669	A
1366	0.04092	0.04316	C
1367	0.00526	0.00539	G
1368	0.01958	0.01958	C
1369	0.01501	0.01504	C
1370	0.00488	0.00549	T
1371	0.00307	0.00309	G
1372	0.00277	0.00294	G
1373	0.01063	0.01124	C
1374	0.21647	0.21834	A
1375	0.00441	0.00455	G
1376	0.01556	0.01577	C
1377	0.01901	0.01959	C
1378	0.00441	0.00442	G
1379	0.00264	0.00271	G
1380	0.01188	0.012	A
1381	0.01586	0.01589	A
1382	0.00365	0.00383	G
1383	0.02216	0.02221	C
1384	0.00969	0.00971	C
1385	0.00538	0.00574	T
1386	0.01976	0.0217	A
1387	0.00649	0.00651	T
1388	0.00788	0.00794	T
1389	0.02896	0.02972	C
1390	0.00598	0.00639	G
1391	0.02219	0.02246	C
1392	0.02065	0.02098	A
1393	0.00299	0.00301	G
1394	0.00412	0.00415	G
1395	0.02769	0.03269	A
1396	0.00384	0.00387	T
1397	0.00846	0.00847	T
1398	0.01027	0.01028	T
1399	0.02733	0.02829	C
1400	0.01413	0.01541	T
1401	0.02934	0.02981	C
1402	0.02224	0.02352	A
1403	0.01621	0.01623	T
1404	0.01522	0.01542	T
1405	0.01349	0.02396	A
1406	0.03761	0.0381	C
1407	0.01715	0.01769	T
1408	0.02422	0.02435	A
1409	0.02279	0.02329	A
1410	0.04239	0.04329	C
1411	0.0254	0.02542	A
1412	0.02891	0.02928	A
1413	0.03743	0.03806	C
1414	0.02669	0.02795	A
1415	0.0063	0.00653	T
1416	0.01455	0.01459	T
1417	0.01822	0.01825	T
1418	0.02803	0.0282	C
1419	0.04917	0.0492	C
1420	0.03271	0.03274	C
1421	0.02734	0.02734	C
1422	0.03803	0.03805	C
1423	0.00655	0.00789	G
1424	0.01873	0.02747	C
1425	0.02793	0.03622	A
1426	0.01557	0.01668	T
1427	0.03864	0.0387	C
1428	0.03484	0.03494	C
1429	0.03613	0.03621	C
1430	0.02613	0.02615	C
1431	0.01952	0.01954	C
1432	0.02075	0.02093	T
1433	0.0104	0.01044	T
1434	0.0246	0.02462	C
1435	0.02585	0.02589	C
1436	0.01146	0.01158	A
1437	0.02023	0.02031	A
1438	0.02313	0.02332	A
1439	0.04721	0.05007	C
1440	0.0208	0.02083	A
1441	0.02228	0.02253	A
1442	0.04475	0.04601	C
1443	0.02077	0.02079	A
1444	0.02663	0.02714	A
1445	0.02808	0.03382	T
1446	0.03282	0.03342	C
1447	0.04222	0.0515	C
1448	0.03292	0.03296	C
1449	0.05275	0.05276	C
1450	0.01667	0.01669	C
1451	0.02969	0.03029	T
1452	0.02333	0.0238	C
1453	0.0081	0.00831	T
1454	0.01615	0.0169	A
1455	0.0237	0.02376	C
1456	0.02163	0.02189	C
1457	0.01437	0.0156	T
1458	0.01796	0.01832	A
1459	0.0137	0.01385	A
1460	0.0275	0.02752	A
1461	0.02598	0.02601	A
1462	0.03448	0.03883	C
1463	0.01508	0.01618	T
1464	0.035	0.03522	C
1465	0.01856	0.02077	A
1466	0.01277	0.01338	C
1467	0.00975	0.01114	A
1468	0.00618	0.00661	G
1469	0.0114	0.01148	C
1470	0.0192	0.0192	C
1471	0.02472	0.02476	C
1472	0.00949	0.01022	T
1473	0.0384	0.03846	C
1474	0.00305	0.00316	G
1475	0.00604	0.00613	C
1476	0.00381	0.0039	T
1477	0.00525	0.00547	G
1478	0.01129	0.0118	T
1479	0.06588	0.06597	C
1480	0.02083	0.02102	A
1481	0.04154	0.04205	C
1482	0.00329	0.00332	T
1483	0.01074	0.01077	T
1484	0.00855	0.00855	T
1485	0.02964	0.02968	C
1486	0.0038	0.0038	C
1487	0.00142	0.00151	T
1488	0.00336	0.00361	A
1489	0.00178	0.00179	G
1490	0.00247	0.00247	G
1491	0.00796	0.01044	A
1492	0.00287	0.00289	C
1493	0.00146	0.00148	T
1494	0.00515	0.00519	T
1495	0.02465	0.02886	C
1496	0.01005	0.01022	T
1497	0.02546	0.02584	A
1498	0.01519	0.01547	A
1499	0.03061	0.03124	C
1500	0.00672	0.0073	A
1501	0.00498	0.00517	G
1502	0.00565	0.00566	C
1503	0.00226	0.00226	C
1504	0.00243	0.00246	C
1505	0.00121	0.00146	T
1506	0.00344	0.00424	A
1507	0.00422	0.00438	G
1508	0.04267	0.04284	A
1509	0.04244	0.0425	C
1510	0.03045	0.03063	C
1511	0.01057	0.01263	T
1512	0.04128	0.0419	C
1513	0.02149	0.02231	A
1514	0.02954	0.0296	A
1515	0.04469	0.04575	C
1516	0.01713	0.0174	T
1517	0.02562	0.02617	A
1518	0.04223	0.04238	C
1519	0.00717	0.00809	C
1520	0.02299	0.02432	T
1521	0.02541	0.02579	A
1522	0.0227	0.02287	A
1523	0.05406	0.05419	C
1524	0.04485	0.04556	C
1525	0.01689	0.01708	A
1526	0.02239	0.02253	A
1527	0.06587	0.06735	C
1528	0.01798	0.01803	A
1529	0.01667	0.0167	A
1530	0.01222	0.01239	A
1531	0.04175	0.04398	C
1532	0.00917	0.0099	T
1533	0.01176	0.01233	T
1534	0.00998	0.01014	A
1535	0.00986	0.00987	A
1536	0.01699	0.01731	A
1537	0.01889	0.01898	A
1538	0.01911	0.024	T
1539	0.01766	0.01766	A
1540	0.01171	0.01171	A
1541	0.02039	0.0204	A
1542	0.02022	0.02093	A
1543	0.04932	0.05175	T
1544	0.05101	0.05167	C
1545	0.02726	0.02733	C
1546	0.02633	0.02633	C
1547	0.0201	0.02014	C
1548	0.01306	0.01946	A
1549	0.0189	0.01906	C
1550	0.00605	0.00614	T
1551	0.01675	0.01752	A
1552	0.00876	0.00889	T
1553	0.83758	0.83912	G
1554	0.03294	0.03506	C
1555	0.01459	0.01585	A
1556	0.02774	0.02811	C
1557	0.01324	0.01359	A
1558	0.00812	0.00815	T
1559	0.01183	0.01187	T
1560	0.01228	0.01229	T
1561	0.01169	0.01177	T
1562	0.01576	0.02511	A
1563	0.00555	0.00557	T
1564	0.01279	0.01279	T
1565	0.01366	0.0138	T
1566	0.02357	0.02472	C
1567	0.0123	0.01244	T
1568	0.03458	0.03466	C
1569	0.02336	0.02353	C
1570	0.01731	0.01813	A
1571	0.02183	0.02191	A
1572	0.03408	0.03454	C
1573	0.02582	0.02734	A
1574	0.01113	0.01168	T
1575	0.02563	0.02622	A
1576	0.03036	0.03087	C
1577	0.00832	0.0091	T
1578	0.02816	0.02831	C
1579	0.00532	0.00534	G
1580	0.00483	0.00486	G
1581	0.02018	0.0229	A
1582	0.00984	0.00984	T
1583	0.01159	0.01164	T
1584	0.02642	0.02881	C
1585	0.01737	0.01842	T
1586	0.02796	0.0301	A
1587	0.04624	0.04633	C
1588	0.02555	0.02575	C
1589	0.0273	0.02748	C
1590	0.01182	0.01239	T
1591	0.0329	0.03359	A
1592	0.00501	0.00554	G
1593	0.04432	0.04544	C
1594	0.02826	0.02893	A
1595	0.01521	0.01615	T
1596	0.0388	0.03957	C
1597	0.02548	0.02617	A
1598	0.04253	0.04431	C
1599	0.02077	0.02189	A
1600	0.03751	0.03919	C
1601	0.0196	0.02031	A
1602	0.03767	0.03767	C
1603	0.03544	0.03572	C
1604	0.00525	0.00697	G
1605	0.03122	0.03144	C
1606	0.0194	0.01992	A
1607	0.03947	0.04009	C
1608	0.01808	0.01815	A
1609	0.01895	0.01931	A
1610	0.01326	0.01432	T
1611	0.03606	0.03611	C
1612	0.03031	0.03033	C
1613	0.03612	0.03614	C
1614	0.01904	0.01905	C
1615	0.00777	0.00835	T
1616	0.02151	0.02179	A
1617	0.00722	0.00725	T
1618	0.02007	0.02015	C
1619	0.00646	0.00665	T
1620	0.01635	0.01891	A
1621	0.00155	0.00159	G
1622	0.0023	0.00233	G
1623	0.02553	0.02554	C
1624	0.01146	0.0115	C
1625	0.00497	0.00499	T
1626	0.00674	0.00674	T
1627	0.01872	0.02128	C
1628	0.00845	0.00846	T
1629	0.00906	0.0091	T
1630	0.01716	0.02582	A
1631	0.04007	0.04068	C
1632	0.00358	0.00398	G
1633	0.02148	0.02193	A
1634	0.00459	0.00515	G
1635	0.02891	0.02894	C
1636	0.02005	0.0201	C
1637	0.01275	0.01311	A
1638	0.01293	0.01297	A
1639	0.02663	0.02669	A
1640	0.02637	0.02638	A
1641	0.03373	0.03437	C
1642	0.02261	0.02274	C
1643	0.01673	0.01909	T
1644	0.00664	0.00765	G
1645	0.0468	0.04682	C
1646	0.02291	0.02303	C
1647	0.03623	0.03635	C
1648	0.0226	0.02267	C
1649	0.0083	0.01043	T
1650	0.02346	0.02631	A
1651	0.02897	0.02934	C
1652	0.00958	0.01003	T
1653	0.03226	0.03229	C
1654	0.02541	0.0261	C
1655	0.00682	0.00765	T
1656	0.02674	0.02674	C
1657	0.01591	0.01634	C
1658	0.00537	0.00606	T
1659	0.01555	0.01854	A
1660	0.00448	0.00467	G
1661	0.02363	0.02373	A
1662	0.03733	0.03738	C
1663	0.00561	0.0058	C
1664	0.01257	0.01316	T
1665	0.02048	0.02066	A
1666	0.02238	0.02251	A
1667	0.03963	0.03969	C
1668	0.02545	0.02569	C
1669	0.00924	0.01012	T
1670	0.00405	0.00452	G
1671	0.02489	0.02503	A
1672	0.02613	0.02648	C
1673	0.00866	0.00894	T
1674	0.02039	0.021	A
1675	0.00558	0.00583	G
1676	0.02976	0.02979	A
1677	0.02064	0.02074	A
1678	0.02156	0.02158	A
1679	0.02472	0.02481	A
1680	0.00403	0.0045	G
1681	0.02777	0.02816	C
1682	0.00867	0.00897	T
1683	0.02102	0.02183	A
1684	0.0132	0.01329	T
1685	0.01892	0.01976	T
1686	0.01389	0.02475	A
1687	0.04259	0.04285	C
1688	0.02502	0.02531	C
1689	0.01387	0.01532	T
1690	0.01486	0.01522	A
1691	0.01068	0.01082	A
1692	0.02137	0.02149	A
1693	0.02722	0.02745	A
1694	0.04943	0.06077	C
1695	0.01637	0.0164	A
1696	0.02231	0.0224	A
1697	0.00496	0.00503	T
1698	0.0097	0.00974	T
1699	0.01238	0.01239	T
1700	0.02836	0.02973	C
1701	0.02114	0.02254	A
1702	0.03776	0.0382	C
1703	0.02369	0.0248	A
1704	0.00862	0.00966	G
1705	0.03471	0.03546	C
1706	0.02365	0.02422	A
1707	0.04199	0.04203	C
1708	0.02332	0.02345	C
1709	0.01033	0.01039	A
1710	0.0231	0.02332	A
1711	0.02195	0.02202	A
1712	0.01178	0.01282	T
1713	0.02864	0.02883	C
1714	0.01026	0.01071	T
1715	0.03156	0.03159	C
1716	0.03204	0.03239	C
1717	0.01872	0.02271	A
1718	0.03913	0.03915	C
1719	0.02889	0.02929	C
1720	0.00853	0.01005	T
1721	0.02951	0.02952	C
1722	0.01966	0.01991	C
1723	0.01713	0.02063	A
1724	0.01319	0.01367	T
1725	0.0292	0.03001	C
1726	0.02327	0.02512	A
1727	0.01862	0.0199	T
1728	0.05267	0.05438	C
1729	0.02608	0.02705	A
1730	0.03899	0.039	C
1731	0.03616	0.03639	C
1732	0.00933	0.0117	T
1733	0.03507	0.03648	C
1734	0.01735	0.01863	A
1735	0.02389	0.02412	A
1736	0.03324	0.03329	C
1737	0.02341	0.02348	C
1738	0.02938	0.02967	C
1739	0.00111	0.00117	A
1740	0.01068	0.0107	A
1741	0.01348	0.0135	A
1742	0.02118	0.02118	A
1743	0.01622	0.01622	A
1744	0.00428	0.00433	G
1745	0.00371	0.00376	G
1746	0.05926	0.05976	C
1747	0.01814	0.01839	A
1748	0.01245	0.01291	T
1749	0.01459	0.0146	A
1750	0.01977	0.02112	A
1751	0.00618	0.00624	T
1752	0.01013	0.0103	T
1753	0.01284	0.01292	A
1754	0.01872	0.01885	A
1755	0.05506	0.05563	A
1756	0.01538	0.01597	C
1757	0.00432	0.00435	T
1758	0.0103	0.01038	T
1759	0.00597	0.00601	T
1760	0.01512	0.01757	A
1761	0.0242	0.02457	C
1762	0.00784	0.00791	T
1763	0.00992	0.00997	T
1764	0.03528	0.03557	C
1765	0.03007	0.03042	C
1766	0.01227	0.01425	T
1767	0.03324	0.03447	C
1768	0.0125	0.01291	T
1769	0.02773	0.02873	C
1770	0.0051	0.00513	T
1771	0.01448	0.01451	T
1772	0.01367	0.0138	T
1773	0.02426	0.02627	C
1774	0.01712	0.01713	T
1775	0.01454	0.01469	T
1776	0.02984	0.03578	C
1777	0.01237	0.01237	T
1778	0.01599	0.01641	T
1779	0.0407	0.04074	C
1780	0.04452	0.04477	C
1781	0.03251	0.03268	C
1782	0.01589	0.02077	A
1783	0.03822	0.03854	C
1784	0.01895	0.0204	T
1785	0.03167	0.03279	C
1786	0.02498	0.02844	A
1787	0.012	0.01236	T
1788	0.03745	0.03758	C
1789	0.0139	0.01401	C
1790	0.01913	0.02036	T
1791	0.01779	0.01826	A
1792	0.02818	0.02841	A
1793	0.04144	0.04156	C
1794	0.03358	0.03372	C
1795	0.02617	0.02638	C
1796	0.01146	0.01725	T
1797	0.02188	0.02494	A
1798	0.03809	0.03871	C
1799	0.01141	0.01167	T
1800	0.03574	0.03574	C
1801	0.01686	0.01712	C
1802	0.00969	0.00998	T
1803	0.01657	0.01689	A
1804	0.02198	0.02202	A
1805	0.01326	0.01346	T
1806	0.03267	0.03271	C
1807	0.01583	0.01588	A
1808	0.03598	0.03605	C
1809	0.02352	0.02352	A
1810	0.00039	0.00039	T
1811	0.0	0.0	A
1812	0.0	0.0	A
