Position	Mismatches	Mismatches + Deletions	Base
1	0.0	0.0	A
2	0.0	0.0	A
3	0.0	0.0	T
4	0.01845	0.01845	A
5	0.0036	0.0036	G
6	0.00725	0.00725	G
7	0.0	0.0	T
8	0.0	0.0	T
9	0.00707	0.00707	T
10	0.00353	0.00353	G
11	0.00702	0.00702	G
12	0.0	0.0	T
13	0.06667	0.06667	C
14	0.01379	0.01379	C
15	0.01603	0.01923	T
16	0.10123	0.10429	A
17	0.01231	0.01231	G
18	0.02744	0.02744	C
19	0.01807	0.01807	C
20	0.0	0.0	T
21	0.0	0.0	T
22	0.00298	0.00298	T
23	0.01786	0.01786	C
24	0.00297	0.00297	T
25	0.01775	0.01775	A
26	0.00588	0.00588	T
27	0.01163	0.01163	T
28	0.04106	0.04692	A
29	0.00292	0.00292	G
30	0.02624	0.02624	C
31	0.0	0.0	T
32	0.05329	0.05329	C
33	0.00311	0.00311	T
34	0.00643	0.00643	T
35	0.01718	0.01718	A
36	0.00702	0.00702	G
37	0.00722	0.01083	T
38	0.0146	0.0146	A
39	0.00749	0.00749	A
40	0.0	0.0	G
41	0.01569	0.01569	A
42	0.00398	0.00398	T
43	0.00402	0.00402	T
44	0.02066	0.02479	A
45	0.01261	0.01261	C
46	0.00422	0.00422	A
47	0.0	0.0	C
48	0.00433	0.00433	A
49	0.00862	0.00862	T
50	0.00444	0.00444	G
51	0.00448	0.00448	C
52	0.0	0.0	A
53	0.00481	0.00481	A
54	0.005	0.005	G
55	0.00435	0.00435	C
56	0.00905	0.00905	A
57	0.0	0.0	T
58	0.0	0.0	C
59	0.0045	0.0045	C
60	0.0	0.0	C
61	0.0	0.0	C
62	0.00939	0.00939	G
63	0.0	0.0	T
64	0.00962	0.00962	T
65	0.00976	0.00976	C
66	0.00485	0.00485	C
67	0.0	0.0	A
68	0.0	0.0	G
69	0.0	0.0	T
70	0.0	0.0	G
71	0.0	0.0	A
72	0.0	0.0	G
73	0.0	0.0	T
74	0.0051	0.0051	T
75	0.0	0.0	C
76	0.0	0.0	A
77	0.0	0.0	C
78	0.0	0.0	C
79	0.0	0.0	C
80	0.01053	0.01053	T
81	0.0	0.0	C
82	0.0	0.0	T
83	0.00529	0.00529	A
84	0.01081	0.01081	A
85	0.0	0.0	A
86	0.0	0.0	T
87	0.0	0.0	C
88	0.01075	0.01075	A
89	0.01093	0.01093	C
90	0.01657	0.01657	C
91	0.0	0.0	A
92	0.02793	0.02793	C
93	0.0	0.0	G
94	0.0	0.0	A
95	0.0	0.0	T
96	0.0	0.0	C
97	0.0	0.0	A
98	0.0	0.0	A
99	0.02367	0.02367	A
100	0.0	0.0	A
101	0.0	0.0	G
102	0.0	0.0	G
103	0.43373	0.43373	A
104	0.01205	0.01205	A
105	0.0137	0.0137	C
106	0.01379	0.01379	A
107	0.0	0.0	A
108	0.0	0.0	G
109	0.0	0.0	C
110	0.0	0.0	A
111	0.0	0.0	T
112	0.0	0.0	C
113	0.0	0.0	A
114	0.0	0.0	A
115	0.02174	0.05072	G
116	0.0	0.0	C
117	0.16667	0.16667	A
118	0.00714	0.00714	C
119	0.0	0.0	G
120	0.0	0.0	C
121	0.0	0.0	A
122	0.0	0.0	G
123	0.0146	0.0146	C
124	0.00725	0.00725	A
125	0.0073	0.0073	A
126	0.00735	0.00735	T
127	0.0	0.0	G
128	0.0	0.0	C
129	0.01449	0.01449	A
130	0.0	0.0	G
131	0.0	0.0	C
132	0.0	0.0	T
133	0.01379	0.01379	C
134	0.0068	0.0068	A
135	0.0	0.0	A
136	0.0	0.0	A
137	0.01342	0.01342	A
138	0.00613	0.00613	C
139	0.00621	0.00621	G
140	0.0	0.0	C
141	0.0	0.0	T
142	0.0	0.0	T
143	0.01744	0.01744	A
144	0.0	0.0	G
145	0.00595	0.00595	C
146	0.00599	0.00599	C
147	0.0	0.0	T
148	0.00599	0.00599	A
149	0.00599	0.00599	G
150	0.00606	0.00606	C
151	0.0	0.0	C
152	0.00621	0.00621	A
153	0.0	0.0061	C
154	0.00543	0.00543	A
155	0.00556	0.00556	C
156	0.00571	0.00571	C
157	0.0	0.0	C
158	0.00549	0.00549	C
159	0.0	0.0	C
160	0.0	0.0	A
161	0.02174	0.02717	C
162	0.00552	0.00552	G
163	0.0	0.0	G
164	0.00532	0.00532	G
165	0.01587	0.01587	A
166	0.02116	0.02116	A
167	0.0	0.0	A
168	0.03684	0.03684	C
169	0.0	0.00505	A
170	0.0	0.0	G
171	0.0	0.0	C
172	0.0	0.0	A
173	0.0045	0.0045	G
174	0.00429	0.00429	T
175	0.00412	0.00412	G
176	0.01969	0.01969	A
177	0.0	0.0	T
178	0.01105	0.01105	T
179	0.01519	0.01519	A
180	0.0104	0.0104	A
181	0.02773	0.02773	C
182	0.01341	0.01341	C
183	0.0	0.0	T
184	0.00142	0.00142	T
185	0.00705	0.00705	T
186	0.00555	0.00693	A
187	0.00277	0.00277	G
188	0.00399	0.00399	C
189	0.01445	0.01445	A
190	0.00128	0.00128	A
191	0.0	0.0	T
192	0.00513	0.00513	A
193	0.00129	0.00129	A
194	0.0	0.0	A
195	0.00129	0.00129	C
196	0.0013	0.0013	G
197	0.00129	0.00129	A
198	0.00775	0.00775	A
199	0.00516	0.00516	A
200	0.00129	0.00129	G
201	0.0	0.0	T
202	0.00128	0.00128	T
203	0.00384	0.00384	T
204	0.00379	0.00379	A
205	0.00125	0.00125	A
206	0.00124	0.00248	C
207	0.0	0.0	T
208	0.0	0.0	A
209	0.0	0.0	A
210	0.0	0.0	G
211	0.00848	0.00848	C
212	0.00121	0.00121	T
213	0.0024	0.0024	A
214	0.0	0.0	T
215	0.00361	0.00361	A
216	0.00481	0.00481	C
217	0.00363	0.00363	T
218	0.00724	0.00965	A
219	0.00602	0.00602	A
220	0.01689	0.01689	C
221	0.00602	0.00602	C
222	0.01683	0.01683	C
223	0.02284	0.02284	C
224	0.00121	0.00121	A
225	0.0	0.0	G
226	0.00245	0.00245	G
227	0.0	0.0	G
228	0.0	0.0	T
229	0.0	0.0	T
230	0.0	0.0	G
231	0.0	0.0	G
232	0.0	0.0	T
233	0.00494	0.00494	C
234	0.0	0.0	A
235	0.0	0.0	A
236	0.00125	0.00125	T
237	0.00253	0.00253	T
238	0.0	0.0	T
239	0.0	0.0	C
240	0.0	0.0	G
241	0.0	0.0	T
242	0.0	0.0	G
243	0.00269	0.00269	C
244	0.0	0.0	C
245	0.00137	0.00137	A
246	0.0	0.0	G
247	0.0	0.0	C
248	0.0014	0.0014	C
249	0.00422	0.00422	A
250	0.0	0.0	C
251	0.0	0.0	C
252	0.0	0.0	G
253	0.00144	0.00144	C
254	0.00145	0.00145	G
255	0.0	0.0	G
256	0.00148	0.00296	T
257	0.00147	0.00147	C
258	0.00148	0.00148	A
259	0.00298	0.00298	C
260	0.0	0.0	A
261	0.0015	0.0015	C
262	0.0	0.0	G
263	0.0	0.0	A
264	0.0	0.0	T
265	0.0	0.0	T
266	0.0	0.0	A
267	0.0	0.0	A
268	0.0	0.0	C
269	0.0	0.0	C
270	0.00148	0.00148	C
271	0.0	0.0	A
272	0.0	0.0	A
273	0.00414	0.00414	G
274	0.0	0.0	T
275	0.0	0.0	C
276	0.0	0.0	A
277	0.0	0.0	A
278	0.0	0.0	T
279	0.00136	0.00136	A
280	0.00135	0.00135	G
281	0.0	0.0	A
282	0.00247	0.00247	A
283	0.00359	0.00359	G
284	0.00339	0.00339	C
285	0.00512	0.00614	C
286	0.0009	0.0009	G
287	0.0	0.0	G
288	0.0	0.0	C
289	0.0	0.0	G
290	0.00765	0.0082	T
291	0.00573	0.00573	A
292	0.00089	0.00089	A
293	0.00044	0.00044	A
294	0.0	0.0	G
295	0.00177	0.00177	A
296	0.00133	0.00133	G
297	0.00178	0.00178	T
298	0.00089	0.00134	G
299	0.0	0.0	T
300	0.0	0.0	T
301	0.00276	0.00276	T
302	0.00324	0.00324	T
303	0.0	0.00046	A
304	0.00317	0.00452	G
305	0.00043	0.00086	A
306	0.00128	0.00257	T
307	0.00086	0.00343	C
308	0.00129	0.00257	A
309	0.00216	0.00216	C
310	0.00216	0.00216	C
311	0.00043	0.00043	C
312	0.00044	0.00044	C
313	0.00087	0.00087	C
314	0.00219	0.00483	T
315	0.00088	0.00088	C
316	0.00045	0.00045	C
317	0.00045	0.00045	C
318	0.0	0.0	C
319	0.00365	0.00365	A
320	0.0	0.0	A
321	0.0	0.0	T
322	0.0	0.0	A
323	0.0	0.0	A
324	0.0	0.0	A
325	0.00172	0.00517	G
326	0.00351	0.00351	C
327	0.00173	0.00173	T
328	0.0	0.0	A
329	0.0	0.0	A
330	0.00179	0.00179	A
331	0.00731	0.00731	A
332	0.04444	0.04444	C
333	0.0	0.00199	T
334	0.0	0.0021	C
335	0.0	0.0	A
336	0.00248	0.00248	C
337	0.0	0.0	C
338	0.0	0.0	T
339	0.00333	0.00333	G
340	0.00847	0.00847	A
341	0.04955	0.04955	G
342	0.0	0.0	T
343	0.0	0.0	T
344	0.00922	0.00922	G
345	0.00463	0.00463	T
346	0.00412	0.00412	A
347	0.0	0.0	A
348	0.01569	0.01569	A
349	0.00784	0.00784	A
350	0.00395	0.00395	A
351	0.0	0.0	A
352	0.00394	0.00787	C
353	0.0	0.0	T
354	0.01969	0.01969	C
355	0.00431	0.00431	C
356	0.0	0.0	A
357	0.0	0.0	G
358	0.00442	0.00442	T
359	0.0	0.0	T
360	0.00437	0.00437	G
361	0.00435	0.00435	A
362	0.00441	0.00441	C
363	0.0	0.0	A
364	0.08225	0.09524	C
365	0.00429	0.00429	A
366	0.0	0.0	A
367	0.00442	0.00442	A
368	0.0	0.0	A
369	0.0	0.0	T
370	0.0	0.0	A
371	0.0	0.0	G
372	0.00429	0.00429	A
373	0.00866	0.00866	C
374	0.00877	0.00877	T
375	0.0	0.0	A
376	0.0	0.0	C
377	0.0	0.0	G
378	0.0	0.0	A
379	0.0	0.0	A
380	0.0	0.0	A
381	0.0	0.0	G
382	0.0	0.0	T
383	0.0	0.0	G
384	0.0	0.0	G
385	0.0049	0.0049	C
386	0.0	0.0	T
387	0.0	0.0	T
388	0.0	0.0	T
389	0.0	0.0	A
390	0.0	0.0	A
391	0.0266	0.0266	C
392	0.01075	0.01075	A
393	0.0	0.0	T
394	0.0203	0.0203	A
395	0.005	0.005	T
396	0.0	0.0	C
397	0.0	0.0	T
398	0.00498	0.00498	G
399	0.0	0.0	A
400	0.0	0.0	A
401	0.01	0.01	C
402	0.0	0.0	A
403	0.005	0.005	C
404	0.0	0.0	A
405	0.00483	0.00483	C
406	0.00481	0.00481	A
407	0.0	0.0	A
408	0.0	0.0	T
409	0.0	0.0	A
410	0.0	0.0	G
411	0.0	0.0	C
412	0.00467	0.00467	T
413	0.0	0.0	A
414	0.0	0.0	A
415	0.0	0.0	G
416	0.0084	0.0084	A
417	0.00365	0.00365	C
418	0.00722	0.00722	C
419	0.0	0.0	C
420	0.00342	0.00342	A
421	0.0	0.0	A
422	0.01408	0.01408	A
423	0.03448	0.03793	C
424	0.00321	0.00321	T
425	0.0	0.0	G
426	0.00303	0.00303	G
427	0.0	0.0	G
428	0.00299	0.00597	A
429	0.0	0.0	T
430	0.00298	0.00298	T
431	0.0	0.0	A
432	0.0	0.0	G
433	0.0	0.0	A
434	0.00576	0.00576	T
435	0.00575	0.00575	A
436	0.00852	0.00852	C
437	0.0	0.0	C
438	0.0	0.0	C
439	0.00267	0.00267	C
440	0.00798	0.0133	A
441	0.00798	0.00798	C
442	0.0	0.0	T
443	0.0	0.0	A
444	0.00255	0.00255	T
445	0.00765	0.00765	G
446	0.00512	0.00512	C
447	0.0	0.0	T
448	0.0	0.0	T
449	0.00246	0.00246	A
450	0.00246	0.00246	G
451	0.00493	0.00493	C
452	0.00985	0.00985	C
453	0.00743	0.00743	C
454	0.0	0.0	T
455	0.0	0.0	A
456	0.0	0.0	A
457	0.00348	0.00348	A
458	0.00692	0.00692	C
459	0.01389	0.01389	C
460	0.0035	0.0035	T
461	0.0106	0.0106	C
462	0.00356	0.00356	A
463	0.00719	0.00719	A
464	0.00712	0.00712	C
465	0.0036	0.0036	A
466	0.00361	0.00361	G
467	0.0	0.0	T
468	0.0	0.0	T
469	0.00719	0.00719	A
470	0.01095	0.01095	A
471	0.00727	0.00727	A
472	0.00727	0.00727	T
473	0.0293	0.0293	C
474	0.00738	0.00738	A
475	0.00375	0.00375	A
476	0.03065	0.03065	C
477	0.00388	0.00388	A
478	0.0038	0.0038	A
479	0.00769	0.00769	A
480	0.00383	0.00383	A
481	0.00385	0.00385	C
482	0.0	0.0	T
483	0.00778	0.00778	G
484	0.0	0.0	C
485	0.00392	0.00392	T
486	0.0	0.00391	C
487	0.00386	0.00386	G
488	0.00385	0.00385	C
489	0.0	0.0	C
490	0.0	0.0	A
491	0.0	0.0	G
492	0.00395	0.00395	A
493	0.0	0.0	A
494	0.00784	0.00784	C
495	0.00791	0.00791	A
496	0.00397	0.00397	C
497	0.0	0.0	T
498	0.0	0.0	A
499	0.00403	0.00403	C
500	0.00405	0.00405	G
501	0.0	0.0	A
502	0.0	0.0	G
503	0.0	0.0	C
504	0.004	0.004	C
505	0.04184	0.05439	A
506	0.0251	0.0251	C
507	0.00844	0.00844	A
508	0.0	0.0	G
509	0.0	0.0	C
510	0.0	0.0	T
511	0.00431	0.00431	T
512	0.0	0.0	A
513	0.0	0.0	A
514	0.0	0.0	A
515	0.0	0.0	A
516	0.00862	0.00862	C
517	0.0	0.0	T
518	0.0	0.00435	C
519	0.00448	0.00448	A
520	0.0	0.0	A
521	0.18468	0.18468	A
522	0.00444	0.00444	G
523	0.0	0.0	G
524	0.00457	0.00457	A
525	0.0	0.0	C
526	0.0	0.0	C
527	0.0	0.0	T
528	0.0	0.0	G
529	0.0	0.0	G
530	0.0	0.0	C
531	0.0	0.0	G
532	0.0	0.0	G
533	0.0	0.00461	T
534	0.0	0.0	G
535	0.0	0.0	C
536	0.0	0.0	T
537	0.0	0.0	T
538	0.0	0.0	C
539	0.0042	0.0042	A
540	0.0	0.0	T
541	0.00402	0.00402	A
542	0.0	0.00398	T
543	0.00403	0.00403	C
544	0.00415	0.00415	C
545	0.0	0.0	C
546	0.00415	0.00415	T
547	0.0	0.0	C
548	0.0	0.0	T
549	0.00413	0.00413	A
550	0.00412	0.00412	G
551	0.00866	0.00866	A
552	0.00858	0.00858	G
553	0.0	0.0	G
554	0.00781	0.01172	A
555	0.0	0.0	G
556	0.0	0.0	C
557	0.00362	0.00362	C
558	0.00709	0.00709	T
559	0.0	0.00357	G
560	0.0	0.0	T
561	0.0	0.0	T
562	0.00353	0.00353	C
563	0.0	0.0	T
564	0.00348	0.00348	G
565	0.00325	0.00325	T
566	0.00613	0.00613	A
567	0.00587	0.00587	A
568	0.00287	0.00287	T
569	0.0	0.0	C
570	0.0	0.0	G
571	0.0	0.0	A
572	0.0	0.0	T
573	0.00279	0.00279	A
574	0.00275	0.00275	A
575	0.0	0.0	A
576	0.00275	0.00275	C
577	0.0	0.0	C
578	0.00556	0.00556	C
579	0.0	0.0	C
580	0.0	0.0	G
581	0.0	0.0	A
582	0.0	0.0	T
583	0.0	0.0	C
584	0.00298	0.00298	A
585	0.0	0.0	A
586	0.0	0.0	C
587	0.0	0.0	C
588	0.0	0.0	T
589	0.00896	0.00896	C
590	0.0	0.0	A
591	0.0	0.0	C
592	0.0	0.0	C
593	0.0	0.0	A
594	0.0	0.0	C
595	0.0	0.0	C
596	0.0	0.0	T
597	0.0	0.0	C
598	0.0	0.0	T
599	0.00727	0.00727	T
600	0.0	0.00377	G
601	0.0	0.0	C
602	0.00385	0.00385	T
603	0.0	0.0	C
604	0.0	0.0	A
605	0.01183	0.01183	G
606	0.00588	0.00588	C
607	0.01786	0.01786	C
608	0.0	0.0	T
609	0.01765	0.01765	A
610	0.0	0.0	T
611	0.00606	0.00606	A
612	0.0122	0.0122	T
613	0.01227	0.01227	A
614	0.0	0.0	C
615	0.0	0.0	C
616	0.0	0.0	G
617	0.0	0.0	C
618	0.00617	0.00617	C
619	0.00613	0.00613	A
620	0.0	0.0	T
621	0.0	0.0	C
622	0.00621	0.00621	T
623	0.00606	0.00606	T
624	0.0	0.0	C
625	0.0	0.0	A
626	0.00625	0.00625	G
627	0.00629	0.00629	C
628	0.0	0.0	A
629	0.04403	0.04403	A
630	0.0	0.0	A
631	0.0	0.0	C
632	0.0	0.0	C
633	0.0	0.0	C
634	0.0	0.0	T
635	0.00649	0.00649	G
636	0.0	0.0	A
637	0.0	0.0	T
638	0.0	0.0	G
639	0.0	0.0	A
640	0.01316	0.01316	A
641	0.00662	0.00662	G
642	0.0	0.0	G
643	0.00676	0.00676	C
644	0.0	0.0	T
645	0.0	0.0	A
646	0.12245	0.12245	C
647	0.01379	0.01379	A
648	0.0	0.0	A
649	0.0	0.0	A
650	0.0069	0.0069	G
651	0.0	0.0	T
652	0.00667	0.00667	A
653	0.02069	0.02069	A
654	0.01342	0.01342	G
655	0.0	0.0	C
656	0.0	0.0	G
657	0.01379	0.01379	C
658	0.02083	0.02083	A
659	0.01379	0.01379	A
660	0.00714	0.00714	G
661	0.01418	0.01418	T
662	0.0	0.0	A
663	0.0	0.0	C
664	0.0	0.0	C
665	0.0	0.0	C
666	0.0	0.0	A
667	0.0	0.0	C
668	0.0	0.0	G
669	0.0	0.0	T
670	0.0	0.0	A
671	0.024	0.024	A
672	0.00833	0.00833	A
673	0.00806	0.00806	G
674	0.0	0.0	A
675	0.00813	0.00813	C
676	0.0	0.0	G
677	0.0	0.0	T
678	0.00806	0.00806	T
679	0.01653	0.03306	A
680	0.0	0.0	G
681	0.0	0.0	G
682	0.0	0.0	T
683	0.016	0.016	C
684	0.0	0.0	A
685	0.02542	0.02542	A
686	0.0	0.0	G
687	0.0	0.0	G
688	0.0	0.0	T
689	0.0	0.0	G
690	0.0	0.0	T
691	0.0	0.0	A
692	0.00758	0.00758	G
693	0.0	0.0	C
694	0.0	0.0	C
695	0.01449	0.01449	C
696	0.0	0.0073	A
697	0.0	0.0	T
698	0.0	0.0	G
699	0.0	0.0	A
700	0.0	0.0	G
701	0.0	0.0	G
702	0.0	0.0	T
703	0.0	0.0	G
704	0.0	0.0	G
705	0.06294	0.06294	C
706	0.00699	0.00699	A
707	0.0137	0.0137	A
708	0.0	0.0	G
709	0.0	0.0	A
710	0.00633	0.00633	A
711	0.01266	0.01266	A
712	0.0	0.0	T
713	0.0	0.0	G
714	0.0	0.0	G
715	0.0	0.0	G
716	0.00633	0.00633	C
717	0.0	0.0	T
718	0.00613	0.00613	A
719	0.01212	0.01212	C
720	0.00599	0.00599	A
721	0.00581	0.00581	T
722	0.0	0.0	T
723	0.0	0.0	T
724	0.0	0.0	T
725	0.0	0.0	C
726	0.00595	0.00595	T
727	0.0122	0.01829	A
728	0.07229	0.07229	C
729	0.04242	0.04242	C
730	0.01829	0.01829	C
731	0.0	0.0	C
732	0.00606	0.01212	A
733	0.00606	0.00606	G
734	0.00621	0.00621	A
735	0.0	0.0	A
736	0.03727	0.03727	A
737	0.01829	0.01829	A
738	0.04321	0.04938	C
739	0.00595	0.00595	T
740	0.01198	0.01198	A
741	0.00599	0.00599	C
742	0.0	0.0	G
743	0.01765	0.01765	A
744	0.0	0.0	T
745	0.01205	0.01807	A
746	0.0061	0.0061	G
747	0.0	0.0	C
748	0.0	0.0	C
749	0.00606	0.00606	C
750	0.00585	0.00585	T
751	0.0	0.0	T
752	0.00513	0.00513	A
753	0.00926	0.00926	T
754	0.02166	0.02888	G
755	0.00876	0.00876	A
756	0.00342	0.00342	A
757	0.00333	0.00333	A
758	0.01656	0.01656	C
759	0.00164	0.00164	T
760	0.0	0.0	T
761	0.00165	0.00165	A
762	0.00329	0.00329	A
763	0.00491	0.00491	G
764	0.00163	0.00163	G
765	0.00649	0.00649	G
766	0.0	0.0	T
767	0.00325	0.00325	C
768	0.0	0.0	G
769	0.00161	0.00161	A
770	0.0016	0.0016	A
771	0.00159	0.00159	G
772	0.00159	0.00159	G
773	0.00158	0.00158	T
774	0.0	0.0	G
775	0.0016	0.0016	G
776	0.0016	0.0016	A
777	0.00321	0.00641	T
778	0.0	0.0	T
779	0.0	0.0	T
780	0.00161	0.00323	A
781	0.0	0.00326	G
782	0.00164	0.00164	C
783	0.00333	0.00333	A
784	0.0	0.0	G
785	0.0	0.0	T
786	0.0	0.0	A
787	0.0	0.0	A
788	0.00329	0.00329	A
789	0.0	0.0	C
790	0.0	0.0	T
791	0.42308	0.42308	A
792	0.0	0.0	A
793	0.0	0.0	G
794	0.00355	0.00355	A
795	0.0	0.0	G
796	0.00352	0.00352	T
797	0.01429	0.01429	A
798	0.0	0.0	G
799	0.0	0.0	A
800	0.0	0.0	G
801	0.00362	0.00362	T
802	0.00368	0.00368	G
803	0.0	0.0	C
804	0.0	0.0	T
805	0.0	0.0	T
806	0.0	0.0	A
807	0.0	0.0	G
808	0.0	0.0	T
809	0.0	0.0	T
810	0.0	0.0	G
811	0.00585	0.00585	A
812	0.0	0.0	A
813	0.0119	0.01786	C
814	0.01829	0.01829	A
815	0.0	0.0	G
816	0.0	0.0	G
817	0.00595	0.00595	G
818	0.0	0.0	C
819	0.0	0.0	C
820	0.0119	0.0119	C
821	0.0	0.0	T
822	0.0	0.0	G
823	0.0	0.0	A
824	0.0	0.0	A
825	0.0061	0.0061	G
826	0.0	0.0	C
827	0.0	0.0	G
828	0.00613	0.00613	C
829	0.0	0.01235	G
830	0.00629	0.00629	T
831	0.00641	0.00641	A
832	0.01266	0.01266	C
833	0.03846	0.03846	A
834	0.01266	0.01266	C
835	0.00629	0.01887	A
836	0.0	0.0	C
837	0.01935	0.01935	C
838	0.0	0.0	G
839	0.0	0.0	C
840	0.0	0.0	C
841	0.01307	0.01307	C
842	0.0	0.0	G
843	0.0	0.01227	T
844	0.0	0.0	C
845	0.00606	0.00606	A
846	0.015	0.015	C
847	0.00481	0.00481	C
848	0.00455	0.00455	C
849	0.0	0.0	T
850	0.0	0.0	C
851	0.00441	0.00441	C
852	0.00862	0.00862	T
853	0.0	0.0	C
854	0.0087	0.0087	A
855	0.02222	0.02222	A
856	0.0	0.0	G
857	0.0	0.0	T
858	0.00435	0.00435	A
859	0.0	0.0	T
860	0.0	0.0	A
861	0.01667	0.01667	C
862	0.00405	0.00405	T
863	0.00395	0.00395	T
864	0.01205	0.01606	C
865	0.01594	0.01594	A
866	0.04669	0.04669	A
867	0.01504	0.01504	A
868	0.00743	0.00743	G
869	0.01091	0.01091	G
870	0.06071	0.06786	A
871	0.14737	0.14737	C
872	0.01347	0.01347	A
873	0.00929	0.00929	T
874	0.00302	0.00302	T
875	0.00898	0.00898	T
876	0.04438	0.04438	A
877	0.02326	0.02326	A
878	0.07205	0.07205	C
879	0.00543	0.00543	T
880	0.0099	0.0099	A
881	0.00496	0.00496	A
882	0.01238	0.01238	A
883	0.04177	0.04177	A
884	0.04668	0.04914	C
885	0.01956	0.01956	C
886	0.0	0.0	C
887	0.00244	0.00244	C
888	0.00739	0.01232	T
889	0.0273	0.0273	A
890	0.07463	0.07463	C
891	0.00249	0.00249	G
892	0.04304	0.04304	C
893	0.00519	0.00519	A
894	0.00267	0.00267	T
895	0.0	0.0	T
896	0.0	0.0	T
897	0.00811	0.00811	A
898	0.0	0.0	T
899	0.00813	0.01084	A
900	0.00274	0.00274	T
901	0.07479	0.07479	A
902	0.0	0.00279	G
903	0.00278	0.00278	A
904	0.00559	0.00559	G
905	0.0	0.0	G
906	0.00292	0.00585	A
907	0.00587	0.00587	G
908	0.00885	0.00885	A
909	0.02647	0.02647	C
910	0.02381	0.02381	A
911	0.02367	0.02367	A
912	0.01183	0.01183	G
913	0.0	0.0	T
914	0.01194	0.01493	C
915	0.0	0.0	G
916	0.0	0.0	T
917	0.0	0.0	A
918	0.00302	0.00302	A
919	0.00604	0.00604	C
920	0.0	0.0	A
921	0.00311	0.00311	T
922	0.0	0.0	G
923	0.00313	0.00313	G
924	0.0	0.0	T
925	0.00313	0.00313	A
926	0.0	0.0	A
927	0.00316	0.00316	G
928	0.0	0.0	T
929	0.0	0.0	G
930	0.0	0.0	T
931	0.0	0.0	A
932	0.0	0.0	C
933	0.0	0.00333	T
934	0.00338	0.00338	G
935	0.0034	0.0034	G
936	0.0	0.0	A
937	0.0	0.0	A
938	0.0	0.0	A
939	0.0	0.0	G
940	0.0	0.0	T
941	0.0	0.0	G
942	0.0	0.0	C
943	0.00366	0.00366	A
944	0.0	0.0	C
945	0.0	0.0	T
946	0.0	0.0	T
947	0.0	0.0	G
948	0.0	0.0	G
949	0.0	0.0	A
950	0.00791	0.00791	C
951	0.0	0.0	G
952	0.0	0.0	A
953	0.0	0.0	A
954	0.0	0.0	C
