Position	Mismatches	Mismatches + Deletions	Base
8000	0.10327	0.10568	A
8001	0.01152	0.01164	G
8002	0.00867	0.00875	G
8003	0.0788	0.0901	A
8004	0.01148	0.01172	T
8005	0.01394	0.01415	T
8006	0.02095	0.0242	G
8007	0.02066	0.02317	T
8008	0.01837	0.01838	G
8009	0.00968	0.00971	G
8010	0.00878	0.00881	G
8011	0.00757	0.00758	G
8012	0.00871	0.00873	G
8013	0.05843	0.06466	C
8014	0.05737	0.0576	A
8015	0.04771	0.04797	A
8016	0.00904	0.00944	T
8017	0.00976	0.01047	G
8018	0.0282	0.02853	A
8019	0.03054	0.03151	A
8020	0.00534	0.00592	T
8021	0.0078	0.00976	G
8022	0.03273	0.03332	A
8023	0.03542	0.03591	A
8024	0.01447	0.01827	G
8025	0.04849	0.05142	C
8026	0.01105	0.01233	G
8027	0.04178	0.04336	A
8028	0.05021	0.05084	A
8029	0.13433	0.13987	C
8030	0.11011	0.11317	A
8031	0.01576	0.01701	G
8032	0.08014	0.08054	A
8033	0.00659	0.00683	T
8034	0.00522	0.00526	T
8035	0.00538	0.00539	T
8036	0.00361	0.00368	T
8037	0.02148	0.02641	C
8038	0.0121	0.01257	G
8039	0.00229	0.00245	T
8040	0.00253	0.00289	T
8041	0.01588	0.01781	C
8042	0.03881	0.04068	A
8043	0.00311	0.00311	T
8044	0.00457	0.00466	T
8045	0.01066	0.01076	T
8046	0.01211	0.01263	T
8047	0.01789	0.01874	G
8048	0.01614	0.01658	G
8049	0.00899	0.00901	T
8050	0.00868	0.00894	T
8051	0.06449	0.0733	C
8052	0.01738	0.03258	T
8053	0.0879	0.09256	C
8054	0.09019	0.09769	A
8055	0.01315	0.01342	G
8056	0.01034	0.01074	G
8057	0.01479	0.01592	G
8058	0.00958	0.00975	T
8059	0.0125	0.01267	T
8060	0.01327	0.01365	T
8061	0.01254	0.01549	G
8062	0.01198	0.012	T
8063	0.0143	0.01501	T
8064	0.04004	0.06265	A
8065	0.01306	0.01515	T
8066	0.02502	0.02647	A
8067	0.01398	0.02021	A
8068	0.00253	0.00289	T
8069	0.00274	0.00294	T
8070	0.00658	0.00676	T
8071	0.01308	0.0131	T
8072	0.01195	0.01204	T
8073	0.01339	0.01352	T
8074	0.06697	0.08075	A
8075	0.00686	0.00688	T
8076	0.00692	0.00692	T
8077	0.00984	0.00985	T
8078	0.01049	0.01049	T
8079	0.01277	0.01292	T
8080	0.0643	0.09885	A
8081	0.02471	0.02598	T
8082	0.01408	0.01526	G
8083	0.00793	0.00803	G
8084	0.00479	0.00487	G
8085	0.06546	0.07242	C
8086	0.00508	0.00521	T
8087	0.01048	0.0105	T
8088	0.0093	0.00934	T
8089	0.01073	0.01112	G
8090	0.00831	0.00846	G
8091	0.01208	0.01299	T
8092	0.01132	0.01442	G
8093	0.06863	0.07265	A
8094	0.01235	0.01237	G
8095	0.00731	0.00735	G
8096	0.00547	0.00566	G
8097	0.03884	0.04556	A
8098	0.01301	0.01301	G
8099	0.00928	0.00945	G
8100	0.0091	0.01007	T
8101	0.05691	0.05828	A
8102	0.01092	0.01108	G
8103	0.00853	0.00929	G
8104	0.00837	0.00899	T
8105	0.01579	0.01579	G
8106	0.00769	0.0087	G
8107	0.00889	0.00928	T
8108	0.06084	0.06282	A
8109	0.01167	0.01217	G
8110	0.00761	0.00768	T
8111	0.01098	0.01121	T
8112	0.01166	0.01175	T
8113	0.00762	0.00928	G
8114	0.00787	0.00825	T
8115	0.00787	0.01009	G
8116	0.00746	0.00747	T
8117	0.00874	0.00885	T
8118	0.00781	0.00807	T
8119	0.05462	0.05603	A
8120	0.05145	0.05653	A
8121	0.01049	0.01096	T
8122	0.02295	0.02881	A
8123	0.00381	0.00384	T
8124	0.00472	0.00476	T
8125	0.00793	0.008	T
8126	0.00926	0.00926	T
8127	0.01056	0.01057	T
8128	0.05809	0.084	A
8129	0.0153	0.01598	G
8130	0.01294	0.01294	T
8131	0.01723	0.01745	T
8132	0.00873	0.00887	G
8133	0.00657	0.00661	G
8134	0.0059	0.00601	G
8135	0.00537	0.00668	T
8136	0.00768	0.00932	G
8137	0.05347	0.05861	A
8138	0.01014	0.01103	T
8139	0.00942	0.0108	G
8140	0.06881	0.07172	A
8141	0.01058	0.01063	G
8142	0.00646	0.00697	G
8143	0.04797	0.04841	A
8144	0.06358	0.06451	A
8145	0.01082	0.01127	T
8146	0.06977	0.07162	A
8147	0.00627	0.00722	G
8148	0.00807	0.00859	T
8149	0.00866	0.00967	G
8150	0.00711	0.00895	T
8151	0.07026	0.0705	A
8152	0.07266	0.07382	A
8153	0.00882	0.00901	G
8154	0.00646	0.00661	G
8155	0.05082	0.06957	A
8156	0.00745	0.00774	G
8157	0.00631	0.00767	T
8158	0.06429	0.0663	A
8159	0.02025	0.02085	T
8160	0.01042	0.01086	G
8161	0.00656	0.00656	G
8162	0.00575	0.00575	G
8163	0.00598	0.00602	G
8164	0.00834	0.00839	G
8165	0.00988	0.01107	T
8166	0.04199	0.04221	A
8167	0.06164	0.06245	A
8168	0.00856	0.00868	T
8169	0.01012	0.0102	T
8170	0.03608	0.07158	A
8171	0.01153	0.01161	T
8172	0.01515	0.0159	G
8173	0.01076	0.01092	G
8174	0.01795	0.01931	T
8175	0.01394	0.01394	G
8176	0.00873	0.00875	G
8177	0.00705	0.00711	G
8178	0.02117	0.02131	C
8179	0.02098	0.0212	C
8180	0.02989	0.06244	A
8181	0.00661	0.00734	T
8182	0.07218	0.07283	A
8183	0.10134	0.10392	C
8184	0.00791	0.00821	G
8185	0.00715	0.00779	G
8186	0.00753	0.00785	T
8187	0.05971	0.06037	A
8188	0.00989	0.01162	G
8189	0.00677	0.00758	T
8190	0.05816	0.06144	A
8191	0.00716	0.00716	T
8192	0.00865	0.0087	T
8193	0.01029	0.01036	T
8194	0.08149	0.10186	A
8195	0.01654	0.01689	G
8196	0.01296	0.01301	T
8197	0.03094	0.03104	T
8198	0.01152	0.01156	G
8199	0.00617	0.00619	G
8200	0.00419	0.0042	G
8201	0.00493	0.00495	G
8202	0.02041	0.02387	C
8203	0.06377	0.0646	A
8204	0.00399	0.00401	T
8205	0.00963	0.00963	T
8206	0.01151	0.01154	T
8207	0.00748	0.00777	C
8208	0.00984	0.01005	A
8209	0.00421	0.00424	C
8210	0.00164	0.00167	T
8211	0.00475	0.00492	G
8212	0.00135	0.00159	T
8213	0.00492	0.00498	A
8214	0.01099	0.01099	A
8215	0.0156	0.01572	A
8216	0.00425	0.00458	G
8217	0.03277	0.03367	A
8218	0.00885	0.00888	G
8219	0.00921	0.00943	G
8220	0.00648	0.00665	T
8221	0.00898	0.01299	G
8222	0.01248	0.01251	T
8223	0.01277	0.01307	T
8224	0.01082	0.01094	G
8225	0.00912	0.0093	G
8226	0.00836	0.00839	T
8227	0.007	0.00708	T
8228	0.0216	0.02351	C
8229	0.0054	0.00557	T
8230	0.02044	0.021	C
8231	0.00386	0.00386	T
8232	0.00307	0.00329	T
8233	0.01225	0.01337	A
8234	0.01423	0.01537	A
8235	0.00529	0.00572	T
8236	0.01606	0.01741	C
8237	0.00378	0.0038	T
8238	0.0034	0.00343	T
8239	0.00378	0.00391	T
8240	0.03827	0.03948	A
8241	0.041	0.04138	A
8242	0.08205	0.08661	C
8243	0.00777	0.00839	T
8244	0.00824	0.00849	T
8245	0.02185	0.02261	A
8246	0.02049	0.02066	A
8247	0.02261	0.02286	A
8248	0.02054	0.02061	A
8249	0.00429	0.00445	G
8250	0.00427	0.0043	G
8251	0.00201	0.00205	T
8252	0.00156	0.00171	T
8253	0.01122	0.0113	A
8254	0.01576	0.01595	A
8255	0.0092	0.00965	T
8256	0.00529	0.00544	G
8257	0.02479	0.02583	C
8258	0.0028	0.0032	T
8259	0.02829	0.02836	A
8260	0.04002	0.04051	A
8261	0.01484	0.01568	G
8262	0.00603	0.00609	T
8263	0.00568	0.00578	T
8264	0.02229	0.02796	A
8265	0.00513	0.00518	G
8266	0.00469	0.00494	C
8267	0.01402	0.01402	T
8268	0.0029	0.0029	T
8269	0.0016	0.0016	T
8270	0.00581	0.00679	A
8271	0.00474	0.00474	C
8272	0.01031	0.01082	A
8273	0.0075	0.00797	G
8274	0.00373	0.00403	T
8275	0.00567	0.00571	G
8276	0.00657	0.00657	G
8277	0.0053	0.00538	G
8278	0.01116	0.01368	C
8279	0.00208	0.00216	T
8280	0.01811	0.01877	C
8281	0.00509	0.00548	T
8282	0.0673	0.07341	A
8283	0.01553	0.01689	G
8284	0.0774	0.08376	A
8285	0.01574	0.01595	G
8286	0.0082	0.0083	G
8287	0.00713	0.00713	G
8288	0.01003	0.01003	G
8289	0.00882	0.00911	G
8290	0.01158	0.01548	T
8291	0.06519	0.06904	A
8292	0.01532	0.01643	G
8293	0.07612	0.08455	A
8294	0.01644	0.01644	G
8295	0.01157	0.01164	G
8296	0.00965	0.00975	G
8297	0.01405	0.01405	G
8298	0.01047	0.01049	G
8299	0.01077	0.01317	T
8300	0.01118	0.01158	G
8301	0.06589	0.06693	C
8302	0.01169	0.01243	T
8303	0.03995	0.04151	A
8304	0.00751	0.00806	T
8305	0.0327	0.03423	A
8306	0.00683	0.00699	G
8307	0.00664	0.00664	G
8308	0.00861	0.00865	G
8309	0.01229	0.01377	T
8310	0.03229	0.03253	A
8311	0.05843	0.05882	A
8312	0.05459	0.05684	A
8313	0.00946	0.01078	T
8314	0.06175	0.06352	A
8315	0.09461	0.1002	C
8316	0.01789	0.0182	G
8317	0.01493	0.01505	G
8318	0.01295	0.01305	G
8319	0.00399	0.00403	C
8320	0.00334	0.00336	C
8321	0.00392	0.00396	C
8322	0.0075	0.00797	T
8323	0.02858	0.03006	A
8324	0.00527	0.00531	T
8325	0.01084	0.01086	T
8326	0.00834	0.00834	T
8327	0.09367	0.09811	C
8328	0.07544	0.07686	A
8329	0.06208	0.06283	A
8330	0.06774	0.06905	A
8331	0.02176	0.02465	G
8332	0.03516	0.03587	A
8333	0.00529	0.00545	T
8334	0.00535	0.00539	T
8335	0.00706	0.00706	T
8336	0.00845	0.0085	T
8337	0.01497	0.01503	T
8338	0.11247	0.12569	A
8339	0.02394	0.02407	G
8340	0.00874	0.00881	G
8341	0.00876	0.00886	G
8342	0.00954	0.00965	G
8343	0.04574	0.04699	A
8344	0.06362	0.06394	A
8345	0.01577	0.01669	T
8346	0.01457	0.01532	T
8347	0.04558	0.04631	A
8348	0.07344	0.07525	A
8349	0.01132	0.01139	T
8350	0.01081	0.01131	T
8351	0.05605	0.06874	C
8352	0.0131	0.0135	T
8353	0.07177	0.07742	A
8354	0.00989	0.01015	G
8355	0.01016	0.01021	G
8356	0.05272	0.06753	A
8357	0.04798	0.04964	C
8358	0.02148	0.02233	G
8359	0.05075	0.0561	A
8360	0.01312	0.01497	T
8361	0.01374	0.01415	G
8362	0.01656	0.01674	G
8363	0.01253	0.01265	G
8364	0.02379	0.02743	C
8365	0.11268	0.11315	A
8366	0.00683	0.00773	T
8367	0.00492	0.00524	G
8368	0.00816	0.00829	A
8369	0.00963	0.00973	A
8370	0.01692	0.01696	A
8371	0.00356	0.00379	C
8372	0.002	0.00205	T
8373	0.00755	0.0077	G
8374	0.00162	0.00204	T
8375	0.004	0.004	G
8376	0.00534	0.00547	G
8377	0.01521	0.01521	T
8378	0.01687	0.01702	T
8379	0.02298	0.02312	T
8380	0.02317	0.02753	G
8381	0.12576	0.12657	C
8382	0.02045	0.02408	T
8383	0.00304	0.00308	C
8384	0.00165	0.0017	C
8385	0.0061	0.00902	A
8386	0.00341	0.00361	C
8387	0.00989	0.01241	A
8388	0.00393	0.00402	G
8389	0.08574	0.08699	A
8390	0.00209	0.00209	T
8391	0.00305	0.00305	T
8392	0.00205	0.00206	T
8393	0.00909	0.00968	C
8394	0.03894	0.04458	A
8395	0.01419	0.01517	G
8396	0.12523	0.12595	A
8397	0.01411	0.01483	G
8398	0.02869	0.02928	C
8399	0.05211	0.05257	A
8400	0.00877	0.00883	T
8401	0.0105	0.01055	T
8402	0.00897	0.0109	G
8403	0.06227	0.06268	A
8404	0.0134	0.0135	C
8405	0.01306	0.01308	C
8406	0.01394	0.01982	G
8407	0.0089	0.00957	T
8408	0.06952	0.07096	A
8409	0.0106	0.01607	G
8410	0.0119	0.01295	T
8411	0.0956	0.1093	A
8412	0.01273	0.01546	T
8413	0.09119	0.09325	A
8414	0.02925	0.03113	C
8415	0.01537	0.01571	C
8416	0.00952	0.00952	C
8417	0.0124	0.0124	C
8418	0.01671	0.01675	C
8419	0.00851	0.00879	G
8420	0.01038	0.01054	G
8421	0.00586	0.00663	T
8422	0.04308	0.04346	C
8423	0.01445	0.01518	G
8424	0.01008	0.01085	T
8425	0.01279	0.01493	G
8426	0.01335	0.01545	T
8427	0.07151	0.07552	A
8428	0.01372	0.01467	G
8429	0.06635	0.06871	C
8430	0.01637	0.01638	G
8431	0.01132	0.0123	G
8432	0.01026	0.01104	T
8433	0.01371	0.01553	G
8434	0.05443	0.05653	A
8435	0.06456	0.06546	A
8436	0.08604	0.0867	A
8437	0.01847	0.02026	G
8438	0.01474	0.01695	T
8439	0.01879	0.01879	G
8440	0.01551	0.0178	G
8441	0.00984	0.01014	T
8442	0.01383	0.01427	T
8443	0.01308	0.01319	T
8444	0.01827	0.01843	G
8445	0.01709	0.01789	G
8446	0.01086	0.01095	T
8447	0.01124	0.01132	T
8448	0.01119	0.01126	T
8449	0.06112	0.0698	A
8450	0.00676	0.00688	G
8451	0.02716	0.02767	A
8452	0.02285	0.02337	C
8453	0.00795	0.00833	G
8454	0.00475	0.00536	T
8455	0.00958	0.00962	C
8456	0.05847	0.05868	C
8457	0.00916	0.00926	G
8458	0.00795	0.00804	G
8459	0.01078	0.01083	G
8460	0.04319	0.04377	A
8461	0.07357	0.07397	A
8462	0.00864	0.00894	T
8463	0.00683	0.00687	T
8464	0.00554	0.00698	G
8465	0.03477	0.03643	C
8466	0.03651	0.03746	A
8467	0.00788	0.0083	T
8468	0.05853	0.06026	C
8469	0.00732	0.00747	T
8470	0.01059	0.0117	G
8471	0.00232	0.00232	T
8472	0.00315	0.00316	T
8473	0.00408	0.00408	T
8474	0.00508	0.00512	T
8475	0.00656	0.00656	T
8476	0.09167	0.09349	A
8477	0.07617	0.07672	A
8478	0.00601	0.00715	G
8479	0.02937	0.02952	C
8480	0.0275	0.02805	C
8481	0.0073	0.00847	T
8482	0.05847	0.05947	A
8483	0.05966	0.06064	A
8484	0.0179	0.01837	T
8485	0.02174	0.02333	G
8486	0.03444	0.03634	T
8487	0.0197	0.01974	G
8488	0.0062	0.00624	G
8489	0.00716	0.00717	G
8490	0.00602	0.00605	G
8491	0.04192	0.05367	A
8492	0.07656	0.0785	C
8493	0.0602	0.06183	A
8494	0.00818	0.00864	G
8495	0.05113	0.05218	C
8496	0.00578	0.00802	T
8497	0.04755	0.04857	C
8498	0.04417	0.04829	A
8499	0.01094	0.01186	T
8500	0.00769	0.00876	G
8501	0.05215	0.05585	A
8502	0.01157	0.01233	G
8503	0.0058	0.00611	T
8504	0.00599	0.00634	G
8505	0.01998	0.02171	C
8506	0.03677	0.03694	A
8507	0.04993	0.05073	A
8508	0.00479	0.00565	G
8509	0.02419	0.02496	A
8510	0.01931	0.0196	C
8511	0.00885	0.0091	G
8512	0.0029	0.00316	T
8513	0.01783	0.01843	C
8514	0.00659	0.00663	T
8515	0.01102	0.01124	T
8516	0.01266	0.01562	G
8517	0.01091	0.012	T
8518	0.01101	0.01507	G
8519	0.03409	0.03734	A
8520	0.01155	0.01192	T
8521	0.01065	0.01351	G
8522	0.00762	0.00895	T
8523	0.03395	0.03487	A
8524	0.04562	0.04781	A
8525	0.00832	0.0084	T
8526	0.00764	0.008	T
8527	0.0404	0.0855	A
8528	0.00803	0.00803	T
8529	0.00749	0.00801	T
8530	0.03755	0.07327	A
8531	0.00717	0.00839	T
8532	0.04945	0.05271	A
8533	0.06846	0.07251	C
8534	0.01247	0.01277	G
8535	0.03963	0.03989	A
8536	0.06715	0.06867	A
8537	0.02994	0.03123	T
8538	0.01678	0.01692	G
8539	0.00835	0.0084	G
8540	0.00809	0.00811	G
8541	0.00536	0.00536	G
8542	0.00718	0.00718	G
8543	0.05654	0.06934	C
8544	0.01026	0.01033	T
8545	0.0094	0.00959	T
8546	0.01933	0.01994	C
8547	0.01327	0.01356	A
8548	0.01376	0.0138	A
8549	0.00541	0.00585	T
8550	0.01127	0.01216	C
8551	0.00638	0.00638	G
8552	0.00663	0.00663	G
8553	0.00641	0.00646	G
8554	0.05999	0.08178	A
8555	0.0135	0.0139	G
8556	0.01507	0.0167	T
8557	0.07063	0.07166	A
8558	0.09449	0.09743	C
8559	0.0139	0.01439	T
8560	0.06672	0.071	A
8561	0.00713	0.00751	C
8562	0.00376	0.00404	T
8563	0.00495	0.00513	C
8564	0.00756	0.00808	G
8565	0.01445	0.01495	A
8566	0.00393	0.00398	T
8567	0.00423	0.00428	T
8568	0.00994	0.01104	G
8569	0.01358	0.01595	T
8570	0.08692	0.08937	C
8571	0.04682	0.04754	A
8572	0.05066	0.05113	A
8573	0.07759	0.08038	C
8574	0.01331	0.01428	G
8575	0.00933	0.01027	T
8576	0.05847	0.06009	C
8577	0.06047	0.06084	A
8578	0.07878	0.07998	A
8579	0.01224	0.01243	G
8580	0.01225	0.01251	G
8581	0.05532	0.07115	A
8582	0.01371	0.01426	G
8583	0.0119	0.01441	T
8584	0.05874	0.05981	C
8585	0.01907	0.02117	G
8586	0.07424	0.07764	C
8587	0.0725	0.0738	A
8588	0.01136	0.01139	G
8589	0.01339	0.01393	G
8590	0.01419	0.01492	T
8591	0.03169	0.03207	C
8592	0.01142	0.01164	G
8593	0.01982	0.01982	C
8594	0.01702	0.01725	C
8595	0.00689	0.00983	T
8596	0.00983	0.00989	G
8597	0.01106	0.01108	G
8598	0.00783	0.00794	T
8599	0.00789	0.00844	T
8600	0.06206	0.06701	C
8601	0.01196	0.01271	T
8602	0.06237	0.06658	A
8603	0.01125	0.01128	G
8604	0.01074	0.011	G
8605	0.02662	0.02674	A
8606	0.04465	0.04497	A
8607	0.00858	0.01098	T
8608	0.05844	0.05858	A
8609	0.05942	0.06826	A
8610	0.03011	0.03146	T
8611	0.01497	0.01545	G
8612	0.00947	0.01003	G
8613	0.00873	0.00875	G
8614	0.01018	0.01021	G
8615	0.01021	0.01023	G
8616	0.04403	0.04461	A
8617	0.0757	0.0759	A
8618	0.01354	0.01643	G
8619	0.0128	0.01563	T
8620	0.04713	0.04797	A
8621	0.01468	0.01501	T
8622	0.0153	0.01736	G
8623	0.01377	0.01544	T
8624	0.08287	0.08487	A
8625	0.01491	0.01507	G
8626	0.01116	0.01143	G
8627	0.05379	0.06618	A
8628	0.01852	0.02027	G
8629	0.01266	0.01322	T
8630	0.0125	0.01255	T
8631	0.01757	0.01882	G
8632	0.0774	0.07782	A
8633	0.07744	0.07791	A
8634	0.01151	0.01302	G
8635	0.06811	0.07082	A
8636	0.01015	0.0106	T
8637	0.00905	0.00915	T
8638	0.06535	0.08081	A
8639	0.0113	0.01176	G
8640	0.00775	0.00887	T
8641	0.01965	0.02004	C
8642	0.00866	0.00877	C
8643	0.00911	0.01102	G
8644	0.01013	0.01013	C
8645	0.01504	0.01512	C
8646	0.01317	0.01753	G
8647	0.01454	0.01663	T
8648	0.09477	0.09766	A
8649	0.01195	0.01324	G
8650	0.01426	0.01565	T
8651	0.03656	0.03877	C
8652	0.01191	0.01191	G
8653	0.01047	0.01071	G
8654	0.01072	0.0108	T
8655	0.00918	0.00931	G
8656	0.00655	0.00702	T
8657	0.02655	0.02747	A
8658	0.02188	0.02237	C
8659	0.00549	0.00759	T
8660	0.07206	0.07287	C
8661	0.01627	0.0176	G
8662	0.0126	0.0142	T
8663	0.07409	0.07493	A
8664	0.01238	0.01254	G
8665	0.01166	0.01259	G
8666	0.00881	0.00894	T
8667	0.01177	0.01189	T
8668	0.06899	0.07148	C
8669	0.06118	0.06254	A
8670	0.01166	0.01226	G
8671	0.00724	0.00797	T
8672	0.02777	0.0284	A
8673	0.01227	0.01237	C
8674	0.01433	0.01443	C
8675	0.07236	0.07833	A
8676	0.01121	0.01126	T
8677	0.01324	0.01327	T
8678	0.01113	0.01136	G
8679	0.01136	0.01168	G
8680	0.0112	0.01191	T
8681	0.01287	0.01294	G
8682	0.00609	0.00632	G
8683	0.02931	0.02946	C
8684	0.04904	0.0496	C
8685	0.04654	0.04723	A
8686	0.07629	0.07646	A
8687	0.01207	0.01268	T
8688	0.0105	0.01057	T
8689	0.01093	0.01272	G
8690	0.08324	0.08474	A
8691	0.00825	0.00827	T
8692	0.01239	0.01296	T
8693	0.01136	0.01166	T
8694	0.01347	0.02311	G
8695	0.07777	0.07865	A
8696	0.01059	0.01088	T
8697	0.0138	0.01393	G
8698	0.0121	0.01225	G
8699	0.00976	0.01143	T
8700	0.08308	0.08348	A
8701	0.07954	0.08069	A
8702	0.01098	0.01116	G
8703	0.01044	0.0107	G
8704	0.00741	0.00754	G
8705	0.04856	0.05988	A
8706	0.01091	0.01091	G
8707	0.00923	0.00923	G
8708	0.01078	0.01081	G
8709	0.0601	0.07028	A
8710	0.01152	0.01244	T
8711	0.08831	0.08868	C
8712	0.01976	0.0204	G
8713	0.00845	0.00861	T
8714	0.01003	0.01008	T
8715	0.00913	0.01106	G
8716	0.08041	0.08168	A
8717	0.01205	0.01215	C
8718	0.01066	0.01086	C
8719	0.00217	0.00243	T
8720	0.01898	0.01938	C
8721	0.01029	0.01119	G
8722	0.00753	0.00803	T
8723	0.04407	0.04451	C
8724	0.00998	0.01011	T
8725	0.01279	0.01478	G
8726	0.01373	0.01373	T
8727	0.01178	0.01208	T
8728	0.04814	0.07628	A
8729	0.0126	0.01297	T
8730	0.01026	0.0112	G
8731	0.00976	0.01153	T
8732	0.06514	0.06554	A
8733	0.06876	0.06982	A
8734	0.08927	0.09013	A
8735	0.00994	0.01034	G
8736	0.00989	0.00989	G
8737	0.04635	0.07209	A
8738	0.01198	0.0122	T
8739	0.008	0.00894	G
8740	0.07563	0.0769	C
8741	0.0168	0.01737	G
8742	0.00989	0.01217	T
8743	0.07856	0.08314	A
8744	0.01112	0.01124	G
8745	0.00991	0.00999	G
8746	0.00738	0.0074	G
8747	0.06865	0.09784	A
8748	0.01286	0.01396	T
8749	0.01427	0.01444	G
8750	0.01104	0.01134	G
8751	0.01026	0.01116	G
8752	0.07129	0.08456	A
8753	0.01366	0.01366	G
8754	0.00755	0.00757	G
8755	0.00905	0.00915	G
8756	0.04128	0.04971	C
8757	0.01521	0.0158	G
8758	0.05238	0.05922	A
8759	0.00951	0.00993	T
8760	0.01062	0.01151	G
8761	0.06325	0.06565	A
8762	0.01161	0.01161	G
8763	0.00814	0.00837	G
8764	0.04864	0.06654	A
8765	0.07488	0.07753	C
8766	0.01057	0.01188	T
8767	0.09288	0.09586	A
8768	0.01235	0.01321	G
8769	0.01059	0.01077	G
8770	0.05438	0.0817	A
8771	0.01257	0.01359	T
8772	0.01149	0.018	G
8773	0.07838	0.08321	A
8774	0.01571	0.01695	T
8775	0.01121	0.01147	G
8776	0.00872	0.00914	G
8777	0.05305	0.05535	C
8778	0.01445	0.01448	G
8779	0.00857	0.00857	G
8780	0.01059	0.01117	G
8781	0.04296	0.05063	C
8782	0.06787	0.07242	A
8783	0.01009	0.01019	G
8784	0.01095	0.01108	G
8785	0.04563	0.07258	A
8786	0.01253	0.01325	T
8787	0.09208	0.09356	A
8788	0.01783	0.01967	G
8789	0.01176	0.01196	T
8790	0.00495	0.00499	T
8791	0.02062	0.02147	C
8792	0.03303	0.03479	A
8793	0.00562	0.006	G
8794	0.02983	0.03061	A
8795	0.03253	0.03291	C
8796	0.00808	0.00817	G
8797	0.01539	0.01563	G
8798	0.00762	0.00779	T
8799	0.01035	0.01039	T
8800	0.0081	0.00823	T
8801	0.05279	0.0599	C
8802	0.00988	0.01027	T
8803	0.10992	0.11973	A
8804	0.00506	0.00506	T
8805	0.01097	0.01097	T
8806	0.00946	0.00955	T
8807	0.08667	0.08745	C
8808	0.0573	0.05838	C
8809	0.00825	0.00978	T
8810	0.00682	0.0097	G
8811	0.04909	0.04979	A
8812	0.00973	0.00993	G
8813	0.01041	0.01074	C
8814	0.0077	0.00781	G
8815	0.00152	0.00173	T
8816	0.00567	0.00594	C
8817	0.00357	0.00392	T
8818	0.00604	0.00711	G
8819	0.04782	0.04963	A
8820	0.0144	0.01488	G
8821	0.06253	0.06468	A
8822	0.01345	0.01398	T
8823	0.01199	0.01336	G
8824	0.00963	0.00973	T
8825	0.01161	0.01209	T
8826	0.06931	0.08517	A
8827	0.01359	0.0145	G
8828	0.01013	0.01091	T
8829	0.08099	0.08843	A
8830	0.01067	0.01097	T
8831	0.0113	0.01173	T
8832	0.07306	0.09285	A
8833	0.016	0.01945	G
8834	0.00867	0.00893	T
8835	0.01013	0.01111	T
8836	0.07774	0.09509	A
8837	0.01652	0.01925	G
8838	0.00374	0.00382	T
8839	0.00462	0.00475	T
8840	0.00667	0.00678	T
8841	0.00834	0.00834	T
8842	0.01137	0.01863	G
8843	0.01023	0.01023	T
8844	0.01158	0.01175	T
8845	0.01692	0.02047	G
8846	0.01277	0.01386	T
8847	0.01121	0.01237	G
8848	0.06107	0.06313	A
8849	0.01085	0.01145	G
8850	0.00794	0.00838	T
8851	0.01187	0.01342	G
8852	0.00936	0.00946	T
8853	0.012	0.01223	T
8854	0.0616	0.06899	A
8855	0.0065	0.00664	G
8856	0.00591	0.00607	G
8857	0.01323	0.01361	A
8858	0.03557	0.03589	A
8859	0.05672	0.05685	A
8860	0.06326	0.06348	A
8861	0.01296	0.0133	G
8862	0.0045	0.00452	G
8863	0.00486	0.00489	G
8864	0.02602	0.03278	C
8865	0.03462	0.03608	A
8866	0.0069	0.00746	T
8867	0.04461	0.04542	A
8868	0.06597	0.06685	C
8869	0.04572	0.04851	A
8870	0.00729	0.00775	G
8871	0.00594	0.00611	G
8872	0.03408	0.04462	A
8873	0.05554	0.05755	C
8874	0.00825	0.00922	T
8875	0.04993	0.0513	A
8876	0.00916	0.00962	G
8877	0.00943	0.00979	G
8878	0.02994	0.03024	A
8879	0.0491	0.04976	A
8880	0.00813	0.01119	G
8881	0.04014	0.04176	C
8882	0.0306	0.03283	A
8883	0.00925	0.00992	G
8884	0.04628	0.04959	A
8885	0.00968	0.01173	T
8886	0.0477	0.04775	A
8887	0.05083	0.05324	A
8888	0.00787	0.00806	G
8889	0.00554	0.00642	G
8890	0.02554	0.02589	A
8891	0.02403	0.02416	A
8892	0.04599	0.04619	A
8893	0.05212	0.05251	A
8894	0.00931	0.01019	T
8895	0.0074	0.00848	G
8896	0.05186	0.05345	A
8897	0.00785	0.00792	T
8898	0.00928	0.0095	T
8899	0.04528	0.07129	A
8900	0.01532	0.01594	T
8901	0.0105	0.01245	G
8902	0.03932	0.041	A
8903	0.00957	0.00959	G
8904	0.00433	0.00433	G
8905	0.0063	0.00638	G
8906	0.01059	0.01261	C
8907	0.01611	0.01646	G
8908	0.0113	0.01441	T
8909	0.00987	0.01262	G
8910	0.02817	0.03027	A
8911	0.00338	0.0045	T
8912	0.02041	0.02088	C
8913	0.02402	0.02457	A
8914	0.00629	0.00734	T
8915	0.01128	0.01319	G
8916	0.04901	0.04942	A
8917	0.06767	0.06878	A
8918	0.06272	0.06335	A
8919	0.01391	0.01443	G
8920	0.01064	0.01081	G
8921	0.00635	0.0067	T
8922	0.00852	0.00903	G
8923	0.03418	0.0366	A
8924	0.00507	0.00604	T
8925	0.0863	0.08648	A
8926	0.09122	0.09596	A
8927	0.00742	0.00777	G
8928	0.01111	0.01134	C
8929	0.00469	0.00484	T
8930	0.01568	0.01608	C
8931	0.00654	0.00656	T
8932	0.00838	0.00846	T
8933	0.06564	0.0811	C
8934	0.01181	0.01198	T
8935	0.0563	0.06095	A
8936	0.00818	0.00863	T
8937	0.00927	0.01099	G
8938	0.07719	0.08	A
8939	0.01338	0.01441	T
8940	0.07755	0.08198	A
8941	0.01227	0.01284	G
8942	0.00964	0.00973	G
8943	0.00842	0.00843	G
8944	0.00653	0.00654	G
8945	0.02084	0.02099	A
8946	0.02173	0.02181	A
8947	0.00562	0.00592	G
8948	0.00204	0.00252	T
8949	0.0102	0.0105	A
8950	0.00572	0.006	G
8951	0.10291	0.10511	C
8952	0.00674	0.00685	G
8953	0.00227	0.00247	T
8954	0.00785	0.00797	C
8955	0.00638	0.00642	T
8956	0.02154	0.02166	T
8957	0.01297	0.01766	G
8958	0.0183	0.01995	T
8959	0.0755	0.08047	A
8960	0.00698	0.0073	G
8961	0.01839	0.01951	A
8962	0.01366	0.01384	C
8963	0.00635	0.00656	C
8964	0.0008	0.00102	T
8965	0.00934	0.00957	A
8966	0.0072	0.00747	C
8967	0.00297	0.00297	T
8968	0.00345	0.00349	T
8969	0.00758	0.00948	G
8970	0.05358	0.05485	C
8971	0.01233	0.01292	G
8972	0.03729	0.03868	C
8973	0.00629	0.00661	T
8974	0.00859	0.01021	G
8975	0.06524	0.06668	C
8976	0.07331	0.07545	A
8977	0.01226	0.01281	T
8978	0.00973	0.01352	G
8979	0.0151	0.01649	T
8980	0.00886	0.00911	G
8981	0.04348	0.04402	C
8982	0.06865	0.0693	C
8983	0.07082	0.07929	A
8984	0.0074	0.00756	T
8985	0.0069	0.00706	T
8986	0.03797	0.03805	A
8987	0.04272	0.04348	A
8988	0.00849	0.00942	G
8989	0.0277	0.02849	A
8990	0.00669	0.00678	T
8991	0.02894	0.0295	A
8992	0.00472	0.00488	T
8993	0.01475	0.01558	A
8994	0.00289	0.00301	T
8995	0.01094	0.01126	A
8996	0.00411	0.00417	G
8997	0.00497	0.00504	G
8998	0.07199	0.08207	A
8999	0.00855	0.00862	T
9000	0.01095	0.0111	T
9001	0.00959	0.00969	T
9002	0.05435	0.06414	A
9003	0.01502	0.0155	G
9004	0.00386	0.00402	C
9005	0.00264	0.0029	C
9006	0.00447	0.00494	T
9007	0.01039	0.01106	A
9008	0.00347	0.00539	T
9009	0.01441	0.01441	A
9010	0.02944	0.03357	A
9011	0.00789	0.00789	T
9012	0.00563	0.00575	T
9013	0.00312	0.00315	T
9014	0.01048	0.01061	A
9015	0.01214	0.01233	A
9016	0.01311	0.01342	C
9017	0.00373	0.00373	T
9018	0.00427	0.00429	T
9019	0.00619	0.00622	T
9020	0.01015	0.01253	G
9021	0.04254	0.04294	A
9022	0.05229	0.05357	C
9023	0.02539	0.02549	A
9024	0.01792	0.01794	A
9025	0.01396	0.01444	A
9026	0.01052	0.0107	G
9027	0.00345	0.0035	T
9028	0.00372	0.00411	T
9029	0.01704	0.0234	A
9030	0.01099	0.01136	T
9031	0.01377	0.01497	G
9032	0.0203	0.02049	A
9033	0.03064	0.03111	A
9034	0.03094	0.03152	A
9035	0.00863	0.00937	T
9036	0.00794	0.00795	G
9037	0.01163	0.01177	G
9038	0.00239	0.00243	T
9039	0.0028	0.00283	T
9040	0.00253	0.00253	T
9041	0.00262	0.00262	T
9042	0.00313	0.00313	T
9043	0.03412	0.04089	C
9044	0.02809	0.0303	T
9045	0.04035	0.04085	A
9046	0.02987	0.03087	A
9047	0.00561	0.00622	T
9048	0.01565	0.01606	A
9049	0.00568	0.00598	C
9050	0.00527	0.00542	C
9051	0.00401	0.00406	T
9052	0.00235	0.00256	T
9053	0.0041	0.00414	T
9054	0.00493	0.00494	T
9055	0.0114	0.01142	T
9056	0.00592	0.00616	G
9057	0.00289	0.003	A
9058	0.01491	0.01496	A
9059	0.04183	0.04188	A
9060	0.04325	0.04327	A
9061	0.03908	0.03908	A
9062	0.00865	0.0089	G
9063	0.0111	0.01223	T
9064	0.04578	0.04624	C
9065	0.04203	0.04245	A
9066	0.00533	0.00549	T
9067	0.00555	0.00579	G
9068	0.0061	0.00646	G
9069	0.05079	0.0647	A
9070	0.00626	0.00626	G
9071	0.00629	0.00648	G
9072	0.04238	0.04277	C
9073	0.04987	0.05001	C
9074	0.03664	0.04783	A
9075	0.00736	0.00768	T
9076	0.00581	0.00589	G
9077	0.005	0.00504	G
9078	0.0055	0.00551	G
9079	0.00886	0.00903	G
9080	0.00324	0.00357	T
9081	0.00264	0.0027	T
9082	0.00273	0.00277	G
9083	0.00246	0.00252	G
9084	0.69636	0.71468	C
9085	0.00344	0.0069	T
9086	0.00247	0.00252	T
9087	0.01436	0.01792	G
9088	0.01372	0.01619	A
9089	0.18334	0.18397	A
9090	0.10491	0.10683	A
9091	0.03988	0.04189	C
9092	0.00762	0.00824	C
9093	0.01071	0.01435	A
9094	0.00305	0.00309	G
9095	0.02174	0.02186	C
9096	0.00095	0.00097	T
9097	0.00317	0.00317	T
9098	0.00393	0.00393	T
9099	0.00278	0.00281	G
9100	0.00213	0.00214	G
9101	0.00136	0.00136	G
9102	0.0015	0.0015	G
9103	0.0023	0.0023	G
9104	0.00357	0.00357	G
9105	0.00103	0.00107	T
9106	0.00103	0.00106	T
9107	0.01656	0.01779	C
9108	0.00247	0.00285	G
9109	0.82646	0.83185	A
9110	0.00138	0.00141	T
9111	0.00091	0.00093	T
9112	0.00696	0.00697	C
9113	0.00972	0.00977	C
9114	0.00109	0.00109	T
9115	0.00226	0.00227	T
9116	0.00469	0.00471	C
9117	0.00787	0.0082	C
9118	0.00256	0.00257	T
9119	0.00078	0.00078	T
9120	0.0012	0.0012	T
9121	0.00141	0.00141	T
9122	0.00065	0.00065	T
9123	0.00063	0.00063	T
9124	0.00732	0.00789	G
9125	0.02542	0.02969	T
9126	0.0045	0.00471	C
9127	0.00608	0.00656	T
9128	0.00525	0.00573	A
9129	0.00354	0.00375	G
9130	0.0031	0.00344	A
9131	0.00193	0.00197	T
9132	0.0013	0.00131	T
9133	0.00082	0.00085	T
9134	0.00131	0.00139	T
9135	0.00242	0.00386	A
9136	0.00151	0.00155	T
9137	0.0028	0.00294	G
9138	0.00112	0.00123	T
9139	0.00411	0.00426	A
9140	0.00173	0.00188	T
9141	0.00468	0.00484	A
9142	0.00539	0.00577	C
9143	0.00156	0.00157	G
9144	0.00129	0.0013	G
9145	0.00252	0.00253	G
9146	0.00124	0.00128	T
9147	0.00112	0.00121	T
9148	0.00455	0.00553	C
9149	0.00149	0.0015	T
9150	0.00126	0.00126	T
9151	0.00402	0.00451	C
9152	0.00198	0.00211	G
9153	0.00348	0.00351	A
9154	0.00374	0.00379	A
9155	0.0016	0.00164	T
9156	0.00174	0.00184	G
9157	0.00081	0.00103	T
9158	0.00185	0.00207	G
9159	0.00073	0.00116	T
9160	0.00155	0.00155	G
9161	0.00151	0.00155	G
9162	0.00107	0.00115	T
9163	0.00367	0.00387	A
9164	0.00094	0.00095	G
9165	0.00138	0.0014	G
9166	0.00197	0.00204	G
9167	0.00129	0.00159	T
9168	0.00135	0.00135	G
9169	0.00131	0.00131	G
9170	0.00138	0.00139	G
9171	0.00121	0.00121	G
9172	0.00188	0.00188	G
9173	0.00137	0.00138	G
9174	0.00207	0.0025	C
9175	0.00335	0.00371	A
9176	0.00125	0.00254	T
9177	0.00135	0.00137	C
9178	0.00163	0.00165	C
9179	0.00335	0.00418	A
9180	0.00219	0.00228	T
9181	0.0035	0.00354	A
9182	0.00136	0.00145	T
9183	0.00389	0.004	A
9184	0.00181	0.00191	G
9185	0.00195	0.00206	T
9186	0.00396	0.00404	C
9187	0.00742	0.0076	A
9188	0.00148	0.00153	C
9189	0.00077	0.00091	T
9190	0.0011	0.00111	C
9191	0.00092	0.00097	C
9192	0.00316	0.00461	A
9193	0.00397	0.00397	G
9194	0.00576	0.00583	G
9195	0.00262	0.00276	T
9196	0.00244	0.00257	T
9197	0.003	0.00315	T
9198	0.00666	0.00733	A
9199	0.0015	0.00191	T
9200	0.00077	0.0008	G
9201	0.00073	0.00079	G
9202	0.00216	0.00266	A
9203	0.00092	0.00092	G
9204	0.00222	0.00223	G
9205	0.00617	0.00617	G
9206	0.00484	0.00501	T
9207	0.00373	0.00426	T
9208	0.01099	0.01272	C
9209	0.00494	0.00495	T
9210	0.00481	0.00506	T
9211	0.00983	0.0114	C
9212	0.00539	0.00546	T
9213	0.00899	0.00926	A
9214	0.00991	0.01096	C
9215	0.00417	0.00427	T
9216	0.0134	0.01496	A
9217	0.00426	0.00427	T
9218	0.00614	0.00619	T
9219	0.0179	0.02105	A
9220	0.00402	0.00412	G
9221	0.00528	0.00535	G
9222	0.00887	0.01126	A
9223	0.01961	0.01997	C
9224	0.0072	0.00726	T
9225	0.00486	0.00487	T
9226	0.00446	0.00448	T
9227	0.00348	0.00348	T
9228	0.00807	0.00968	C
9229	0.00711	0.00768	G
9230	0.00845	0.0088	C
9231	0.00434	0.00436	T
9232	0.00738	0.0074	T
9233	0.03025	0.0339	C
9234	0.01003	0.0117	G
9235	0.02035	0.0208	A
9236	0.0164	0.01645	A
9237	0.00424	0.00438	G
9238	0.0053	0.00553	C
9239	0.00881	0.01007	G
9240	0.01674	0.01734	A
9241	0.02353	0.02383	A
9242	0.01458	0.01468	G
9243	0.009	0.009	G
9244	0.02273	0.0238	C
9245	0.00911	0.0094	T
9246	0.00886	0.0098	T
9247	0.01761	0.01904	C
9248	0.01277	0.01322	T
9249	0.02855	0.02911	C
9250	0.01502	0.016	A
9251	0.02613	0.02681	A
9252	0.02531	0.02565	A
9253	0.0126	0.01416	T
9254	0.02889	0.02973	C
9255	0.02	0.02119	A
9256	0.01379	0.01437	T
9257	0.01507	0.01807	G
9258	0.01427	0.01505	A
9259	0.00867	0.0094	A
9260	0.01392	0.01473	A
9261	0.01967	0.02142	A
9262	0.00614	0.0066	T
9263	0.00907	0.01086	T
9264	0.01958	0.03829	A
9265	0.00787	0.00787	T
9266	0.007	0.00723	T
9267	0.0248	0.02668	A
9268	0.03228	0.03316	A
9269	0.0079	0.00869	T
9270	0.04291	0.04753	A
9271	0.0069	0.00701	T
9272	0.00672	0.00714	T
9273	0.0247	0.03952	A
9274	0.04933	0.05038	C
9275	0.01077	0.01089	T
9276	0.00979	0.01041	G
9277	0.03409	0.03437	C
9278	0.00896	0.00924	T
9279	0.01039	0.01247	G
9280	0.009	0.009	T
9281	0.01031	0.01079	T
9282	0.04006	0.04749	A
9283	0.01034	0.01093	G
9284	0.03675	0.03815	A
9285	0.01085	0.01251	G
9286	0.02251	0.02259	A
9287	0.03741	0.03741	A
9288	0.03532	0.03574	A
9289	0.00842	0.00888	T
9290	0.01028	0.01124	G
9291	0.03549	0.03592	A
9292	0.04243	0.04515	A
9293	0.01035	0.0119	T
9294	0.00728	0.01047	G
9295	0.04468	0.04652	A
9296	0.01271	0.0131	G
9297	0.00779	0.00779	C
9298	0.00421	0.00433	C
9299	0.00676	0.00708	T
9300	0.02318	0.02382	A
9301	0.0358	0.03652	C
9302	0.06499	0.06901	A
9303	0.01181	0.01244	G
9304	0.04764	0.04882	A
9305	0.01228	0.01274	T
9306	0.01043	0.01124	G
9307	0.05365	0.0547	A
9308	0.00758	0.00781	T
9309	0.03186	0.03232	A
9310	0.00734	0.0075	G
9311	0.00766	0.00793	G
9312	0.03102	0.04712	A
9313	0.01127	0.01134	T
9314	0.01914	0.02225	G
9315	0.00735	0.00735	T
9316	0.00878	0.00882	T
9317	0.00847	0.00847	T
9318	0.05774	0.06153	C
9319	0.05168	0.05302	A
9320	0.01207	0.01241	T
9321	0.0175	0.01938	G
9322	0.01218	0.01437	T
9323	0.01873	0.01892	G
9324	0.01326	0.01433	G
9325	0.01207	0.01229	T
9326	0.01465	0.01565	G
9327	0.01034	0.01231	T
9328	0.05794	0.05932	A
9329	0.0104	0.01051	T
9330	0.01399	0.0147	G
9331	0.04647	0.04938	C
9332	0.06056	0.06142	A
9333	0.00908	0.00986	T
9334	0.02657	0.02821	C
9335	0.00939	0.0095	G
9336	0.00596	0.00596	G
9337	0.00926	0.00926	G
9338	0.01686	0.01686	G
9339	0.0127	0.0146	T
9340	0.07093	0.07372	A
9341	0.01619	0.01675	G
9342	0.01139	0.01357	T
9343	0.00871	0.00928	C
9344	0.00874	0.00878	C
9345	0.00743	0.00902	G
9346	0.04075	0.04136	A
9347	0.01901	0.01947	G
9348	0.01095	0.01493	T
9349	0.05142	0.05161	A
9350	0.06221	0.06267	A
9351	0.09654	0.09959	C
9352	0.01963	0.01982	G
9353	0.01004	0.01131	T
9354	0.03875	0.04079	C
9355	0.01156	0.01164	G
9356	0.01007	0.01018	G
9357	0.00723	0.00723	G
9358	0.01243	0.01243	G
9359	0.03848	0.04713	C
9360	0.06285	0.06647	A
9361	0.0117	0.01181	T
9362	0.00974	0.00978	T
9363	0.02308	0.02323	C
9364	0.01309	0.01324	C
9365	0.00782	0.00782	G
9366	0.01151	0.01163	G
9367	0.05153	0.09053	A
9368	0.01518	0.01644	T
9369	0.06977	0.07301	A
9370	0.01481	0.01559	G
9371	0.01456	0.01468	G
9372	0.0192	0.01971	C
9373	0.01498	0.01522	C
9374	0.01142	0.01541	G
9375	0.05393	0.05671	A
9376	0.01691	0.01839	G
9377	0.03923	0.0399	A
9378	0.04081	0.04089	A
9379	0.06604	0.06728	A
9380	0.02136	0.02271	G
9381	0.01211	0.013	T
9382	0.01739	0.02105	G
9383	0.01435	0.01454	T
9384	0.01712	0.01782	T
9385	0.02516	0.02877	G
9386	0.02064	0.02425	T
9387	0.01641	0.01648	G
9388	0.01166	0.01166	G
9389	0.01337	0.01368	G
9390	0.04254	0.0435	A
9391	0.05868	0.05899	A
9392	0.01559	0.02041	G
9393	0.04094	0.04106	A
9394	0.03883	0.03898	A
9395	0.04674	0.04813	A
9396	0.02299	0.02389	G
9397	0.01857	0.01925	T
9398	0.01597	0.01649	T
9399	0.04682	0.0562	A
9400	0.0189	0.01964	G
9401	0.04517	0.04659	A
9402	0.01199	0.01218	T
9403	0.0123	0.01253	T
9404	0.00599	0.0061	T
9405	0.03302	0.03678	A
9406	0.01938	0.0197	C
9407	0.00786	0.00806	G
9408	0.00935	0.00939	C
9409	0.00533	0.00565	C
9410	0.02038	0.0238	G
9411	0.02742	0.02889	A
9412	0.0151	0.01543	T
9413	0.01671	0.01907	G
9414	0.04491	0.0458	A
9415	0.03379	0.03531	A
9416	0.01409	0.01552	T
9417	0.03606	0.03762	A
9418	0.01325	0.01411	T
9419	0.02093	0.02475	G
9420	0.04618	0.04821	A
9421	0.0152	0.01662	T
9422	0.05611	0.05809	A
9423	0.02182	0.02367	G
9424	0.01295	0.01408	T
9425	0.01815	0.01987	G
9426	0.02452	0.02525	A
9427	0.04417	0.04465	A
9428	0.04415	0.04538	A
9429	0.0161	0.01878	T
9430	0.0137	0.01382	G
9431	0.01526	0.01601	G
9432	0.07365	0.07636	A
9433	0.00986	0.01024	T
9434	0.00993	0.01004	T
9435	0.0081	0.00814	T
9436	0.01149	0.01161	T
9437	0.00928	0.00959	G
9438	0.00592	0.00592	G
9439	0.0111	0.01145	C
9440	0.01	0.01024	G
9441	0.00544	0.0067	T
9442	0.02477	0.02555	A
9443	0.01658	0.01662	G
9444	0.02842	0.02897	G
9445	0.01184	0.01223	T
9446	0.01258	0.0129	T
9447	0.01223	0.01239	T
9448	0.01615	0.01676	G
9449	0.02382	0.02423	G
9450	0.01662	0.01711	T
9451	0.04764	0.04901	C
9452	0.01518	0.01693	T
9453	0.05503	0.06138	A
9454	0.00985	0.01001	G
9455	0.01082	0.01082	G
9456	0.01283	0.01283	G
9457	0.00941	0.01111	T
9458	0.01619	0.01799	G
9459	0.01051	0.01391	T
9460	0.05809	0.06048	A
9461	0.00868	0.00881	G
9462	0.0144	0.01461	C
9463	0.01048	0.01057	C
9464	0.02724	0.03198	T
9465	0.02599	0.02827	G
9466	0.04789	0.04893	A
9467	0.03031	0.03419	G
9468	0.04099	0.04107	A
9469	0.02268	0.0233	A
9470	0.01251	0.01416	T
9471	0.02399	0.02542	A
9472	0.00922	0.00934	G
9473	0.00693	0.00693	G
9474	0.00999	0.00999	G
9475	0.00934	0.00934	G
9476	0.0184	0.01861	A
9477	0.06535	0.06535	A
9478	0.0408	0.04084	A
9479	0.01801	0.01936	T
9480	0.02054	0.02146	C
9481	0.03053	0.03108	A
9482	0.04561	0.04704	G
9483	0.02576	0.02639	T
9484	0.0455	0.04858	G
9485	0.04167	0.0437	A
9486	0.04526	0.04642	A
9487	0.01693	0.0176	T
9488	0.01441	0.01604	G
9489	0.01787	0.01811	A
9490	0.04015	0.04191	A
9491	0.05258	0.05552	G
9492	0.06956	0.07088	C
9493	0.0041	0.0045	C
9494	0.02093	0.02854	T
9495	0.00845	0.00845	C
9496	0.01153	0.01238	C
9497	0.00961	0.01095	T
9498	0.01657	0.01791	A
9499	0.014	0.01522	T
9500	0.0311	0.03355	G
9501	0.0398	0.04204	A
9502	0.02773	0.03092	T
9503	0.0071	0.0071	G
9504	0.00696	0.00696	G
9505	0.00725	0.00823	C
9506	0.02074	0.0209	A
9507	0.03839	0.0388	A
9508	0.02844	0.02893	A
9509	0.0143	0.01506	T
9510	0.03084	0.0317	A
9511	0.04013	0.04049	C
9512	0.03819	0.03932	A
9513	0.0298	0.03053	G
9514	0.03227	0.03271	C
9515	0.01454	0.01915	T
9516	0.00744	0.00744	C
9517	0.00897	0.00926	C
9518	0.00843	0.00872	T
9519	0.03194	0.03334	A
9520	0.0266	0.02664	T
9521	0.02479	0.02495	T
9522	0.03502	0.03815	G
9523	0.04292	0.04379	A
9524	0.02289	0.02367	T
9525	0.02952	0.031	A
9526	0.01645	0.01673	G
9527	0.01731	0.01735	G
9528	0.01736	0.02175	A
9529	0.03135	0.03192	C
9530	0.0342	0.03478	A
9531	0.02211	0.02355	T
9532	0.05145	0.05235	A
9533	0.02583	0.02748	G
9534	0.01747	0.02542	T
9535	0.01598	0.01606	G
9536	0.02429	0.02513	G
9537	0.04253	0.04326	A
9538	0.03626	0.03626	A
9539	0.02962	0.03086	G
9540	0.01518	0.01651	T
9541	0.02001	0.02001	G
9542	0.72679	0.72695	G
9543	0.02198	0.02222	G
9544	0.01502	0.01578	C
9545	0.0156	0.01655	T
9546	0.02436	0.02541	A
9547	0.02652	0.02753	C
9548	0.03081	0.03093	A
9549	0.03064	0.03096	A
9550	0.02505	0.02625	C
9551	0.01145	0.01233	G
9552	0.0095	0.0099	T
9553	0.0349	0.0361	A
9554	0.02809	0.02909	G
9555	0.01268	0.01308	T
9556	0.02275	0.02412	A
9557	0.02928	0.03064	C
9558	0.0287	0.0291	G
9559	0.0125	0.015	T
9560	0.0294	0.03069	G
9561	0.02418	0.02491	T
9562	0.03705	0.03778	C
9563	0.02557	0.02609	G
9564	0.01471	0.01576	T
9565	0.01006	0.01063	G
9566	0.00932	0.01037	T
9567	0.03093	0.03158	A
9568	0.01993	0.02062	G
9569	0.01253	0.01315	T
9570	0.01788	0.01833	A
9571	0.01792	0.0187	C
9572	0.01414	0.01439	G
9573	0.03224	0.0333	A
9574	0.01154	0.01174	T
9575	0.01598	0.01619	G
9576	0.01213	0.01218	T
9577	0.03763	0.03816	C
9578	0.02359	0.02504	T
9579	0.04141	0.04418	A
9580	0.03238	0.03346	G
9581	0.02107	0.02321	T
9582	0.02081	0.02319	G
9583	0.03745	0.04161	A
9584	0.01733	0.01933	T
9585	0.01619	0.01777	G
9586	0.03261	0.03347	A
9587	0.02915	0.03169	G
9588	0.01563	0.01644	T
9589	0.01869	0.01881	T
9590	0.01452	0.01452	T
9591	0.01293	0.01394	G
9592	0.02958	0.03023	C
9593	0.01471	0.01916	T
9594	0.03316	0.03405	A
9595	0.02929	0.02989	A
9596	0.01746	0.01842	T
9597	0.03022	0.03062	A
9598	0.04747	0.05006	C
9599	0.03395	0.03407	A
9600	0.04115	0.04389	A
9601	0.01324	0.01392	T
9602	0.00561	0.00583	G
9603	0.00962	0.00962	C
9604	0.01068	0.01094	C
9605	0.03115	0.04887	A
9606	0.03639	0.03711	G
9607	0.02532	0.02847	T
9608	0.02838	0.02933	C
9609	0.02717	0.03215	A
9610	0.01387	0.01399	G
9611	0.01074	0.01089	G
9612	0.0079	0.0079	C
9613	0.0158	0.01633	C
9614	0.01642	0.01942	A
9615	0.01185	0.01185	C
9616	0.00707	0.00714	C
9617	0.0233	0.02408	T
9618	0.03026	0.03158	A
9619	0.03941	0.04165	C
9620	0.01686	0.01775	G
9621	0.02104	0.02131	G
9622	0.02204	0.02262	T
9623	0.02587	0.03376	G
9624	0.03251	0.03345	A
9625	0.02622	0.02692	A
9626	0.03212	0.03237	A
9627	0.0355	0.03564	A
9628	0.05408	0.06234	G
9629	0.0306	0.0307	A
9630	0.03804	0.03804	A
9631	0.03713	0.03917	A
9632	0.03382	0.0356	G
9633	0.04059	0.0419	A
9634	0.02654	0.02801	T
9635	0.03518	0.03859	G
9636	0.03903	0.03981	A
9637	0.03933	0.04056	A
9638	0.02531	0.02972	T
9639	0.01987	0.02039	C
9640	0.01549	0.01595	C
9641	0.0233	0.0244	T
9642	0.03619	0.04121	A
9643	0.01694	0.01701	G
9644	0.01327	0.01344	G
9645	0.01127	0.01127	G
9646	0.02052	0.02473	C
9647	0.0274	0.03074	T
9648	0.03398	0.0353	C
9649	0.04888	0.05226	A
9650	0.03275	0.03351	G
9651	0.05756	0.05983	A
9652	0.0145	0.01493	G
9653	0.0214	0.02204	C
9654	0.02797	0.02982	A
9655	0.02613	0.02659	C
9656	0.01641	0.01878	T
9657	0.02079	0.0243	G
9658	0.04551	0.04723	C
9659	0.03634	0.0386	A
9660	0.01697	0.01847	G
9661	0.01973	0.02093	C
9662	0.04115	0.0435	A
9663	0.03177	0.03233	G
9664	0.02951	0.03032	A
9665	0.02324	0.02503	T
9666	0.03023	0.03251	C
9667	0.03361	0.03519	A
9668	0.01743	0.0175	T
9669	0.02178	0.02182	T
9670	0.01135	0.01193	T
9671	0.04633	0.04871	C
9672	0.04263	0.04422	A
9673	0.02012	0.02093	T
9674	0.05177	0.05492	A
9675	0.016	0.016	T
9676	0.01715	0.01731	T
9677	0.01232	0.01286	G
9678	0.02977	0.03075	C
9679	0.00942	0.00942	T
9680	0.0071	0.00717	T
9681	0.02051	0.02054	C
9682	0.01832	0.01859	C
9683	0.02462	0.03041	G
9684	0.01057	0.01323	T
9685	0.01601	0.01615	G
9686	0.01609	0.01647	G
9687	0.04598	0.05523	A
9688	0.0198	0.02096	G
9689	0.01269	0.01444	T
9690	0.0242	0.02605	G
9691	0.01311	0.02165	T
9692	0.00658	0.00658	G
9693	0.00612	0.00616	G
9694	0.02203	0.02251	C
9695	0.01639	0.01688	G
9696	0.04419	0.04678	A
9697	0.01617	0.01624	G
9698	0.01178	0.01595	T
9699	0.03101	0.03212	C
9700	0.04037	0.04138	A
9701	0.01258	0.01282	G
9702	0.04143	0.04365	C
9703	0.01526	0.01998	T
9704	0.02906	0.02965	A
9705	0.04271	0.04346	A
9706	0.04016	0.04185	A
9707	0.01072	0.01206	T
9708	0.04445	0.04556	A
9709	0.06305	0.06844	C
9710	0.00966	0.00978	T
9711	0.01002	0.01005	T
9712	0.00903	0.00903	T
9713	0.00973	0.01229	G
9714	0.047	0.0484	A
9715	0.03823	0.03947	C
9716	0.00794	0.00835	G
9717	0.02491	0.02491	C
9718	0.01187	0.0119	C
9719	0.01209	0.01216	G
9720	0.01886	0.01971	G
9721	0.01262	0.0144	T
9722	0.01542	0.01546	G
9723	0.01245	0.01245	G
9724	0.00812	0.00812	G
9725	0.00919	0.00919	G
9726	0.02491	0.03808	A
9727	0.01521	0.01703	T
9728	0.02749	0.0289	A
9729	0.01074	0.01161	G
9730	0.02258	0.02349	C
9731	0.01928	0.02001	G
9732	0.05503	0.05777	A
9733	0.01194	0.01287	T
9734	0.01198	0.0125	G
9735	0.03916	0.04028	A
9736	0.01357	0.0137	T
9737	0.01327	0.01421	T
9738	0.03202	0.05859	A
9739	0.01211	0.01413	T
9740	0.01805	0.01861	G
9741	0.01637	0.0165	G
9742	0.01498	0.01576	T
9743	0.05489	0.05649	A
9744	0.01578	0.01776	G
9745	0.03001	0.0323	C
9746	0.01772	0.01772	G
9747	0.0139	0.01462	G
9748	0.04307	0.0494	A
9749	0.01362	0.01365	G
9750	0.02339	0.02382	G
9751	0.02094	0.02305	T
9752	0.01731	0.01825	G
9753	0.03585	0.03643	A
9754	0.04921	0.0493	A
9755	0.04364	0.04434	A
9756	0.01756	0.0191	T
9757	0.06153	0.06266	A
9758	0.02101	0.02129	T
9759	0.02682	0.02736	G
9760	0.03801	0.03873	C
9761	0.00975	0.01046	T
9762	0.02103	0.02203	C
9763	0.01623	0.01717	G
9764	0.01009	0.0112	T
9765	0.01283	0.0142	G
9766	0.01025	0.01127	T
9767	0.01455	0.01506	G
9768	0.02014	0.02082	T
9769	0.02696	0.0275	C
9770	0.01711	0.01733	T
9771	0.05625	0.05971	A
9772	0.03042	0.03099	C
9773	0.02533	0.026	G
9774	0.01357	0.01413	T
9775	0.01717	0.01756	C
9776	0.01597	0.01619	T
9777	0.02974	0.04156	A
9778	0.01672	0.01672	T
9779	0.01059	0.01067	T
9780	0.01835	0.01863	C
9781	0.01347	0.01431	C
9782	0.0176	0.01833	T
9783	0.02157	0.02305	A
9784	0.03145	0.03226	C
9785	0.02152	0.02219	T
9786	0.02453	0.02607	G
9787	0.01306	0.0159	T
9788	0.02846	0.02905	A
9789	0.04592	0.04663	A
9790	0.03367	0.03457	A
9791	0.01154	0.01297	T
9792	0.04915	0.05053	A
9793	0.01332	0.01396	T
9794	0.04745	0.0493	A
9795	0.01489	0.01687	T
9796	0.02427	0.02446	G
9797	0.01697	0.01757	G
9798	0.01272	0.0131	T
9799	0.01785	0.01885	G
9800	0.01539	0.01751	T
9801	0.01666	0.0172	G
9802	0.04448	0.04545	C
9803	0.02904	0.03124	T
9804	0.01721	0.01783	C
9805	0.02588	0.02777	A
9806	0.02169	0.02253	C
9807	0.01803	0.01855	A
9808	0.02336	0.02448	C
9809	0.0233	0.02391	G
9810	0.03772	0.03911	A
9811	0.02107	0.02413	T
9812	0.04718	0.04729	A
9813	0.04362	0.04373	A
9814	0.04751	0.05031	A
9815	0.0201	0.0209	C
9816	0.01186	0.01194	C
9817	0.01259	0.01267	C
9818	0.0291	0.0306	T
9819	0.04426	0.04554	A
9820	0.01526	0.0162	G
9821	0.01355	0.01485	G
9822	0.03136	0.03142	A
9823	0.04814	0.0484	A
9824	0.03494	0.0364	G
9825	0.01435	0.01462	C
9826	0.03353	0.03372	C
9827	0.02208	0.02233	A
9828	0.04024	0.04035	A
9829	0.01421	0.01431	T
9830	0.01291	0.01294	T
9831	0.01464	0.01593	G
9832	0.03173	0.03223	A
9833	0.01195	0.01233	T
9834	0.02746	0.02808	A
9835	0.03769	0.03921	T
9836	0.02664	0.02771	C
9837	0.02916	0.03303	A
9838	0.00876	0.00929	T
9839	0.03267	0.03625	A
9840	0.01151	0.01206	G
9841	0.03638	0.0377	C
9842	0.04848	0.05042	T
9843	0.04506	0.04694	C
9844	0.06335	0.06869	A
9845	0.02275	0.02357	G
9846	0.02802	0.02893	A
9847	0.02303	0.02312	C
9848	0.01063	0.01082	C
9849	0.01732	0.03131	A
9850	0.03613	0.03702	T
9851	0.03366	0.0338	A
9852	0.04264	0.04295	C
9853	0.00756	0.00789	C
9854	0.00664	0.00715	T
9855	0.01689	0.01717	A
9856	0.00977	0.01022	T
9857	0.01516	0.01582	G
9858	0.00903	0.0101	T
9859	0.03152	0.03274	A
9860	0.0085	0.01475	T
9861	0.0253	0.02552	C
9862	0.03183	0.03209	C
9863	0.0139	0.01424	A
9864	0.03347	0.03419	A
9865	0.03988	0.0404	A
9866	0.01503	0.01584	T
9867	0.01037	0.01045	G
9868	0.01355	0.01401	G
9869	0.02545	0.02555	T
9870	0.01243	0.01253	T
9871	0.01403	0.01545	C
9872	0.01533	0.01533	T
9873	0.01096	0.01096	T
9874	0.00864	0.00864	T
9875	0.00771	0.00774	T
9876	0.00239	0.00239	T
9877	0.00256	0.00256	T
9878	0.00313	0.00315	T
9879	0.0264	0.02671	C
9880	0.012	0.01212	C
9881	0.01556	0.01556	G
9882	0.01655	0.01674	G
9883	0.02683	0.03343	A
9884	0.02522	0.0259	G
9885	0.0178	0.02002	T
9886	0.0309	0.03145	A
9887	0.02626	0.02914	G
9888	0.01305	0.01944	T
9889	0.028	0.02823	A
9890	0.03193	0.03277	A
9891	0.02839	0.0301	G
9892	0.01325	0.01362	T
9893	0.01476	0.01495	T
9894	0.01955	0.03007	A
9895	0.04138	0.04388	C
9896	0.0371	0.03725	A
9897	0.03446	0.03484	A
9898	0.01303	0.01388	T
9899	0.04205	0.04356	A
9900	0.02197	0.02433	T
9901	0.01954	0.01982	G
9902	0.01115	0.01124	G
9903	0.01382	0.01424	G
9904	0.02428	0.03018	A
9905	0.01337	0.01415	G
9906	0.0288	0.03167	A
9907	0.01067	0.01146	T
9908	0.00872	0.00956	T
9909	0.01966	0.03259	A
9910	0.01069	0.01069	T
9911	0.00719	0.00727	T
9912	0.00713	0.00723	C
9913	0.0074	0.00762	C
9914	0.01342	0.01675	G
9915	0.02699	0.02768	A
9916	0.04665	0.04709	A
9917	0.01674	0.0177	G
9918	0.01139	0.01153	C
9919	0.00754	0.00756	C
9920	0.00923	0.01219	T
9921	0.01124	0.01135	G
9922	0.0138	0.01417	G
9923	0.01072	0.01145	T
9924	0.03211	0.03288	A
9925	0.00864	0.01015	G
9926	0.01504	0.01535	G
9927	0.01267	0.02031	A
9928	0.00597	0.01179	T
9929	0.02994	0.03003	A
9930	0.0311	0.03233	A
9931	0.01423	0.01896	G
9932	0.02315	0.02324	A
9933	0.01837	0.01942	A
9934	0.01286	0.01398	T
9935	0.02558	0.0272	A
9936	0.00961	0.01179	T
9937	0.02701	0.02701	A
9938	0.02084	0.02084	A
9939	0.02269	0.02381	A
9940	0.0225	0.02388	C
9941	0.00672	0.00684	T
9942	0.00564	0.0059	T
9943	0.02116	0.02279	C
9944	0.03696	0.03874	A
9945	0.00969	0.00972	G
9946	0.00972	0.00983	G
9947	0.0205	0.02069	G
9948	0.01549	0.01921	T
9949	0.01571	0.01688	G
9950	0.0313	0.03245	A
9951	0.01948	0.01968	C
9952	0.01369	0.01392	C
9953	0.01311	0.01509	G
9954	0.00419	0.00425	A
9955	0.01503	0.0152	A
9956	0.00983	0.00988	A
9957	0.01762	0.01774	A
9958	0.01636	0.01639	A
9959	0.01173	0.01407	T
9960	0.03381	0.03498	C
9961	0.02985	0.03027	A
9962	0.02099	0.02477	G
9963	0.03443	0.03458	A
9964	0.02683	0.02723	A
9965	0.01532	0.01613	T
9966	0.03079	0.03165	A
9967	0.00958	0.00971	G
9968	0.01646	0.01668	G
9969	0.00916	0.00922	T
9970	0.01647	0.02227	G
9971	0.01102	0.01144	T
9972	0.01097	0.01136	T
9973	0.01356	0.01386	G
9974	0.01789	0.01825	G
9975	0.01019	0.01089	T
9976	0.04338	0.04543	A
9977	0.01428	0.0169	T
9978	0.04848	0.04976	A
9979	0.01812	0.02088	G
9980	0.04703	0.04706	A
9981	0.05172	0.05335	A
9982	0.01573	0.01722	T
9983	0.01534	0.01555	G
9984	0.01102	0.01102	G
9985	0.01442	0.01455	G
9986	0.01493	0.01493	G
9987	0.00933	0.01087	T
9988	0.02575	0.02646	C
9989	0.0102	0.01375	T
9990	0.02214	0.02214	C
9991	0.00872	0.00913	C
9992	0.00457	0.00537	T
9993	0.02534	0.02534	C
9994	0.00767	0.00819	C
9995	0.00515	0.00663	T
9996	0.02112	0.02112	C
9997	0.01736	0.01766	C
9998	0.00998	0.01011	G
9999	0.01399	0.01416	G
10000	0.08241	0.08588	C
10001	0.0192	0.01929	G
10002	0.01377	0.01377	G
10003	0.01061	0.01061	G
10004	0.01433	0.01433	G
10005	0.01159	0.01301	T
10006	0.04802	0.04868	C
10007	0.01186	0.01212	G
10008	0.05253	0.05337	A
10009	0.05501	0.05553	A
10010	0.00739	0.01109	G
10011	0.05433	0.05433	A
10012	0.05287	0.0551	A
10013	0.00988	0.01004	G
10014	0.009	0.00921	G
10015	0.01231	0.01398	T
10016	0.01829	0.01829	G
10017	0.01443	0.01489	G
10018	0.01208	0.01237	T
10019	0.01632	0.01874	G
10020	0.01273	0.01278	T
10021	0.01385	0.01435	T
10022	0.01649	0.01795	G
10023	0.05964	0.06107	A
10024	0.01405	0.01405	G
10025	0.01611	0.01611	G
10026	0.01202	0.01239	T
10027	0.01272	0.01309	T
10028	0.01352	0.01635	G
10029	0.04137	0.04329	C
10030	0.01392	0.01392	G
10031	0.00833	0.0085	G
10032	0.00655	0.00659	T
10033	0.03093	0.03127	C
10034	0.01064	0.0111	T
10035	0.01056	0.01358	G
10036	0.01195	0.01195	T
10037	0.0127	0.01308	T
10038	0.05436	0.06858	A
10039	0.01581	0.01684	G
10040	0.01113	0.01264	T
10041	0.06548	0.06854	A
10042	0.01476	0.02087	G
10043	0.01258	0.01463	T
10044	0.06099	0.06746	A
10045	0.01216	0.013	T
10046	0.08104	0.08353	A
10047	0.01747	0.01896	G
10048	0.01214	0.01354	T
10049	0.01065	0.01494	G
10050	0.0582	0.06823	A
10051	0.01665	0.01722	T
10052	0.01971	0.0202	G
10053	0.02502	0.02563	C
10054	0.00972	0.0098	C
10055	0.03203	0.05531	A
10056	0.00802	0.01159	G
10057	0.01598	0.01706	C
10058	0.03657	0.03988	A
10059	0.01348	0.01368	G
10060	0.0364	0.03813	C
10061	0.01148	0.01268	T
10062	0.07066	0.0744	A
10063	0.01664	0.01703	G
10064	0.01089	0.011	G
10065	0.0504	0.06449	A
10066	0.04906	0.05082	C
10067	0.01266	0.01631	T
10068	0.01439	0.01462	G
10069	0.01057	0.01057	G
10070	0.01615	0.01661	G
10071	0.03897	0.05332	A
10072	0.01664	0.01751	G
10073	0.06954	0.07211	A
10074	0.01816	0.01915	G
10075	0.06507	0.0677	A
10076	0.0166	0.01808	T
10077	0.0647	0.06675	A
10078	0.01452	0.0149	G
10079	0.01817	0.01934	G
10080	0.03637	0.04597	A
10081	0.01632	0.01932	G
10082	0.03843	0.0385	A
10083	0.07658	0.07973	A
10084	0.02409	0.0271	G
10085	0.01446	0.01614	T
10086	0.06904	0.07157	A
10087	0.01583	0.01594	G
10088	0.01747	0.01769	G
10089	0.07834	0.09483	A
10090	0.03661	0.03728	C
10091	0.01089	0.01178	T
10092	0.00936	0.00981	G
10093	0.02308	0.02345	C
10094	0.00986	0.01079	T
10095	0.0121	0.01258	G
10096	0.01366	0.01523	T
10097	0.01324	0.01426	G
10098	0.05838	0.06489	A
10099	0.01293	0.01305	T
10100	0.01281	0.01304	T
10101	0.08106	0.09122	A
10102	0.01633	0.01671	G
10103	0.01413	0.01439	G
10104	0.05255	0.06933	A
10105	0.07356	0.07611	C
10106	0.01729	0.01741	G
10107	0.01482	0.01528	G
10108	0.03359	0.04215	A
10109	0.0118	0.01337	T
10110	0.03531	0.03662	C
10111	0.03865	0.0407	A
10112	0.01431	0.01477	G
10113	0.03002	0.03111	A
10114	0.03396	0.03587	C
10115	0.01391	0.01517	G
10116	0.07003	0.07027	A
10117	0.07748	0.08062	A
10118	0.01826	0.02165	G
10119	0.05334	0.05616	A
10120	0.01354	0.01362	G
10121	0.00983	0.00983	G
10122	0.0087	0.0087	G
10123	0.01024	0.01028	G
10124	0.02468	0.0273	C
10125	0.02017	0.02264	G
10126	0.0093	0.01016	T
10127	0.01071	0.01084	T
10128	0.00585	0.00594	T
10129	0.01319	0.01348	G
10130	0.01527	0.01535	G
10131	0.00932	0.00991	T
10132	0.09276	0.09478	A
10133	0.01581	0.01585	T
10134	0.01443	0.01468	T
10135	0.01778	0.01817	G
10136	0.01184	0.01184	G
10137	0.01389	0.01389	G
10138	0.00734	0.00743	T
10139	0.01108	0.01192	T
10140	0.05318	0.06991	A
10141	0.01649	0.019	T
10142	0.01373	0.01459	G
10143	0.00844	0.00877	G
10144	0.06216	0.0644	C
10145	0.07666	0.08113	A
10146	0.0131	0.01334	G
10147	0.00846	0.00898	G
10148	0.00921	0.00959	G
10149	0.01067	0.01067	G
10150	0.01732	0.01732	G
10151	0.01371	0.0143	T
10152	0.00753	0.00758	T
10153	0.00541	0.00551	T
10154	0.00743	0.00758	T
10155	0.04628	0.06328	A
10156	0.01205	0.01381	T
10157	0.06458	0.06891	A
10158	0.01255	0.01255	T
10159	0.01114	0.01124	T
10160	0.02014	0.02306	G
10161	0.0449	0.04647	A
10162	0.01357	0.01843	T
10163	0.04774	0.04917	A
10164	0.05893	0.06763	A
10165	0.01325	0.01345	T
10166	0.01046	0.01117	T
10167	0.03167	0.0379	G
10168	0.01608	0.01608	T
10169	0.01396	0.01478	T
10170	0.0312	0.03675	G
10171	0.01439	0.01532	T
10172	0.02699	0.03021	G
10173	0.04347	0.04868	A
10174	0.01418	0.01501	T
10175	0.01791	0.02019	G
10176	0.01345	0.01434	A
10177	0.03301	0.03489	A
10178	0.04389	0.04513	A
10179	0.01879	0.019	T
10180	0.01049	0.01065	T
10181	0.0238	0.02496	G
10182	0.03939	0.04114	A
10183	0.02372	0.02542	T
10184	0.01784	0.01812	G
10185	0.02693	0.02705	G
10186	0.00863	0.00891	C
10187	0.00624	0.00624	C
10188	0.00646	0.00646	C
10189	0.01206	0.01218	C
10190	0.01801	0.02394	T
10191	0.02996	0.03037	A
10192	0.02975	0.0305	A
10193	0.03481	0.03605	G
10194	0.0346	0.03498	A
10195	0.02284	0.02438	T
10196	0.04168	0.04256	A
10197	0.02649	0.02848	G
10198	0.03612	0.03747	A
10199	0.02033	0.02038	G
10200	0.02178	0.0228	G
10201	0.0198	0.03503	A
10202	0.03502	0.03524	G
10203	0.03376	0.03541	A
10204	0.00956	0.01022	C
10205	0.00868	0.00917	A
10206	0.00671	0.00671	C
10207	0.00463	0.0048	C
10208	0.02411	0.02596	T
10209	0.0383	0.03982	G
10210	0.06236	0.06461	C
10211	0.04044	0.04123	T
10212	0.02242	0.02417	A
10213	0.01899	0.01966	G
10214	0.01573	0.01584	G
10215	0.01104	0.01143	T
10216	0.01834	0.01928	G
10217	0.01646	0.03521	T
10218	0.04018	0.04102	A
10219	0.04019	0.04073	A
10220	0.02268	0.02306	G
10221	0.02473	0.02558	G
10222	0.02737	0.03415	A
10223	0.02315	0.02931	G
10224	0.04249	0.04259	A
10225	0.03914	0.04188	A
10226	0.0339	0.03559	G
10227	0.04718	0.04951	A
10228	0.03203	0.03679	T
10229	0.02005	0.02025	G
10230	0.02707	0.02723	G
10231	0.02305	0.02331	T
10232	0.01991	0.02057	T
10233	0.05968	0.06425	A
10234	0.0137	0.0138	G
10235	0.01745	0.01755	G
10236	0.01067	0.01107	T
10237	0.00882	0.00892	C
10238	0.01129	0.01236	T
10239	0.01551	0.01634	A
10240	0.01653	0.01766	C
10241	0.04615	0.04843	G
10242	0.03102	0.0318	G
10243	0.04353	0.05587	A
10244	0.02976	0.02976	G
10245	0.07467	0.07488	G
10246	0.0065	0.00691	C
10247	0.01147	0.01559	T
10248	0.01544	0.01544	C
10249	0.01009	0.01015	C
10250	0.0516	0.08419	A
10251	0.03722	0.03748	G
10252	0.04107	0.04118	G
10253	0.05459	0.05945	G
10254	0.02956	0.04051	T
10255	0.04949	0.04969	G
10256	0.01447	0.01447	G
10257	0.01603	0.01673	G
10258	0.01868	0.02124	A
10259	0.02477	0.02532	G
10260	0.04705	0.05185	T
10261	0.05417	0.05529	A
10262	0.05977	0.06155	G
10263	0.03881	0.03933	T
10264	0.00783	0.00804	T
10265	0.00446	0.00446	C
10266	0.00237	0.00237	C
10267	0.00306	0.00306	C
10268	0.0221	0.0244	T
10269	0.0614	0.06365	G
10270	0.06862	0.07029	C
10271	0.03842	0.0609	T
10272	0.04373	0.04415	A
10273	0.02665	0.02675	A
10274	0.02892	0.02902	G
10275	0.00867	0.00897	G
10276	0.00782	0.00816	G
10277	0.02441	0.02881	A
10278	0.0372	0.0372	G
10279	0.05962	0.05962	G
10280	0.02437	0.02476	G
10281	0.02357	0.02671	T
10282	0.01629	0.01682	A
10283	0.01862	0.01886	G
10284	0.01218	0.01312	A
10285	0.00987	0.00996	C
10286	0.05018	0.05121	T
10287	0.07877	0.08219	G
10288	0.0351	0.0351	T
10289	0.03355	0.03365	T
10290	0.05287	0.0546	C
10291	0.02944	0.03	A
10292	0.02799	0.02818	A
10293	0.0125	0.0125	C
10294	0.00715	0.00715	C
10295	0.029	0.02939	T
10296	0.07104	0.07555	G
10297	0.035	0.035	T
10298	0.01126	0.0116	T
10299	0.01514	0.01514	C
10300	0.00692	0.00716	C
10301	0.00858	0.00931	T
10302	0.07135	0.07227	G
10303	0.00471	0.00476	C
10304	0.00457	0.00571	T
10305	0.0082	0.0082	C
10306	0.01422	0.01427	C
10307	0.04512	0.04564	G
10308	0.03698	0.03715	G
10309	0.0447	0.04498	C
10310	0.00885	0.00925	C
10311	0.01347	0.01764	T
10312	0.01622	0.01622	C
10313	0.01123	0.01135	C
10314	0.02848	0.0436	A
10315	0.0333	0.03423	C
10316	0.03988	0.04168	T
10317	0.03984	0.04605	A
10318	0.0341	0.03527	T
10319	0.05069	0.05222	A
10320	0.02056	0.02149	G
10321	0.04883	0.04965	C
10322	0.04154	0.0443	A
10323	0.02741	0.0284	G
10324	0.04759	0.05226	A
10325	0.02642	0.02793	T
10326	0.01911	0.02103	G
10327	0.03907	0.04275	C
10328	0.03295	0.03563	G
10329	0.02776	0.02929	A
10330	0.02685	0.0289	G
10331	0.02047	0.02264	C
10332	0.05546	0.05693	A
10333	0.011	0.011	G
10334	0.01613	0.01619	G
10335	0.0201	0.02428	A
10336	0.03006	0.03082	G
10337	0.03565	0.0402	T
10338	0.03651	0.03782	A
10339	0.01476	0.01494	G
10340	0.02108	0.0228	G
10341	0.03076	0.04351	A
10342	0.02954	0.03084	G
10343	0.05631	0.06207	A
10344	0.03332	0.03625	G
10345	0.05424	0.05827	A
10346	0.02575	0.02575	G
10347	0.02126	0.02126	G
10348	0.02605	0.02754	G
10349	0.03133	0.03742	A
10350	0.02749	0.02749	G
10351	0.03758	0.0381	G
10352	0.01832	0.02801	T
10353	0.04535	0.04682	A
10354	0.0365	0.03744	A
10355	0.03278	0.03477	G
10356	0.04701	0.05001	A
10357	0.03148	0.03237	G
10358	0.02539	0.02795	T
10359	0.03657	0.03934	C
10360	0.04808	0.0501	A
10361	0.02696	0.03333	G
10362	0.03628	0.03758	A
10363	0.04466	0.04837	A
10364	0.0306	0.03213	G
10365	0.04248	0.04796	C
10366	0.03226	0.03238	T
10367	0.02408	0.02713	T
10368	0.04169	0.06198	A
10369	0.03131	0.03285	T
10370	0.05289	0.05908	G
10371	0.01705	0.01705	T
10372	0.0154	0.01599	T
10373	0.05621	0.06639	G
10374	0.02012	0.02012	T
10375	0.01668	0.01668	T
10376	0.02522	0.02552	T
10377	0.04736	0.05139	A
10378	0.02875	0.03044	T
10379	0.03259	0.03401	G
10380	0.03917	0.04545	C
10381	0.03057	0.03076	G
10382	0.02539	0.02564	G
10383	0.03442	0.03448	G
10384	0.03569	0.03587	G
10385	0.01844	0.01916	A
10386	0.03282	0.03288	A
10387	0.03546	0.03611	A
10388	0.0454	0.05002	C
10389	0.04166	0.04186	G
10390	0.01819	0.01819	C
10391	0.01776	0.01776	C
10392	0.01673	0.02155	A
10393	0.02065	0.02072	T
10394	0.01337	0.01435	A
10395	0.00798	0.0091	T
10396	0.01034	0.01069	C
10397	0.00737	0.00751	G
10398	0.00582	0.00582	G
10399	0.01702	0.01702	G
10400	0.0049	0.0049	G
10401	0.01405	0.01405	G
10402	0.00898	0.01071	C
10403	0.05636	0.06508	A
10404	0.03905	0.03905	C
10405	0.01588	0.01588	C
10406	0.04612	0.04826	G
10407	0.01933	0.01977	A
10408	0.03165	0.03412	T
10409	0.02924	0.03503	T
10410	0.02146	0.04077	A
10411	0.04058	0.04058	T
10412	0.03877	0.03974	T
10413	0.03537	0.04362	A
10414	0.01874	0.01882	G
10415	0.01887	0.01887	G
10416	0.01843	0.01858	G
10417	0.02166	0.02166	G
10418	0.00882	0.00897	A
10419	0.0128	0.01288	A
10420	0.01779	0.01894	C
10421	0.02755	0.02871	T
10422	0.0365	0.03712	A
10423	0.08045	0.08116	G
10424	0.04382	0.04469	T
10425	0.03099	0.03249	C
10426	0.01612	0.0166	A
10427	0.01794	0.01891	G
10428	0.01168	0.01175	T
10429	0.01659	0.01695	T
10430	0.05917	0.06002	G
10431	0.00736	0.00736	C
10432	0.00791	0.00791	C
10433	0.01687	0.01746	A
10434	0.02344	0.02373	A
10435	0.03133	0.03133	A
10436	0.01342	0.01459	G
10437	0.00372	0.00372	C
10438	0.00516	0.00538	C
10439	0.02239	0.02988	T
10440	0.00602	0.00602	C
10441	0.00463	0.0047	C
10442	0.01104	0.01157	G
10443	0.00875	0.00913	A
10444	0.02882	0.02928	T
10445	0.03215	0.036	T
10446	0.01276	0.01641	A
10447	0.0315	0.03401	T
10448	0.04375	0.04818	G
10449	0.034	0.03507	A
10450	0.02583	0.02865	T
10451	0.01883	0.01959	G
10452	0.03537	0.03628	G
10453	0.05679	0.05725	G
10454	0.03817	0.04281	T
10455	0.02428	0.02864	A
10456	0.04001	0.04001	T
10457	0.0487	0.05282	T
10458	0.0183	0.02687	A
10459	0.02869	0.03107	C
10460	0.04007	0.04137	T
10461	0.02526	0.02626	A
10462	0.04181	0.04304	T
10463	0.04457	0.04998	G
10464	0.02306	0.0239	A
10465	0.02471	0.02493	A
10466	0.02999	0.04722	G
10467	0.02157	0.02157	A
10468	0.02288	0.02441	A
10469	0.05204	0.05473	G
10470	0.02121	0.02273	A
10471	0.02983	0.03208	T
10472	0.02795	0.03322	T
10473	0.02568	0.03463	A
10474	0.02716	0.02716	T
10475	0.02716	0.02903	T
10476	0.01205	0.02106	A
10477	0.03166	0.03569	C
10478	0.01842	0.0187	A
10479	0.02404	0.02432	A
10480	0.02171	0.02221	A
10481	0.02835	0.0294	T
10482	0.01503	0.01545	G
10483	0.01536	0.01599	C
10484	0.02065	0.02206	A
10485	0.01046	0.01299	T
10486	0.01136	0.01163	G
10487	0.01232	0.01252	G
10488	0.01211	0.01211	G
10489	0.00987	0.01159	C
10490	0.0275	0.03321	T
10491	0.03349	0.0364	G
10492	0.03517	0.04351	T
10493	0.04615	0.0467	G
10494	0.01232	0.01287	A
10495	0.0148	0.01555	C
10496	0.0216	0.0218	G
10497	0.02274	0.02369	A
10498	0.01267	0.01881	T
10499	0.02396	0.02396	A
10500	0.01872	0.01913	A
10501	0.02209	0.02324	C
10502	0.02544	0.02653	G
10503	0.02745	0.02814	T
10504	0.02577	0.02673	T
10505	0.05042	0.05247	G
10506	0.03241	0.03295	T
10507	0.03469	0.03578	A
10508	0.04012	0.04066	G
10509	0.02332	0.02427	A
10510	0.01947	0.02035	T
10511	0.04669	0.04932	G
10512	0.01805	0.02384	T
10513	0.03546	0.03553	G
10514	0.03448	0.03482	G
10515	0.03344	0.03431	T
10516	0.01521	0.01567	C
10517	0.02136	0.02176	G
10518	0.01667	0.01687	T
10519	0.01446	0.01466	T
10520	0.00711	0.01039	A
10521	0.0114	0.01153	C
10522	0.01665	0.01685	C
10523	0.03046	0.03214	T
10524	0.03455	0.03542	A
10525	0.03717	0.04806	G
10526	0.03613	0.03626	A
10527	0.03563	0.03636	A
10528	0.02416	0.02443	G
10529	0.04223	0.04223	G
10530	0.02589	0.02616	T
10531	0.03829	0.03842	T
10532	0.0303	0.03083	G
10533	0.01152	0.01179	C
10534	0.01231	0.01251	C
10535	0.01956	0.03121	T
10536	0.03225	0.03225	G
10537	0.03328	0.03334	G
10538	0.02512	0.02663	C
10539	0.0295	0.04035	T
10540	0.01897	0.01904	G
10541	0.01243	0.01278	G
10542	0.03148	0.03148	C
10543	0.02212	0.02212	C
10544	0.00961	0.00969	C
10545	0.03655	0.04575	A
10546	0.01079	0.01152	G
10547	0.0096	0.01018	C
10548	0.02583	0.02642	T
10549	0.0338	0.0349	C
10550	0.02332	0.02487	G
10551	0.02021	0.02072	G
10552	0.00662	0.00699	C
10553	0.0284	0.03041	T
10554	0.02289	0.02319	C
10555	0.05305	0.05802	G
10556	0.03985	0.04081	A
10557	0.03393	0.03445	A
10558	0.01812	0.04906	T
10559	0.04217	0.04217	A
10560	0.04328	0.0441	A
10561	0.03728	0.03809	G
10562	0.02875	0.02994	G
10563	0.02323	0.0306	A
10564	0.00836	0.00836	G
10565	0.02105	0.02105	G
10566	0.01176	0.01267	C
10567	0.04136	0.04136	T
10568	0.02153	0.02176	T
10569	0.04811	0.06	A
10570	0.004	0.00423	G
10571	0.02226	0.02241	A
10572	0.00683	0.00691	G
10573	0.00507	0.00538	C
10574	0.00804	0.00938	T
10575	0.00912	0.01031	G
10576	0.03313	0.03544	T
10577	0.00992	0.0112	G
10578	0.02485	0.02485	C
10579	0.0156	0.0156	C
10580	0.03668	0.03717	T
10581	0.03423	0.03718	A
10582	0.01225	0.01274	G
10583	0.01271	0.01279	G
10584	0.04651	0.05533	A
10585	0.03691	0.03733	C
10586	0.02686	0.03553	T
10587	0.02048	0.02048	C
10588	0.00635	0.00652	C
10589	0.02219	0.03559	A
10590	0.01076	0.0112	G
10591	0.01591	0.01626	C
10592	0.01124	0.01293	T
10593	0.0175	0.01777	C
10594	0.02227	0.02509	A
10595	0.02039	0.02131	T
10596	0.02431	0.027	G
10597	0.0214	0.02168	C
10598	0.0178	0.01855	G
10599	0.03101	0.03101	C
10600	0.01722	0.0176	C
10601	0.01863	0.02194	G
10602	0.03203	0.03241	A
10603	0.02462	0.02481	A
10604	0.01127	0.02585	T
10605	0.04737	0.04737	A
10606	0.04884	0.053	A
10607	0.01876	0.01932	T
10608	0.03154	0.03343	A
10609	0.01177	0.01215	G
10610	0.02546	0.02574	G
10611	0.01675	0.01761	T
10612	0.04109	0.04243	A
10613	0.01249	0.01506	T
10614	0.06133	0.06297	A
10615	0.02088	0.02213	G
10616	0.01624	0.01691	T
10617	0.01363	0.01976	G
10618	0.01497	0.01506	T
10619	0.01212	0.01231	T
10620	0.03206	0.03225	C
10621	0.03201	0.0322	C
10622	0.02856	0.02965	A
10623	0.04222	0.04341	A
10624	0.01343	0.01382	T
10625	0.01641	0.01887	G
10626	0.00915	0.00925	T
10627	0.09391	0.0962	C
10628	0.00813	0.00813	T
10629	0.00897	0.00897	T
10630	0.0108	0.0108	T
10631	0.0178	0.02157	G
10632	0.00934	0.01004	T
10633	0.01411	0.01431	G
10634	0.01322	0.01423	G
10635	0.00721	0.00751	T
10636	0.00856	0.00917	T
10637	0.01096	0.01096	T
10638	0.01987	0.02233	G
10639	0.0109	0.01151	T
10640	0.05903	0.05945	A
10641	0.01225	0.01256	G
10642	0.05149	0.05242	A
10643	0.01434	0.01628	G
10644	0.05398	0.05439	A
10645	0.04693	0.04745	A
10646	0.01192	0.01285	T
10647	0.04967	0.05019	A
10648	0.01325	0.01387	G
10649	0.01191	0.01213	T
10650	0.04075	0.04257	C
10651	0.03631	0.03631	A
10652	0.04096	0.0415	A
10653	0.04562	0.04694	C
10654	0.0126	0.01271	G
10655	0.01908	0.01908	G
10656	0.01126	0.0146	T
10657	0.02567	0.02646	C
10658	0.01432	0.01432	G
10659	0.01402	0.01458	G
10660	0.02904	0.03061	C
10661	0.01719	0.01944	G
10662	0.04565	0.04757	A
10663	0.04148	0.04182	A
10664	0.03623	0.03725	C
10665	0.03295	0.03374	A
10666	0.01244	0.01301	T
10667	0.0283	0.02922	C
10668	0.04176	0.04269	A
10669	0.02305	0.0244	G
10670	0.02381	0.02711	T
10671	0.01667	0.01723	G
10672	0.0108	0.0108	G
10673	0.01124	0.01132	G
10674	0.02124	0.02124	G
10675	0.02573	0.02573	G
10676	0.06436	0.06982	T
10677	0.02916	0.03018	G
10678	0.10766	0.11725	A
10679	0.01223	0.01223	G
10680	0.01839	0.01872	G
10681	0.01084	0.01255	T
10682	0.01512	0.01529	A
10683	0.01184	0.01197	A
10684	0.01301	0.01301	A
10685	0.01391	0.01418	A
10686	0.01556	0.01636	T
10687	0.37596	0.37612	G
10688	0.01085	0.01088	G
10689	0.00916	0.01015	C
10690	0.01036	0.01217	T
10691	0.01206	0.01345	G
10692	0.05637	0.05759	A
10693	0.02315	0.02337	G
10694	0.02081	0.02354	T
10695	0.01989	0.02338	G
10696	0.04745	0.04882	A
10697	0.03115	0.03148	A
10698	0.01441	0.01508	G
10699	0.01403	0.01478	C
10700	0.08175	0.08222	A
10701	0.01404	0.0141	T
10702	0.00989	0.00992	T
10703	0.01249	0.01257	G
10704	0.01051	0.01078	G
10705	0.02467	0.03079	A
10706	0.04082	0.04199	C
10707	0.01397	0.01562	T
10708	0.0209	0.02223	G
10709	0.0141	0.01743	T
10710	0.02219	0.02513	A
10711	0.05324	0.05935	A
10712	0.07688	0.11063	A
10713	0.0117	0.01263	T
10714	0.03639	0.03833	C
10715	0.01058	0.01191	T
10716	0.0248	0.02501	A
10717	0.03001	0.03018	A
10718	0.03326	0.03393	A
10719	0.01036	0.01114	G
10720	0.03892	0.03964	A
10721	0.06521	0.06605	C
10722	0.03862	0.04029	A
10723	0.00725	0.00731	G
10724	0.00954	0.00958	G
10725	0.01296	0.01296	G
10726	0.01934	0.01936	G
10727	0.01171	0.01186	T
10728	0.0158	0.01644	T
10729	0.04414	0.05102	A
10730	0.01112	0.01122	G
10731	0.01086	0.01092	G
10732	0.01497	0.01516	C
10733	0.01248	0.01264	C
10734	0.01132	0.01284	T
10735	0.01443	0.01476	C
10736	0.0098	0.00982	T
10737	0.0077	0.00774	T
10738	0.00419	0.00427	T
10739	0.00624	0.00628	T
10740	0.00508	0.00508	T
10741	0.04834	0.0499	A
10742	0.01389	0.0141	C
10743	0.01083	0.01101	C
10744	0.00883	0.01435	A
10745	0.01646	0.01774	G
10746	0.00402	0.0045	C
10747	0.01031	0.01255	T
10748	0.00585	0.00591	C
10749	0.00496	0.00505	C
10750	0.01472	0.01926	G
10751	0.00883	0.0124	A
10752	0.24503	0.24514	G
10753	0.01142	0.01181	G
10754	0.00801	0.00892	T
10755	0.00883	0.00937	G
10756	0.0485	0.05106	A
10757	0.0092	0.0093	T
10758	0.00589	0.00597	T
10759	0.00682	0.00685	T
10760	0.00993	0.00994	T
10761	0.06444	0.07321	C
10762	0.05936	0.06278	A
10763	0.01073	0.01107	T
10764	0.08203	0.08349	A
10765	0.00716	0.00719	T
10766	0.0057	0.00581	T
10767	0.00751	0.00829	G
10768	0.01167	0.01198	A
10769	0.01774	0.01802	A
10770	0.00613	0.00628	T
10771	0.00884	0.00897	T
10772	0.01012	0.01184	G
10773	0.123	0.13373	C
10774	0.00672	0.007	A
10775	0.00687	0.00713	A
10776	0.04957	0.04978	A
10777	0.00348	0.00353	T
10778	0.00399	0.004	T
10779	0.01659	0.01852	C
10780	0.01066	0.01167	G
10781	0.02597	0.02613	A
10782	0.04005	0.04034	A
10783	0.00807	0.01059	G
10784	0.04574	0.04574	A
10785	0.06121	0.06297	A
10786	0.01007	0.01187	G
10787	0.01895	0.02001	C
10788	0.01889	0.01943	A
10789	0.01234	0.01275	G
10790	0.05279	0.05502	C
10791	0.00551	0.00564	T
10792	0.00727	0.00735	T
10793	0.10214	0.11478	C
10794	0.02442	0.02691	A
10795	0.06013	0.06065	A
10796	0.05146	0.05155	A
10797	0.12975	0.1322	C
10798	0.01337	0.01385	C
10799	0.01331	0.01437	T
10800	0.00973	0.0101	G
10801	0.01223	0.01228	C
10802	0.0157	0.01575	C
10803	0.0147	0.01481	G
10804	0.01418	0.01424	G
10805	0.01448	0.01449	G
10806	0.01954	0.01954	G
10807	0.00553	0.00593	C
10808	0.00461	0.00466	T
10809	0.00431	0.0044	T
10810	0.00272	0.00531	C
10811	0.03609	0.04209	T
10812	0.00525	0.00525	C
10813	0.01237	0.01237	C
10814	0.00269	0.00269	C
10815	0.00643	0.00698	G
10816	0.00153	0.00153	C
10817	0.00233	0.00233	C
10818	0.00635	0.00636	T
10819	0.0048	0.00481	T
10820	0.0045	0.00451	T
10821	0.00216	0.00221	T
10822	0.00189	0.00191	T
10823	0.00188	0.0019	T
10824	0.0235	0.02383	C
10825	0.01426	0.0143	C
10826	0.01067	0.01073	C
10827	0.0041	0.00419	G
10828	0.0059	0.0063	G
10829	0.02157	0.02265	C
10830	0.00204	0.00205	G
10831	0.00226	0.00454	G
10832	0.00232	0.0028	C
10833	0.00202	0.00202	G
10834	0.00134	0.00134	G
10835	0.00138	0.00142	G
10836	0.00521	0.00572	A
10837	0.00361	0.00405	G
10838	0.00523	0.00538	A
10839	0.01513	0.01532	A
10840	0.06556	0.07476	G
10841	0.01054	0.01154	T
10842	0.00608	0.00644	A
10843	0.00443	0.00457	G
10844	0.04956	0.0497	A
10845	0.00845	0.00848	T
10846	0.0113	0.01137	T
10847	0.00576	0.01492	G
10848	0.00654	0.00667	A
10849	0.53018	0.53059	A
10850	0.00617	0.00728	G
10851	0.02165	0.02262	C
10852	0.02395	0.02401	C
10853	0.03428	0.03823	A
10854	0.00914	0.00933	G
10855	0.00847	0.00855	T
10856	0.00595	0.006	T
10857	0.00483	0.00507	G
10858	0.03098	0.03146	A
10859	0.00235	0.00237	T
10860	0.00911	0.00915	T
10861	0.05461	0.06866	A
10862	0.00667	0.00674	G
10863	0.01029	0.01031	G
10864	0.00907	0.0091	G
10865	0.00372	0.00441	T
10866	0.07136	0.07283	G
10867	0.0214	0.02847	C
10868	0.00343	0.0036	T
10869	0.00318	0.00351	T
10870	0.03419	0.04373	A
10871	0.00598	0.00608	G
10872	0.07902	0.07957	C
10873	0.00962	0.00971	T
10874	0.00797	0.00867	G
10875	0.00744	0.00748	T
10876	0.00509	0.00532	T
10877	0.01159	0.01182	A
10878	0.03104	0.03147	A
10879	0.04756	0.04943	C
10880	0.0049	0.00508	T
10881	0.02967	0.02971	A
10882	0.04928	0.05034	A
10883	0.00888	0.01065	G
10884	0.00665	0.0071	T
10885	0.01746	0.02049	G
10886	0.00811	0.00811	T
10887	0.01065	0.01065	T
10888	0.01139	0.01143	T
10889	0.01706	0.01928	G
10890	0.00603	0.00673	T
10891	0.00608	0.00611	G
10892	0.00604	0.00604	G
10893	0.01111	0.01125	G
10894	0.0019	0.00191	T
10895	0.00533	0.00534	T
10896	0.00955	0.00959	T
10897	0.05517	0.0556	A
10898	0.27923	0.28642	A
10899	0.00828	0.01029	G
10900	0.00858	0.00905	T
10901	0.01707	0.01724	C
10902	0.01674	0.01674	C
10903	0.00939	0.00941	C
10904	0.03764	0.03947	A
10905	0.0058	0.00581	T
10906	0.01054	0.01056	T
10907	0.00893	0.00893	G
10908	0.01237	0.0124	G
10909	0.00754	0.00852	T
10910	0.04526	0.04551	C
10911	0.00434	0.00482	T
10912	0.00386	0.00455	A
10913	0.00515	0.0055	G
10914	0.00461	0.00519	T
10915	0.00269	0.00272	A
10916	0.00236	0.00242	A
10917	0.002	0.00202	G
10918	0.00232	0.00233	G
10919	0.00342	0.00346	G
10920	0.00614	0.01055	C
10921	0.0113	0.01132	T
10922	0.00104	0.00105	T
10923	0.25513	0.49487	A
10924	0.00206	0.0027	G
10925	0.00372	0.00451	C
10926	0.00135	0.00136	T
10927	0.00321	0.00323	T
10928	0.01696	0.017	A
10929	0.03634	0.03639	A
10930	0.00886	0.009	T
10931	0.01059	0.01068	T
10932	0.0209	0.021	A
10933	0.03336	0.03356	A
10934	0.03641	0.03685	A
10935	0.00608	0.00654	G
10936	0.00417	0.0046	T
10937	0.01178	0.01178	G
10938	0.00195	0.00198	G
10939	0.00785	0.01274	C
10940	0.00294	0.00306	T
10941	0.00375	0.00429	G
10942	0.02963	0.03114	A
10943	0.00348	0.00355	T
10944	0.00538	0.00548	T
10945	0.00919	0.00924	T
10946	0.00481	0.0226	G
10947	0.01571	0.02241	C
10948	0.70574	0.7146	G
10949	0.00182	0.00191	T
10950	0.00052	0.00053	T
10951	0.0049	0.00683	C
10952	0.02468	0.02538	A
10953	0.00687	0.00692	G
10954	0.00294	0.00298	T
10955	0.00418	0.00488	T
10956	0.00641	0.00691	G
10957	0.19668	0.19937	A
10958	0.00482	0.00555	T
10959	0.0039	0.00431	G
10960	0.02923	0.03166	C
10961	0.03325	0.03381	A
10962	0.00458	0.00468	G
10963	0.03254	0.03482	A
10964	0.0073	0.00746	G
10965	0.01753	0.01987	T
10966	0.01107	0.01108	G
10967	0.00341	0.00342	G
10968	0.00808	0.00808	G
10969	0.00702	0.00702	G
10970	0.00344	0.00347	T
10971	0.00333	0.00333	T
10972	0.00435	0.00435	T
10973	0.00447	0.00447	T
10974	0.00426	0.00541	G
10975	0.03373	0.03428	C
10976	0.035	0.03978	A
10977	0.00778	0.00788	G
10978	0.00627	0.00638	T
10979	0.02214	0.02214	C
10980	0.01207	0.01211	C
10981	0.00102	0.00102	T
10982	0.00049	0.0005	T
10983	0.00206	0.00261	A
10984	0.01005	0.01069	G
10985	0.00099	0.00115	C
10986	0.00107	0.00108	T
10987	0.00092	0.00105	G
10988	0.00017	0.0002	T
10989	0.00028	0.0003	T
10990	0.0014	0.00198	A
10991	0.00102	0.00105	C
10992	0.00041	0.00042	A
10993	0.00018	0.00019	G
10994	0.00022	0.00022	A
10995	0.00053	0.00053	A
10996	0.00051	0.00051	A
10997	0.00016	0.00016	T
10998	0.00011	0.00011	T
10999	0.00034	0.00035	A
11000	0.00059	0.00063	A
11001	0.0003	0.00034	G
11002	0.0001	0.00011	T
11003	0.00089	0.00093	A
11004	0.00027	0.00027	T
11005	0.00038	0.00038	T
11006	0.00045	0.0005	G
11007	0.00093	0.00097	C
11008	0.00147	0.00147	A
11009	0.00078	0.00078	A
11010	0.00073	0.00075	C
11011	0.00022	0.00022	T
11012	0.00017	0.00017	T
11013	0.00029	0.00051	A
11014	0.00025	0.00025	C
11015	0.00025	0.00027	T
11016	0.0004	0.00045	G
11017	0.00034	0.00037	A
11018	0.00026	0.00026	G
11019	0.00012	0.00012	G
11020	0.00054	0.00054	G
11021	0.00026	0.00028	C
11022	0.00026	0.00028	T
11023	0.00185	0.00185	T
11024	0.00064	0.00064	T
11025	0.00093	0.00122	G
11026	0.0021	0.0021	A
11027	0.00242	0.00242	A
11028	0.00048	0.0005	G
11029	0.00057	0.00057	G
11030	0.00015	0.00016	C
11031	0.0005	0.00054	T
11032	0.00021	0.00022	C
11033	0.00057	0.00057	T
11034	0.00079	0.00079	T
11035	0.0004	0.00041	G
11036	0.00052	0.00052	G
11037	0.00035	0.00037	T
11038	0.00176	0.00179	C
11039	0.00074	0.00082	T
11040	0.00169	0.00179	G
11041	0.00068	0.00074	T
11042	0.00142	0.00148	A
11043	0.00065	0.00065	T
11044	0.0009	0.0009	T
11045	0.00073	0.00073	T
11046	0.00408	0.00413	A
11047	0.00276	0.00276	A
11048	0.00515	0.00517	C
11049	0.00184	0.00199	C
11050	0.00789	0.00885	T
11051	0.00128	0.00129	A
11052	0.00231	0.00232	A
11053	0.00427	0.00438	A
11054	0.00063	0.00063	T
11055	0.00101	0.00101	T
11056	0.0007	0.0007	T
11057	0.00547	0.00606	C
11058	0.00074	0.00076	T
11059	0.01648	0.01706	A
11060	0.00192	0.00211	T
11061	0.0153	0.01534	A
11062	0.01474	0.01551	A
11063	0.00146	0.00194	G
11064	0.01412	0.01462	A
11065	0.00301	0.00305	T
11066	0.00308	0.00308	T
11067	0.01189	0.02765	A
11068	0.00394	0.00394	T
11069	0.00469	0.00471	T
11070	0.02835	0.03626	A
11071	0.00318	0.00391	G
11072	0.00316	0.00354	T
11073	0.02445	0.02528	A
11074	0.00445	0.00546	T
11075	0.01409	0.01409	A
11076	0.01995	0.01995	A
11077	0.03697	0.03697	A
11078	0.04675	0.04725	A
11079	0.00517	0.00561	G
11080	0.00368	0.00368	G
11081	0.00332	0.00332	G
11082	0.00412	0.00412	G
11083	0.03649	0.04707	A
11084	0.01015	0.01043	G
11085	0.06788	0.07273	A
11086	0.00864	0.00886	T
11087	0.05544	0.05606	A
11088	0.00912	0.00977	G
11089	0.00615	0.00627	G
11090	0.00784	0.00818	T
11091	0.07128	0.07224	A
11092	0.00879	0.00898	G
11093	0.00599	0.00615	G
11094	0.06155	0.07536	A
11095	0.01338	0.01392	G
11096	0.00872	0.01061	T
11097	0.06859	0.07084	A
11098	0.01201	0.01246	G
11099	0.06525	0.06901	C
11100	0.01244	0.01292	G
11101	0.00953	0.0104	T
11102	0.01081	0.01081	G
11103	0.00733	0.00739	G
11104	0.01526	0.01567	T
11105	0.08384	0.0848	A
11106	0.08021	0.08204	A
11107	0.00741	0.0076	G
11108	0.00568	0.00568	G
11109	0.00629	0.00644	G
11110	0.05011	0.06047	C
11111	0.01789	0.01933	G
11112	0.08452	0.09471	A
11113	0.00968	0.01009	T
11114	0.0088	0.00931	G
11115	0.0703	0.07183	A
11116	0.01153	0.01176	G
11117	0.00963	0.0107	T
11118	0.01807	0.02025	G
11119	0.01312	0.01536	T
11120	0.01611	0.01611	G
11121	0.00706	0.00706	G
11122	0.00768	0.00768	G
11123	0.00852	0.00876	G
11124	0.06018	0.07367	A
11125	0.01365	0.01365	G
11126	0.00922	0.01099	G
11127	0.07072	0.07132	A
11128	0.0955	0.09689	A
11129	0.01263	0.01358	T
11130	0.01171	0.01188	G
11131	0.00806	0.00812	G
11132	0.00975	0.0098	G
11133	0.01245	0.01269	G
11134	0.00897	0.01365	T
11135	0.01295	0.01295	G
11136	0.00741	0.00741	G
11137	0.00807	0.0083	G
11138	0.00507	0.00528	T
11139	0.008	0.00808	T
11140	0.01165	0.01168	T
11141	0.01326	0.01326	T
11142	0.01003	0.01504	G
11143	0.01371	0.01502	T
11144	0.07179	0.07416	A
11145	0.01272	0.01289	T
11146	0.01489	0.02112	G
11147	0.00971	0.00976	T
11148	0.0106	0.01135	T
11149	0.08893	0.09873	C
11150	0.05469	0.05588	A
11151	0.0634	0.06525	A
11152	0.06923	0.07062	A
11153	0.10515	0.11885	C
11154	0.00935	0.00979	T
11155	0.01087	0.01291	G
11156	0.01384	0.01536	T
11157	0.07144	0.07404	C
11158	0.04346	0.04651	A
11159	0.00594	0.00607	T
11160	0.00818	0.00825	T
11161	0.00899	0.00903	T
11162	0.01217	0.01242	T
11163	0.05421	0.06709	A
11164	0.00541	0.00541	T
11165	0.00423	0.00423	T
11166	0.00834	0.00834	T
11167	0.00955	0.00955	T
11168	0.01339	0.01356	T
11169	0.0556	0.07186	A
11170	0.12259	0.1242	C
11171	0.01237	0.0126	G
11172	0.00808	0.00826	T
11173	0.00748	0.00751	T
11174	0.00632	0.00892	G
11175	0.00784	0.00784	T
11176	0.00889	0.00901	T
11177	0.04525	0.05589	A
11178	0.00857	0.00881	G
11179	0.05164	0.0528	A
11180	0.00812	0.0085	T
11181	0.05629	0.05843	A
11182	0.02014	0.02122	T
11183	0.01025	0.01051	G
11184	0.00558	0.00561	G
11185	0.00563	0.00563	G
11186	0.00502	0.00507	G
11187	0.06835	0.0825	A
11188	0.01021	0.01047	G
11189	0.01008	0.01096	T
11190	0.06814	0.07073	A
11191	0.01063	0.01218	G
11192	0.00884	0.00962	T
11193	0.01025	0.01126	G
11194	0.00956	0.00994	T
11195	0.00894	0.01075	G
11196	0.07953	0.08821	A
11197	0.01055	0.01071	T
11198	0.01368	0.0145	T
11199	0.01186	0.01359	G
11200	0.05505	0.05608	A
11201	0.01452	0.01454	G
11202	0.0093	0.00942	G
11203	0.01036	0.01115	T
11204	0.0114	0.0114	G
11205	0.00749	0.00758	G
11206	0.07091	0.08469	A
11207	0.01202	0.01263	G
11208	0.01036	0.01119	T
11209	0.06371	0.06491	A
11210	0.00711	0.00741	G
11211	0.08593	0.09221	A
11212	0.01276	0.01309	T
11213	0.01156	0.01184	T
11214	0.06907	0.08655	A
11215	0.01031	0.01048	G
11216	0.00721	0.0073	G
11217	0.06762	0.0688	C
11218	0.01635	0.01725	G
11219	0.01073	0.01316	T
11220	0.06027	0.06135	A
11221	0.01002	0.01016	G
11222	0.00789	0.00833	G
11223	0.00737	0.00785	T
11224	0.06005	0.06072	A
11225	0.00796	0.00873	G
11226	0.03601	0.03638	A
11227	0.05131	0.05382	A
11228	0.00662	0.00862	G
11229	0.00632	0.00863	T
11230	0.04746	0.04808	A
11231	0.76837	0.78826	G
11232	0.06206	0.06417	A
11233	0.0084	0.00848	G
11234	0.00809	0.0088	G
11235	0.00763	0.00776	T
11236	0.01012	0.01171	T
11237	0.06253	0.06284	A
11238	0.07404	0.07513	A
11239	0.00853	0.00881	G
11240	0.00818	0.00856	G
11241	0.06857	0.08835	A
11242	0.00938	0.0094	G
11243	0.00696	0.00698	G
11244	0.00684	0.00699	G
11245	0.00623	0.00895	T
11246	0.00817	0.01257	G
11247	0.06092	0.06606	A
11248	0.00949	0.00992	T
11249	0.01107	0.01139	G
11250	0.00905	0.0094	G
11251	0.00995	0.01112	T
11252	0.01039	0.01042	G
11253	0.0073	0.00747	G
11254	0.05371	0.05708	C
11255	0.00746	0.00798	T
11256	0.08094	0.08272	A
11257	0.01147	0.01172	T
11258	0.00675	0.01324	G
11259	0.07429	0.07671	A
11260	0.01247	0.01307	T
11261	0.01342	0.01356	G
11262	0.01115	0.01161	G
11263	0.01433	0.01574	T
11264	0.01392	0.01395	G
11265	0.00863	0.00863	G
11266	0.00705	0.00709	G
11267	0.00542	0.00544	G
11268	0.05461	0.07708	A
11269	0.01079	0.01164	T
11270	0.00777	0.00943	G
11271	0.0605	0.06484	A
11272	0.00976	0.01079	T
11273	0.00766	0.01107	G
11274	0.08118	0.08401	A
11275	0.00865	0.00867	G
11276	0.00659	0.00673	G
11277	0.03777	0.0395	C
11278	0.00651	0.00672	T
11279	0.05944	0.06147	A
11280	0.00714	0.00722	T
11281	0.00728	0.00737	T
11282	0.00896	0.01015	G
11283	0.00082	0.00084	T
11284	0.00172	0.00172	T
11285	0.00311	0.00311	T
11286	0.00658	0.00658	T
11287	0.00971	0.00971	T
11288	0.00786	0.00786	T
11289	0.01521	0.01867	G
11290	0.0123	0.01259	T
11291	0.01331	0.01399	G
11292	0.05394	0.05538	A
11293	0.0779	0.08033	A
11294	0.01218	0.01239	T
11295	0.00998	0.01007	T
11296	0.07023	0.10087	C
11297	0.01028	0.01036	T
11298	0.00879	0.00888	T
11299	0.0669	0.0762	C
11300	0.0112	0.01176	G
11301	0.05446	0.0556	A
11302	0.00688	0.00759	T
11303	0.05032	0.05067	A
11304	0.05175	0.05761	A
11305	0.01243	0.01326	T
11306	0.01234	0.01287	G
11307	0.00366	0.00368	G
11308	0.00171	0.00171	C
11309	0.00107	0.0011	C
11310	0.00384	0.00394	C
11311	0.10507	0.10771	A
11312	0.00656	0.00656	T
11313	0.00946	0.00946	T
11314	0.01592	0.01594	T
11315	0.00612	0.00616	G
11316	0.0045	0.00453	G
11317	0.00448	0.00448	G
11318	0.01754	0.01874	C
11319	0.00717	0.00727	A
11320	0.02947	0.02951	A
11321	0.04411	0.04413	A
11322	0.05717	0.05723	A
11323	0.04894	0.04903	A
11324	0.00511	0.00538	G
11325	0.02872	0.02876	C
11326	0.02211	0.02213	C
11327	0.00767	0.00767	G
11328	0.00947	0.00966	G
11329	0.00876	0.00892	T
11330	0.01383	0.0147	T
11331	0.06403	0.08103	A
11332	0.01938	0.02017	G
11333	0.06935	0.07816	C
11334	0.01608	0.01608	G
11335	0.009	0.009	G
11336	0.00642	0.00642	G
11337	0.00701	0.00701	G
11338	0.00838	0.00853	G
11339	0.06228	0.07581	C
11340	0.09784	0.11035	A
11341	0.01371	0.01391	G
11342	0.00973	0.01043	G
11343	0.00858	0.00869	C
11344	0.00298	0.00303	C
11345	0.00068	0.00084	T
11346	0.00528	0.00528	C
11347	0.00713	0.00752	C
11348	0.00619	0.00717	T
11349	0.10876	0.11612	A
11350	0.01708	0.01732	G
11351	0.01245	0.01245	G
11352	0.00807	0.00807	G
11353	0.07325	0.08551	A
11354	0.01883	0.01942	G
11355	0.03972	0.04187	A
11356	0.00791	0.00791	G
11357	0.00372	0.00409	G
11358	0.02607	0.03316	A
11359	0.00648	0.00648	G
11360	0.00692	0.00692	G
11361	0.01483	0.01508	G
11362	0.00864	0.01163	T
11363	0.01094	0.01094	G
11364	0.00819	0.00831	G
11365	0.06568	0.1004	A
11366	0.01445	0.01504	T
11367	0.01108	0.01121	G
11368	0.00765	0.00793	G
11369	0.03801	0.03829	A
11370	0.06188	0.06309	A
11371	0.0102	0.0103	T
11372	0.01295	0.01331	T
11373	0.07303	0.07334	A
11374	0.08174	0.08403	A
11375	0.00892	0.00913	G
11376	0.00928	0.00939	G
11377	0.00817	0.00827	G
11378	0.00751	0.00963	T
11379	0.01152	0.01264	G
11380	0.01049	0.01049	T
11381	0.01219	0.01251	T
11382	0.06935	0.08192	A
11383	0.00924	0.00961	G
11384	0.01046	0.01254	T
11385	0.08281	0.08517	C
11386	0.06279	0.06423	A
11387	0.01059	0.01105	T
11388	0.01306	0.01455	G
11389	0.00798	0.00798	T
11390	0.01076	0.01112	T
11391	0.06104	0.07582	A
11392	0.00863	0.00924	G
11393	0.07608	0.07805	C
11394	0.00753	0.00798	T
11395	0.00853	0.00859	T
11396	0.00999	0.01575	G
11397	0.00372	0.00372	T
11398	0.00746	0.00746	T
11399	0.00986	0.00986	T
11400	0.09353	0.09589	C
11401	0.06864	0.07111	A
11402	0.01033	0.01042	G
11403	0.00833	0.00833	G
11404	0.01374	0.0142	T
11405	0.00711	0.00774	G
11406	0.05145	0.05281	C
11407	0.01063	0.01105	G
11408	0.05365	0.05534	A
11409	0.00853	0.00875	G
11410	0.0521	0.05418	A
11411	0.00844	0.0089	T
11412	0.06052	0.06211	A
11413	0.0073	0.0083	G
11414	0.0072	0.00823	T
11415	0.06093	0.06192	A
11416	0.00973	0.01495	G
11417	0.01015	0.01242	T
11418	0.07079	0.07765	A
11419	0.0105	0.01079	G
11420	0.00587	0.00626	G
11421	0.00524	0.00553	G
11422	0.00727	0.01019	T
11423	0.07008	0.07083	C
11424	0.01096	0.01183	G
11425	0.00973	0.01127	T
11426	0.01164	0.01164	G
11427	0.00621	0.00672	G
11428	0.00764	0.00851	T
11429	0.00808	0.00917	G
11430	0.06558	0.0672	C
11431	0.00915	0.01042	T
11432	0.01093	0.01101	G
11433	0.00477	0.00498	G
11434	0.03542	0.04212	A
11435	0.0095	0.00988	G
11436	0.00586	0.00612	T
11437	0.00712	0.00712	T
11438	0.00672	0.00693	T
11439	0.04573	0.04617	A
11440	0.05053	0.05168	A
11441	0.01193	0.01247	G
11442	0.00731	0.00731	T
11443	0.0083	0.00835	T
11444	0.00706	0.00761	G
11445	0.04788	0.04942	A
11446	0.0094	0.00959	G
11447	0.00837	0.00875	T
11448	0.07224	0.07349	A
11449	0.01154	0.01451	G
11450	0.00806	0.00874	T
11451	0.04875	0.05301	A
11452	0.00689	0.00714	G
11453	0.00727	0.00727	G
11454	0.03236	0.03252	A
11455	0.048	0.04866	A
11456	0.01733	0.01825	T
11457	0.00735	0.00792	G
11458	0.05853	0.06042	C
11459	0.00724	0.00724	G
11460	0.00453	0.00511	G
11461	0.00422	0.00502	T
11462	0.04251	0.0431	A
11463	0.01112	0.01226	G
11464	0.00686	0.00751	T
11465	0.03514	0.03641	A
11466	0.01041	0.01202	G
11467	0.00737	0.00771	T
11468	0.01044	0.01095	T
11469	0.04477	0.05109	A
11470	0.00853	0.00881	G
11471	0.00703	0.00771	G
11472	0.01402	0.02889	A
11473	0.00868	0.01024	T
11474	0.02794	0.028	A
11475	0.02681	0.02854	A
11476	0.00925	0.01091	T
11477	0.02708	0.02903	A
11478	0.00823	0.00896	T
11479	0.01631	0.01643	A
11480	0.0366	0.03688	A
11481	0.03117	0.03581	A
11482	0.00766	0.00897	T
11483	0.04274	0.0446	A
11484	0.00668	0.0091	G
11485	0.00684	0.00785	T
11486	0.00914	0.00957	T
11487	0.01767	0.01783	A
11488	0.02794	0.02815	A
11489	0.04294	0.04386	A
11490	0.00813	0.00888	T
11491	0.01278	0.01283	T
11492	0.04376	0.04391	A
11493	0.05748	0.05959	A
11494	0.00828	0.01792	G
11495	0.05181	0.05195	A
11496	0.06346	0.06524	A
11497	0.01033	0.01168	T
11498	0.01142	0.01151	G
11499	0.00983	0.00983	G
11500	0.00896	0.00931	T
11501	0.01059	0.01077	T
11502	0.06867	0.09227	A
11503	0.01123	0.01149	T
11504	0.01361	0.01665	G
11505	0.00988	0.00988	T
11506	0.01299	0.01346	T
11507	0.07775	0.09268	A
11508	0.012	0.01216	G
11509	0.00708	0.00716	G
11510	0.00818	0.00822	G
11511	0.00874	0.00887	T
11512	0.01128	0.01137	T
11513	0.01205	0.01386	G
11514	0.00886	0.00965	T
11515	0.05115	0.05308	A
11516	0.08889	0.08967	C
11517	0.00929	0.00929	G
11518	0.00868	0.00908	G
11519	0.01053	0.01154	T
11520	0.08111	0.08224	A
11521	0.01157	0.01296	G
11522	0.05359	0.05475	A
11523	0.06008	0.06178	A
11524	0.075	0.08154	C
11525	0.00845	0.00857	T
11526	0.00521	0.0054	G
11527	0.04965	0.05142	C
11528	0.0055	0.00554	T
11529	0.0715	0.07322	A
11530	0.00404	0.0041	T
11531	0.00383	0.0039	T
11532	0.03011	0.06267	A
11533	0.004	0.004	T
11534	0.00518	0.00521	T
11535	0.0316	0.03562	C
11536	0.02785	0.02835	A
11537	0.00234	0.00257	T
11538	0.01168	0.01185	C
11539	0.03805	0.03825	C
11540	0.00321	0.00344	T
11541	0.0414	0.04213	A
11542	0.01168	0.01185	T
11543	0.00954	0.01103	G
11544	0.0076	0.00899	T
11545	0.00597	0.00604	G
11546	0.00419	0.00423	G
11547	0.00546	0.00559	G
11548	0.00471	0.0051	T
11549	0.03863	0.03863	A
11550	0.07342	0.07423	A
11551	0.00443	0.0045	T
11552	0.00652	0.00658	T
11553	0.00595	0.00652	G
11554	0.02789	0.02941	A
11555	0.00617	0.0063	G
11556	0.0062	0.00623	G
11557	0.06546	0.08583	A
11558	0.01098	0.0115	G
11559	0.00786	0.01095	T
11560	0.06009	0.06145	A
11561	0.01356	0.01426	T
11562	0.00659	0.00711	G
11563	0.02431	0.02684	C
11564	0.00481	0.00542	T
11565	0.05818	0.05851	A
11566	0.07833	0.08082	A
11567	0.01209	0.01506	G
11568	0.11814	0.12033	A
11569	0.00637	0.0064	T
11570	0.00787	0.0079	T
11571	0.01107	0.0111	T
11572	0.0104	0.0104	T
11573	0.00795	0.01138	G
11574	0.07395	0.0749	C
11575	0.01644	0.01839	G
11576	0.00525	0.0065	T
11577	0.03263	0.03381	A
11578	0.00941	0.0096	G
11579	0.0491	0.0516	C
11580	0.00799	0.00864	T
11581	0.0068	0.00685	G
11582	0.00617	0.00643	G
11583	0.01147	0.01149	G
11584	0.00444	0.00447	T
11585	0.00852	0.00855	T
11586	0.01008	0.01011	T
11587	0.01165	0.01176	G
11588	0.01007	0.01051	G
11589	0.00914	0.00917	T
11590	0.01225	0.01225	T
11591	0.01008	0.01013	T
11592	0.06362	0.06398	A
11593	0.04553	0.04594	A
11594	0.00876	0.00963	T
11595	0.00986	0.01019	C
11596	0.00706	0.00732	C
11597	0.07771	0.09856	A
11598	0.01448	0.01448	C
11599	0.00302	0.0033	C
11600	0.00142	0.00289	T
11601	0.00846	0.00911	C
11602	0.01639	0.018	A
11603	0.03013	0.03015	A
11604	0.05727	0.05994	C
11605	0.00891	0.00938	T
11606	0.0059	0.00605	G
11607	0.00764	0.00767	C
11608	0.00454	0.00465	C
11609	0.00353	0.00408	T
11610	0.00592	0.00626	G
11611	0.02404	0.02591	C
11612	0.00371	0.00416	T
11613	0.09677	0.09839	A
11614	0.0081	0.00865	T
11615	0.00465	0.00708	G
11616	0.03624	0.03778	A
11617	0.00716	0.00753	T
11618	0.00612	0.00622	G
11619	0.00591	0.00617	G
11620	0.02004	0.03416	A
11621	0.00545	0.00616	T
11622	0.04499	0.04546	A
11623	0.05273	0.05483	A
11624	0.00815	0.01071	G
11625	0.09517	0.09654	A
11626	0.01294	0.01335	T
11627	0.01132	0.01186	T
11628	0.01404	0.01585	G
11629	0.0869	0.08937	A
11630	0.01379	0.01448	G
11631	0.08634	0.09029	A
11632	0.01231	0.01297	G
11633	0.07705	0.08007	A
11634	0.01373	0.01426	G
11635	0.01157	0.01265	T
11636	0.01002	0.01164	G
11637	0.05524	0.0587	A
11638	0.0076	0.0076	G
11639	0.00759	0.00811	G
11640	0.05536	0.06821	A
11641	0.01077	0.01166	G
11642	0.07799	0.07818	A
11643	0.06728	0.07383	A
11644	0.00709	0.00735	G
11645	0.00522	0.00527	G
11646	0.04053	0.0435	C
11647	0.00948	0.00961	T
11648	0.01127	0.01135	T
11649	0.02974	0.0538	A
11650	0.08876	0.08992	C
11651	0.00985	0.01107	G
11652	0.00834	0.00839	T
11653	0.00948	0.00953	T
11654	0.01033	0.01041	T
11655	0.07295	0.09356	A
11656	0.01393	0.01424	G
11657	0.01719	0.01879	T
11658	0.01291	0.0159	G
11659	0.06913	0.07546	A
11660	0.01199	0.01199	G
11661	0.00907	0.0091	G
11662	0.0076	0.0077	G
11663	0.06015	0.0804	A
11664	0.01244	0.01289	G
11665	0.07464	0.07818	A
11666	0.00949	0.01006	G
11667	0.08407	0.08534	A
11668	0.00824	0.00837	T
11669	0.01169	0.01169	T
11670	0.01057	0.01062	T
11671	0.01315	0.01344	G
11672	0.00793	0.00801	G
11673	0.00865	0.009	T
11674	0.0767	0.07973	A
11675	0.00998	0.01034	T
11676	0.08527	0.08851	A
11677	0.01176	0.01209	T
11678	0.00885	0.011	G
11679	0.09241	0.09579	A
11680	0.01034	0.01078	T
11681	0.01383	0.01452	T
11682	0.01269	0.01445	G
11683	0.06498	0.06773	A
11684	0.01338	0.01398	G
11685	0.07744	0.08108	A
11686	0.03643	0.0382	T
11687	0.01578	0.01585	G
11688	0.00921	0.00942	G
11689	0.00842	0.00842	G
11690	0.0073	0.00732	G
11691	0.00923	0.00933	G
11692	0.04276	0.05289	C
11693	0.00937	0.00976	T
11694	0.05271	0.05385	A
11695	0.00612	0.00653	G
11696	0.00244	0.0025	T
11697	0.00318	0.0032	T
11698	0.00567	0.00567	T
11699	0.00601	0.00601	T
11700	0.00817	0.00817	T
11701	0.01369	0.0162	G
11702	0.01027	0.01165	T
11703	0.09015	0.09157	C
11704	0.07692	0.07909	A
11705	0.01295	0.01353	T
11706	0.01481	0.01619	G
11707	0.01159	0.01268	T
11708	0.01206	0.01337	G
11709	0.07299	0.07486	A
11710	0.01266	0.01396	G
11711	0.07578	0.07633	A
11712	0.06202	0.06572	A
11713	0.00812	0.0111	G
11714	0.04488	0.0449	A
11715	0.05365	0.05749	A
11716	0.01153	0.02093	G
11717	0.04119	0.04502	C
11718	0.08509	0.09374	A
11719	0.00818	0.00818	G
11720	0.00833	0.00848	G
11721	0.02415	0.02431	C
11722	0.0367	0.03681	C
11723	0.00868	0.00879	G
11724	0.00947	0.0097	G
11725	0.04998	0.07663	A
11726	0.01187	0.01209	T
11727	0.01044	0.01059	G
11728	0.0083	0.00889	T
11729	0.02713	0.02729	C
11730	0.04526	0.04664	A
11731	0.00744	0.0078	G
11732	0.03116	0.03367	A
11733	0.00786	0.00786	G
11734	0.00418	0.00418	G
11735	0.0093	0.0093	G
11736	0.01436	0.01436	G
11737	0.00757	0.01059	T
11738	0.00874	0.00894	G
11739	0.0231	0.02332	C
11740	0.02926	0.02937	C
11741	0.01744	0.01769	T
11742	0.0132	0.01346	T
11743	0.01426	0.01439	G
11744	0.01389	0.01423	G
11745	0.01348	0.01357	G
11746	0.00449	0.00575	T
11747	0.07375	0.07384	A
11748	0.06618	0.06663	A
11749	0.00723	0.00725	C
11750	0.00438	0.00438	C
11751	0.00203	0.00218	T
11752	0.00736	0.00745	C
11753	0.00554	0.00614	T
11754	0.00765	0.00808	G
11755	0.01043	0.01052	G
11756	0.00829	0.00831	G
11757	0.05222	0.05814	A
11758	0.04387	0.04495	C
11759	0.01003	0.01828	T
11760	0.05405	0.05549	C
11761	0.07078	0.07337	A
11762	0.01361	0.01468	G
11763	0.06749	0.06753	A
11764	0.07508	0.07893	A
11765	0.01242	0.01461	G
11766	0.0091	0.01129	T
11767	0.01361	0.01468	G
11768	0.03949	0.04035	A
11769	0.05674	0.05692	A
11770	0.09621	0.10056	A
11771	0.01536	0.01586	G
11772	0.00955	0.00979	G
11773	0.01206	0.01208	G
11774	0.00714	0.00714	G
11775	0.00577	0.00579	G
11776	0.03042	0.03616	C
11777	0.00527	0.00619	T
11778	0.04494	0.05258	A
11779	0.00725	0.00729	T
11780	0.00689	0.00693	T
11781	0.0492	0.04942	C
11782	0.03499	0.03581	C
11783	0.00704	0.00752	T
11784	0.07108	0.07415	A
11785	0.01003	0.01121	G
11786	0.0057	0.0057	T
11787	0.00676	0.00682	T
11788	0.00797	0.00797	T
11789	0.00839	0.00846	T
11790	0.08003	0.11136	A
11791	0.0108	0.0108	T
11792	0.01201	0.01218	T
11793	0.00686	0.00797	G
11794	0.04437	0.0457	C
11795	0.00616	0.00635	T
11796	0.03991	0.04651	A
11797	0.00631	0.00718	T
11798	0.02953	0.03332	A
11799	0.00357	0.0054	G
11800	0.01527	0.01583	C
11801	0.73153	0.74603	T
11802	0.04419	0.0455	A
11803	0.00507	0.00507	T
11804	0.00644	0.00707	T
11805	0.03181	0.05643	A
11806	0.00845	0.0102	T
11807	0.00922	0.01041	G
11808	0.05874	0.06223	A
11809	0.01068	0.01088	T
11810	0.00852	0.00883	T
11811	0.03267	0.07555	A
11812	0.00698	0.00698	T
11813	0.00809	0.00838	T
11814	0.04678	0.04703	A
11815	0.05822	0.05891	A
11816	0.00939	0.01011	T
11817	0.00812	0.01139	G
11818	0.07442	0.07779	A
11819	0.01317	0.01458	T
11820	0.00663	0.00817	G
11821	0.07378	0.07557	A
11822	0.01049	0.01179	G
11823	0.01055	0.01219	T
11824	0.08436	0.08679	A
11825	0.00967	0.00978	T
11826	0.009	0.00922	T
11827	0.00841	0.00937	G
11828	0.08127	0.08415	A
11829	0.01097	0.01105	T
11830	0.01136	0.01183	T
11831	0.01171	0.01187	G
11832	0.00603	0.00623	G
11833	0.00619	0.00646	T
11834	0.08074	0.08147	A
11835	0.01097	0.01462	G
11836	0.00535	0.0063	T
11837	0.0615	0.06676	A
11838	0.00757	0.00757	T
11839	0.0078	0.00782	T
11840	0.0073	0.00733	G
11841	0.0076	0.00781	G
11842	0.00536	0.00541	T
11843	0.00689	0.00749	T
11844	0.04857	0.06358	A
11845	0.00936	0.00958	T
11846	0.0081	0.00825	G
11847	0.00937	0.00962	G
11848	0.00447	0.00447	T
11849	0.00986	0.01003	T
11850	0.08282	0.08559	C
11851	0.08467	0.0866	A
11852	0.00885	0.00895	T
11853	0.01157	0.0119	T
11854	0.00812	0.01111	G
11855	0.01225	0.01278	T
11856	0.04247	0.04309	C
11857	0.0308	0.03114	C
11858	0.00839	0.00858	G
11859	0.00835	0.00877	G
11860	0.0673	0.08835	A
11861	0.00716	0.0075	G
11862	0.04974	0.05222	A
11863	0.00865	0.00936	G
11864	0.00905	0.00986	T
11865	0.04869	0.0516	A
11866	0.0091	0.00923	T
11867	0.07573	0.07805	A
11868	0.00954	0.00954	T
11869	0.01053	0.01055	T
11870	0.00941	0.01438	G
11871	0.00893	0.00893	T
11872	0.01018	0.01039	T
11873	0.01408	0.01484	G
11874	0.06438	0.06501	A
11875	0.06988	0.07037	A
11876	0.00911	0.01163	G
11877	0.05051	0.05268	A
11878	0.00646	0.00656	G
11879	0.00683	0.00693	G
11880	0.03463	0.06193	A
11881	0.00901	0.00961	T
11882	0.04315	0.0437	A
11883	0.00673	0.00727	G
11884	0.03755	0.04038	C
11885	0.00556	0.0058	T
11886	0.06838	0.07093	A
11887	0.00982	0.01012	T
11888	0.0114	0.01174	T
11889	0.05993	0.08608	A
11890	0.01365	0.01522	G
11891	0.07927	0.07935	A
11892	0.07056	0.0742	A
11893	0.00736	0.00756	G
11894	0.00549	0.00561	G
11895	0.04605	0.07742	A
11896	0.01071	0.01093	T
11897	0.01176	0.012	T
11898	0.05563	0.09449	A
11899	0.01172	0.01276	T
11900	0.01258	0.01324	G
11901	0.00851	0.00875	G
11902	0.05096	0.07812	A
11903	0.01614	0.01656	T
11904	0.00788	0.00889	G
11905	0.04238	0.04411	C
11906	0.01238	0.01238	G
11907	0.01162	0.01219	G
11908	0.00671	0.00696	T
11909	0.00979	0.00994	T
11910	0.00849	0.0096	G
11911	0.04905	0.05093	C
11912	0.00883	0.00918	T
11913	0.01122	0.01175	T
11914	0.00744	0.0095	G
11915	0.05073	0.05173	C
11916	0.01403	0.01441	G
11917	0.01296	0.01516	T
11918	0.01126	0.0124	G
11919	0.05658	0.05978	A
11920	0.0088	0.0088	G
11921	0.00651	0.00691	G
11922	0.03375	0.03398	A
11923	0.06887	0.06912	A
11924	0.05181	0.05235	A
11925	0.00821	0.00975	T
11926	0.05839	0.0589	A
11927	0.07102	0.0749	C
11928	0.00854	0.00856	T
11929	0.00824	0.00829	T
11930	0.01113	0.01348	G
11931	0.09021	0.09438	A
11932	0.01514	0.01539	T
11933	0.01021	0.01034	G
11934	0.00726	0.00765	G
11935	0.02439	0.02541	C
11936	0.05996	0.06061	A
11937	0.00702	0.00725	G
11938	0.04298	0.04436	C
11939	0.00645	0.00655	T
11940	0.00511	0.00514	T
11941	0.03977	0.04685	C
11942	0.00959	0.0101	T
11943	0.01302	0.01547	G
11944	0.01089	0.01242	T
11945	0.01422	0.0144	G
11946	0.01145	0.01179	G
11947	0.0459	0.04738	A
11948	0.07392	0.07567	A
11949	0.10236	0.10602	C
11950	0.01303	0.01564	G
11951	0.06414	0.07187	A
11952	0.00966	0.00983	G
11953	0.0078	0.00782	G
11954	0.00759	0.00781	G
11955	0.00768	0.00782	T
11956	0.00839	0.00841	T
11957	0.00725	0.00749	T
11958	0.03749	0.04085	A
11959	0.00299	0.00299	T
11960	0.00247	0.00247	T
11961	0.00252	0.00252	T
11962	0.00472	0.00472	T
11963	0.00617	0.00617	T
11964	0.00851	0.00851	T
11965	0.00708	0.0071	T
11966	0.01365	0.01395	G
11967	0.01114	0.01218	G
11968	0.00978	0.0098	T
11969	0.0102	0.01037	T
11970	0.05319	0.06692	A
11971	0.01397	0.01629	G
11972	0.04331	0.0438	A
11973	0.05284	0.0538	A
11974	0.05864	0.06366	C
11975	0.00768	0.00868	T
11976	0.00741	0.00757	G
11977	0.00661	0.00675	G
11978	0.03235	0.03265	A
11979	0.03524	0.03596	A
11980	0.00635	0.00749	T
11981	0.03628	0.03628	A
11982	0.02727	0.02727	A
11983	0.03213	0.03213	A
11984	0.04015	0.04231	A
11985	0.00742	0.00929	G
11986	0.02946	0.03318	C
11987	0.00706	0.00767	T
11988	0.0465	0.04792	A
11989	0.00905	0.0105	G
11990	0.0459	0.04675	C
11991	0.04097	0.04293	A
11992	0.01146	0.01211	T
11993	0.00807	0.00934	G
11994	0.00723	0.00743	T
11995	0.00675	0.00675	T
11996	0.00639	0.00647	T
11997	0.05258	0.06423	A
11998	0.00379	0.00379	T
11999	0.00793	0.00793	T
12000	0.00693	0.00714	T
