Position	Mismatches	Mismatches + Deletions	Base
1	0.0	0.0	A
2	0.0	0.0	T
3	0.0	0.0	G
4	0.0571	0.0571	A
5	0.00926	0.00926	T
6	0.01188	0.01202	G
7	0.0071	0.00912	T
8	0.06374	0.06547	A
9	0.00971	0.0098	T
10	0.00671	0.00706	G
11	0.10556	0.10709	C
12	0.00602	0.00619	T
13	0.00925	0.00953	T
14	0.00968	0.0097	T
15	0.00959	0.01279	G
16	0.0048	0.0048	T
17	0.01068	0.01068	T
18	0.01187	0.01195	T
19	0.10258	0.10948	C
20	0.01179	0.01192	T
21	0.01104	0.01945	G
22	0.01105	0.01105	T
23	0.01168	0.01196	T
24	0.01044	0.01164	G
25	0.07708	0.08043	A
26	0.01335	0.01354	G
27	0.01053	0.01177	T
28	0.01443	0.0171	G
29	0.00986	0.01152	T
30	0.01042	0.01042	G
31	0.00742	0.00742	G
32	0.00865	0.00879	G
33	0.00706	0.00709	T
34	0.00966	0.00969	T
35	0.0095	0.0097	T
36	0.06739	0.0828	A
37	0.0107	0.01161	G
38	0.00956	0.01037	T
39	0.07736	0.07911	A
40	0.08132	0.08548	A
41	0.01198	0.01252	T
42	0.01107	0.01163	G
43	0.00714	0.00721	G
44	0.00662	0.00664	G
45	0.00962	0.00973	G
46	0.00489	0.00498	T
47	0.00967	0.00981	T
48	0.01053	0.01063	T
49	0.0129	0.01578	G
50	0.0111	0.01357	T
51	0.0158	0.01589	G
52	0.00743	0.00745	G
53	0.00908	0.00911	G
54	0.01219	0.01267	G
55	0.00518	0.00526	T
56	0.00382	0.00385	T
57	0.00892	0.00893	T
58	0.0092	0.00926	T
59	0.07468	0.10279	C
60	0.0084	0.0084	T
61	0.00813	0.00836	T
62	0.04015	0.05426	C
63	0.00552	0.00717	T
64	0.02087	0.0237	A
65	0.0405	0.04175	A
66	0.00579	0.00685	G
67	0.03264	0.03282	C
68	0.02828	0.02882	C
69	0.0046	0.00478	T
70	0.00864	0.00883	T
71	0.03684	0.04833	C
72	0.00777	0.00821	T
73	0.06447	0.06458	C
74	0.04463	0.04984	C
75	0.00556	0.00595	T
76	0.08067	0.09134	A
77	0.00795	0.00797	T
78	0.01138	0.01139	T
79	0.01148	0.01158	T
80	0.04889	0.05625	A
81	0.01613	0.01657	T
82	0.00768	0.00835	G
83	0.0054	0.00547	G
84	0.0042	0.00423	G
85	0.00454	0.00461	G
86	0.00724	0.00729	G
87	0.00362	0.00372	T
88	0.00469	0.00472	T
89	0.00477	0.00491	T
90	0.04113	0.04812	A
91	0.00998	0.01035	G
92	0.00932	0.01056	T
93	0.08315	0.08632	A
94	0.0112	0.01125	T
95	0.01091	0.01108	T
96	0.01021	0.01227	G
97	0.08931	0.09321	A
98	0.01135	0.01156	T
99	0.01135	0.01184	T
100	0.00939	0.01616	G
101	0.00948	0.00952	T
102	0.0128	0.01309	T
103	0.07112	0.09484	A
104	0.01377	0.01461	G
105	0.08043	0.08246	C
106	0.01519	0.01527	G
107	0.0091	0.00991	G
108	0.00752	0.00836	T
109	0.0141	0.01539	G
110	0.01176	0.01257	T
111	0.01471	0.01473	G
112	0.00843	0.00943	G
113	0.01305	0.01537	T
114	0.08791	0.09074	C
115	0.01369	0.01382	G
116	0.00876	0.00896	G
117	0.00789	0.00822	G
118	0.00568	0.00752	T
119	0.0084	0.00909	G
120	0.00865	0.00899	T
121	0.00787	0.00863	G
122	0.00897	0.00898	T
123	0.00905	0.00926	T
124	0.03492	0.06802	A
125	0.00964	0.00965	T
126	0.00967	0.01011	T
127	0.03894	0.09024	A
128	0.0113	0.0113	T
129	0.00971	0.01015	T
130	0.08904	0.10633	C
131	0.01053	0.01088	T
132	0.02404	0.02873	G
133	0.04351	0.04548	A
134	0.04723	0.05156	A
135	0.00391	0.00394	T
136	0.005	0.00506	T
137	0.01477	0.01483	T
138	0.03712	0.03717	T
139	0.02374	0.02427	G
140	0.01027	0.01032	G
141	0.00664	0.00667	G
142	0.00799	0.00803	G
143	0.00826	0.00849	G
144	0.04422	0.0524	A
145	0.00967	0.00973	G
146	0.0065	0.00682	G
147	0.00596	0.00617	T
148	0.00768	0.00802	T
149	0.04211	0.06284	A
150	0.00957	0.01018	T
151	0.0864	0.09437	A
152	0.02058	0.02134	T
153	0.0095	0.00994	G
154	0.00698	0.00743	G
155	0.00679	0.00715	G
156	0.00623	0.00647	T
157	0.00755	0.00761	T
158	0.00788	0.00819	T
159	0.06292	0.06387	A
160	0.06916	0.07205	A
161	0.01025	0.01082	T
162	0.04689	0.04998	A
163	0.00764	0.01146	G
164	0.00197	0.0021	T
165	0.00119	0.00132	T
166	0.00201	0.00215	T
167	0.00568	0.00585	T
168	0.01023	0.01034	T
169	0.00679	0.0069	T
170	0.00708	0.00744	T
171	0.05151	0.05694	A
172	0.0606	0.06769	A
173	0.00786	0.00803	T
174	0.00803	0.00815	T
175	0.00972	0.0099	T
176	0.04422	0.06285	A
177	0.00722	0.00723	T
178	0.00947	0.00948	T
179	0.01486	0.01524	T
180	0.1035	0.11636	A
181	0.02168	0.0221	G
182	0.00863	0.00871	G
183	0.0069	0.00696	G
184	0.00722	0.00727	G
185	0.0088	0.00886	G
186	0.07826	0.0796	A
187	0.07709	0.07782	A
188	0.0111	0.01235	T
189	0.00733	0.01357	G
190	0.0782	0.08088	A
191	0.01076	0.01108	T
192	0.01477	0.01488	G
193	0.01392	0.01453	G
194	0.00846	0.00852	T
195	0.00664	0.00667	T
196	0.00859	0.01082	G
197	0.00357	0.0037	T
198	0.02761	0.029	C
199	0.00349	0.0035	T
200	0.00599	0.00599	T
201	0.00557	0.0056	T
202	0.0047	0.0048	G
203	0.00474	0.00495	G
204	0.01883	0.03061	A
205	0.00438	0.00456	T
206	0.03527	0.0365	A
207	0.0059	0.00659	T
208	0.07949	0.08091	A
209	0.0663	0.07219	C
210	0.00538	0.00774	T
211	0.07742	0.0841	A
212	0.0889	0.09242	C
213	0.04045	0.04476	A
214	0.00718	0.00766	G
215	0.0376	0.03961	C
216	0.01532	0.01848	G
217	0.09266	0.10768	A
218	0.01613	0.017	T
219	0.01361	0.01371	G
220	0.00601	0.00609	G
221	0.02567	0.02792	C
222	0.00367	0.0038	T
223	0.10902	0.11247	A
224	0.00824	0.00828	T
225	0.00854	0.0086	T
226	0.00992	0.01123	G
227	0.0541	0.05799	A
228	0.00703	0.00705	G
229	0.00573	0.00603	G
230	0.06975	0.09387	A
231	0.01217	0.01254	G
232	0.00397	0.00497	T
233	0.03515	0.03591	A
234	0.00346	0.00363	T
235	0.0269	0.02706	C
236	0.02009	0.0207	C
237	0.00424	0.00525	T
238	0.00545	0.00924	G
239	0.03358	0.03554	A
240	0.00789	0.0079	G
241	0.00553	0.00562	G
242	0.03438	0.03535	C
243	0.06039	0.0628	A
244	0.01568	0.01662	T
245	0.01345	0.01387	G
246	0.00975	0.01093	G
247	0.00832	0.00848	G
248	0.00813	0.00819	G
249	0.00863	0.0087	G
250	0.00807	0.01386	T
251	0.10264	0.10547	C
252	0.08417	0.08978	A
253	0.01168	0.01188	G
254	0.00745	0.00752	G
255	0.00849	0.0086	G
256	0.0113	0.01149	G
257	0.00798	0.00825	T
258	0.01119	0.01136	T
259	0.01422	0.01593	G
260	0.08145	0.08392	A
261	0.01554	0.0156	G
262	0.00861	0.00882	G
263	0.00792	0.00849	T
264	0.09797	0.09938	C
265	0.01104	0.01113	T
266	0.01123	0.01134	T
267	0.01633	0.01712	G
268	0.01184	0.01207	G
269	0.00856	0.00894	T
270	0.00939	0.01047	G
271	0.06862	0.07086	A
272	0.01114	0.01147	G
273	0.00773	0.00814	T
274	0.00719	0.00777	G
275	0.00343	0.00346	T
276	0.00696	0.00697	T
277	0.00792	0.00792	T
278	0.00941	0.00943	T
279	0.07432	0.0998	A
280	0.01845	0.01923	G
281	0.02188	0.02389	T
282	0.01286	0.01301	G
283	0.00637	0.00639	G
284	0.00706	0.00707	G
285	0.0109	0.01105	G
286	0.0082	0.00837	T
287	0.01698	0.01748	T
288	0.06701	0.09023	A
289	0.00899	0.00924	G
290	0.06939	0.07235	C
291	0.01035	0.01221	G
292	0.07193	0.07713	A
293	0.013	0.01347	T
294	0.01157	0.01171	G
295	0.00852	0.00889	G
296	0.03983	0.0476	A
297	0.01014	0.01015	G
298	0.00862	0.00882	G
299	0.00761	0.00853	T
300	0.05913	0.06026	A
301	0.00999	0.01011	G
302	0.00631	0.00638	G
303	0.08628	0.10107	A
304	0.01235	0.01277	T
305	0.01255	0.01264	T
306	0.01458	0.01477	G
307	0.00916	0.00939	G
308	0.00863	0.00912	T
309	0.00989	0.0103	G
310	0.09287	0.09529	C
311	0.01112	0.01168	T
312	0.01391	0.01771	G
313	0.01786	0.01977	T
314	0.01336	0.01352	G
315	0.00739	0.00746	G
316	0.008	0.00808	G
317	0.00816	0.00994	T
318	0.01001	0.01174	G
319	0.05343	0.05484	A
320	0.06843	0.06925	A
321	0.07533	0.07542	A
322	0.00753	0.00833	G
323	0.06654	0.0675	A
324	0.01042	0.01101	G
325	0.00748	0.00859	T
326	0.07121	0.07246	A
327	0.00957	0.00998	T
328	0.00804	0.01406	G
329	0.08085	0.08541	A
330	0.02015	0.0209	T
331	0.01106	0.01126	G
332	0.00617	0.00633	G
333	0.00723	0.00727	G
334	0.01076	0.01081	G
335	0.00792	0.01065	T
336	0.01662	0.01663	G
337	0.0099	0.01057	G
338	0.00717	0.00763	T
339	0.01011	0.01011	G
340	0.01032	0.01137	G
341	0.00882	0.00891	T
342	0.01122	0.01133	T
343	0.01237	0.01411	G
344	0.01083	0.01134	T
345	0.01359	0.0136	G
346	0.00688	0.0074	G
347	0.00743	0.00785	T
348	0.04401	0.04435	A
349	0.03969	0.0398	A
350	0.03537	0.03557	A
351	0.06859	0.07546	C
352	0.00527	0.00545	T
353	0.00641	0.0065	T
354	0.00802	0.0084	T
355	0.06116	0.0627	A
356	0.06374	0.06435	A
357	0.00909	0.00941	T
358	0.05569	0.05835	A
359	0.00793	0.00923	G
360	0.00744	0.00779	T
361	0.01033	0.01229	G
362	0.00897	0.0099	T
363	0.05911	0.06135	A
364	0.01185	0.01209	G
365	0.00997	0.01039	G
366	0.04993	0.05063	A
367	0.08094	0.08142	A
368	0.00703	0.00851	G
369	0.05731	0.0623	C
370	0.00664	0.00698	T
371	0.00851	0.01048	G
372	0.05598	0.05672	A
373	0.05053	0.0514	A
374	0.01013	0.01124	T
375	0.05371	0.05376	A
376	0.04742	0.06357	A
377	0.00692	0.00755	T
378	0.00847	0.00888	T
379	0.00941	0.00946	T
380	0.05364	0.06622	A
381	0.00959	0.01002	T
382	0.01063	0.01531	G
383	0.07353	0.0741	A
384	0.0702	0.07102	A
385	0.00877	0.00923	G
386	0.0073	0.00747	G
387	0.05446	0.07215	A
388	0.01171	0.01294	G
389	0.08613	0.09598	A
390	0.01304	0.01305	G
391	0.00683	0.00684	G
392	0.00705	0.00705	G
393	0.00794	0.008	G
394	0.00683	0.01366	T
395	0.08466	0.08673	C
396	0.0767	0.07947	A
397	0.0087	0.0088	G
398	0.00739	0.00749	G
399	0.00994	0.0101	G
400	0.00734	0.00744	T
401	0.00877	0.00898	T
402	0.01023	0.01097	G
403	0.07565	0.07689	A
404	0.0084	0.00845	T
405	0.00943	0.01	T
406	0.07603	0.08159	C
407	0.01351	0.01372	G
408	0.01394	0.01422	G
409	0.00824	0.00903	G
410	0.07699	0.0882	A
411	0.01371	0.01374	G
412	0.00737	0.00776	G
413	0.04605	0.06605	A
414	0.00558	0.00645	T
415	0.04367	0.04379	C
416	0.05403	0.05455	C
417	0.00622	0.00684	T
418	0.08517	0.09918	A
419	0.00987	0.00989	T
420	0.01265	0.01275	T
421	0.01557	0.01596	G
422	0.01054	0.01064	G
423	0.01478	0.017	T
424	0.01617	0.01824	G
425	0.08909	0.10137	C
426	0.01828	0.01831	G
427	0.0082	0.00821	G
428	0.00764	0.00764	G
429	0.00877	0.00877	G
430	0.00641	0.00643	G
431	0.10351	0.10993	C
432	0.00464	0.00473	T
433	0.0068	0.00682	T
434	0.00751	0.00755	T
435	0.00704	0.0085	G
436	0.00706	0.008	T
437	0.07405	0.07513	A
438	0.00837	0.00947	T
439	0.00615	0.0069	G
440	0.07419	0.07963	A
441	0.00815	0.00823	T
442	0.00989	0.01011	T
443	0.06189	0.09354	A
444	0.0298	0.03134	T
445	0.01274	0.0134	G
446	0.00684	0.00692	G
447	0.00563	0.00571	G
448	0.06032	0.07052	C
449	0.0203	0.02081	G
450	0.01052	0.01098	T
451	0.00872	0.0089	T
452	0.00588	0.00656	G
453	0.05483	0.05638	A
454	0.00838	0.00858	T
455	0.0089	0.00911	T
456	0.05358	0.07317	A
457	0.00974	0.01117	G
458	0.00687	0.00758	T
459	0.06846	0.07141	A
460	0.01145	0.01569	G
461	0.00891	0.00959	T
462	0.0743	0.07929	A
463	0.01218	0.01549	G
464	0.00788	0.00809	T
465	0.00796	0.00932	T
466	0.05313	0.07434	A
467	0.09402	0.09648	C
468	0.00935	0.00962	T
469	0.01249	0.01294	G
470	0.01151	0.01183	G
471	0.00875	0.0089	T
472	0.00925	0.00935	T
473	0.01318	0.01428	G
474	0.05191	0.05294	A
475	0.05332	0.05405	A
476	0.08598	0.08854	C
477	0.07618	0.07784	A
478	0.00856	0.00896	T
479	0.00984	0.01002	T
480	0.0076	0.01191	G
481	0.00683	0.00687	T
482	0.00991	0.00994	T
483	0.01012	0.01028	T
484	0.01197	0.01661	G
485	0.01201	0.01202	T
486	0.01432	0.01445	T
487	0.01616	0.01654	G
488	0.00865	0.00904	G
489	0.00782	0.00803	T
490	0.00824	0.00888	G
491	0.0083	0.00871	T
492	0.04503	0.04688	A
493	0.00881	0.0092	T
494	0.06559	0.06953	A
495	0.00876	0.00945	T
496	0.0707	0.07393	A
497	0.00944	0.00944	T
498	0.00899	0.00915	T
499	0.00596	0.00938	G
500	0.00923	0.00969	T
501	0.06043	0.06307	A
502	0.08245	0.08559	A
503	0.00926	0.00937	T
504	0.01018	0.01045	T
505	0.00811	0.00962	G
506	0.06784	0.06975	A
507	0.00945	0.00986	G
508	0.07526	0.07803	A
509	0.00819	0.00856	T
510	0.01463	0.01478	T
511	0.00927	0.0107	G
512	0.05311	0.05395	C
513	0.02145	0.02331	T
514	0.08416	0.08822	C
515	0.01332	0.01348	G
516	0.00859	0.00871	G
517	0.00655	0.00655	G
518	0.00418	0.00418	G
519	0.00427	0.00427	G
520	0.03674	0.03674	A
521	0.04666	0.04666	A
522	0.00624	0.00624	T
523	0.00235	0.00235	A
524	0.0	0.0	G
525	0.0	0.0	G
