Position	Mismatches	Mismatches + Deletions	Base
1	0.0	0.0	G
2	0.0	0.0	C
3	0.0	0.0	T
4	0.00452	0.00452	A
5	0.05777	0.05777	A
6	0.04708	0.04708	A
7	0.02538	0.02687	C
8	0.01517	0.01525	C
9	0.01181	0.01447	T
10	0.00126	0.00137	A
11	0.0053	0.00616	G
12	0.00065	0.00065	C
13	0.001	0.00102	C
14	0.001	0.001	C
15	0.04192	0.04192	C
16	0.00136	0.00154	A
17	0.00371	0.00382	A
18	0.00233	0.00236	A
19	0.01559	0.0159	C
20	0.09059	0.09085	C
21	0.01553	0.01621	C
22	0.00527	0.00672	A
23	0.01405	0.01528	C
24	0.00423	0.01026	T
25	0.04609	0.04609	C
26	0.05633	0.05726	C
27	0.00583	0.00729	A
28	0.03592	0.03592	C
29	0.00537	0.00559	C
30	0.00088	0.00108	T
31	0.00119	0.00149	T
32	0.03292	0.05865	A
33	0.04419	0.04603	C
34	0.00117	0.00329	T
35	0.00577	0.00677	A
36	0.08953	0.09048	C
37	0.02843	0.02895	C
38	0.00823	0.02101	A
39	0.0093	0.01056	G
40	0.02305	0.02418	A
41	0.041	0.05108	C
42	0.02627	0.0263	A
43	0.02581	0.02661	A
44	0.10422	0.10466	C
45	0.05652	0.0583	C
46	0.00239	0.00245	T
47	0.00343	0.00351	T
48	0.01371	0.02388	A
49	0.01291	0.01366	G
50	0.10206	0.10239	C
51	0.01188	0.01201	C
52	0.00831	0.00854	A
53	0.01453	0.01459	A
54	0.01705	0.01708	A
55	0.03552	0.03566	C
56	0.02009	0.02012	C
57	0.01209	0.01414	A
58	0.00327	0.00363	T
59	0.00315	0.00338	T
60	0.00305	0.00313	T
61	0.01263	0.01378	A
62	0.06369	0.06376	C
63	0.0742	0.07441	C
64	0.09483	0.09528	C
65	0.01532	0.01588	A
66	0.09678	0.09758	A
67	0.03331	0.03353	A
68	0.00335	0.00358	T
69	0.0085	0.0085	A
70	0.00389	0.0039	A
71	0.00922	0.00936	A
72	0.00191	0.00238	G
73	0.00094	0.00111	T
74	0.27507	0.27793	A
75	0.00153	0.00186	T
76	0.00771	0.0082	A
77	0.00131	0.00137	G
78	0.00183	0.00186	G
79	0.01116	0.01146	C
80	0.00253	0.00263	G
81	0.02273	0.02339	A
82	0.00185	0.0021	T
83	0.00647	0.00674	A
84	0.00236	0.00275	G
85	0.00369	0.00371	A
86	0.11264	0.11264	A
87	0.01147	0.01162	A
88	0.00112	0.00117	T
89	0.00141	0.00148	T
90	0.00253	0.00313	G
91	0.02229	0.02238	A
92	0.01504	0.01519	A
93	0.01828	0.0184	A
94	0.05849	0.05942	C
95	0.04852	0.04952	C
96	0.00814	0.01001	T
97	0.00414	0.00416	G
98	0.00768	0.00771	G
99	0.00971	0.0099	C
100	0.0064	0.00645	G
101	0.00249	0.0026	C
102	0.00709	0.00717	A
103	0.08505	0.08507	A
104	0.00161	0.0018	T
105	0.00378	0.00404	A
106	0.00148	0.00157	G
107	0.03907	0.0393	A
108	0.00174	0.00194	T
109	0.01409	0.01434	A
110	0.01257	0.0129	T
111	0.01134	0.0118	A
112	0.00373	0.00404	G
113	0.00164	0.00187	T
114	0.02286	0.02315	A
115	0.00361	0.00363	C
116	0.00988	0.00992	C
117	0.00189	0.00229	G
118	0.01449	0.0156	C
119	0.00473	0.00482	A
120	0.00526	0.00529	A
121	0.00189	0.00194	G
122	0.00118	0.00126	G
123	0.00153	0.00164	G
124	0.02821	0.02846	A
125	0.01859	0.01866	A
126	0.00966	0.00975	A
127	0.00339	0.00389	G
128	0.01143	0.01181	A
129	0.0063	0.00759	T
130	0.00411	0.00531	G
131	0.00207	0.00222	A
132	0.01306	0.01324	A
133	0.01734	0.0175	A
134	0.00871	0.00875	A
135	0.03139	0.03147	A
136	0.01285	0.01337	T
137	0.01135	0.01237	T
138	0.03363	0.05743	A
139	0.00551	0.00682	T
140	0.04857	0.04857	A
141	0.05652	0.05807	A
142	0.05525	0.05605	C
143	0.01331	0.01341	C
144	0.00334	0.00334	A
145	0.00894	0.00898	A
146	0.00274	0.00364	G
147	0.00665	0.00678	C
148	0.03377	0.03452	A
149	0.00608	0.0066	T
150	0.08914	0.08917	A
151	0.04101	0.04405	A
152	0.02497	0.02554	T
153	0.02342	0.02606	A
154	0.00247	0.00265	T
155	0.01195	0.01228	A
156	0.00353	0.00375	G
157	0.01237	0.01289	C
158	0.00808	0.00818	A
159	0.00793	0.00806	A
160	0.00168	0.00172	G
161	0.00148	0.00157	G
162	0.01529	0.02096	A
163	0.01749	0.0189	C
164	0.00622	0.01159	T
165	0.05184	0.05408	A
166	0.00612	0.00713	A
167	0.06863	0.0693	C
168	0.01561	0.01695	C
169	0.00477	0.00486	C
170	0.00316	0.00317	C
171	0.0011	0.00186	T
172	0.01622	0.01809	A
173	0.00184	0.00235	T
174	0.01036	0.01089	A
175	0.01278	0.01296	C
176	0.0349	0.03507	C
177	0.00081	0.00082	T
178	0.00132	0.00135	T
179	0.02833	0.03571	C
180	0.00192	0.00215	T
181	0.00184	0.00258	G
182	0.03719	0.03774	C
183	0.01881	0.01919	A
184	0.0015	0.00177	T
185	0.01978	0.01978	A
186	0.01707	0.01788	A
187	0.00246	0.00266	T
188	0.0017	0.00214	G
189	0.00788	0.00791	A
190	0.00734	0.00749	A
191	0.0017	0.00181	T
192	0.0024	0.00243	T
193	0.00611	0.00611	A
194	0.01234	0.01251	A
195	0.02093	0.02157	C
196	0.00205	0.00224	T
197	0.0109	0.01171	A
198	0.00271	0.00326	G
199	0.00673	0.00673	A
200	0.01548	0.0155	A
201	0.02531	0.02572	A
202	0.00267	0.00299	T
203	0.17844	0.17844	A
204	0.01853	0.01994	A
205	0.00548	0.00623	C
206	0.00312	0.00336	T
207	0.0024	0.0024	T
208	0.00911	0.00911	T
209	0.02228	0.02383	G
210	0.00215	0.00278	C
211	0.00248	0.00256	A
212	0.00403	0.00403	A
213	0.00205	0.00206	G
214	0.00177	0.00187	G
215	0.02122	0.03008	A
216	0.00192	0.00239	G
217	0.01903	0.02233	A
218	0.00339	0.00377	G
219	0.0024	0.00248	C
220	0.00195	0.00211	C
221	0.00105	0.00114	A
222	0.09205	0.09213	A
223	0.00151	0.00152	A
224	0.00233	0.00337	G
225	0.00175	0.00279	C
226	0.00072	0.00137	T
227	0.00158	0.00163	A
228	0.00194	0.00204	A
229	0.00138	0.00162	G
230	0.00336	0.00347	A
231	0.00899	0.00899	C
232	0.00195	0.00195	C
233	0.00097	0.00097	C
234	0.00092	0.00093	C
235	0.00148	0.00148	C
236	0.00181	0.00257	G
237	0.00189	0.00193	A
238	0.00215	0.00217	A
239	0.015	0.01501	A
240	0.00167	0.0017	C
241	0.00163	0.00165	C
242	0.0015	0.00232	A
243	0.00072	0.00083	G
244	0.00209	0.00225	A
245	0.00331	0.00344	C
246	0.00314	0.00324	G
247	0.00693	0.00707	A
248	0.00279	0.00292	G
249	0.0049	0.0052	C
250	0.00139	0.00203	T
251	0.00184	0.00187	A
252	0.00225	0.00225	C
253	0.00168	0.00172	C
254	0.00082	0.00125	T
255	0.00373	0.00378	A
256	0.15101	0.15155	A
257	0.00318	0.00396	G
258	0.00448	0.00448	A
259	0.00686	0.00696	A
260	0.01342	0.01417	C
261	0.11632	0.1167	A
262	0.00162	0.00168	G
263	0.00583	0.0065	C
264	0.00169	0.00213	T
265	0.05737	0.05774	A
266	0.0393	0.03937	A
267	0.0838	0.08384	A
268	0.11747	0.11808	A
269	0.00258	0.00283	G
270	0.024	0.02478	A
271	0.00426	0.0045	G
272	0.00871	0.01204	C
273	0.0139	0.0163	A
274	0.52755	0.5351	C
275	0.0089	0.01	A
276	0.00583	0.00583	C
277	0.00464	0.00464	C
278	0.00552	0.00557	C
279	0.00319	0.00394	G
280	0.00294	0.00307	T
281	0.0129	0.01337	C
282	0.0014	0.00184	T
283	0.01626	0.01732	A
284	0.00213	0.00242	T
285	0.00386	0.00465	G
286	0.00936	0.01059	T
287	0.08999	0.09154	A
288	0.0043	0.00487	G
289	0.0558	0.05897	C
290	0.0089	0.00899	A
291	0.01276	0.01288	A
292	0.01795	0.01804	A
293	0.01078	0.0108	A
294	0.00175	0.00214	T
295	0.01259	0.0134	A
296	0.01247	0.01302	G
297	0.00338	0.0041	T
298	0.00253	0.00253	G
299	0.00175	0.00178	G
300	0.00266	0.00307	G
301	0.02515	0.02537	A
302	0.0442	0.04426	A
303	0.00381	0.00414	G
304	0.01026	0.01063	A
305	0.00096	0.00099	T
306	0.00087	0.00087	T
307	0.00138	0.00139	T
308	0.05189	0.05586	A
309	0.00511	0.00623	T
310	0.00478	0.00506	A
311	0.00182	0.00187	G
312	0.0021	0.0023	G
313	0.00106	0.00114	T
314	0.00305	0.00379	A
315	0.00119	0.00162	G
316	0.06232	0.06621	A
317	0.00495	0.00495	G
318	0.00466	0.00478	G
319	0.00536	0.0058	C
320	0.00278	0.00294	G
321	0.01026	0.01036	A
322	0.03012	0.03104	C
323	0.00551	0.00553	A
324	0.0102	0.0102	A
325	0.00691	0.00698	A
326	0.00536	0.00538	C
327	0.00241	0.00257	C
328	0.00177	0.00204	T
329	0.00838	0.00877	A
330	0.05087	0.05089	C
331	0.00342	0.00359	C
332	0.00174	0.00212	G
333	0.05423	0.05447	A
334	0.00185	0.00187	G
335	0.00296	0.003	C
336	0.00133	0.00133	C
337	0.00066	0.00081	T
338	0.00141	0.00141	G
339	0.00174	0.00174	G
340	0.00071	0.00084	T
341	0.00231	0.00237	G
342	0.00474	0.00536	A
343	0.00123	0.00142	T
344	0.01115	0.01137	A
345	0.00504	0.00517	G
346	0.0267	0.02722	C
347	0.0052	0.00561	T
348	0.00404	0.00405	G
349	0.0049	0.00494	G
350	0.00271	0.00273	T
351	0.00504	0.00505	T
352	0.00934	0.01012	G
353	0.0118	0.01192	T
354	0.00458	0.00459	C
355	0.00347	0.00349	C
356	0.00453	0.00455	A
357	0.00517	0.00518	A
358	0.00158	0.00163	G
359	0.0301	0.03065	A
360	0.00293	0.00299	T
361	0.06129	0.0616	A
362	0.00295	0.00319	G
363	0.01488	0.01488	A
364	0.02	0.02044	A
365	0.00178	0.00198	T
366	0.05102	0.05205	C
367	0.0022	0.00221	T
368	0.00258	0.00262	T
369	0.01981	0.0238	A
370	0.00987	0.01001	G
371	0.00144	0.00144	T
372	0.00196	0.00204	T
373	0.01087	0.01136	C
374	0.52548	0.52587	A
375	0.00929	0.0094	A
376	0.00803	0.00825	C
377	0.00069	0.0007	T
378	0.00057	0.00059	T
379	0.00058	0.00059	T
380	0.00179	0.0019	A
381	0.00567	0.00569	A
382	0.01259	0.01264	A
383	0.00128	0.00128	T
384	0.00234	0.00235	T
385	0.00968	0.00971	T
386	0.00877	0.00988	G
387	0.00598	0.00615	C
388	0.00428	0.00433	C
389	0.01179	0.01217	C
390	0.03015	0.04072	A
391	0.66428	0.67036	C
392	0.00924	0.01043	A
393	0.00261	0.00527	G
394	0.00762	0.00841	A
395	0.02662	0.02758	A
396	0.41357	0.41475	C
397	0.05937	0.05965	C
398	0.07341	0.07432	C
399	0.01156	0.01488	T
400	0.10031	0.10217	C
401	0.02561	0.02659	T
402	0.02777	0.02841	A
403	0.16639	0.16687	A
404	0.05996	0.06101	A
405	0.00471	0.00538	T
406	0.01814	0.01843	C
407	0.02618	0.02642	C
408	0.03086	0.03089	C
409	0.05276	0.05289	C
410	0.00163	0.00169	T
411	0.00075	0.00077	T
412	0.00171	0.00218	G
413	0.001	0.00128	T
414	0.00309	0.00318	A
415	0.01601	0.0162	A
416	0.02537	0.02559	A
417	0.00083	0.00084	T
418	0.00089	0.0009	T
419	0.00102	0.00102	T
420	0.00559	0.00565	A
421	0.01003	0.01009	A
422	0.04177	0.04208	C
423	0.00162	0.00166	T
424	0.00368	0.00427	G
425	0.00172	0.00172	T
426	0.00121	0.00132	T
427	0.08363	0.09216	A
428	0.00296	0.00304	G
429	0.00399	0.00406	T
430	0.00098	0.00099	C
431	0.00071	0.00075	C
432	0.00135	0.00137	A
433	0.00212	0.00215	A
434	0.0026	0.00262	A
435	0.00213	0.00222	G
436	0.0039	0.00415	A
437	0.0027	0.00271	G
438	0.00281	0.00313	G
439	0.02614	0.02636	A
440	0.02549	0.02604	A
441	0.04388	0.04721	C
442	0.03024	0.03083	A
443	0.00325	0.00351	G
444	0.00104	0.00107	C
445	0.00034	0.00036	T
446	0.00055	0.00059	C
447	0.00029	0.0003	T
448	0.00039	0.0004	T
449	0.00032	0.00032	T
450	0.00075	0.00075	G
451	0.00093	0.00093	G
452	0.00041	0.00053	A
453	0.00062	0.00067	C
454	0.00582	0.00586	A
455	0.51858	0.51895	C
456	0.00097	0.00102	T
457	0.00449	0.00456	A
458	0.00162	0.00163	G
459	0.00401	0.00409	G
460	0.0036	0.00367	A
461	0.00364	0.00366	A
462	0.00557	0.0056	A
463	0.02706	0.02708	A
464	0.01023	0.01023	A
465	0.00658	0.00658	A
466	0.00448	0.00458	C
467	0.00305	0.00306	C
468	0.00144	0.00145	T
469	0.00176	0.00178	T
470	0.00191	0.00243	G
471	0.00128	0.00164	T
472	0.07855	0.07953	A
473	0.00128	0.00145	G
474	0.00182	0.00252	A
475	0.00238	0.00246	G
476	0.00359	0.00368	A
477	0.00113	0.00121	G
478	0.00169	0.0018	A
479	0.00159	0.0017	G
480	0.00171	0.002	T
481	0.0006	0.00063	A
482	0.00056	0.00059	A
483	0.00067	0.00068	A
484	0.0027	0.00271	A
485	0.01187	0.01188	A
486	0.007	0.00701	A
487	0.00138	0.00144	T
488	0.00226	0.00227	T
489	0.00117	0.00127	T
490	0.00622	0.00627	A
491	0.01583	0.01598	A
492	0.02399	0.02572	C
493	0.00863	0.00893	A
494	0.02602	0.02605	C
495	0.02231	0.02232	C
496	0.011	0.01121	C
497	0.00501	0.00654	A
498	0.00059	0.00067	T
499	0.00571	0.00583	A
500	0.00126	0.00138	G
501	0.0004	0.00051	T
502	0.03793	0.03873	A
503	0.00059	0.00061	G
504	0.00048	0.00049	G
505	0.0014	0.00141	C
506	0.00131	0.00135	C
507	0.00047	0.00066	T
508	0.00839	0.00857	A
509	0.00716	0.00722	A
510	0.0111	0.01111	A
511	0.05873	0.05881	A
512	0.00287	0.00362	G
513	0.00796	0.00866	C
514	0.03261	0.03286	A
515	0.00216	0.00226	G
516	0.00114	0.00115	C
517	0.00156	0.00168	C
518	0.00446	0.0054	A
519	0.01243	0.01243	C
520	0.01485	0.01491	C
521	0.00653	0.00653	A
522	0.01472	0.01475	A
523	0.00143	0.00145	T
524	0.00449	0.00458	T
525	0.03381	0.03396	A
526	0.05189	0.05286	A
527	0.00325	0.00392	G
528	0.00598	0.006	A
529	0.06169	0.06171	A
530	0.01076	0.01085	A
531	0.0024	0.00248	G
532	0.00591	0.00632	C
533	0.00278	0.00295	G
534	0.00211	0.00236	T
535	0.00672	0.00684	T
536	0.08977	0.09444	C
537	0.03072	0.0313	A
538	0.08103	0.08166	A
539	0.00207	0.00221	G
540	0.00301	0.00325	C
541	0.00185	0.00234	T
542	0.00724	0.0079	C
543	0.00636	0.00681	A
544	0.02449	0.02522	A
545	0.21094	0.22589	C
546	0.01053	0.0112	A
547	0.04905	0.04922	C
548	0.07228	0.07244	C
549	0.0525	0.05399	C
550	0.01481	0.02489	A
551	0.04989	0.05296	C
552	0.00625	0.00762	T
553	0.0436	0.04472	A
554	0.11257	0.11284	C
555	0.07323	0.07609	C
556	0.01146	0.0136	T
557	0.001	0.00121	A
558	0.00148	0.00154	A
559	0.01115	0.01118	A
560	0.01007	0.01007	A
561	0.01142	0.01145	A
562	0.00671	0.00672	A
563	0.00557	0.00645	T
564	0.01079	0.01085	C
565	0.01662	0.01669	C
566	0.00477	0.0051	C
567	0.02156	0.02187	A
568	0.11519	0.11547	A
569	0.02413	0.02415	A
570	0.01776	0.02019	C
571	0.00373	0.00407	A
572	0.00536	0.00579	T
573	0.02482	0.02642	A
574	0.00352	0.00468	T
575	0.12377	0.12377	A
576	0.06599	0.06783	A
577	0.07253	0.07666	C
578	0.00095	0.00112	T
579	0.00348	0.00393	G
580	0.00289	0.00302	A
581	0.23754	0.23778	A
582	0.00204	0.00221	C
583	0.00138	0.00189	T
584	0.00313	0.00315	C
585	0.00212	0.00218	C
586	0.00525	0.00649	T
587	0.00365	0.00419	C
588	0.01236	0.01714	A
589	0.02669	0.03524	C
590	0.0249	0.02764	A
591	0.07995	0.07995	C
592	0.05084	0.05084	C
593	0.02485	0.02624	C
594	0.00665	0.00673	A
595	0.0076	0.00763	A
596	0.00114	0.00116	T
597	0.00267	0.00273	T
598	0.0027	0.00273	G
599	0.00512	0.00516	G
600	0.01057	0.0116	A
601	0.00479	0.00482	C
602	0.0106	0.01064	C
603	0.01448	0.01453	A
604	0.00435	0.00436	A
605	0.00089	0.00107	T
606	0.00327	0.00337	C
607	0.00231	0.00247	T
608	0.00401	0.00427	A
609	0.00511	0.00894	T
610	0.00386	0.0045	C
611	0.03271	0.0369	A
612	0.0955	0.09564	C
613	0.05482	0.05493	C
614	0.12303	0.12582	C
615	0.00096	0.00134	T
616	0.00475	0.00507	A
617	0.00074	0.00084	T
618	0.00926	0.00955	A
619	0.00386	0.00425	G
620	0.01384	0.01384	A
621	0.01392	0.01427	A
622	0.00331	0.00414	G
623	0.12857	0.1286	A
624	0.02961	0.02987	A
625	0.03499	0.03713	C
626	0.00649	0.00822	T
627	0.01396	0.01405	A
628	0.00552	0.00554	A
629	0.00223	0.00228	T
630	0.00199	0.00209	G
631	0.00063	0.00063	T
632	0.00061	0.00062	T
633	0.0072	0.00843	A
634	0.00837	0.00849	G
635	0.00117	0.0012	T
636	0.00846	0.00878	A
637	0.00111	0.00123	T
638	0.00947	0.00947	A
639	0.01175	0.01196	A
640	0.00266	0.00284	G
641	0.00133	0.00151	T
642	0.08105	0.0811	A
643	0.00873	0.00884	A
644	0.00774	0.00813	C
645	0.03194	0.03271	A
646	0.00701	0.0076	T
647	0.00324	0.0038	G
648	0.00878	0.0089	A
649	0.0041	0.00469	A
650	0.20375	0.2043	A
651	0.03117	0.03127	A
652	0.19892	0.24287	C
653	0.10766	0.10833	A
654	0.00177	0.0018	T
655	0.00211	0.00212	T
656	0.00705	0.00855	C
657	0.00179	0.00185	T
658	0.00587	0.00587	C
659	0.00277	0.00294	C
660	0.00448	0.00538	T
661	0.09663	0.09663	C
662	0.16926	0.16995	C
663	0.00346	0.00373	G
664	0.00468	0.00484	C
665	0.00543	0.00663	A
666	0.0047	0.00554	T
667	0.03601	0.03614	A
668	0.48074	0.49589	A
669	0.0019	0.00214	G
670	0.01726	0.01731	C
671	0.00904	0.0093	C
672	0.002	0.00213	T
673	0.00217	0.00244	G
674	0.45848	0.46453	C
675	0.00209	0.00215	G
676	0.00064	0.00088	T
677	0.00652	0.00663	C
678	0.01266	0.01438	A
679	0.00638	0.00685	G
680	0.08374	0.08558	A
681	0.00846	0.00866	T
682	0.00712	0.0079	T
683	0.02767	0.02793	A
684	0.02179	0.02205	A
685	0.0361	0.03658	A
686	0.06857	0.06895	A
687	0.10503	0.131	C
688	0.03284	0.0332	A
689	0.08903	0.09503	C
690	0.00336	0.00353	T
691	0.0056	0.00643	G
692	0.04447	0.04456	A
693	0.04817	0.04831	A
694	0.00685	0.00705	C
695	0.00138	0.00147	T
696	0.00294	0.00319	G
697	0.00375	0.00394	A
698	0.00444	0.00465	C
699	0.01453	0.01459	A
700	0.04512	0.04526	A
701	0.00181	0.00183	T
702	0.00214	0.00214	T
703	0.00942	0.00944	A
704	0.02214	0.0224	A
705	0.01423	0.01472	C
706	0.01056	0.0121	A
707	0.00475	0.00586	G
708	0.01616	0.01624	C
709	0.08943	0.08956	C
710	0.0265	0.02657	C
711	0.00494	0.00513	A
712	0.00732	0.00748	A
713	0.00149	0.00179	T
714	0.01032	0.0107	A
715	0.00194	0.00282	T
716	0.12581	0.12678	C
717	0.00658	0.00711	T
718	0.0178	0.01844	A
719	0.0213	0.02227	C
720	0.07036	0.07055	A
721	0.07732	0.07844	A
722	0.00333	0.00528	T
723	0.01415	0.01541	C
724	0.0136	0.01378	A
725	0.06019	0.0603	A
726	0.08423	0.08458	C
727	0.06157	0.06209	C
728	0.01083	0.01096	A
729	0.01985	0.02004	A
730	0.02614	0.02769	C
731	0.05177	0.05184	A
732	0.06469	0.06572	A
733	0.00243	0.00289	G
734	0.00381	0.00466	T
735	0.08085	0.08125	C
736	0.01665	0.01701	A
737	0.00192	0.00194	T
738	0.00193	0.00198	T
739	0.0155	0.02384	A
740	0.0026	0.0026	T
741	0.00282	0.0031	T
742	0.03331	0.06401	A
743	0.04327	0.04392	C
744	0.06368	0.06404	C
745	0.04935	0.04953	C
746	0.00651	0.00753	T
747	0.03256	0.03306	C
748	0.0397	0.04055	A
749	0.00739	0.00749	C
750	0.00178	0.00188	T
751	0.00213	0.00228	G
752	0.00158	0.00206	T
753	0.01213	0.01285	C
754	0.01859	0.01881	A
755	0.05819	0.05839	A
756	0.02157	0.02174	C
757	0.0149	0.015	C
758	0.01357	0.01369	C
759	0.0187	0.01907	A
760	0.00991	0.01008	A
761	0.0669	0.0689	C
762	0.02181	0.02377	A
763	0.02071	0.02211	C
764	0.02289	0.02622	A
765	0.00221	0.0023	G
766	0.00263	0.00273	G
767	0.18897	0.19096	C
768	0.0044	0.00482	A
769	0.00093	0.00117	T
770	0.00129	0.00144	G
771	0.00184	0.00205	C
772	0.00081	0.00126	T
773	0.02175	0.02242	C
774	0.00789	0.0086	A
775	0.00054	0.00095	T
776	0.00236	0.00236	A
777	0.00429	0.00436	A
778	0.00088	0.00091	G
779	0.00089	0.00094	G
780	0.00092	0.00094	A
781	0.00207	0.00208	A
782	0.00142	0.00142	A
783	0.0015	0.00154	G
784	0.00096	0.00098	G
785	0.00092	0.00101	T
786	0.0008	0.00089	T
787	0.00025	0.00031	A
788	9e-05	0.0001	A
789	0.00064	0.00064	A
790	0.00137	0.00137	A
791	0.00099	0.00099	A
792	0.00094	0.00094	A
793	0.00168	0.00169	A
794	0.00351	0.00425	G
795	0.00162	0.00234	T
796	0.00102	0.00112	A
797	0.00177	0.0018	A
798	0.00307	0.00307	A
799	0.00379	0.0038	A
800	0.00164	0.00166	G
801	0.00135	0.00142	G
802	0.00773	0.00777	A
803	0.00625	0.0063	A
804	0.0348	0.03803	C
805	0.00386	0.0045	T
806	0.04794	0.0483	C
807	0.00134	0.00136	G
808	0.00149	0.0015	G
809	0.00448	0.00469	C
810	0.00713	0.00713	A
811	0.01287	0.01289	A
812	0.01363	0.01363	A
813	0.00331	0.00382	T
814	0.06513	0.06563	C
815	0.00573	0.00573	T
816	0.00456	0.00462	T
817	0.01031	0.01455	A
818	0.0072	0.00723	C
819	0.00492	0.00497	C
820	0.00509	0.00509	C
821	0.01027	0.01032	C
822	0.00273	0.0032	G
823	0.02003	0.02003	C
824	0.01211	0.01211	C
825	0.00186	0.00227	T
826	0.0026	0.00326	G
827	0.00206	0.00206	T
828	0.00224	0.00225	T
829	0.00274	0.00277	T
830	0.01302	0.01427	A
831	0.03487	0.03495	C
832	0.04304	0.04325	C
833	0.00305	0.00325	A
834	0.00644	0.0067	A
835	0.00539	0.00548	A
836	0.02557	0.02558	A
837	0.01001	0.01001	A
838	0.02388	0.02627	C
839	0.01726	0.01786	A
840	0.00322	0.00376	T
841	0.04547	0.04586	C
842	0.01782	0.01816	A
843	0.00555	0.00555	C
844	0.00375	0.0038	C
845	0.00093	0.00125	T
846	0.01	0.01069	C
847	0.00142	0.00182	T
848	0.01002	0.01084	A
849	0.00316	0.00391	G
850	0.00832	0.00883	C
851	0.05524	0.05693	A
852	0.00275	0.00435	T
853	0.03465	0.03631	C
854	0.0542	0.05526	A
855	0.07663	0.07667	C
856	0.01634	0.01658	C
857	0.00535	0.00745	A
858	0.00152	0.00157	G
859	0.00107	0.00112	T
860	0.00734	0.00734	A
861	0.00083	0.00083	T
862	0.00081	0.00084	T
863	0.00331	0.0039	A
864	0.00178	0.00185	G
865	0.01879	0.01944	A
866	0.00273	0.00278	G
867	0.00376	0.00378	G
868	0.03999	0.04204	C
869	0.01056	0.01115	A
870	0.05169	0.05179	C
871	0.05773	0.0587	C
872	0.00389	0.00423	G
873	0.0087	0.0087	C
874	0.01798	0.01802	C
875	0.00719	0.00955	T
876	0.00422	0.00471	G
877	0.01561	0.01562	C
878	0.00904	0.00906	C
879	0.03011	0.03018	C
880	0.13709	0.16609	A
881	0.00269	0.00278	G
882	0.0028	0.00301	T
883	0.00225	0.00249	G
884	0.0121	0.01251	A
885	0.03016	0.03309	C
886	0.05357	0.05477	A
887	0.0763	0.07995	C
888	0.02464	0.02537	A
889	0.00507	0.00556	T
890	0.00257	0.00292	G
891	0.00188	0.00188	T
892	0.00161	0.00161	T
893	0.00187	0.00189	T
894	0.02192	0.022	A
895	0.02145	0.02164	A
896	0.04636	0.04747	C
897	0.00477	0.00477	G
898	0.00309	0.00309	G
899	0.01391	0.01391	C
900	0.06108	0.06124	C
901	0.00465	0.00528	G
902	0.00282	0.00307	C
903	0.00396	0.00396	G
904	0.00318	0.00329	G
905	0.00167	0.00183	T
906	0.04007	0.0411	A
907	0.06799	0.06841	C
908	0.05276	0.05301	C
909	0.04434	0.04462	C
910	0.00314	0.00346	T
911	0.0208	0.02092	A
912	0.01691	0.01709	A
913	0.02971	0.02977	C
914	0.01953	0.01957	C
915	0.00747	0.00975	G
916	0.00251	0.00292	T
917	0.00464	0.0049	G
918	0.03856	0.04296	C
919	0.03098	0.03105	A
920	0.04202	0.0421	A
921	0.02906	0.02908	A
922	0.01438	0.01446	G
923	0.00559	0.0057	G
924	0.00602	0.00663	T
925	0.03853	0.03892	A
926	0.00762	0.0085	G
927	0.05703	0.05814	C
928	0.04173	0.0424	A
929	0.00339	0.00398	T
930	0.02482	0.02482	A
931	0.03384	0.03677	A
932	0.0025	0.00364	T
933	0.1484	0.15121	C
934	0.05081	0.05094	A
935	0.05074	0.05502	C
936	0.00269	0.00272	T
937	0.00383	0.00383	T
938	0.00254	0.00298	G
939	0.00116	0.00116	T
940	0.0007	0.00072	T
941	0.00454	0.00454	C
942	0.00336	0.00336	C
943	0.00145	0.00146	T
944	0.00191	0.00203	T
945	0.00182	0.00379	A
946	0.00393	0.00408	A
947	0.4695	0.4706	A
948	0.00199	0.00254	T
949	0.02004	0.02304	A
950	0.00185	0.00227	G
951	0.00265	0.00267	G
952	0.00304	0.00304	G
953	0.00791	0.00858	A
954	0.01075	0.01077	C
955	0.09452	0.0946	C
956	0.004	0.00442	T
957	0.00416	0.00454	G
958	0.0055	0.00604	T
959	0.03553	0.03587	A
960	0.00455	0.00463	T
961	0.00529	0.00579	G
962	0.04349	0.04391	A
963	0.04925	0.05018	A
964	0.01195	0.01223	T
965	0.00728	0.00732	G
966	0.00505	0.00529	G
967	0.01578	0.01733	C
968	0.01077	0.01206	T
969	0.03108	0.03123	C
970	0.02578	0.02643	C
971	0.01654	0.02179	A
972	0.06287	0.06527	C
973	0.00498	0.00549	G
974	0.04031	0.04271	A
975	0.00591	0.00598	G
976	0.00532	0.00536	G
977	0.00718	0.00719	G
978	0.00459	0.00466	T
979	0.003	0.00303	T
980	0.13771	0.14669	C
981	0.08333	0.09067	A
982	0.0026	0.00287	G
983	0.01116	0.01137	C
984	0.00142	0.00149	T
985	0.00251	0.00263	G
986	0.00135	0.0014	T
987	0.02346	0.02361	C
988	0.00154	0.00171	T
989	0.02401	0.02426	C
990	0.00103	0.00103	T
991	0.00121	0.00122	T
992	0.00577	0.00841	A
993	0.00876	0.00905	C
994	0.00053	0.00054	T
995	0.00054	0.00054	T
996	0.00073	0.00073	T
997	0.00117	0.00117	T
998	0.01164	0.0119	A
999	0.01076	0.01079	A
1000	0.01426	0.01427	C
1001	0.0076	0.00761	C
1002	0.05624	0.06398	A
1003	0.00163	0.00172	G
1004	0.00075	0.00084	T
1005	0.00133	0.00147	G
1006	0.00886	0.00887	A
1007	0.05031	0.05032	A
1008	0.01515	0.01521	A
1009	0.0025	0.00252	T
1010	0.00279	0.00279	T
1011	0.00266	0.00298	G
1012	0.00962	0.00967	A
1013	0.00684	0.00686	C
1014	0.00414	0.00414	C
1015	0.02501	0.03689	T
1016	0.01212	0.01316	G
1017	0.00251	0.00251	C
1018	0.00105	0.00107	C
1019	0.00287	0.00287	C
1020	0.00205	0.00252	G
1021	0.00135	0.00146	T
1022	0.00286	0.00306	G
1023	0.01192	0.01202	A
1024	0.01807	0.01813	A
1025	0.00149	0.00175	G
1026	0.01026	0.01116	A
1027	0.00117	0.00117	G
1028	0.00081	0.00081	G
1029	0.00409	0.00465	C
1030	0.00082	0.00082	G
1031	0.00082	0.00084	G
1032	0.00099	0.00099	G
1033	0.00077	0.00083	C
1034	0.0008	0.00089	A
1035	0.0002	0.00028	T
1036	0.12226	0.12229	A
1037	0.00743	0.01742	A
1038	0.04456	0.06321	C
1039	0.0022	0.00261	A
1040	0.06405	0.07767	C
1041	0.00299	0.00326	A
1042	0.00148	0.00178	G
1043	0.01636	0.01725	C
1044	0.01307	0.01332	A
1045	0.00959	0.00989	A
1046	0.00172	0.00208	G
1047	0.01339	0.01374	A
1048	0.09206	0.09304	C
1049	0.0103	0.01136	G
1050	0.01538	0.01607	A
1051	0.00445	0.00473	G
1052	0.12035	0.12036	A
1053	0.04562	0.04669	A
1054	0.00427	0.00524	G
1055	0.06891	0.06938	A
1056	0.00547	0.00561	C
1057	0.00137	0.00137	C
1058	0.00099	0.001	C
1059	0.0008	0.00089	T
1060	0.00421	0.00429	A
1061	0.00089	0.00092	T
1062	0.00373	0.00374	G
1063	0.00361	0.00364	G
1064	0.01399	0.01651	A
1065	0.0027	0.00279	G
1066	0.01016	0.01031	C
1067	0.00066	0.00067	T
1068	0.001	0.00101	T
1069	0.00681	0.00686	T
1070	0.01369	0.01387	A
1071	0.01296	0.01348	A
1072	0.00106	0.00107	T
1073	0.00094	0.00095	T
1074	0.00101	0.00102	T
1075	0.08188	0.10005	A
1076	0.00114	0.00115	T
1077	0.00102	0.00103	T
1078	0.00971	0.00976	A
1079	0.01065	0.01072	A
1080	0.00198	0.0022	T
1081	0.00458	0.00494	G
1082	0.0097	0.01141	C
1083	0.01139	0.01162	A
1084	0.02378	0.02423	A
1085	0.04117	0.04145	A
1086	0.20552	0.21377	C
1087	0.08509	0.08688	A
1088	0.01245	0.01696	G
1089	0.00411	0.00566	T
1090	0.0272	0.02763	A
1091	0.23736	0.23842	C
1092	0.06956	0.07333	C
1093	0.0056	0.009	T
1094	0.03676	0.03919	A
1095	0.04276	0.04469	A
1096	0.13061	0.13916	C
1097	0.0451	0.04715	A
1098	0.17878	0.1791	A
1099	0.00744	0.00815	A
1100	0.0123	0.01336	C
1101	0.00887	0.0091	C
1102	0.02012	0.02024	C
1103	0.0138	0.01761	A
1104	0.2325	0.23459	C
1105	0.00765	0.00891	A
1106	0.00364	0.00383	G
1107	0.00526	0.00541	G
1108	0.00136	0.00154	T
1109	0.02383	0.02386	C
1110	0.03138	0.03151	C
1111	0.00218	0.00287	T
1112	0.00462	0.00477	A
1113	0.04248	0.04277	A
1114	0.04511	0.04528	A
1115	0.11354	0.12259	C
1116	0.00408	0.00508	T
1117	0.02339	0.02556	A
1118	0.04565	0.04729	C
1119	0.03597	0.03683	C
1120	0.01288	0.01392	A
1121	0.03401	0.03506	A
1122	0.03707	0.03717	A
1123	0.08356	0.08481	C
1124	0.02501	0.02593	C
1125	0.00094	0.00107	T
1126	0.00175	0.00192	G
1127	0.00338	0.00349	C
1128	0.00729	0.00761	A
1129	0.00127	0.0013	T
1130	0.00136	0.00155	T
1131	0.00095	0.00098	A
1132	0.00396	0.004	A
1133	0.00423	0.00426	A
1134	0.00638	0.00642	A
1135	0.00697	0.00702	A
1136	0.00138	0.00143	T
1137	0.00077	0.00078	T
1138	0.00097	0.00097	T
1139	0.01437	0.01541	C
1140	0.00231	0.00231	G
1141	0.00236	0.00239	G
1142	0.0023	0.00232	T
1143	0.00445	0.00457	T
1144	0.00163	0.00165	G
1145	0.00157	0.00158	G
1146	0.00099	0.00099	G
1147	0.00123	0.00124	G
1148	0.02541	0.03184	C
1149	0.0012	0.00134	G
1150	0.0024	0.00301	A
1151	0.00547	0.00555	C
1152	0.00094	0.00097	C
1153	0.00046	0.00053	T
1154	0.00147	0.00169	C
1155	0.00132	0.00132	G
1156	0.00043	0.00043	G
1157	0.00163	0.00194	A
1158	0.00093	0.0011	G
1159	0.00641	0.00664	C
1160	0.00575	0.00597	A
1161	0.00292	0.00404	G
1162	0.00386	0.00386	A
1163	0.00641	0.00682	A
1164	0.02001	0.02016	C
1165	0.01012	0.01015	C
1166	0.0172	0.01723	C
1167	0.00291	0.00301	A
1168	0.00657	0.00657	A
1169	0.01769	0.01777	C
1170	0.0007	0.0007	C
1171	0.00044	0.00062	T
1172	0.00248	0.00248	C
1173	0.00144	0.00144	C
1174	0.00189	0.00236	G
1175	0.00198	0.00212	A
1176	0.00334	0.00354	G
1177	0.06772	0.06844	C
1178	0.01448	0.01474	A
1179	0.00331	0.00337	G
1180	0.00174	0.00205	T
1181	0.05887	0.05916	A
1182	0.04046	0.04311	C
1183	0.01805	0.01839	A
1184	0.00252	0.00285	T
1185	0.00311	0.00321	G
1186	0.0018	0.00198	C
1187	0.00137	0.00155	T
1188	0.01118	0.01122	A
1189	0.01825	0.01837	A
1190	0.00598	0.00625	G
1191	0.01252	0.01349	A
1192	0.00476	0.00492	C
1193	0.00166	0.00174	T
1194	0.00463	0.00469	T
1195	0.05139	0.05792	C
1196	0.01246	0.0129	A
1197	0.04969	0.04969	C
1198	0.13291	0.13368	C
1199	0.00537	0.00715	A
1200	0.00297	0.00348	G
1201	0.00049	0.00149	T
1202	0.00148	0.00171	C
1203	0.10473	0.10492	A
1204	0.23405	0.23481	A
1205	0.05031	0.0509	A
1206	0.00182	0.002	G
1207	0.00266	0.00281	C
1208	0.00387	0.00465	G
1209	0.0309	0.03191	A
1210	0.05239	0.0526	A
1211	0.17248	0.17837	C
1212	0.00733	0.0077	T
1213	0.05471	0.05578	A
1214	0.10758	0.11409	C
1215	0.00632	0.00702	T
1216	0.07956	0.08587	A
1217	0.00673	0.01008	T
1218	0.0751	0.07809	A
1219	0.16965	0.17754	C
1220	0.00759	0.00792	T
1221	0.1262	0.12893	C
1222	0.01434	0.01472	A
1223	0.02134	0.02144	A
1224	0.00312	0.00312	T
1225	0.00641	0.00643	T
1226	0.00288	0.00337	G
1227	0.01924	0.01949	A
1228	0.01007	0.01045	T
1229	0.11983	0.12012	C
1230	0.02473	0.02515	C
1231	0.0176	0.01803	A
1232	0.0135	0.01448	A
1233	0.00616	0.00721	T
1234	0.05756	0.05768	A
1235	0.06483	0.06811	A
1236	0.15987	0.16853	C
1237	0.00262	0.00267	T
1238	0.00515	0.0052	T
1239	0.00517	0.00621	G
1240	0.01644	0.01676	A
1241	0.0763	0.0763	C
1242	0.017	0.01714	C
1243	0.08414	0.08427	A
1244	0.01432	0.01434	A
1245	0.02822	0.02944	C
1246	0.00286	0.00298	G
1247	0.00244	0.00249	G
1248	0.00784	0.00788	A
1249	0.01275	0.01285	A
1250	0.0411	0.04196	C
1251	0.00524	0.00524	A
1252	0.00551	0.00569	A
1253	0.01721	0.01804	G
1254	0.00087	0.0009	T
1255	0.00082	0.00085	T
1256	0.01242	0.01913	A
1257	0.00594	0.00594	C
1258	0.00207	0.00207	C
1259	0.00468	0.00472	C
1260	0.0007	0.00084	T
1261	0.00396	0.00433	A
1262	0.00142	0.00142	G
1263	0.00118	0.00119	G
1264	0.00206	0.00212	G
1265	0.01303	0.02304	A
1266	0.00165	0.00258	T
1267	0.01551	0.01552	A
1268	0.02064	0.02127	A
1269	0.05456	0.05687	C
1270	0.01652	0.01738	A
1271	0.00255	0.00283	G
1272	0.02884	0.02999	C
1273	0.00335	0.00349	G
1274	0.04506	0.04832	C
1275	0.00752	0.00759	A
1276	0.00926	0.0093	A
1277	0.00131	0.00141	T
1278	0.00682	0.00684	C
1279	0.00385	0.00387	C
1280	0.00089	0.00096	T
1281	0.00698	0.00767	A
1282	0.00106	0.00106	T
1283	0.00129	0.00146	T
1284	0.02786	0.03562	C
1285	0.00176	0.00184	T
1286	0.22389	0.22852	A
1287	0.00196	0.00215	G
1288	0.01043	0.01172	A
1289	0.00253	0.00269	G
1290	0.00807	0.00844	T
1291	0.11262	0.11266	C
1292	0.02026	0.02041	C
1293	0.01875	0.02601	A
1294	0.00221	0.00243	T
1295	0.10504	0.1059	A
1296	0.00153	0.00201	T
1297	0.01678	0.01748	C
1298	0.01823	0.01833	A
1299	0.02019	0.02028	A
1300	0.04786	0.0488	C
1301	0.00734	0.00734	A
1302	0.00843	0.00872	A
1303	0.00119	0.00129	T
1304	0.00977	0.01009	A
1305	0.00184	0.00185	G
1306	0.00203	0.00203	G
1307	0.00303	0.00303	G
1308	0.0014	0.00145	T
1309	0.00168	0.00168	T
1310	0.00211	0.00211	T
1311	0.02528	0.02703	A
1312	0.02387	0.02454	C
1313	0.00261	0.00275	G
1314	0.01701	0.01747	A
1315	0.01034	0.01035	C
1316	0.03204	0.03231	C
1317	0.00159	0.00182	T
1318	0.02237	0.02268	C
1319	0.00246	0.00266	G
1320	0.10975	0.10999	A
1321	0.00225	0.00242	T
1322	0.00378	0.00433	G
1323	0.00283	0.00283	T
1324	0.00268	0.00268	T
1325	0.00252	0.00253	G
1326	0.00215	0.00218	G
1327	0.00534	0.00686	A
1328	0.00149	0.00205	T
1329	0.01478	0.01502	C
1330	0.01355	0.0146	A
1331	0.0027	0.00278	G
1332	0.00139	0.00144	G
1333	0.00382	0.00468	A
1334	0.00658	0.00687	C
1335	0.02892	0.02992	A
1336	0.0028	0.00327	T
1337	0.01114	0.01115	C
1338	0.00888	0.00889	C
1339	0.05155	0.05157	C
1340	0.00256	0.00316	G
1341	0.02712	0.02761	A
1342	0.004	0.00408	T
1343	0.00664	0.00667	G
1344	0.01048	0.01048	G
1345	0.00189	0.00203	T
1346	0.00524	0.00755	G
1347	0.09444	0.10711	C
1348	0.06114	0.06898	A
1349	0.00726	0.00816	G
1350	0.16895	0.16996	C
1351	0.02871	0.02931	C
1352	0.00373	0.00454	G
1353	0.02145	0.02193	C
1354	0.00249	0.00252	T
1355	0.02975	0.03034	A
1356	0.00308	0.00308	T
1357	0.00361	0.00362	T
1358	0.03014	0.03025	A
1359	0.04663	0.04686	A
1360	0.05278	0.05293	A
1361	0.00365	0.00367	G
1362	0.00587	0.00588	G
1363	0.00316	0.00316	T
1364	0.00242	0.00249	T
1365	0.02665	0.02717	C
1366	0.0215	0.02199	G
1367	0.00068	0.0007	T
1368	0.00134	0.00136	T
1369	0.01039	0.01055	T
1370	0.0102	0.01898	G
1371	0.01306	0.01307	T
1372	0.00796	0.00811	T
1373	0.16125	0.1758	C
1374	0.03483	0.03512	A
1375	0.03072	0.03081	A
1376	0.03776	0.03872	C
1377	0.01476	0.01509	G
1378	0.02671	0.0277	A
1379	0.00322	0.00338	T
1380	0.00405	0.00416	T
1381	0.03279	0.03293	A
1382	0.04601	0.04615	A
1383	0.29664	0.29839	A
1384	0.00702	0.00748	G
1385	0.00292	0.0031	T
1386	0.01736	0.01743	C
1387	0.01175	0.01191	C
1388	0.00629	0.00734	T
1389	0.11438	0.11681	A
1390	0.25506	0.25842	C
1391	0.01474	0.01645	G
1392	0.01111	0.01286	T
1393	0.00725	0.00882	G
1394	0.08087	0.08512	A
1395	0.00658	0.00694	T
1396	0.09563	0.09651	C
1397	0.0057	0.00607	T
1398	0.014	0.01577	G
1399	0.09021	0.09319	A
1400	0.01676	0.01741	G
1401	0.01182	0.01217	T
1402	0.00898	0.00914	T
1403	0.136	0.14915	C
1404	0.17003	0.18077	A
1405	0.00402	0.00431	G
1406	0.0103	0.01099	A
1407	0.01291	0.013	C
1408	0.00769	0.00776	C
1409	0.00311	0.00312	G
1410	0.00278	0.00283	G
1411	0.03213	0.03936	A
1412	0.00594	0.00628	G
1413	0.01175	0.01452	T
1414	0.09089	0.0911	A
1415	0.06822	0.07019	A
1416	0.00199	0.00356	T
1417	0.01056	0.01061	C
1418	0.01643	0.01652	C
1419	0.06237	0.14049	A
1420	0.00847	0.00856	G
1421	0.00532	0.00533	G
1422	0.00072	0.00078	T
1423	0.00643	0.00648	C
1424	0.00545	0.00546	G
1425	0.00762	0.00769	G
1426	0.00208	0.00208	T
1427	0.0101	0.0101	T
1428	0.00505	0.00506	T
1429	0.12301	0.12684	C
1430	0.00478	0.00493	T
1431	0.16564	0.16995	A
1432	0.00477	0.00532	T
1433	0.08792	0.09083	C
1434	0.00384	0.00426	T
1435	0.03986	0.04375	A
1436	0.10242	0.10739	C
1437	0.00269	0.00291	T
1438	0.00458	0.00458	T
1439	0.10524	0.11218	C
1440	0.01671	0.01699	A
1441	0.06024	0.06043	A
1442	0.04578	0.04622	A
1443	0.0045	0.00468	T
1444	0.00764	0.00768	T
1445	0.03791	0.03797	C
1446	0.0209	0.02118	C
1447	0.00779	0.00895	T
1448	0.01737	0.01737	C
1449	0.03651	0.03652	C
1450	0.03041	0.03095	C
1451	0.00262	0.00297	T
1452	0.00482	0.00678	G
1453	0.00342	0.00373	T
1454	0.0226	0.02318	A
1455	0.04647	0.04754	C
1456	0.00318	0.00395	G
1457	0.03175	0.03213	A
1458	0.0276	0.02776	A
1459	0.01547	0.01553	A
1460	0.00225	0.00229	G
1461	0.00118	0.0012	G
1462	0.01223	0.01745	A
1463	0.09804	0.10007	C
1464	0.03501	0.03505	A
1465	0.03403	0.03466	A
1466	0.00211	0.00247	G
1467	0.00767	0.00824	A
1468	0.0033	0.00354	G
1469	0.00334	0.00334	A
1470	0.00669	0.00669	A
1471	0.00696	0.00699	A
1472	0.00191	0.00223	T
1473	0.00506	0.00506	A
1474	0.00347	0.00354	A
1475	0.00143	0.00143	G
1476	0.00139	0.0014	G
1477	0.00129	0.00132	C
1478	0.0009	0.00091	C
1479	0.00903	0.00975	T
1480	0.0012	0.00131	A
1481	0.00181	0.00192	C
1482	0.00112	0.00117	T
1483	0.00065	0.00069	T
1484	0.03986	0.04109	C
1485	0.00945	0.00968	A
1486	0.07423	0.07589	C
1487	0.00908	0.00921	A
1488	0.00702	0.00705	A
1489	0.00516	0.00529	A
1490	0.003	0.00309	G
1491	0.00865	0.00872	C
1492	0.00205	0.00227	G
1493	0.00085	0.00087	C
1494	0.00084	0.00087	C
1495	0.00126	0.00128	T
1496	0.00103	0.00126	T
1497	0.02768	0.02794	C
1498	0.07618	0.07666	C
1499	0.09655	0.09695	C
1500	0.08545	0.08563	C
1501	0.13696	0.13716	C
1502	0.00194	0.00243	G
1503	0.00187	0.00218	T
1504	0.00922	0.00924	A
1505	0.0194	0.01943	A
1506	0.09309	0.09325	A
1507	0.00231	0.00245	T
1508	0.00609	0.00665	G
1509	0.00886	0.0092	A
1510	0.01147	0.01175	T
1511	0.03893	0.03946	A
1512	0.00249	0.00303	T
1513	0.07731	0.07985	C
1514	0.02784	0.03107	A
1515	0.00735	0.00868	T
1516	0.04273	0.04416	C
1517	0.0059	0.00997	T
1518	0.01679	0.01831	C
1519	0.17852	0.18394	A
1520	0.0378	0.03796	A
1521	0.0184	0.02079	C
1522	0.00167	0.0018	T
1523	0.00481	0.00509	T
1524	0.00676	0.00904	A
1525	0.00345	0.00404	G
1526	0.20254	0.20302	T
1527	0.03229	0.03265	A
1528	0.00202	0.00203	T
1529	0.00281	0.00293	T
1530	0.01016	0.01503	A
1531	0.00291	0.00374	T
1532	0.01012	0.01093	A
1533	0.02734	0.02785	C
1534	0.01865	0.01875	C
1535	0.0156	0.01567	C
1536	0.00224	0.00382	A
1537	0.00785	0.0087	C
1538	0.00669	0.00781	A
1539	0.00688	0.00688	C
1540	0.00562	0.00562	C
1541	0.009	0.00926	C
1542	0.00251	0.00324	A
1543	0.00063	0.00063	C
1544	0.00046	0.00046	C
1545	0.00057	0.00058	C
1546	0.00157	0.00158	A
1547	0.00295	0.00297	A
1548	0.00058	0.00069	G
1549	0.00097	0.00097	A
1550	0.00291	0.00293	A
1551	0.00876	0.00899	C
1552	0.0015	0.00155	A
1553	0.00017	0.00017	G
1554	0.00027	0.00027	G
1555	0.00032	0.00032	G
1556	5e-05	5e-05	T
1557	0.0	0.0	T
1558	0.0	0.0	T
