Position	Mismatches	Mismatches + Deletions	Base
1	0.0	0.0	A
2	0.0	0.0	T
3	0.0	0.0	T
4	0.08111	0.08111	A
5	0.05914	0.05914	A
6	0.00739	0.00822	T
7	0.04188	0.05077	C
8	0.04212	0.04244	C
9	0.04436	0.04436	C
10	0.03087	0.03087	C
11	0.00608	0.00736	T
12	0.0056	0.00579	G
13	0.00534	0.00536	G
14	0.02892	0.02892	C
15	0.03718	0.03718	C
16	0.04339	0.04352	C
17	0.04054	0.04187	A
18	0.05046	0.0508	A
19	0.06485	0.06508	C
20	0.04315	0.04344	C
21	0.04857	0.04898	C
22	0.00646	0.00906	G
23	0.00748	0.00931	T
24	0.06009	0.06062	C
25	0.06484	0.06712	A
26	0.00915	0.0095	T
27	0.06407	0.06451	C
28	0.00663	0.00711	T
29	0.04622	0.04957	A
30	0.05451	0.0564	C
31	0.00605	0.00638	T
32	0.04602	0.05095	C
33	0.00712	0.00855	T
34	0.06005	0.06426	A
35	0.0884	0.08927	C
36	0.05147	0.05286	C
37	0.04522	0.0563	A
38	0.00646	0.00683	T
39	0.07455	0.07507	C
40	0.00606	0.00612	T
41	0.00869	0.00874	T
42	0.00852	0.00853	T
43	0.00942	0.01652	G
44	0.06797	0.07465	C
45	0.03889	0.04108	A
46	0.00617	0.00626	G
47	0.00744	0.00776	G
48	0.0254	0.02698	C
49	0.07726	0.0802	A
50	0.05248	0.05469	C
51	0.03573	0.03771	A
52	0.03087	0.03253	C
53	0.00458	0.00647	T
54	0.03272	0.0344	C
55	0.05074	0.05785	A
56	0.00832	0.01229	T
57	0.08345	0.08781	C
58	0.07555	0.09074	A
59	0.09116	0.10117	C
60	0.05415	0.06867	A
61	0.00793	0.00879	G
62	0.03912	0.04062	C
63	0.0088	0.00917	G
64	0.05636	0.06104	C
65	0.00997	0.01138	T
66	0.07748	0.07849	A
67	0.08943	0.09178	A
68	0.00882	0.01092	G
69	0.06482	0.0706	C
70	0.00938	0.01054	T
71	0.05059	0.0518	C
72	0.00843	0.00983	G
73	0.02109	0.02187	C
74	0.05821	0.05902	A
75	0.08514	0.08621	C
76	0.00759	0.00773	T
77	0.0066	0.00729	G
78	0.01289	0.01323	A
79	0.00123	0.00126	T
80	0.00238	0.00239	T
81	0.00408	0.0041	T
82	0.00619	0.00619	T
83	0.00664	0.00665	T
84	0.00565	0.00567	T
85	0.07894	0.09176	A
86	0.12109	0.12141	C
87	0.07215	0.07282	C
88	0.00458	0.00566	T
89	0.0041	0.00462	G
90	0.03384	0.03447	A
91	0.0091	0.00949	G
92	0.00437	0.00608	T
93	0.06248	0.06838	A
94	0.00899	0.00912	G
95	0.00467	0.00494	G
96	0.03933	0.03968	C
97	0.02078	0.02121	C
98	0.00489	0.00538	T
99	0.06475	0.06583	A
100	0.00736	0.00821	G
101	0.02894	0.0292	A
102	0.05273	0.05304	A
103	0.0474	0.04798	A
104	0.00995	0.01204	T
105	0.05379	0.05381	A
106	0.05328	0.05331	A
107	0.05853	0.06019	A
108	0.0908	0.1034	C
109	0.05485	0.05617	A
110	0.00913	0.00977	T
111	0.00864	0.00925	G
112	0.05356	0.05774	C
113	0.00809	0.00846	T
114	0.05598	0.05804	A
115	0.00738	0.00784	G
116	0.06399	0.06597	C
117	0.00388	0.00403	T
118	0.00545	0.00558	T
119	0.00696	0.00704	T
120	0.00725	0.00759	T
121	0.05038	0.07397	A
122	0.00947	0.00949	T
123	0.01304	0.0134	T
124	0.06376	0.06662	C
125	0.04787	0.04923	C
126	0.03591	0.05643	A
127	0.01126	0.01215	G
128	0.01058	0.01085	T
129	0.00926	0.00967	T
130	0.05463	0.06443	C
131	0.01297	0.01592	T
132	0.0353	0.0374	A
133	0.03502	0.03568	A
134	0.04763	0.04788	C
135	0.0531	0.05699	C
136	0.00267	0.00367	A
137	0.00164	0.0021	A
138	0.00219	0.00267	A
139	0.02737	0.02758	A
140	0.01723	0.01732	A
141	0.02956	0.02982	A
142	0.02788	0.02847	A
143	0.04754	0.05165	T
144	0.03299	0.03302	A
145	0.03504	0.03516	A
146	0.04352	0.04443	A
147	0.04646	0.04842	C
148	0.02582	0.02601	C
149	0.02695	0.0272	C
150	0.00773	0.00868	T
151	0.05072	0.05104	C
152	0.00859	0.01107	G
153	0.00804	0.00814	T
154	0.00767	0.00786	T
155	0.04898	0.04918	C
156	0.04674	0.04725	C
157	0.02889	0.04109	A
158	0.07137	0.07312	C
159	0.04625	0.05529	A
160	0.00647	0.00908	G
161	0.03804	0.03807	A
162	0.04082	0.04429	A
163	0.00685	0.00809	G
164	0.04148	0.04847	C
165	0.01159	0.01185	T
166	0.00713	0.00734	G
167	0.03924	0.03928	C
168	0.02004	0.0203	C
169	0.02998	0.03492	A
170	0.00567	0.00719	T
171	0.05234	0.05292	C
172	0.04727	0.04742	A
173	0.08273	0.08488	A
174	0.00892	0.01141	G
175	0.00561	0.00591	T
176	0.0488	0.05019	A
177	0.00364	0.00366	T
178	0.00643	0.00643	T
179	0.00534	0.00537	T
180	0.03818	0.03837	C
181	0.03776	0.03825	C
182	0.0156	0.02614	T
183	0.04525	0.04808	C
184	0.02401	0.0304	A
185	0.06883	0.07072	C
186	0.00803	0.01011	G
187	0.0356	0.04429	C
188	0.03352	0.03422	A
189	0.053	0.05364	A
190	0.00777	0.01046	G
191	0.0463	0.0527	C
192	0.03482	0.03531	A
193	0.03952	0.03994	A
194	0.0473	0.04779	C
195	0.04583	0.047	C
196	0.00725	0.01252	G
197	0.02879	0.03623	C
198	0.03211	0.03663	A
199	0.00974	0.0104	T
200	0.04096	0.04118	C
201	0.03526	0.03585	C
202	0.0305	0.04521	A
203	0.00753	0.0088	T
204	0.03763	0.03828	A
205	0.03711	0.04554	A
206	0.00626	0.00741	T
207	0.04425	0.04644	C
208	0.0333	0.03417	C
209	0.00568	0.00573	T
210	0.0059	0.00603	T
211	0.03591	0.04629	C
212	0.00694	0.00766	T
213	0.04468	0.04733	A
214	0.04128	0.04384	A
215	0.00764	0.00859	T
216	0.04444	0.04665	A
217	0.00637	0.0072	G
218	0.05057	0.05326	C
219	0.0064	0.00695	T
220	0.04297	0.04518	A
221	0.00609	0.00715	T
222	0.04504	0.04576	C
223	0.0291	0.03027	C
224	0.00476	0.0055	T
225	0.04572	0.04715	C
226	0.00624	0.00626	T
227	0.0064	0.00657	T
228	0.04643	0.04866	C
229	0.03389	0.03472	A
230	0.02988	0.03025	A
231	0.05112	0.05348	C
232	0.04109	0.04152	A
233	0.03959	0.04031	A
234	0.00733	0.00795	T
235	0.0497	0.05133	A
236	0.00712	0.00836	T
237	0.04891	0.04998	A
238	0.04741	0.05075	C
239	0.00738	0.00772	T
240	0.02665	0.02823	C
241	0.00697	0.0078	T
242	0.03512	0.03514	C
243	0.02413	0.02457	C
244	0.00469	0.00483	G
245	0.00464	0.00479	G
246	0.01983	0.0271	A
247	0.04009	0.04084	C
248	0.04301	0.04343	A
249	0.04201	0.04302	A
250	0.00967	0.0102	T
251	0.00848	0.01153	G
252	0.03052	0.03075	A
253	0.02777	0.028	A
254	0.03366	0.03386	C
255	0.02224	0.02244	C
256	0.01438	0.03609	A
257	0.00685	0.00917	T
258	0.03324	0.0333	A
259	0.02521	0.02634	A
260	0.03728	0.03772	C
261	0.026	0.0263	C
262	0.01901	0.01913	A
263	0.02686	0.02763	A
264	0.00728	0.00803	T
265	0.04595	0.04649	A
266	0.05114	0.05466	C
267	0.01063	0.0123	T
268	0.03391	0.03504	A
269	0.04977	0.05083	C
270	0.03695	0.03743	C
271	0.02077	0.02094	A
272	0.02972	0.03047	A
273	0.00895	0.0103	T
274	0.04943	0.05121	C
275	0.03974	0.04069	A
276	0.03314	0.03628	A
277	0.00857	0.0094	T
278	0.03851	0.04061	A
279	0.05286	0.0556	C
280	0.00827	0.00926	T
281	0.04139	0.04394	C
282	0.02885	0.03271	A
283	0.00875	0.01045	T
284	0.04312	0.04484	C
285	0.03332	0.03603	A
286	0.00947	0.00958	T
287	0.00816	0.00861	T
288	0.03397	0.03493	A
289	0.03929	0.03992	A
290	0.00813	0.00976	T
291	0.03915	0.03928	A
292	0.04192	0.04803	A
293	0.0078	0.0108	T
294	0.07036	0.0737	C
295	0.0489	0.05241	A
296	0.00865	0.01008	T
297	0.0491	0.04924	A
298	0.03671	0.04407	A
299	0.00778	0.0089	T
300	0.75107	0.75351	A
301	0.00442	0.00473	G
302	0.02475	0.02517	C
303	0.00458	0.00535	T
304	0.03195	0.04037	A
305	0.00639	0.00713	T
306	0.0603	0.06241	A
307	0.00862	0.00962	G
308	0.06311	0.06453	C
309	0.04516	0.04532	A
310	0.0436	0.04469	A
311	0.01189	0.01386	T
312	0.04125	0.04139	A
313	0.02443	0.02447	A
314	0.04238	0.04242	A
315	0.05858	0.06049	A
316	0.07314	0.09729	C
317	0.0084	0.0088	T
318	0.05537	0.0572	A
319	0.00714	0.00738	G
320	0.00814	0.00822	G
321	0.04774	0.0478	A
322	0.04302	0.04371	A
323	0.00892	0.00989	T
324	0.04264	0.04539	A
325	0.01321	0.0143	G
326	0.0188	0.01927	C
327	0.01291	0.01298	C
328	0.08419	0.08425	C
329	0.05997	0.06	C
330	0.06505	0.06505	C
331	0.00486	0.0053	T
332	0.00811	0.00831	T
333	0.00921	0.00936	T
334	0.08586	0.09033	C
335	0.05162	0.05367	A
336	0.08103	0.08318	C
337	0.0075	0.00768	T
338	0.00746	0.00753	T
339	0.05574	0.0657	C
340	0.00787	0.00819	T
341	0.00781	0.01076	G
342	0.0945	0.09903	A
343	0.01056	0.011	G
344	0.00923	0.01049	T
345	0.08671	0.08689	C
346	0.06798	0.06811	C
347	0.03088	0.03097	C
348	0.02166	0.03589	A
349	0.00588	0.00611	G
350	0.02934	0.03032	A
351	0.00596	0.00597	G
352	0.00636	0.00642	G
353	0.00733	0.00756	T
354	0.0098	0.01015	T
355	0.05396	0.08769	A
356	0.09329	0.09349	C
357	0.05896	0.05915	C
358	0.05103	0.05133	C
359	0.05628	0.05694	A
360	0.07635	0.07714	A
361	0.00883	0.00936	G
362	0.01029	0.01157	G
363	0.05348	0.0577	C
364	0.07099	0.07875	A
365	0.07812	0.07898	C
366	0.05879	0.05884	C
367	0.01626	0.01628	C
368	0.02291	0.02311	C
369	0.0038	0.0044	T
370	0.03028	0.03067	C
371	0.00481	0.00528	T
372	0.00632	0.0073	G
373	0.07496	0.07584	A
374	0.07631	0.07918	C
375	0.06522	0.06859	A
376	0.0088	0.00991	T
377	0.07354	0.07409	C
378	0.05663	0.05761	C
379	0.0072	0.00753	G
380	0.00914	0.0092	G
381	0.04865	0.04873	C
382	0.03025	0.03084	C
383	0.00549	0.00673	T
384	0.00677	0.00763	G
385	0.05544	0.05703	C
386	0.0049	0.00491	T
387	0.00632	0.0064	T
388	0.05417	0.06848	C
389	0.00886	0.00886	T
390	0.00992	0.0102	T
391	0.05873	0.06626	C
392	0.01328	0.01458	T
393	0.06723	0.07056	C
394	0.03981	0.04227	A
395	0.07507	0.07779	C
396	0.05621	0.05949	A
397	0.01115	0.01233	T
398	0.00958	0.01082	G
399	0.04319	0.04382	A
400	0.0908	0.09704	C
401	0.02107	0.02117	A
402	0.02829	0.02861	A
403	0.02259	0.02283	A
404	0.03976	0.03989	A
405	0.04101	0.04123	A
406	0.06058	0.07517	C
407	0.0121	0.01372	T
408	0.06423	0.07058	A
409	0.02148	0.02315	G
410	0.04045	0.04078	C
411	0.0246	0.02487	C
412	0.03839	0.03865	C
413	0.0341	0.0343	C
414	0.03025	0.03045	C
415	0.02508	0.03148	A
416	0.00755	0.0084	T
417	0.04313	0.0436	C
418	0.00649	0.00774	T
419	0.05659	0.05787	C
420	0.0334	0.03535	A
421	0.04247	0.04366	A
422	0.00685	0.00913	T
423	0.06557	0.0678	C
424	0.04077	0.04589	A
425	0.00832	0.00893	T
426	0.04914	0.05673	A
427	0.01039	0.01206	T
428	0.04874	0.05008	A
429	0.06806	0.06937	C
430	0.0422	0.04361	C
431	0.01623	0.01645	A
432	0.03887	0.0392	A
433	0.04322	0.04433	A
434	0.00894	0.01027	T
435	0.05952	0.06067	C
436	0.0129	0.0139	T
437	0.04519	0.04814	C
438	0.01251	0.01347	T
439	0.05019	0.0503	C
440	0.03494	0.03495	C
441	0.02679	0.02802	C
442	0.00805	0.00941	T
443	0.03667	0.03768	C
444	0.02819	0.02972	A
445	0.04798	0.05023	C
446	0.00758	0.00901	T
447	0.0208	0.02135	A
448	0.0407	0.0416	A
449	0.04269	0.04287	A
450	0.07522	0.08038	C
451	0.00893	0.00956	G
452	0.0055	0.00785	T
453	0.04452	0.04486	A
454	0.0556	0.05691	A
455	0.00609	0.00686	G
456	0.04581	0.04637	C
457	0.03951	0.03972	C
458	0.00616	0.00647	T
459	0.01101	0.01122	T
460	0.04276	0.05516	C
461	0.00706	0.00814	T
462	0.0446	0.04467	C
463	0.03127	0.03305	C
464	0.01104	0.01299	T
465	0.03951	0.04248	C
466	0.03979	0.04237	A
467	0.05069	0.0534	C
468	0.00755	0.00809	T
469	0.04506	0.04779	C
470	0.01326	0.01393	T
471	0.05196	0.05394	C
472	0.00833	0.00992	T
473	0.06334	0.06512	C
474	0.03805	0.04188	A
475	0.04572	0.04755	A
476	0.0089	0.01014	T
477	0.07637	0.07763	C
478	0.00925	0.0094	T
479	0.00926	0.00951	T
480	0.01679	0.04909	A
481	0.01099	0.01156	T
482	0.05574	0.05681	C
483	0.02758	0.02921	C
484	0.03228	0.03778	A
485	0.00566	0.00832	T
486	0.05081	0.05185	C
487	0.05475	0.06608	A
488	0.00819	0.00954	T
489	0.05715	0.0638	A
490	0.01495	0.01862	G
491	0.06163	0.0666	C
492	0.05133	0.05495	A
493	0.00591	0.00597	G
494	0.00484	0.00509	G
495	0.0506	0.05134	C
496	0.04551	0.04628	A
497	0.01012	0.01033	G
498	0.00448	0.0047	T
499	0.00562	0.00568	T
500	0.00716	0.00764	G
501	0.03483	0.03543	A
502	0.00618	0.00618	G
503	0.00791	0.00802	G
504	0.00759	0.00816	T
505	0.00563	0.00563	G
506	0.00494	0.00503	G
507	0.03475	0.05448	A
508	0.00777	0.00803	T
509	0.00897	0.0093	T
510	0.04604	0.04661	A
511	0.04743	0.04851	A
512	0.05447	0.05496	A
513	0.06586	0.06715	C
514	0.03573	0.03664	C
515	0.02664	0.02743	A
516	0.04937	0.05032	A
517	0.04545	0.04579	A
518	0.05698	0.05851	C
519	0.03862	0.03892	C
520	0.03558	0.03585	C
521	0.04178	0.06171	A
522	0.0085	0.00964	G
523	0.03481	0.03646	C
524	0.00662	0.00756	T
525	0.04078	0.04257	A
526	0.08277	0.08384	C
527	0.01011	0.01107	G
528	0.06511	0.06913	C
529	0.03803	0.03911	A
530	0.02816	0.02863	A
531	0.04679	0.04703	A
532	0.04931	0.0496	A
533	0.007	0.00917	T
534	0.06544	0.06651	C
535	0.00717	0.00721	T
536	0.00686	0.00707	T
537	0.03136	0.04766	A
538	0.01326	0.01552	G
539	0.04169	0.043	C
540	0.0613	0.06371	A
541	0.00787	0.00902	T
542	0.06463	0.06829	A
543	0.05788	0.06198	C
544	0.00601	0.00658	T
545	0.02763	0.02771	C
546	0.02036	0.02121	C
547	0.00465	0.00541	T
548	0.045	0.04581	C
549	0.02777	0.02987	A
550	0.04105	0.04166	A
551	0.00847	0.00871	T
552	0.00961	0.01011	T
553	0.02791	0.05633	A
554	0.04284	0.0432	C
555	0.02281	0.0231	C
556	0.03574	0.036	C
557	0.02708	0.03212	A
558	0.06777	0.07041	C
559	0.05638	0.06288	A
560	0.00733	0.00829	T
561	0.0511	0.0521	A
562	0.00527	0.00553	G
563	0.00496	0.00512	G
564	0.02493	0.03669	A
565	0.00642	0.00655	T
566	0.00576	0.00663	G
567	0.04006	0.04048	A
568	0.03455	0.03518	A
569	0.00632	0.00726	T
570	0.04832	0.04836	A
571	0.04619	0.05341	A
572	0.007	0.00771	T
573	0.05004	0.05429	A
574	0.00803	0.00953	G
575	0.05169	0.05251	C
576	0.04375	0.04605	A
577	0.01185	0.01229	G
578	0.00678	0.007	T
579	0.00614	0.00637	T
580	0.04524	0.04878	C
581	0.00914	0.00978	T
582	0.05587	0.05823	A
583	0.07085	0.07104	C
584	0.0488	0.04991	C
585	0.00903	0.01469	G
586	0.00764	0.00889	T
587	0.04452	0.04546	A
588	0.07194	0.07769	C
589	0.03816	0.03909	A
590	0.03247	0.03435	A
591	0.04044	0.04088	C
592	0.02618	0.02744	C
593	0.01852	0.01971	C
594	0.0067	0.00799	T
595	0.03714	0.03804	A
596	0.03619	0.03728	A
597	0.05283	0.05411	C
598	0.0451	0.05199	A
599	0.00598	0.01058	T
600	0.04294	0.04308	A
601	0.04417	0.04783	A
602	0.05937	0.0613	C
603	0.03827	0.03958	C
604	0.04616	0.05132	A
605	0.00737	0.00792	T
606	0.00631	0.00675	T
607	0.05708	0.07273	C
608	0.0083	0.00891	T
609	0.00885	0.00957	T
610	0.03298	0.03455	A
611	0.04822	0.05203	A
612	0.0062	0.00674	T
613	0.00687	0.00729	T
614	0.00736	0.00755	T
615	0.05108	0.0522	A
616	0.0656	0.06787	A
617	0.06675	0.07406	C
618	0.00543	0.00576	T
619	0.04455	0.05054	A
620	0.00537	0.00573	T
621	0.00721	0.00729	T
622	0.00643	0.00661	T
623	0.04298	0.05304	A
624	0.00695	0.0074	T
625	0.07738	0.08426	A
626	0.00733	0.00734	T
627	0.00711	0.00772	T
628	0.02829	0.06581	A
629	0.0072	0.00785	T
630	0.05826	0.06094	C
631	0.02347	0.02459	C
632	0.00592	0.00685	T
633	0.04384	0.0449	A
634	0.0492	0.04977	A
635	0.06608	0.07297	C
636	0.0064	0.00799	T
637	0.05758	0.06102	A
638	0.06806	0.07887	C
639	0.00982	0.01223	T
640	0.04918	0.05808	A
641	0.06197	0.06399	C
642	0.04982	0.05264	C
643	0.00681	0.00945	G
644	0.05042	0.05376	C
645	0.05321	0.05712	A
646	0.00741	0.00765	T
647	0.00619	0.00621	T
648	0.0499	0.05009	C
649	0.03423	0.03507	C
650	0.00583	0.00665	T
651	0.04886	0.05078	A
652	0.06284	0.06837	C
653	0.00765	0.01032	T
654	0.05017	0.05483	A
655	0.06036	0.06722	C
656	0.00726	0.00967	T
657	0.05778	0.06335	C
658	0.044	0.04675	A
659	0.04226	0.04261	A
660	0.06537	0.06958	C
661	0.0064	0.00688	T
662	0.00671	0.00695	T
663	0.03077	0.03133	A
664	0.04585	0.04627	A
665	0.04839	0.04886	A
666	0.04784	0.0519	C
667	0.00766	0.00814	T
668	0.03819	0.0384	C
669	0.02808	0.02906	C
670	0.0359	0.05882	A
671	0.01028	0.01199	G
672	0.04299	0.04472	C
673	0.03579	0.03744	A
674	0.03117	0.03125	C
675	0.02346	0.02445	C
676	0.02361	0.03182	A
677	0.0556	0.05824	C
678	0.00842	0.01046	G
679	0.03632	0.03795	A
680	0.02771	0.02776	C
681	0.02317	0.02333	C
682	0.05414	0.05442	C
683	0.00684	0.00853	T
684	0.04325	0.04515	A
685	0.06134	0.06623	C
686	0.00725	0.00941	T
687	0.05822	0.06165	A
688	0.06912	0.07915	C
689	0.0074	0.00779	T
690	0.06428	0.07048	A
691	0.00736	0.00808	T
692	0.03548	0.03702	C
693	0.01191	0.01304	T
694	0.04015	0.04139	C
695	0.01243	0.014	G
696	0.03098	0.03243	C
697	0.02992	0.03048	A
698	0.04062	0.04063	C
699	0.0508	0.05141	C
700	0.00669	0.00838	T
701	0.00802	0.01072	G
702	0.04154	0.04204	A
703	0.04727	0.04762	A
704	0.03845	0.03869	A
705	0.06174	0.06921	C
706	0.04296	0.04372	A
707	0.04971	0.05134	A
708	0.00788	0.00921	G
709	0.04555	0.04828	C
710	0.00761	0.00838	T
711	0.03977	0.04011	A
712	0.04142	0.04173	A
713	0.05744	0.05925	C
714	0.04357	0.04549	A
715	0.0153	0.01588	T
716	0.00753	0.008	G
717	0.05113	0.0517	A
718	0.04753	0.04895	C
719	0.00926	0.01105	T
720	0.04233	0.0437	A
721	0.04266	0.04522	A
722	0.05431	0.05864	C
723	0.03272	0.04248	A
724	0.04342	0.04364	C
725	0.03014	0.03042	C
726	0.03234	0.03312	C
727	0.00602	0.00611	T
728	0.00766	0.00781	T
729	0.03998	0.04086	A
730	0.05706	0.05806	A
731	0.00686	0.00713	T
732	0.0089	0.00913	T
733	0.05389	0.05442	C
734	0.03578	0.03678	C
735	0.03132	0.04171	A
736	0.02095	0.02267	T
737	0.0458	0.04643	C
738	0.0453	0.04893	C
739	0.03387	0.04597	A
740	0.09366	0.09405	C
741	0.01355	0.01359	C
742	0.01161	0.01271	C
743	0.00359	0.00436	T
744	0.01707	0.01709	C
745	0.01205	0.01273	C
746	0.00578	0.00843	T
747	0.07462	0.07854	C
748	0.00857	0.02315	T
749	0.06452	0.06452	C
750	0.06017	0.06017	C
751	0.05425	0.05648	C
752	0.0091	0.00956	T
753	0.04244	0.04478	A
754	0.00512	0.00527	G
755	0.00486	0.005	G
756	0.01909	0.02391	A
757	0.0057	0.00578	G
758	0.0047	0.00484	G
759	0.1146	0.11498	C
760	0.04256	0.04314	C
761	0.00996	0.01249	T
762	0.01255	0.01411	G
763	0.03174	0.03188	C
764	0.02176	0.02191	C
765	0.03666	0.03678	C
766	0.03493	0.03497	C
767	0.04395	0.04401	C
768	0.00661	0.00884	G
769	0.05022	0.05255	C
770	0.0065	0.00715	T
771	0.05088	0.05195	A
772	0.05664	0.05731	A
773	0.08427	0.08471	C
774	0.05402	0.0551	C
775	0.0049	0.00492	G
776	0.0056	0.00569	G
777	0.04509	0.04552	C
778	0.00297	0.00302	T
779	0.00364	0.00364	T
780	0.00639	0.00641	T
781	0.00997	0.00997	T
782	0.0119	0.0119	T
783	0.00599	0.00692	G
784	0.00978	0.00981	C
785	0.00687	0.00687	C
786	0.02388	0.02397	C
787	0.01762	0.0179	A
788	0.06002	0.06012	A
789	0.06394	0.0642	A
790	0.01629	0.01772	T
791	0.00592	0.00597	G
792	0.00536	0.00555	G
793	0.00553	0.00554	G
794	0.01654	0.01657	C
795	0.09295	0.09309	C
796	0.03016	0.03963	A
797	0.00728	0.0073	T
798	0.00725	0.00742	T
799	0.03308	0.05623	A
800	0.00978	0.0104	T
801	0.0672	0.06943	C
802	0.01455	0.0168	G
803	0.05515	0.05563	A
804	0.05786	0.05846	A
805	0.01127	0.02007	G
806	0.0475	0.04763	A
807	0.05126	0.0519	A
808	0.00972	0.01	T
809	0.01264	0.01369	T
810	0.05872	0.06189	C
811	0.03559	0.03694	A
812	0.0741	0.08748	C
813	0.00313	0.00322	A
814	0.01138	0.01142	A
815	0.03115	0.0313	A
816	0.02525	0.02554	A
817	0.03626	0.03642	A
818	0.02661	0.02672	A
819	0.08327	0.09408	C
820	0.04708	0.04709	A
821	0.04689	0.04746	A
822	0.00956	0.01054	T
823	0.07191	0.07391	A
824	0.00894	0.00947	G
825	0.04387	0.04423	C
826	0.0308	0.03111	C
827	0.00694	0.00809	T
828	0.05116	0.05274	C
829	0.04574	0.05241	A
830	0.00863	0.01209	T
831	0.06091	0.06423	C
832	0.05309	0.06282	A
833	0.01395	0.01564	T
834	0.03807	0.03915	C
835	0.02417	0.02513	C
836	0.02404	0.02419	C
837	0.02467	0.02513	C
838	0.02997	0.03842	A
839	0.05017	0.0502	C
840	0.02848	0.02954	C
841	0.03772	0.04327	A
842	0.00813	0.01087	T
843	0.0542	0.05513	C
844	0.05547	0.06554	A
845	0.00848	0.00971	T
846	0.06236	0.07015	A
847	0.01145	0.01216	G
848	0.03122	0.03176	C
849	0.02036	0.0209	C
850	0.03074	0.04101	A
851	0.05011	0.05019	C
852	0.03427	0.03505	C
853	0.04019	0.05018	A
854	0.01131	0.01726	T
855	0.05242	0.05536	C
856	0.0445	0.04782	A
857	0.05924	0.05967	C
858	0.03275	0.03279	C
859	0.0277	0.02913	C
860	0.00611	0.00764	T
861	0.04633	0.04634	C
862	0.03795	0.03991	C
863	0.00515	0.00527	T
864	0.00919	0.00965	T
865	0.03263	0.03449	A
866	0.05207	0.05257	A
867	0.07234	0.07282	C
868	0.0364	0.03896	C
869	0.00514	0.00561	T
870	0.8611	0.87607	C
871	0.00633	0.00755	T
872	0.05943	0.06141	A
873	0.07196	0.07728	C
874	0.00744	0.00764	T
875	0.00898	0.00916	T
876	0.04872	0.05761	C
877	0.00881	0.00965	T
878	0.05104	0.05373	A
879	0.06127	0.06159	C
880	0.02679	0.02991	C
881	0.03086	0.03337	T
882	0.03993	0.05366	A
883	0.07429	0.0774	C
884	0.00879	0.01011	G
885	0.03955	0.03958	C
886	0.02122	0.02169	C
887	0.0073	0.00852	T
888	0.0401	0.04091	A
889	0.04193	0.04275	A
890	0.0079	0.00825	T
891	0.04831	0.04991	C
892	0.00677	0.00766	T
893	0.03829	0.04665	A
894	0.03603	0.0377	C
895	0.01481	0.01673	T
896	0.02638	0.02647	C
897	0.01935	0.02007	C
898	0.02309	0.02944	A
899	0.04237	0.0424	C
900	0.02227	0.0232	C
901	0.00566	0.00734	T
902	0.04745	0.04839	C
903	0.03129	0.03377	A
904	0.04072	0.04157	A
905	0.00781	0.01075	T
906	0.03781	0.03921	C
907	0.03473	0.03587	A
908	0.04605	0.04947	C
909	0.0397	0.04058	A
910	0.04686	0.04899	C
911	0.00908	0.00994	T
912	0.04697	0.05318	A
913	0.04548	0.04835	C
914	0.0194	0.02071	T
915	0.02709	0.02714	C
916	0.02245	0.02248	C
917	0.0261	0.02611	C
918	0.02489	0.02532	C
919	0.02094	0.0312	A
920	0.00855	0.00936	T
921	0.02905	0.03007	A
922	0.00745	0.00806	T
923	0.0376	0.0382	C
924	0.00715	0.00842	T
925	0.03567	0.03618	A
926	0.03202	0.03276	A
927	0.05272	0.05585	C
928	0.02669	0.02685	A
929	0.02683	0.02729	A
930	0.05961	0.06162	C
931	0.01603	0.01821	G
932	0.00681	0.00954	T
933	0.00332	0.00376	A
934	0.02361	0.02442	A
935	0.01946	0.01954	A
936	0.03078	0.03189	A
937	0.02816	0.02882	A
938	0.02285	0.02631	T
939	0.02877	0.02877	A
940	0.01815	0.01817	A
941	0.03756	0.03756	A
942	0.04614	0.04846	A
943	0.00781	0.0089	T
944	0.00939	0.01099	G
945	0.04912	0.04977	A
946	0.06991	0.07115	C
947	0.05131	0.05199	A
948	0.01385	0.01446	G
949	0.00601	0.00617	T
950	0.0085	0.00876	T
951	0.00856	0.00861	T
952	0.01031	0.01366	G
953	0.05082	0.05139	A
954	0.04057	0.04083	A
955	0.07675	0.07905	C
956	0.04812	0.05037	A
957	0.00865	0.01027	T
958	0.03821	0.03899	A
959	0.08006	0.08527	C
960	0.04122	0.04126	A
961	0.0247	0.0247	A
962	0.04399	0.04399	A
963	0.04757	0.04798	A
964	0.04744	0.05142	C
965	0.03024	0.03069	C
966	0.02447	0.025	C
967	0.03526	0.04957	A
968	0.03276	0.03285	C
969	0.04284	0.04285	C
970	0.02796	0.02797	C
971	0.02648	0.02687	C
972	0.05423	0.05763	A
973	0.01051	0.03465	T
974	0.01135	0.01158	T
975	0.04337	0.04358	C
976	0.02936	0.03008	C
977	0.00856	0.01068	T
978	0.0289	0.02891	C
979	0.02222	0.02223	C
980	0.02923	0.02924	C
981	0.03093	0.03124	C
982	0.02228	0.03885	A
983	0.04752	0.05	C
984	0.03999	0.04313	A
985	0.04546	0.04767	C
986	0.00739	0.00937	T
987	0.04209	0.04381	C
988	0.0403	0.04564	A
989	0.01951	0.02136	T
990	0.06513	0.06745	C
991	0.01114	0.01227	G
992	0.03461	0.0347	C
993	0.02939	0.02939	C
994	0.02263	0.02274	C
995	0.00721	0.00727	T
996	0.00866	0.00926	T
997	0.05683	0.07388	A
998	0.0496	0.04999	C
999	0.02934	0.03027	C
1000	0.02742	0.03803	A
1001	0.06744	0.06853	C
1002	0.01089	0.01235	G
1003	0.04729	0.04812	C
1004	0.00578	0.00663	T
1005	0.04186	0.04839	A
1006	0.042	0.04361	C
1007	0.00694	0.00775	T
1008	0.03663	0.0367	C
1009	0.02122	0.02324	C
1010	0.00862	0.00957	T
1011	0.03885	0.04074	A
1012	0.0566	0.05714	C
1013	0.02693	0.03029	C
1014	0.00649	0.00695	T
1015	0.043	0.04779	A
1016	0.01611	0.0169	T
1017	0.04791	0.05011	C
1018	0.02049	0.02253	T
1019	0.01987	0.02004	C
1020	0.01837	0.0185	C
1021	0.01038	0.01042	C
1022	0.02343	0.02356	C
1023	0.00452	0.00461	T
1024	0.00389	0.00391	T
1025	0.00414	0.00414	T
1026	0.00385	0.00397	T
1027	0.02133	0.02682	A
1028	0.00443	0.0047	T
1029	0.01398	0.01476	A
1030	0.02499	0.02627	C
1031	0.00483	0.00575	T
1032	0.01539	0.01551	A
1033	0.01581	0.01603	A
1034	0.0042	0.00556	T
1035	0.01793	0.01793	A
1036	0.00851	0.00882	A
1037	0.004	0.00406	T
1038	0.00916	0.00953	C
1039	0.00335	0.00335	T
1040	0.00361	0.00361	T
1041	0.00317	0.00317	A
1042	0.00032	0.00032	T
1043	0.0	0.0	A
1044	0.0	0.0	G
