Position	Mismatches	Mismatches + Deletions	Base
1	0.0	0.0	A
2	0.0	0.0	C
3	0.0	0.0	A
4	0.00785	0.00785	T
5	0.04541	0.04541	A
6	0.04983	0.05122	C
7	0.03031	0.03031	C
8	0.03196	0.03196	C
9	0.04024	0.05644	A
10	0.00742	0.00842	T
11	0.00792	0.00811	G
12	0.00633	0.00633	G
13	0.03819	0.03825	C
14	0.03575	0.03598	C
15	0.03754	0.03789	A
16	0.05087	0.05097	A
17	0.06015	0.06051	C
18	0.03206	0.03347	C
19	0.00521	0.00619	T
20	0.04652	0.04652	C
21	0.03565	0.03729	C
22	0.00652	0.00788	T
23	0.04732	0.05455	A
24	0.06724	0.0696	C
25	0.00578	0.00653	T
26	0.04482	0.04494	C
27	0.04236	0.04388	C
28	0.0076	0.00891	T
29	0.06111	0.06231	C
30	0.05277	0.06154	A
31	0.00978	0.00981	T
32	0.0116	0.01181	T
33	0.0142	0.01845	G
34	0.00976	0.01138	T
35	0.06172	0.06488	A
36	0.09955	0.10053	C
37	0.0452	0.04538	C
38	0.0383	0.0387	C
39	0.04949	0.05497	A
40	0.00705	0.00721	T
41	0.00789	0.00804	T
42	0.05439	0.06761	C
43	0.01146	0.01266	T
44	0.04587	0.04943	A
45	0.06395	0.06594	A
46	0.01122	0.01244	T
47	0.07404	0.07745	C
48	0.00857	0.00898	G
49	0.07605	0.07912	C
50	0.0503	0.05095	A
51	0.05573	0.05645	A
52	0.01061	0.01103	T
53	0.0065	0.0066	G
54	0.00563	0.00577	G
55	0.04839	0.04986	C
56	0.04783	0.05039	A
57	0.00608	0.00617	T
58	0.00669	0.00682	T
59	0.07923	0.07936	C
60	0.05645	0.05705	C
61	0.00904	0.01153	T
62	0.02845	0.03162	A
63	0.03903	0.03979	A
64	0.00692	0.00722	T
65	0.00525	0.00557	G
66	0.03113	0.03188	C
67	0.0067	0.00678	T
68	0.00865	0.00907	T
69	0.03306	0.06254	A
70	0.10035	0.10069	C
71	0.03838	0.03891	C
72	0.0119	0.01539	G
73	0.03792	0.0387	A
74	0.05281	0.05307	A
75	0.10021	0.10578	C
76	0.01421	0.01839	G
77	0.00552	0.00601	A
78	0.03035	0.03086	A
79	0.01784	0.01797	A
80	0.04271	0.04283	A
81	0.06275	0.06284	A
82	0.00987	0.0105	T
83	0.00923	0.0093	T
84	0.06914	0.08471	C
85	0.00985	0.01043	T
86	0.07053	0.08079	A
87	0.00672	0.00687	G
88	0.00696	0.00715	G
89	0.04073	0.04273	C
90	0.00709	0.00761	T
91	0.05276	0.05464	A
92	0.00937	0.01018	T
93	0.06645	0.06902	A
94	0.00878	0.01164	T
95	0.05258	0.05349	A
96	0.08485	0.0939	C
97	0.04294	0.04294	A
98	0.05581	0.05722	A
99	0.07917	0.0867	C
100	0.00799	0.00897	T
101	0.06311	0.06661	A
102	0.09728	0.09886	C
103	0.00673	0.00746	G
104	0.04368	0.04742	C
105	0.03946	0.03996	A
106	0.04777	0.04829	A
107	0.05621	0.05651	A
108	0.00863	0.00922	G
109	0.00668	0.00676	G
110	0.05252	0.05272	C
111	0.03801	0.03808	C
112	0.06208	0.06217	C
113	0.06285	0.06297	C
114	0.04186	0.04303	A
115	0.06058	0.06069	A
116	0.1134	0.11493	C
117	0.00606	0.00613	G
118	0.00172	0.00176	T
119	0.00201	0.00203	T
120	0.0051	0.00545	G
121	0.00161	0.00188	T
122	0.01897	0.02034	A
123	0.00695	0.007	G
124	0.00425	0.00428	G
125	0.00707	0.0071	C
126	0.00355	0.00355	C
127	0.0084	0.00841	C
128	0.10534	0.10544	C
129	0.01238	0.0138	T
130	0.09715	0.10149	A
131	0.12508	0.12891	C
132	0.00471	0.00512	G
133	0.00554	0.00557	G
134	0.00566	0.00569	G
135	0.00852	0.0104	C
136	0.00673	0.00691	T
137	0.08053	0.08186	A
138	0.02198	0.02223	C
139	0.00189	0.00203	T
140	0.01576	0.01641	A
141	0.01519	0.01635	C
142	0.01543	0.01543	A
143	0.01735	0.01905	A
144	0.01744	0.01754	C
145	0.06964	0.07032	C
146	0.05272	0.05283	C
147	0.0051	0.00522	T
148	0.00694	0.00697	T
149	0.0768	0.08399	C
150	0.0087	0.0091	G
151	0.04248	0.04386	C
152	0.00971	0.01072	T
153	0.011	0.01673	G
154	0.08963	0.09586	A
155	0.09828	0.10049	C
156	0.00836	0.00865	G
157	0.03648	0.03652	C
158	0.04568	0.04626	C
159	0.04397	0.06256	A
160	0.01092	0.01255	T
161	0.0567	0.05695	A
162	0.0317	0.03194	A
163	0.06503	0.06516	A
164	0.08341	0.0859	A
165	0.04391	0.05716	C
166	0.00462	0.0051	T
167	0.04534	0.04644	C
168	0.00492	0.005	T
169	0.0094	0.01009	T
170	0.06718	0.07715	C
171	0.05741	0.06094	A
172	0.0917	0.09176	C
173	0.07271	0.07447	C
174	0.02688	0.02721	A
175	0.04996	0.05082	A
176	0.05648	0.05738	A
177	0.01208	0.01367	G
178	0.04834	0.0518	A
179	0.01321	0.01406	G
180	0.06083	0.06175	C
181	0.03548	0.0356	C
182	0.04544	0.04552	C
183	0.04382	0.04412	C
184	0.00835	0.0098	T
185	0.03886	0.04214	A
186	0.02583	0.02613	A
187	0.05261	0.05312	A
188	0.05477	0.05507	A
189	0.05837	0.06237	C
190	0.0408	0.04108	C
191	0.04419	0.04463	C
192	0.00873	0.01172	G
193	0.04456	0.04463	C
194	0.03778	0.03805	C
195	0.02902	0.03632	A
196	0.06482	0.06667	C
197	0.04407	0.04705	A
198	0.00742	0.00799	T
199	0.0592	0.06002	C
200	0.00841	0.00944	T
201	0.05419	0.05615	A
202	0.07978	0.07998	C
203	0.03974	0.04062	C
204	0.04323	0.05455	A
205	0.01454	0.02058	T
206	0.05449	0.05844	C
207	0.0428	0.04647	A
208	0.05468	0.05509	C
209	0.03654	0.03667	C
210	0.02894	0.02995	C
211	0.0079	0.00858	T
212	0.05184	0.05282	C
213	0.00654	0.0072	T
214	0.05417	0.05719	A
215	0.0833	0.08475	C
216	0.05713	0.06259	A
217	0.01112	0.01383	T
218	0.05575	0.05994	C
219	0.0494	0.05271	A
220	0.07213	0.0723	C
221	0.05566	0.05792	C
222	0.00927	0.01265	G
223	0.03511	0.03511	C
224	0.02295	0.02295	C
225	0.03157	0.03157	C
226	0.03341	0.03385	C
227	0.00576	0.01026	G
228	0.042	0.04234	A
229	0.04879	0.04888	C
230	0.03121	0.03135	C
231	0.0057	0.00586	T
232	0.00772	0.00778	T
233	0.05433	0.07067	A
234	0.00984	0.01017	G
235	0.05451	0.05602	C
236	0.00724	0.00764	T
237	0.05486	0.05781	C
238	0.01168	0.01468	T
239	0.0605	0.06435	C
240	0.0438	0.04596	A
241	0.06374	0.06374	C
242	0.0359	0.03757	C
243	0.03926	0.04782	A
244	0.01162	0.0126	T
245	0.07354	0.07457	C
246	0.01064	0.01168	G
247	0.05898	0.06115	C
248	0.00526	0.00546	T
249	0.08361	0.08491	C
250	0.00697	0.00705	T
251	0.00727	0.00737	T
252	0.05209	0.06135	C
253	0.0063	0.0067	T
254	0.05947	0.06142	A
255	0.08769	0.09361	C
256	0.00684	0.00721	T
257	0.06386	0.06854	A
258	0.00982	0.01054	T
259	0.01884	0.02593	G
260	0.03558	0.03653	A
261	0.04143	0.04307	A
262	0.06048	0.06444	C
263	0.02636	0.0265	C
264	0.03247	0.03254	C
265	0.02949	0.02955	C
266	0.03251	0.03255	C
267	0.02848	0.02879	C
268	0.04201	0.04426	T
269	0.03095	0.03095	C
270	0.03297	0.03297	C
271	0.04541	0.04541	C
272	0.04105	0.04129	C
273	0.02898	0.06273	A
274	0.01223	0.01543	T
275	0.04662	0.0485	A
276	0.0705	0.07136	C
277	0.0453	0.04585	C
278	0.05294	0.05502	C
279	0.02922	0.03132	A
280	0.03566	0.04029	A
281	0.04527	0.04569	C
282	0.03994	0.04095	C
283	0.01997	0.02064	C
284	0.02429	0.02459	C
285	0.02514	0.02524	C
286	0.00442	0.00585	T
287	0.00521	0.00534	G
288	0.00603	0.00614	G
289	0.0046	0.00823	T
290	0.03604	0.03744	C
291	0.04142	0.04196	A
292	0.06346	0.06375	A
293	0.09113	0.09147	C
294	0.05363	0.05541	C
295	0.00691	0.01371	T
296	0.06565	0.07105	C
297	0.03682	0.0411	A
298	0.04557	0.04571	A
299	0.07135	0.07165	C
300	0.01499	0.01589	C
301	0.00661	0.00774	T
302	0.03312	0.03998	A
303	0.00962	0.01004	G
304	0.00543	0.00568	G
305	0.02256	0.02279	C
306	0.05327	0.05422	C
307	0.00518	0.00654	T
308	0.07563	0.07582	C
309	0.04254	0.04548	C
310	0.0055	0.0059	T
311	0.04757	0.05271	A
312	0.00582	0.00584	T
313	0.00828	0.00829	T
314	0.00794	0.00801	T
315	0.09321	0.10471	A
316	0.00834	0.00834	T
317	0.00925	0.00945	T
318	0.08995	0.10978	C
319	0.01082	0.01168	T
320	0.0738	0.08496	A
321	0.01346	0.01413	G
322	0.05277	0.05314	C
323	0.03263	0.03355	C
324	0.03079	0.04065	A
325	0.06164	0.06172	C
326	0.05158	0.05278	C
327	0.00654	0.0075	T
328	0.07427	0.07939	C
329	0.00787	0.00831	T
330	0.08479	0.09655	A
331	0.00505	0.0052	G
332	0.02532	0.02548	C
333	0.01257	0.01334	C
334	0.00377	0.00445	T
335	0.02739	0.0306	A
336	0.00538	0.00573	G
337	0.0994	0.09957	C
338	0.06208	0.06237	C
339	0.0102	0.01124	G
340	0.00596	0.00617	T
341	0.00736	0.00748	T
342	0.00822	0.0085	T
343	0.06927	0.07429	A
344	0.08969	0.09199	C
345	0.00896	0.0098	T
346	0.08355	0.08859	C
347	0.04535	0.0498	A
348	0.05591	0.05845	A
349	0.00847	0.00954	T
350	0.0718	0.07204	C
351	0.05594	0.05899	C
352	0.00692	0.00774	T
353	0.06616	0.06666	C
354	0.0065	0.007	T
355	0.00408	0.00586	G
356	0.01895	0.01939	A
357	0.00251	0.00476	T
358	0.01922	0.01958	C
359	0.01823	0.01913	A
360	0.00336	0.00338	G
361	0.00461	0.00461	G
362	0.0079	0.00814	G
363	0.00582	0.00781	T
364	0.00568	0.00655	G
365	0.04648	0.04805	A
366	0.00935	0.00997	G
367	0.05383	0.05677	C
368	0.04052	0.04114	A
369	0.00656	0.00919	T
370	0.05239	0.05378	C
371	0.05619	0.05685	A
372	0.05755	0.06003	A
373	0.07032	0.07054	A
374	0.04344	0.04983	C
375	0.00639	0.00968	T
376	0.03632	0.03783	C
377	0.04602	0.04792	A
378	0.08027	0.08081	A
379	0.05777	0.05821	A
380	0.07736	0.09055	C
381	0.00604	0.00704	T
382	0.07129	0.08221	A
383	0.04405	0.04603	C
384	0.00698	0.00771	G
385	0.00913	0.00913	C
386	0.00685	0.00685	C
387	0.02272	0.02286	C
388	0.00329	0.00439	T
389	0.00914	0.01746	G
390	0.04625	0.04753	A
391	0.00666	0.00702	T
392	0.09762	0.10133	C
393	0.00553	0.00561	G
394	0.00618	0.00622	G
395	0.04763	0.04845	C
396	0.00845	0.00889	G
397	0.06404	0.06608	C
398	0.04941	0.05095	A
399	0.07453	0.07557	C
400	0.00652	0.00695	T
401	0.00762	0.00963	G
402	0.09205	0.0962	C
403	0.00881	0.00995	G
404	0.05584	0.0573	A
405	0.0094	0.01075	G
406	0.12664	0.12835	C
407	0.05054	0.05145	A
408	0.01144	0.0119	G
409	0.00624	0.00835	T
410	0.09066	0.09491	A
411	0.01421	0.0151	G
412	0.02074	0.02114	C
413	0.0346	0.03476	C
414	0.03295	0.03326	C
415	0.01765	0.01902	A
416	0.05442	0.05519	A
417	0.04367	0.0439	A
418	0.09171	0.10341	C
419	0.0439	0.04396	A
420	0.05209	0.05317	A
421	0.00926	0.01042	T
422	0.06179	0.06267	C
423	0.00747	0.00945	T
424	0.07057	0.07191	C
425	0.05748	0.06365	A
426	0.00797	0.00845	T
427	0.0556	0.0587	A
428	0.00905	0.00936	T
429	0.00851	0.01054	G
430	0.05043	0.05069	A
431	0.06208	0.06258	A
432	0.01009	0.01175	G
433	0.01569	0.0196	T
434	0.04611	0.04786	C
435	0.03823	0.0402	A
436	0.05139	0.05165	C
437	0.03912	0.03923	C
438	0.01393	0.0145	C
439	0.00713	0.00795	T
440	0.04935	0.05232	A
441	0.00911	0.00959	G
442	0.03958	0.03986	C
443	0.02359	0.02386	C
444	0.03202	0.03773	A
445	0.00578	0.00705	T
446	0.04668	0.04774	C
447	0.05282	0.05619	A
448	0.00839	0.00849	T
449	0.0076	0.00795	T
450	0.04814	0.05843	C
451	0.00772	0.00855	T
452	0.04736	0.04933	A
453	0.0697	0.07627	C
454	0.0094	0.01095	T
455	0.05046	0.05642	A
456	0.00714	0.00882	T
457	0.0566	0.06153	C
458	0.04149	0.04201	A
459	0.04196	0.04292	A
460	0.0682	0.07165	C
461	0.04795	0.05028	A
462	0.00819	0.00919	T
463	0.00838	0.00883	T
464	0.0303	0.05532	A
465	0.07542	0.07847	C
466	0.00661	0.00721	T
467	0.05034	0.05122	A
468	0.05139	0.05338	A
469	0.00652	0.00748	T
470	0.05749	0.05752	A
471	0.06608	0.07062	A
472	0.00777	0.00919	G
473	0.00773	0.00844	T
474	0.00746	0.00753	G
475	0.00514	0.00534	G
476	0.03263	0.03458	C
477	0.00515	0.00583	T
478	0.0665	0.06661	C
479	0.04517	0.04661	C
480	0.00634	0.00636	T
481	0.00683	0.007	T
482	0.00879	0.0089	T
483	0.05034	0.05181	A
484	0.05428	0.05474	A
485	0.08785	0.0885	C
486	0.0407	0.04122	C
487	0.0082	0.00952	T
488	0.04037	0.04131	C
489	0.01352	0.01488	T
490	0.04149	0.04159	C
491	0.0279	0.02898	C
492	0.01935	0.03258	A
493	0.04393	0.04393	C
494	0.04898	0.04898	C
495	0.05145	0.05245	C
496	0.00584	0.00609	T
497	0.00709	0.00753	T
498	0.03717	0.05544	A
499	0.00926	0.01174	T
500	0.06208	0.06439	C
501	0.05868	0.06004	A
502	0.0436	0.04842	C
503	0.02948	0.02982	A
504	0.02436	0.02508	A
505	0.03885	0.04349	C
506	0.034	0.03494	A
507	0.04399	0.04732	C
508	0.03312	0.03315	A
509	0.04428	0.04613	A
510	0.00807	0.01166	G
511	0.0359	0.0359	A
512	0.03326	0.03431	A
513	0.03825	0.04254	C
514	0.05592	0.05702	A
515	0.07557	0.07587	C
516	0.04488	0.04621	C
517	0.00686	0.00776	T
518	0.05515	0.0553	C
519	0.00875	0.00976	T
520	0.00776	0.00992	G
521	0.06401	0.06547	A
522	0.0097	0.00982	T
523	0.00902	0.00944	T
524	0.04565	0.0688	A
525	0.07333	0.0758	C
526	0.00673	0.00727	T
527	0.0601	0.06053	C
528	0.03306	0.03579	C
529	0.0114	0.01275	T
530	0.00771	0.00826	G
531	0.02816	0.02823	C
532	0.01815	0.01845	C
533	0.03448	0.0416	A
534	0.00644	0.00888	T
535	0.06869	0.06998	C
536	0.06062	0.06494	A
537	0.01468	0.01608	T
538	0.00663	0.01071	G
539	0.05476	0.0557	A
540	0.05235	0.05268	C
541	0.04542	0.04556	C
542	0.05558	0.05575	C
543	0.00821	0.00835	T
544	0.01142	0.0116	T
545	0.00701	0.00721	G
546	0.00606	0.0062	G
547	0.02647	0.02662	C
548	0.06306	0.06342	C
549	0.02562	0.03848	A
550	0.00692	0.00774	T
551	0.05051	0.05061	A
552	0.05561	0.06266	A
553	0.00834	0.0087	T
554	0.06529	0.06946	A
555	0.0096	0.00998	T
556	0.00647	0.00746	G
557	0.05901	0.06033	A
558	0.00703	0.00705	T
559	0.00788	0.00802	T
560	0.00793	0.00799	T
561	0.08698	0.09372	A
562	0.00954	0.01004	T
563	0.06385	0.06601	C
564	0.01377	0.01567	T
565	0.04708	0.04745	C
566	0.0338	0.03488	C
567	0.02057	0.04177	A
568	0.06488	0.06994	C
569	0.05624	0.05988	A
570	0.08542	0.0923	C
571	0.0084	0.00917	T
572	0.04766	0.04977	A
573	0.01216	0.01444	G
574	0.04042	0.04105	C
575	0.07917	0.08117	A
576	0.00614	0.00655	G
577	0.02433	0.03032	A
578	0.00565	0.00639	G
579	0.02271	0.02337	A
580	0.02126	0.02155	C
581	0.05054	0.05113	C
582	0.043	0.04322	A
583	0.06	0.0605	A
584	0.08576	0.08609	C
585	0.01188	0.01205	C
586	0.00975	0.01127	G
587	0.03624	0.03831	A
588	0.01581	0.01866	A
589	0.00998	0.01005	C
590	0.00516	0.00518	C
591	0.00495	0.00497	C
592	0.0054	0.0054	C
593	0.00762	0.00763	C
594	0.00172	0.0018	T
595	0.00154	0.00161	T
596	0.00753	0.00815	C
597	0.00797	0.0089	G
598	0.08115	0.08178	A
599	0.07109	0.07124	C
600	0.09095	0.092	C
601	0.00942	0.00979	T
602	0.01385	0.01394	T
603	0.00829	0.00979	G
604	0.06538	0.06551	C
605	0.00705	0.00706	C
606	0.00684	0.00745	G
607	0.01679	0.01712	A
608	0.01779	0.01808	A
609	0.00457	0.00463	G
610	0.00396	0.00399	G
611	0.00462	0.00463	G
612	0.00409	0.00409	G
613	0.04444	0.05132	A
614	0.00653	0.00683	G
615	0.00244	0.00262	T
616	0.02454	0.02458	C
617	0.01147	0.01149	C
618	0.00857	0.01063	G
619	0.04962	0.04994	A
620	0.08239	0.0826	A
621	0.11159	0.11973	C
622	0.00525	0.00541	T
623	0.1083	0.11213	A
624	0.00415	0.00435	G
625	0.00303	0.00851	T
626	0.01847	0.01869	C
627	0.01668	0.04181	T
628	0.02439	0.02602	C
629	0.12078	0.12776	A
630	0.00926	0.00935	G
631	0.00675	0.00678	G
632	0.02256	0.0235	C
633	0.00428	0.00437	T
634	0.00799	0.00811	T
635	0.08735	0.09132	C
636	0.06425	0.06579	A
637	0.0691	0.06957	A
638	0.11029	0.11428	C
639	0.06376	0.06453	A
640	0.00916	0.01003	T
641	0.07543	0.07633	C
642	0.00952	0.01023	G
643	0.07301	0.07362	A
644	0.05313	0.05514	A
645	0.00818	0.00901	T
646	0.07331	0.07911	A
647	0.10973	0.11527	C
648	0.00871	0.00931	G
649	0.04306	0.04327	C
650	0.03166	0.03224	C
651	0.00865	0.01724	G
652	0.07705	0.0862	C
653	0.06178	0.07092	A
654	0.01003	0.01056	G
655	0.00786	0.00833	G
656	0.02579	0.02585	C
657	0.05127	0.05139	C
658	0.05617	0.05625	C
659	0.0548	0.05484	C
660	0.0059	0.00629	T
661	0.016	0.01637	T
662	0.06199	0.06778	C
663	0.0072	0.00816	G
664	0.05416	0.05419	C
665	0.04057	0.04063	C
666	0.03411	0.03448	C
667	0.00445	0.00478	T
668	0.05567	0.05939	A
669	0.006	0.00605	T
670	0.0058	0.00586	T
671	0.04809	0.06527	C
672	0.00622	0.00622	T
673	0.00686	0.00739	T
674	0.06531	0.06977	C
675	0.05702	0.0644	A
676	0.01042	0.01221	T
677	0.06824	0.07832	A
678	0.00831	0.00914	G
679	0.0533	0.05365	C
680	0.02606	0.02641	C
681	0.00883	0.01104	G
682	0.05175	0.05262	A
683	0.0334	0.03433	A
684	0.00957	0.01082	T
685	0.05103	0.05192	A
686	0.05815	0.06104	C
687	0.02322	0.0248	A
688	0.05335	0.06044	C
689	0.04174	0.04217	A
690	0.03571	0.03577	A
691	0.03128	0.03212	A
692	0.05366	0.06134	C
693	0.03594	0.03718	A
694	0.00658	0.0073	T
695	0.00755	0.00805	T
696	0.03295	0.06293	A
697	0.00743	0.00747	T
698	0.00821	0.00888	T
699	0.03026	0.06094	A
700	0.00746	0.00842	T
701	0.05877	0.05898	A
702	0.04351	0.04799	A
703	0.00808	0.01015	T
704	0.05488	0.05489	A
705	0.04653	0.04658	A
706	0.05202	0.055	A
707	0.04987	0.05608	C
708	0.0329	0.03361	A
709	0.04484	0.04526	C
710	0.02065	0.02066	C
711	0.01506	0.01554	C
712	0.01495	0.01649	T
713	0.0395	0.04057	C
714	0.03171	0.03531	A
715	0.04677	0.04679	C
716	0.03332	0.03491	C
717	0.01887	0.03612	A
718	0.0504	0.05298	C
719	0.00578	0.00678	T
720	0.045	0.04622	A
721	0.06216	0.06366	C
722	0.0444	0.04455	A
723	0.04661	0.04828	A
724	0.00655	0.00713	T
725	0.05306	0.05508	C
726	0.00605	0.00613	T
727	0.00549	0.00575	T
728	0.06329	0.06353	C
729	0.03194	0.03282	C
730	0.00669	0.0072	T
731	0.05826	0.06302	A
732	0.00695	0.00717	G
733	0.00815	0.00844	G
734	0.07809	0.07845	A
735	0.04124	0.04185	A
736	0.05545	0.05878	C
737	0.03552	0.03558	A
738	0.0338	0.03432	A
739	0.05718	0.05925	C
740	0.04499	0.0461	A
741	0.00636	0.00688	T
742	0.05616	0.05704	A
743	0.00965	0.01008	T
744	0.00665	0.00948	G
745	0.0622	0.06397	A
746	0.08657	0.08823	C
747	0.01308	0.01397	G
748	0.04686	0.05032	C
749	0.04384	0.04591	A
750	0.04986	0.05148	C
751	0.01349	0.01449	T
752	0.0487	0.05174	C
753	0.00898	0.01064	T
754	0.04157	0.0416	C
755	0.03771	0.03771	C
756	0.04758	0.04759	C
757	0.03594	0.03645	C
758	0.00576	0.007	T
759	0.00867	0.01057	G
760	0.04316	0.0442	A
761	0.03926	0.03992	A
762	0.04385	0.04578	C
763	0.00629	0.00654	T
764	0.03855	0.03982	C
765	0.00632	0.00699	T
766	0.04971	0.05254	A
767	0.05748	0.05942	C
768	0.04246	0.04508	A
769	0.05289	0.05901	C
770	0.04149	0.0418	A
771	0.05324	0.05422	A
772	0.06025	0.06431	C
773	0.05093	0.0532	A
774	0.00618	0.00688	T
775	0.04108	0.04209	A
776	0.00345	0.00351	T
777	0.00462	0.00463	T
778	0.00676	0.00677	T
779	0.00765	0.00767	T
780	0.00844	0.01113	G
781	0.00801	0.00935	T
782	0.04371	0.04475	C
783	0.0545	0.05624	A
784	0.05816	0.05818	C
785	0.04264	0.04348	C
786	0.04024	0.04063	A
787	0.06397	0.06732	A
788	0.00737	0.00973	G
789	0.04674	0.04789	A
790	0.03666	0.03708	C
791	0.04517	0.04546	C
792	0.03402	0.0345	C
793	0.00631	0.00705	T
794	0.04043	0.04198	A
795	0.06729	0.07048	C
796	0.00699	0.00721	T
797	0.00766	0.00795	T
798	0.0548	0.07322	C
799	0.00891	0.01015	T
800	0.05176	0.05604	A
801	0.05857	0.05982	A
802	0.06999	0.07109	C
803	0.0353	0.03832	C
804	0.00769	0.00926	T
805	0.05208	0.05336	C
806	0.06189	0.06206	C
807	0.01762	0.01806	C
808	0.00273	0.003	T
809	0.00416	0.00578	G
810	0.00268	0.00271	T
811	0.00271	0.00279	T
812	0.02153	0.02499	C
813	0.00851	0.00852	T
814	0.00902	0.00942	T
815	0.04972	0.09383	A
816	0.01067	0.01121	T
817	0.01072	0.01397	G
818	0.0611	0.06175	A
819	0.07909	0.08397	A
820	0.00795	0.00806	T
821	0.00804	0.00829	T
822	0.07774	0.08429	C
823	0.007	0.00739	G
824	0.02475	0.02488	A
825	0.02115	0.02138	A
826	0.02089	0.02224	C
827	0.02589	0.02629	A
828	0.00861	0.01009	G
829	0.1277	0.13219	C
830	0.06515	0.07059	A
831	0.01434	0.01649	T
832	0.0629	0.06493	A
833	0.04997	0.05065	C
834	0.0357	0.03619	C
835	0.02898	0.02918	C
836	0.03639	0.03642	C
837	0.03838	0.03845	C
838	0.00867	0.01197	G
839	0.06687	0.06838	A
840	0.00781	0.00798	T
841	0.00662	0.00672	T
842	0.04385	0.04397	C
843	0.04664	0.04717	C
844	0.0075	0.01008	G
845	0.03609	0.03831	C
846	0.00596	0.00651	T
847	0.04896	0.05101	A
848	0.06343	0.06557	C
849	0.00914	0.01043	G
850	0.03839	0.04004	A
851	0.03857	0.03863	C
852	0.02977	0.03016	C
853	0.02932	0.02951	A
854	0.03881	0.03903	A
855	0.04944	0.05142	C
856	0.00825	0.01226	T
857	0.03936	0.04083	C
858	0.03552	0.03927	A
859	0.00816	0.0095	T
860	0.04897	0.05248	A
861	0.07056	0.07445	C
862	0.04454	0.04593	A
863	0.05285	0.0539	C
864	0.02995	0.03195	C
865	0.00551	0.00648	T
866	0.03373	0.03374	C
867	0.02492	0.02715	C
868	0.00637	0.0071	T
869	0.03422	0.03684	A
870	0.01195	0.01321	T
871	0.00952	0.01147	G
872	0.00277	0.00305	A
873	0.00988	0.01024	A
874	0.03052	0.0312	A
875	0.02829	0.02864	A
876	0.03196	0.03222	A
877	0.02223	0.02236	A
878	0.05549	0.0596	C
879	0.00618	0.00638	T
880	0.00678	0.00681	T
881	0.04151	0.04169	C
882	0.027	0.02774	C
883	0.00956	0.01074	T
884	0.04592	0.04755	A
885	0.05433	0.05453	C
886	0.0327	0.03357	C
887	0.02789	0.03806	A
888	0.0395	0.04173	C
889	0.02812	0.0342	T
890	0.03521	0.03786	C
891	0.03131	0.03377	A
892	0.04038	0.04038	C
893	0.02823	0.02825	C
894	0.01688	0.01758	C
895	0.00617	0.00675	T
896	0.04061	0.04225	A
897	0.00909	0.00998	G
898	0.03874	0.03943	C
899	0.03717	0.03907	A
900	0.00689	0.00721	T
901	0.00696	0.00733	T
902	0.015	0.03131	A
903	0.06066	0.06375	C
904	0.00803	0.00815	T
905	0.00729	0.00783	T
906	0.02899	0.05729	A
907	0.00809	0.00846	T
908	0.05293	0.05798	A
909	0.00907	0.00966	T
910	0.00801	0.01082	G
911	0.05041	0.05249	A
912	0.00654	0.00674	T
913	0.0489	0.0511	A
914	0.01015	0.01043	T
915	0.01133	0.01187	G
916	0.00991	0.01066	T
917	0.02356	0.02378	C
918	0.01761	0.02029	T
919	0.0311	0.0312	C
920	0.02554	0.02637	C
921	0.02536	0.05218	A
922	0.01207	0.0132	T
923	0.04383	0.04634	A
924	0.03986	0.04041	C
925	0.02594	0.02623	C
926	0.01967	0.01998	C
927	0.02565	0.04247	A
928	0.00774	0.00783	T
929	0.00607	0.00637	T
930	0.01948	0.03418	A
931	0.05522	0.05707	C
932	0.03569	0.03586	A
933	0.03905	0.03963	A
934	0.00874	0.00901	T
935	0.03068	0.03103	C
936	0.01027	0.01058	T
937	0.02974	0.02976	C
938	0.01985	0.02017	C
939	0.02476	0.03664	A
940	0.00705	0.00726	G
941	0.03406	0.03474	C
942	0.03292	0.03379	A
943	0.00868	0.00887	T
944	0.02215	0.02225	T
945	0.02254	0.02265	C
946	0.01696	0.017	C
947	0.01305	0.01305	C
948	0.0101	0.0101	C
949	0.00558	0.00558	C
950	0.00473	0.00516	T
951	0.01016	0.01054	C
952	0.0062	0.00668	A
953	0.00986	0.00986	A
954	0.00748	0.00748	A
955	0.00709	0.00709	C
956	0.00524	0.00524	C
957	0.00035	0.00035	T
958	0.0	0.0	A
959	0.0	0.0	A
