Position	Mismatches	Mismatches + Deletions	Base
1	0.0	0.0	A
2	0.0	0.0	A
3	0.0	0.0	T
4	0.01342	0.01342	A
5	0.00334	0.00338	G
6	0.0034	0.0034	G
7	0.00142	0.00161	T
8	0.00363	0.00363	T
9	0.00451	0.00451	T
10	0.00892	0.01141	G
11	0.00541	0.00548	G
12	0.0029	0.00353	T
13	0.03575	0.03578	C
14	0.01322	0.01348	C
15	0.00474	0.00524	T
16	0.31351	0.31754	A
17	0.00383	0.00407	G
18	0.0209	0.02102	C
19	0.03065	0.03103	C
20	0.00143	0.00143	T
21	0.00254	0.00257	T
22	0.00329	0.00329	T
23	0.06031	0.0659	C
24	0.00244	0.00258	T
25	0.05788	0.06222	A
26	0.00326	0.00326	T
27	0.00317	0.00323	T
28	0.0731	0.0875	A
29	0.00387	0.00429	G
30	0.03956	0.04066	C
31	0.00233	0.00268	T
32	0.1265	0.12712	C
33	0.00435	0.00435	T
34	0.00358	0.00366	T
35	0.02833	0.03462	A
36	0.00758	0.00824	G
37	0.00423	0.00457	T
38	0.03899	0.03914	A
39	0.04322	0.04415	A
40	0.00525	0.00595	G
41	0.05495	0.05731	A
42	0.00511	0.00524	T
43	0.00495	0.00515	T
44	0.03923	0.05716	A
45	0.04855	0.05088	C
46	0.02624	0.02881	A
47	0.05359	0.06113	C
48	0.02973	0.03204	A
49	0.00509	0.0058	T
50	0.00736	0.00853	G
51	0.02473	0.02983	C
52	0.02224	0.02246	A
53	0.03372	0.03394	A
54	0.00991	0.0119	G
55	0.02531	0.02855	C
56	0.02383	0.02571	A
57	0.00527	0.0058	T
58	0.02239	0.02239	C
59	0.0091	0.0091	C
60	0.00991	0.00991	C
61	0.0182	0.01821	C
62	0.01289	0.01424	G
63	0.00674	0.00682	T
64	0.01256	0.01258	T
65	0.0217	0.02172	C
66	0.02187	0.02191	C
67	0.01434	0.01827	A
68	0.00204	0.00224	G
69	0.0023	0.00245	T
70	0.00215	0.00223	G
71	0.0132	0.01355	A
72	0.00308	0.00322	G
73	0.00237	0.0024	T
74	0.00317	0.00384	T
75	0.04075	0.04271	C
76	0.01373	0.01419	A
77	0.01081	0.01085	C
78	0.00837	0.00837	C
79	0.00414	0.00434	C
80	0.0009	0.00121	T
81	0.00836	0.0087	C
82	0.00091	0.00119	T
83	0.02415	0.02455	A
84	0.09184	0.09267	A
85	0.00399	0.00406	A
86	0.00101	0.00176	T
87	0.00467	0.00514	C
88	0.03512	0.03605	A
89	0.04964	0.04967	C
90	0.03356	0.03564	C
91	0.02804	0.03377	A
92	0.07367	0.07547	C
93	0.00189	0.00205	G
94	0.0032	0.00326	A
95	0.00079	0.00105	T
96	0.01027	0.01046	C
97	0.00356	0.00358	A
98	0.03704	0.03727	A
99	0.11532	0.11545	A
100	0.00925	0.00925	A
101	0.0009	0.00101	G
102	0.00146	0.00152	G
103	0.49817	0.49821	A
104	0.03395	0.03514	A
105	0.0386	0.04329	C
106	0.00924	0.00924	A
107	0.01035	0.01101	A
108	0.00434	0.00458	G
109	0.00322	0.0033	C
110	0.00813	0.00838	A
111	0.00128	0.00183	T
112	0.0128	0.01334	C
113	0.00525	0.0053	A
114	0.01001	0.01019	A
115	0.02941	0.06594	G
116	0.01563	0.01858	C
117	0.27734	0.28309	A
118	0.01084	0.01197	C
119	0.0049	0.0063	G
120	0.00403	0.00443	C
121	0.01114	0.01169	A
122	0.00363	0.00401	G
123	0.11736	0.12604	C
124	0.04033	0.04121	A
125	0.05555	0.05864	A
126	0.00272	0.00316	T
127	0.00968	0.01141	G
128	0.00581	0.00602	C
129	0.01432	0.01482	A
130	0.01021	0.01036	G
131	0.00457	0.00464	C
132	0.00151	0.00186	T
133	0.0231	0.02362	C
134	0.0083	0.00888	A
135	0.01401	0.01404	A
136	0.01401	0.01401	A
137	0.01504	0.01504	A
138	0.02328	0.0268	C
139	0.00366	0.00401	G
140	0.00529	0.00547	C
141	0.00229	0.00237	T
142	0.00127	0.00136	T
143	0.02386	0.05325	A
144	0.00802	0.00822	G
145	0.01683	0.01684	C
146	0.05295	0.05325	C
147	0.00406	0.00487	T
148	0.05005	0.05365	A
149	0.00729	0.00766	G
150	0.01312	0.01313	C
151	0.01743	0.01768	C
152	0.01107	0.02205	A
153	0.01948	0.02126	C
154	0.01262	0.01977	A
155	0.01425	0.01425	C
156	0.00911	0.00911	C
157	0.00841	0.00841	C
158	0.03735	0.03735	C
159	0.04962	0.04969	C
160	0.03739	0.05048	A
161	0.18243	0.206	C
162	0.00285	0.00306	G
163	0.00307	0.00308	G
164	0.00492	0.00496	G
165	0.08716	0.08805	A
166	0.11015	0.1102	A
167	0.04724	0.04762	A
168	0.09812	0.10697	C
169	0.05174	0.0533	A
170	0.00983	0.01035	G
171	0.01872	0.01929	C
172	0.0335	0.03419	A
173	0.00634	0.00642	G
174	0.00419	0.00468	T
175	0.00651	0.00682	G
176	0.06077	0.06329	A
177	0.00594	0.00597	T
178	0.00579	0.00601	T
179	0.07145	0.07163	A
180	0.06576	0.06635	A
181	0.13204	0.13247	C
182	0.0342	0.0344	C
183	0.00161	0.00165	T
184	0.00364	0.00364	T
185	0.00564	0.00564	T
186	0.0256	0.03032	A
187	0.00564	0.00615	G
188	0.02806	0.02844	C
189	0.02134	0.02141	A
190	0.01495	0.01507	A
191	0.0019	0.00212	T
192	0.01212	0.01212	A
193	0.0126	0.0126	A
194	0.01586	0.01596	A
195	0.02155	0.02235	C
196	0.00551	0.00579	G
197	0.02273	0.02283	A
198	0.04632	0.04641	A
199	0.02487	0.02489	A
200	0.00502	0.00509	G
201	0.0009	0.00091	T
202	0.0007	0.0007	T
203	0.00097	0.00098	T
204	0.00741	0.00744	A
205	0.01171	0.01173	A
206	0.0159	0.01638	C
207	0.00147	0.00174	T
208	0.01309	0.0132	A
209	0.01526	0.01553	A
210	0.00258	0.0027	G
211	0.01371	0.014	C
212	0.00165	0.0017	T
213	0.01709	0.0175	A
214	0.00207	0.00237	T
215	0.01659	0.01699	A
216	0.03218	0.03327	C
217	0.00478	0.00659	T
218	0.01379	0.01499	A
219	0.00913	0.01035	A
220	0.09398	0.09439	C
221	0.06723	0.06865	C
222	0.06309	0.06383	C
223	0.16634	0.16664	C
224	0.0077	0.01025	A
225	0.00241	0.00244	G
226	0.00141	0.00141	G
227	0.00251	0.00251	G
228	0.00109	0.00109	T
229	0.00181	0.00181	T
230	0.00229	0.00229	G
231	0.00129	0.00132	G
232	0.00301	0.00313	T
233	0.04174	0.04203	C
234	0.00367	0.00369	A
235	0.00654	0.00655	A
236	0.00491	0.00491	T
237	0.00052	0.00052	T
238	0.00043	0.00043	T
239	0.00343	0.00366	C
240	0.00101	0.00113	G
241	0.00152	0.00156	T
242	0.00088	0.00101	G
243	0.01186	0.01191	C
244	0.00152	0.00157	C
245	0.00322	0.00548	A
246	0.00105	0.00114	G
247	0.00103	0.00107	C
248	0.00123	0.00136	C
249	0.00261	0.00319	A
250	0.00414	0.00415	C
251	0.0031	0.00314	C
252	0.00077	0.00084	G
253	0.00221	0.00236	C
254	0.00091	0.00091	G
255	0.00199	0.00224	G
256	0.0013	0.00139	T
257	0.0205	0.02063	C
258	0.00373	0.00381	A
259	0.00905	0.00921	C
260	0.00194	0.00206	A
261	0.003	0.00308	C
262	0.00057	0.00063	G
263	0.00304	0.00313	A
264	0.00053	0.00053	T
265	0.00055	0.00059	T
266	0.00294	0.00296	A
267	0.00163	0.00169	A
268	0.002	0.002	C
269	0.00175	0.00176	C
270	0.0016	0.0016	C
271	0.02214	0.02216	A
272	0.00332	0.00333	A
273	0.00091	0.00114	G
274	0.00044	0.00054	T
275	0.00331	0.00351	C
276	0.00257	0.0026	A
277	0.00246	0.00249	A
278	0.00074	0.00085	T
279	0.00488	0.00508	A
280	0.00186	0.00212	G
281	0.00489	0.00489	A
282	0.01383	0.01517	A
283	0.0039	0.00493	G
284	0.02757	0.02801	C
285	0.00568	0.00577	C
286	0.00138	0.00138	G
287	0.00114	0.00114	G
288	0.00396	0.0044	C
289	0.00371	0.00387	G
290	0.01082	0.01105	T
291	0.00768	0.00769	A
292	0.00433	0.00433	A
293	0.00334	0.00336	A
294	0.00329	0.00343	G
295	0.00689	0.00714	A
296	0.00134	0.00141	G
297	0.00209	0.00217	T
298	0.00154	0.00176	G
299	0.00043	0.00043	T
300	0.00044	0.00044	T
301	0.00162	0.00162	T
302	0.00316	0.00316	T
303	0.00349	0.00442	A
304	0.00311	0.00342	G
305	0.00575	0.00599	A
306	0.01035	0.01096	T
307	0.01426	0.01591	C
308	0.00837	0.00981	A
309	0.01906	0.01914	C
310	0.01753	0.01761	C
311	0.01655	0.01656	C
312	0.0144	0.0144	C
313	0.02296	0.02384	C
314	0.00433	0.00699	T
315	0.01539	0.01539	C
316	0.01388	0.01388	C
317	0.01478	0.01478	C
318	0.00868	0.00875	C
319	0.07508	0.08492	A
320	0.00326	0.00334	A
321	0.00073	0.00085	T
322	0.00728	0.00731	A
323	0.0132	0.01321	A
324	0.01877	0.0191	A
325	0.00615	0.00653	G
326	0.01829	0.01904	C
327	0.00226	0.00256	T
328	0.00826	0.00833	A
329	0.00944	0.00947	A
330	0.01377	0.01381	A
331	0.04229	0.0423	A
332	0.43703	0.50101	C
333	0.00424	0.00503	T
334	0.01234	0.01274	C
335	0.01057	0.01101	A
336	0.02907	0.02912	C
337	0.01889	0.01923	C
338	0.00309	0.00351	T
339	0.00577	0.00634	G
340	0.05991	0.06126	A
341	0.01296	0.01327	G
342	0.0022	0.00227	T
343	0.00172	0.00181	T
344	0.00606	0.00728	G
345	0.00629	0.0067	T
346	0.00707	0.00739	A
347	0.0162	0.01632	A
348	0.02503	0.02512	A
349	0.01755	0.01756	A
350	0.01062	0.01062	A
351	0.00638	0.00638	A
352	0.01034	0.01143	C
353	0.0069	0.00714	T
354	0.07396	0.074	C
355	0.02769	0.02798	C
356	0.01023	0.0145	A
357	0.00435	0.00452	G
358	0.00287	0.00294	T
359	0.00499	0.00505	T
360	0.00473	0.00543	G
361	0.02447	0.02495	A
362	0.06295	0.06631	C
363	0.01329	0.0137	A
364	0.18628	0.19824	C
365	0.00471	0.00478	A
366	0.0062	0.0062	A
367	0.03896	0.03897	A
368	0.01923	0.01932	A
369	0.00528	0.00592	T
370	0.02793	0.02851	A
371	0.00667	0.0072	G
372	0.06302	0.0637	A
373	0.03618	0.03715	C
374	0.02374	0.02412	T
375	0.02013	0.02075	A
376	0.04295	0.04449	C
377	0.00518	0.00557	G
378	0.01781	0.01787	A
379	0.0252	0.02524	A
380	0.03051	0.03055	A
381	0.00547	0.00578	G
382	0.00333	0.00383	T
383	0.00425	0.00425	G
384	0.0018	0.00183	G
385	0.01444	0.01519	C
386	0.00112	0.00112	T
387	0.00141	0.00141	T
388	0.00193	0.00198	T
389	0.01768	0.01789	A
390	0.03853	0.03859	A
391	0.09792	0.09932	C
392	0.0241	0.02503	A
393	0.00352	0.004	T
394	0.05807	0.05858	A
395	0.00342	0.00365	T
396	0.03123	0.03139	C
397	0.00301	0.00306	T
398	0.00294	0.00387	G
399	0.0267	0.02682	A
400	0.03266	0.03286	A
401	0.05289	0.05474	C
402	0.03085	0.03126	A
403	0.02332	0.02531	C
404	0.00696	0.00757	A
405	0.02105	0.02257	C
406	0.0187	0.01871	A
407	0.019	0.01926	A
408	0.00513	0.0068	T
409	0.03535	0.03568	A
410	0.00265	0.00303	G
411	0.00537	0.00583	C
412	0.00141	0.00178	T
413	0.01058	0.01069	A
414	0.01097	0.01148	A
415	0.00458	0.00542	G
416	0.04262	0.04355	A
417	0.01817	0.01831	C
418	0.02676	0.02686	C
419	0.00842	0.00851	C
420	0.00347	0.00356	A
421	0.00689	0.00696	A
422	0.02789	0.02798	A
423	0.25202	0.26747	C
424	0.00229	0.00256	T
425	0.00218	0.0022	G
426	0.0012	0.00123	G
427	0.00181	0.00189	G
428	0.02502	0.03035	A
429	0.00237	0.00244	T
430	0.00394	0.00402	T
431	0.03646	0.04328	A
432	0.00399	0.00447	G
433	0.02707	0.02857	A
434	0.00457	0.00547	T
435	0.05073	0.05184	A
436	0.07003	0.07166	C
437	0.00397	0.00403	C
438	0.00231	0.00232	C
439	0.00506	0.00507	C
440	0.00698	0.01015	A
441	0.03276	0.03377	C
442	0.00234	0.00276	T
443	0.02645	0.02755	A
444	0.00262	0.00283	T
445	0.00257	0.00289	G
446	0.0104	0.01065	C
447	0.00174	0.00175	T
448	0.00151	0.00153	T
449	0.00793	0.0114	A
450	0.00782	0.00807	G
451	0.00657	0.00663	C
452	0.03596	0.03597	C
453	0.01334	0.01335	C
454	0.00206	0.00255	T
455	0.0032	0.00344	A
456	0.00997	0.01001	A
457	0.01175	0.01177	A
458	0.02127	0.0215	C
459	0.06972	0.07003	C
460	0.00256	0.00314	T
461	0.09238	0.09344	C
462	0.01266	0.01303	A
463	0.02105	0.0211	A
464	0.02341	0.02388	C
465	0.01288	0.01327	A
466	0.00641	0.00692	G
467	0.00201	0.00221	T
468	0.00213	0.00262	T
469	0.02839	0.02859	A
470	0.07393	0.07453	A
471	0.04486	0.04501	A
472	0.01121	0.01298	T
473	0.069	0.07091	C
474	0.01072	0.0108	A
475	0.01141	0.01158	A
476	0.04246	0.0449	C
477	0.02751	0.02764	A
478	0.02574	0.02576	A
479	0.0203	0.02033	A
480	0.01147	0.01153	A
481	0.01551	0.01919	C
482	0.00462	0.00481	T
483	0.00425	0.00465	G
484	0.01362	0.01392	C
485	0.00511	0.00558	T
486	0.00777	0.00814	C
487	0.00257	0.00288	G
488	0.01124	0.01125	C
489	0.01116	0.01126	C
490	0.02094	0.03459	A
491	0.00301	0.0035	G
492	0.01649	0.01685	A
493	0.0089	0.00908	A
494	0.02313	0.0245	C
495	0.0095	0.00984	A
496	0.01547	0.01692	C
497	0.00132	0.00159	T
498	0.02128	0.02159	A
499	0.01903	0.01964	C
500	0.00196	0.00222	G
501	0.00519	0.00555	A
502	0.00737	0.00793	G
503	0.00321	0.00331	C
504	0.02828	0.0286	C
505	0.10779	0.15818	A
506	0.06544	0.06943	C
507	0.006	0.00938	A
508	0.00308	0.00332	G
509	0.00701	0.00732	C
510	0.0014	0.00142	T
511	0.0011	0.00113	T
512	0.00467	0.00475	A
513	0.00539	0.0054	A
514	0.0119	0.0119	A
515	0.01079	0.01079	A
516	0.01529	0.01764	C
517	0.00104	0.00126	T
518	0.00851	0.00918	C
519	0.00178	0.00187	A
520	0.00479	0.00486	A
521	0.34086	0.34116	A
522	0.0015	0.00157	G
523	0.00146	0.00153	G
524	0.00364	0.00387	A
525	0.00476	0.0048	C
526	0.00494	0.00498	C
527	0.00389	0.00456	T
528	0.00161	0.00169	G
529	0.00164	0.00165	G
530	0.00333	0.00343	C
531	0.00269	0.00269	G
532	0.00423	0.00443	G
533	0.00182	0.00191	T
534	0.00314	0.00317	G
535	0.00483	0.00501	C
536	0.00149	0.00149	T
537	0.00053	0.00053	T
538	0.00625	0.00653	C
539	0.01138	0.01238	A
540	0.00365	0.0038	T
541	0.04615	0.04928	A
542	0.00481	0.00495	T
543	0.00438	0.0044	C
544	0.00244	0.0025	C
545	0.00576	0.00576	C
546	0.00331	0.00347	T
547	0.00771	0.00784	C
548	0.0008	0.00086	T
549	0.00608	0.00707	A
550	0.0031	0.00314	G
551	0.01555	0.01586	A
552	0.00271	0.00274	G
553	0.00656	0.00675	G
554	0.03664	0.04527	A
555	0.00256	0.00264	G
556	0.00684	0.00693	C
557	0.00538	0.00543	C
558	0.0013	0.00153	T
559	0.00814	0.01188	G
560	0.00351	0.00361	T
561	0.00299	0.00302	T
562	0.05781	0.06136	C
563	0.00419	0.00444	T
564	0.00696	0.00773	G
565	0.00302	0.00388	T
566	0.03002	0.03042	A
567	0.02367	0.02407	A
568	0.00284	0.00324	T
569	0.02913	0.03022	C
570	0.00337	0.00397	G
571	0.01808	0.01884	A
572	0.00316	0.00424	T
573	0.01646	0.01656	A
574	0.02266	0.02274	A
575	0.03047	0.03163	A
576	0.034	0.03534	C
577	0.0143	0.01442	C
578	0.01188	0.01197	C
579	0.00397	0.00399	C
580	0.00642	0.00926	G
581	0.01961	0.02013	A
582	0.01038	0.01194	T
583	0.03315	0.03475	C
584	0.0209	0.02123	A
585	0.01129	0.01166	A
586	0.02051	0.02061	C
587	0.01594	0.01634	C
588	0.00259	0.00432	T
589	0.02575	0.0265	C
590	0.03452	0.03606	A
591	0.00314	0.00314	C
592	0.00191	0.00199	C
593	0.00416	0.00588	A
594	0.00165	0.00165	C
595	0.00171	0.00188	C
596	0.00114	0.00173	T
597	0.0046	0.00479	C
598	0.00179	0.00179	T
599	0.01006	0.01012	T
600	0.00282	0.00354	G
601	0.02856	0.02904	C
602	0.00443	0.00661	T
603	0.05855	0.06075	C
604	0.01509	0.0163	A
605	0.00194	0.00196	G
606	0.00848	0.00848	C
607	0.04071	0.04119	C
608	0.00157	0.00192	T
609	0.02422	0.02547	A
610	0.00347	0.00394	T
611	0.05515	0.05828	A
612	0.01711	0.01861	T
613	0.03022	0.03146	A
614	0.05358	0.05507	C
615	0.02911	0.0299	C
616	0.00329	0.00403	G
617	0.02344	0.02344	C
618	0.01818	0.01825	C
619	0.02361	0.02767	A
620	0.00229	0.00266	T
621	0.03341	0.03395	C
622	0.00231	0.00233	T
623	0.00273	0.00273	T
624	0.03139	0.03457	C
625	0.01907	0.01954	A
626	0.00291	0.00357	G
627	0.02374	0.0293	C
628	0.01231	0.01269	A
629	0.07228	0.07293	A
630	0.0156	0.01574	A
631	0.01948	0.02057	C
632	0.01748	0.01755	C
633	0.00229	0.00237	C
634	0.00261	0.00364	T
635	0.00317	0.00458	G
636	0.01784	0.01821	A
637	0.00262	0.00327	T
638	0.00434	0.0051	G
639	0.01149	0.01185	A
640	0.02309	0.02363	A
641	0.00891	0.00893	G
642	0.00252	0.00252	G
643	0.02134	0.02266	C
644	0.00145	0.00206	T
645	0.00449	0.00474	A
646	0.20741	0.20994	C
647	0.01076	0.01076	A
648	0.01071	0.01075	A
649	0.00869	0.00877	A
650	0.00352	0.00376	G
651	0.00205	0.00369	T
652	0.02875	0.02881	A
653	0.06831	0.06908	A
654	0.00679	0.0085	G
655	0.01124	0.01162	C
656	0.00256	0.00296	G
657	0.05942	0.06148	C
658	0.02729	0.02735	A
659	0.02266	0.0228	A
660	0.00422	0.00573	G
661	0.00322	0.00403	T
662	0.01651	0.01724	A
663	0.02591	0.02612	C
664	0.02066	0.02074	C
665	0.03253	0.03255	C
666	0.02469	0.028	A
667	0.01889	0.01934	C
668	0.00401	0.00428	G
669	0.00175	0.00257	T
670	0.02012	0.0203	A
671	0.04014	0.04028	A
672	0.0253	0.02571	A
673	0.00278	0.00335	G
674	0.01199	0.01228	A
675	0.0629	0.06321	C
676	0.00414	0.00441	G
677	0.00219	0.00223	T
678	0.00447	0.00458	T
679	0.04545	0.04935	A
680	0.00396	0.00407	G
681	0.00391	0.00391	G
682	0.00188	0.00512	T
683	0.0342	0.03487	C
684	0.04721	0.04723	A
685	0.05106	0.05114	A
686	0.00511	0.00511	G
687	0.00473	0.00475	G
688	0.00233	0.00246	T
689	0.00598	0.00644	G
690	0.00271	0.00356	T
691	0.01335	0.01431	A
692	0.00481	0.00525	G
693	0.00553	0.00558	C
694	0.0288	0.02883	C
695	0.0393	0.03931	C
696	0.01686	0.02113	A
697	0.00465	0.00509	T
698	0.00326	0.00368	G
699	0.01475	0.01498	A
700	0.00334	0.00336	G
701	0.00619	0.00628	G
702	0.00313	0.0032	T
703	0.00236	0.0024	G
704	0.00411	0.00411	G
705	0.19382	0.19603	C
706	0.06028	0.06045	A
707	0.03401	0.03405	A
708	0.00428	0.00518	G
709	0.02531	0.02534	A
710	0.05481	0.05487	A
711	0.046	0.04622	A
712	0.00657	0.00708	T
713	0.00425	0.00426	G
714	0.0024	0.0024	G
715	0.00531	0.00531	G
716	0.01212	0.01449	C
717	0.00221	0.00263	T
718	0.03681	0.03856	A
719	0.09222	0.09246	C
720	0.03333	0.03444	A
721	0.00126	0.00134	T
722	0.00092	0.00092	T
723	0.00216	0.0022	T
724	0.00252	0.00252	T
725	0.03802	0.04806	C
726	0.00412	0.00604	T
727	0.04004	0.04799	A
728	0.18603	0.18646	C
729	0.10259	0.10411	C
730	0.10853	0.10931	C
731	0.03519	0.03526	C
732	0.02023	0.02861	A
733	0.00455	0.00551	G
734	0.01804	0.01808	A
735	0.01008	0.01013	A
736	0.17728	0.17731	A
737	0.07578	0.07595	A
738	0.142	0.18692	C
739	0.00797	0.00818	T
740	0.04602	0.04704	A
741	0.08338	0.08603	C
742	0.00791	0.0081	G
743	0.12929	0.13802	A
744	0.00595	0.00665	T
745	0.13815	0.14129	A
746	0.00402	0.00433	G
747	0.00207	0.00209	C
748	0.00109	0.00115	C
749	0.00186	0.00187	C
750	0.00139	0.00145	T
751	0.00206	0.00208	T
752	0.0118	0.01942	A
753	0.0055	0.00614	T
754	0.0086	0.01137	G
755	0.02832	0.02845	A
756	0.02656	0.02672	A
757	0.02011	0.02025	A
758	0.08597	0.09098	C
759	0.00272	0.00274	T
760	0.00265	0.00265	T
761	0.00954	0.00958	A
762	0.01552	0.01566	A
763	0.00277	0.00282	G
764	0.00384	0.00384	G
765	0.00528	0.00528	G
766	0.00157	0.00218	T
767	0.05026	0.0511	C
768	0.00717	0.00811	G
769	0.04736	0.04925	A
770	0.04229	0.04241	A
771	0.00683	0.00692	G
772	0.00742	0.00762	G
773	0.00476	0.00514	T
774	0.00534	0.00534	G
775	0.00553	0.00561	G
776	0.04878	0.05317	A
777	0.00115	0.00117	T
778	0.00122	0.00122	T
779	0.0006	0.0006	T
780	0.00448	0.00555	A
781	0.00255	0.00264	G
782	0.04173	0.04198	C
783	0.01993	0.02005	A
784	0.00178	0.00188	G
785	0.00064	0.00082	T
786	0.0018	0.0018	A
787	0.00318	0.0032	A
788	0.02661	0.0268	A
789	0.00301	0.00335	C
790	0.00049	0.00064	T
791	0.32655	0.32659	A
792	0.00424	0.00557	A
793	0.002	0.00215	G
794	0.0203	0.02088	A
795	0.0034	0.00367	G
796	0.00375	0.00475	T
797	0.0285	0.02947	A
798	0.00388	0.00406	G
799	0.03128	0.03463	A
800	0.00359	0.00379	G
801	0.00224	0.00232	T
802	0.00169	0.00188	G
803	0.00314	0.00327	C
804	0.00081	0.00083	T
805	0.00085	0.00085	T
806	0.00541	0.00688	A
807	0.00201	0.00204	G
808	0.00083	0.00083	T
809	0.00054	0.00054	T
810	0.00185	0.00194	G
811	0.00228	0.00228	A
812	0.01758	0.01764	A
813	0.05791	0.05867	C
814	0.0366	0.03857	A
815	0.0048	0.00517	G
816	0.00471	0.00494	G
817	0.0026	0.0026	G
818	0.01277	0.01288	C
819	0.03057	0.0306	C
820	0.01647	0.01647	C
821	0.00107	0.00361	T
822	0.00173	0.00196	G
823	0.0062	0.0062	A
824	0.00841	0.00849	A
825	0.00357	0.00385	G
826	0.00601	0.00651	C
827	0.00391	0.0043	G
828	0.01143	0.01187	C
829	0.00413	0.00416	G
830	0.00147	0.00176	T
831	0.01268	0.01306	A
832	0.01864	0.01925	C
833	0.03033	0.03384	A
834	0.04945	0.04994	C
835	0.00655	0.00757	A
836	0.0086	0.0086	C
837	0.04202	0.04231	C
838	0.00798	0.00912	G
839	0.0041	0.0041	C
840	0.03015	0.03015	C
841	0.04437	0.0444	C
842	0.00657	0.00904	G
843	0.00938	0.01267	T
844	0.03905	0.04165	C
845	0.05823	0.06134	A
846	0.15805	0.15867	C
847	0.07643	0.07645	C
848	0.00625	0.00647	C
849	0.00102	0.00121	T
850	0.00352	0.00352	C
851	0.00322	0.00327	C
852	0.00141	0.0032	T
853	0.00458	0.0047	C
854	0.05192	0.05296	A
855	0.08404	0.08422	A
856	0.00684	0.00916	G
857	0.00552	0.00617	T
858	0.03866	0.03953	A
859	0.00465	0.00494	T
860	0.03788	0.03861	A
861	0.11701	0.12224	C
862	0.00392	0.00401	T
863	0.00436	0.00439	T
864	0.08549	0.0903	C
865	0.06972	0.07095	A
866	0.08408	0.08437	A
867	0.03613	0.0363	A
868	0.00877	0.0096	G
869	0.00693	0.00709	G
870	0.12585	0.16461	A
871	0.19869	0.20027	C
872	0.04069	0.04209	A
873	0.00644	0.00662	T
874	0.00402	0.00408	T
875	0.0044	0.00454	T
876	0.12703	0.12781	A
877	0.10313	0.10383	A
878	0.09551	0.09952	C
879	0.00535	0.00634	T
880	0.01364	0.01404	A
881	0.01255	0.01282	A
882	0.03332	0.03377	A
883	0.09536	0.09598	A
884	0.14737	0.15328	C
885	0.05863	0.05907	C
886	0.01087	0.01089	C
887	0.00856	0.00862	C
888	0.01311	0.02193	T
889	0.08144	0.08555	A
890	0.20548	0.20826	C
891	0.0045	0.00503	G
892	0.09713	0.09898	C
893	0.01534	0.01607	A
894	0.00286	0.00287	T
895	0.0035	0.00351	T
896	0.00307	0.00307	T
897	0.01688	0.01907	A
898	0.00245	0.00249	T
899	0.03235	0.03451	A
900	0.00392	0.00407	T
901	0.20961	0.21279	A
902	0.00328	0.00352	G
903	0.02469	0.02534	A
904	0.00457	0.00457	G
905	0.00394	0.00397	G
906	0.00606	0.00808	A
907	0.0039	0.00421	G
908	0.05988	0.06085	A
909	0.19529	0.19776	C
910	0.07681	0.07681	A
911	0.13377	0.13726	A
912	0.0046	0.00503	G
913	0.00334	0.00344	T
914	0.02173	0.02207	C
915	0.00528	0.00587	G
916	0.00501	0.00591	T
917	0.02883	0.02918	A
918	0.01915	0.0196	A
919	0.0502	0.05185	C
920	0.01954	0.01982	A
921	0.0049	0.00523	T
922	0.00312	0.00314	G
923	0.00236	0.00238	G
924	0.00163	0.00171	T
925	0.00281	0.00281	A
926	0.00199	0.00201	A
927	0.00111	0.00117	G
928	0.00028	0.00034	T
929	0.00091	0.00103	G
930	0.0004	0.00044	T
931	0.0004	0.00046	A
932	0.0003	0.00039	C
933	0.00022	0.00035	T
934	0.00164	0.00164	G
935	0.00097	0.00102	G
936	0.00025	0.00027	A
937	0.00035	0.00035	A
938	0.00013	0.00013	A
939	0.00012	0.00016	G
940	6e-05	7e-05	T
941	0.00036	0.00044	G
942	0.00014	0.00016	C
943	5e-05	7e-05	A
944	0.00021	0.00027	C
945	9e-05	9e-05	T
946	9e-05	9e-05	T
947	8e-05	8e-05	G
948	6e-05	6e-05	G
949	0.00025	0.00027	A
950	0.00132	0.00134	C
951	0.0001	0.0001	G
952	1e-05	1e-05	A
953	0.0	0.0	A
954	0.0	0.0	C
