Position	Mismatches	Mismatches + Deletions	Base
1	0.0	0.0	A
2	0.0	0.0	T
3	0.0	0.0	A
4	0.03622	0.03622	A
5	0.04077	0.04228	C
6	0.02431	0.02431	C
7	0.02062	0.02998	A
8	0.00615	0.00628	T
9	0.00743	0.00825	G
10	0.03161	0.03294	C
11	0.02753	0.02899	A
12	0.02896	0.02974	C
13	0.02936	0.02994	A
14	0.03314	0.0341	C
15	0.00566	0.00602	T
16	0.02885	0.02949	A
17	0.03935	0.04079	C
18	0.00588	0.00621	T
19	0.03658	0.04098	A
20	0.00593	0.00758	T
21	0.03867	0.03876	A
22	0.04099	0.04354	A
23	0.03515	0.03598	C
24	0.0175	0.01791	C
25	0.01715	0.02802	A
26	0.03165	0.03168	C
27	0.0288	0.02881	C
28	0.01448	0.01489	C
29	0.00852	0.01057	T
30	0.03084	0.03215	A
31	0.03676	0.03746	A
32	0.04101	0.04119	C
33	0.03026	0.03059	C
34	0.01805	0.01935	C
35	0.00633	0.00728	T
36	0.98161	0.98623	G
37	0.0415	0.04241	A
38	0.05447	0.05625	C
39	0.00561	0.00579	T
40	0.00561	0.00571	T
41	0.03649	0.03653	C
42	0.03539	0.03551	C
43	0.03055	0.03075	C
44	0.0077	0.00884	T
45	0.05144	0.05296	A
46	0.06792	0.07184	A
47	0.00621	0.00642	T
48	0.00548	0.00581	T
49	0.02117	0.02135	C
50	0.01908	0.01918	C
51	0.01755	0.01771	C
52	0.02642	0.02652	C
53	0.02334	0.0234	C
54	0.02454	0.02461	C
55	0.02953	0.03715	A
56	0.00581	0.00697	T
57	0.03498	0.03506	C
58	0.02191	0.02211	C
59	0.00576	0.00591	T
60	0.00686	0.00757	T
61	0.03843	0.05672	A
62	0.04859	0.04906	C
63	0.03097	0.03296	C
64	0.02504	0.03644	A
65	0.04125	0.0413	C
66	0.02668	0.02672	C
67	0.02589	0.02744	C
68	0.00638	0.00704	T
69	0.04378	0.04419	C
70	0.01065	0.01196	G
71	0.00701	0.00748	T
72	0.00749	0.00788	T
73	0.03147	0.03234	A
74	0.03176	0.03236	A
75	0.04504	0.04531	C
76	0.03024	0.03055	C
77	0.02039	0.02106	C
78	0.01025	0.01361	T
79	0.02459	0.0271	A
80	0.02036	0.02082	A
81	0.0442	0.04954	C
82	0.00192	0.00213	A
83	0.001	0.00108	A
84	0.00097	0.00106	A
85	0.007	0.00709	A
86	0.02179	0.02187	A
87	0.01193	0.01194	A
88	0.01915	0.0192	A
89	0.01565	0.01573	A
90	0.04346	0.04795	C
91	0.00897	0.01081	T
92	0.03981	0.04167	C
93	0.03608	0.04222	A
94	0.01731	0.0186	T
95	0.04213	0.04498	A
96	0.03433	0.0352	C
97	0.01902	0.01938	C
98	0.01983	0.01994	C
99	0.02184	0.02198	C
100	0.02046	0.02054	C
101	0.02546	0.03387	A
102	0.00613	0.00625	T
103	0.00588	0.00625	T
104	0.0201	0.03374	A
105	0.00605	0.00621	T
106	0.00794	0.00857	G
107	0.00607	0.0068	T
108	0.03211	0.03243	A
109	0.01657	0.01674	A
110	0.03634	0.03698	A
111	0.03836	0.03943	A
112	0.00752	0.00861	T
113	0.03961	0.03999	C
114	0.03549	0.03601	C
115	0.04523	0.04967	A
116	0.00707	0.0071	T
117	0.00715	0.0073	T
118	0.01001	0.01165	G
119	0.01073	0.01235	T
120	0.05293	0.05369	C
121	0.01223	0.01389	G
122	0.03381	0.04382	C
123	0.0314	0.03297	A
124	0.01352	0.01468	T
125	0.03445	0.03502	C
126	0.02827	0.0298	C
127	0.01684	0.02349	A
128	0.04138	0.04146	C
129	0.02898	0.02937	C
130	0.0045	0.00476	T
131	0.00499	0.00513	T
132	0.00516	0.00537	T
133	0.03548	0.04463	A
134	0.00643	0.00646	T
135	0.00666	0.00692	T
136	0.02922	0.04927	A
137	0.00606	0.0088	T
138	0.04822	0.0499	C
139	0.04562	0.04791	A
140	0.00981	0.01082	G
141	0.00659	0.00695	T
142	0.03882	0.03966	C
143	0.00898	0.00958	T
144	0.05799	0.06219	C
145	0.01021	0.01026	T
146	0.01343	0.0139	T
147	0.03317	0.03334	C
148	0.02408	0.02439	C
149	0.02836	0.02858	C
150	0.0216	0.02191	C
151	0.01397	0.01924	A
152	0.03519	0.03809	C
153	0.02689	0.0276	A
154	0.02845	0.02921	A
155	0.04656	0.0496	C
156	0.03798	0.03809	A
157	0.03539	0.03591	A
158	0.00777	0.00823	T
159	0.05115	0.05262	A
160	0.00665	0.0067	T
161	0.00684	0.00694	T
162	0.05563	0.05817	C
163	0.04859	0.05014	A
164	0.00803	0.00845	T
165	0.00829	0.01054	G
166	0.01061	0.01133	T
167	0.00628	0.00646	G
168	0.04073	0.04111	C
169	0.02698	0.02714	C
170	0.0074	0.00878	T
171	0.02785	0.0353	A
172	0.00701	0.00745	G
173	0.02889	0.0313	A
174	0.03548	0.03562	C
175	0.02604	0.02636	C
176	0.02261	0.02272	A
177	0.03851	0.03938	A
178	0.00623	0.00885	G
179	0.03377	0.03379	A
180	0.03781	0.03894	A
181	0.01126	0.01195	G
182	0.00716	0.00748	T
183	0.00791	0.00896	T
184	0.03704	0.05789	A
185	0.00786	0.00788	T
186	0.00848	0.00899	T
187	0.03949	0.06289	A
188	0.00764	0.00805	T
189	0.04582	0.04899	C
190	0.00645	0.007	T
191	0.04263	0.0438	C
192	0.01003	0.01109	G
193	0.04053	0.04093	A
194	0.03658	0.03678	A
195	0.04788	0.04944	C
196	0.00679	0.00708	T
197	0.00572	0.00721	G
198	0.03535	0.03591	A
199	0.0439	0.04543	C
200	0.03546	0.03654	A
201	0.04815	0.04945	C
202	0.01024	0.01115	T
203	0.00836	0.01088	G
204	0.03804	0.03945	A
205	0.01444	0.01483	G
206	0.03402	0.03427	C
207	0.03062	0.03144	C
208	0.02136	0.03163	A
209	0.03942	0.04701	C
210	0.02983	0.03007	A
211	0.02752	0.0301	A
212	0.03482	0.03511	C
213	0.02185	0.02251	C
214	0.0259	0.02656	C
215	0.01428	0.01524	A
216	0.03299	0.03352	A
217	0.03287	0.03323	A
218	0.04721	0.05441	C
219	0.02759	0.0279	A
220	0.03019	0.0321	A
221	0.04371	0.04419	C
222	0.03652	0.03791	C
223	0.02666	0.02682	C
224	0.02632	0.04078	A
225	0.0089	0.00918	G
226	0.02512	0.02577	C
227	0.01006	0.01085	T
228	0.03401	0.03546	C
229	0.00844	0.01108	T
230	0.03543	0.03549	C
231	0.0308	0.03082	C
232	0.01054	0.01106	C
233	0.00689	0.0088	T
234	0.03189	0.03286	A
235	0.03881	0.03929	A
236	0.00658	0.0072	G
237	0.02973	0.03092	C
238	0.00535	0.0055	T
239	0.00648	0.00655	T
240	0.03266	0.03557	C
241	0.02773	0.02834	A
242	0.02818	0.02836	A
243	0.03662	0.03671	A
244	0.04213	0.04895	C
245	0.00711	0.00761	T
246	0.03698	0.03908	A
247	0.00782	0.00843	G
248	0.03969	0.04058	A
249	0.04107	0.04283	C
250	0.00598	0.00648	T
251	0.02925	0.03115	A
252	0.04966	0.05217	C
253	0.00839	0.00856	T
254	0.00707	0.00723	T
255	0.02783	0.03677	C
256	0.00945	0.01009	T
257	0.04177	0.04184	C
258	0.03201	0.0328	C
259	0.02043	0.03153	A
260	0.0061	0.00766	T
261	0.03603	0.03643	A
262	0.03556	0.04086	A
263	0.00655	0.00689	T
264	0.04975	0.05417	A
265	0.00588	0.00591	T
266	0.00691	0.00708	T
267	0.05089	0.0539	C
268	0.04228	0.04613	A
269	0.00883	0.00988	T
270	0.03052	0.03103	C
271	0.01751	0.01795	C
272	0.01896	0.01911	C
273	0.00391	0.00434	T
274	0.00607	0.00776	G
275	0.00308	0.00354	T
276	0.02159	0.02264	A
277	0.0068	0.00744	G
278	0.01837	0.01897	C
279	0.04888	0.04999	A
280	0.00658	0.00668	T
281	0.00762	0.00775	T
282	0.01038	0.01532	G
283	0.00698	0.00698	T
284	0.0061	0.00614	T
285	0.05095	0.05308	C
286	0.00891	0.00919	G
287	0.00336	0.00337	T
288	0.00316	0.00324	T
289	0.01316	0.01828	A
290	0.02263	0.0236	C
291	0.02569	0.02626	A
292	0.00769	0.00821	T
293	0.00661	0.0068	G
294	0.00555	0.00564	G
295	0.0084	0.00872	T
296	0.04435	0.0446	C
297	0.02686	0.02763	C
298	0.02415	0.02756	A
299	0.00428	0.00643	T
300	0.03154	0.03248	C
301	0.03294	0.0365	A
302	0.00587	0.00674	T
303	0.03342	0.03582	A
304	0.00783	0.00899	G
305	0.03581	0.03597	A
306	0.04124	0.04313	A
307	0.00713	0.00727	T
308	0.00703	0.00722	T
309	0.03542	0.04112	C
310	0.0103	0.0121	T
311	0.0363	0.0379	C
312	0.02743	0.02834	A
313	0.03294	0.03364	C
314	0.00526	0.00543	T
315	0.00842	0.00916	G
316	0.00437	0.00466	T
317	0.00519	0.00622	G
318	0.0192	0.02066	A
319	0.00455	0.00471	T
320	0.02871	0.02962	A
321	0.00544	0.00597	T
322	0.03195	0.03323	A
323	0.00555	0.00635	T
324	0.02437	0.02439	A
325	0.02597	0.026	A
326	0.03114	0.03246	A
327	0.03174	0.03553	C
328	0.00784	0.01069	T
329	0.03417	0.0351	C
330	0.03559	0.04121	A
331	0.01129	0.0127	G
332	0.03014	0.03097	A
333	0.02528	0.02544	C
334	0.0171	0.01723	C
335	0.01651	0.01679	C
336	0.00921	0.00956	A
337	0.02179	0.02205	A
338	0.02103	0.02119	A
339	0.03021	0.03381	C
340	0.02544	0.02634	A
341	0.00507	0.00538	T
342	0.00537	0.00555	T
343	0.02254	0.02287	A
344	0.03305	0.0334	A
345	0.00584	0.00723	T
346	0.03085	0.03141	C
347	0.02953	0.03098	A
348	0.0093	0.01002	G
349	0.00614	0.00626	T
350	0.00442	0.00458	T
351	0.0384	0.04492	C
352	0.00528	0.00537	T
353	0.00557	0.00567	T
354	0.03679	0.04003	C
355	0.02141	0.02186	A
356	0.02968	0.03009	A
357	0.02885	0.02955	A
358	0.00623	0.00717	T
359	0.03285	0.03442	A
360	0.00544	0.00565	T
361	0.03847	0.03933	C
362	0.00547	0.00594	T
363	0.03736	0.04012	A
364	0.39947	0.40532	C
365	0.00562	0.00621	T
366	0.03651	0.03907	C
367	0.02948	0.03421	A
368	0.00614	0.00652	T
369	0.05146	0.05384	C
370	0.00624	0.00628	T
371	0.00534	0.00553	T
372	0.04	0.04006	C
373	0.0256	0.02606	C
374	0.00632	0.00714	T
375	0.02672	0.02825	A
376	0.03406	0.03503	A
377	0.00633	0.00653	T
378	0.00701	0.00714	T
379	0.02273	0.03586	A
380	0.04795	0.04851	C
381	0.03255	0.03349	C
382	0.01461	0.03359	A
383	0.00601	0.00653	T
384	0.02978	0.03083	A
385	0.04436	0.04835	C
386	0.00663	0.00766	T
387	0.03105	0.03132	A
388	0.03722	0.03966	A
389	0.00652	0.0068	T
390	0.04649	0.04791	C
391	0.00577	0.00577	T
392	0.00535	0.00541	T
393	0.02659	0.03745	A
394	0.00976	0.01017	G
395	0.00658	0.00668	T
396	0.00835	0.00855	T
397	0.0301	0.04125	A
398	0.05119	0.05146	C
399	0.04517	0.0455	C
400	0.00747	0.00914	G
401	0.02715	0.02846	C
402	0.00587	0.00668	T
403	0.02884	0.02973	A
404	0.02686	0.02728	A
405	0.04231	0.04396	C
406	0.02871	0.02905	A
407	0.03015	0.03103	A
408	0.04636	0.04663	C
409	0.02779	0.02907	C
410	0.00778	0.00841	T
411	0.03825	0.04927	A
412	0.00822	0.00835	T
413	0.00989	0.01007	T
414	0.05598	0.05619	C
415	0.04575	0.04632	C
416	0.02841	0.02864	A
417	0.04863	0.04905	A
418	0.0534	0.05535	C
419	0.00779	0.00797	T
420	0.00976	0.01267	G
421	0.00626	0.00626	T
422	0.00691	0.00696	T
423	0.03997	0.04139	C
424	0.03591	0.03789	A
425	0.00746	0.00853	T
426	0.03501	0.03639	C
427	0.00818	0.00842	G
428	0.00673	0.00678	G
429	0.02054	0.0215	C
430	0.00506	0.00563	T
431	0.00738	0.00859	G
432	0.04541	0.04962	A
433	0.00832	0.00886	G
434	0.0708	0.0754	A
435	0.00664	0.00664	G
436	0.00526	0.00528	G
437	0.00564	0.00568	G
438	0.0218	0.02575	C
439	0.01215	0.01269	G
440	0.00511	0.00627	T
441	0.0218	0.02239	A
442	0.00494	0.00502	G
443	0.00517	0.00521	G
444	0.01936	0.01944	A
445	0.05422	0.05446	A
446	0.00954	0.00976	T
447	0.01164	0.01209	T
448	0.05146	0.0838	A
449	0.00975	0.01108	T
450	0.07886	0.09019	A
451	0.00459	0.00536	T
452	0.02722	0.02783	C
453	0.02891	0.02973	C
454	0.00606	0.00608	T
455	0.0064	0.00652	T
456	0.05154	0.06524	C
457	0.01139	0.0114	T
458	0.01173	0.0119	T
459	0.00907	0.0112	G
460	0.03159	0.03202	C
461	0.00501	0.00655	T
462	0.02675	0.02747	C
463	0.05499	0.06103	A
464	0.00695	0.00702	T
465	0.82839	0.84508	C
466	0.05217	0.05358	A
467	0.00927	0.01197	G
468	0.00594	0.00596	T
469	0.00712	0.00739	T
470	0.00795	0.00853	G
471	0.03867	0.03974	A
472	0.00732	0.00873	T
473	0.00792	0.00952	G
474	0.05309	0.05686	A
475	0.0076	0.00807	T
476	0.04599	0.04887	A
477	0.04995	0.05336	C
478	0.00855	0.00947	G
479	0.04337	0.04351	C
480	0.03659	0.03666	C
481	0.0312	0.03168	C
482	0.0078	0.01125	G
483	0.05157	0.05332	A
484	0.00995	0.01055	G
485	0.03576	0.03677	C
486	0.05139	0.05387	A
487	0.00921	0.01009	G
488	0.05006	0.0558	A
489	0.01151	0.01198	T
490	0.00777	0.0081	G
491	0.04698	0.04714	C
492	0.04008	0.04045	C
493	0.03767	0.03856	A
494	0.0376	0.03783	A
495	0.06763	0.07365	C
496	0.04324	0.05017	A
497	0.06778	0.07543	C
498	0.05459	0.06109	A
499	0.01412	0.0211	G
500	0.03942	0.04452	C
501	0.04191	0.04767	A
502	0.00986	0.01041	G
503	0.04003	0.04069	C
504	0.04242	0.04336	C
505	0.05629	0.06078	A
506	0.00847	0.00911	T
507	0.00888	0.00901	T
508	0.07415	0.07754	C
509	0.04595	0.04644	A
510	0.0592	0.0608	A
511	0.00771	0.00951	G
512	0.05712	0.06285	C
513	0.04262	0.04328	A
514	0.04658	0.04799	A
515	0.00906	0.01043	T
516	0.06111	0.06123	C
517	0.03389	0.03484	C
518	0.01015	0.01117	T
519	0.05378	0.05794	A
520	0.01032	0.0144	T
521	0.06156	0.06373	A
522	0.08018	0.08993	C
523	0.0365	0.03693	A
524	0.03867	0.0407	A
525	0.04304	0.04347	C
526	0.03473	0.03598	C
527	0.0126	0.01594	G
528	0.00686	0.00799	T
529	0.05574	0.05721	A
530	0.01122	0.01219	T
531	0.06158	0.06296	C
532	0.00799	0.0081	G
533	0.00781	0.0081	G
534	0.02974	0.03035	C
535	0.00784	0.00805	G
536	0.03451	0.03733	A
537	0.00921	0.00953	T
538	0.056	0.0576	A
539	0.01338	0.01498	T
540	0.04988	0.05073	C
541	0.00844	0.0085	G
542	0.00831	0.00844	G
543	0.00489	0.00495	T
544	0.00882	0.00885	T
545	0.00979	0.01007	T
546	0.15989	0.16465	C
547	0.05435	0.05762	A
548	0.01201	0.01394	T
549	0.0515	0.05188	C
550	0.02304	0.02453	C
551	0.01231	0.01362	T
552	0.0325	0.03321	C
553	0.00577	0.0066	G
554	0.02064	0.02068	C
555	0.01986	0.02027	C
556	0.00994	0.01023	T
557	0.0107	0.01093	T
558	0.04314	0.06553	A
559	0.01299	0.01393	G
560	0.06874	0.07032	C
561	0.05106	0.05243	A
562	0.01168	0.0131	T
563	0.00824	0.0092	G
564	0.05289	0.05456	A
565	0.00838	0.00843	T
566	0.00828	0.00843	T
567	0.00994	0.0102	T
568	0.0579	0.06233	A
569	0.00998	0.01177	T
570	0.06171	0.06329	C
571	0.0292	0.03054	C
572	0.00959	0.01122	T
573	0.04102	0.04274	A
574	0.05951	0.06272	C
575	0.04552	0.05075	A
576	0.05168	0.05468	C
577	0.01494	0.01656	T
578	0.04311	0.04314	C
579	0.0349	0.03607	C
580	0.0241	0.0261	A
581	0.03457	0.03482	A
582	0.04934	0.05251	C
583	0.00983	0.01222	T
584	0.04917	0.05048	C
585	0.03603	0.04086	A
586	0.01434	0.01519	T
587	0.01244	0.0138	G
588	0.03955	0.04386	A
589	0.0155	0.017	G
590	0.03127	0.03269	A
591	0.03036	0.03085	C
592	0.02771	0.02781	C
593	0.02983	0.03039	C
594	0.0168	0.02295	A
595	0.0478	0.05192	C
596	0.0245	0.02517	A
597	0.02441	0.02476	A
598	0.05202	0.0546	C
599	0.01378	0.0138	A
600	0.03328	0.03329	A
601	0.03292	0.0336	A
602	0.01606	0.01803	T
603	0.04969	0.05249	A
604	0.01351	0.01501	G
605	0.04277	0.0431	C
606	0.02096	0.021	C
607	0.02202	0.02209	C
608	0.01041	0.01055	T
609	0.01103	0.01182	T
610	0.0309	0.041	C
611	0.01071	0.01307	T
612	0.02049	0.02177	A
613	0.03581	0.03601	A
614	0.04128	0.0414	A
615	0.07272	0.08093	C
616	0.0102	0.01048	G
617	0.03076	0.03179	C
618	0.00692	0.00895	T
619	0.02337	0.02384	A
620	0.03795	0.03852	A
621	0.01577	0.0179	T
622	0.05802	0.05868	C
623	0.03034	0.031	C
624	0.03009	0.03063	A
625	0.05755	0.05844	A
626	0.01149	0.01322	G
627	0.0253	0.02544	C
628	0.02706	0.02737	C
629	0.02219	0.0317	T
630	0.04227	0.04491	C
631	0.02882	0.03897	A
632	0.0428	0.04287	C
633	0.02751	0.02755	C
634	0.0308	0.0308	C
635	0.02775	0.02811	C
636	0.02903	0.05059	A
637	0.0284	0.02918	C
638	0.00521	0.00589	T
639	0.05312	0.05412	A
640	0.03106	0.03282	C
641	0.00574	0.00621	T
642	0.02427	0.03026	A
643	0.00728	0.00802	G
644	0.00584	0.0061	G
645	0.10611	0.10653	C
646	0.03234	0.03334	C
647	0.00971	0.01282	T
648	0.06595	0.06621	C
649	0.05108	0.05297	C
650	0.02032	0.02394	T
651	0.02318	0.02319	C
652	0.0137	0.01506	C
653	0.005	0.00549	T
654	0.02936	0.03195	A
655	0.00811	0.01101	G
656	0.05253	0.05608	C
657	0.03628	0.03926	A
658	0.01007	0.01508	G
659	0.07172	0.07995	C
660	0.05393	0.05865	A
661	0.02022	0.0235	G
662	0.07336	0.0831	C
663	0.04182	0.04525	A
664	0.00604	0.00608	G
665	0.00459	0.00474	G
666	0.02047	0.02158	C
667	0.02383	0.02404	A
668	0.03603	0.0362	A
669	0.04055	0.04076	A
670	0.01516	0.02211	T
671	0.05488	0.05783	C
672	0.04325	0.04712	A
673	0.0115	0.0133	G
674	0.03443	0.0346	C
675	0.0316	0.03177	C
676	0.06198	0.06215	C
677	0.03114	0.03129	A
678	0.05936	0.05954	A
679	0.01455	0.01461	T
680	0.01105	0.01119	T
681	0.0543	0.06317	A
682	0.00952	0.00966	G
683	0.01098	0.01099	G
684	0.00928	0.00976	T
685	0.02915	0.02972	C
686	0.01561	0.01896	T
687	0.05145	0.05152	C
688	0.0489	0.05002	C
689	0.02444	0.0433	A
690	0.05387	0.05391	C
691	0.04416	0.0442	C
692	0.0485	0.0485	C
693	0.03394	0.03443	C
694	0.00975	0.01126	T
695	0.01043	0.01867	G
696	0.05697	0.05999	A
697	0.05697	0.05973	C
698	0.01193	0.01557	T
699	0.04852	0.04931	C
700	0.04603	0.04609	C
701	0.04316	0.04319	C
702	0.0514	0.05227	C
703	0.01343	0.02102	T
704	0.06109	0.06446	C
705	0.03969	0.05598	A
706	0.00787	0.00844	G
707	0.02964	0.02968	C
708	0.05034	0.0506	C
709	0.04935	0.07909	A
710	0.00829	0.00994	T
711	0.05204	0.05257	A
712	0.01076	0.01188	G
713	0.05011	0.05018	A
714	0.04912	0.0526	A
715	0.00796	0.00816	G
716	0.00626	0.0065	G
717	0.02265	0.02293	C
718	0.05428	0.05432	C
719	0.05277	0.05298	C
720	0.05855	0.05943	C
721	0.02748	0.04173	A
722	0.05924	0.05931	C
723	0.04853	0.04859	C
724	0.04639	0.04641	C
725	0.05125	0.05154	C
726	0.04881	0.07328	A
727	0.01243	0.01287	G
728	0.00779	0.00915	T
729	0.04622	0.04692	C
730	0.01212	0.02015	T
731	0.05274	0.05556	C
732	0.05443	0.06276	A
733	0.01475	0.01603	G
734	0.05016	0.05035	C
735	0.04021	0.04039	C
736	0.03601	0.03642	C
737	0.00827	0.01014	T
738	0.03969	0.046	A
739	0.05006	0.05246	C
740	0.01096	0.01272	T
741	0.0375	0.03754	C
742	0.02951	0.03078	C
743	0.0232	0.03155	A
744	0.04828	0.05044	C
745	0.01218	0.01724	T
746	0.05843	0.06208	C
747	0.04214	0.04485	A
748	0.05953	0.06148	A
749	0.01195	0.01541	G
750	0.03953	0.04041	C
751	0.0504	0.05091	A
752	0.06845	0.07147	C
753	0.0102	0.01089	T
754	0.06001	0.06244	A
755	0.01079	0.01126	T
756	0.0585	0.06056	A
757	0.01169	0.01331	G
758	0.00718	0.00719	T
759	0.00776	0.0079	T
760	0.01186	0.01276	G
761	0.00704	0.00831	T
762	0.05396	0.05519	A
763	0.01305	0.01528	G
764	0.05016	0.05199	C
765	0.04946	0.05177	A
766	0.00782	0.00791	G
767	0.00731	0.0076	G
768	0.03047	0.03054	A
769	0.04681	0.04724	A
770	0.00902	0.00941	T
771	0.08077	0.0825	C
772	0.00993	0.01	T
773	0.00942	0.00973	T
774	0.06909	0.0823	C
775	0.0109	0.01091	T
776	0.01009	0.01033	T
777	0.03292	0.05938	A
778	0.0828	0.08498	C
779	0.01197	0.01363	T
780	0.06313	0.06916	C
781	0.04281	0.04929	A
782	0.00901	0.01075	T
783	0.0467	0.04721	C
784	0.04293	0.04497	C
785	0.00888	0.01135	G
786	0.04026	0.04313	C
787	0.00972	0.00999	T
788	0.01644	0.01769	T
789	0.0554	0.05569	C
790	0.04577	0.04679	C
791	0.03538	0.05178	A
792	0.02991	0.02992	C
793	0.02948	0.02959	C
794	0.03006	0.03011	C
795	0.03505	0.03506	C
796	0.02761	0.02769	C
797	0.01128	0.01211	T
798	0.04028	0.04164	A
799	0.00945	0.01063	G
800	0.03286	0.03383	C
801	0.03913	0.04041	A
802	0.00796	0.00946	G
803	0.02443	0.02449	A
804	0.0161	0.01614	A
805	0.04111	0.04118	A
806	0.03594	0.03614	A
807	0.01028	0.01207	T
808	0.05445	0.05732	A
809	0.01692	0.01879	G
810	0.02924	0.02958	C
811	0.02427	0.02437	C
812	0.02317	0.02332	C
813	0.02775	0.03467	A
814	0.04828	0.0496	C
815	0.01028	0.01209	T
816	0.02296	0.02334	A
817	0.03594	0.03679	A
818	0.01282	0.01502	T
819	0.04528	0.04595	C
820	0.0392	0.03977	C
821	0.01632	0.01671	A
822	0.03173	0.03227	A
823	0.03506	0.03526	A
824	0.05057	0.05663	C
825	0.0101	0.01049	T
826	0.04235	0.04372	C
827	0.01153	0.01353	T
828	0.03953	0.04027	A
829	0.03695	0.03773	A
830	0.05607	0.05881	C
831	0.04409	0.04516	A
832	0.05771	0.06318	C
833	0.01011	0.01076	T
834	0.04396	0.04693	A
835	0.00905	0.00932	T
836	0.00802	0.00877	G
837	0.05803	0.06012	C
838	0.01213	0.01219	T
839	0.00815	0.00839	T
840	0.05027	0.06432	A
841	0.00621	0.0063	G
842	0.00627	0.00638	G
843	0.04773	0.04859	C
844	0.00813	0.0082	G
845	0.02338	0.02433	C
846	0.00958	0.0101	T
847	0.04409	0.04616	A
848	0.01055	0.01209	T
849	0.05336	0.0579	C
850	0.04993	0.05169	A
851	0.06622	0.06637	C
852	0.04381	0.04627	C
853	0.02538	0.03452	A
854	0.04307	0.04533	C
855	0.00611	0.00646	T
856	0.03329	0.03364	C
857	0.00764	0.00776	T
858	0.01078	0.01461	G
859	0.00755	0.00755	T
860	0.01326	0.0136	T
861	0.05177	0.05485	C
862	0.01173	0.01447	G
863	0.02409	0.02628	C
864	0.02671	0.02798	A
865	0.01151	0.01381	G
866	0.06132	0.06359	C
867	0.043	0.046	A
868	0.01036	0.01063	G
869	0.00775	0.00865	T
870	0.03935	0.03965	C
871	0.00754	0.00799	T
872	0.00751	0.00953	G
873	0.01177	0.01262	C
874	0.00809	0.00889	G
875	0.04601	0.04609	C
876	0.02064	0.02069	C
877	0.0469	0.04715	C
878	0.01157	0.01169	T
879	0.0094	0.01043	T
880	0.02539	0.0398	A
881	0.0613	0.06404	C
882	0.02967	0.03098	A
883	0.08151	0.0893	C
884	0.02485	0.02496	A
885	0.01783	0.01785	A
886	0.03136	0.0314	A
887	0.03906	0.03936	A
888	0.01221	0.01351	T
889	0.01462	0.01732	G
890	0.04181	0.04301	A
891	0.0692	0.07269	C
892	0.03348	0.03391	A
893	0.01858	0.02146	T
894	0.04521	0.05246	C
895	0.00228	0.00249	A
896	0.00143	0.00152	A
897	0.00189	0.00203	A
898	0.01687	0.01703	A
899	0.00933	0.00936	A
900	0.01862	0.01874	A
901	0.026	0.02607	A
902	0.00678	0.00769	T
903	0.056	0.0566	C
904	0.01373	0.01434	G
905	0.0065	0.00784	T
906	0.04227	0.04338	A
907	0.00691	0.00705	G
908	0.02822	0.02875	C
909	0.02454	0.02464	C
910	0.00908	0.00922	T
911	0.00981	0.01039	T
912	0.02976	0.04244	C
913	0.01116	0.01289	T
914	0.0498	0.04988	C
915	0.03598	0.03701	C
916	0.01925	0.02938	A
917	0.05069	0.0521	C
918	0.00808	0.0084	T
919	0.00781	0.00789	T
920	0.05304	0.05589	C
921	0.04444	0.04506	A
922	0.04217	0.04274	A
923	0.00697	0.00771	G
924	0.00488	0.00612	T
925	0.0279	0.02887	C
926	0.0397	0.04001	A
927	0.04468	0.04481	A
928	0.05671	0.06028	C
929	0.01017	0.01051	T
930	0.05354	0.05641	A
931	0.00767	0.00805	G
932	0.00439	0.00451	G
933	0.01921	0.02442	A
934	0.02236	0.02287	C
935	0.00534	0.00778	T
936	0.05123	0.05185	C
937	0.03817	0.04125	A
938	0.00871	0.01164	T
939	0.04475	0.04478	A
940	0.04494	0.05069	A
941	0.00968	0.01028	T
942	0.04499	0.04728	A
943	0.01225	0.01344	G
944	0.00734	0.00754	T
945	0.00883	0.00925	T
946	0.02785	0.04698	A
947	0.0797	0.08191	C
948	0.04322	0.04327	A
949	0.04608	0.04681	A
950	0.0116	0.01271	T
951	0.04977	0.05109	C
952	0.00919	0.00936	G
953	0.00769	0.00785	G
954	0.02166	0.02263	C
955	0.03772	0.03845	A
956	0.00847	0.01181	T
957	0.03396	0.03612	C
958	0.02967	0.03041	A
959	0.03852	0.03872	A
960	0.05034	0.05066	C
961	0.0467	0.04749	C
962	0.01782	0.01903	A
963	0.03162	0.03205	A
964	0.03912	0.03966	C
965	0.02684	0.0284	C
966	0.0176	0.03032	A
967	0.04387	0.05006	C
968	0.02953	0.03258	A
969	0.04967	0.04974	C
970	0.02519	0.02658	C
971	0.00955	0.01026	T
972	0.05079	0.05231	A
973	0.00904	0.00932	G
974	0.05045	0.05241	C
975	0.0453	0.04808	A
976	0.00841	0.00856	T
977	0.00656	0.00666	T
978	0.04061	0.04078	C
979	0.02332	0.02395	C
980	0.0077	0.00854	T
981	0.0089	0.00989	G
982	0.02463	0.02599	C
983	0.03915	0.04121	A
984	0.05205	0.05377	C
985	0.03443	0.03581	A
986	0.00727	0.00785	T
987	0.0508	0.05127	C
988	0.01068	0.01093	T
989	0.01772	0.02182	G
990	0.01349	0.01474	T
991	0.03686	0.03984	A
992	0.03686	0.03707	C
993	0.02191	0.02209	C
994	0.01661	0.01681	C
995	0.0303	0.03709	A
996	0.05862	0.06025	C
997	0.00865	0.0093	G
998	0.03349	0.03355	C
999	0.02851	0.02864	C
1000	0.00601	0.00626	T
1001	0.00877	0.00901	T
1002	0.03239	0.04709	C
1003	0.00812	0.00828	T
1004	0.00779	0.00799	T
1005	0.04963	0.0565	C
1006	0.03569	0.03774	A
1007	0.04245	0.04293	A
1008	0.03525	0.03557	A
1009	0.00831	0.0088	G
1010	0.01881	0.01896	C
1011	0.01805	0.01828	C
1012	0.01422	0.03088	A
1013	0.00586	0.00678	T
1014	0.02912	0.02982	A
1015	0.07303	0.07894	C
1016	0.00876	0.00918	T
1017	0.05528	0.05902	A
1018	0.00581	0.00589	T
1019	0.00773	0.00775	T
1020	0.00516	0.00533	T
1021	0.02506	0.02772	A
1022	0.00467	0.00477	T
1023	0.00723	0.00769	G
1024	0.00855	0.00895	T
1025	0.00784	0.00832	G
1026	0.01782	0.01865	C
1027	0.00672	0.00793	T
1028	0.04812	0.04815	C
1029	0.03298	0.03315	C
1030	0.0065	0.00659	G
1031	0.00685	0.00691	G
1032	0.00697	0.007	G
1033	0.01218	0.01304	T
1034	0.03682	0.03688	C
1035	0.0262	0.02658	C
1036	0.03031	0.03441	A
1037	0.00943	0.011	T
1038	0.03804	0.04043	C
1039	0.02557	0.02856	A
1040	0.02123	0.02396	T
1041	0.0305	0.03148	C
1042	0.02536	0.02715	C
1043	0.01571	0.02492	A
1044	0.03396	0.04242	C
1045	0.02232	0.02251	A
1046	0.02402	0.02482	A
1047	0.03364	0.03383	C
1048	0.02406	0.02492	C
1049	0.01193	0.01235	T
1050	0.01117	0.01167	T
1051	0.0244	0.025	A
1052	0.03002	0.03027	A
1053	0.04817	0.0499	C
1054	0.03076	0.03147	A
1055	0.03222	0.03328	A
1056	0.01219	0.01299	T
1057	0.01211	0.014	G
1058	0.02534	0.02569	A
1059	0.03196	0.03249	A
1060	0.0508	0.0534	C
1061	0.03422	0.03444	A
1062	0.03384	0.03492	A
1063	0.0149	0.01622	G
1064	0.03288	0.03362	A
1065	0.01221	0.01291	T
1066	0.0442	0.04621	A
1067	0.01099	0.01109	T
1068	0.0115	0.01196	T
1069	0.04446	0.04754	C
1070	0.01552	0.01899	G
1071	0.00427	0.00478	A
1072	0.01921	0.01944	A
1073	0.0108	0.01085	A
1074	0.03364	0.03374	A
1075	0.03482	0.03484	A
1076	0.00861	0.00958	T
1077	0.04896	0.04947	A
1078	0.00796	0.00815	G
1079	0.00682	0.00712	G
1080	0.02373	0.02787	A
1081	0.0066	0.00661	G
1082	0.00613	0.00648	G
1083	0.03713	0.04899	A
1084	0.04478	0.04629	C
1085	0.01154	0.01315	T
1086	0.03063	0.03219	A
1087	0.04145	0.04266	C
1088	0.01336	0.01567	T
1089	0.04823	0.05017	C
1090	0.03281	0.03386	A
1091	0.02164	0.02267	A
1092	0.0266	0.02688	A
1093	0.03383	0.03399	A
1094	0.0411	0.04375	C
1095	0.02585	0.02641	C
1096	0.02405	0.0441	A
1097	0.01383	0.01483	T
1098	0.04137	0.04235	A
1099	0.04241	0.04307	C
1100	0.0263	0.02705	C
1101	0.00897	0.0101	T
1102	0.03165	0.03294	C
1103	0.0126	0.01457	T
1104	0.04753	0.04866	C
1105	0.03173	0.03333	A
1106	0.06002	0.06177	C
1107	0.01023	0.01061	T
1108	0.00896	0.00934	T
1109	0.05089	0.05333	C
1110	0.03642	0.03796	A
1111	0.04415	0.04452	A
1112	0.04007	0.04032	C
1113	0.0211	0.02228	C
1114	0.0106	0.01274	T
1115	0.02922	0.02925	C
1116	0.0218	0.02191	C
1117	0.03616	0.03741	C
1118	0.01126	0.01309	T
1119	0.08594	0.08809	C
1120	0.02844	0.03051	A
1121	0.04812	0.04812	C
1122	0.03692	0.03781	C
1123	0.04847	0.05496	A
1124	0.0118	0.01198	T
1125	0.01184	0.01187	T
1126	0.00951	0.0096	G
1127	0.00774	0.00794	G
1128	0.03691	0.03836	C
1129	0.05308	0.05493	A
1130	0.01699	0.01791	G
1131	0.02894	0.02915	C
1132	0.01897	0.01947	C
1133	0.00963	0.01032	T
1134	0.0479	0.04864	A
1135	0.01163	0.01236	G
1136	0.03712	0.03767	C
1137	0.05092	0.05304	A
1138	0.01137	0.0117	T
1139	0.00869	0.00899	T
1140	0.04495	0.06272	A
1141	0.012	0.01307	G
1142	0.04685	0.04753	C
1143	0.02615	0.02784	A
1144	0.00622	0.00628	G
1145	0.00583	0.00592	G
1146	0.02813	0.02829	A
1147	0.0339	0.03422	A
1148	0.01134	0.01297	T
1149	0.05319	0.05395	A
1150	0.06777	0.06882	C
1151	0.04324	0.04407	C
1152	0.00667	0.00671	T
1153	0.00897	0.00903	T
1154	0.00603	0.00607	T
1155	0.03031	0.0306	C
1156	0.02089	0.02128	C
1157	0.00874	0.01146	T
1158	0.04998	0.05327	C
1159	0.03941	0.04527	A
1160	0.07558	0.07808	C
1161	0.04448	0.0478	A
1162	0.00645	0.00679	G
1163	0.00741	0.00751	G
1164	0.00373	0.00377	T
1165	0.00628	0.00631	T
1166	0.00641	0.00647	T
1167	0.04711	0.05005	C
1168	0.01195	0.01278	T
1169	0.0456	0.05655	A
1170	0.05561	0.05827	C
1171	0.01225	0.01401	T
1172	0.0416	0.04171	C
1173	0.03494	0.03593	C
1174	0.02623	0.0272	A
1175	0.04005	0.04021	A
1176	0.0494	0.05041	A
1177	0.01239	0.01333	G
1178	0.04187	0.04257	A
1179	0.03204	0.03224	C
1180	0.02384	0.02443	C
1181	0.02437	0.0294	A
1182	0.05372	0.05606	C
1183	0.03644	0.03936	A
1184	0.00879	0.01086	T
1185	0.04473	0.04675	C
1186	0.04191	0.04478	A
1187	0.01373	0.01455	T
1188	0.05036	0.05292	C
1189	0.01301	0.01494	G
1190	0.01693	0.01764	A
1191	0.02748	0.02813	A
1192	0.0264	0.02651	A
1193	0.0245	0.02498	C
1194	0.0199	0.0204	C
1195	0.01464	0.01846	G
1196	0.0348	0.04039	C
1197	0.02662	0.02774	A
1198	0.02825	0.02894	A
1199	0.02607	0.02614	A
1200	0.04905	0.05354	C
1201	0.03423	0.03559	A
1202	0.01248	0.01352	T
1203	0.03848	0.03919	A
1204	0.01417	0.01734	T
1205	0.05617	0.06078	C
1206	0.04713	0.05095	A
1207	0.01292	0.01444	T
1208	0.03858	0.04076	A
1209	0.05533	0.06018	C
1210	0.02649	0.0282	A
1211	0.05049	0.05656	C
1212	0.033	0.03303	A
1213	0.03653	0.03653	A
1214	0.04621	0.04781	A
1215	0.05552	0.06377	C
1216	0.01067	0.01103	G
1217	0.03361	0.03369	C
1218	0.03044	0.03066	C
1219	0.01102	0.01303	T
1220	0.01233	0.01545	G
1221	0.0317	0.03473	A
1222	0.01207	0.01297	G
1223	0.03759	0.03796	C
1224	0.02775	0.02791	C
1225	0.0173	0.01767	C
1226	0.01336	0.01455	T
1227	0.03543	0.03639	A
1228	0.01414	0.01467	T
1229	0.05056	0.05228	C
1230	0.01214	0.01256	T
1231	0.05678	0.06077	A
1232	0.01238	0.01239	T
1233	0.01195	0.01283	T
1234	0.02817	0.04939	A
1235	0.06271	0.0648	C
1236	0.01265	0.01314	T
1237	0.04845	0.05124	C
1238	0.01249	0.01389	T
1239	0.04651	0.04915	C
1240	0.03348	0.03986	A
1241	0.0149	0.016	T
1242	0.06	0.06142	C
1243	0.0131	0.01371	G
1244	0.0335	0.03783	C
1245	0.01135	0.01244	T
1246	0.06106	0.06653	A
1247	0.05921	0.06027	C
1248	0.03259	0.03691	C
1249	0.01158	0.01442	T
1250	0.04304	0.04307	C
1251	0.03642	0.03644	C
1252	0.03185	0.03274	C
1253	0.01061	0.01254	T
1254	0.01435	0.01528	G
1255	0.03923	0.03976	A
1256	0.05903	0.06058	C
1257	0.04538	0.04712	A
1258	0.04826	0.05005	A
1259	0.01195	0.01323	G
1260	0.03356	0.03497	C
1261	0.00866	0.00887	G
1262	0.04853	0.04855	C
1263	0.03328	0.03356	C
1264	0.01216	0.01349	T
1265	0.03859	0.04721	A
1266	0.01262	0.0138	T
1267	0.05171	0.05422	A
1268	0.00969	0.01055	G
1269	0.03878	0.04112	C
1270	0.04443	0.04653	A
1271	0.05525	0.05671	C
1272	0.0078	0.00889	T
1273	0.04083	0.04139	C
1274	0.01138	0.01225	G
1275	0.0366	0.0369	A
1276	0.0385	0.03903	A
1277	0.00981	0.01469	T
1278	0.03071	0.03085	A
1279	0.03644	0.04175	A
1280	0.00729	0.00757	T
1281	0.74511	0.74739	T
1282	0.03568	0.03695	C
1283	0.01127	0.01128	T
1284	0.01285	0.01461	T
1285	0.0538	0.05985	C
1286	0.02399	0.02855	T
1287	0.05625	0.06099	C
1288	0.02822	0.03007	A
1289	0.04451	0.04486	C
1290	0.02889	0.0289	C
1291	0.01915	0.01965	C
1292	0.01012	0.01238	T
1293	0.04051	0.04163	A
1294	0.04739	0.04777	A
1295	0.07202	0.07499	C
1296	0.05164	0.0548	A
1297	0.00668	0.00708	G
1298	0.00834	0.00849	G
1299	0.00891	0.0111	T
1300	0.06684	0.07004	C
1301	0.0388	0.03913	A
1302	0.04617	0.04648	A
1303	0.06247	0.06276	C
1304	0.03221	0.03332	C
1305	0.01044	0.01131	T
1306	0.05817	0.05865	C
1307	0.01281	0.01507	G
1308	0.04266	0.04546	C
1309	0.01135	0.01158	T
1310	0.01129	0.01165	T
1311	0.03442	0.03459	C
1312	0.03006	0.03024	C
1313	0.03519	0.03532	C
1314	0.02862	0.02981	C
1315	0.02161	0.03186	A
1316	0.04569	0.04569	C
1317	0.03633	0.03636	C
1318	0.02814	0.02883	C
1319	0.01235	0.01273	T
1320	0.0107	0.01156	T
1321	0.02316	0.03942	A
1322	0.05578	0.05792	C
1323	0.0111	0.01301	T
1324	0.03729	0.03791	A
1325	0.03183	0.03305	A
1326	0.06186	0.06389	C
1327	0.04435	0.04678	A
1328	0.0105	0.01097	T
1329	0.01163	0.01211	T
1330	0.03548	0.03581	A
1331	0.0494	0.04999	A
1332	0.07443	0.07715	C
1333	0.01471	0.01742	G
1334	0.03076	0.03111	A
1335	0.02011	0.02039	A
1336	0.04571	0.04596	A
1337	0.04181	0.04199	A
1338	0.01482	0.01949	T
1339	0.03911	0.03924	A
1340	0.02974	0.03158	A
1341	0.04497	0.04722	C
1342	0.02409	0.02458	C
1343	0.02264	0.02278	C
1344	0.01978	0.02	C
1345	0.02618	0.03348	A
1346	0.03947	0.0395	C
1347	0.03874	0.03876	C
1348	0.02958	0.03037	C
1349	0.0125	0.01397	T
1350	0.0444	0.04702	A
1351	0.05722	0.05997	C
1352	0.01252	0.01544	T
1353	0.02521	0.02612	A
1354	0.03584	0.03736	A
1355	0.04579	0.04693	A
1356	0.04622	0.04773	C
1357	0.03092	0.03147	C
1358	0.03173	0.03195	C
1359	0.03273	0.03288	C
1360	0.04686	0.05641	A
1361	0.01443	0.01476	T
1362	0.01134	0.01161	T
1363	0.03821	0.03863	A
1364	0.05252	0.05354	A
1365	0.06201	0.06402	A
1366	0.08378	0.09401	C
1367	0.01407	0.01456	G
1368	0.04629	0.04629	C
1369	0.03487	0.03505	C
1370	0.01029	0.01419	T
1371	0.01031	0.01053	G
1372	0.00909	0.00962	G
1373	0.03515	0.03774	C
1374	0.16125	0.16812	A
1375	0.01185	0.01264	G
1376	0.04521	0.04596	C
1377	0.04501	0.04685	C
1378	0.01121	0.01123	G
1379	0.01128	0.01203	G
1380	0.03506	0.03602	A
1381	0.04933	0.04965	A
1382	0.00972	0.01055	G
1383	0.03826	0.03863	C
1384	0.03655	0.03681	C
1385	0.01061	0.01128	T
1386	0.06613	0.07621	A
1387	0.01217	0.01226	T
1388	0.01409	0.01441	T
1389	0.07428	0.08006	C
1390	0.0176	0.02011	G
1391	0.06199	0.06491	C
1392	0.04949	0.05159	A
1393	0.00858	0.00872	G
1394	0.00824	0.00849	G
1395	0.0544	0.06346	A
1396	0.00673	0.00682	T
1397	0.01274	0.01276	T
1398	0.01268	0.01289	T
1399	0.06767	0.07049	C
1400	0.01595	0.01973	T
1401	0.06796	0.071	C
1402	0.05192	0.05714	A
1403	0.01331	0.01339	T
1404	0.01297	0.0138	T
1405	0.02976	0.05321	A
1406	0.07621	0.07903	C
1407	0.01307	0.01659	T
1408	0.04368	0.04423	A
1409	0.04027	0.04219	A
1410	0.06888	0.073	C
1411	0.03633	0.03643	A
1412	0.0412	0.04237	A
1413	0.07661	0.08062	C
1414	0.06209	0.06499	A
1415	0.00629	0.00659	T
1416	0.01268	0.01274	T
1417	0.01432	0.01436	T
1418	0.03937	0.0399	C
1419	0.02666	0.02677	C
1420	0.0276	0.02761	C
1421	0.0291	0.02912	C
1422	0.03383	0.03391	C
1423	0.01517	0.01861	G
1424	0.0389	0.04942	C
1425	0.04968	0.06441	A
1426	0.01564	0.01897	T
1427	0.02185	0.02216	C
1428	0.02171	0.02189	C
1429	0.02847	0.02862	C
1430	0.0301	0.03015	C
1431	0.03016	0.03025	C
1432	0.02329	0.02377	T
1433	0.0098	0.01036	T
1434	0.03516	0.03521	C
1435	0.03124	0.03143	C
1436	0.01834	0.0191	A
1437	0.03145	0.03167	A
1438	0.03015	0.0306	A
1439	0.05384	0.05957	C
1440	0.03118	0.03129	A
1441	0.03241	0.03326	A
1442	0.05554	0.05969	C
1443	0.03594	0.03602	A
1444	0.04461	0.04578	A
1445	0.02688	0.03049	T
1446	0.02639	0.02691	C
1447	0.02528	0.0274	C
1448	0.02368	0.02381	C
1449	0.02554	0.02558	C
1450	0.02754	0.02763	C
1451	0.01963	0.02126	T
1452	0.03491	0.03622	C
1453	0.0133	0.01433	T
1454	0.03687	0.03925	A
1455	0.05864	0.05886	C
1456	0.03386	0.03536	C
1457	0.01188	0.01461	T
1458	0.02638	0.02724	A
1459	0.02217	0.02243	A
1460	0.04381	0.044	A
1461	0.04113	0.04143	A
1462	0.04902	0.05955	C
1463	0.01204	0.01394	T
1464	0.05462	0.05574	C
1465	0.02796	0.03288	A
1466	0.03385	0.03643	C
1467	0.02693	0.03306	A
1468	0.01046	0.01174	G
1469	0.0169	0.01701	C
1470	0.03413	0.03425	C
1471	0.03965	0.03991	C
1472	0.01485	0.01625	T
1473	0.07037	0.07095	C
1474	0.00943	0.00978	G
1475	0.02374	0.02414	C
1476	0.00554	0.00566	T
1477	0.01027	0.01097	G
1478	0.00695	0.0079	T
1479	0.07513	0.07583	C
1480	0.04144	0.0421	A
1481	0.07669	0.07839	C
1482	0.00906	0.00914	T
1483	0.01143	0.0115	T
1484	0.00764	0.00765	T
1485	0.06929	0.06935	C
1486	0.01745	0.01756	C
1487	0.00373	0.00402	T
1488	0.02272	0.02495	A
1489	0.00519	0.00527	G
1490	0.0047	0.00478	G
1491	0.0192	0.02497	A
1492	0.01931	0.01969	C
1493	0.00457	0.00459	T
1494	0.00966	0.00986	T
1495	0.05896	0.07575	C
1496	0.01405	0.01641	T
1497	0.06346	0.06628	A
1498	0.04499	0.04621	A
1499	0.08002	0.08506	C
1500	0.02773	0.03096	A
1501	0.00819	0.00888	G
1502	0.01492	0.015	C
1503	0.0097	0.00974	C
1504	0.00826	0.00851	C
1505	0.00295	0.00367	T
1506	0.0186	0.02257	A
1507	0.01228	0.01298	G
1508	0.06303	0.06409	A
1509	0.06275	0.06304	C
1510	0.03486	0.03569	C
1511	0.01103	0.0133	T
1512	0.0504	0.05343	C
1513	0.03223	0.03387	A
1514	0.04238	0.04276	A
1515	0.05658	0.06039	C
1516	0.01421	0.01671	T
1517	0.03846	0.03962	A
1518	0.06084	0.06129	C
1519	0.01193	0.01533	C
1520	0.01474	0.01888	T
1521	0.03176	0.03284	A
1522	0.0331	0.03404	A
1523	0.05011	0.05079	C
1524	0.03752	0.03955	C
1525	0.02277	0.02367	A
1526	0.02757	0.02831	A
1527	0.05835	0.06241	C
1528	0.03074	0.03115	A
1529	0.03223	0.03237	A
1530	0.02471	0.02546	A
1531	0.06055	0.06869	C
1532	0.01336	0.01512	T
1533	0.00876	0.01021	T
1534	0.02133	0.02233	A
1535	0.02227	0.02243	A
1536	0.03941	0.0406	A
1537	0.03876	0.03938	A
1538	0.01362	0.01795	T
1539	0.03296	0.03301	A
1540	0.01929	0.01935	A
1541	0.04075	0.04082	A
1542	0.04849	0.05253	A
1543	0.02657	0.02859	T
1544	0.03168	0.03265	C
1545	0.01709	0.01737	C
1546	0.01743	0.01757	C
1547	0.01639	0.01665	C
1548	0.01516	0.02144	A
1549	0.02827	0.02951	C
1550	0.0108	0.01176	T
1551	0.0366	0.03915	A
1552	0.00949	0.00997	T
1553	0.80608	0.81169	G
1554	0.04539	0.05192	C
1555	0.02426	0.02686	A
1556	0.04272	0.04495	C
1557	0.02581	0.02756	A
1558	0.00841	0.00845	T
1559	0.0091	0.00917	T
1560	0.00673	0.00674	T
1561	0.00909	0.00959	T
1562	0.04202	0.06531	A
1563	0.00611	0.00612	T
1564	0.00997	0.00998	T
1565	0.00896	0.00914	T
1566	0.04976	0.05383	C
1567	0.01141	0.0129	T
1568	0.04227	0.0424	C
1569	0.02825	0.02915	C
1570	0.02852	0.03155	A
1571	0.03673	0.03705	A
1572	0.05982	0.06266	C
1573	0.04693	0.05243	A
1574	0.01049	0.01188	T
1575	0.04647	0.04755	A
1576	0.05748	0.05986	C
1577	0.01133	0.01235	T
1578	0.04707	0.04851	C
1579	0.00899	0.00917	G
1580	0.00821	0.00839	G
1581	0.03794	0.04344	A
1582	0.01049	0.01054	T
1583	0.01018	0.01044	T
1584	0.04991	0.05732	C
1585	0.01379	0.01511	T
1586	0.03851	0.04363	A
1587	0.04756	0.04791	C
1588	0.02698	0.02747	C
1589	0.0218	0.02267	C
1590	0.01113	0.01183	T
1591	0.04463	0.04604	A
1592	0.01318	0.01387	G
1593	0.03871	0.0404	C
1594	0.03307	0.03428	A
1595	0.0096	0.01266	T
1596	0.03658	0.03893	C
1597	0.03814	0.03989	A
1598	0.04617	0.05204	C
1599	0.03918	0.04269	A
1600	0.04176	0.0491	C
1601	0.03382	0.03594	A
1602	0.04787	0.04788	C
1603	0.03778	0.03925	C
1604	0.01371	0.01607	G
1605	0.03235	0.03317	C
1606	0.03025	0.03182	A
1607	0.05804	0.06077	C
1608	0.03761	0.03826	A
1609	0.03957	0.04059	A
1610	0.01704	0.01964	T
1611	0.03422	0.03451	C
1612	0.03107	0.03111	C
1613	0.0353	0.03534	C
1614	0.02312	0.02325	C
1615	0.01187	0.01255	T
1616	0.04585	0.04741	A
1617	0.01002	0.01047	T
1618	0.04974	0.05078	C
1619	0.00896	0.00967	T
1620	0.04554	0.05546	A
1621	0.00786	0.00818	G
1622	0.00585	0.00596	G
1623	0.03221	0.03226	C
1624	0.02652	0.02685	C
1625	0.009	0.00907	T
1626	0.00939	0.00985	T
1627	0.04517	0.05502	C
1628	0.01168	0.01169	T
1629	0.01037	0.01054	T
1630	0.03403	0.05609	A
1631	0.0789	0.08356	C
1632	0.00915	0.0107	G
1633	0.05031	0.05219	A
1634	0.00885	0.00941	G
1635	0.03125	0.03143	C
1636	0.02632	0.02654	C
1637	0.02003	0.02142	A
1638	0.01935	0.0195	A
1639	0.03755	0.03769	A
1640	0.04278	0.0428	A
1641	0.04456	0.04785	C
1642	0.02861	0.0294	C
1643	0.02096	0.02564	T
1644	0.01258	0.01429	G
1645	0.03247	0.0326	C
1646	0.01904	0.01924	C
1647	0.02913	0.02924	C
1648	0.02444	0.0247	C
1649	0.01234	0.01934	T
1650	0.03937	0.04435	A
1651	0.04437	0.04628	C
1652	0.01516	0.01677	T
1653	0.03001	0.03005	C
1654	0.02458	0.02627	C
1655	0.0083	0.00959	T
1656	0.03817	0.03817	C
1657	0.02022	0.02158	C
1658	0.00692	0.00775	T
1659	0.02824	0.03667	A
1660	0.00731	0.00794	G
1661	0.03392	0.03425	A
1662	0.03313	0.03329	C
1663	0.00565	0.00642	C
1664	0.00973	0.01093	T
1665	0.02688	0.02741	A
1666	0.0375	0.03812	A
1667	0.03969	0.03997	C
1668	0.0209	0.02161	C
1669	0.01013	0.01175	T
1670	0.00951	0.01029	G
1671	0.03641	0.0369	A
1672	0.03505	0.03615	C
1673	0.01304	0.0138	T
1674	0.03096	0.03279	A
1675	0.00926	0.01127	G
1676	0.03944	0.0396	A
1677	0.0287	0.02908	A
1678	0.03346	0.03356	A
1679	0.03328	0.03385	A
1680	0.01197	0.0131	G
1681	0.03093	0.03219	C
1682	0.01045	0.0114	T
1683	0.03333	0.03524	A
1684	0.0108	0.01097	T
1685	0.01147	0.01289	T
1686	0.02013	0.03504	A
1687	0.04569	0.04615	C
1688	0.02443	0.02544	C
1689	0.01031	0.01337	T
1690	0.02161	0.02262	A
1691	0.01781	0.0183	A
1692	0.03167	0.03202	A
1693	0.0302	0.03052	A
1694	0.04436	0.05665	C
1695	0.02727	0.02747	A
1696	0.03951	0.03971	A
1697	0.00742	0.0075	T
1698	0.00863	0.00873	T
1699	0.0062	0.00623	T
1700	0.03628	0.03863	C
1701	0.02989	0.03363	A
1702	0.03652	0.03782	C
1703	0.02994	0.03343	A
1704	0.01439	0.01588	G
1705	0.02412	0.02527	C
1706	0.02547	0.02644	A
1707	0.03041	0.03049	C
1708	0.01994	0.02028	C
1709	0.01239	0.01257	A
1710	0.02729	0.02779	A
1711	0.03254	0.03277	A
1712	0.01046	0.01111	T
1713	0.0212	0.02141	C
1714	0.01016	0.01199	T
1715	0.01848	0.0185	C
1716	0.01642	0.01696	C
1717	0.01771	0.02167	A
1718	0.02635	0.02639	C
1719	0.01485	0.01564	C
1720	0.00789	0.00938	T
1721	0.02772	0.02774	C
1722	0.01692	0.01746	C
1723	0.02268	0.02877	A
1724	0.00956	0.01072	T
1725	0.02881	0.03081	C
1726	0.03323	0.03765	A
1727	0.00912	0.01089	T
1728	0.03182	0.03504	C
1729	0.02819	0.02921	A
1730	0.03277	0.03284	C
1731	0.02119	0.02199	C
1732	0.0092	0.01225	T
1733	0.0318	0.03443	C
1734	0.02562	0.02888	A
1735	0.0284	0.02912	A
1736	0.02861	0.02879	C
1737	0.01865	0.01878	C
1738	0.01939	0.02003	C
1739	0.00346	0.00388	A
1740	0.01767	0.01778	A
1741	0.02208	0.02217	A
1742	0.03632	0.03646	A
1743	0.03069	0.03078	A
1744	0.00762	0.00791	G
1745	0.00577	0.00599	G
1746	0.03999	0.04088	C
1747	0.03094	0.03163	A
1748	0.00825	0.01196	T
1749	0.02456	0.02459	A
1750	0.03632	0.03996	A
1751	0.00908	0.00932	T
1752	0.0063	0.00714	T
1753	0.02395	0.02413	A
1754	0.03283	0.03317	A
1755	0.03601	0.03704	A
1756	0.05584	0.06089	C
1757	0.00677	0.00688	T
1758	0.00706	0.00728	T
1759	0.00774	0.0079	T
1760	0.04398	0.05214	A
1761	0.06499	0.06746	C
1762	0.00727	0.00746	T
1763	0.00555	0.00563	T
1764	0.04031	0.04149	C
1765	0.03004	0.03134	C
1766	0.00694	0.00765	T
1767	0.0429	0.04654	C
1768	0.007	0.00746	T
1769	0.04199	0.04412	C
1770	0.00407	0.00409	T
1771	0.00937	0.00937	T
1772	0.00557	0.00581	T
1773	0.04376	0.04949	C
1774	0.00685	0.00685	T
1775	0.00598	0.00615	T
1776	0.0403	0.05433	C
1777	0.00803	0.00803	T
1778	0.00855	0.00874	T
1779	0.033	0.03306	C
1780	0.02639	0.02674	C
1781	0.02239	0.02275	C
1782	0.01948	0.02488	A
1783	0.0315	0.03243	C
1784	0.0282	0.0304	T
1785	0.02547	0.02696	C
1786	0.04637	0.05293	A
1787	0.00544	0.0064	T
1788	0.02975	0.0299	C
1789	0.00896	0.00934	C
1790	0.00942	0.01087	T
1791	0.01889	0.01991	A
1792	0.02649	0.02702	A
1793	0.02798	0.02815	C
1794	0.02016	0.02037	C
1795	0.01519	0.01568	C
1796	0.00717	0.00903	T
1797	0.02904	0.03357	A
1798	0.02905	0.03027	C
1799	0.0064	0.00701	T
1800	0.02436	0.02436	C
1801	0.01313	0.01366	C
1802	0.00502	0.0055	T
1803	0.02587	0.02631	A
1804	0.03111	0.03119	A
1805	0.00599	0.00621	T
1806	0.03055	0.03076	C
1807	0.01943	0.01947	A
1808	0.0342	0.03435	C
1809	0.0319	0.0319	A
1810	0.00026	0.00026	T
1811	0.0	0.0	A
1812	0.0	0.0	A
