Position	Mismatches	Mismatches + Deletions	Base
1	0.0	0.0	A
2	0.0	0.0	T
3	0.0	0.0	A
4	0.03606	0.03606	A
5	0.03784	0.03784	A
6	0.06713	0.06956	C
7	0.00918	0.01062	T
8	0.00846	0.00846	T
9	0.04587	0.05408	C
10	0.01442	0.01476	G
11	0.05609	0.05612	C
12	0.0307	0.0307	C
13	0.0139	0.01395	T
14	0.01038	0.01045	T
15	0.01801	0.01856	A
16	0.0259	0.02836	A
17	0.00586	0.00611	T
18	0.00692	0.00696	T
19	0.00639	0.00645	T
20	0.00749	0.00759	T
21	0.04001	0.04281	A
22	0.04838	0.04922	A
23	0.00814	0.01099	T
24	0.04925	0.04951	A
25	0.04553	0.05032	A
26	0.01054	0.01285	T
27	0.055	0.05779	C
28	0.04701	0.04753	A
29	0.04389	0.04478	A
30	0.0472	0.05336	C
31	0.034	0.03518	A
32	0.0591	0.05926	C
33	0.03505	0.03514	C
34	0.03441	0.03626	C
35	0.00785	0.00959	T
36	0.05344	0.05344	C
37	0.01623	0.01866	C
38	0.01024	0.01117	T
39	0.04684	0.05355	A
40	0.00946	0.01043	G
41	0.04597	0.04641	C
42	0.03465	0.03509	C
43	0.0165	0.01675	T
44	0.01024	0.01091	T
45	0.02662	0.04268	A
46	0.0603	0.06227	C
47	0.01216	0.01373	T
48	0.04182	0.0438	A
49	0.05746	0.06242	C
50	0.0103	0.0129	T
51	0.04239	0.04288	A
52	0.03485	0.03737	A
53	0.00712	0.01081	T
54	0.03943	0.03974	A
55	0.04302	0.05094	A
56	0.00747	0.00754	T
57	0.01078	0.01135	T
58	0.04122	0.07305	A
59	0.00924	0.00927	T
60	0.00895	0.01012	T
61	0.03252	0.05981	A
62	0.09596	0.10023	C
63	0.0576	0.06092	A
64	0.00417	0.00428	T
65	0.00585	0.00593	T
66	0.00811	0.00827	T
67	0.00918	0.00923	T
68	0.00941	0.01303	G
69	0.06228	0.06309	A
70	0.06697	0.06868	C
71	0.01047	0.01125	T
72	0.0589	0.06139	A
73	0.06153	0.06185	C
74	0.04538	0.04631	C
75	0.02531	0.03889	A
76	0.06102	0.06693	C
77	0.0455	0.04567	A
78	0.04948	0.05066	A
79	0.06251	0.06887	C
80	0.01021	0.01271	T
81	0.06257	0.06526	C
82	0.0471	0.04918	A
83	0.05128	0.05175	A
84	0.08128	0.08658	C
85	0.01043	0.01101	G
86	0.00784	0.00797	G
87	0.02488	0.02654	C
88	0.00567	0.00611	T
89	0.02043	0.02139	A
90	0.04777	0.04866	C
91	0.07636	0.07854	A
92	0.01206	0.01431	T
93	0.04139	0.04205	A
94	0.00933	0.01197	G
95	0.00527	0.00527	A
96	0.02786	0.02786	A
97	0.01702	0.01702	A
98	0.04194	0.04194	A
99	0.03822	0.0385	A
100	0.01562	0.01713	T
101	0.06644	0.06729	C
102	0.04719	0.04949	C
103	0.02422	0.04326	A
104	0.04702	0.04723	C
105	0.0507	0.05072	C
106	0.05101	0.05101	C
107	0.05525	0.05585	C
108	0.00937	0.00958	T
109	0.01089	0.01104	T
110	0.03613	0.06452	A
111	0.07668	0.07849	C
112	0.00742	0.00779	G
113	0.06282	0.06815	A
114	0.0106	0.01114	G
115	0.01271	0.01412	T
116	0.00725	0.00852	G
117	0.03581	0.03855	C
118	0.00775	0.00775	G
119	0.00508	0.00536	G
120	0.0923	0.0948	C
121	0.01041	0.01075	T
122	0.01052	0.01071	T
123	0.08564	0.09034	C
124	0.0115	0.01424	G
125	0.06183	0.06422	A
126	0.06871	0.06885	C
127	0.05904	0.05939	C
128	0.05135	0.0517	C
129	0.00881	0.01008	T
130	0.06543	0.07225	A
131	0.01017	0.01152	T
132	0.09	0.10253	A
133	0.01139	0.01316	T
134	0.05243	0.05481	C
135	0.04902	0.04955	C
136	0.07654	0.0768	C
137	0.03576	0.0359	C
138	0.04086	0.0413	C
139	0.01199	0.01433	G
140	0.05464	0.05465	C
141	0.02912	0.02912	C
142	0.03985	0.04061	C
143	0.01008	0.01262	G
144	0.05984	0.06513	C
145	0.00985	0.01353	G
146	0.011	0.01294	T
147	0.06814	0.06832	C
148	0.07744	0.07752	C
149	0.06557	0.06585	C
150	0.00477	0.00487	T
151	0.01035	0.01042	T
152	0.00935	0.00945	T
153	0.07246	0.07648	C
154	0.01129	0.01217	T
155	0.0706	0.07084	C
156	0.05215	0.05347	C
157	0.03461	0.04964	A
158	0.00933	0.01216	T
159	0.0334	0.03402	A
160	0.01582	0.0161	A
161	0.0488	0.0492	A
162	0.05601	0.06225	A
163	0.00581	0.00632	T
164	0.00521	0.00536	T
165	0.0604	0.08757	C
166	0.00547	0.0055	T
167	0.00521	0.00535	T
168	0.04538	0.06299	C
169	0.00633	0.00634	T
170	0.00744	0.00751	T
171	0.08293	0.1165	A
172	0.00962	0.01046	G
173	0.00531	0.00654	T
174	0.04253	0.04474	A
175	0.008	0.00884	G
176	0.05426	0.0572	C
177	0.00715	0.00748	T
178	0.07079	0.07639	A
179	0.00836	0.00858	T
180	0.00879	0.00987	T
181	0.03254	0.05486	A
182	0.09312	0.09511	C
183	0.07834	0.08188	C
184	0.00704	0.00749	T
185	0.00713	0.00735	T
186	0.06635	0.08804	C
187	0.00848	0.00857	T
188	0.00726	0.00749	T
189	0.03427	0.08037	A
190	0.00838	0.00838	T
191	0.00801	0.00837	T
192	0.03457	0.09549	A
193	0.00613	0.00613	T
194	0.00901	0.00901	T
195	0.01029	0.01042	T
196	0.00884	0.01611	G
197	0.05598	0.05688	A
198	0.00997	0.01011	T
199	0.08822	0.09001	C
200	0.00924	0.00962	T
201	0.06929	0.07209	A
202	0.01172	0.01313	G
203	0.01442	0.01463	A
204	0.04542	0.0458	A
205	0.05985	0.06085	A
206	0.01599	0.01655	T
207	0.02655	0.02666	T
208	0.01295	0.01489	G
209	0.07262	0.07328	C
210	0.04278	0.04314	C
211	0.0516	0.05245	C
212	0.0065	0.00879	T
213	0.03849	0.0385	C
214	0.03958	0.04365	C
215	0.00503	0.0051	T
216	0.00587	0.0059	T
217	0.00991	0.00996	T
218	0.01639	0.01678	T
219	0.04947	0.05406	A
220	0.0569	0.05706	C
221	0.0378	0.03795	C
222	0.03471	0.0348	C
223	0.02302	0.02329	C
224	0.01352	0.01516	T
225	0.04212	0.04353	A
226	0.04999	0.05008	C
227	0.03828	0.03897	C
228	0.03027	0.04246	A
229	0.01145	0.0125	T
230	0.00837	0.01099	G
231	0.05758	0.06095	A
232	0.01089	0.01156	G
233	0.03126	0.03176	C
234	0.02707	0.02716	C
235	0.01967	0.01993	C
236	0.00925	0.0104	T
237	0.03027	0.03088	A
238	0.05517	0.05714	C
239	0.03936	0.04093	A
240	0.0348	0.03501	A
241	0.03293	0.03356	A
242	0.05096	0.05749	C
243	0.02766	0.02769	A
244	0.04007	0.04096	A
245	0.05253	0.05972	C
246	0.01023	0.01241	T
247	0.03874	0.0394	A
248	0.04276	0.04349	A
249	0.06672	0.0675	C
250	0.03479	0.03803	C
251	0.01763	0.01862	T
252	0.014	0.01504	G
253	0.04204	0.04223	C
254	0.02773	0.02825	C
255	0.02365	0.03132	A
256	0.04089	0.04287	C
257	0.00871	0.01072	T
258	0.039	0.03943	A
259	0.04318	0.04396	A
260	0.01061	0.01144	T
261	0.04314	0.04407	A
262	0.01391	0.0156	G
263	0.00827	0.00839	T
264	0.01004	0.01047	T
265	0.03735	0.05158	A
266	0.01339	0.01385	T
267	0.00821	0.00884	G
268	0.00706	0.00786	T
269	0.04455	0.04662	C
270	0.03901	0.04352	A
271	0.01679	0.01912	T
272	0.0377	0.03836	C
273	0.03028	0.03085	C
274	0.03086	0.03173	C
275	0.00665	0.00738	T
276	0.05054	0.0521	C
277	0.00636	0.00639	T
278	0.00757	0.00818	T
279	0.01832	0.04419	A
280	0.00827	0.00832	T
281	0.00951	0.00972	T
282	0.03474	0.03545	A
283	0.04345	0.04412	A
284	0.00606	0.00705	T
285	0.04029	0.04248	C
286	0.03651	0.03946	A
287	0.00921	0.01225	T
288	0.03371	0.03675	C
289	0.02898	0.03205	A
290	0.00691	0.0084	T
291	0.03618	0.0371	C
292	0.01637	0.01714	C
293	0.01139	0.01296	T
294	0.04277	0.05026	A
295	0.00741	0.00787	G
296	0.02299	0.02321	C
297	0.01241	0.01247	C
298	0.02275	0.023	C
299	0.01037	0.01293	T
300	0.0368	0.03732	A
301	0.0482	0.04925	A
302	0.01642	0.01707	G
303	0.01022	0.01094	T
304	0.04287	0.04348	C
305	0.0146	0.01919	T
306	0.00654	0.00675	G
307	0.00456	0.00458	G
308	0.02416	0.02424	C
309	0.0335	0.03395	C
310	0.01029	0.0108	T
311	0.03463	0.03565	A
312	0.0092	0.01015	T
313	0.00528	0.00668	G
314	0.03945	0.04047	A
315	0.01461	0.01491	G
316	0.00829	0.00894	T
317	0.00618	0.00659	G
318	0.02823	0.02938	A
319	0.04124	0.042	C
320	0.00773	0.00826	T
321	0.02459	0.02516	A
322	0.04804	0.05267	C
323	0.00441	0.00451	A
324	0.01441	0.01441	A
325	0.02433	0.0244	A
326	0.03366	0.03366	A
327	0.02846	0.02851	A
328	0.00403	0.00417	G
329	0.00329	0.00341	G
330	0.02156	0.0305	A
331	0.00984	0.00986	T
332	0.00973	0.00978	T
333	0.03258	0.04015	A
334	0.00858	0.00872	G
335	0.02493	0.02514	A
336	0.03443	0.03492	C
337	0.016	0.01653	T
338	0.01971	0.02144	G
339	0.02003	0.02007	A
340	0.01753	0.01753	A
341	0.0247	0.02482	C
342	0.01334	0.01334	C
343	0.01171	0.01196	G
344	0.00453	0.00453	A
345	0.00359	0.00359	A
346	0.00053	0.00053	T
347	0.0	0.0	A
348	0.0	0.0	A
