Position	Mismatches	Mismatches + Deletions	Base
1	0.0	0.0	A
2	0.0	0.0	T
3	0.0	0.0	G
4	0.0272	0.0272	A
5	0.03392	0.03706	C
6	0.02127	0.02127	C
7	0.0241	0.0241	C
8	0.02437	0.03067	A
9	0.0494	0.05201	C
10	0.05125	0.05207	C
11	0.02566	0.02569	A
12	0.03096	0.03108	A
13	0.0096	0.00998	T
14	0.03688	0.03823	C
15	0.02876	0.02957	A
16	0.04499	0.04787	C
17	0.02927	0.03196	A
18	0.0113	0.01202	T
19	0.01312	0.01341	G
20	0.07421	0.07423	C
21	0.02358	0.02385	C
22	0.01381	0.01462	T
23	0.04046	0.04132	A
24	0.01387	0.01548	T
25	0.06586	0.06886	C
26	0.0452	0.05022	A
27	0.01428	0.01493	T
28	0.05224	0.05702	A
29	0.01463	0.0158	T
30	0.06328	0.06534	A
31	0.01843	0.02046	G
32	0.01337	0.01567	T
33	0.05015	0.05066	A
34	0.03196	0.03232	A
35	0.04808	0.04846	A
36	0.05503	0.0557	A
37	0.06023	0.06552	C
38	0.03863	0.03875	C
39	0.03251	0.03265	C
40	0.04442	0.06751	A
41	0.01925	0.02129	G
42	0.04407	0.04417	C
43	0.03307	0.03311	C
44	0.04029	0.04049	C
45	0.04271	0.06082	A
46	0.01674	0.01825	T
47	0.00843	0.00968	G
48	0.06444	0.06631	A
49	0.01473	0.01486	C
50	0.01367	0.01373	C
51	0.01366	0.01366	C
52	0.00906	0.00906	C
53	0.0105	0.01203	T
54	0.07587	0.077	A
55	0.06492	0.06537	A
56	0.11268	0.11674	C
57	0.07224	0.07615	A
58	0.00648	0.00682	G
59	0.00348	0.00362	G
60	0.00557	0.00559	G
61	0.00704	0.00704	G
62	0.02757	0.02779	C
63	0.02804	0.02807	C
64	0.05483	0.05488	C
65	0.01365	0.01677	T
66	0.05635	0.05747	C
67	0.01701	0.02668	T
68	0.07231	0.07582	C
69	0.07101	0.07991	A
70	0.01222	0.01395	G
71	0.04324	0.04346	C
72	0.0283	0.02837	C
73	0.02757	0.0284	C
74	0.00987	0.01264	T
75	0.05914	0.05918	C
76	0.03661	0.03909	C
77	0.01155	0.0132	T
78	0.05171	0.05312	A
79	0.05471	0.0559	A
80	0.01279	0.01367	T
81	0.00983	0.01128	G
82	0.05673	0.0575	A
83	0.06657	0.06714	C
84	0.04862	0.04935	C
85	0.01186	0.01441	T
86	0.07214	0.07244	C
87	0.05046	0.05195	C
88	0.00666	0.00716	G
89	0.00835	0.0084	G
90	0.03458	0.03458	C
91	0.01978	0.02012	C
92	0.00662	0.00759	T
93	0.0388	0.04141	A
94	0.00754	0.00775	G
95	0.08912	0.08921	C
96	0.03988	0.0402	C
97	0.02476	0.03477	A
98	0.00719	0.00772	T
99	0.00771	0.00825	G
100	0.00654	0.00713	T
101	0.00634	0.00685	G
102	0.04724	0.05006	A
103	0.00717	0.00718	T
104	0.00892	0.00906	T
105	0.01138	0.01146	T
106	0.06781	0.07112	C
107	0.04696	0.04784	A
108	0.08526	0.08733	C
109	0.01272	0.01356	T
110	0.01512	0.01533	T
111	0.05854	0.0588	C
112	0.04001	0.04238	C
113	0.03356	0.04512	A
114	0.05372	0.05588	C
115	0.01436	0.01609	T
116	0.04718	0.04721	C
117	0.04102	0.04264	C
118	0.02533	0.04781	A
119	0.0124	0.01538	T
120	0.04161	0.04194	A
121	0.04932	0.05408	A
122	0.06669	0.07164	C
123	0.01548	0.01606	G
124	0.03676	0.03782	C
125	0.00813	0.01204	T
126	0.03096	0.03103	C
127	0.02428	0.02491	C
128	0.00933	0.01276	T
129	0.03075	0.03188	C
130	0.02097	0.02551	A
131	0.00895	0.00941	T
132	0.05814	0.05962	A
133	0.0398	0.04196	C
134	0.00945	0.01051	T
135	0.02564	0.03186	A
136	0.00641	0.00688	G
137	0.00551	0.00565	G
138	0.02405	0.02414	C
139	0.01437	0.01461	C
140	0.01295	0.01424	T
141	0.03548	0.0363	A
142	0.05128	0.05499	C
143	0.01536	0.01868	T
144	0.03233	0.03302	A
145	0.0334	0.035	A
146	0.04875	0.04898	C
147	0.03002	0.03047	C
148	0.02642	0.02713	A
149	0.02841	0.02868	A
150	0.04819	0.0513	C
151	0.03294	0.03483	A
152	0.04626	0.05118	C
153	0.02606	0.02663	A
154	0.04872	0.05229	C
155	0.01646	0.01868	T
156	0.03469	0.0353	A
157	0.03587	0.0364	A
158	0.04496	0.04521	C
159	0.03955	0.03982	C
160	0.02737	0.03608	A
161	0.01474	0.01556	T
162	0.04169	0.04496	A
163	0.01609	0.01748	T
164	0.053	0.05396	A
165	0.05367	0.05473	C
166	0.04273	0.04425	C
167	0.02998	0.03004	A
168	0.04062	0.04145	A
169	0.01334	0.01396	T
170	0.00915	0.01142	G
171	0.03649	0.03801	A
172	0.02556	0.02681	T
173	0.00681	0.00691	G
174	0.00845	0.00888	G
175	0.0408	0.04286	C
176	0.01887	0.01957	G
177	0.03924	0.0413	C
178	0.01969	0.02034	G
179	0.0367	0.03959	A
180	0.01174	0.01298	T
181	0.01565	0.01643	G
182	0.01133	0.01346	T
183	0.04357	0.04377	A
184	0.04106	0.04193	A
185	0.06018	0.063	C
186	0.03994	0.0408	A
187	0.06209	0.06397	C
188	0.01811	0.01908	G
189	0.04745	0.04869	A
190	0.01661	0.01838	G
191	0.04103	0.04156	A
192	0.03921	0.0393	A
193	0.04504	0.04622	A
194	0.01774	0.01916	G
195	0.05114	0.05379	C
196	0.03403	0.03666	A
197	0.06572	0.06846	C
198	0.03901	0.04456	A
199	0.01086	0.01215	T
200	0.05156	0.05218	A
201	0.07697	0.07749	C
202	0.04837	0.0497	C
203	0.02933	0.02948	A
204	0.03725	0.03903	A
205	0.00774	0.00816	G
206	0.00676	0.00691	G
207	0.01413	0.01439	C
208	0.01037	0.01134	C
209	0.04355	0.06097	A
210	0.07239	0.07262	C
211	0.04918	0.05468	C
212	0.01938	0.0463	A
213	0.0644	0.07408	C
214	0.03606	0.04595	A
215	0.06495	0.07474	C
216	0.04806	0.05192	A
217	0.06339	0.06343	C
218	0.04832	0.05628	C
219	0.03718	0.04595	A
220	0.07799	0.07808	C
221	0.03305	0.0352	C
222	0.01506	0.01684	T
223	0.01829	0.02012	G
224	0.01382	0.01591	T
225	0.05732	0.05753	C
226	0.06464	0.06489	C
227	0.00426	0.00491	A
228	0.02991	0.03023	A
229	0.04051	0.0406	A
230	0.05975	0.05981	A
231	0.05604	0.0562	A
232	0.00603	0.0065	G
233	0.00576	0.0058	G
234	0.02547	0.02553	C
235	0.02239	0.02247	C
236	0.01076	0.01084	T
237	0.01045	0.0106	T
238	0.07662	0.08346	C
239	0.01779	0.01843	G
240	0.07149	0.07382	A
241	0.01169	0.01232	T
242	0.06901	0.07098	A
243	0.09244	0.09932	C
244	0.00885	0.00911	G
245	0.00637	0.00649	G
246	0.00811	0.0083	G
247	0.04211	0.06067	A
248	0.01067	0.01456	T
249	0.05488	0.05504	A
250	0.05538	0.06277	A
251	0.00938	0.01233	T
252	0.06414	0.06596	C
253	0.0388	0.04004	C
254	0.01011	0.01085	T
255	0.05467	0.05905	A
256	0.01155	0.01161	T
257	0.01285	0.01286	T
258	0.01039	0.01119	T
259	0.06309	0.07501	A
260	0.01134	0.01134	T
261	0.01255	0.0151	T
262	0.05511	0.09179	A
263	0.13882	0.14288	C
264	0.02722	0.02872	C
265	0.00666	0.00905	T
266	0.02898	0.02966	C
267	0.02269	0.02486	A
268	0.00861	0.0111	G
269	0.00532	0.00584	A
270	0.00969	0.00999	A
271	0.88371	0.90457	G
272	0.01822	0.02096	T
273	0.00432	0.0055	T
274	0.00343	0.00377	T
275	0.00478	0.00483	T
276	0.00337	0.00338	T
277	0.00583	0.00584	T
278	0.00462	0.00462	T
279	0.05406	0.07405	C
280	0.00875	0.00875	T
281	0.01278	0.0132	T
282	0.10052	0.11239	C
283	0.01657	0.02003	G
284	0.10039	0.10448	C
285	0.05556	0.05774	A
286	0.00837	0.00884	G
287	0.00866	0.00908	G
288	0.02023	0.02151	A
289	0.00344	0.00351	T
290	0.00494	0.00496	T
291	0.00243	0.00243	T
292	0.00388	0.00389	T
293	0.00289	0.00291	T
294	0.02404	0.0295	C
295	0.00738	0.00791	T
296	0.00623	0.00791	G
297	0.02994	0.0306	A
298	0.00712	0.00758	G
299	0.06491	0.06532	C
300	0.04474	0.04567	C
301	0.00572	0.00577	T
302	0.00792	0.00803	T
303	0.00806	0.00808	T
304	0.00905	0.00911	T
305	0.05374	0.06629	A
306	0.09463	0.0951	C
307	0.05065	0.05109	C
308	0.03075	0.04209	A
309	0.08171	0.08396	C
310	0.01095	0.01243	T
311	0.06791	0.06799	C
312	0.05201	0.05384	C
313	0.041	0.06563	A
314	0.00567	0.00599	G
315	0.03563	0.03571	C
316	0.01758	0.018	C
317	0.00843	0.00966	T
318	0.06837	0.07421	A
319	0.01496	0.0162	G
320	0.03034	0.03065	C
321	0.01279	0.01302	C
322	0.03031	0.0306	C
323	0.03766	0.03811	C
324	0.01322	0.01766	T
325	0.048	0.05499	A
326	0.0261	0.02637	C
327	0.01755	0.01828	C
328	0.02015	0.02122	C
329	0.02596	0.02662	C
330	0.02438	0.02451	C
331	0.03574	0.03584	C
332	0.03293	0.03372	A
333	0.05542	0.0555	A
334	0.01016	0.01034	T
335	0.00748	0.00751	T
336	0.05412	0.06537	A
337	0.00485	0.00504	G
338	0.00453	0.00468	G
339	0.04809	0.05851	A
340	0.00459	0.00459	G
341	0.00408	0.00409	G
342	0.00548	0.00553	G
343	0.03524	0.03962	C
344	0.06399	0.06524	A
345	0.08021	0.08135	C
346	0.008	0.00858	T
347	0.00834	0.00846	G
348	0.00584	0.00598	G
349	0.02463	0.02477	C
350	0.03922	0.03931	C
351	0.0408	0.04083	C
352	0.04088	0.04088	C
353	0.05328	0.05328	C
354	0.04337	0.0446	A
355	0.05234	0.05315	A
356	0.0986	0.10215	C
357	0.04404	0.0483	A
358	0.00601	0.00618	G
359	0.00674	0.00675	G
360	0.03963	0.04089	C
361	0.06232	0.0641	A
362	0.015	0.02062	T
363	0.05773	0.06224	C
364	0.04362	0.04833	A
365	0.08084	0.08109	C
366	0.04764	0.04768	C
367	0.03954	0.03955	C
368	0.03902	0.0392	C
369	0.02086	0.02281	G
370	0.04549	0.04682	C
371	0.0084	0.00978	T
372	0.02527	0.02579	A
373	0.04233	0.04269	A
374	0.04575	0.04631	A
375	0.01841	0.021	T
376	0.03915	0.03987	C
377	0.03064	0.03067	C
378	0.04386	0.0439	C
379	0.03724	0.03729	C
380	0.01189	0.01289	T
381	0.0575	0.05903	A
382	0.00912	0.00973	G
383	0.03301	0.03306	A
384	0.03832	0.04057	A
385	0.01146	0.01263	G
386	0.01826	0.01964	T
387	0.02593	0.02608	C
388	0.0281	0.02821	C
389	0.03528	0.03579	C
390	0.02763	0.03367	A
391	0.04122	0.04232	C
392	0.03552	0.03671	T
393	0.03682	0.03689	C
394	0.02163	0.02238	C
395	0.01015	0.01231	T
396	0.03052	0.03163	A
397	0.03707	0.03762	A
398	0.02853	0.02883	A
399	0.05016	0.05649	C
400	0.03322	0.03556	A
401	0.04973	0.05474	C
402	0.02963	0.03131	A
403	0.01101	0.01382	T
404	0.03934	0.03937	C
405	0.03923	0.03939	C
406	0.01574	0.0184	G
407	0.00932	0.00989	T
408	0.03583	0.0366	A
409	0.01062	0.01062	T
410	0.00944	0.01011	T
411	0.03244	0.05004	A
412	0.03928	0.04049	C
413	0.01167	0.0132	T
414	0.03163	0.03318	C
415	0.00944	0.01081	G
416	0.02729	0.02953	C
417	0.04468	0.0459	A
418	0.00912	0.01193	T
419	0.03746	0.03874	C
420	0.03855	0.04063	A
421	0.00524	0.00538	G
422	0.00426	0.00445	G
423	0.02307	0.03067	A
424	0.01106	0.01133	G
425	0.01359	0.01502	T
426	0.04503	0.04565	A
427	0.01649	0.01729	T
428	0.05865	0.06041	C
429	0.03952	0.04045	A
430	0.04396	0.04716	A
431	0.01381	0.01558	T
432	0.04455	0.04713	C
433	0.03789	0.03825	A
434	0.02988	0.03035	C
435	0.01897	0.01956	C
436	0.00571	0.00637	T
437	0.00638	0.00777	G
438	0.03149	0.03282	A
439	0.00972	0.0099	G
440	0.03262	0.03377	C
441	0.01676	0.01837	T
442	0.04746	0.04847	C
443	0.03385	0.03513	A
444	0.0556	0.0556	C
445	0.03932	0.04047	C
446	0.02956	0.04029	A
447	0.01236	0.01381	T
448	0.04407	0.04597	A
449	0.01768	0.01862	G
450	0.01322	0.01362	T
451	0.03701	0.03805	C
452	0.01284	0.01745	T
453	0.04026	0.04076	A
454	0.03772	0.0385	A
455	0.01625	0.01842	T
456	0.04186	0.04293	A
457	0.0148	0.0196	G
458	0.03296	0.03311	A
459	0.0235	0.0235	A
460	0.04006	0.04011	A
461	0.03371	0.03401	A
462	0.04438	0.05622	C
463	0.03397	0.03397	A
464	0.03651	0.03732	A
465	0.05137	0.05227	C
466	0.02898	0.0299	C
467	0.02202	0.02801	G
468	0.02057	0.02195	A
469	0.03019	0.03058	A
470	0.03863	0.03905	A
471	0.05101	0.05164	C
472	0.03401	0.03577	C
473	0.01616	0.01649	A
474	0.03152	0.03185	A
475	0.03838	0.0394	A
476	0.01179	0.01896	T
477	0.0404	0.0404	A
478	0.04837	0.05555	A
479	0.01158	0.01166	T
480	0.01138	0.01157	T
481	0.07474	0.07946	C
482	0.03575	0.03608	A
483	0.04117	0.0417	A
484	0.01268	0.01491	G
485	0.03727	0.03961	C
486	0.05432	0.05853	A
487	0.08054	0.08409	C
488	0.01565	0.01732	T
489	0.00858	0.00921	G
490	0.03791	0.03942	C
491	0.00833	0.00849	T
492	0.00841	0.00944	T
493	0.03695	0.05939	A
494	0.01111	0.01117	T
495	0.01179	0.01356	T
496	0.0289	0.05826	A
497	0.10025	0.10727	C
498	0.03893	0.03933	A
499	0.04922	0.05255	A
500	0.00778	0.00791	T
501	0.00798	0.00799	T
502	0.00759	0.00763	T
503	0.00953	0.00958	T
504	0.06315	0.08745	A
505	0.11367	0.11661	C
506	0.012	0.01341	T
507	0.00654	0.00676	G
508	0.0061	0.00617	G
509	0.00732	0.00754	G
510	0.0062	0.00684	T
511	0.06964	0.07068	C
512	0.00903	0.00956	T
513	0.08798	0.09207	C
514	0.00948	0.00977	T
515	0.06974	0.07258	A
516	0.00669	0.00669	T
517	0.00868	0.00868	T
518	0.0075	0.0075	T
519	0.00914	0.00921	T
520	0.04206	0.05126	A
521	0.03086	0.0311	C
522	0.0179	0.01801	C
523	0.0181	0.01861	C
524	0.00683	0.0094	T
525	0.08776	0.08781	C
526	0.04539	0.05	C
527	0.00931	0.01118	T
528	0.05561	0.06079	A
529	0.09753	0.10069	C
530	0.04701	0.04916	A
531	0.05852	0.06145	A
532	0.00743	0.00859	G
533	0.05569	0.05589	C
534	0.02892	0.02939	C
535	0.00814	0.01435	T
536	0.06061	0.0615	C
537	0.05328	0.05965	A
538	0.00671	0.00704	G
539	0.05131	0.05354	A
540	0.01061	0.01097	G
541	0.01174	0.01219	T
542	0.04683	0.0477	A
543	0.07393	0.07611	C
544	0.00938	0.00948	T
545	0.01075	0.0108	T
546	0.0729	0.07862	C
547	0.00951	0.01026	G
548	0.05654	0.0586	A
549	0.01245	0.01296	G
550	0.00955	0.01052	T
551	0.03021	0.03115	C
552	0.00782	0.01037	T
553	0.05104	0.05132	C
554	0.08158	0.08162	C
555	0.05913	0.06192	C
556	0.00884	0.0091	T
557	0.01165	0.01192	T
558	0.05797	0.06844	C
559	0.05147	0.0544	A
560	0.08438	0.08442	C
561	0.05902	0.06158	C
562	0.05968	0.06954	A
563	0.00493	0.00507	T
564	0.00907	0.0091	T
565	0.00663	0.00667	T
566	0.06094	0.06129	C
567	0.04106	0.04206	C
568	0.00996	0.0131	G
569	0.05135	0.05364	A
570	0.07019	0.0732	C
571	0.00839	0.00857	G
572	0.00711	0.00726	G
573	0.0595	0.06232	C
574	0.05776	0.05892	A
575	0.01021	0.01072	T
576	0.05661	0.0572	C
577	0.00789	0.00917	T
578	0.06238	0.07556	A
579	0.09034	0.09282	C
580	0.0062	0.0064	G
581	0.00694	0.00723	G
582	0.01844	0.01978	C
583	0.0053	0.00668	T
584	0.04398	0.04511	C
585	0.04602	0.04713	A
586	0.04767	0.04815	A
587	0.10462	0.10825	C
588	0.01908	0.02001	A
589	0.00287	0.00305	T
590	0.00273	0.00278	T
591	0.00329	0.00329	T
592	0.00612	0.00612	T
593	0.00626	0.00627	T
594	0.00439	0.00439	T
595	0.01066	0.01384	G
596	0.00976	0.01269	T
597	0.02856	0.03135	A
598	0.00999	0.01023	G
599	0.00708	0.00722	C
600	0.00784	0.00803	C
601	0.07105	0.09888	A
602	0.10034	0.11001	C
603	0.04373	0.06565	A
604	0.00615	0.00653	G
605	0.00603	0.00604	G
606	0.04539	0.04652	C
607	0.00642	0.00651	T
608	0.00684	0.00692	T
609	0.05005	0.05006	C
610	0.0634	0.06394	C
611	0.0488	0.063	A
612	0.07968	0.08215	C
613	0.00783	0.00898	G
614	0.00533	0.00548	G
615	0.02899	0.03646	A
616	0.07785	0.07883	C
617	0.00708	0.00739	T
618	0.00888	0.00936	T
619	0.06278	0.06823	C
620	0.05827	0.06064	A
621	0.10781	0.1098	C
622	0.00822	0.00939	G
623	0.00715	0.01123	T
624	0.04772	0.04824	C
625	0.06395	0.06623	A
626	0.00979	0.00985	T
627	0.00879	0.00909	T
628	0.04509	0.09387	A
629	0.01052	0.01054	T
630	0.01298	0.0131	T
631	0.00885	0.00908	G
632	0.00722	0.0073	G
633	0.0393	0.04144	C
634	0.0085	0.01024	T
635	0.07253	0.07548	C
636	0.04988	0.05139	A
637	0.05519	0.05557	A
638	0.10653	0.1112	C
639	0.00542	0.00555	T
640	0.00886	0.00895	T
641	0.0071	0.00718	T
642	0.06345	0.06388	C
643	0.03903	0.04045	C
644	0.01011	0.01303	T
645	0.05801	0.06049	C
646	0.03793	0.04169	A
647	0.07761	0.08361	C
648	0.00966	0.01018	T
649	0.06247	0.06893	A
650	0.00887	0.00944	T
651	0.07617	0.07909	C
652	0.00988	0.01017	T
653	0.00621	0.00695	G
654	0.05074	0.05222	C
655	0.00515	0.0052	T
656	0.00517	0.00538	T
657	0.03681	0.03917	C
658	0.04013	0.04351	A
659	0.01053	0.01338	T
660	0.0729	0.07378	C
661	0.05452	0.05786	C
662	0.00587	0.00728	G
663	0.01673	0.01677	C
664	0.02064	0.02097	C
665	0.01674	0.01752	A
666	0.03203	0.03206	A
667	0.08158	0.08563	C
668	0.00725	0.00821	T
669	0.03992	0.04054	A
670	0.03667	0.03814	A
671	0.00651	0.00682	T
672	0.05989	0.06195	A
673	0.00494	0.00495	T
674	0.00724	0.00743	T
675	0.00855	0.00867	T
676	0.07242	0.07617	C
677	0.04729	0.04798	A
678	0.08915	0.09147	C
679	0.00711	0.00734	T
680	0.00817	0.00857	T
681	0.00823	0.00842	T
682	0.06073	0.06881	A
683	0.07848	0.08464	C
684	0.05116	0.0528	A
685	0.01068	0.01239	T
686	0.04326	0.0439	C
687	0.03374	0.03481	C
688	0.01763	0.01848	A
689	0.04652	0.04839	A
690	0.04942	0.04967	A
691	0.07223	0.08224	C
692	0.04699	0.0496	A
693	0.00646	0.00852	T
694	0.06867	0.0714	C
695	0.05479	0.05573	A
696	0.10395	0.10847	C
697	0.00573	0.00581	T
698	0.00718	0.00721	T
699	0.00639	0.00642	T
700	0.00495	0.00508	G
701	0.00428	0.00431	G
702	0.04902	0.05015	C
703	0.0061	0.00618	T
704	0.01034	0.01042	T
705	0.10028	0.10752	C
706	0.00923	0.01088	G
707	0.03874	0.03962	A
708	0.03492	0.0356	A
709	0.00707	0.00838	G
710	0.0123	0.01268	C
711	0.04774	0.04822	C
712	0.0099	0.01289	G
713	0.07159	0.07166	C
714	0.05086	0.05274	C
715	0.00573	0.00695	G
716	0.03259	0.03259	C
717	0.02069	0.02082	C
718	0.00552	0.00756	T
719	0.00743	0.01198	G
720	0.06874	0.07082	A
721	0.00962	0.01037	T
722	0.06728	0.0695	A
723	0.11197	0.11583	C
724	0.00922	0.0103	T
725	0.00582	0.00601	G
726	0.00643	0.00666	G
727	0.02601	0.02655	C
728	0.07825	0.07904	A
729	0.00325	0.00326	T
730	0.0057	0.00572	T
731	0.00813	0.00815	T
732	0.00882	0.00884	T
733	0.00904	0.01353	G
734	0.00563	0.00583	T
735	0.04258	0.04384	A
736	0.00678	0.00689	G
737	0.03741	0.03942	A
738	0.00507	0.00535	T
739	0.00929	0.00955	G
740	0.0136	0.01437	T
741	0.00813	0.00815	G
742	0.0101	0.0113	G
743	0.00708	0.00713	T
744	0.01146	0.0116	T
745	0.00856	0.0086	T
746	0.00769	0.00981	G
747	0.03529	0.03662	A
748	0.05149	0.05407	C
749	0.00599	0.00611	T
750	0.10298	0.11212	A
751	0.00382	0.00386	T
752	0.00951	0.00953	T
753	0.00931	0.0094	T
754	0.10144	0.10748	C
755	0.01084	0.0109	T
756	0.01131	0.01464	G
757	0.00748	0.0079	T
758	0.05848	0.06115	A
759	0.01201	0.01218	T
760	0.01034	0.01106	G
761	0.0063	0.00666	T
762	0.01484	0.01557	C
763	0.01325	0.01384	T
764	0.02429	0.02444	C
765	0.015	0.01565	C
766	0.01514	0.02177	A
767	0.00387	0.004	T
768	0.02746	0.02828	C
769	0.00551	0.00566	T
770	0.05398	0.05745	A
771	0.00685	0.00685	T
772	0.01019	0.0102	T
773	0.00815	0.00928	G
774	0.04601	0.04711	A
775	0.02115	0.02141	T
776	0.01208	0.01401	G
777	0.0611	0.06303	A
778	0.00862	0.00862	G
779	0.0059	0.0059	G
780	0.0117	0.0117	G
781	0.00385	0.00413	T
782	0.01968	0.02017	C
783	0.00417	0.00417	T
784	0.00022	0.00022	T
785	0.0	0.0	A
786	0.0	0.0	A
