Position	Mismatches	Mismatches + Deletions	Base
1	0.0	0.0	A
2	0.0	0.0	T
3	0.0	0.0	G
4	0.02317	0.02317	A
5	0.0246	0.02736	C
6	0.0165	0.0165	C
7	0.02355	0.02355	C
8	0.02706	0.02706	C
9	0.03192	0.05236	A
10	0.04026	0.04073	A
11	0.01476	0.01612	T
12	0.04405	0.04503	A
13	0.08687	0.08803	C
14	0.01735	0.01747	G
15	0.05289	0.05634	C
16	0.02191	0.02209	A
17	0.0138	0.0138	A
18	0.03624	0.03624	A
19	0.04482	0.04482	A
20	0.97331	0.99394	C
21	0.01063	0.01138	T
22	0.04285	0.04375	A
23	0.02034	0.02169	A
24	0.02739	0.02831	C
25	0.0197	0.01997	C
26	0.02177	0.02177	C
27	0.02787	0.02787	C
28	0.02441	0.02457	C
29	0.01858	0.02099	T
30	0.03192	0.03318	A
31	0.0321	0.03271	A
32	0.01015	0.01526	T
33	0.02569	0.02598	A
34	0.01496	0.01504	A
35	0.02907	0.02912	A
36	0.04368	0.045	A
37	0.00834	0.00905	T
38	0.01286	0.01402	T
39	0.04161	0.04243	A
40	0.0642	0.06487	A
41	0.01283	0.01352	T
42	0.01165	0.01195	T
43	0.04192	0.04224	A
44	0.06457	0.0657	A
45	0.06806	0.06954	C
46	0.04899	0.04959	C
47	0.92502	0.92967	A
48	0.05308	0.05365	C
49	0.01032	0.01215	T
50	0.06561	0.0672	C
51	0.06037	0.06569	A
52	0.0119	0.01208	T
53	0.01056	0.01098	T
54	0.06778	0.07205	C
55	0.06045	0.06319	A
56	0.01235	0.01616	T
57	0.06113	0.06334	C
58	0.01746	0.01891	G
59	0.06325	0.06684	A
60	0.06137	0.06166	C
61	0.03703	0.03797	C
62	0.0135	0.01801	T
63	0.04023	0.04025	C
64	0.034	0.03404	C
65	0.03752	0.03752	C
66	0.03668	0.03745	C
67	0.02424	0.03565	A
68	0.04805	0.04805	C
69	0.04311	0.04311	C
70	0.03647	0.03647	C
71	0.03137	0.03168	C
72	0.03392	0.04333	A
73	0.01422	0.01746	T
74	0.06116	0.06129	C
75	0.05556	0.0563	C
76	0.04389	0.04468	A
77	0.06199	0.06242	A
78	0.07432	0.07771	C
79	0.04805	0.05042	A
80	0.01092	0.01167	T
81	0.05484	0.05523	C
82	0.01075	0.01359	T
83	0.06896	0.06896	C
84	0.06648	0.0674	C
85	0.01049	0.0165	G
86	0.06744	0.07117	C
87	0.05817	0.06342	A
88	0.0101	0.011	T
89	0.0079	0.00897	G
90	0.03815	0.03914	A
91	0.00641	0.00757	T
92	0.00821	0.00997	G
93	0.04131	0.04163	A
94	0.04294	0.04408	A
95	0.05243	0.05284	A
96	0.1268	0.13097	C
97	0.01129	0.01138	T
98	0.01188	0.01194	T
99	0.05941	0.06929	C
100	0.00991	0.01005	G
101	0.00867	0.00901	G
102	0.0548	0.05783	C
103	0.01411	0.01609	T
104	0.08102	0.08662	C
105	0.05021	0.054	A
106	0.09005	0.09426	C
107	0.01149	0.01305	T
108	0.0806	0.0806	C
109	0.07276	0.07784	C
110	0.0119	0.01202	T
111	0.01108	0.01124	T
112	0.00736	0.00761	G
113	0.00803	0.00834	G
114	0.03239	0.03401	C
115	0.0112	0.01149	G
116	0.04782	0.04785	C
117	0.03012	0.03098	C
118	0.00809	0.00991	T
119	0.00594	0.00638	G
120	0.07459	0.07472	C
121	0.04421	0.04499	C
122	0.00808	0.01088	T
123	0.00665	0.01082	G
124	0.04772	0.05054	A
125	0.01093	0.01242	T
126	0.06455	0.06496	C
127	0.04048	0.04164	C
128	0.01287	0.01571	T
129	0.06799	0.06817	C
130	0.04904	0.0496	C
131	0.02519	0.02724	A
132	0.05502	0.05618	A
133	0.0523	0.05373	A
134	0.01116	0.01373	T
135	0.05885	0.06126	C
136	0.0544	0.05613	A
137	0.07654	0.07718	C
138	0.05457	0.05846	C
139	0.04441	0.05561	A
140	0.08304	0.08762	C
141	0.04031	0.04975	A
142	0.006	0.00652	G
143	0.00513	0.00528	G
144	0.03834	0.05296	A
145	0.1059	0.10803	C
146	0.00916	0.00973	T
147	0.05927	0.08446	A
148	0.01066	0.01071	T
149	0.00945	0.00976	T
150	0.05445	0.05475	C
151	0.01801	0.01883	C
152	0.00951	0.01042	T
153	0.06468	0.07062	A
154	0.01016	0.01054	G
155	0.05152	0.05178	C
156	0.04208	0.0423	C
157	0.03578	0.0543	A
158	0.00892	0.00975	T
159	0.01087	0.01309	G
160	0.07326	0.07627	C
161	0.05985	0.06115	A
162	0.07435	0.07685	C
163	0.01243	0.01386	T
164	0.0557	0.05882	A
165	0.0741	0.07779	C
166	0.01604	0.01938	T
167	0.059	0.06785	C
168	0.03834	0.04037	A
169	0.08998	0.08998	C
170	0.03449	0.03663	C
171	0.02388	0.05231	A
172	0.01535	0.01693	G
173	0.04339	0.04594	A
174	0.04342	0.04532	C
175	0.00797	0.00844	G
176	0.02653	0.02658	C
177	0.01981	0.02071	C
178	0.01095	0.01639	T
179	0.07883	0.08331	C
180	0.04555	0.05035	A
181	0.05758	0.05864	A
182	0.08858	0.08932	C
183	0.05476	0.058	C
184	0.00831	0.01048	G
185	0.03127	0.03127	C
186	0.03149	0.03281	C
187	0.00615	0.00625	T
188	0.00605	0.00614	T
189	0.00626	0.00633	T
190	0.00746	0.00751	T
191	0.04741	0.06154	C
192	0.04278	0.04495	A
193	0.00699	0.00813	T
194	0.05491	0.05672	C
195	0.03963	0.04129	A
196	0.05278	0.05742	A
197	0.0319	0.03318	T
198	0.077	0.08046	C
199	0.01442	0.01535	G
200	0.04027	0.04034	C
201	0.03642	0.03643	C
202	0.03894	0.03941	C
203	0.02967	0.03518	A
204	0.06423	0.06644	C
205	0.04185	0.0458	A
206	0.00814	0.01018	T
207	0.05538	0.05759	C
208	0.04753	0.04863	A
209	0.07473	0.07902	C
210	0.01019	0.01083	T
211	0.06613	0.06661	C
212	0.00719	0.00768	G
213	0.0327	0.03634	A
214	0.00717	0.00791	G
215	0.02663	0.0273	A
216	0.04192	0.04341	C
217	0.00873	0.00896	G
218	0.00721	0.00928	T
219	0.01732	0.01784	A
220	0.04019	0.04039	A
221	0.05062	0.05146	A
222	0.00939	0.00961	T
223	0.00981	0.01065	T
224	0.04188	0.07347	A
225	0.00952	0.01046	T
226	0.00645	0.00691	G
227	0.0058	0.00593	G
228	0.02713	0.02826	C
229	0.00822	0.00843	T
230	0.0092	0.01052	G
231	0.03268	0.03396	A
232	0.04022	0.04034	A
233	0.01159	0.01564	T
234	0.07463	0.07916	C
235	0.06088	0.06689	A
236	0.01221	0.01435	T
237	0.05576	0.05785	C
238	0.05332	0.0566	C
239	0.01079	0.01462	G
240	0.05368	0.06026	C
241	0.01064	0.01162	T
242	0.05593	0.05726	A
243	0.09872	0.09912	C
244	0.05958	0.06427	C
245	0.00707	0.00726	T
246	0.00791	0.01142	T
247	0.04787	0.05354	C
248	0.05613	0.06503	A
249	0.08667	0.08797	C
250	0.00531	0.00579	G
251	0.01444	0.01444	C
252	0.01942	0.01952	C
253	0.04018	0.04084	A
254	0.07336	0.0743	A
255	0.01494	0.01564	T
256	0.00957	0.00974	G
257	0.00815	0.00841	G
258	0.0196	0.02021	C
259	0.00746	0.00783	G
260	0.05902	0.05918	C
261	0.02879	0.02937	C
262	0.00677	0.00799	T
263	0.04295	0.04386	C
264	0.05127	0.05243	A
265	0.05845	0.05992	A
266	0.00951	0.0099	T
267	0.09183	0.09587	A
268	0.00769	0.00771	T
269	0.00712	0.00721	T
270	0.10722	0.14136	C
271	0.00823	0.00824	T
272	0.00736	0.00736	T
273	0.00812	0.00819	T
274	0.07602	0.08377	A
275	0.0087	0.00972	T
276	0.09927	0.10201	C
277	0.01422	0.01455	T
278	0.00498	0.00569	G
279	0.01638	0.01651	C
280	0.00944	0.01001	C
281	0.00252	0.00292	T
282	0.0237	0.02521	C
283	0.00907	0.0091	T
284	0.00755	0.00787	T
285	0.02517	0.0252	C
286	0.01408	0.01452	C
287	0.0075	0.01023	T
288	0.06652	0.06984	A
289	0.09408	0.10038	C
290	0.0558	0.06244	A
291	0.09857	0.10787	C
292	0.06022	0.06701	A
293	0.01269	0.01468	T
294	0.08697	0.09802	C
295	0.00506	0.00511	G
296	0.00397	0.00397	G
297	0.0077	0.00775	G
298	0.28211	0.31889	C
299	0.00583	0.00679	G
300	0.01937	0.02318	A
301	0.00582	0.00584	G
302	0.00469	0.00473	G
303	0.01913	0.0192	C
304	0.08095	0.08125	C
305	0.00694	0.00746	T
306	0.04104	0.04219	A
307	0.00764	0.00796	T
308	0.07456	0.07672	A
309	0.00972	0.00975	T
310	0.01018	0.01083	T
311	0.04205	0.06763	A
312	0.09848	0.10223	C
313	0.01015	0.01042	G
314	0.00743	0.00769	G
315	0.0415	0.05068	A
316	0.00907	0.01042	T
317	0.07599	0.07791	C
318	0.07993	0.09658	A
319	0.00597	0.00628	T
320	0.0091	0.00922	T
321	0.0088	0.00884	T
322	0.07059	0.07622	C
323	0.00876	0.00909	T
324	0.07279	0.07506	C
325	0.0096	0.01038	T
326	0.05265	0.05716	A
327	0.06712	0.06999	C
328	0.00874	0.01274	T
329	0.05577	0.05971	C
330	0.03812	0.04144	A
331	0.01096	0.01289	G
332	0.02983	0.03006	A
333	0.04293	0.04302	A
334	0.05734	0.05854	A
335	0.06768	0.06881	C
336	0.03726	0.03784	C
337	0.00727	0.00873	T
338	0.00751	0.00953	G
339	0.05007	0.05053	A
340	0.05238	0.05262	A
341	0.04609	0.04624	A
342	0.06833	0.07526	C
343	0.04736	0.04926	A
344	0.0128	0.01392	T
345	0.0632	0.06523	C
346	0.00664	0.00679	G
347	0.0062	0.00622	G
348	0.06473	0.06548	C
349	0.05044	0.05116	A
350	0.00901	0.00908	T
351	0.00941	0.00978	T
352	0.03013	0.0594	A
353	0.01021	0.01241	T
354	0.04907	0.05147	C
355	0.03582	0.03678	C
356	0.00671	0.00825	T
357	0.0584	0.05862	C
358	0.03986	0.0429	C
359	0.00752	0.00897	T
360	0.00757	0.00826	G
361	0.04825	0.05217	C
362	0.00709	0.00727	T
363	0.00628	0.00639	T
364	0.00512	0.00669	G
365	0.04336	0.04823	C
366	0.04695	0.04783	A
367	0.05917	0.05935	A
368	0.07288	0.07604	C
369	0.01068	0.01114	T
370	0.04419	0.05749	A
371	0.01046	0.01098	T
372	0.05419	0.05551	A
373	0.00837	0.00936	G
374	0.02981	0.03199	C
375	0.04516	0.0454	A
376	0.0511	0.05283	A
377	0.08881	0.09386	C
378	0.0354	0.03777	A
379	0.00534	0.00554	G
380	0.01781	0.01783	C
381	0.00946	0.00949	C
382	0.00384	0.0039	T
383	0.01072	0.01077	T
384	0.09923	0.10451	C
385	0.07667	0.08468	A
386	0.01567	0.0178	T
387	0.03034	0.03689	A
388	0.00664	0.00675	G
389	0.00653	0.00654	G
390	0.01496	0.0159	C
391	0.00486	0.00503	T
392	0.08113	0.08201	A
393	0.01006	0.0101	T
394	0.00931	0.0097	G
395	0.00786	0.00893	T
396	0.02658	0.0266	C
397	0.02344	0.02378	C
398	0.00713	0.01187	T
399	0.03426	0.03428	C
400	0.08967	0.08967	C
401	0.08307	0.08363	C
402	0.00883	0.01398	G
403	0.01584	0.01825	T
404	0.00654	0.00775	G
405	0.02787	0.03136	A
406	0.00754	0.00754	G
407	0.00492	0.00495	G
408	0.0594	0.05971	C
409	0.058	0.05811	C
410	0.02558	0.02569	A
411	0.05226	0.05232	A
412	0.05191	0.05227	A
413	0.01103	0.01228	T
414	0.06438	0.0662	A
415	0.01015	0.01111	T
416	0.0853	0.08918	C
417	0.08539	0.08924	A
418	0.01045	0.01055	T
419	0.0097	0.01029	T
420	0.06709	0.07905	C
421	0.01606	0.0166	T
422	0.00938	0.01233	G
423	0.0772	0.08059	A
424	0.0144	0.01441	G
425	0.00881	0.00881	G
426	0.00895	0.00896	G
427	0.00855	0.00859	G
428	0.02966	0.02995	C
429	0.05662	0.05719	C
430	0.04561	0.05998	A
431	0.08203	0.08271	C
432	0.03503	0.03737	A
433	0.01191	0.01237	G
434	0.00773	0.00997	T
435	0.02838	0.02841	A
436	0.04397	0.04441	A
437	0.01096	0.01119	T
438	0.01211	0.0127	T
439	0.02498	0.0516	A
440	0.09643	0.10264	C
441	0.05238	0.05266	A
442	0.047	0.04745	A
443	0.04241	0.04342	A
444	0.09505	0.10545	C
445	0.00908	0.00961	T
446	0.00933	0.00955	T
447	0.02868	0.04968	A
448	0.07255	0.0753	C
449	0.00976	0.01038	T
450	0.06212	0.07072	A
451	0.00946	0.01262	T
452	0.08183	0.0842	C
453	0.06706	0.06942	C
454	0.00693	0.00936	G
455	0.05668	0.05671	C
456	0.04109	0.04153	C
457	0.06166	0.07816	A
458	0.01297	0.01505	T
459	0.03754	0.03781	C
460	0.03024	0.03032	C
461	0.03247	0.03332	C
462	0.01555	0.0528	A
463	0.01043	0.01139	T
464	0.06178	0.06299	A
465	0.10982	0.11198	C
466	0.07777	0.08028	A
467	0.01139	0.01156	T
468	0.01102	0.01116	T
469	0.00686	0.00696	G
470	0.00725	0.00725	G
471	0.00365	0.00365	G
472	0.86755	0.8856	A
473	0.06049	0.06212	C
474	0.04834	0.05531	A
475	0.00791	0.00829	G
476	0.04643	0.04707	A
477	0.1006	0.10094	C
478	0.0728	0.07296	C
479	0.00919	0.00968	T
480	0.05463	0.05703	A
481	0.01295	0.01327	G
482	0.00832	0.00842	T
483	0.01116	0.01123	T
484	0.10003	0.10243	C
485	0.07156	0.07223	A
486	0.06672	0.06702	A
487	0.01264	0.01301	T
488	0.00813	0.00904	G
489	0.03275	0.03342	A
490	0.0337	0.03512	A
491	0.00566	0.00591	T
492	0.03164	0.03252	C
493	0.00676	0.0072	T
494	0.00665	0.00769	G
495	0.03541	0.03735	A
496	0.00741	0.00742	G
497	0.00712	0.00813	G
498	0.06168	0.08285	A
499	0.00589	0.00589	G
500	0.00682	0.00692	G
501	0.04186	0.04496	C
502	0.00813	0.00848	T
503	0.04922	0.05125	A
504	0.04676	0.04742	C
505	0.00973	0.01858	T
506	0.06324	0.06513	C
507	0.08917	0.09234	A
508	0.01401	0.01433	G
509	0.01123	0.01244	T
510	0.06583	0.06916	A
511	0.01017	0.01064	G
512	0.07322	0.07551	A
513	0.10058	0.10202	C
514	0.05603	0.0591	A
515	0.00979	0.0112	G
516	0.01401	0.01563	T
517	0.0584	0.05888	C
518	0.03196	0.03221	C
519	0.04356	0.04442	C
520	0.06244	0.08803	A
521	0.08682	0.08698	C
522	0.01258	0.0126	C
523	0.01136	0.01203	C
524	0.00686	0.01355	T
525	0.01891	0.01986	C
526	0.04609	0.05408	A
527	0.1094	0.11552	C
528	0.05789	0.05905	A
529	0.10052	0.10406	C
530	0.0067	0.00725	G
531	0.03499	0.03575	A
532	0.00467	0.00478	T
533	0.00519	0.00528	T
534	0.04519	0.05358	C
535	0.00834	0.00838	T
536	0.00924	0.00933	T
537	0.00992	0.01013	T
538	0.06403	0.07709	A
539	0.11077	0.11219	C
540	0.08973	0.09167	C
541	0.00607	0.00657	T
542	0.00839	0.00865	T
543	0.01033	0.01045	T
544	0.09729	0.10396	C
545	0.05223	0.05524	A
546	0.10942	0.11409	C
547	0.0068	0.00811	T
548	0.00871	0.00989	T
549	0.08107	0.08756	C
550	0.07277	0.0786	A
551	0.00742	0.00854	T
552	0.07601	0.0809	C
553	0.00979	0.00986	T
554	0.01801	0.01826	T
555	0.00867	0.01065	G
556	0.03849	0.03903	C
557	0.03163	0.03203	C
558	0.03361	0.03393	C
559	0.0066	0.00679	T
560	0.00874	0.0088	T
561	0.07606	0.08022	C
562	0.06182	0.06429	A
563	0.00888	0.009	T
564	0.00715	0.00735	T
565	0.04295	0.08004	A
566	0.00952	0.00954	T
567	0.00951	0.00967	T
568	0.00998	0.01663	G
569	0.05509	0.06272	C
570	0.06211	0.07004	A
571	0.01206	0.01311	G
572	0.04036	0.04058	C
573	0.04612	0.0467	C
574	0.03578	0.03593	C
575	0.00805	0.00856	T
576	0.06469	0.06802	A
577	0.01063	0.01308	G
578	0.04902	0.0505	C
579	0.04968	0.05086	A
580	0.72634	0.72754	A
581	0.05169	0.05312	C
582	0.03578	0.0405	A
583	0.0454	0.04676	C
584	0.01162	0.01355	T
585	0.03574	0.03583	C
586	0.0314	0.03224	C
587	0.02607	0.03099	A
588	0.05177	0.05184	C
589	0.03168	0.03443	C
590	0.00668	0.00819	T
591	0.07768	0.0777	C
592	0.03792	0.04219	C
593	0.00732	0.00769	T
594	0.0524	0.05994	A
595	0.00716	0.00717	T
596	0.00693	0.00711	T
597	0.04832	0.06005	C
598	0.01098	0.01098	T
599	0.00993	0.01	T
600	0.01019	0.01373	G
601	0.04939	0.05115	C
602	0.04366	0.04448	A
603	0.07096	0.07249	C
604	0.00981	0.01158	G
605	0.02722	0.02826	A
606	0.04503	0.04575	A
607	0.0574	0.05796	A
608	0.08978	0.09861	C
609	0.00735	0.00737	G
610	0.00506	0.00518	G
611	0.00578	0.0061	G
612	0.03828	0.04367	A
613	0.01081	0.01309	T
614	0.06898	0.07147	C
615	0.05147	0.05228	A
616	0.04615	0.04817	A
617	0.04146	0.04185	A
618	0.07636	0.08658	C
619	0.03887	0.03894	A
620	0.03232	0.042	A
621	0.03184	0.03245	C
622	0.01894	0.02014	C
623	0.02135	0.02177	C
624	0.04014	0.04014	C
625	0.04635	0.04646	C
626	0.00991	0.01048	T
627	0.06935	0.07091	A
628	0.00557	0.00563	G
629	0.0073	0.0074	G
630	0.02386	0.02417	A
631	0.03606	0.03643	A
632	0.00821	0.00956	T
633	0.07425	0.07552	C
634	0.05342	0.05476	A
635	0.06611	0.06622	C
636	0.03409	0.03595	C
637	0.01298	0.0156	T
638	0.04242	0.04262	C
639	0.03813	0.03813	C
640	0.04877	0.04968	C
641	0.05493	0.06302	A
642	0.00569	0.00583	T
643	0.00542	0.0056	T
644	0.03481	0.03491	C
645	0.02608	0.02615	C
646	0.01109	0.0139	G
647	0.05104	0.05235	A
648	0.01107	0.01318	T
649	0.03731	0.03758	A
650	0.02451	0.02471	A
651	0.04477	0.04504	A
652	0.05295	0.05496	A
653	0.00962	0.01258	T
654	0.05508	0.05773	C
655	0.0413	0.04179	A
656	0.0775	0.07835	C
657	0.05261	0.05325	C
658	0.01023	0.0109	T
659	0.02064	0.02094	T
660	0.05553	0.05589	C
661	0.03575	0.03766	C
662	0.0211	0.03311	A
663	0.05465	0.0548	C
664	0.04217	0.0423	C
665	0.03473	0.0359	C
666	0.01051	0.01098	T
667	0.00973	0.01083	T
668	0.03	0.04796	A
669	0.0581	0.06035	C
670	0.01056	0.01332	T
671	0.05712	0.06068	A
672	0.06589	0.07085	C
673	0.03209	0.03485	A
674	0.06844	0.07224	C
675	0.03592	0.03611	A
676	0.04993	0.05096	A
677	0.01216	0.01421	T
678	0.06356	0.06559	C
679	0.0412	0.04132	A
680	0.04719	0.04968	A
681	0.05245	0.05461	A
682	0.01008	0.01152	G
683	0.06548	0.06784	A
684	0.0725	0.07541	C
685	0.00851	0.00935	G
686	0.02219	0.02224	C
687	0.01473	0.01473	C
688	0.03701	0.03721	C
689	0.01164	0.01365	T
690	0.07022	0.0719	C
691	0.00896	0.00992	G
692	0.00663	0.00674	G
693	0.03498	0.03625	C
694	0.01058	0.01062	T
695	0.00987	0.01031	T
696	0.03904	0.05736	A
697	0.08443	0.08689	C
698	0.00906	0.00915	T
699	0.00902	0.00916	T
700	0.05323	0.06509	C
701	0.01112	0.012	T
702	0.08176	0.0907	C
703	0.01135	0.01146	T
704	0.00884	0.00921	T
705	0.06384	0.06421	C
706	0.06046	0.06464	C
707	0.01063	0.01131	T
708	0.0128	0.01317	T
709	0.05517	0.06542	C
710	0.01373	0.01459	T
711	0.05537	0.05995	C
712	0.01051	0.01215	T
713	0.05111	0.05111	C
714	0.0421	0.04564	C
715	0.00882	0.00884	T
716	0.00961	0.00981	T
717	0.03252	0.03485	A
718	0.03784	0.03844	A
719	0.00666	0.01003	T
720	0.72572	0.73055	G
721	0.03131	0.03438	A
722	0.05468	0.06115	C
723	0.04187	0.0432	A
724	0.00952	0.01004	T
725	0.01008	0.01055	T
726	0.04153	0.04193	A
727	0.03873	0.03949	A
728	0.06345	0.06693	C
729	0.04481	0.04558	A
730	0.06633	0.07053	C
731	0.00844	0.00897	T
732	0.06078	0.06474	A
733	0.01047	0.01052	T
734	0.00997	0.0102	T
735	0.0536	0.05961	C
736	0.01471	0.01746	T
737	0.04253	0.04491	C
738	0.0377	0.04209	A
739	0.05974	0.05974	C
740	0.02603	0.02678	C
741	0.03107	0.05866	A
742	0.01311	0.01428	G
743	0.04979	0.05034	A
744	0.04537	0.04582	C
745	0.02716	0.02801	C
746	0.00689	0.0087	T
747	0.05059	0.05063	C
748	0.02567	0.02741	C
749	0.00883	0.01005	T
750	0.04868	0.05634	A
751	0.00674	0.00694	G
752	0.00797	0.00827	G
753	0.03992	0.0417	C
754	0.01301	0.01511	G
755	0.04149	0.04736	A
756	0.06864	0.06895	C
757	0.0404	0.04081	C
758	0.04334	0.04393	C
759	0.03063	0.06562	A
760	0.01283	0.01351	G
761	0.04353	0.04397	A
762	0.07446	0.07575	C
763	0.03223	0.03238	A
764	0.05047	0.05084	A
765	0.01105	0.01121	T
766	0.01114	0.01168	T
767	0.04189	0.07375	A
768	0.01364	0.01681	T
769	0.05751	0.06395	A
770	0.07075	0.07263	C
771	0.04054	0.0407	C
772	0.01591	0.01627	C
773	0.01102	0.0123	T
774	0.05392	0.05612	A
775	0.01605	0.01674	G
776	0.061	0.0613	C
777	0.04984	0.05118	C
778	0.03014	0.03108	A
779	0.02809	0.03295	A
780	0.03223	0.03273	C
781	0.03099	0.03168	C
782	0.02744	0.02792	C
783	0.02982	0.03007	C
784	0.01175	0.01227	T
785	0.01077	0.01134	T
786	0.03916	0.04007	A
787	0.05272	0.05353	A
788	0.05634	0.05755	A
789	0.06986	0.07752	C
790	0.05106	0.05561	A
791	0.05208	0.05241	C
792	0.0345	0.0346	C
793	0.02959	0.02966	C
794	0.03344	0.03395	C
795	0.01973	0.02285	T
796	0.03201	0.03221	C
797	0.02891	0.02891	C
798	0.03447	0.03451	C
799	0.03541	0.03612	C
800	0.02905	0.03409	A
801	0.04924	0.05076	C
802	0.03959	0.04218	A
803	0.01043	0.0127	T
804	0.06038	0.0618	C
805	0.04495	0.04573	A
806	0.06588	0.06982	A
807	0.0164	0.01964	G
808	0.03516	0.03525	C
809	0.03238	0.0325	C
810	0.02654	0.02669	C
811	0.02006	0.02285	G
812	0.03732	0.03762	A
813	0.03948	0.04022	A
814	0.01433	0.01496	T
815	0.01134	0.01451	G
816	0.04507	0.04685	A
817	0.01132	0.01166	T
818	0.07833	0.08019	A
819	0.008	0.008	T
820	0.012	0.01215	T
821	0.00834	0.00851	T
822	0.07292	0.07345	C
823	0.0545	0.05525	C
824	0.01246	0.01294	T
825	0.07162	0.07983	A
826	0.01102	0.01103	T
827	0.01709	0.01736	T
828	0.04632	0.05591	C
829	0.01049	0.01089	G
830	0.05279	0.05282	C
831	0.02611	0.02635	C
832	0.01114	0.01278	T
833	0.04173	0.0434	A
834	0.06396	0.06866	C
835	0.0347	0.03628	A
836	0.06989	0.07352	C
837	0.03875	0.03894	A
838	0.06728	0.06791	A
839	0.01219	0.01246	T
840	0.01035	0.01058	T
841	0.04089	0.05115	C
842	0.01111	0.01292	T
843	0.05513	0.05513	C
844	0.03912	0.03968	C
845	0.01167	0.01597	G
846	0.04068	0.04266	A
847	0.00967	0.01076	T
848	0.06356	0.06371	C
849	0.03724	0.03822	C
850	0.01349	0.01728	G
851	0.01177	0.01618	T
852	0.03156	0.0317	C
853	0.03401	0.03404	C
854	0.02253	0.02257	C
855	0.00949	0.01092	T
856	0.03455	0.03593	A
857	0.04058	0.04108	A
858	0.06551	0.06862	C
859	0.03419	0.03532	A
860	0.03676	0.03678	A
861	0.05359	0.05407	A
862	0.05965	0.06743	C
863	0.00748	0.00782	T
864	0.03266	0.03374	A
865	0.00542	0.00581	G
866	0.00618	0.00641	G
867	0.03933	0.04901	A
868	0.00737	0.00737	G
869	0.00649	0.00661	G
870	0.03419	0.03495	C
871	0.01596	0.0162	G
872	0.01022	0.01228	T
873	0.05876	0.05877	C
874	0.05528	0.05538	C
875	0.01418	0.01427	T
876	0.0165	0.0168	T
877	0.00988	0.01228	G
878	0.03766	0.03787	C
879	0.03253	0.03265	C
880	0.03573	0.03585	C
881	0.01009	0.01086	T
882	0.04534	0.04795	A
883	0.01235	0.0124	T
884	0.01004	0.01062	T
885	0.03265	0.05705	A
886	0.07447	0.07733	C
887	0.01034	0.01133	T
888	0.05198	0.05574	A
889	0.0138	0.01685	T
890	0.05742	0.0581	C
891	0.0344	0.03598	C
892	0.03253	0.04505	A
893	0.01018	0.0124	T
894	0.04886	0.04951	C
895	0.03663	0.03791	C
896	0.00991	0.01289	T
897	0.04353	0.04751	C
898	0.03058	0.04237	A
899	0.01065	0.01322	T
900	0.04657	0.04692	C
901	0.0266	0.0277	C
902	0.01022	0.01071	T
903	0.04306	0.04477	A
904	0.00806	0.00849	G
905	0.04513	0.04663	C
906	0.04487	0.04538	A
907	0.03919	0.04037	A
908	0.00892	0.01144	T
909	0.04174	0.0418	A
910	0.04182	0.0472	A
911	0.02093	0.02468	T
912	0.03418	0.03593	C
913	0.02826	0.02868	C
914	0.02511	0.02516	C
915	0.02173	0.022	C
916	0.02863	0.03931	A
917	0.01331	0.01664	T
918	0.02959	0.03	C
919	0.01564	0.01612	C
920	0.01095	0.01312	T
921	0.02945	0.02949	C
922	0.02584	0.02653	C
923	0.02424	0.03254	A
924	0.01385	0.01463	T
925	0.04137	0.04381	A
926	0.01463	0.01642	T
927	0.0374	0.03955	A
928	0.01673	0.02039	T
929	0.03778	0.03911	C
930	0.03182	0.03315	C
931	0.01607	0.01646	A
932	0.03079	0.03108	A
933	0.02734	0.02772	A
934	0.05302	0.05939	C
935	0.02568	0.02596	A
936	0.02404	0.02456	A
937	0.04928	0.05387	C
938	0.03101	0.03101	A
939	0.03024	0.03024	A
940	0.04187	0.0429	A
941	0.01679	0.01885	G
942	0.04448	0.04588	C
943	0.03215	0.03262	A
944	0.00954	0.01557	T
945	0.03885	0.03885	A
946	0.04262	0.04603	A
947	0.0105	0.01119	T
948	0.06464	0.06816	A
949	0.00648	0.00648	T
950	0.01065	0.01068	T
951	0.02203	0.02203	T
952	0.06704	0.07111	C
953	0.01714	0.01844	G
954	0.02604	0.02608	C
955	0.02114	0.02124	C
956	0.02105	0.02119	C
957	0.02129	0.02715	A
958	0.04469	0.04646	C
959	0.01093	0.01376	T
960	0.02692	0.02725	A
961	0.04007	0.04182	A
962	0.00959	0.01049	G
963	0.02846	0.02873	C
964	0.03524	0.03533	C
965	0.02228	0.02268	A
966	0.03636	0.0373	A
967	0.01063	0.01274	T
968	0.04546	0.04687	C
969	0.03353	0.03422	A
970	0.0603	0.06501	C
971	0.01199	0.01222	T
972	0.01069	0.01074	T
973	0.01097	0.01209	T
974	0.05844	0.06645	A
975	0.01024	0.01024	T
976	0.00968	0.00979	T
977	0.01184	0.01376	G
978	0.04581	0.04704	A
979	0.03857	0.03924	C
980	0.007	0.00811	T
981	0.0433	0.04352	C
982	0.01729	0.01933	C
983	0.01241	0.01344	T
984	0.04501	0.0526	A
985	0.01257	0.01317	G
986	0.0399	0.04009	C
987	0.03642	0.03697	C
988	0.02258	0.02681	G
989	0.04976	0.05275	C
990	0.04248	0.04854	A
991	0.01348	0.01399	G
992	0.06046	0.06179	A
993	0.01465	0.01477	C
994	0.01072	0.011	C
995	0.00356	0.00422	T
996	0.0089	0.00891	C
997	0.00857	0.00909	C
998	0.01679	0.01803	T
999	0.06211	0.06347	C
1000	0.0253	0.03109	A
1001	0.00489	0.00489	T
1002	0.00493	0.00513	T
1003	0.01852	0.02505	C
1004	0.01352	0.0161	T
1005	0.04733	0.04926	A
1006	0.05349	0.05446	A
1007	0.08811	0.08873	C
1008	0.05106	0.0525	C
1009	0.01231	0.0135	T
1010	0.00686	0.00719	G
1011	0.02059	0.02119	A
1012	0.02365	0.0239	A
1013	0.00759	0.00828	T
1014	0.09319	0.094	C
1015	0.00688	0.00705	G
1016	0.00485	0.00508	G
1017	0.01603	0.01783	A
1018	0.00558	0.00558	G
1019	0.00635	0.00652	G
1020	0.04059	0.05951	A
1021	0.0545	0.06148	C
1022	0.03527	0.03531	A
1023	0.03904	0.03928	A
1024	0.04981	0.05006	C
1025	0.0337	0.03375	C
1026	0.0319	0.04781	A
1027	0.017	0.01775	G
1028	0.00794	0.01216	T
1029	0.04683	0.04687	A
1030	0.05476	0.0559	A
1031	0.00923	0.00988	G
1032	0.01858	0.02093	C
1033	0.00789	0.00956	T
1034	0.0208	0.02211	A
1035	0.01948	0.01985	C
1036	0.02253	0.02281	C
1037	0.03633	0.03655	C
1038	0.00812	0.00819	T
1039	0.00865	0.00872	T
1040	0.00847	0.00852	T
1041	0.0086	0.00879	T
1042	0.04974	0.06224	A
1043	0.03756	0.03788	C
1044	0.01873	0.01903	C
1045	0.02507	0.02873	A
1046	0.00916	0.01009	T
1047	0.05162	0.0529	C
1048	0.05301	0.05534	A
1049	0.01261	0.01267	T
1050	0.00823	0.00833	T
1051	0.00675	0.007	G
1052	0.00528	0.00536	G
1053	0.03169	0.04291	A
1054	0.0562	0.05744	C
1055	0.03379	0.03383	A
1056	0.04776	0.04907	A
1057	0.00813	0.0089	G
1058	0.004	0.00451	T
1059	0.02167	0.02202	A
1060	0.01193	0.01288	G
1061	0.01574	0.01747	C
1062	0.04609	0.04792	A
1063	0.00742	0.01028	T
1064	0.03335	0.03345	C
1065	0.02835	0.0287	C
1066	0.01288	0.01687	G
1067	0.00753	0.00797	T
1068	0.02966	0.03009	A
1069	0.04036	0.04183	C
1070	0.00858	0.00929	T
1071	0.03792	0.04032	A
1072	0.00797	0.00879	T
1073	0.02943	0.03088	A
1074	0.03718	0.03981	C
1075	0.00908	0.00922	T
1076	0.00743	0.00777	T
1077	0.02663	0.02866	C
1078	0.02264	0.02363	A
1079	0.03319	0.03774	C
1080	0.02062	0.02123	A
1081	0.02524	0.02587	A
1082	0.03746	0.04145	C
1083	0.02274	0.023	A
1084	0.02539	0.02664	A
1085	0.00906	0.01045	T
1086	0.02549	0.02571	C
1087	0.01711	0.01757	C
1088	0.00914	0.01159	T
1089	0.01244	0.01387	A
1090	0.02117	0.02205	A
1091	0.00819	0.00969	T
1092	0.02109	0.02139	C
1093	0.01357	0.01378	C
1094	0.00755	0.0093	T
1095	0.02215	0.02282	A
1096	0.02148	0.02305	A
1097	0.01007	0.01127	T
1098	0.02467	0.02533	A
1099	0.02546	0.027	C
1100	0.02013	0.02064	C
1101	0.01134	0.01145	A
1102	0.02219	0.02236	A
1103	0.02697	0.0282	C
1104	0.0088	0.00923	T
1105	0.02403	0.0255	A
1106	0.0135	0.01406	T
1107	0.02315	0.02457	C
1108	0.01724	0.01897	T
1109	0.01438	0.01459	C
1110	0.01156	0.01157	C
1111	0.01046	0.01054	C
1112	0.00952	0.0117	T
1113	0.01311	0.01364	A
1114	0.01907	0.01949	A
1115	0.00887	0.0089	T
1116	0.00652	0.00676	T
1117	0.00906	0.01009	G
1118	0.01487	0.01517	A
1119	0.01055	0.01078	A
1120	0.01339	0.01344	A
1121	0.01063	0.01076	A
1122	0.02557	0.0313	C
1123	0.01105	0.01105	A
1124	0.00927	0.00927	A
1125	0.01535	0.01535	A
1126	0.01386	0.01388	A
1127	0.00443	0.00521	T
1128	0.0168	0.01706	A
1129	0.01654	0.01694	C
1130	0.00688	0.00733	T
1131	0.01419	0.01473	C
1132	0.00381	0.00389	A
1133	0.01051	0.01059	A
1134	0.01846	0.01846	A
1135	0.0638	0.06654	T
1136	0.01995	0.01995	G
1137	0.01259	0.01259	G
1138	0.00408	0.00408	G
1139	0.00367	0.00367	C
1140	0.00363	0.00363	C
1141	0.00015	0.00015	T
1142	0.0	0.0	A
1143	0.0	0.0	A
