Position	Mismatches	Mismatches + Deletions	Base
1	0.0	0.0	A
2	0.0	0.0	C
3	0.0	0.0	C
4	0.00266	0.00266	G
5	0.01762	0.01762	C
6	0.01675	0.01675	C
7	0.006	0.00777	G
8	0.08476	0.0915	A
9	0.00376	0.00376	G
10	0.04599	0.0466	A
11	0.03883	0.03883	C
12	0.04319	0.04319	C
13	0.00783	0.01018	G
14	0.04075	0.0469	C
15	0.01038	0.01151	G
16	0.00469	0.00526	T
17	0.03749	0.03749	C
18	0.06419	0.06419	C
19	0.00563	0.01018	G
20	0.05282	0.05282	C
21	0.03758	0.03758	C
22	0.05753	0.05753	C
23	0.05687	0.05877	C
24	0.00409	0.00426	G
25	0.01333	0.01367	C
26	0.00756	0.00924	G
27	0.02921	0.03004	A
28	0.0087	0.0087	G
29	0.02386	0.02647	C
30	0.06991	0.07313	A
31	0.1002	0.10082	C
32	0.07526	0.08262	A
33	0.00401	0.00701	G
34	0.09134	0.09793	A
35	0.00509	0.00578	G
36	0.0568	0.05762	C
37	0.01528	0.01528	C
38	0.00349	0.00349	T
39	0.04057	0.04057	C
40	0.00423	0.00436	G
41	0.01245	0.01245	C
42	0.08288	0.08327	C
43	0.00412	0.00412	T
44	0.00601	0.00601	T
45	0.00794	0.00794	T
46	0.00585	0.00634	G
47	0.03478	0.03478	C
48	0.02723	0.02723	C
49	0.00789	0.00919	G
50	0.05363	0.05619	A
51	0.00759	0.00817	T
52	0.08192	0.08227	C
53	0.05957	0.06154	C
54	0.01535	0.01673	G
55	0.04426	0.04472	C
56	0.04402	0.04616	C
57	0.00563	0.0098	G
58	0.06432	0.06432	C
59	0.05633	0.05633	C
60	0.07106	0.07346	C
61	0.00622	0.00858	G
62	0.00641	0.00705	T
63	0.03836	0.03836	C
64	0.06126	0.06158	C
65	0.03371	0.05554	A
66	0.07701	0.09068	C
67	0.04274	0.05027	A
68	0.08247	0.08247	C
69	0.08063	0.08063	C
70	0.05897	0.06034	C
71	0.01028	0.01154	G
72	0.04859	0.04859	C
73	0.05674	0.05769	C
74	0.00748	0.01075	G
75	0.04709	0.04709	C
76	0.043	0.04354	C
77	0.04446	0.0696	A
78	0.00928	0.00963	G
79	0.06921	0.07015	C
80	0.00664	0.00772	T
81	0.04912	0.05053	C
82	0.0468	0.04762	A
83	0.08183	0.08183	C
84	0.05971	0.06175	C
85	0.03377	0.04426	A
86	0.00577	0.00582	T
87	0.00531	0.00541	G
88	0.00367	0.00377	G
89	0.03498	0.05274	A
90	0.26837	0.26882	T
91	0.00452	0.00667	G
92	0.04854	0.05231	A
93	0.26305	0.26476	T
94	0.00567	0.00644	G
95	0.04872	0.05227	A
96	0.26637	0.2666	T
97	0.05523	0.05734	A
98	0.00877	0.00907	T
99	0.0664	0.06875	C
100	0.00817	0.00847	G
101	0.03724	0.03728	C
102	0.04116	0.04185	C
103	0.00661	0.00889	G
104	0.06968	0.07205	C
105	0.00788	0.00928	G
106	0.05901	0.0604	C
107	0.00461	0.00497	T
108	0.41339	0.41403	C
109	0.00599	0.00631	G
110	0.00349	0.00423	T
111	0.03934	0.03987	C
112	0.37482	0.37595	G
113	0.00415	0.00495	T
114	0.4068	0.40934	C
115	0.007	0.00713	G
116	0.04996	0.05076	A
117	0.06162	0.06413	C
118	0.07025	0.07025	A
119	0.06856	0.06979	A
120	0.42873	0.43148	C
121	0.00463	0.00488	G
122	0.00449	0.00449	G
123	0.01708	0.01809	C
124	0.00257	0.00359	T
125	0.04885	0.04885	C
126	0.02088	0.02109	C
127	0.00373	0.00378	G
128	0.004	0.004	G
129	0.0194	0.01956	C
130	0.05748	0.05861	A
131	0.00589	0.00652	T
132	0.00668	0.00728	G
133	0.01018	0.01038	T
134	0.00757	0.00794	G
135	0.05167	0.0564	C
136	0.05079	0.05093	A
137	0.06521	0.06548	A
138	0.42968	0.43045	G
139	0.00503	0.00513	G
140	0.0271	0.02722	C
141	0.44171	0.44176	C
142	0.00528	0.00528	G
143	0.00404	0.00404	G
144	0.49919	0.50174	C
145	0.00571	0.00597	T
146	0.00616	0.00616	T
147	0.47125	0.47314	C
148	0.00747	0.00761	G
149	0.05471	0.05882	C
150	0.42233	0.42233	G
151	0.00407	0.00407	G
152	0.00494	0.00494	G
153	0.45038	0.46143	C
154	0.0056	0.00583	G
155	0.03056	0.0317	A
156	0.03273	0.03433	C
157	0.00846	0.0102	G
158	0.06578	0.06947	A
159	0.43965	0.44251	T
160	0.0056	0.00647	G
161	0.03815	0.03849	C
162	0.47928	0.485	C
163	0.02876	0.0288	C
164	0.03616	0.03616	C
165	0.04089	0.04089	C
166	0.04618	0.04618	C
167	0.00489	0.00533	G
168	0.49992	0.49992	G
169	0.00658	0.00658	G
170	0.02655	0.02663	C
171	0.04517	0.04532	C
172	0.00656	0.00935	G
173	0.00738	0.00758	T
174	0.54568	0.54652	C
175	0.00835	0.00835	T
176	0.00596	0.006	T
177	0.52567	0.52596	C
178	0.05662	0.05666	C
179	0.03846	0.03851	C
180	0.51714	0.52082	C
181	0.00428	0.00522	T
182	0.06307	0.06307	C
183	0.0375	0.0379	C
184	0.03699	0.04611	A
185	0.00629	0.00702	T
186	0.06498	0.06522	C
187	0.0122	0.01312	G
188	0.00802	0.01008	T
189	0.51591	0.51591	G
190	0.01186	0.01191	G
191	0.0064	0.0064	G
192	0.00942	0.00987	G
193	0.04421	0.053	C
194	0.00761	0.00866	G
195	0.02638	0.02647	C
196	0.01596	0.01596	C
197	0.01689	0.01689	C
198	0.11849	0.11852	C
199	0.04847	0.10814	A
200	0.00859	0.00905	G
201	0.49766	0.49862	G
202	0.05561	0.05957	C
203	0.05582	0.05697	A
204	0.09617	0.09688	C
205	0.05114	0.05162	C
206	0.07053	0.10431	A
207	0.00453	0.00492	G
208	0.00417	0.00417	G
209	0.00486	0.00486	G
210	0.02284	0.02634	C
211	0.01047	0.01051	G
212	0.00404	0.00465	T
213	0.54272	0.54392	G
214	0.04165	0.04276	A
215	0.00637	0.00648	T
216	0.00696	0.00696	G
217	0.00811	0.00817	G
218	0.00779	0.00809	T
219	0.00694	0.00694	G
220	0.00547	0.00547	G
221	0.00699	0.00699	G
222	0.05976	0.0707	C
223	0.07951	0.08172	A
224	0.00904	0.00983	T
225	0.00585	0.00587	G
226	0.0055	0.00559	G
227	0.00691	0.00692	G
228	0.5291	0.54945	T
229	0.05109	0.05173	C
230	0.07466	0.07598	A
231	0.0104	0.01157	G
232	0.09103	0.09148	A
233	0.06548	0.06919	A
234	0.00835	0.00845	G
235	0.00552	0.0056	G
236	0.05247	0.06869	A
237	0.52793	0.52844	T
238	0.0058	0.00614	T
239	0.03665	0.03755	C
240	0.02193	0.02221	C
241	0.00555	0.00663	T
242	0.07547	0.077	A
243	0.53133	0.53309	T
244	0.01117	0.01227	G
245	0.00863	0.01012	T
246	0.00576	0.00588	G
247	0.00536	0.00536	G
248	0.00538	0.0054	G
249	0.02686	0.03235	C
250	0.01475	0.0153	G
251	0.07426	0.07844	A
252	0.0982	0.10266	C
253	0.01049	0.0124	G
254	0.06377	0.07087	A
255	0.01165	0.01167	G
256	0.00482	0.00498	G
257	0.01186	0.01186	C
258	0.01447	0.01449	C
259	0.01868	0.01875	C
260	0.03844	0.06549	A
261	0.00631	0.00647	G
262	0.07616	0.07681	A
263	0.00821	0.00845	G
264	0.07947	0.08419	C
265	0.06382	0.06411	A
266	0.07978	0.08202	A
267	0.01129	0.01283	G
268	0.53105	0.5389	A
269	0.01046	0.01085	G
270	0.53291	0.53566	A
271	0.00606	0.00606	G
272	0.00583	0.00583	G
273	0.06023	0.06191	C
274	0.06952	0.07025	A
275	0.0043	0.00456	T
276	0.03675	0.03679	C
277	0.02991	0.03031	C
278	0.00575	0.01282	T
279	0.52979	0.53185	C
280	0.03333	0.04439	A
281	0.03553	0.03554	C
282	0.02573	0.02576	C
283	0.0258	0.02639	C
284	0.00598	0.0075	T
285	0.00669	0.00846	G
286	0.06246	0.06286	A
287	0.0858	0.08659	A
288	0.01048	0.01258	G
289	0.01142	0.0142	T
290	0.06914	0.07189	A
291	0.04571	0.04597	C
292	0.02757	0.02766	C
293	0.02592	0.02592	C
294	0.03379	0.0339	C
295	0.05161	0.05802	A
296	0.0062	0.00731	T
297	0.47801	0.47962	C
298	0.00727	0.00858	G
299	0.06419	0.06605	A
300	0.01288	0.01338	G
301	0.04791	0.05303	C
302	0.04229	0.04649	A
303	0.48009	0.483	C
304	0.00585	0.00592	G
305	0.00466	0.0049	G
306	0.04632	0.04696	C
307	0.08457	0.08531	A
308	0.00453	0.0048	T
309	0.04119	0.04145	C
310	0.01527	0.0159	G
311	0.00472	0.00676	T
312	0.02585	0.02667	C
313	0.07532	0.07735	A
314	0.06205	0.06212	C
315	0.03445	0.03658	C
316	0.06525	0.066	A
317	0.0797	0.07981	A
318	0.11274	0.11981	C
319	0.01266	0.01413	T
320	0.00699	0.00704	G
321	0.00453	0.00453	G
322	0.00448	0.00449	G
323	0.02901	0.03374	A
324	0.02919	0.0297	C
325	0.00792	0.00823	G
326	0.04215	0.04254	A
327	0.09422	0.09567	C
328	0.05597	0.05699	A
329	0.00718	0.00819	T
330	0.00581	0.00606	G
331	0.00654	0.00706	G
332	0.05181	0.07057	A
333	0.01331	0.01365	G
334	0.06442	0.06456	A
335	0.03914	0.03925	A
336	0.45425	0.45425	A
337	0.05407	0.05412	A
338	0.00626	0.00774	T
339	0.04873	0.04913	C
340	0.0143	0.01495	T
341	0.00852	0.00872	G
342	0.00851	0.00857	G
343	0.09799	0.10578	C
344	0.0913	0.09424	A
345	0.04443	0.04462	C
346	0.02512	0.02647	C
347	0.02208	0.03719	A
348	0.04318	0.0474	C
349	0.03582	0.03903	A
350	0.05236	0.05236	C
351	0.03823	0.0389	C
352	0.00447	0.005	T
353	0.00431	0.00439	T
354	0.03506	0.04315	C
355	0.005	0.00557	T
356	0.06329	0.065	A
357	0.08663	0.08899	C
358	0.05181	0.05225	A
359	0.0682	0.07012	A
360	0.37838	0.38639	T
361	0.00651	0.00845	G
362	0.05706	0.059	A
363	0.00756	0.00765	G
364	0.06676	0.0699	C
365	0.00674	0.00799	T
366	0.00874	0.00972	G
367	0.07711	0.07838	C
368	0.00657	0.00664	G
369	0.37512	0.3785	T
370	0.00924	0.00969	G
371	0.00603	0.00808	T
372	0.01161	0.01161	G
373	0.00555	0.00565	G
374	0.02873	0.03189	C
375	0.36972	0.41697	T
376	0.02629	0.02629	C
377	0.02274	0.02274	C
378	0.40422	0.40427	C
379	0.00485	0.00727	G
380	0.23255	0.23751	A
381	0.00976	0.00976	G
382	0.00561	0.00622	G
383	0.03441	0.04422	A
384	0.01386	0.01539	G
385	0.02796	0.0317	C
386	0.04222	0.04508	A
387	0.05028	0.05033	C
388	0.07771	0.07771	C
389	0.05607	0.05607	C
390	0.4435	0.4435	C
391	0.01006	0.01135	G
392	0.00765	0.00811	T
393	0.01045	0.01123	G
394	0.03458	0.03649	C
395	0.00427	0.00469	T
396	0.00939	0.00979	G
397	0.05437	0.05658	C
398	0.00631	0.00724	T
399	0.00941	0.01243	G
400	0.07285	0.07524	A
401	0.04575	0.04593	C
402	0.03302	0.03309	C
403	0.00846	0.0113	G
404	0.06288	0.07017	A
405	0.00834	0.00848	G
406	0.00742	0.00787	G
407	0.02385	0.02421	C
408	0.02099	0.02106	C
409	0.04377	0.04377	C
410	0.06102	0.06108	C
411	0.06524	0.06526	C
412	0.06317	0.0632	C
413	0.00772	0.01247	T
414	0.00933	0.01348	G
415	0.05777	0.05941	A
416	0.04453	0.04583	A
417	0.06253	0.06266	C
418	0.04607	0.04618	C
419	0.04397	0.04416	C
420	0.04324	0.04336	C
421	0.05284	0.05451	A
422	0.10047	0.10211	A
423	0.00736	0.00753	G
424	0.00622	0.00626	G
425	0.02892	0.0291	C
426	0.0267	0.02685	C
427	0.04471	0.04638	A
428	0.05604	0.05641	A
429	0.09354	0.09371	C
430	0.46017	0.46388	C
431	0.00649	0.00809	G
432	0.465	0.46757	C
433	0.0105	0.012	G
434	0.08257	0.08455	A
435	0.00965	0.01031	G
436	0.04602	0.04621	A
437	0.04826	0.04983	A
438	0.01049	0.01151	G
439	0.08057	0.08349	A
440	0.01297	0.01408	T
441	0.00844	0.01112	G
442	0.06081	0.06229	A
443	0.05283	0.05328	C
444	0.46156	0.46164	C
445	0.03927	0.03951	C
446	0.03601	0.05257	A
447	0.01033	0.01089	G
448	0.0594	0.06117	A
449	0.00783	0.00977	T
450	0.45004	0.47648	C
451	0.07773	0.08085	A
452	0.01035	0.01059	T
453	0.01068	0.01272	G
454	0.0071	0.00715	T
455	0.00882	0.00882	T
456	0.01017	0.01027	T
457	0.00975	0.01274	G
458	0.04283	0.04916	A
459	0.00849	0.00932	G
460	0.06421	0.06485	A
461	0.06638	0.06695	C
462	0.04114	0.04116	C
463	0.00505	0.00517	T
464	0.00502	0.00528	T
465	0.04989	0.05349	C
466	0.06493	0.06667	A
467	0.0557	0.05957	A
468	0.08586	0.09492	C
469	0.04797	0.05221	A
470	0.06156	0.062	C
471	0.03859	0.0389	C
472	0.04637	0.04644	C
473	0.03407	0.03413	C
474	0.41627	0.43544	A
475	0.00505	0.00518	G
476	0.01293	0.01293	C
477	0.01063	0.01063	C
478	0.02314	0.03219	A
479	0.00803	0.00812	T
480	0.00519	0.0057	G
481	0.0061	0.00673	T
482	0.03376	0.03424	A
483	0.07534	0.07636	C
484	0.00785	0.00828	G
485	0.00807	0.00809	T
486	0.40542	0.40601	T
487	0.00597	0.00635	G
488	0.02595	0.02684	C
489	0.39105	0.3991	T
490	0.05983	0.06545	A
491	0.00817	0.00832	T
492	0.0778	0.07831	C
493	0.08273	0.08367	C
494	0.02583	0.04161	A
495	0.00456	0.00456	G
496	0.00541	0.00541	G
497	0.02433	0.0256	C
498	0.40852	0.41157	T
499	0.01124	0.01234	G
500	0.00302	0.00327	T
501	0.00515	0.00521	G
502	0.0451	0.04654	C
503	0.01006	0.01058	T
504	0.40581	0.41152	A
505	0.00952	0.01016	T
506	0.06257	0.0631	C
507	0.06203	0.06203	C
508	0.05776	0.05782	C
509	0.00696	0.0078	T
510	0.33945	0.34251	G
511	0.00536	0.0097	T
512	0.04318	0.05711	A
513	0.05155	0.05254	C
514	0.00526	0.00551	G
515	0.01773	0.01792	C
516	0.01041	0.01058	C
517	0.00358	0.00469	T
518	0.10752	0.10801	C
519	0.00866	0.00948	T
520	0.00576	0.0061	G
521	0.00443	0.00443	G
522	0.3604	0.36052	C
523	0.0293	0.03105	C
524	0.00593	0.00697	G
525	0.3378	0.33903	T
526	0.02574	0.02704	A
527	0.04141	0.04189	C
528	0.061	0.06122	C
529	0.04021	0.05032	A
530	0.07489	0.07651	C
531	0.00593	0.00638	T
532	0.00444	0.00447	G
533	0.00593	0.006	G
534	0.02884	0.02938	C
535	0.15013	0.15158	A
536	0.00523	0.00551	T
537	0.3928	0.39353	C
538	0.00658	0.00739	G
539	0.0043	0.00451	T
540	0.35383	0.35532	G
541	0.04695	0.04888	A
542	0.00477	0.0049	T
543	0.0067	0.0067	G
544	0.00603	0.00615	G
545	0.02605	0.03066	A
546	0.02905	0.02955	C
547	0.0051	0.00576	T
548	0.07191	0.07204	C
549	0.39536	0.39555	C
550	0.00548	0.00586	G
551	0.00499	0.00613	G
552	0.36323	0.37481	T
553	0.00643	0.00716	G
554	0.09271	0.09725	A
555	0.076	0.07978	C
556	0.01009	0.01022	G
557	0.00392	0.00392	G
558	0.00916	0.00916	G
559	0.00652	0.00657	G
560	0.0117	0.01711	T
561	0.07082	0.0719	C
562	0.05268	0.05337	A
563	0.05256	0.05261	C
564	0.02967	0.02967	C
565	0.03942	0.03992	C
566	0.04667	0.07285	A
567	0.05982	0.06331	C
568	0.04815	0.05246	A
569	0.0718	0.07522	C
570	0.38903	0.38979	T
571	0.00768	0.00886	G
572	0.00837	0.00954	T
573	0.01277	0.01344	G
574	0.05786	0.0583	C
575	0.01937	0.01946	C
576	0.04291	0.04307	C
577	0.0384	0.04622	A
578	0.00581	0.00648	T
579	0.04156	0.04183	C
580	0.01146	0.01183	T
581	0.06351	0.0657	A
582	0.10875	0.11002	C
583	0.00675	0.00713	G
584	0.03685	0.03998	A
585	0.00569	0.00569	G
586	0.00419	0.00419	G
587	0.00522	0.00523	G
588	0.4243	0.4243	G
589	0.01067	0.01328	T
590	0.09258	0.09854	A
591	0.40417	0.40582	T
592	0.00728	0.00813	G
593	0.03873	0.03914	C
594	0.02606	0.02616	C
595	0.04382	0.04408	C
596	0.00607	0.00872	T
597	0.03073	0.03073	C
598	0.06812	0.06812	C
599	0.06281	0.06281	C
600	0.04193	0.04193	C
601	0.03806	0.03811	C
602	0.0359	0.05081	A
603	0.42458	0.43189	T
604	0.00655	0.00719	G
605	0.03943	0.03958	C
606	0.02214	0.02225	C
607	0.04256	0.05581	A
608	0.0057	0.00603	T
609	0.05014	0.05026	C
610	0.04754	0.0482	C
611	0.00683	0.00764	T
612	0.00572	0.00676	G
613	0.06894	0.07079	C
614	0.00768	0.00792	G
615	0.00547	0.00635	T
616	0.05697	0.05732	C
617	0.00819	0.00872	T
618	0.00529	0.00549	G
619	0.00473	0.00482	G
620	0.05907	0.06533	A
621	0.0567	0.05711	C
622	0.04374	0.04427	C
623	0.00373	0.00465	T
624	0.00439	0.00453	G
625	0.00634	0.0066	G
626	0.05779	0.05977	C
627	0.00848	0.00944	T
628	0.0059	0.00597	G
629	0.00639	0.00691	G
630	0.0384	0.03841	C
631	0.05403	0.05421	C
632	0.00869	0.00876	G
633	0.01253	0.01272	G
634	0.00776	0.0079	G
635	0.06585	0.07102	A
636	0.06291	0.06342	C
637	0.03396	0.03427	C
638	0.00603	0.00698	T
639	0.01287	0.01444	G
640	0.0548	0.05581	A
641	0.04885	0.04972	C
642	0.44878	0.4524	T
643	0.01121	0.01221	G
644	0.08044	0.08351	A
645	0.07923	0.08167	C
646	0.00896	0.0098	T
647	0.07334	0.07805	A
648	0.0908	0.09164	C
649	0.04521	0.04744	C
650	0.0061	0.00918	T
651	0.05757	0.06044	C
652	0.0675	0.07422	A
653	0.00942	0.00993	T
654	0.00778	0.00878	G
655	0.05628	0.0566	A
656	0.05215	0.05272	A
657	0.00801	0.00897	G
658	0.06258	0.06426	A
659	0.00691	0.00805	T
660	0.03831	0.03846	C
661	0.02753	0.02814	C
662	0.00704	0.01137	T
663	0.07805	0.08111	C
664	0.05131	0.05621	A
665	0.09522	0.09522	C
666	0.49619	0.49811	C
667	0.00766	0.00891	G
668	0.05854	0.06068	A
669	0.00711	0.00721	G
670	0.05241	0.05543	C
671	0.0083	0.00907	G
672	0.4962	0.49887	C
673	0.00561	0.00561	G
674	0.00582	0.00596	G
675	0.03129	0.03349	C
676	0.00924	0.0101	T
677	0.0437	0.04763	A
678	0.05476	0.05625	C
679	0.03585	0.03737	A
680	0.00771	0.00799	G
681	0.03243	0.03385	C
682	0.00578	0.00578	T
683	0.01152	0.01202	T
684	0.02061	0.02403	C
685	0.0686	0.0714	A
686	0.04334	0.04339	C
687	0.01602	0.01785	C
688	0.05988	0.07795	A
689	0.08697	0.08697	C
690	0.0296	0.03225	C
691	0.03757	0.04902	A
692	0.04933	0.05188	C
693	0.00609	0.00776	G
694	0.0067	0.00679	G
695	0.02189	0.02212	C
696	0.01855	0.01885	C
697	0.0092	0.01114	G
698	0.0583	0.06504	A
699	0.01119	0.01169	G
700	0.09189	0.10472	C
701	0.00985	0.00985	G
702	0.00542	0.00542	G
703	0.00597	0.00597	G
704	0.02851	0.02874	A
705	0.07194	0.07205	A
706	0.07779	0.07788	A
707	0.00631	0.00797	T
708	0.05396	0.05458	C
709	0.00907	0.00954	G
710	0.01234	0.01347	T
711	0.00686	0.00751	G
712	0.04857	0.04931	C
713	0.0082	0.00851	G
714	0.46606	0.46798	T
715	0.00758	0.00783	G
716	0.0651	0.06698	A
717	0.0823	0.08296	C
718	0.06914	0.06944	A
719	0.00774	0.00797	T
720	0.45299	0.45336	T
721	0.06054	0.06099	A
722	0.08026	0.08207	A
723	0.00643	0.00649	G
724	0.0064	0.0065	G
725	0.04903	0.06449	A
726	0.0084	0.00944	G
727	0.0331	0.03321	A
728	0.03234	0.03483	A
729	0.0067	0.00723	G
730	0.04043	0.04248	C
731	0.00462	0.00496	T
732	0.0081	0.00966	G
733	0.00675	0.00708	T
734	0.00698	0.00704	G
735	0.04944	0.05234	C
736	0.0064	0.00643	T
737	0.08066	0.08251	A
738	0.09073	0.09159	C
739	0.01092	0.01159	G
740	0.00773	0.00972	T
741	0.03479	0.03646	C
742	0.00922	0.00977	G
743	0.02802	0.02802	C
744	0.03592	0.03592	C
745	0.0523	0.05238	C
746	0.00628	0.00711	T
747	0.00475	0.0048	G
748	0.00487	0.00494	G
749	0.03841	0.04505	A
750	0.04318	0.04383	C
751	0.00462	0.00462	T
752	0.00431	0.00434	T
753	0.046	0.04869	C
754	0.00954	0.0105	G
755	0.07206	0.07414	A
756	0.00979	0.01117	G
757	0.08272	0.08777	C
758	0.05203	0.05227	A
759	0.51381	0.51564	A
760	0.00624	0.00719	G
761	0.07073	0.07993	A
762	0.01012	0.01075	G
763	0.09134	0.09693	A
764	0.00674	0.00771	T
765	0.00676	0.00683	G
766	0.00526	0.00528	G
767	0.01454	0.01458	C
768	0.01831	0.01867	C
769	0.04992	0.06136	A
770	0.08017	0.0816	C
771	0.40369	0.40693	G
772	0.00814	0.01144	G
773	0.021	0.02192	C
774	0.4036	0.42293	T
775	0.01224	0.01521	G
776	0.02578	0.03057	C
777	0.42107	0.42108	T
778	0.0064	0.00642	T
779	0.08956	0.09006	C
780	0.04653	0.04686	C
781	0.45163	0.45854	A
782	0.4379	0.44037	G
783	0.00862	0.00884	C
784	0.00116	0.00124	T
785	0.01269	0.01269	C
786	0.45348	0.45393	C
787	0.00245	0.00371	T
788	0.01307	0.01307	C
789	0.46777	0.46777	C
790	0.0916	0.09194	C
791	0.00903	0.01104	T
792	0.01014	0.01021	G
793	0.0075	0.00764	G
794	0.04263	0.05454	A
795	0.00746	0.00786	G
796	0.04015	0.04028	A
797	0.03282	0.03508	A
798	0.00567	0.00618	G
799	0.02741	0.02915	A
800	0.0071	0.00738	G
801	0.11561	0.11946	C
802	0.00585	0.00617	T
803	0.08133	0.08238	A
804	0.13419	0.13608	C
805	0.00628	0.00697	G
806	0.04699	0.04887	A
807	0.00826	0.00859	G
808	0.07086	0.07468	C
809	0.00616	0.00634	T
810	0.005	0.00565	G
811	0.01827	0.0183	C
812	0.02682	0.02714	C
813	0.4934	0.49974	T
814	0.00894	0.01047	G
815	0.05996	0.06253	A
816	0.55662	0.55792	C
817	0.00603	0.00612	G
818	0.0059	0.0059	G
819	0.01727	0.01727	C
820	0.02637	0.02685	C
821	0.03836	0.05945	A
822	0.0065	0.00653	G
823	0.00698	0.00698	G
824	0.00434	0.00585	T
825	0.05389	0.05449	C
826	0.06884	0.07187	A
827	0.0074	0.01021	T
828	0.05921	0.0613	C
829	0.07858	0.07946	A
830	0.07555	0.07575	C
831	0.04001	0.04103	C
832	0.0684	0.07624	A
833	0.00846	0.00863	T
834	0.0132	0.01323	T
835	0.00658	0.00672	G
836	0.00627	0.00629	G
837	0.0368	0.03825	C
838	0.06584	0.06679	A
839	0.06582	0.06611	A
840	0.00967	0.01113	T
841	0.00731	0.00984	G
842	0.05779	0.06128	A
843	0.007	0.00728	G
844	0.04807	0.04914	C
845	0.00719	0.00719	G
846	0.00777	0.0078	G
847	0.00584	0.00584	T
848	0.0042	0.00422	T
849	0.038	0.03806	C
850	0.04034	0.04064	C
851	0.00561	0.00743	G
852	0.55522	0.55777	C
853	0.00817	0.00931	T
854	0.00634	0.00719	G
855	0.55542	0.55566	C
856	0.02674	0.02678	C
857	0.03242	0.03263	C
858	0.54839	0.55676	T
859	0.00386	0.00532	G
860	0.07111	0.07562	A
861	0.00576	0.00576	G
862	0.0048	0.00492	G
863	0.02315	0.02405	C
864	0.57444	0.57516	A
865	0.06632	0.06698	C
866	0.00535	0.00546	T
867	0.58514	0.59007	C
868	0.00602	0.00606	T
869	0.00569	0.00574	T
870	0.06199	0.06201	C
871	0.0417	0.04223	C
872	0.03359	0.05415	A
873	0.00743	0.00748	G
874	0.05432	0.05441	C
875	0.03273	0.03309	C
876	0.00686	0.00725	T
877	0.0066	0.0066	T
878	0.06654	0.06654	C
879	0.06571	0.06732	C
880	0.00689	0.00741	T
881	0.00722	0.00722	T
882	0.08042	0.08066	C
883	0.06025	0.06172	C
884	0.00955	0.0106	T
885	0.00408	0.00439	G
886	0.00441	0.0045	G
887	0.00562	0.00562	G
888	0.54307	0.54579	C
889	0.04275	0.04343	A
890	0.00636	0.00654	T
891	0.00475	0.00475	G
892	0.00389	0.00432	G
893	0.04499	0.0517	A
894	0.47539	0.48732	G
895	0.00577	0.0059	T
896	0.03771	0.03773	C
897	0.51306	0.51326	C
898	0.00318	0.00325	T
899	0.00383	0.00491	G
900	0.50452	0.5053	T
901	0.00583	0.00583	G
902	0.00437	0.00448	G
903	0.23805	0.24237	C
904	0.18881	0.19025	A
905	0.00413	0.00425	T
906	0.01024	0.01029	C
907	0.01121	0.01134	C
908	0.00878	0.0114	A
909	0.01639	0.01719	C
910	0.00655	0.00818	G
911	0.06253	0.06283	A
912	0.47411	0.47536	A
913	0.06861	0.0691	A
914	0.05605	0.05795	C
915	0.46048	0.49669	T
916	0.02143	0.02291	A
917	0.03701	0.03725	C
918	0.01073	0.011	C
919	0.00153	0.00163	T
920	0.00361	0.00511	T
921	0.01236	0.01303	C
922	0.08536	0.08962	A
923	0.06956	0.07009	A
924	0.10801	0.12409	C
925	0.01044	0.01093	T
926	0.08462	0.08474	C
927	0.0236	0.02481	C
928	0.03309	0.04356	A
929	0.00751	0.01077	T
930	0.0502	0.05061	C
931	0.09305	0.09906	A
932	0.00693	0.00721	T
933	0.00538	0.00588	G
934	0.01208	0.0121	A
935	0.01491	0.01522	A
936	0.00531	0.00571	G
937	0.01251	0.01403	T
938	0.00882	0.00913	G
939	0.00225	0.00352	T
940	0.0074	0.00758	G
941	0.11168	0.11594	A
942	0.02098	0.02128	C
943	0.00914	0.0092	G
944	0.0019	0.00206	T
945	0.00554	0.00554	G
946	0.00256	0.00256	G
947	0.02167	0.02681	A
948	0.0833	0.08517	C
949	0.10236	0.10309	A
950	0.00805	0.00906	T
951	0.01142	0.01163	C
952	0.01575	0.01587	C
953	0.00587	0.00754	G
954	0.01524	0.01653	C
955	0.02787	0.02896	A
956	0.04255	0.04282	A
957	0.0602	0.06042	A
958	0.00668	0.00717	G
959	0.03998	0.04024	A
960	0.06984	0.07014	C
961	0.04825	0.04859	C
962	0.00681	0.00767	T
963	0.00887	0.01078	G
964	0.00644	0.00894	T
965	0.06191	0.06788	A
966	0.0694	0.07043	C
967	0.01027	0.01053	G
968	0.03077	0.031	C
969	0.02362	0.02374	C
970	0.04424	0.04556	A
971	0.05817	0.05827	A
972	0.07989	0.08397	C
973	0.05597	0.05898	A
974	0.07695	0.08036	C
975	0.65571	0.65914	A
976	0.00885	0.00927	G
977	0.00588	0.00626	T
978	0.0075	0.00763	G
979	0.0427	0.04351	C
980	0.0026	0.00275	T
981	0.00798	0.00847	G
982	0.00487	0.00588	T
983	0.06258	0.06285	C
984	0.631	0.63377	T
985	0.00694	0.00824	G
986	0.00722	0.00729	G
987	0.01167	0.01298	C
988	0.00853	0.00853	G
989	0.00628	0.00673	G
990	0.08154	0.08671	C
991	0.08201	0.08366	A
992	0.07228	0.07228	C
993	0.03742	0.03879	C
994	0.05561	0.06938	A
995	0.06102	0.06102	C
996	0.03887	0.03988	C
997	0.05265	0.06935	A
998	0.00429	0.00454	T
999	0.00672	0.00792	G
1000	0.00711	0.00883	T
1001	0.05464	0.0562	A
1002	0.44251	0.44304	C
1003	0.03387	0.03409	C
1004	0.02328	0.02353	C
1005	0.61224	0.61712	T
1006	0.00415	0.00438	G
1007	0.0055	0.00554	G
1008	0.04511	0.04601	C
1009	0.1116	0.11495	A
1010	0.00755	0.00771	T
1011	0.01205	0.01208	T
1012	0.00691	0.00748	G
1013	0.01462	0.01466	C
1014	0.01236	0.01241	C
1015	0.00657	0.00953	G
1016	0.09751	0.09829	A
1017	0.04288	0.04317	C
1018	0.06431	0.06536	A
1019	0.00447	0.0046	G
1020	0.01243	0.01251	G
1021	0.03	0.04715	A
1022	0.00517	0.00529	T
1023	0.00468	0.00548	G
1024	0.03397	0.03454	C
1025	0.03921	0.03984	A
1026	0.0079	0.00879	G
1027	0.08535	0.08544	A
1028	0.07285	0.07689	A
1029	0.00638	0.00662	G
1030	0.00506	0.00526	G
1031	0.0612	0.07987	A
1032	0.00868	0.0089	G
1033	0.06606	0.07223	A
1034	0.00795	0.01023	T
1035	0.07904	0.08003	C
1036	0.09076	0.09379	A
1037	0.04656	0.04834	C
1038	0.5996	0.60423	T
1039	0.0061	0.00688	G
1040	0.01999	0.02003	C
1041	0.01625	0.01628	C
1042	0.02565	0.02571	C
1043	0.00845	0.01026	T
1044	0.01335	0.01372	G
1045	0.00696	0.00725	G
1046	0.0443	0.0463	C
1047	0.61731	0.62063	A
1048	0.08978	0.08989	C
1049	0.07556	0.0756	C
1050	0.02951	0.02998	C
1051	0.02962	0.04378	A
1052	0.00713	0.00855	G
1053	0.03813	0.04032	C
1054	0.03636	0.03727	A
1055	0.04657	0.04758	C
1056	0.6085	0.60862	A
1057	0.07618	0.07733	A
1058	0.00909	0.00999	T
1059	0.00881	0.0098	G
1060	0.06883	0.06906	A
1061	0.06728	0.06775	A
1062	0.00841	0.0099	G
1063	0.05519	0.05658	A
1064	0.00821	0.00974	T
1065	0.07898	0.07974	C
1066	0.07828	0.07886	A
1067	0.07467	0.07671	A
1068	0.00874	0.01077	G
1069	0.06322	0.06477	A
1070	0.00686	0.00802	T
1071	0.04784	0.04847	C
1072	0.05872	0.06219	A
1073	0.00801	0.00831	T
1074	0.33609	0.33881	T
1075	0.0127	0.018	G
1076	0.03627	0.03797	C
1077	0.37377	0.37844	T
1078	0.03017	0.03041	C
1079	0.04935	0.05066	C
1080	0.34919	0.38522	T
1081	0.0525	0.05253	C
1082	0.03382	0.03574	C
1083	0.39377	0.39729	T
1084	0.00515	0.00807	G
1085	0.05664	0.05969	A
1086	0.00577	0.00618	G
1087	0.04505	0.04557	C
1088	0.00829	0.00906	G
1089	0.04644	0.04896	C
1090	0.03846	0.03903	A
1091	0.06598	0.06653	A
1092	0.01806	0.02025	G
1093	0.00817	0.00912	T
1094	0.0887	0.09123	A
1095	0.0634	0.06502	C
1096	0.00526	0.00588	T
1097	0.05021	0.05021	C
1098	0.50702	0.50723	C
1099	0.00599	0.0079	G
1100	0.00632	0.00768	T
1101	0.02151	0.02209	G
1102	0.00539	0.00545	T
1103	0.0061	0.0061	G
1104	0.00439	0.00455	G
1105	0.03739	0.04988	A
1106	0.0062	0.00695	T
1107	0.07912	0.07944	C
1108	0.00956	0.00969	G
1109	0.00819	0.00827	G
1110	0.479	0.48074	C
1111	0.00776	0.00779	G
1112	0.00566	0.00576	G
1113	0.0405	0.04545	C
1114	0.00371	0.00378	T
1115	0.0603	0.0603	C
1116	0.04324	0.04412	C
1117	0.05977	0.07989	A
1118	0.00452	0.005	T
1119	0.04681	0.04687	C
1120	0.03604	0.03687	C
1121	0.00705	0.0079	T
1122	0.00743	0.00816	G
1123	0.00606	0.00636	G
1124	0.04372	0.04387	C
1125	0.02161	0.02204	C
1126	0.00426	0.00729	T
1127	0.06688	0.06767	C
1128	0.44504	0.44787	G
1129	0.05839	0.05921	C
1130	0.0041	0.00444	T
1131	0.00739	0.00824	G
1132	0.00379	0.00416	T
1133	0.01404	0.01405	C
1134	0.01039	0.01054	C
1135	0.01095	0.01515	A
1136	0.02771	0.02771	C
1137	0.0896	0.08976	C
1138	0.0053	0.0058	T
1139	0.00483	0.00483	T
1140	0.07635	0.07636	C
1141	0.06394	0.06443	C
1142	0.04668	0.07263	A
1143	0.01328	0.01624	G
1144	0.07639	0.07744	C
1145	0.06869	0.07351	A
1146	0.00845	0.00869	G
1147	0.06848	0.07219	A
1148	0.00877	0.00907	T
1149	0.00833	0.00844	G
1150	0.0049	0.00533	T
1151	0.00465	0.00471	G
1152	0.00378	0.00378	G
1153	0.02745	0.03919	A
1154	0.01046	0.01233	T
1155	0.42657	0.43612	C
1156	0.0468	0.04761	A
1157	0.01353	0.01444	G
1158	0.04433	0.05281	C
1159	0.05262	0.05317	A
1160	0.07278	0.07565	A
1161	0.01805	0.02376	G
1162	0.05974	0.06174	C
1163	0.04251	0.04579	A
1164	0.00481	0.00481	G
1165	0.00499	0.00516	G
1166	0.04182	0.05571	A
1167	0.01678	0.01694	G
1168	0.00944	0.01076	T
1169	0.07416	0.07553	A
1170	0.3836	0.38391	T
1171	0.00761	0.00803	G
1172	0.08457	0.08619	A
1173	0.11322	0.11442	C
1174	0.00637	0.00664	G
1175	0.04933	0.0533	A
1176	0.01174	0.01206	G
1177	0.01196	0.01446	T
1178	0.037	0.03736	C
1179	0.32043	0.32153	C
1180	0.0091	0.00987	G
1181	0.00984	0.01036	G
1182	0.03937	0.03994	C
1183	0.03405	0.03407	C
1184	0.06985	0.06997	C
1185	0.06228	0.0628	C
1186	0.00468	0.00608	T
1187	0.05153	0.05153	C
1188	0.02457	0.02492	C
1189	0.03201	0.03923	A
1190	0.00572	0.00673	T
1191	0.06559	0.06606	C
1192	0.01025	0.01164	G
1193	0.00661	0.00713	T
1194	0.03023	0.03025	C
1195	0.0298	0.03024	C
1196	0.03206	0.04099	A
1197	0.05564	0.05565	C
1198	0.06492	0.06615	C
1199	0.00499	0.00751	G
1200	0.07428	0.07957	C
1201	0.03279	0.03372	A
1202	0.06033	0.06162	A
1203	0.06027	0.06088	A
1204	0.01008	0.01103	T
1205	0.00493	0.00532	G
1206	0.054	0.05592	C
1207	0.00557	0.00557	T
1208	0.00674	0.00691	T
1209	0.05221	0.05877	C
1210	0.00653	0.00704	T
1211	0.04966	0.05698	A
1212	0.15771	0.15773	G
1213	0.15352	0.15413	G
1214	0.01817	0.01857	C
1215	0.00663	0.00663	G
1216	0.0037	0.00419	G
1217	0.01783	0.02197	A
1218	0.05957	0.06081	C
1219	0.00788	0.0079	T
1220	0.05432	0.05717	A
1221	0.00956	0.00981	T
1222	0.00566	0.00642	G
1223	0.04907	0.04945	A
1224	0.06229	0.06445	C
1225	0.00596	0.00605	T
1226	0.00434	0.00434	T
1227	0.04192	0.05523	A
1228	0.0101	0.01043	G
1229	0.00634	0.00652	T
1230	0.00871	0.00873	T
1231	0.004	0.00477	G
1232	0.0453	0.04591	C
1233	0.00799	0.00862	G
1234	0.00579	0.00592	T
1235	0.00773	0.00792	T
1236	0.04721	0.05601	A
1237	0.06206	0.06901	C
1238	0.03112	0.0332	A
1239	0.08285	0.08305	C
1240	0.04501	0.04546	C
1241	0.05591	0.0568	C
1242	0.00271	0.00277	T
1243	0.00596	0.00616	T
1244	0.00781	0.00789	T
1245	0.0713	0.0791	C
1246	0.00845	0.00858	T
1247	0.01211	0.01226	T
1248	0.00617	0.00787	G
1249	0.04716	0.04818	A
1250	0.07883	0.08582	C
1251	0.04707	0.04797	A
1252	0.02691	0.02772	A
1253	0.03514	0.03547	A
1254	0.04598	0.04613	A
1255	0.0761	0.08169	C
1256	0.03977	0.04221	C
1257	0.00705	0.00808	T
1258	0.05927	0.06014	A
1259	0.04845	0.04912	A
1260	0.06721	0.0689	C
1261	0.00507	0.00551	T
1262	0.00916	0.00934	T
1263	0.00525	0.00707	G
1264	0.04704	0.04841	C
1265	0.00907	0.01139	G
1266	0.04681	0.04796	C
1267	0.05853	0.06152	A
1268	0.01033	0.0115	G
1269	0.04743	0.04753	A
1270	0.02541	0.02567	A
1271	0.0549	0.05502	A
1272	0.05791	0.05803	A
1273	0.07602	0.08964	C
1274	0.05144	0.05145	A
1275	0.05707	0.05914	A
1276	0.00766	0.00953	G
1277	0.07367	0.07509	A
1278	0.01119	0.01197	T
1279	0.00926	0.00964	G
1280	0.06879	0.06967	A
1281	0.00741	0.0078	G
1282	0.06904	0.07075	A
1283	0.00741	0.00767	T
1284	0.01053	0.01076	T
1285	0.00781	0.00787	G
1286	0.00715	0.00783	G
1287	0.0648	0.06759	C
1288	0.07649	0.08267	A
1289	0.00903	0.00949	T
1290	0.0079	0.00801	G
1291	0.01515	0.01532	G
1292	0.07118	0.07503	C
1293	0.00186	0.00197	T
1294	0.00188	0.00192	T
1295	0.00219	0.00222	T
1296	0.63646	0.64128	A
1297	0.00221	0.00222	T
1298	0.00266	0.00266	T
1299	0.00272	0.00273	T
1300	0.56706	0.57715	G
1301	0.00074	0.00074	T
1302	0.00039	0.00039	T
1303	0.00082	0.00082	T
1304	0.00304	0.00304	T
1305	0.00196	0.00196	T
1306	0.00185	0.00185	T
1307	0.00207	0.00207	T
1308	0.00218	0.00219	T
1309	0.56398	0.59524	G
1310	0.00301	0.00301	T
1311	0.00159	0.00159	T
1312	0.00227	0.00227	T
1313	0.00312	0.00314	T
1314	0.56536	0.59058	G
1315	0.00259	0.00259	T
1316	0.00169	0.00169	T
1317	0.00307	0.00307	T
1318	0.00382	0.0039	T
1319	0.60928	0.61119	G
1320	0.59687	0.61074	G
1321	0.00166	0.00198	T
1322	0.00041	0.00048	T
1323	0.00051	0.00055	T
1324	0.00325	0.00326	T
1325	0.00221	0.00221	T
1326	0.00162	0.00163	T
1327	0.00171	0.00172	T
1328	0.00235	0.00236	T
1329	0.00221	0.00221	T
1330	0.00191	0.00191	T
1331	0.00148	0.00149	T
1332	0.00203	0.00205	T
1333	0.00123	0.00123	T
1334	0.00085	0.00085	T
1335	0.00109	0.00109	T
1336	0.00178	0.00178	T
1337	0.00362	0.00374	G
1338	0.00179	0.00193	G
1339	0.01358	0.01435	C
1340	0.00147	0.00153	T
1341	0.00215	0.00215	T
1342	0.00183	0.00224	G
1343	0.01387	0.01427	A
1344	0.01552	0.01613	C
1345	0.0022	0.00338	T
1346	0.01436	0.01475	C
1347	0.01222	0.01279	A
1348	0.00148	0.00154	G
1349	0.00115	0.00122	G
1350	0.01096	0.01228	A
1351	0.00131	0.00132	T
1352	0.00073	0.00074	T
1353	0.00116	0.00123	T
1354	0.00338	0.00342	A
1355	0.00694	0.00697	A
1356	0.00441	0.00445	A
1357	0.00818	0.00818	A
1358	0.01084	0.01086	A
1359	0.0133	0.01544	C
1360	0.00212	0.00222	T
1361	0.00131	0.00131	G
1362	0.00139	0.00145	G
1363	0.009	0.00908	A
1364	0.01317	0.01327	A
1365	0.01735	0.01771	C
1366	0.00175	0.00175	G
1367	0.0018	0.00185	G
1368	0.00134	0.00145	T
1369	0.00204	0.00252	G
1370	0.01161	0.01209	A
1371	0.01123	0.01126	A
1372	0.0013	0.00134	G
1373	0.00163	0.00165	G
1374	0.00232	0.00248	T
1375	0.00142	0.00153	G
1376	0.0104	0.0108	A
1377	0.01096	0.01131	C
1378	0.01773	0.01788	A
1379	0.002	0.00236	G
1380	0.01388	0.01428	C
1381	0.01461	0.01556	A
1382	0.00219	0.00225	G
1383	0.00166	0.00202	T
1384	0.01263	0.01272	C
1385	0.00206	0.00206	G
1386	0.00242	0.00251	G
1387	0.00203	0.00204	T
1388	0.00329	0.00333	T
1389	0.00316	0.00316	G
1390	0.00218	0.0022	G
1391	0.01317	0.01667	A
1392	0.00289	0.00303	G
1393	0.01691	0.01851	C
1394	0.00253	0.00292	G
1395	0.01957	0.02029	A
1396	0.00315	0.00343	G
1397	0.01289	0.01403	C
1398	0.01814	0.0192	A
1399	0.00477	0.00531	T
1400	0.00791	0.00805	C
1401	0.00829	0.00832	C
1402	0.01498	0.01501	C
1403	0.01672	0.01672	C
1404	0.01541	0.01543	C
1405	0.00944	0.01007	A
1406	0.01601	0.01602	A
1407	0.02239	0.02251	A
1408	0.00392	0.00399	G
1409	0.00242	0.00243	T
1410	0.00247	0.00266	T
1411	0.02124	0.0217	C
1412	0.01893	0.01953	A
1413	0.01878	0.02012	C
1414	0.01427	0.01427	A
1415	0.01709	0.01759	A
1416	0.00293	0.00296	T
1417	0.00434	0.00485	G
1418	0.00506	0.00565	T
1419	0.00468	0.00472	G
1420	0.00364	0.00377	G
1421	0.02223	0.02259	C
1422	0.0395	0.03966	C
1423	0.00651	0.00894	G
1424	0.04346	0.04749	A
1425	0.00513	0.00513	G
1426	0.00379	0.00413	G
1427	0.01221	0.01438	A
1428	0.0459	0.04639	C
1429	0.0029	0.0029	T
1430	0.00581	0.00585	T
1431	0.00581	0.00598	T
1432	0.00427	0.00745	G
1433	0.06821	0.0708	A
1434	0.0069	0.00706	T
1435	0.00832	0.00876	T
1436	0.00632	0.00719	G
1437	0.01993	0.02094	C
1438	0.02314	0.02365	A
1439	0.03318	0.03444	C
1440	0.03182	0.03306	A
1441	0.00397	0.00419	T
1442	0.00424	0.00435	T
1443	0.00542	0.00719	G
1444	0.00489	0.00489	T
1445	0.00735	0.00746	T
1446	0.01092	0.01421	G
1447	0.00107	0.00115	T
1448	0.00061	0.00061	T
1449	0.00197	0.00197	T
1450	0.00374	0.00374	T
1451	0.00587	0.00587	T
1452	0.00502	0.00502	T
1453	0.00575	0.00575	T
1454	0.06458	0.06935	A
1455	0.07793	0.07998	A
1456	0.00913	0.00936	T
1457	0.05764	0.06071	A
1458	0.00653	0.00769	G
1459	0.00606	0.00615	T
1460	0.04481	0.04587	C
1461	0.04675	0.04933	A
1462	0.00723	0.00723	T
1463	0.00845	0.0089	T
1464	0.04724	0.04774	C
1465	0.04525	0.04614	C
1466	0.0237	0.02382	A
1467	0.04597	0.04719	A
1468	0.05432	0.05498	A
1469	0.00709	0.00907	T
1470	0.07406	0.07649	A
1471	0.01031	0.01095	T
1472	0.00895	0.00968	G
1473	0.0758	0.08045	A
1474	0.00787	0.00934	G
1475	0.05173	0.05709	A
1476	0.00524	0.00562	T
1477	0.00495	0.00603	G
1478	0.03968	0.04039	C
1479	0.79827	0.7993	G
1480	0.00661	0.0067	T
1481	0.00561	0.00579	T
1482	0.00612	0.00831	G
1483	0.00917	0.00917	T
1484	0.00629	0.00649	T
1485	0.02983	0.03874	A
1486	0.04427	0.04477	C
1487	0.0347	0.03605	A
1488	0.004	0.00417	G
1489	0.00509	0.00509	G
1490	0.03509	0.03517	A
1491	0.03858	0.03914	A
1492	0.00575	0.00635	G
1493	0.01234	0.01328	T
1494	0.0158	0.01586	C
1495	0.01148	0.01148	C
1496	0.02232	0.02232	C
1497	0.00457	0.00463	T
1498	0.00818	0.00824	T
1499	0.00548	0.00571	G
1500	0.0172	0.01736	C
1501	0.02225	0.02254	C
1502	0.05329	0.06762	A
1503	0.00484	0.00513	T
1504	0.04399	0.04429	C
1505	0.03982	0.04054	C
1506	0.00557	0.00694	T
1507	0.04918	0.05035	A
1508	0.04037	0.041	A
1509	0.04665	0.04696	A
1510	0.06433	0.06479	A
1511	0.01351	0.01421	G
1512	0.01116	0.01123	C
1513	0.00778	0.00822	C
1514	0.02714	0.03903	A
1515	0.05673	0.05697	C
1516	0.04321	0.04345	C
1517	0.01334	0.01334	C
1518	0.02471	0.02486	C
1519	0.02996	0.04084	A
1520	0.06769	0.0692	C
1521	0.00271	0.00274	T
1522	0.00276	0.00284	T
1523	0.01238	0.01458	C
1524	0.00302	0.00314	T
1525	0.02551	0.02686	C
1526	0.00363	0.00391	T
1527	0.0837	0.08684	C
1528	0.00837	0.00852	T
1529	0.07703	0.07833	A
1530	0.07664	0.07796	A
1531	0.00499	0.00527	G
1532	0.00427	0.00432	G
1533	0.01407	0.01791	A
1534	0.00734	0.00756	G
1535	0.04067	0.04067	A
1536	0.06256	0.06474	A
1537	0.01591	0.01678	T
1538	0.00921	0.0094	G
1539	0.00588	0.00598	G
1540	0.05406	0.05409	C
1541	0.06928	0.06932	C
1542	0.05171	0.05178	C
1543	0.05628	0.09184	A
1544	0.00834	0.00843	G
1545	0.00876	0.00895	T
1546	0.01229	0.01229	C
1547	0.00748	0.00748	C
1548	0.00393	0.00473	T
1549	0.00475	0.00504	C
1550	0.00625	0.00882	T
1551	0.00824	0.00824	C
1552	0.00999	0.01004	C
1553	0.07438	0.0745	C
1554	0.07112	0.07214	A
1555	0.0811	0.08289	A
1556	0.00589	0.00796	G
1557	0.01268	0.01415	T
1558	0.07471	0.07565	C
1559	0.0484	0.0489	C
1560	0.01816	0.04319	A
1561	0.11495	0.12722	C
1562	0.05795	0.07043	A
1563	0.08337	0.09433	C
1564	0.10142	0.11451	A
1565	0.00495	0.00514	G
1566	0.00365	0.00371	G
1567	0.00453	0.00466	G
1568	0.00536	0.00542	G
1569	0.01763	0.02145	A
1570	0.00706	0.00706	G
1571	0.00775	0.00785	G
1572	0.01126	0.01222	T
1573	0.00826	0.00989	G
1574	0.08297	0.09113	A
1575	0.00964	0.00985	T
1576	0.09971	0.10171	A
1577	0.00821	0.00839	G
1578	0.03909	0.04172	C
1579	0.04683	0.04927	A
1580	0.00515	0.00533	T
1581	0.00511	0.00519	T
1582	0.00578	0.00683	G
1583	0.05053	0.0523	C
1584	0.00224	0.00258	T
1585	0.0065	0.00668	T
1586	0.0105	0.0105	T
1587	0.12722	0.13588	C
1588	0.01232	0.01325	G
1589	0.01098	0.01195	T
1590	0.00948	0.01057	G
1591	0.00889	0.01081	T
1592	0.02806	0.02864	A
1593	0.05259	0.05286	A
1594	0.07521	0.07657	A
1595	0.00773	0.00797	T
1596	0.00879	0.00928	T
1597	0.0331	0.06963	A
1598	0.01196	0.01239	T
1599	0.00991	0.01158	G
1600	0.00587	0.00713	T
1601	0.0303	0.0311	A
1602	0.03109	0.03369	A
1603	0.00626	0.00676	T
1604	0.0074	0.00855	G
1605	0.03374	0.03901	C
1606	0.0155	0.01652	A
1607	0.01244	0.01328	A
1608	0.02181	0.02449	A
1609	0.02909	0.03203	A
1610	0.00671	0.00772	T
1611	0.00096	0.00104	T
1612	0.00171	0.00183	T
1613	0.00315	0.00318	T
1614	0.00835	0.00841	T
1615	0.00609	0.00612	T
1616	0.00661	0.00674	T
1617	0.05175	0.05533	A
1618	0.06636	0.07032	A
1619	0.00827	0.00936	T
1620	0.09076	0.0967	C
1621	0.0096	0.00972	T
1622	0.02105	0.02174	T
1623	0.08557	0.10073	C
1624	0.0099	0.01088	G
1625	0.05875	0.05961	C
1626	0.04854	0.05304	C
1627	0.00625	0.00663	T
1628	0.00785	0.00871	T
1629	0.05306	0.05516	A
1630	0.05029	0.05481	A
1631	0.00785	0.00904	T
1632	0.0546	0.06098	A
1633	0.06564	0.07418	C
1634	0.00187	0.00194	T
1635	0.00176	0.00185	T
1636	0.00343	0.00366	T
1637	0.00643	0.00647	T
1638	0.00714	0.00714	T
1639	0.00588	0.00607	T
1640	0.08785	0.11486	A
1641	0.00371	0.00371	T
1642	0.00486	0.00486	T
1643	0.00786	0.00786	T
1644	0.00787	0.00804	T
1645	0.03429	0.0435	G
1646	0.00438	0.00438	T
1647	0.00523	0.00523	T
1648	0.00674	0.00674	T
1649	0.00708	0.00713	T
1650	0.07288	0.10942	A
1651	0.00411	0.00411	T
1652	0.00565	0.00565	T
1653	0.00942	0.00942	T
1654	0.00925	0.0094	T
1655	0.0172	0.02093	G
1656	0.06885	0.07026	A
1657	0.07221	0.07371	A
1658	0.01167	0.01303	T
1659	0.0085	0.01273	G
1660	0.07949	0.08512	A
1661	0.01604	0.01749	T
1662	0.00763	0.01292	G
1663	0.04125	0.04364	A
1664	0.00659	0.00678	G
1665	0.01125	0.01134	C
1666	0.00889	0.00891	C
1667	0.00367	0.00393	T
1668	0.00353	0.00398	T
1669	0.03002	0.03094	C
1670	0.01481	0.02077	G
1671	0.02332	0.02768	T
1672	0.01031	0.01285	G
1673	0.02904	0.0298	C
1674	0.03978	0.03995	C
1675	0.03137	0.03142	C
1676	0.0349	0.03505	C
1677	0.03822	0.03824	C
1678	0.05896	0.05896	C
1679	0.09914	0.09922	C
1680	0.01202	0.01324	T
1681	0.01088	0.01231	T
1682	0.03936	0.03975	C
1683	0.01875	0.01892	C
1684	0.03649	0.03688	C
1685	0.02481	0.02484	C
1686	0.07803	0.0786	C
1687	0.00353	0.00422	T
1688	0.00132	0.00149	T
1689	0.00182	0.00182	T
1690	0.00397	0.00397	T
1691	0.00942	0.00942	T
1692	0.02294	0.02294	T
1693	0.01409	0.01682	G
1694	0.03122	0.03182	T
1695	0.03119	0.03176	C
1696	0.02253	0.02256	C
1697	0.0236	0.0236	C
1698	0.03923	0.03923	C
1699	0.05666	0.05666	C
1700	0.02703	0.02776	A
1701	0.04192	0.04192	A
1702	0.08063	0.08264	C
1703	0.00709	0.00778	T
1704	0.00751	0.00755	T
1705	0.00663	0.00809	G
1706	0.06459	0.06671	A
1707	0.0085	0.00885	G
1708	0.04819	0.04923	A
1709	0.00875	0.00895	T
1710	0.00947	0.00975	G
1711	0.00475	0.00499	T
1712	0.03396	0.03417	A
1713	0.00561	0.00573	T
1714	0.00433	0.00532	G
1715	0.0171	0.0171	A
1716	0.01617	0.01625	A
1717	0.00281	0.00281	G
1718	0.00426	0.00426	G
1719	0.01229	0.01251	C
1720	0.00146	0.00154	T
1721	0.0055	0.0055	T
1722	0.00792	0.00792	T
1723	0.00809	0.00809	T
1724	0.01103	0.01129	G
1725	0.00651	0.00664	G
1726	0.00379	0.00437	T
1727	0.01894	0.01899	C
1728	0.00403	0.00486	T
1729	0.01631	0.01669	C
1730	0.05339	0.05339	C
1731	0.04614	0.04624	C
1732	0.0072	0.00807	T
1733	0.00558	0.00587	G
1734	0.00575	0.00575	G
1735	0.00454	0.00454	G
1736	0.04136	0.04765	A
1737	0.00852	0.00862	G
1738	0.00662	0.00722	T
1739	0.00554	0.00554	G
1740	0.00416	0.00416	G
1741	0.01003	0.01003	G
1742	0.00606	0.00805	T
1743	0.00633	0.00633	G
1744	0.00453	0.00453	G
1745	0.04889	0.067	A
1746	0.00737	0.00737	G
1747	0.00445	0.00456	G
1748	0.08566	0.08922	C
1749	0.07341	0.07457	A
1750	0.00637	0.00653	G
1751	0.052	0.052	C
1752	0.05547	0.0558	C
1753	0.02642	0.03907	A
1754	0.00357	0.00357	G
1755	0.00415	0.00421	G
1756	0.00813	0.00813	G
1757	0.04562	0.05706	C
1758	0.00429	0.0047	T
1759	0.00374	0.00374	T
1760	0.04768	0.07002	A
1761	0.05279	0.05279	C
1762	0.03286	0.03286	C
1763	0.00342	0.00372	T
1764	0.00705	0.00735	G
1765	0.00532	0.00556	T
1766	0.04143	0.04272	A
1767	0.0603	0.06142	C
1768	0.05196	0.0529	A
1769	0.0763	0.0775	C
1770	0.00763	0.00834	T
1771	0.00691	0.0093	G
1772	0.04926	0.04958	A
1773	0.06526	0.06624	C
1774	0.00831	0.00831	T
1775	0.01733	0.01733	T
1776	0.01074	0.01164	G
1777	0.04949	0.05553	A
1778	0.01045	0.01142	G
1779	0.04243	0.04292	A
1780	0.03685	0.03749	C
1781	0.0167	0.0167	C
1782	0.03565	0.05355	A
1783	0.01435	0.01458	G
1784	0.00489	0.00489	T
1785	0.00613	0.00613	T
1786	0.00798	0.00987	G
1787	0.04783	0.04791	A
1788	0.04369	0.04369	A
1789	0.01017	0.01066	T
1790	0.0346	0.0346	A
1791	0.02513	0.02513	A
1792	0.03014	0.03014	A
1793	0.04402	0.04462	A
1794	0.01362	0.01492	G
1795	0.02368	0.0252	T
1796	0.01018	0.01018	G
1797	0.02895	0.03025	C
1798	0.03039	0.03594	A
1799	0.01996	0.02036	C
1800	0.01747	0.01769	A
1801	0.01933	0.01933	C
1802	0.00858	0.00927	C
1803	0.00605	0.00605	T
1804	0.00101	0.00101	T
1805	0.00312	0.00312	A
1806	0.00247	0.00247	A
1807	0.00056	0.00056	A
1808	0.00218	0.00218	A
1809	0.00045	0.00045	A
1810	0.0	0.0	T
1811	0.0	0.0	G
1812	0.0	0.0	A
