Position	Mismatches	Mismatches + Deletions	Base
1	0.0	0.0	A
2	0.0	0.0	A
3	0.0	0.0	T
4	0.00539	0.00539	G
5	0.01951	0.02328	C
6	0.01575	0.01575	C
7	0.02053	0.02053	C
8	0.02397	0.02397	C
9	0.02844	0.03825	A
10	0.04424	0.04477	A
11	0.04802	0.04935	C
12	0.00846	0.00979	T
13	0.02634	0.0265	A
14	0.04058	0.04072	A
15	0.03632	0.03639	A
16	0.00752	0.00823	T
17	0.05756	0.05813	A
18	0.06076	0.06426	C
19	0.00813	0.00933	T
20	0.05015	0.05174	A
21	0.06477	0.06534	C
22	0.04867	0.04937	C
23	0.01022	0.0144	G
24	0.00676	0.00771	T
25	0.04534	0.04709	A
26	0.00809	0.0092	T
27	0.00774	0.00823	G
28	0.00601	0.0062	G
29	0.04461	0.04468	C
30	0.02812	0.02824	C
31	0.03034	0.03081	C
32	0.03074	0.03917	A
33	0.04137	0.04139	C
34	0.03362	0.03408	C
35	0.02728	0.04084	A
36	0.00764	0.00933	T
37	0.04216	0.04218	A
38	0.05324	0.0571	A
39	0.00959	0.00999	T
40	0.01116	0.01135	T
41	0.04734	0.05687	A
42	0.046	0.04659	C
43	0.02585	0.02607	C
44	0.03618	0.03622	C
45	0.01977	0.01983	C
46	0.0273	0.02735	C
47	0.02202	0.04463	A
48	0.00732	0.00802	T
49	0.04308	0.04454	A
50	0.03715	0.03919	C
51	0.00569	0.00683	T
52	0.04115	0.04118	C
53	0.0326	0.03369	C
54	0.00822	0.00829	T
55	0.00897	0.00921	T
56	0.02634	0.04983	A
57	0.05778	0.05928	C
58	0.03939	0.04063	A
59	0.05646	0.05864	C
60	0.00817	0.00892	T
61	0.04409	0.06139	A
62	0.00923	0.00938	T
63	0.00726	0.00729	T
64	0.04543	0.04594	C
65	0.0342	0.03503	C
66	0.00786	0.00916	T
67	0.04252	0.04568	C
68	0.03442	0.04005	A
69	0.01588	0.02147	T
70	0.04315	0.04889	C
71	0.0292	0.03104	A
72	0.047	0.04746	C
73	0.0321	0.03225	C
74	0.03173	0.03357	C
75	0.01874	0.0195	A
76	0.02961	0.02976	A
77	0.0513	0.05453	C
78	0.01131	0.01518	T
79	0.00328	0.00362	A
80	0.02034	0.02077	A
81	0.02236	0.02247	A
82	0.03249	0.03281	A
83	0.02427	0.02452	A
84	0.0073	0.00864	T
85	0.0346	0.03529	A
86	0.00909	0.00925	T
87	0.00887	0.00967	T
88	0.03594	0.0362	A
89	0.04011	0.04068	A
90	0.0276	0.02792	A
91	0.05157	0.05746	C
92	0.02524	0.0272	A
93	0.04938	0.05718	C
94	0.04709	0.0471	A
95	0.04463	0.04463	A
96	0.03242	0.03286	A
97	0.04176	0.0467	C
98	0.00807	0.00884	T
99	0.05032	0.05182	A
100	0.03688	0.03721	C
101	0.02507	0.02581	C
102	0.01919	0.02535	A
103	0.04179	0.04196	C
104	0.023	0.02398	C
105	0.00766	0.00923	T
106	0.04618	0.0487	A
107	0.05822	0.05941	C
108	0.03491	0.03945	C
109	0.0083	0.01061	T
110	0.04394	0.044	C
111	0.03386	0.0339	C
112	0.02758	0.02926	C
113	0.01006	0.01214	T
114	0.03551	0.03728	C
115	0.02524	0.02761	A
116	0.0375	0.0375	C
117	0.02742	0.02837	C
118	0.01879	0.01967	A
119	0.03344	0.03397	A
120	0.04404	0.04521	A
121	0.01652	0.01826	G
122	0.03128	0.03178	C
123	0.04528	0.04591	C
124	0.03914	0.04068	C
125	0.01725	0.02063	A
126	0.01325	0.0179	T
127	0.00294	0.00301	A
128	0.01672	0.01685	A
129	0.01661	0.01676	A
130	0.02463	0.02467	A
131	0.01665	0.01729	A
132	0.11939	0.13184	T
133	0.00521	0.00521	A
134	0.00502	0.00507	A
135	0.01835	0.01835	A
136	0.01551	0.01551	A
137	0.01954	0.01954	A
138	0.02433	0.0249	A
139	0.01763	0.01847	T
140	0.01747	0.02112	T
141	0.02985	0.05302	A
142	0.01566	0.02099	T
143	0.05554	0.05562	A
144	0.04475	0.04623	A
145	0.09585	0.10205	C
146	0.03775	0.03775	A
147	0.04003	0.04005	A
148	0.04128	0.04439	A
149	0.06642	0.06857	C
150	0.05106	0.05218	C
151	0.04236	0.04293	C
152	0.00854	0.01086	T
153	0.01163	0.01347	G
154	0.06532	0.06804	A
155	0.01597	0.02095	G
156	0.04677	0.04715	A
157	0.04834	0.04921	A
158	0.07459	0.07558	C
159	0.06346	0.06571	C
160	0.0232	0.02376	A
161	0.02597	0.0262	A
162	0.03878	0.03922	A
163	0.03588	0.03616	A
164	0.00698	0.0083	T
165	0.00666	0.00817	G
166	0.02418	0.02433	A
167	0.03041	0.03075	A
168	0.05401	0.05688	C
169	0.00881	0.01074	G
170	0.02929	0.0297	A
171	0.01861	0.01905	A
172	0.06382	0.06448	A
173	0.07284	0.07326	A
174	0.01009	0.01241	T
175	0.09607	0.09688	C
176	0.01298	0.01318	T
177	0.01196	0.01881	G
178	0.00575	0.00575	T
179	0.00655	0.00672	T
180	0.03321	0.03603	C
181	0.01108	0.01179	G
182	0.11111	0.11467	C
183	0.00552	0.00613	T
184	0.00525	0.00541	T
185	0.04694	0.04912	C
186	0.04686	0.04876	A
187	0.0056	0.00623	T
188	0.00622	0.00649	T
189	0.07615	0.08058	C
190	0.07101	0.07501	A
191	0.01134	0.01151	T
192	0.01825	0.01921	T
193	0.01798	0.02086	G
194	0.04844	0.04891	C
195	0.02406	0.0244	C
196	0.04328	0.04353	C
197	0.03479	0.03498	C
198	0.04315	0.0434	C
199	0.03349	0.04139	A
200	0.07627	0.08124	C
201	0.04661	0.04718	A
202	0.04456	0.04621	A
203	0.00746	0.00891	T
204	0.06102	0.06122	C
205	0.03199	0.03299	C
206	0.00922	0.01116	T
207	0.05875	0.0704	A
208	0.00891	0.00915	G
209	0.0064	0.00643	G
210	0.02662	0.02684	C
211	0.02974	0.03079	C
212	0.00775	0.01049	T
213	0.05593	0.06006	A
214	0.09303	0.09399	C
215	0.06003	0.06263	C
216	0.07055	0.07484	C
217	0.00825	0.01044	G
218	0.03538	0.03539	C
219	0.03174	0.03237	C
220	0.00856	0.01365	G
221	0.07004	0.07197	C
222	0.06038	0.06293	A
223	0.01162	0.0119	G
224	0.00832	0.00919	T
225	0.05911	0.06001	A
226	0.08808	0.08908	C
227	0.00994	0.01024	T
228	0.0067	0.01138	G
229	0.04558	0.04655	A
230	0.00755	0.00865	T
231	0.06176	0.06357	C
232	0.07699	0.07975	A
233	0.00768	0.00771	T
234	0.00742	0.00778	T
235	0.06694	0.08411	C
236	0.00714	0.00749	T
237	0.09746	0.1096	A
238	0.00456	0.00456	T
239	0.01093	0.01093	T
240	0.01901	0.01912	T
241	0.046	0.04682	C
242	0.0368	0.03706	C
243	0.03412	0.03429	C
244	0.03245	0.03256	C
245	0.03085	0.03091	C
246	0.00607	0.00667	T
247	0.05307	0.05464	C
248	0.00601	0.00614	T
249	0.05867	0.06289	A
250	0.0072	0.00721	T
251	0.00786	0.00799	T
252	0.01034	0.01253	G
253	0.04344	0.04499	A
254	0.01763	0.01837	T
255	0.02706	0.0278	C
256	0.02727	0.02764	C
257	0.02204	0.02209	C
258	0.0249	0.02516	C
259	0.03182	0.03807	A
260	0.0337	0.03371	C
261	0.02422	0.02493	C
262	0.00728	0.00927	T
263	0.02707	0.02707	C
264	0.02363	0.0238	C
265	0.018	0.01841	A
266	0.03615	0.03641	A
267	0.0373	0.03764	A
268	0.00946	0.0107	T
269	0.04431	0.04522	A
270	0.00999	0.01051	T
271	0.04034	0.04109	C
272	0.00835	0.00973	T
273	0.03631	0.03808	C
274	0.03187	0.03539	A
275	0.00919	0.01093	T
276	0.04114	0.04308	C
277	0.03267	0.03411	A
278	0.03244	0.03277	A
279	0.04458	0.0488	C
280	0.03261	0.03278	A
281	0.0318	0.03261	A
282	0.04313	0.04343	C
283	0.02834	0.02901	C
284	0.00737	0.0099	G
285	0.03489	0.0353	A
286	0.03174	0.03226	C
287	0.00615	0.00686	T
288	0.02778	0.02803	A
289	0.03156	0.03223	A
290	0.01075	0.01176	T
291	0.03464	0.03604	C
292	0.03682	0.03819	A
293	0.03252	0.03264	C
294	0.01934	0.02079	C
295	0.02075	0.02703	A
296	0.02691	0.027	C
297	0.02379	0.02381	C
298	0.02387	0.02467	C
299	0.02249	0.02286	A
300	0.02782	0.02798	A
301	0.04228	0.04405	C
302	0.03078	0.03101	A
303	0.03232	0.03332	A
304	0.01071	0.01134	T
305	0.00858	0.00904	G
306	0.03271	0.03319	A
307	0.04346	0.04429	C
308	0.00971	0.01092	T
309	0.02799	0.02833	A
310	0.03528	0.03584	A
311	0.0088	0.01139	T
312	0.04466	0.04699	C
313	0.03222	0.03282	A
314	0.03298	0.03456	A
315	0.03424	0.03456	A
316	0.04663	0.05818	C
317	0.01564	0.01796	T
318	0.0307	0.03105	A
319	0.03156	0.03265	A
320	0.04489	0.04545	C
321	0.02527	0.02727	C
322	0.01194	0.01367	T
323	0.03583	0.0379	C
324	0.02744	0.02901	A
325	0.02032	0.0207	A
326	0.03003	0.03069	A
327	0.02858	0.02875	A
328	0.05259	0.0625	C
329	0.02001	0.02019	A
330	0.03435	0.03441	A
331	0.03201	0.03254	A
332	0.01242	0.01371	T
333	0.01339	0.01441	G
334	0.0438	0.04524	A
335	0.00982	0.0123	T
336	0.0295	0.02954	A
337	0.03501	0.03618	A
338	0.04359	0.0442	C
339	0.02898	0.02922	C
340	0.01315	0.03533	A
341	0.01108	0.01196	T
342	0.04196	0.04274	A
343	0.04817	0.05059	C
344	0.03756	0.03895	A
345	0.04311	0.04897	C
346	0.02987	0.02987	A
347	0.03057	0.03164	A
348	0.04526	0.05011	C
349	0.03342	0.03436	A
350	0.04754	0.05094	C
351	0.01036	0.01338	T
352	0.0281	0.02835	A
353	0.03884	0.03922	A
354	0.03607	0.03644	A
355	0.00729	0.00764	G
356	0.00578	0.0059	G
357	0.03778	0.04827	A
358	0.04949	0.05148	C
359	0.0165	0.01946	G
360	0.03818	0.03919	A
361	0.04426	0.04581	A
362	0.05601	0.05651	C
363	0.04296	0.04406	C
364	0.01267	0.0145	T
365	0.01398	0.01713	G
366	0.0328	0.03355	A
367	0.01348	0.01408	T
368	0.07823	0.07935	C
369	0.0135	0.01423	T
370	0.08742	0.09107	C
371	0.01469	0.01472	T
372	0.01585	0.01646	T
373	0.03961	0.08021	A
374	0.01403	0.01486	T
375	0.06458	0.07123	A
376	0.05363	0.05705	C
377	0.00738	0.00789	T
378	0.04834	0.05201	A
379	0.01169	0.01404	G
380	0.00834	0.01031	T
381	0.05856	0.06046	A
382	0.00624	0.00795	T
383	0.05492	0.0557	C
384	0.04614	0.04799	C
385	0.00743	0.00745	T
386	0.00792	0.00839	T
387	0.04049	0.0432	A
388	0.06138	0.06502	A
389	0.01276	0.01324	T
390	0.08685	0.09061	C
391	0.02813	0.0329	A
392	0.00488	0.00496	T
393	0.00421	0.00422	T
394	0.00558	0.00567	T
395	0.00709	0.00709	T
396	0.00735	0.0075	T
397	0.05341	0.08208	A
398	0.00988	0.00988	T
399	0.01547	0.01568	T
400	0.01702	0.01859	G
401	0.05031	0.05057	C
402	0.03693	0.03783	C
403	0.02477	0.03925	A
404	0.06439	0.0734	C
405	0.04014	0.04032	A
406	0.05366	0.05456	A
407	0.06704	0.07617	C
408	0.00787	0.00964	T
409	0.05141	0.0523	A
410	0.05638	0.05779	A
411	0.06494	0.06603	C
412	0.03149	0.03486	C
413	0.00655	0.00789	T
414	0.04405	0.04453	C
415	0.03962	0.04197	C
416	0.00892	0.01131	T
417	0.06609	0.06921	C
418	0.00875	0.00984	G
419	0.00752	0.00803	G
420	0.04953	0.05854	A
421	0.05816	0.05962	C
422	0.00548	0.00603	T
423	0.04352	0.0436	C
424	0.02355	0.02479	C
425	0.01031	0.01171	T
426	0.00747	0.00881	G
427	0.02696	0.0271	C
428	0.01908	0.0195	C
429	0.00721	0.00917	T
430	0.02612	0.02729	C
431	0.02794	0.03001	A
432	0.03413	0.03504	C
433	0.00754	0.00919	T
434	0.03281	0.03342	C
435	0.02633	0.03041	A
436	0.00678	0.00684	T
437	0.00999	0.01005	T
438	0.00892	0.00924	T
439	0.05341	0.06039	A
440	0.07648	0.08005	C
441	0.04536	0.04655	A
442	0.06659	0.06702	C
443	0.03932	0.04261	C
444	0.02706	0.0277	A
445	0.04329	0.04389	A
446	0.05408	0.0552	C
447	0.03319	0.03483	C
448	0.02648	0.03681	A
449	0.05016	0.05046	C
450	0.03159	0.03171	C
451	0.03386	0.03595	C
452	0.02673	0.02708	A
453	0.04394	0.04418	A
454	0.0634	0.06675	C
455	0.00965	0.01018	T
456	0.04278	0.04336	A
457	0.00974	0.01011	T
458	0.06371	0.06478	C
459	0.00936	0.00967	T
460	0.05667	0.06098	A
461	0.00899	0.01027	T
462	0.03692	0.03743	A
463	0.04055	0.04073	A
464	0.05323	0.05575	A
465	0.06709	0.06884	C
466	0.01468	0.01567	C
467	0.00867	0.00944	T
468	0.058	0.06069	A
469	0.00928	0.0098	G
470	0.04788	0.04805	C
471	0.04576	0.04592	C
472	0.03798	0.0571	A
473	0.01169	0.01299	T
474	0.00773	0.00785	G
475	0.00584	0.00598	G
476	0.04359	0.04373	C
477	0.03699	0.03731	C
478	0.04783	0.06062	A
479	0.01058	0.01251	T
480	0.0398	0.04036	C
481	0.04519	0.0453	C
482	0.05152	0.05173	C
483	0.0419	0.04199	C
484	0.00587	0.00611	T
485	0.00759	0.0077	T
486	0.02182	0.04828	A
487	0.0082	0.00846	T
488	0.00513	0.00615	G
489	0.02645	0.02794	A
490	0.00738	0.00772	G
491	0.04462	0.04729	C
492	0.00724	0.00725	G
493	0.00439	0.00439	G
494	0.00432	0.00436	G
495	0.05405	0.06687	C
496	0.85316	0.85552	A
497	0.04945	0.05013	C
498	0.04538	0.04791	A
499	0.01114	0.01139	G
500	0.01113	0.01218	T
501	0.00688	0.00757	G
502	0.04426	0.04878	A
503	0.00926	0.00929	T
504	0.00989	0.01021	T
505	0.05556	0.09302	A
506	0.01058	0.01182	T
507	0.07295	0.08204	A
508	0.00818	0.00888	G
509	0.00466	0.00475	G
510	0.03775	0.03915	C
511	0.00345	0.00363	T
512	0.00982	0.00995	T
513	0.01045	0.01053	T
514	0.05121	0.0551	C
515	0.00946	0.01003	G
516	0.04007	0.04132	C
517	0.00635	0.00658	T
518	0.04689	0.04789	C
519	0.00713	0.00782	T
520	0.04642	0.04694	A
521	0.05342	0.05395	A
522	0.00819	0.00978	G
523	0.06019	0.06222	A
524	0.00907	0.00945	T
525	0.0099	0.01186	T
526	0.00609	0.00623	A
527	0.0357	0.03614	A
528	0.02709	0.02743	A
529	0.05601	0.05651	A
530	0.05259	0.05285	A
531	0.01585	0.01665	T
532	0.00828	0.00961	G
533	0.03791	0.03799	C
534	0.0286	0.02874	C
535	0.02363	0.02399	C
536	0.00918	0.0107	T
537	0.05759	0.06684	A
538	0.0123	0.01399	G
539	0.03244	0.03272	C
540	0.02885	0.02904	C
541	0.04462	0.04486	C
542	0.03037	0.04097	A
543	0.06761	0.06892	C
544	0.00816	0.00843	T
545	0.00772	0.00801	T
546	0.05982	0.07072	C
547	0.01006	0.01011	T
548	0.01073	0.0111	T
549	0.04081	0.06045	A
550	0.06407	0.06446	C
551	0.04698	0.04814	C
552	0.02855	0.03448	A
553	0.0676	0.07214	C
554	0.04947	0.04964	A
555	0.05614	0.05884	A
556	0.00711	0.0075	G
557	0.00675	0.00704	G
558	0.03915	0.04266	C
559	0.04818	0.05512	A
560	0.06953	0.07305	C
561	0.03239	0.03357	A
562	0.05966	0.05976	C
563	0.02732	0.02841	C
564	0.01074	0.01362	T
565	0.04601	0.05626	A
566	0.06175	0.06587	C
567	0.03562	0.04282	A
568	0.03226	0.03231	C
569	0.02983	0.03016	C
570	0.0274	0.02759	C
571	0.0317	0.03199	C
572	0.00733	0.00755	T
573	0.01054	0.01115	T
574	0.02902	0.05246	A
575	0.01929	0.02087	T
576	0.04252	0.04489	C
577	0.03427	0.03478	C
578	0.03492	0.03515	C
579	0.035	0.03543	C
580	0.01561	0.0367	A
581	0.00724	0.00803	T
582	0.03658	0.03719	A
583	0.05014	0.05214	C
584	0.0082	0.00873	T
585	0.04124	0.04256	A
586	0.00862	0.00925	G
587	0.00625	0.00634	T
588	0.00851	0.00904	T
589	0.0362	0.06394	A
590	0.00965	0.00965	T
591	0.01036	0.01082	T
592	0.03094	0.0564	A
593	0.01415	0.01485	T
594	0.06194	0.06508	C
595	0.01443	0.01737	G
596	0.02211	0.02314	A
597	0.0368	0.03726	A
598	0.04413	0.04419	A
599	0.05157	0.05192	C
600	0.03059	0.03094	C
601	0.03046	0.03593	A
602	0.01055	0.01893	T
603	0.04013	0.04179	C
604	0.04767	0.05679	A
605	0.00972	0.01037	G
606	0.03863	0.03871	C
607	0.01924	0.01955	C
608	0.00947	0.01039	T
609	0.03975	0.04188	A
610	0.05599	0.05772	C
611	0.00958	0.01081	T
612	0.04859	0.05182	C
613	0.04024	0.0461	A
614	0.00958	0.00978	T
615	0.00859	0.00895	T
616	0.05665	0.05948	C
617	0.04191	0.04293	A
618	0.0446	0.04564	A
619	0.05837	0.05866	C
620	0.05138	0.05165	C
621	0.03609	0.03649	A
622	0.05165	0.053	A
623	0.01212	0.01422	T
624	0.06148	0.06537	A
625	0.00963	0.0109	G
626	0.03694	0.03721	C
627	0.04741	0.04751	C
628	0.03901	0.03934	C
629	0.00712	0.00954	T
630	0.00739	0.00748	G
631	0.0059	0.00597	G
632	0.01308	0.01311	C
633	0.05385	0.05393	C
634	0.01315	0.01875	G
635	0.00894	0.01145	T
636	0.05981	0.06482	A
637	0.09822	0.10066	C
638	0.00656	0.00685	G
639	0.02166	0.02209	C
640	0.01483	0.01506	C
641	0.00891	0.01067	T
642	0.04725	0.04858	A
643	0.0543	0.05528	A
644	0.08366	0.08403	C
645	0.05965	0.06066	C
646	0.00739	0.00916	G
647	0.03115	0.03287	C
648	0.00742	0.00856	T
649	0.05252	0.05372	A
650	0.05934	0.05992	A
651	0.07538	0.07683	C
652	0.05468	0.05824	A
653	0.00895	0.00946	T
654	0.00848	0.00869	T
655	0.03954	0.06667	A
656	0.08154	0.08269	C
657	0.00856	0.00883	T
658	0.00903	0.01389	G
659	0.04482	0.04864	C
660	0.0554	0.06314	A
661	0.00799	0.00817	G
662	0.00756	0.00773	G
663	0.02678	0.02687	C
664	0.02771	0.02873	C
665	0.03787	0.04858	A
666	0.07429	0.07446	C
667	0.03378	0.03439	C
668	0.0091	0.01019	T
669	0.04197	0.04422	A
670	0.05988	0.06146	C
671	0.01328	0.01915	T
672	0.05833	0.06446	C
673	0.04916	0.05843	A
674	0.01042	0.01103	T
675	0.00926	0.012	G
676	0.04109	0.04306	C
677	0.04413	0.04509	A
678	0.05671	0.05708	C
679	0.03749	0.03813	C
680	0.0095	0.01056	T
681	0.05128	0.05198	A
682	0.06897	0.07013	A
683	0.00893	0.00909	T
684	0.00858	0.0086	T
685	0.00738	0.00747	G
686	0.00784	0.00804	G
687	0.04656	0.04708	A
688	0.05287	0.05355	A
689	0.01552	0.01697	G
690	0.0511	0.05453	C
691	0.01351	0.01418	G
692	0.04788	0.04794	C
693	0.02701	0.02748	C
694	0.02555	0.0384	A
695	0.04479	0.04486	C
696	0.03292	0.03292	C
697	0.02292	0.02365	C
698	0.01077	0.01136	T
699	0.04212	0.04273	A
700	0.00794	0.00877	G
701	0.04294	0.04436	C
702	0.04477	0.04545	A
703	0.04624	0.0468	A
704	0.01024	0.01105	T
705	0.052	0.05307	A
706	0.01103	0.01405	T
707	0.05152	0.05532	C
708	0.03385	0.0342	A
709	0.04213	0.04236	A
710	0.05412	0.0545	C
711	0.03564	0.03579	C
712	0.04296	0.05181	A
713	0.00953	0.00996	T
714	0.00901	0.00971	T
715	0.02958	0.02992	A
716	0.04467	0.04563	A
717	0.06487	0.06547	C
718	0.03871	0.03969	C
719	0.00973	0.01025	T
720	0.00945	0.00967	T
721	0.04041	0.04067	C
722	0.0274	0.02762	C
723	0.03125	0.03168	C
724	0.00884	0.00952	T
725	0.03504	0.03705	C
726	0.00826	0.0091	T
727	0.03556	0.038	A
728	0.04536	0.04662	C
729	0.02612	0.02756	A
730	0.04847	0.05073	C
731	0.00837	0.00881	T
732	0.00881	0.00953	T
733	0.0339	0.05101	A
734	0.00875	0.00986	T
735	0.05203	0.05475	C
736	0.04099	0.04503	A
737	0.00831	0.00901	T
738	0.05113	0.05505	C
739	0.00782	0.00799	T
740	0.00937	0.00979	T
741	0.04579	0.04908	C
742	0.03743	0.03924	A
743	0.06803	0.07085	C
744	0.03572	0.03676	A
745	0.04949	0.05147	A
746	0.00837	0.0087	T
747	0.00839	0.00863	T
748	0.04839	0.06202	C
749	0.00943	0.01113	T
750	0.03571	0.03826	A
751	0.05699	0.05894	A
752	0.00749	0.00756	T
753	0.00787	0.00824	T
754	0.04815	0.05763	C
755	0.00868	0.00922	T
756	0.05082	0.05317	A
757	0.06345	0.06532	C
758	0.01074	0.01139	T
759	0.00812	0.01002	G
760	0.05275	0.05344	A
761	0.06222	0.06553	C
762	0.00822	0.00879	T
763	0.04944	0.0535	A
764	0.00739	0.00853	T
765	0.06009	0.06112	C
766	0.03165	0.03304	C
767	0.00743	0.00793	T
768	0.05208	0.05528	A
769	0.01021	0.01136	G
770	0.02426	0.02436	A
771	0.04201	0.04229	A
772	0.04943	0.05011	A
773	0.01007	0.01097	T
774	0.05518	0.05605	C
775	0.00955	0.00975	G
776	0.0444	0.04511	C
777	0.00676	0.0071	T
778	0.00822	0.00976	G
779	0.01721	0.01878	T
780	0.04478	0.04596	C
781	0.00658	0.00676	G
782	0.03612	0.03616	C
783	0.03819	0.03849	C
784	0.00734	0.00743	T
785	0.00806	0.00831	T
786	0.03869	0.04014	A
787	0.04389	0.0445	A
788	0.01613	0.01749	T
789	0.05048	0.05131	C
790	0.02191	0.02254	C
791	0.02958	0.03013	A
792	0.06583	0.06693	A
793	0.00802	0.00905	G
794	0.0291	0.02925	C
795	0.02054	0.02078	C
796	0.01316	0.01349	T
797	0.03718	0.03795	A
798	0.05483	0.05534	C
799	0.01038	0.01232	G
800	0.00492	0.00532	T
801	0.00533	0.00549	T
802	0.00712	0.00716	T
803	0.00805	0.0081	T
804	0.04757	0.05681	C
805	0.04936	0.0511	A
806	0.05624	0.05855	C
807	0.03364	0.03453	A
808	0.05202	0.05355	C
809	0.00882	0.0092	T
810	0.00714	0.00749	T
811	0.0329	0.03877	C
812	0.0076	0.0079	T
813	0.04617	0.04985	A
814	0.00689	0.00719	G
815	0.00491	0.00784	T
816	0.03316	0.03354	A
817	0.04556	0.04751	A
818	0.00605	0.0066	G
819	0.03323	0.03364	C
820	0.0195	0.01963	C
821	0.00777	0.00897	T
822	0.03166	0.03319	C
823	0.01127	0.01199	T
824	0.02978	0.03185	A
825	0.03835	0.03861	C
826	0.01971	0.02081	C
827	0.00785	0.00859	T
828	0.00828	0.00893	G
829	0.0224	0.0231	C
830	0.02206	0.02302	A
831	0.02906	0.02956	C
832	0.00755	0.00798	G
833	0.02015	0.02071	A
834	0.0289	0.02943	C
835	0.02265	0.02265	A
836	0.01557	0.01564	A
837	0.02456	0.02571	C
838	0.01419	0.01443	A
839	0.02574	0.02574	C
840	0.00051	0.00051	A
841	0.0	0.0	T
842	0.0	0.0	A
