Position	Mismatches	Mismatches + Deletions	Base
1	0.0	0.0	A
2	0.0	0.0	T
3	0.0	0.0	G
4	0.0143	0.0143	C
5	0.01202	0.01202	C
6	0.01113	0.01113	C
7	0.0189	0.0189	C
8	0.01078	0.01235	T
9	0.03013	0.03045	C
10	0.01668	0.02123	A
11	0.0077	0.0077	T
12	0.00626	0.00626	T
13	0.00646	0.00651	T
14	0.03251	0.03517	A
15	0.06077	0.06172	C
16	0.02691	0.02729	A
17	0.00736	0.00824	T
18	0.02676	0.02676	A
19	0.03978	0.03978	A
20	0.03249	0.03428	A
21	0.00746	0.00827	T
22	0.05518	0.05615	A
23	0.00791	0.00801	T
24	0.00568	0.00604	T
25	0.026	0.04327	A
26	0.00462	0.00492	T
27	0.03266	0.03426	A
28	0.04133	0.0432	C
29	0.00429	0.00463	T
30	0.03484	0.03605	A
31	0.0083	0.00936	G
32	0.046	0.04652	C
33	0.0338	0.03528	A
34	0.00449	0.00461	T
35	0.00561	0.00576	T
36	0.00751	0.00758	T
37	0.0583	0.06724	A
38	0.06171	0.06235	C
39	0.03292	0.03322	C
40	0.0416	0.05159	A
41	0.00848	0.00957	T
42	0.06353	0.065	C
43	0.01186	0.01621	T
44	0.06934	0.07073	C
45	0.06209	0.06434	A
46	0.04773	0.05053	C
47	0.00567	0.00585	T
48	0.00582	0.00599	T
49	0.02866	0.03302	C
50	0.00622	0.00648	T
51	0.03199	0.03412	A
52	0.00426	0.00434	G
53	0.00455	0.00464	G
54	0.03752	0.03768	A
55	0.02825	0.02862	A
56	0.00424	0.00461	T
57	0.04157	0.04203	A
58	0.03086	0.03189	C
59	0.00285	0.00303	T
60	0.02108	0.02218	A
61	0.00534	0.00609	G
62	0.00383	0.00413	T
63	0.0328	0.0345	A
64	0.00512	0.00551	T
65	0.0427	0.04634	A
66	0.01191	0.01247	T
67	0.07893	0.08163	C
68	0.01228	0.01279	G
69	0.05119	0.05292	C
70	0.01323	0.01641	T
71	0.05093	0.05328	C
72	0.03175	0.03689	A
73	0.05468	0.0588	C
74	0.03989	0.04167	A
75	0.04739	0.0474	C
76	0.0288	0.03026	C
77	0.00669	0.00987	T
78	0.04814	0.04927	C
79	0.03828	0.04644	A
80	0.00701	0.00848	T
81	0.04922	0.05568	A
82	0.00845	0.00924	T
83	0.04138	0.04212	C
84	0.02241	0.0234	C
85	0.00859	0.01008	T
86	0.03791	0.03826	C
87	0.03507	0.03511	C
88	0.02816	0.02963	C
89	0.00511	0.00594	T
90	0.03524	0.03687	A
91	0.04769	0.0506	C
92	0.00498	0.00552	T
93	0.0293	0.04224	A
94	0.00862	0.00891	T
95	0.00746	0.00806	G
96	0.01903	0.01911	C
97	0.01291	0.01307	C
98	0.00378	0.00401	T
99	0.02213	0.02302	A
100	0.00576	0.00616	G
101	0.03169	0.03173	A
102	0.02176	0.0226	A
103	0.00481	0.00484	G
104	0.00568	0.00592	G
105	0.02642	0.02655	A
106	0.03412	0.03462	A
107	0.0083	0.01016	T
108	0.04552	0.04554	A
109	0.03726	0.04245	A
110	0.0069	0.00751	T
111	0.04622	0.04853	A
112	0.06389	0.07136	C
113	0.00804	0.00866	T
114	0.0465	0.05629	A
115	0.01194	0.0127	T
116	0.06275	0.0657	C
117	0.00806	0.00829	G
118	0.03144	0.03185	C
119	0.00572	0.00589	T
120	0.00977	0.01321	G
121	0.00514	0.00516	T
122	0.00664	0.00672	T
123	0.0589	0.06101	C
124	0.05518	0.05707	A
125	0.00782	0.00793	T
126	0.00784	0.00804	T
127	0.03041	0.05101	A
128	0.00748	0.00785	T
129	0.03786	0.04245	A
130	0.00812	0.0089	G
131	0.03186	0.03295	C
132	0.00773	0.00865	T
133	0.04471	0.04762	A
134	0.05612	0.05838	C
135	0.00925	0.01063	T
136	0.04154	0.04401	C
137	0.00882	0.01191	T
138	0.04643	0.04782	C
139	0.04038	0.04564	A
140	0.01147	0.01698	T
141	0.03934	0.03961	A
142	0.02908	0.0329	A
143	0.04524	0.04677	C
144	0.02555	0.02582	C
145	0.02174	0.02218	C
146	0.01108	0.01512	T
147	0.03976	0.0411	C
148	0.03737	0.0436	A
149	0.03497	0.03632	A
150	0.04516	0.05235	C
151	0.03008	0.03146	A
152	0.03348	0.03365	C
153	0.03115	0.03126	C
154	0.02628	0.02712	C
155	0.02151	0.02736	A
156	0.03483	0.03709	C
157	0.00882	0.01081	T
158	0.04572	0.04572	C
159	0.03771	0.03775	C
160	0.03525	0.0364	C
161	0.00615	0.00708	T
162	0.03518	0.03633	C
163	0.00633	0.00653	T
164	0.00844	0.00855	T
165	0.0295	0.05448	A
166	0.00628	0.00653	G
167	0.0236	0.02366	C
168	0.02529	0.02546	C
169	0.02678	0.027	A
170	0.04108	0.04129	A
171	0.0059	0.00629	T
172	0.05249	0.05335	A
173	0.00722	0.00725	T
174	0.00684	0.0069	T
175	0.00795	0.00938	G
176	0.00836	0.00892	T
177	0.00515	0.00544	G
178	0.03867	0.03902	C
179	0.06047	0.06072	C
180	0.00658	0.00725	T
181	0.04454	0.05169	A
182	0.00602	0.00604	T
183	0.00984	0.01	T
184	0.00809	0.00899	G
185	0.05381	0.0541	C
186	0.04363	0.0441	C
187	0.01806	0.0444	A
188	0.00701	0.00756	T
189	0.06969	0.07088	A
190	0.0352	0.03681	C
191	0.0032	0.00358	T
192	0.02996	0.03241	A
193	0.00751	0.00827	G
194	0.00436	0.00459	T
195	0.07458	0.07498	C
196	0.00757	0.00758	T
197	0.00769	0.0077	T
198	0.01084	0.01089	T
199	0.00945	0.01187	G
200	0.01234	0.01253	C
201	0.01279	0.01287	C
202	0.00728	0.00886	G
203	0.05618	0.05624	C
204	0.03084	0.03108	C
205	0.00474	0.00601	T
206	0.0061	0.00662	G
207	0.01989	0.02092	C
208	0.01269	0.01811	G
209	0.07344	0.07726	A
210	0.07484	0.07516	A
211	0.00884	0.01262	G
212	0.02442	0.02642	C
213	0.03284	0.03444	A
214	0.0056	0.00572	G
215	0.01727	0.01767	C
216	0.00693	0.00694	G
217	0.00859	0.00902	G
218	0.00815	0.00888	T
219	0.00571	0.00571	G
220	0.00627	0.00627	G
221	0.00552	0.00552	G
222	0.0148	0.01485	C
223	0.03601	0.03622	C
224	0.00745	0.00921	T
225	0.06321	0.07343	A
226	0.00709	0.00744	G
227	0.03221	0.0323	C
228	0.01666	0.01673	C
229	0.01479	0.01503	C
230	0.00657	0.0073	T
231	0.03453	0.03558	A
232	0.03486	0.03654	C
233	0.00318	0.00341	T
234	0.03261	0.03505	A
235	0.00712	0.0074	G
236	0.00537	0.00583	T
237	0.04951	0.04998	C
238	0.00686	0.0084	T
239	0.05396	0.05524	C
240	0.03607	0.03822	A
241	0.04279	0.04428	A
242	0.00808	0.00856	T
243	0.04531	0.04625	C
244	0.01087	0.01157	T
245	0.03968	0.03986	C
246	0.02996	0.03064	C
247	0.0302	0.03268	A
248	0.03695	0.03709	A
249	0.03753	0.04054	C
250	0.02116	0.02201	A
251	0.04096	0.04486	C
252	0.03383	0.03531	A
253	0.005	0.00567	T
254	0.0383	0.0402	A
255	0.00814	0.00847	T
256	0.00652	0.00679	G
257	0.00391	0.00395	G
258	0.02625	0.02628	C
259	0.02314	0.02331	C
260	0.00466	0.00522	T
261	0.03145	0.03294	A
262	0.00636	0.00657	G
263	0.02652	0.02701	A
264	0.0316	0.03216	C
265	0.00411	0.00445	T
266	0.02438	0.02496	A
267	0.05311	0.05403	C
268	0.01017	0.01076	G
269	0.00533	0.00612	T
270	0.02214	0.02282	A
271	0.04841	0.04929	C
272	0.03748	0.04002	A
273	0.00514	0.00768	T
274	0.0305	0.03056	A
275	0.02731	0.0293	A
276	0.04035	0.04158	C
277	0.02021	0.02139	C
278	0.00702	0.00902	T
279	0.01007	0.01072	A
280	0.02852	0.029	A
281	0.02698	0.02731	A
282	0.03365	0.03438	C
283	0.01705	0.01809	C
284	0.00825	0.00886	T
285	0.02331	0.02799	A
286	0.02579	0.02766	C
287	0.00662	0.00731	T
288	0.02103	0.02109	C
289	0.01376	0.01409	C
290	0.01849	0.02005	A
291	0.0259	0.02638	A
292	0.00615	0.00659	T
293	0.00681	0.00717	G
294	0.02455	0.02536	C
295	0.00496	0.00568	T
296	0.01794	0.01822	A
297	0.01736	0.01746	A
298	0.02416	0.02456	A
299	0.02857	0.0288	A
300	0.02673	0.03506	C
301	0.00573	0.00662	T
302	0.01692	0.01709	A
303	0.0271	0.02746	A
304	0.00565	0.00653	T
305	0.03481	0.0358	C
306	0.01214	0.01322	G
307	0.00985	0.01068	T
308	0.01902	0.01916	C
309	0.01838	0.01853	C
310	0.01675	0.01718	C
311	0.01459	0.015	A
312	0.01805	0.01823	A
313	0.02946	0.03066	C
314	0.01759	0.01771	A
315	0.02429	0.02466	A
316	0.00512	0.00529	T
317	0.00513	0.00543	T
318	0.01794	0.03176	A
319	0.00538	0.00577	T
320	0.03105	0.03429	A
321	0.00558	0.00559	T
322	0.00505	0.00534	T
323	0.02414	0.03492	A
324	0.02878	0.03075	C
325	0.0058	0.00654	T
326	0.02746	0.02909	A
327	0.0229	0.02319	C
328	0.01626	0.01665	C
329	0.01432	0.01997	A
330	0.02228	0.02303	C
331	0.00529	0.00585	T
332	0.00663	0.00717	G
333	0.02397	0.02443	A
334	0.02432	0.02503	C
335	0.0259	0.02712	A
336	0.00549	0.00581	T
337	0.00609	0.00675	G
338	0.02095	0.02135	A
339	0.02918	0.03018	C
340	0.00457	0.00467	T
341	0.00585	0.00601	T
342	0.00549	0.00554	T
343	0.02077	0.02089	C
344	0.02467	0.02511	C
345	0.00174	0.00228	A
346	0.00671	0.00697	A
347	0.02003	0.02018	A
348	0.01525	0.01545	A
349	0.02427	0.02446	A
350	0.01347	0.01355	A
351	0.03678	0.04228	C
352	0.01773	0.01844	A
353	0.03792	0.03961	C
354	0.02797	0.02895	A
355	0.00816	0.01112	T
356	0.02824	0.02828	A
357	0.03436	0.03924	A
358	0.00487	0.00493	T
359	0.00631	0.00659	T
360	0.006	0.00606	T
361	0.00912	0.01139	G
362	0.03333	0.03372	A
363	0.0309	0.03103	A
364	0.0067	0.00807	T
365	0.03256	0.03423	C
366	0.02853	0.02886	A
367	0.02329	0.02362	A
368	0.03361	0.03662	C
369	0.02442	0.02619	A
370	0.02677	0.03448	C
371	0.02237	0.02238	A
372	0.0336	0.03547	A
373	0.03679	0.0377	C
374	0.01917	0.02054	C
375	0.01815	0.02484	A
376	0.023	0.02304	C
377	0.01852	0.01864	C
378	0.01856	0.01953	C
379	0.01939	0.02667	A
380	0.02998	0.0328	C
381	0.03433	0.05476	A
382	0.01727	0.01768	G
383	0.02575	0.02583	C
384	0.0171	0.01728	C
385	0.00481	0.0063	T
386	0.02348	0.02381	A
387	0.03145	0.03174	A
388	0.00681	0.00694	T
389	0.00634	0.00689	T
390	0.01924	0.04684	A
391	0.00665	0.00669	T
392	0.00666	0.00691	T
393	0.0324	0.04641	A
394	0.00873	0.0098	G
395	0.03289	0.03447	C
396	0.03316	0.03381	A
397	0.00648	0.00766	T
398	0.03698	0.04023	C
399	0.03405	0.03953	A
400	0.01315	0.01519	T
401	0.03291	0.03423	C
402	0.0253	0.02596	C
403	0.02387	0.02442	C
404	0.0073	0.00793	T
405	0.03365	0.03511	C
406	0.00687	0.00748	T
407	0.032	0.03391	A
408	0.03933	0.04493	C
409	0.00666	0.00745	T
410	0.00666	0.00809	A
411	0.00207	0.00223	T
412	0.00232	0.00234	T
413	0.00296	0.00298	T
414	0.00593	0.00594	T
415	0.00474	0.00476	T
416	0.00548	0.00574	T
417	0.0351	0.03743	A
418	0.03957	0.04009	A
419	0.05699	0.05803	C
420	0.03101	0.03176	C
421	0.01816	0.01872	A
422	0.03407	0.03471	A
423	0.03492	0.03612	A
424	0.00796	0.01039	T
425	0.04771	0.05033	C
426	0.03204	0.03273	A
427	0.03235	0.03281	A
428	0.04771	0.054	C
429	0.03059	0.03075	A
430	0.0312	0.03307	A
431	0.04981	0.05506	C
432	0.03567	0.03575	A
433	0.03657	0.03799	A
434	0.05254	0.05288	C
435	0.03139	0.03342	C
436	0.00578	0.00611	T
437	0.04893	0.05176	A
438	0.00611	0.00613	T
439	0.00698	0.00698	T
440	0.00621	0.00627	T
441	0.04351	0.05542	A
442	0.00746	0.00769	G
443	0.03914	0.03958	C
444	0.00683	0.00695	T
445	0.00844	0.01313	G
446	0.00704	0.00707	T
447	0.00911	0.00919	T
448	0.03392	0.03407	C
449	0.02993	0.03003	C
450	0.02279	0.02286	C
451	0.03202	0.03259	C
452	0.02473	0.02726	A
453	0.03734	0.03798	A
454	0.04602	0.04618	C
455	0.03096	0.03125	C
456	0.00416	0.00423	T
457	0.00402	0.00403	T
458	0.00806	0.0081	T
459	0.00672	0.00675	T
460	0.03639	0.0368	C
461	0.02945	0.03036	C
462	0.01205	0.01376	T
463	0.03933	0.03954	C
464	0.03317	0.03383	C
465	0.01365	0.01946	G
466	0.06156	0.06548	A
467	0.02502	0.02509	C
468	0.0201	0.02029	C
469	0.02038	0.02061	C
470	0.02321	0.02327	C
471	0.02034	0.02038	C
472	0.00736	0.00899	T
473	0.03481	0.03596	A
474	0.03394	0.03527	A
475	0.04539	0.04787	C
476	0.02727	0.028	A
477	0.02781	0.0337	A
478	0.02755	0.02795	C
479	0.0173	0.01811	C
480	0.01976	0.02007	C
481	0.02117	0.02125	C
482	0.01838	0.01841	C
483	0.01852	0.01867	C
484	0.00624	0.00723	T
485	0.02269	0.02271	C
486	0.01789	0.01852	C
487	0.00702	0.008	T
488	0.03008	0.03123	A
489	0.02897	0.02959	A
490	0.00834	0.00885	T
491	0.03968	0.04033	A
492	0.0482	0.05121	C
493	0.00866	0.01037	T
494	0.0394	0.03979	A
495	0.04075	0.04231	A
496	0.05277	0.05834	C
497	0.00877	0.00933	T
498	0.04498	0.04843	A
499	0.05625	0.05685	C
500	0.03262	0.03442	C
501	0.00887	0.01021	T
502	0.0095	0.01171	G
503	0.04342	0.04697	A
504	0.03184	0.03277	C
505	0.00952	0.01039	T
506	0.03495	0.03514	C
507	0.01901	0.02024	C
508	0.0318	0.03438	T
509	0.03445	0.04142	A
510	0.03124	0.03138	C
511	0.02538	0.02619	C
512	0.01604	0.01635	C
513	0.01745	0.01789	C
514	0.0103	0.01232	T
515	0.03002	0.03084	C
516	0.02536	0.02745	A
517	0.04369	0.04627	C
518	0.0303	0.03117	A
519	0.03806	0.03904	A
520	0.00888	0.01163	T
521	0.04783	0.04922	C
522	0.05616	0.06011	A
523	0.0071	0.00781	T
524	0.00538	0.00578	G
525	0.00593	0.00611	G
526	0.01926	0.02248	C
527	0.03816	0.0389	A
528	0.04909	0.04948	A
529	0.01122	0.01277	G
530	0.03432	0.03449	C
531	0.02855	0.02879	C
532	0.03196	0.03267	A
533	0.04318	0.04354	A
534	0.05	0.05472	C
535	0.00751	0.00802	G
536	0.00987	0.0099	C
537	0.00759	0.00767	C
538	0.01689	0.02467	A
539	0.05762	0.05889	C
540	0.00879	0.00922	T
541	0.00749	0.00782	T
542	0.01516	0.03712	A
543	0.00801	0.00964	T
544	0.04202	0.04249	C
545	0.029	0.02919	C
546	0.02609	0.04035	A
547	0.01018	0.01066	G
548	0.00596	0.00657	T
549	0.00934	0.01123	G
550	0.02852	0.03042	A
551	0.04032	0.04063	A
552	0.04608	0.04639	C
553	0.02535	0.02571	C
554	0.01832	0.02958	A
555	0.03826	0.03982	C
556	0.00918	0.01026	T
557	0.04549	0.04699	A
558	0.00851	0.00978	T
559	0.02747	0.03004	C
560	0.02288	0.02339	A
561	0.03992	0.04169	C
562	0.01825	0.021	G
563	0.00213	0.00273	A
564	0.00135	0.00166	A
565	0.00754	0.00778	A
566	0.02419	0.02437	A
567	0.01519	0.01533	A
568	0.0165	0.01665	A
569	0.0171	0.01719	A
570	0.03641	0.04178	C
571	0.00755	0.00817	T
572	0.02809	0.02944	C
573	0.00979	0.01134	T
574	0.02873	0.03108	A
575	0.03931	0.04053	C
576	0.01919	0.02081	C
577	0.00708	0.0077	T
578	0.02715	0.02882	C
579	0.00761	0.00796	T
580	0.0346	0.03639	C
581	0.00713	0.00741	T
582	0.03452	0.03818	A
583	0.00785	0.0088	T
584	0.03312	0.03485	A
585	0.04085	0.04534	C
586	0.00741	0.00859	T
587	0.02928	0.02965	A
588	0.0322	0.03506	A
589	0.01176	0.01226	T
590	0.03103	0.0333	C
591	0.01282	0.01397	T
592	0.02636	0.02676	C
593	0.02172	0.02186	C
594	0.01889	0.02006	C
595	0.00646	0.00747	T
596	0.02684	0.02803	A
597	0.04101	0.04205	C
598	0.01864	0.01912	A
599	0.02636	0.02673	A
600	0.02875	0.03001	A
601	0.00829	0.00887	T
602	0.02667	0.02751	C
603	0.00635	0.00735	T
604	0.02597	0.02604	C
605	0.02086	0.02192	C
606	0.00698	0.00711	T
607	0.00716	0.00774	T
608	0.01683	0.0185	A
609	0.03548	0.03623	A
610	0.00693	0.00709	T
611	0.00649	0.00714	T
612	0.02462	0.04456	A
613	0.00643	0.00834	T
614	0.03809	0.03815	A
615	0.03166	0.03326	A
616	0.04717	0.0495	C
617	0.04052	0.04108	A
618	0.0064	0.00659	T
619	0.00844	0.00908	T
620	0.03708	0.03971	C
621	0.03027	0.03746	A
622	0.02828	0.03153	C
623	0.02951	0.03547	A
624	0.01971	0.02074	G
625	0.01896	0.01914	C
626	0.01611	0.01669	C
627	0.01714	0.02667	A
628	0.03142	0.03309	C
629	0.03506	0.0388	A
630	0.00984	0.01142	G
631	0.02539	0.02547	A
632	0.03003	0.03064	A
633	0.03776	0.03998	C
634	0.00753	0.00891	T
635	0.02535	0.02546	A
636	0.0323	0.03293	A
637	0.00756	0.00856	T
638	0.04967	0.05212	C
639	0.0357	0.03842	A
640	0.008	0.00829	T
641	0.02093	0.02247	A
642	0.00528	0.00534	T
643	0.00712	0.00724	T
644	0.00659	0.00666	T
645	0.00694	0.00703	T
646	0.04116	0.05943	A
647	0.0094	0.00987	T
648	0.05184	0.05616	A
649	0.00719	0.00752	T
650	0.06289	0.06618	C
651	0.00743	0.00743	T
652	0.00699	0.00722	T
653	0.04874	0.07078	C
654	0.00897	0.00897	T
655	0.01442	0.01457	T
656	0.05077	0.05809	C
657	0.01524	0.01795	G
658	0.02476	0.02584	A
659	0.03751	0.03783	A
660	0.04493	0.04501	A
661	0.04446	0.04509	C
662	0.03104	0.03177	C
663	0.01568	0.03012	A
664	0.04486	0.04655	C
665	0.02482	0.02697	A
666	0.05164	0.05362	C
667	0.00797	0.00832	T
668	0.00783	0.00815	T
669	0.0262	0.04811	A
670	0.014	0.01554	T
671	0.0344	0.03653	C
672	0.02407	0.02452	C
673	0.02196	0.022	C
674	0.02605	0.02648	C
675	0.02331	0.02801	A
676	0.04927	0.04928	C
677	0.03413	0.03475	C
678	0.00976	0.01018	T
679	0.00716	0.00722	T
680	0.00662	0.0067	G
681	0.00556	0.0056	G
682	0.01828	0.01915	C
683	0.0067	0.00708	T
684	0.06013	0.06071	A
685	0.00807	0.00911	T
686	0.02714	0.0286	C
687	0.02887	0.0314	A
688	0.0068	0.0106	T
689	0.02355	0.02665	C
690	0.05104	0.05378	A
691	0.06706	0.06729	C
692	0.05283	0.05291	C
693	0.0419	0.0421	C
694	0.0093	0.01134	G
695	0.03753	0.03898	A
696	0.0073	0.0078	T
697	0.0087	0.01055	G
698	0.03694	0.03843	A
699	0.00764	0.00766	G
700	0.00743	0.00751	G
701	0.04147	0.04302	C
702	0.04523	0.04663	A
703	0.04972	0.05027	A
704	0.07846	0.07904	C
705	0.04685	0.04709	C
706	0.02539	0.03883	A
707	0.00841	0.00887	G
708	0.01905	0.01916	C
709	0.01736	0.01762	C
710	0.03029	0.05505	A
711	0.01571	0.01868	G
712	0.05629	0.05702	A
713	0.05922	0.06165	A
714	0.07414	0.08177	C
715	0.00689	0.00706	G
716	0.00842	0.00846	C
717	0.00622	0.00634	C
718	0.00351	0.0043	T
719	0.00879	0.01069	G
720	0.07085	0.07213	A
721	0.05974	0.06022	A
722	0.10464	0.10979	C
723	0.02747	0.0288	G
724	0.01843	0.02077	C
725	0.01381	0.0148	A
726	0.00569	0.0057	G
727	0.00702	0.00714	G
728	0.01267	0.01316	C
729	0.03752	0.03949	A
730	0.08107	0.08231	C
731	0.03875	0.04092	A
732	0.01076	0.0113	T
733	0.045	0.04556	A
734	0.07886	0.08238	C
735	0.01024	0.01047	T
736	0.0071	0.00713	T
737	0.05664	0.0568	C
738	0.02879	0.02953	C
739	0.0097	0.01027	T
740	0.05837	0.06513	A
741	0.01001	0.01002	T
742	0.01117	0.01142	T
743	0.05796	0.06814	C
744	0.01236	0.01364	T
745	0.05532	0.06271	A
746	0.05822	0.06317	C
747	0.03882	0.04241	A
748	0.05644	0.0565	C
749	0.04164	0.04167	C
750	0.0286	0.02882	C
751	0.00853	0.0091	T
752	0.03946	0.04052	A
753	0.00749	0.00781	G
754	0.00286	0.00352	T
755	0.02375	0.02491	A
756	0.00847	0.00851	G
757	0.00808	0.00836	G
758	0.07316	0.07656	C
759	0.0092	0.01067	T
760	0.04716	0.04728	C
761	0.04066	0.04067	C
762	0.04198	0.0448	C
763	0.00806	0.00839	T
764	0.011	0.01137	T
765	0.04276	0.04289	C
766	0.06139	0.06163	C
767	0.01645	0.01661	C
768	0.01321	0.01331	C
769	0.00468	0.00518	T
770	0.01791	0.0189	A
771	0.01588	0.01646	C
772	0.0071	0.00851	T
773	0.05529	0.05797	C
774	0.03612	0.04117	A
775	0.01361	0.01461	T
776	0.04942	0.05106	C
777	0.01359	0.01444	G
778	0.03785	0.03871	C
779	0.02789	0.02831	A
780	0.044	0.04534	C
781	0.01428	0.01765	T
782	0.03817	0.03842	A
783	0.03564	0.03609	A
784	0.00901	0.00904	T
785	0.00813	0.00831	T
786	0.00865	0.00882	T
787	0.04517	0.0517	A
788	0.05788	0.05952	C
789	0.03274	0.03319	A
790	0.0339	0.03493	C
791	0.01999	0.0217	T
792	0.03072	0.03163	C
793	0.02571	0.0275	A
794	0.03811	0.0413	C
795	0.02836	0.02934	A
796	0.03471	0.03606	A
797	0.03344	0.03784	C
798	0.02439	0.026	A
799	0.02906	0.02923	C
800	0.02617	0.02627	C
801	0.01339	0.01363	C
802	0.01166	0.01231	T
803	0.04023	0.04206	A
804	0.00832	0.00842	G
805	0.00877	0.00903	G
806	0.0166	0.01746	C
807	0.00895	0.01038	T
808	0.02037	0.02112	C
809	0.02631	0.02725	A
810	0.04796	0.04978	C
811	0.01157	0.0146	T
812	0.02973	0.03036	A
813	0.03324	0.03377	A
814	0.03427	0.0347	A
815	0.04396	0.04808	C
816	0.04093	0.04325	A
817	0.01002	0.0101	T
818	0.01046	0.01074	T
819	0.03841	0.04429	C
820	0.01073	0.01148	T
821	0.04008	0.04213	A
822	0.04522	0.04834	C
823	0.01095	0.01275	T
824	0.03193	0.0363	A
825	0.03612	0.03907	C
826	0.01581	0.01756	T
827	0.03208	0.03595	C
828	0.03081	0.03175	A
829	0.03846	0.0398	C
830	0.01485	0.01527	T
831	0.03059	0.03188	C
832	0.01575	0.01717	T
833	0.03334	0.03476	C
834	0.02681	0.02838	A
835	0.03867	0.04043	C
836	0.04663	0.04794	T
837	0.0146	0.01593	G
838	0.02389	0.02391	C
839	0.01856	0.01861	C
840	0.01768	0.01779	C
841	0.01862	0.0189	A
842	0.02912	0.02948	A
843	0.00811	0.01125	G
844	0.02275	0.02278	A
845	0.02788	0.02832	A
846	0.03672	0.03878	C
847	0.01454	0.0154	T
848	0.03486	0.03565	A
849	0.01461	0.0162	T
850	0.04148	0.04367	C
851	0.03066	0.03107	A
852	0.0306	0.03229	A
853	0.03336	0.0335	A
854	0.03252	0.0376	C
855	0.0067	0.0077	T
856	0.02605	0.02613	C
857	0.02157	0.02221	C
858	0.00864	0.0102	T
859	0.00605	0.0081	G
860	0.02196	0.02284	A
861	0.00879	0.009	G
862	0.01243	0.0126	C
863	0.01673	0.01709	C
864	0.02588	0.02631	A
865	0.02804	0.02823	A
866	0.04893	0.05216	C
867	0.02461	0.02477	A
868	0.02522	0.02557	A
869	0.04241	0.04578	C
870	0.0133	0.01388	T
871	0.0116	0.01197	T
872	0.0338	0.03434	A
873	0.04499	0.04563	A
874	0.01214	0.01262	T
875	0.04887	0.05096	A
876	0.01099	0.01142	T
877	0.0134	0.01405	G
878	0.0465	0.04738	A
879	0.05692	0.05834	C
880	0.01177	0.01224	T
881	0.0319	0.03281	A
882	0.00804	0.0083	G
883	0.02087	0.02169	C
884	0.00864	0.00888	T
885	0.00916	0.00932	T
886	0.02827	0.04602	A
887	0.06113	0.06357	C
888	0.03637	0.0373	A
889	0.07007	0.07286	C
890	0.04315	0.04334	A
891	0.04176	0.04353	A
892	0.01232	0.01369	T
893	0.03117	0.03197	A
894	0.00705	0.00751	G
895	0.03145	0.03238	C
896	0.00608	0.00611	T
897	0.0078	0.00786	T
898	0.00899	0.00905	T
899	0.01016	0.01038	T
900	0.04993	0.07345	A
901	0.01234	0.01265	T
902	0.06553	0.06923	A
903	0.00809	0.00906	G
904	0.00449	0.00549	T
905	0.02608	0.02625	A
906	0.03363	0.03381	A
907	0.03486	0.03557	A
908	0.00841	0.0091	G
909	0.05086	0.05688	A
910	0.01061	0.01129	T
911	0.06189	0.0628	A
912	0.0882	0.08971	C
913	0.05293	0.05438	C
914	0.00623	0.00671	T
915	0.02797	0.02835	C
916	0.0044	0.00441	T
917	0.00448	0.0045	T
918	0.00404	0.00417	T
919	0.02786	0.03163	A
920	0.05948	0.06081	C
921	0.00975	0.0099	G
922	0.00676	0.007	G
923	0.03839	0.04541	A
924	0.04049	0.04122	C
925	0.0118	0.01294	T
926	0.03577	0.03599	C
927	0.04353	0.04412	C
928	0.02454	0.03619	A
929	0.07043	0.07413	C
930	0.01021	0.01064	T
931	0.01042	0.0108	T
932	0.03972	0.06807	A
933	0.01142	0.01188	T
934	0.00972	0.01088	G
935	0.04803	0.04986	A
936	0.05	0.05193	C
937	0.01172	0.01369	T
938	0.04844	0.04887	C
939	0.04531	0.04539	C
940	0.04447	0.04512	C
941	0.00851	0.01054	T
942	0.0276	0.02888	A
943	0.03924	0.0397	A
944	0.06912	0.07013	A
945	0.01108	0.01213	G
946	0.03347	0.03355	C
947	0.02545	0.02547	C
948	0.0263	0.0264	C
949	0.02915	0.04217	A
950	0.01289	0.01327	T
951	0.00838	0.00862	G
952	0.01336	0.01395	T
953	0.03427	0.03469	C
954	0.01129	0.01351	G
955	0.0393	0.04104	A
956	0.06823	0.07045	A
957	0.02049	0.02231	G
958	0.04351	0.04411	C
959	0.01613	0.01621	C
960	0.02553	0.02561	C
961	0.03115	0.03116	C
962	0.02901	0.02906	C
963	0.05765	0.07021	A
964	0.00884	0.00961	T
965	0.05206	0.05267	C
966	0.01121	0.01158	G
967	0.04086	0.04208	C
968	0.00665	0.0076	T
969	0.00429	0.00432	G
970	0.00476	0.00484	G
971	0.007	0.00705	G
972	0.00575	0.00653	T
973	0.04382	0.04413	C
974	0.03278	0.03288	A
975	0.03324	0.03334	A
976	0.00845	0.00867	T
977	0.03262	0.03365	A
978	0.00778	0.00807	G
979	0.00303	0.00315	T
980	0.01708	0.01736	A
981	0.02061	0.02126	C
982	0.00624	0.00626	T
983	0.01491	0.01498	T
984	0.01068	0.01276	G
985	0.04598	0.04625	C
986	0.03174	0.03191	C
987	0.01068	0.01499	G
988	0.05077	0.05146	C
989	0.05502	0.05706	A
990	0.00827	0.00859	G
991	0.0027	0.00307	T
992	0.01675	0.01722	A
993	0.02083	0.02138	C
994	0.00497	0.00526	T
995	0.07173	0.07335	C
996	0.00638	0.00642	T
997	0.00614	0.0062	T
998	0.8577	0.85791	A
999	0.04972	0.04988	A
1000	0.04922	0.04944	A
1001	0.05822	0.05843	A
1002	0.07915	0.08996	C
1003	0.00949	0.01024	T
1004	0.05324	0.05717	A
1005	0.00897	0.00944	G
1006	0.00755	0.00784	G
1007	0.12767	0.13281	C
1008	0.00604	0.00605	G
1009	0.00575	0.0059	G
1010	0.02553	0.0269	C
1011	0.00565	0.00586	T
1012	0.03505	0.03589	A
1013	0.0055	0.00601	T
1014	0.0065	0.00656	G
1015	0.00701	0.0071	G
1016	0.00739	0.00763	T
1017	0.03703	0.03798	A
1018	0.00717	0.0085	T
1019	0.05909	0.0592	A
1020	0.0426	0.05112	A
1021	0.0083	0.00929	T
1022	0.0578	0.066	A
1023	0.08345	0.09302	C
1024	0.00947	0.01017	G
1025	0.02452	0.02461	C
1026	0.01218	0.01252	C
1027	0.01017	0.0153	T
1028	0.03568	0.03724	C
1029	0.03822	0.04289	A
1030	0.07448	0.0794	C
1031	0.03507	0.03612	A
1032	0.06772	0.0716	C
1033	0.00949	0.01016	T
1034	0.05801	0.0601	C
1035	0.05445	0.06017	A
1036	0.01077	0.01093	T
1037	0.01032	0.01096	T
1038	0.0559	0.06182	C
1039	0.01337	0.01542	T
1040	0.06301	0.06835	C
1041	0.03259	0.03451	A
1042	0.03316	0.03604	A
1043	0.03931	0.03961	C
1044	0.02348	0.02402	C
1045	0.02365	0.02384	C
1046	0.02509	0.02516	C
1047	0.02617	0.0264	C
1048	0.01105	0.01288	T
1049	0.00994	0.01064	G
1050	0.0296	0.03009	A
1051	0.05127	0.05445	C
1052	0.03441	0.0348	A
1053	0.02168	0.02183	A
1054	0.03438	0.03459	A
1055	0.02467	0.02479	A
1056	0.04581	0.0543	C
1057	0.02866	0.02957	A
1058	0.03453	0.03608	C
1059	0.02854	0.03203	A
1060	0.00703	0.00843	T
1061	0.03906	0.04016	A
1062	0.00995	0.01032	G
1063	0.02107	0.02121	C
1064	0.01275	0.01294	C
1065	0.02062	0.0242	T
1066	0.03584	0.04019	A
1067	0.03437	0.03466	C
1068	0.03213	0.03312	C
1069	0.03058	0.03117	C
1070	0.0347	0.03584	C
1071	0.01062	0.01095	T
1072	0.00881	0.00914	T
1073	0.04615	0.04623	C
1074	0.04351	0.04384	C
1075	0.01023	0.01031	T
1076	0.01008	0.01037	T
1077	0.01027	0.01251	G
1078	0.00815	0.00857	T
1079	0.04055	0.04223	A
1080	0.06137	0.06383	C
1081	0.01105	0.01199	T
1082	0.03609	0.04483	A
1083	0.0133	0.01609	T
1084	0.04581	0.04704	C
1085	0.03998	0.04021	C
1086	0.03062	0.03118	C
1087	0.00882	0.00944	T
1088	0.04929	0.05067	A
1089	0.00969	0.01023	T
1090	0.007	0.00885	G
1091	0.02408	0.02534	A
1092	0.00532	0.00537	G
1093	0.00576	0.00595	G
1094	0.03321	0.03393	C
1095	0.03172	0.03252	A
1096	0.00778	0.01117	T
1097	0.02492	0.02493	A
1098	0.03451	0.03695	A
1099	0.00875	0.00895	T
1100	0.0084	0.00913	T
1101	0.02596	0.04558	A
1102	0.00885	0.01274	T
1103	0.04352	0.04357	A
1104	0.04088	0.04211	A
1105	0.06328	0.06607	C
1106	0.03857	0.03859	A
1107	0.04583	0.04727	A
1108	0.01023	0.01138	G
1109	0.03337	0.03464	C
1110	0.01377	0.01525	T
1111	0.03841	0.03841	C
1112	0.0288	0.02958	C
1113	0.03743	0.04828	A
1114	0.00974	0.01059	T
1115	0.03582	0.0363	C
1116	0.01243	0.01286	T
1117	0.00731	0.00811	G
1118	0.03711	0.03721	C
1119	0.01651	0.01712	C
1120	0.01435	0.01533	T
1121	0.0303	0.03285	A
1122	0.04019	0.04114	C
1123	0.01254	0.01347	G
1124	0.03051	0.03131	A
1125	0.05056	0.05508	C
1126	0.0364	0.03715	A
1127	0.039	0.03909	A
1128	0.03566	0.03644	A
1129	0.05764	0.0651	C
1130	0.04164	0.04701	A
1131	0.00936	0.01034	G
1132	0.03453	0.03504	A
1133	0.05578	0.05595	C
1134	0.0296	0.03027	C
1135	0.01505	0.01819	T
1136	0.02719	0.02803	A
1137	0.01607	0.01625	A
1138	0.04673	0.04711	A
1139	0.05967	0.06014	A
1140	0.01413	0.01548	T
1141	0.06388	0.06532	C
1142	0.01103	0.01153	G
1143	0.02598	0.02643	C
1144	0.00814	0.00902	T
1145	0.05618	0.05725	C
1146	0.04126	0.04679	A
1147	0.01048	0.0106	T
1148	0.00989	0.01043	T
1149	0.01018	0.01224	G
1150	0.04891	0.05133	C
1151	0.04457	0.04697	A
1152	0.01292	0.01384	T
1153	0.04487	0.04749	A
1154	0.06104	0.06406	C
1155	0.01258	0.01304	T
1156	0.056	0.05819	C
1157	0.01053	0.01064	T
1158	0.01076	0.01084	T
1159	0.05187	0.05407	C
1160	0.03605	0.03707	A
1161	0.03795	0.0389	A
1162	0.00886	0.0169	T
1163	0.04951	0.05201	C
1164	0.0354	0.03801	A
1165	0.01239	0.01303	G
1166	0.02108	0.02123	C
1167	0.03494	0.03599	C
1168	0.02372	0.02986	A
1169	0.04895	0.0515	C
1170	0.04877	0.05731	A
1171	0.01073	0.01244	T
1172	0.05014	0.05284	A
1173	0.00952	0.01052	G
1174	0.03724	0.0375	C
1175	0.02913	0.02921	C
1176	0.0336	0.03383	C
1177	0.00798	0.00896	T
1178	0.03849	0.03872	C
1179	0.01128	0.01224	G
1180	0.00632	0.00667	T
1181	0.03096	0.03181	A
1182	0.00995	0.01141	G
1183	0.00903	0.01092	T
1184	0.05731	0.0577	A
1185	0.05113	0.05328	A
1186	0.05981	0.06313	C
1187	0.04224	0.04337	A
1188	0.01095	0.01154	G
1189	0.05505	0.05547	C
1190	0.04337	0.04375	C
1191	0.05077	0.05478	A
1192	0.01222	0.01244	T
1193	0.01152	0.01204	T
1194	0.05851	0.06588	C
1195	0.01543	0.01724	T
1196	0.05488	0.06014	C
1197	0.03633	0.04104	A
1198	0.01657	0.02027	T
1199	0.0497	0.05066	C
1200	0.03494	0.03658	C
1201	0.02106	0.0222	A
1202	0.03845	0.04053	A
1203	0.04498	0.04748	A
1204	0.03357	0.03516	C
1205	0.0235	0.02401	C
1206	0.02617	0.02696	C
1207	0.03391	0.03406	C
1208	0.03722	0.03735	C
1209	0.01192	0.01408	T
1210	0.01117	0.01416	G
1211	0.05455	0.05529	A
1212	0.05527	0.0555	A
1213	0.00979	0.0104	G
1214	0.03611	0.03728	C
1215	0.0079	0.00799	T
1216	0.00837	0.00862	T
1217	0.03798	0.04187	C
1218	0.03887	0.04028	A
1219	0.06351	0.06356	C
1220	0.04203	0.0425	C
1221	0.00841	0.00854	G
1222	0.00835	0.00841	G
1223	0.02481	0.02536	C
1224	0.01417	0.01591	G
1225	0.05996	0.06254	C
1226	0.03534	0.03707	A
1227	0.01163	0.0118	G
1228	0.01065	0.01145	T
1229	0.04891	0.05008	C
1230	0.0524	0.05337	A
1231	0.01262	0.01269	T
1232	0.01288	0.01339	T
1233	0.04948	0.05505	C
1234	0.0136	0.01683	T
1235	0.05759	0.0604	C
1236	0.04649	0.05112	A
1237	0.01002	0.01317	T
1238	0.04512	0.04605	A
1239	0.05059	0.05654	A
1240	0.0223	0.02312	T
1241	0.04304	0.04784	C
1242	0.01313	0.01403	G
1243	0.02542	0.02551	C
1244	0.01965	0.01968	C
1245	0.03428	0.0344	C
1246	0.02886	0.0356	A
1247	0.04821	0.05087	C
1248	0.00777	0.00843	G
1249	0.00492	0.00496	G
1250	0.78336	0.78345	G
1251	0.03398	0.03417	C
1252	0.01044	0.01072	T
1253	0.01013	0.01557	T
1254	0.02706	0.03833	A
1255	0.052	0.0558	C
1256	0.04911	0.05068	A
1257	0.00695	0.00863	T
1258	0.02294	0.02323	C
1259	0.01899	0.01955	C
1260	0.01128	0.01451	T
1261	0.04324	0.04441	C
1262	0.03709	0.04225	A
1263	0.01236	0.01244	T
1264	0.0098	0.01052	T
1265	0.02493	0.04654	A
1266	0.05864	0.06176	C
1267	0.01169	0.0123	T
1268	0.05276	0.06021	A
1269	0.01068	0.01076	T
1270	0.01063	0.01086	T
1271	0.04056	0.05146	C
1272	0.02299	0.02355	T
1273	0.01176	0.01265	G
1274	0.03167	0.03191	C
1275	0.02234	0.02327	C
1276	0.0187	0.02202	T
1277	0.03664	0.03851	A
1278	0.01549	0.01658	G
1279	0.03567	0.03954	C
1280	0.03293	0.03366	A
1281	0.0363	0.03688	A
1282	0.03563	0.03595	A
1283	0.04808	0.05371	C
1284	0.01565	0.0185	T
1285	0.04231	0.04477	C
1286	0.03088	0.03258	A
1287	0.0352	0.0357	A
1288	0.03619	0.03638	A
1289	0.03985	0.04497	C
1290	0.01165	0.01229	T
1291	0.03217	0.03364	A
1292	0.04359	0.04459	C
1293	0.01472	0.01674	G
1294	0.02762	0.02806	A
1295	0.0422	0.04362	A
1296	0.05977	0.06155	C
1297	0.01653	0.01722	G
1298	0.0227	0.02384	C
1299	0.03204	0.03286	A
1300	0.03345	0.03434	C
1301	0.01722	0.01957	T
1302	0.03982	0.04131	C
1303	0.02861	0.03123	A
1304	0.04854	0.05025	C
1305	0.03387	0.03746	A
1306	0.01669	0.01769	G
1307	0.01539	0.01646	T
1308	0.04268	0.0433	C
1309	0.01234	0.01329	G
1310	0.02759	0.03059	C
1311	0.03295	0.03385	A
1312	0.013	0.01567	T
1313	0.04314	0.04535	C
1314	0.04121	0.0441	A
1315	0.01067	0.01604	T
1316	0.03888	0.03914	A
1317	0.05205	0.06158	A
1318	0.0062	0.00826	T
1319	0.03148	0.03327	C
1320	0.0206	0.02126	C
1321	0.00685	0.0073	T
1322	0.05001	0.05144	C
1323	0.01705	0.01819	T
1324	0.04684	0.04855	C
1325	0.01898	0.02174	T
1326	0.06072	0.06297	C
1327	0.03771	0.0413	A
1328	0.03323	0.03361	A
1329	0.00566	0.00577	G
1330	0.0046	0.00487	G
1331	0.02252	0.02917	A
1332	0.05518	0.0568	C
1333	0.01251	0.01265	T
1334	0.01357	0.01372	T
1335	0.05097	0.05538	C
1336	0.03441	0.03532	A
1337	0.03438	0.035	A
1338	0.03498	0.03522	A
1339	0.04987	0.05629	C
1340	0.01256	0.01318	T
1341	0.04292	0.04475	C
1342	0.01331	0.01442	T
1343	0.03823	0.0448	A
1344	0.04254	0.0459	C
1345	0.01847	0.02099	T
1346	0.03479	0.03479	C
1347	0.02795	0.02814	C
1348	0.02854	0.02955	C
1349	0.01886	0.02369	A
1350	0.05089	0.05267	C
1351	0.01162	0.01492	T
1352	0.04461	0.04526	A
1353	0.04714	0.04919	A
1354	0.01124	0.01258	T
1355	0.05036	0.05168	A
1356	0.01307	0.0138	G
1357	0.0527	0.05352	C
1358	0.00594	0.00601	T
1359	0.00626	0.00627	T
1360	0.0076	0.0076	T
1361	0.00841	0.00841	T
1362	0.00721	0.00722	T
1363	0.01482	0.01826	G
1364	0.05325	0.05551	A
1365	0.01116	0.01213	T
1366	0.00995	0.01042	G
1367	0.03983	0.04129	A
1368	0.05002	0.05251	C
1369	0.00953	0.00964	T
1370	0.01004	0.01019	T
1371	0.04786	0.05392	C
1372	0.01133	0.01205	T
1373	0.04704	0.05063	A
1374	0.01187	0.01242	G
1375	0.03829	0.04464	C
1376	0.03177	0.0322	A
1377	0.04223	0.0456	A
1378	0.0095	0.01034	G
1379	0.04082	0.04109	C
1380	0.02176	0.02253	C
1381	0.0112	0.01233	T
1382	0.04778	0.04861	C
1383	0.00886	0.00953	G
1384	0.04339	0.04586	C
1385	0.00808	0.00967	T
1386	0.03385	0.03479	A
1387	0.0456	0.0461	A
1388	0.0713	0.07174	C
1389	0.02578	0.02736	C
1390	0.01366	0.01579	T
1391	0.05143	0.05371	C
1392	0.00779	0.00896	G
1393	0.04194	0.04196	C
1394	0.03308	0.03335	C
1395	0.01376	0.01401	T
1396	0.01473	0.01621	T
1397	0.03359	0.03978	A
1398	0.02903	0.02918	C
1399	0.02409	0.02464	C
1400	0.01911	0.01944	C
1401	0.01734	0.01748	C
1402	0.02989	0.02999	C
1403	0.02232	0.02255	C
1404	0.01795	0.02437	A
1405	0.03341	0.03428	C
1406	0.00949	0.00977	T
1407	0.03792	0.03975	A
1408	0.01096	0.01106	T
1409	0.00933	0.01004	T
1410	0.02392	0.02438	A
1411	0.04144	0.04225	A
1412	0.06131	0.06193	C
1413	0.03075	0.03139	C
1414	0.01182	0.01239	T
1415	0.03922	0.04071	A
1416	0.06723	0.06883	C
1417	0.01032	0.01419	T
1418	0.00983	0.00998	G
1419	0.0045	0.00452	G
1420	0.00358	0.00359	G
1421	0.01667	0.01997	A
1422	0.0057	0.00655	G
1423	0.03909	0.03929	A
1424	0.03257	0.03357	A
1425	0.04366	0.04764	C
1426	0.01216	0.01261	T
1427	0.05346	0.0542	C
1428	0.01221	0.01268	T
1429	0.03012	0.03069	C
1430	0.01097	0.01154	T
1431	0.00977	0.01131	G
1432	0.00686	0.00738	T
1433	0.00784	0.00815	G
1434	0.02337	0.02415	C
1435	0.0089	0.00924	T
1436	0.03319	0.03399	A
1437	0.01232	0.01297	G
1438	0.0062	0.0088	T
1439	0.03058	0.03098	A
1440	0.0471	0.04812	A
1441	0.06218	0.0631	C
1442	0.03834	0.03868	C
1443	0.0283	0.03628	A
1444	0.06366	0.06531	C
1445	0.00854	0.0089	G
1446	0.00518	0.00526	T
1447	0.00473	0.00498	T
1448	0.03029	0.03725	C
1449	0.00427	0.00494	T
1450	0.01228	0.01229	C
1451	0.00841	0.00864	C
1452	0.01154	0.01235	T
1453	0.01114	0.01307	G
1454	0.04012	0.04062	A
1455	0.01051	0.01115	T
1456	0.05508	0.05654	C
1457	0.0295	0.02978	A
1458	0.04261	0.04426	A
1459	0.04131	0.04235	A
1460	0.01238	0.01403	T
1461	0.04806	0.0493	A
1462	0.01264	0.01379	T
1463	0.04993	0.05232	C
1464	0.04171	0.04385	A
1465	0.05853	0.06271	C
1466	0.01668	0.01741	T
1467	0.0468	0.04834	C
1468	0.00979	0.0118	T
1469	0.03466	0.03468	C
1470	0.01951	0.02169	C
1471	0.01144	0.01271	T
1472	0.03251	0.03477	A
1473	0.06156	0.06436	C
1474	0.01199	0.01221	T
1475	0.00775	0.00878	T
1476	0.03002	0.05177	A
1477	0.03558	0.03677	C
1478	0.02101	0.02221	A
1479	0.00503	0.0053	G
1480	0.00499	0.00518	G
1481	0.01991	0.02478	A
1482	0.0764	0.07754	C
1483	0.00887	0.0108	T
1484	0.03928	0.0407	C
1485	0.02486	0.02574	A
1486	0.02792	0.02877	A
1487	0.0449	0.04611	C
1488	0.05307	0.05469	A
1489	0.00859	0.00914	T
1490	0.02668	0.02706	A
1491	0.02661	0.02785	C
1492	0.01126	0.01168	T
1493	0.0235	0.02489	A
1494	0.00679	0.00704	G
1495	0.01191	0.01304	T
1496	0.02331	0.02396	C
1497	0.02051	0.02417	A
1498	0.02417	0.02655	C
1499	0.01888	0.02386	A
1500	0.00904	0.01013	G
1501	0.09892	0.09916	C
1502	0.03559	0.03576	C
1503	0.02011	0.0205	C
1504	0.00878	0.00944	T
1505	0.0402	0.04223	A
1506	0.01078	0.01167	T
1507	0.05567	0.05797	A
1508	0.0248	0.0272	C
1509	0.01059	0.0127	T
1510	0.02026	0.02083	C
1511	0.01811	0.01821	C
1512	0.01452	0.01528	C
1513	0.01448	0.0155	T
1514	0.04645	0.048	C
1515	0.01829	0.01974	T
1516	0.03159	0.03306	A
1517	0.05506	0.0564	C
1518	0.0308	0.03485	A
1519	0.01105	0.01152	T
1520	0.02987	0.03121	A
1521	0.01098	0.01101	T
1522	0.0127	0.01283	T
1523	0.01124	0.01161	T
1524	0.04633	0.05103	A
1525	0.04131	0.04175	C
1526	0.02556	0.02608	C
1527	0.02061	0.02929	A
1528	0.03827	0.04358	C
1529	0.03108	0.03123	A
1530	0.02368	0.02439	A
1531	0.0382	0.04339	C
1532	0.02801	0.02924	A
1533	0.04548	0.05119	C
1534	0.03489	0.03489	A
1535	0.03918	0.0407	A
1536	0.01997	0.02114	T
1537	0.01274	0.01281	G
1538	0.00509	0.00509	G
1539	0.00516	0.00516	G
1540	0.00924	0.0093	G
1541	0.03256	0.03987	C
1542	0.01343	0.01555	T
1543	0.04078	0.04304	C
1544	0.02894	0.02993	A
1545	0.04104	0.04265	C
1546	0.02436	0.02765	T
1547	0.0369	0.0388	C
1548	0.02576	0.02801	A
1549	0.02701	0.02701	C
1550	0.0204	0.02041	C
1551	0.01367	0.01452	C
1552	0.02399	0.03035	A
1553	0.03949	0.03949	C
1554	0.02822	0.02948	C
1555	0.02069	0.02473	A
1556	0.03765	0.03867	C
1557	0.02901	0.03062	A
1558	0.01798	0.01869	T
1559	0.02051	0.0211	T
1560	0.02806	0.02844	A
1561	0.03478	0.03585	A
1562	0.04716	0.0517	C
1563	0.02871	0.02876	A
1564	0.03367	0.03446	A
1565	0.04815	0.05156	C
1566	0.03554	0.037	A
1567	0.0149	0.02158	T
1568	0.0262	0.02627	A
1569	0.02055	0.02055	A
1570	0.03617	0.03617	A
1571	0.03573	0.0369	A
1572	0.03082	0.03352	C
1573	0.01723	0.01743	C
1574	0.01643	0.01664	C
1575	0.01775	0.01976	T
1576	0.03139	0.03292	C
1577	0.03446	0.04065	A
1578	0.01771	0.01789	T
1579	0.01602	0.01747	T
1580	0.04222	0.04657	C
1581	0.03496	0.03668	A
1582	0.04403	0.04766	C
1583	0.0327	0.03394	A
1584	0.04867	0.05146	C
1585	0.01375	0.01472	G
1586	0.0278	0.02887	A
1587	0.01163	0.01369	G
1588	0.03382	0.03389	A
1589	0.02127	0.02149	A
1590	0.03299	0.03322	A
1591	0.03511	0.03535	A
1592	0.0396	0.04685	C
1593	0.03179	0.03323	A
1594	0.038	0.03812	C
1595	0.02023	0.02035	C
1596	0.01824	0.01863	C
1597	0.01548	0.01704	T
1598	0.03611	0.037	C
1599	0.02864	0.03154	A
1600	0.01356	0.01412	T
1601	0.01663	0.01751	G
1602	0.01106	0.01107	T
1603	0.01893	0.01913	T
1604	0.04561	0.04815	C
1605	0.04593	0.04877	A
1606	0.01903	0.02035	T
1607	0.03466	0.03698	A
1608	0.04001	0.04284	C
1609	0.0293	0.02976	A
1610	0.04603	0.04659	C
1611	0.01532	0.01563	C
1612	0.01617	0.01739	T
1613	0.03853	0.04407	A
1614	0.02577	0.03048	T
1615	0.03147	0.03209	C
1616	0.01326	0.01332	C
1617	0.01541	0.01548	C
1618	0.01601	0.01604	C
1619	0.02124	0.0214	C
1620	0.03924	0.04218	A
1621	0.01616	0.01643	T
1622	0.02294	0.02572	T
1623	0.03226	0.03727	C
1624	0.01428	0.01762	T
1625	0.0236	0.02369	C
1626	0.01845	0.0191	C
1627	0.01195	0.01434	T
1628	0.02875	0.02875	C
1629	0.014	0.01624	C
1630	0.02188	0.02266	T
1631	0.0319	0.03859	A
1632	0.02151	0.02704	T
1633	0.02613	0.02659	C
1634	0.01784	0.018	C
1635	0.01821	0.01829	C
1636	0.01861	0.02048	T
1637	0.03045	0.03326	C
1638	0.02597	0.03063	A
1639	0.02852	0.0299	A
1640	0.03204	0.03225	C
1641	0.00534	0.00534	C
1642	0.00706	0.00706	C
1643	0.01027	0.01033	C
1644	0.01123	0.0124	G
1645	0.02457	0.02508	A
1646	0.02748	0.02775	C
1647	0.0224	0.02313	A
1648	0.01277	0.01419	T
1649	0.02784	0.029	C
1650	0.02611	0.02753	A
1651	0.01778	0.01778	T
1652	0.01562	0.01615	T
1653	0.02118	0.03171	A
1654	0.0369	0.03715	C
1655	0.01725	0.01754	C
1656	0.00642	0.00642	G
1657	0.00519	0.00519	G
1658	0.00498	0.00498	G
1659	0.00865	0.00877	T
1660	0.00962	0.00962	T
1661	0.00889	0.00889	T
1662	0.00715	0.00715	T
1663	0.02223	0.02223	C
1664	0.00915	0.00915	C
1665	0.01115	0.01135	T
1666	0.00563	0.0057	C
1667	0.0024	0.0024	T
1668	0.00019	0.00019	T
1669	0.0	0.0	A
1670	0.0	0.0	A
