Position	Mismatches	Mismatches + Deletions	Base
1	0.0	0.0	C
2	0.0	0.0	T
3	0.0	0.0	G
4	0.03692	0.03692	A
5	0.00728	0.00728	T
6	0.01062	0.01288	G
7	0.00619	0.00702	T
8	0.00668	0.00669	T
9	0.04783	0.05283	C
10	0.00932	0.00969	G
11	0.04906	0.05333	C
12	0.04033	0.04132	C
13	0.00702	0.01087	G
14	0.04657	0.04787	A
15	0.08982	0.08984	C
16	0.04902	0.04965	C
17	0.01138	0.01249	G
18	0.00812	0.00836	T
19	0.00977	0.0099	T
20	0.0069	0.0078	G
21	0.05255	0.05332	A
22	0.06784	0.06872	C
23	0.00799	0.0081	T
24	0.05761	0.06057	A
25	0.00716	0.00716	T
26	0.00621	0.00635	T
27	0.05482	0.06455	C
28	0.00805	0.00811	T
29	0.05363	0.05499	C
30	0.00864	0.00903	T
31	0.04386	0.04482	A
32	0.07363	0.07632	C
33	0.03363	0.03418	A
34	0.04117	0.04131	A
35	0.04199	0.04245	A
36	0.04418	0.04551	C
37	0.03407	0.03508	C
38	0.02194	0.02903	A
39	0.0555	0.05895	C
40	0.04923	0.04933	A
41	0.04854	0.04859	A
42	0.05016	0.05217	A
43	0.00822	0.00922	G
44	0.04207	0.04244	A
45	0.06178	0.0626	C
46	0.05677	0.05732	A
47	0.01006	0.01042	T
48	0.00918	0.00931	T
49	0.00836	0.00861	G
50	0.00901	0.00925	G
51	0.04552	0.04586	A
52	0.04871	0.04908	A
53	0.06978	0.07225	C
54	0.0513	0.05205	A
55	0.07551	0.0781	C
56	0.0078	0.00851	T
57	0.04846	0.06119	A
58	0.00933	0.0117	T
59	0.05483	0.05679	A
60	0.08416	0.08575	C
61	0.05016	0.05273	C
62	0.0061	0.00662	T
63	0.06339	0.06755	A
64	0.00795	0.00798	T
65	0.00837	0.00861	T
66	0.05563	0.1067	A
67	0.008	0.008	T
68	0.00751	0.00762	T
69	0.04948	0.05582	C
70	0.00796	0.00808	G
71	0.00809	0.00826	G
72	0.04387	0.04472	C
73	0.01024	0.0116	G
74	0.06264	0.06529	C
75	0.04844	0.04981	A
76	0.00604	0.00636	T
77	0.00465	0.00566	G
78	0.0455	0.04689	A
79	0.00709	0.00714	G
80	0.03693	0.03765	C
81	0.00328	0.00375	T
82	0.00579	0.00582	G
83	0.0056	0.00593	G
84	0.05881	0.0781	A
85	0.00926	0.00941	G
86	0.00827	0.00898	T
87	0.03894	0.03907	C
88	0.01842	0.01851	C
89	0.00647	0.00694	T
90	0.07599	0.08083	A
91	0.00665	0.00676	G
92	0.00644	0.00659	G
93	0.01508	0.016	C
94	0.0649	0.07184	A
95	0.02367	0.02459	C
96	0.0235	0.02755	A
97	0.00555	0.00577	G
98	0.00848	0.0087	C
99	0.00312	0.00338	T
100	0.0064	0.00678	C
101	0.00736	0.00964	T
102	0.0447	0.04589	A
103	0.09013	0.09177	A
104	0.00489	0.00571	G
105	0.06591	0.06624	C
106	0.01189	0.01208	C
107	0.00233	0.00348	T
108	0.0361	0.03615	C
109	0.06616	0.06822	C
110	0.00729	0.00731	T
111	0.01161	0.01191	T
112	0.03915	0.11189	A
113	0.0101	0.0101	T
114	0.0106	0.01081	T
115	0.11931	0.13076	C
116	0.00717	0.00873	G
117	0.05817	0.06096	A
118	0.00806	0.00826	G
119	0.0317	0.03192	C
120	0.06146	0.06187	C
121	0.00626	0.00781	G
122	0.04288	0.04586	A
123	0.00743	0.00752	G
124	0.02402	0.02496	C
125	0.00503	0.00556	T
126	0.00534	0.00544	G
127	0.00608	0.0063	G
128	0.00832	0.00838	G
129	0.02054	0.02064	C
130	0.02266	0.02321	C
131	0.05807	0.08832	A
132	0.00879	0.00901	G
133	0.07334	0.07351	C
134	0.05793	0.05864	C
135	0.03512	0.06033	A
136	0.00536	0.00539	G
137	0.00711	0.00721	G
138	0.05232	0.05415	C
139	0.08204	0.08277	A
140	0.05971	0.06011	A
141	0.07048	0.07078	C
142	0.05227	0.05253	C
143	0.00588	0.00597	T
144	0.00942	0.00958	T
145	0.08169	0.09813	C
146	0.01031	0.01039	T
147	0.06825	0.07284	A
148	0.00659	0.00671	G
149	0.00695	0.00714	G
150	0.00406	0.00447	T
151	0.03833	0.03858	A
152	0.04162	0.04228	A
153	0.04922	0.05086	C
154	0.01072	0.01188	G
155	0.07173	0.07388	A
156	0.06855	0.06882	C
157	0.05168	0.05282	C
158	0.03637	0.04485	A
159	0.08603	0.0887	C
160	0.0488	0.05409	A
161	0.00952	0.01048	T
162	0.07003	0.07118	C
163	0.00905	0.01008	T
164	0.06115	0.06412	A
165	0.08906	0.09365	C
166	0.05222	0.05228	A
167	0.06419	0.06534	A
168	0.05277	0.05472	C
169	0.00876	0.00921	G
170	0.00426	0.00435	T
171	0.00532	0.00546	T
172	0.02717	0.04507	A
173	0.00558	0.00649	T
174	0.04835	0.04967	C
175	0.01065	0.01148	G
176	0.00696	0.0084	T
177	0.06314	0.06429	C
178	0.06244	0.0713	A
179	0.04675	0.05131	C
180	0.04679	0.05853	A
181	0.00974	0.01077	G
182	0.01626	0.01638	C
183	0.01592	0.01597	C
184	0.01788	0.01816	C
185	0.02243	0.0329	A
186	0.00628	0.0066	T
187	0.00485	0.00541	G
188	0.03096	0.03168	C
189	0.05425	0.05566	A
190	0.00585	0.00598	T
191	0.00741	0.00758	T
192	0.00822	0.00829	T
193	0.00825	0.01006	G
194	0.00795	0.00852	T
195	0.05742	0.05939	A
196	0.04371	0.04556	A
197	0.0076	0.00818	T
198	0.05226	0.05319	A
199	0.04758	0.05856	A
200	0.00657	0.00702	T
201	0.11008	0.11825	C
202	0.00727	0.00733	T
203	0.00617	0.00635	T
204	0.0685	0.09385	C
205	0.00719	0.00722	T
206	0.00691	0.00738	T
207	0.0759	0.08089	C
208	0.06561	0.06859	A
209	0.00815	0.00867	T
210	0.06158	0.06382	A
211	0.00802	0.00959	G
212	0.00645	0.00709	T
213	0.06691	0.06742	A
214	0.04745	0.05257	A
215	0.01519	0.0175	T
216	0.05816	0.06103	A
217	0.07255	0.07759	C
218	0.04375	0.0444	C
219	0.03243	0.03284	C
220	0.04162	0.04931	A
221	0.0088	0.01244	T
222	0.05609	0.05864	C
223	0.04884	0.05419	A
224	0.00619	0.0069	T
225	0.05323	0.05336	A
226	0.04524	0.05254	A
227	0.00419	0.00525	T
228	0.02711	0.02941	C
229	0.00817	0.00842	G
230	0.00509	0.00536	G
231	0.03299	0.04325	A
232	0.00551	0.00552	G
233	0.00479	0.00491	G
234	0.02503	0.02565	C
235	0.00339	0.00341	T
236	0.00681	0.00686	T
237	0.00727	0.00727	T
238	0.00524	0.00536	G
239	0.00509	0.00513	G
240	0.09159	0.09296	C
241	0.04027	0.04067	A
242	0.03576	0.03582	A
243	0.03659	0.03751	C
244	0.00499	0.00518	T
245	0.00866	0.01146	G
246	0.06227	0.06309	A
247	0.0932	0.09514	C
248	0.00807	0.00821	T
249	0.05629	0.05999	A
250	0.00949	0.01025	G
251	0.0058	0.00595	T
252	0.00574	0.00581	T
253	0.03342	0.03351	C
254	0.03108	0.03111	C
255	0.03437	0.03447	C
256	0.02696	0.02705	C
257	0.00579	0.00736	T
258	0.06312	0.06477	A
259	0.06283	0.06409	A
260	0.00848	0.00921	T
261	0.05842	0.05854	A
262	0.05418	0.0644	A
263	0.00654	0.00715	T
264	0.05531	0.05954	C
265	0.00698	0.00702	G
266	0.00762	0.00777	G
267	0.01192	0.01266	T
268	0.00893	0.00994	G
269	0.02256	0.02335	C
270	0.01468	0.01478	C
271	0.02681	0.02684	C
272	0.00872	0.00874	C
273	0.00871	0.00871	C
274	0.00634	0.00743	G
275	0.02611	0.0267	A
276	0.00344	0.0035	T
277	0.05222	0.05371	A
278	0.00843	0.00854	T
279	0.00603	0.00615	G
280	0.00577	0.00581	G
281	0.06884	0.06919	C
282	0.01122	0.01163	G
283	0.00373	0.00389	T
284	0.01006	0.01014	T
285	0.01239	0.01243	T
286	0.06576	0.06615	C
287	0.05844	0.05851	C
288	0.04873	0.04878	C
289	0.04097	0.04106	C
290	0.00682	0.00953	G
291	0.051	0.05197	C
292	0.03791	0.04095	A
293	0.00917	0.01077	T
294	0.04991	0.05017	A
295	0.03959	0.0399	A
296	0.04087	0.04181	A
297	0.06487	0.07178	C
298	0.03425	0.03435	A
299	0.03633	0.03838	A
300	0.07202	0.0763	C
301	0.05729	0.06198	A
302	0.00673	0.00913	T
303	0.05673	0.05676	A
304	0.05804	0.0626	A
305	0.00749	0.00917	G
306	0.05821	0.06001	C
307	0.00692	0.00702	T
308	0.00684	0.00696	T
309	0.05065	0.05655	C
310	0.00856	0.00884	T
311	0.00585	0.00867	G
312	0.05346	0.05463	A
313	0.04846	0.04965	C
314	0.0067	0.00697	T
315	0.0558	0.05865	C
316	0.00612	0.00612	T
317	0.00787	0.00828	T
318	0.04038	0.06725	A
319	0.05054	0.05243	C
320	0.03057	0.03171	C
321	0.00934	0.01086	T
322	0.04523	0.04634	C
323	0.03425	0.0344	C
324	0.0359	0.03803	C
325	0.00624	0.00709	T
326	0.06104	0.06436	C
327	0.01256	0.01323	T
328	0.04899	0.05172	C
329	0.00537	0.00608	T
330	0.03352	0.03359	C
331	0.02106	0.02339	C
332	0.00852	0.00964	T
333	0.06402	0.07433	A
334	0.04506	0.04684	C
335	0.00812	0.00887	T
336	0.03295	0.033	C
337	0.0226	0.02422	C
338	0.00752	0.0091	T
339	0.01047	0.01199	G
340	0.03677	0.03873	C
341	0.00765	0.00996	T
342	0.065	0.06779	C
343	0.00908	0.01187	G
344	0.03972	0.04276	C
345	0.05011	0.05377	A
346	0.00649	0.00728	T
347	0.04985	0.05041	C
348	0.00793	0.0082	T
349	0.00646	0.00686	G
350	0.03973	0.04116	C
351	0.00713	0.0072	T
352	0.0583	0.05991	A
353	0.00922	0.00966	T
354	0.06197	0.0648	A
355	0.00941	0.01006	G
356	0.00733	0.00796	T
357	0.00622	0.00622	G
358	0.00515	0.00534	G
359	0.02401	0.03021	A
360	0.00605	0.00605	G
361	0.00713	0.0073	G
362	0.06579	0.06663	C
363	0.07062	0.07098	C
364	0.00511	0.00518	G
365	0.00405	0.00419	G
366	0.01567	0.01899	A
367	0.00847	0.00927	G
368	0.12498	0.12682	C
369	0.02066	0.02196	A
370	0.00526	0.00527	G
371	0.00715	0.00738	G
372	0.03395	0.03416	A
373	0.06639	0.06689	A
374	0.11721	0.12013	C
375	0.05571	0.05625	A
376	0.00593	0.00616	G
377	0.00701	0.00706	G
378	0.00605	0.0061	T
379	0.00642	0.00652	T
380	0.01259	0.01318	G
381	0.06528	0.06578	A
382	0.06722	0.06753	A
383	0.12781	0.12991	C
384	0.07121	0.07252	A
385	0.00584	0.00612	G
386	0.00455	0.00481	T
387	0.02689	0.02775	C
388	0.00642	0.00726	T
389	0.03721	0.04093	A
390	0.03957	0.03989	C
391	0.0797	0.0811	C
392	0.04606	0.04764	C
393	0.00625	0.00827	T
394	0.01689	0.01689	C
395	0.01952	0.01954	C
396	0.03852	0.03939	C
397	0.0043	0.00446	T
398	0.00876	0.00882	T
399	0.06675	0.10707	A
400	0.0146	0.01644	G
401	0.09574	0.09881	C
402	0.04279	0.04508	A
403	0.00378	0.00381	G
404	0.00356	0.0036	G
405	0.00435	0.00436	G
406	0.03009	0.03025	A
407	0.06649	0.06675	A
408	0.09642	0.09939	C
409	0.0086	0.00906	T
410	0.09383	0.10139	A
411	0.04744	0.05049	C
412	0.00814	0.00903	T
413	0.0246	0.02473	C
414	0.0201	0.02016	C
415	0.05644	0.05738	C
416	0.04345	0.06302	A
417	0.07359	0.07359	C
418	0.05847	0.0585	C
419	0.04609	0.05028	C
420	0.00662	0.00825	T
421	0.00479	0.00493	G
422	0.00436	0.00481	G
423	0.03172	0.04029	A
424	0.00672	0.00683	G
425	0.10073	0.10171	C
426	0.03299	0.03336	C
427	0.00444	0.00557	T
428	0.05703	0.0571	C
429	0.06902	0.06918	C
430	0.00591	0.00752	G
431	0.00364	0.0042	T
432	0.02977	0.03177	A
433	0.00625	0.00654	G
434	0.02614	0.02689	A
435	0.02826	0.02841	C
436	0.01466	0.01516	C
437	0.00834	0.0093	T
438	0.03895	0.03999	A
439	0.03715	0.03773	A
440	0.04887	0.04921	C
441	0.02676	0.027	C
442	0.05648	0.068	A
443	0.00726	0.00777	T
444	0.07212	0.073	C
445	0.00802	0.00814	T
446	0.00731	0.00759	T
447	0.04414	0.05645	C
448	0.00628	0.00684	T
449	0.05005	0.05006	C
450	0.03919	0.04092	C
451	0.00668	0.00672	T
452	0.00932	0.0096	T
453	0.03515	0.06654	A
454	0.03507	0.03655	C
455	0.023	0.02458	A
456	0.02811	0.02821	C
457	0.02562	0.02611	C
458	0.00505	0.00591	T
459	0.07041	0.07451	A
460	0.01206	0.01417	G
461	0.07295	0.07488	C
462	0.05431	0.05691	A
463	0.00628	0.00632	G
464	0.00758	0.00782	G
465	0.00282	0.00292	T
466	0.00635	0.00668	G
467	0.00369	0.00404	T
468	0.07343	0.0738	C
469	0.00572	0.00636	T
470	0.04001	0.04019	C
471	0.02914	0.03018	C
472	0.0047	0.00509	T
473	0.06573	0.06948	C
474	0.00617	0.00677	T
475	0.0536	0.05784	A
476	0.00789	0.00838	T
477	0.09495	0.09684	C
478	0.00888	0.00888	T
479	0.01082	0.01106	T
480	0.04859	0.06007	A
481	0.01215	0.01223	G
482	0.00645	0.00654	G
483	0.00596	0.006	G
484	0.00699	0.0071	G
485	0.06812	0.06847	C
486	0.03245	0.03292	C
487	0.02756	0.03143	A
488	0.00583	0.00678	T
489	0.05796	0.05897	C
490	0.03755	0.03811	A
491	0.06138	0.06297	A
492	0.00553	0.00566	T
493	0.00937	0.00958	T
494	0.00907	0.00959	T
495	0.05966	0.06385	C
496	0.05164	0.0544	A
497	0.01179	0.0137	T
498	0.05476	0.05875	C
499	0.03506	0.03638	A
500	0.06347	0.0741	C
501	0.03174	0.0322	A
502	0.03587	0.03651	A
503	0.07621	0.08189	C
504	0.0335	0.03377	A
505	0.04278	0.04386	A
506	0.0084	0.00919	T
507	0.00964	0.01007	T
508	0.03211	0.05362	A
509	0.00854	0.00998	T
510	0.07822	0.08154	C
511	0.05328	0.05788	A
512	0.04158	0.04502	A
513	0.00835	0.00934	T
514	0.05301	0.05638	A
515	0.00901	0.01101	T
516	0.0352	0.0353	A
517	0.02322	0.02327	A
518	0.04175	0.04175	A
519	0.05468	0.0553	A
520	0.0411	0.04396	C
521	0.02404	0.02426	C
522	0.02089	0.02094	C
523	0.02386	0.02392	C
524	0.02713	0.02724	C
525	0.01568	0.01658	T
526	0.0077	0.00818	G
527	0.04085	0.04095	C
528	0.03892	0.0392	C
529	0.02767	0.0538	A
530	0.00978	0.01439	T
531	0.04576	0.04595	A
532	0.03581	0.04058	A
533	0.05278	0.05354	C
534	0.03837	0.0386	C
535	0.0401	0.0404	C
536	0.03294	0.03386	A
537	0.04733	0.0492	A
538	0.00993	0.01209	T
539	0.05628	0.05774	A
540	0.06976	0.07064	C
541	0.04367	0.04515	C
542	0.02112	0.02151	A
543	0.04409	0.04462	A
544	0.05875	0.06065	A
545	0.08946	0.10198	C
546	0.01051	0.01176	G
547	0.02828	0.0284	C
548	0.01876	0.01882	C
549	0.02968	0.02971	C
550	0.03684	0.03698	C
551	0.00519	0.00605	T
552	0.07188	0.07398	C
553	0.00764	0.00765	T
554	0.00976	0.01034	T
555	0.07231	0.07595	C
556	0.00987	0.01054	G
557	0.00806	0.00875	T
558	0.05529	0.05567	C
559	0.00947	0.01016	T
560	0.00724	0.01373	G
561	0.05442	0.0578	A
562	0.00869	0.00909	T
563	0.07389	0.07465	C
564	0.04937	0.05028	C
565	0.00837	0.01361	G
566	0.01088	0.01168	T
567	0.05728	0.05747	C
568	0.03289	0.03311	C
569	0.00885	0.01005	T
570	0.04728	0.04904	A
571	0.05439	0.05577	A
572	0.0081	0.01005	T
573	0.06646	0.06803	C
574	0.05837	0.06478	A
575	0.04443	0.04741	C
576	0.03592	0.0408	A
577	0.00832	0.00927	G
578	0.03301	0.03447	C
579	0.03258	0.0393	A
580	0.00852	0.00891	G
581	0.00673	0.00781	T
582	0.06088	0.06103	C
583	0.04202	0.04281	C
584	0.00669	0.00748	T
585	0.04869	0.05105	A
586	0.078	0.08071	C
587	0.01034	0.01079	T
588	0.0087	0.00899	T
589	0.04102	0.05398	C
590	0.00709	0.00764	T
591	0.06826	0.06827	C
592	0.03943	0.04478	C
593	0.00774	0.00869	T
594	0.06224	0.07305	A
595	0.00957	0.00988	T
596	0.07388	0.0766	C
597	0.01143	0.0122	T
598	0.05925	0.0636	C
599	0.01113	0.01254	T
600	0.07462	0.07485	C
601	0.03696	0.03698	C
602	0.0247	0.02507	C
603	0.02512	0.04237	A
604	0.00743	0.00805	G
605	0.00613	0.00696	T
606	0.04856	0.04863	C
607	0.03867	0.03896	C
608	0.0075	0.00788	T
609	0.05906	0.06261	A
610	0.00663	0.00686	G
611	0.04393	0.04531	C
612	0.00609	0.00631	T
613	0.00629	0.00712	G
614	0.01828	0.01955	C
615	0.00648	0.00731	T
616	0.00503	0.00504	G
617	0.00579	0.00596	G
618	0.09445	0.09627	C
619	0.04353	0.0444	A
620	0.00812	0.00941	T
621	0.05105	0.05233	C
622	0.04396	0.04451	A
623	0.07161	0.07428	C
624	0.00721	0.00792	T
625	0.05864	0.06264	A
626	0.00896	0.01031	T
627	0.06035	0.06218	A
628	0.07422	0.08028	C
629	0.00774	0.01	T
630	0.05164	0.05387	A
631	0.06823	0.07618	C
632	0.008	0.00973	T
633	0.05785	0.05844	A
634	0.05561	0.05791	A
635	0.06639	0.06952	C
636	0.05185	0.0568	A
637	0.00942	0.01034	G
638	0.03508	0.03586	A
639	0.03714	0.03739	C
640	0.04127	0.04195	C
641	0.01033	0.02134	G
642	0.06132	0.07641	C
643	0.04325	0.04609	A
644	0.04641	0.0469	A
645	0.0727	0.07305	C
646	0.03561	0.03657	C
647	0.00816	0.01067	T
648	0.06076	0.06303	C
649	0.04632	0.04971	A
650	0.04492	0.04569	A
651	0.06859	0.07601	C
652	0.04717	0.04971	A
653	0.06826	0.06851	C
654	0.06217	0.0655	C
655	0.06683	0.07858	A
656	0.02386	0.02388	C
657	0.01714	0.01744	C
658	0.00289	0.00306	T
659	0.0032	0.00329	T
660	0.01564	0.02232	C
661	0.0033	0.0033	T
662	0.00331	0.00352	T
663	0.02328	0.02475	C
664	0.00783	0.00959	G
665	0.08223	0.08526	A
666	0.03456	0.0348	C
667	0.03941	0.03995	C
668	0.03845	0.03867	C
669	0.04478	0.04535	C
670	0.00847	0.01058	G
671	0.0585	0.0585	C
672	0.01303	0.01317	C
673	0.00535	0.0054	G
674	0.00508	0.00525	G
675	0.01868	0.02245	A
676	0.00568	0.00568	G
677	0.00569	0.00588	G
678	0.02584	0.0322	A
679	0.00625	0.00626	G
680	0.00642	0.00677	G
681	0.06567	0.10179	A
682	0.01218	0.01455	G
683	0.05285	0.05614	A
684	0.05242	0.05343	C
685	0.04241	0.04253	C
686	0.04368	0.04372	C
687	0.04437	0.04441	C
688	0.04526	0.05	A
689	0.00709	0.00725	T
690	0.00855	0.00897	T
691	0.06046	0.07105	C
692	0.00861	0.00928	T
693	0.05281	0.0677	A
694	0.0099	0.01207	T
695	0.05254	0.05426	A
696	0.06193	0.06344	C
697	0.0421	0.04329	C
698	0.04405	0.04532	A
699	0.04726	0.04885	A
700	0.07764	0.08753	C
701	0.04784	0.05037	A
702	0.07081	0.07146	C
703	0.03461	0.03645	C
704	0.0061	0.00676	T
705	0.07835	0.08311	A
706	0.00694	0.00702	T
707	0.00657	0.00677	T
708	0.06971	0.08193	C
709	0.01781	0.01794	T
710	0.01735	0.01924	G
711	0.05778	0.06114	A
712	0.00212	0.00216	T
713	0.00251	0.00253	T
714	0.00162	0.00162	T
715	0.00459	0.0046	T
716	0.00462	0.00463	T
717	0.03862	0.04314	C
718	0.01065	0.01079	G
719	0.00787	0.00827	G
720	0.0145	0.01992	T
721	0.06105	0.06441	C
722	0.0545	0.05643	A
723	0.09988	0.10004	C
724	0.04241	0.0425	C
725	0.03044	0.03114	C
726	0.00578	0.00773	T
727	0.00624	0.00772	G
728	0.03077	0.0315	A
729	0.03901	0.03938	A
730	0.00822	0.00873	G
731	0.00532	0.00547	T
732	0.00595	0.00602	T
733	0.00758	0.00773	T
734	0.05326	0.06357	A
735	0.00735	0.00781	T
736	0.06861	0.07794	A
737	0.00765	0.00766	T
738	0.00654	0.00669	T
739	0.07335	0.08906	C
740	0.00989	0.00989	T
741	0.00819	0.00834	T
742	0.02107	0.0646	A
743	0.00785	0.00852	T
744	0.05746	0.05918	C
745	0.02943	0.03058	C
746	0.00715	0.00851	T
747	0.05282	0.05532	A
748	0.06582	0.0661	C
749	0.04248	0.04353	C
750	0.0288	0.04931	A
751	0.00533	0.00549	G
752	0.00504	0.00511	G
753	0.07178	0.0736	C
754	0.00613	0.00625	T
755	0.00636	0.0064	T
756	0.04258	0.04514	C
757	0.00594	0.00599	G
758	0.00433	0.00443	G
759	0.03217	0.03248	A
760	0.03962	0.03986	A
761	0.00602	0.00642	T
762	0.04345	0.0436	A
763	0.04937	0.05379	A
764	0.01022	0.01085	T
765	0.04633	0.05221	C
766	0.01241	0.01373	T
767	0.04431	0.04459	C
768	0.03436	0.03447	C
769	0.0491	0.05036	C
770	0.03428	0.04576	A
771	0.00758	0.00796	T
772	0.04637	0.04762	A
773	0.00728	0.00731	T
774	0.00796	0.00807	T
775	0.00703	0.00907	G
776	0.00623	0.00763	T
777	0.04576	0.04663	A
778	0.03865	0.03926	A
779	0.07076	0.07328	C
780	0.00617	0.00637	T
781	0.0063	0.00683	T
782	0.03102	0.04969	A
783	0.06076	0.06422	C
784	0.0061	0.00791	T
785	0.05083	0.05935	A
786	0.0563	0.06095	C
787	0.00656	0.00707	T
788	0.02801	0.02814	C
789	0.02275	0.02302	C
790	0.00464	0.0048	G
791	0.00896	0.00939	G
792	0.00148	0.00185	A
793	0.00133	0.0015	A
794	0.00364	0.00373	A
795	0.02301	0.0231	A
796	0.0235	0.0236	A
797	0.03303	0.03322	A
798	0.02641	0.02646	A
799	0.01139	0.01252	G
800	0.03	0.03007	A
801	0.05267	0.05303	A
802	0.0442	0.04456	C
803	0.02877	0.02893	C
804	0.04432	0.04624	A
805	0.00393	0.004	T
806	0.00559	0.0056	T
807	0.00559	0.00561	T
808	0.0062	0.00627	G
809	0.00616	0.00625	G
810	0.0145	0.03788	A
811	0.00448	0.00473	T
812	0.02558	0.02587	A
813	0.0496	0.05034	C
814	0.03335	0.03474	A
815	0.00396	0.00423	T
816	0.02252	0.02288	A
817	0.00524	0.00541	G
818	0.00696	0.00704	G
819	0.00568	0.00592	T
820	0.07016	0.0712	A
821	0.00833	0.00877	T
822	0.00634	0.00645	G
823	0.00583	0.00601	G
824	0.00504	0.00535	T
825	0.04239	0.04311	C
826	0.00733	0.00794	T
827	0.0073	0.0101	G
828	0.07403	0.07526	A
829	0.0079	0.00803	G
830	0.03031	0.03136	C
831	0.004	0.00412	T
832	0.03075	0.03155	A
833	0.00504	0.00539	T
834	0.00554	0.00654	G
835	0.06551	0.0673	A
836	0.00498	0.00507	T
837	0.03987	0.04056	A
838	0.00459	0.0053	T
839	0.04452	0.04622	C
840	0.04197	0.0423	A
841	0.05172	0.05518	A
842	0.00561	0.00565	T
843	0.00814	0.00825	T
844	0.00804	0.00815	G
845	0.00556	0.00565	G
846	0.06767	0.06999	C
847	0.00504	0.00508	T
848	0.00452	0.00463	T
849	0.03967	0.03992	C
850	0.03177	0.03236	C
851	0.00713	0.00778	T
852	0.07094	0.07697	A
853	0.00502	0.00507	G
854	0.00494	0.005	G
855	0.00841	0.00853	G
856	0.00439	0.00449	T
857	0.00603	0.00608	T
858	0.00733	0.0075	T
859	0.07138	0.07942	A
860	0.00701	0.0075	T
861	0.06701	0.06887	C
862	0.00896	0.00953	G
863	0.00514	0.00578	T
864	0.01056	0.01132	G
865	0.01159	0.01409	T
866	0.00697	0.00775	G
867	0.05109	0.0541	A
868	0.01043	0.01095	G
869	0.04677	0.05051	C
870	0.04007	0.04681	A
871	0.03838	0.04097	C
872	0.03941	0.04084	A
873	0.04937	0.04948	C
874	0.04905	0.05061	C
875	0.03246	0.04089	A
876	0.00736	0.00784	T
877	0.04284	0.04505	A
878	0.00749	0.00775	T
879	0.04948	0.05111	A
880	0.00649	0.00651	T
881	0.00767	0.0077	T
882	0.00746	0.00754	T
883	0.04875	0.05823	A
884	0.0768	0.07747	C
885	0.05789	0.05893	A
886	0.00924	0.00987	G
887	0.00681	0.00745	T
888	0.05029	0.0518	A
889	0.00561	0.00567	G
890	0.00499	0.0051	G
891	0.03818	0.03836	A
892	0.0496	0.05024	A
893	0.00726	0.00813	T
894	0.05148	0.05277	A
895	0.0062	0.00654	G
896	0.03993	0.04076	A
897	0.06906	0.07021	C
898	0.00831	0.00869	G
899	0.00572	0.00706	T
900	0.04967	0.05107	A
901	0.00763	0.00824	G
902	0.06314	0.06508	A
903	0.04764	0.05091	C
904	0.03701	0.03856	A
905	0.04292	0.0474	C
906	0.03551	0.0369	A
907	0.05668	0.05936	C
908	0.00723	0.0081	G
909	0.03722	0.03824	A
910	0.00848	0.00917	G
911	0.06377	0.06514	C
912	0.05118	0.052	A
913	0.00757	0.00793	T
914	0.073	0.07471	A
915	0.00538	0.00541	T
916	0.00735	0.00737	T
917	0.00803	0.00806	T
918	0.06125	0.0643	C
919	0.05426	0.05537	A
920	0.07739	0.07782	C
921	0.03203	0.03276	C
922	0.00975	0.01129	T
923	0.04289	0.04291	C
924	0.04481	0.0457	C
925	0.00727	0.00984	G
926	0.0421	0.04689	C
927	0.00725	0.00788	T
928	0.04396	0.04519	A
929	0.06143	0.06156	C
930	0.04528	0.04595	C
931	0.03122	0.04866	A
932	0.0069	0.00845	T
933	0.05002	0.05009	A
934	0.05202	0.05772	A
935	0.00776	0.00967	T
936	0.05536	0.05796	C
937	0.04936	0.05418	A
938	0.01026	0.0107	T
939	0.05757	0.06028	C
940	0.00749	0.00775	G
941	0.03111	0.03232	C
942	0.00503	0.00559	T
943	0.06308	0.06833	A
944	0.01096	0.0121	T
945	0.03063	0.03187	C
946	0.01964	0.01996	C
947	0.0325	0.03258	C
948	0.04195	0.04246	C
949	0.03495	0.04104	A
950	0.07109	0.07111	C
951	0.03978	0.04034	C
952	0.00501	0.00549	G
953	0.005	0.00502	G
954	0.0202	0.02043	C
955	0.00858	0.00873	G
956	0.00622	0.00759	T
957	0.0456	0.04677	C
958	0.04778	0.04808	A
959	0.0535	0.05371	A
960	0.0504	0.05064	A
961	0.01225	0.01359	G
962	0.00724	0.00797	T
963	0.06083	0.06254	A
964	0.00903	0.00907	T
965	0.01004	0.01005	T
966	0.00988	0.00997	T
967	0.0728	0.09112	A
968	0.01	0.01035	G
969	0.0478	0.0489	C
970	0.0053	0.00567	T
971	0.00621	0.00756	G
972	0.05964	0.06177	A
973	0.05567	0.05703	C
974	0.01195	0.01304	T
975	0.05219	0.05401	C
976	0.00965	0.01054	G
977	0.01426	0.01427	C
978	0.01425	0.01452	C
979	0.03556	0.06935	A
980	0.07186	0.07777	C
981	0.04909	0.05598	A
982	0.05709	0.0618	C
983	0.01068	0.01196	T
984	0.05238	0.05238	C
985	0.04533	0.04612	C
986	0.03955	0.05104	A
987	0.08744	0.08951	C
988	0.00629	0.00696	G
989	0.00585	0.00617	G
990	0.03021	0.03065	A
991	0.03576	0.03592	A
992	0.00747	0.00901	G
993	0.04157	0.04338	C
994	0.0586	0.05877	A
995	0.05351	0.05394	A
996	0.00925	0.01004	T
997	0.05756	0.05827	A
998	0.00846	0.00891	T
999	0.00818	0.00958	G
1000	0.02712	0.02737	A
1001	0.07077	0.0722	A
1002	0.05407	0.05619	A
1003	0.00727	0.00834	T
1004	0.0081	0.0117	G
1005	0.05716	0.06037	A
1006	0.00688	0.00738	T
1007	0.08238	0.08439	C
1008	0.00738	0.00795	T
1009	0.00777	0.0095	G
1010	0.03865	0.04065	C
1011	0.00514	0.00597	T
1012	0.00835	0.0096	G
1013	0.05973	0.06215	C
1014	0.04568	0.05163	A
1015	0.00999	0.01033	G
1016	0.00577	0.00646	T
1017	0.00695	0.00728	G
1018	0.03388	0.03498	C
1019	0.00646	0.00667	T
1020	0.06482	0.06599	C
1021	0.00986	0.01057	T
1022	0.00701	0.01161	G
1023	0.06347	0.06839	A
1024	0.00971	0.01046	G
1025	0.02367	0.02406	C
1026	0.03572	0.0359	C
1027	0.03388	0.03424	C
1028	0.00698	0.00757	T
1029	0.05682	0.05832	A
1030	0.00635	0.00658	G
1031	0.00579	0.006	G
1032	0.05261	0.06083	A
1033	0.00792	0.00799	T
1034	0.00903	0.00925	T
1035	0.08101	0.08634	C
1036	0.06947	0.07535	A
1037	0.00761	0.00805	T
1038	0.07504	0.07887	C
1039	0.00394	0.00405	T
1040	0.00745	0.0075	T
1041	0.00569	0.0059	T
1042	0.10543	0.12346	C
1043	0.00483	0.00484	T
1044	0.00432	0.00432	T
1045	0.00645	0.00645	T
1046	0.00909	0.00915	T
1047	0.06268	0.07771	C
1048	0.05704	0.05776	A
1049	0.06446	0.06446	C
1050	0.03823	0.03851	C
1051	0.00901	0.01401	G
1052	0.00809	0.00927	T
1053	0.04857	0.04928	A
1054	0.00798	0.00815	G
1055	0.00966	0.01009	G
1056	0.00788	0.00839	T
1057	0.00794	0.00795	G
1058	0.005	0.00509	G
1059	0.02191	0.02215	C
1060	0.02046	0.02085	C
1061	0.00488	0.00632	T
1062	0.00717	0.0091	G
1063	0.06561	0.06733	A
1064	0.10009	0.10217	C
1065	0.01093	0.01176	T
1066	0.00575	0.0058	G
1067	0.00547	0.00558	G
1068	0.01614	0.01643	C
1069	0.03985	0.04066	A
1070	0.00574	0.00578	T
1071	0.00686	0.007	T
1072	0.00859	0.0098	G
1073	0.00606	0.00639	T
1074	0.0608	0.06402	A
1075	0.0102	0.01022	T
1076	0.01305	0.01343	T
1077	0.04152	0.05743	A
1078	0.01061	0.01165	G
1079	0.03965	0.0436	C
1080	0.03544	0.03567	A
1081	0.04542	0.04602	A
1082	0.05447	0.05481	A
1083	0.06597	0.07313	C
1084	0.00703	0.00832	T
1085	0.04589	0.04754	C
1086	0.03426	0.03835	A
1087	0.00864	0.01154	T
1088	0.0537	0.05667	C
1089	0.0509	0.052	A
1090	0.06974	0.07605	C
1091	0.00829	0.00888	T
1092	0.05922	0.0631	A
1093	0.0081	0.00849	G
1094	0.03882	0.03962	A
1095	0.03403	0.03519	C
1096	0.03366	0.03438	A
1097	0.00501	0.0055	T
1098	0.02844	0.02863	C
1099	0.0087	0.00908	G
1100	0.0036	0.00389	T
1101	0.03458	0.03555	A
1102	0.04378	0.0448	C
1103	0.00484	0.00594	T
1104	0.02492	0.02654	A
1105	0.02278	0.02398	C
1106	0.04058	0.04322	A
1107	0.05811	0.0603	C
1108	0.00916	0.01056	G
1109	0.04871	0.05025	A
1110	0.06979	0.0724	C
1111	0.03729	0.03815	A
1112	0.06634	0.06814	C
1113	0.00669	0.00707	G
1114	0.00437	0.00491	T
1115	0.03509	0.03547	A
1116	0.05124	0.05255	C
1117	0.00436	0.0047	T
1118	0.02445	0.02496	A
1119	0.02927	0.02982	C
1120	0.00856	0.00916	G
1121	0.0046	0.00468	T
1122	0.00559	0.00573	T
1123	0.00847	0.00921	G
1124	0.00381	0.0042	T
1125	0.04523	0.04658	A
1126	0.00767	0.00789	G
1127	0.04178	0.04238	C
1128	0.78035	0.78082	C
1129	0.04685	0.04789	C
1130	0.03716	0.03903	A
1131	0.0625	0.06447	C
1132	0.00731	0.00859	T
1133	0.00979	0.00987	T
1134	0.04981	0.04993	C
1135	0.03788	0.03858	C
1136	0.02909	0.04592	A
1137	0.06098	0.0632	C
1138	0.00693	0.00738	T
1139	0.04792	0.05092	A
1140	0.00903	0.00931	T
1141	0.00698	0.00815	G
1142	0.00608	0.00634	T
1143	0.03148	0.03165	C
1144	0.02385	0.0242	C
1145	0.00519	0.00574	T
1146	0.04299	0.04431	A
1147	0.00723	0.00876	T
1148	0.07654	0.07787	C
1149	0.05967	0.06076	A
1150	0.06009	0.06565	A
1151	0.00694	0.0076	T
1152	0.02961	0.0319	A
1153	0.00512	0.00552	G
1154	0.00428	0.00435	G
1155	0.03605	0.046	A
1156	0.00899	0.00917	G
1157	0.05577	0.05785	C
1158	0.00531	0.00553	T
1159	0.00877	0.00943	G
1160	0.00495	0.00508	T
1161	0.05251	0.05343	A
1162	0.00731	0.00731	T
1163	0.01018	0.01019	T
1164	0.01225	0.01229	T
1165	0.00738	0.0086	G
1166	0.01638	0.01641	C
1167	0.01081	0.01093	C
1168	0.05371	0.06188	A
1169	0.00591	0.00717	T
1170	0.0742	0.07496	C
1171	0.03513	0.03869	A
1172	0.00488	0.00542	T
1173	0.02964	0.03281	A
1174	0.0062	0.00664	G
1175	0.00569	0.00609	G
1176	0.04285	0.0603	A
1177	0.00627	0.00635	G
1178	0.00663	0.00678	G
1179	0.11878	0.12746	C
1180	0.00412	0.00444	T
1181	0.00363	0.00392	T
1182	0.03615	0.03745	C
1183	0.05182	0.0536	A
1184	0.00726	0.00752	T
1185	0.00915	0.0096	T
1186	0.08739	0.09355	C
1187	0.06554	0.06653	A
1188	0.09426	0.09605	C
1189	0.0067	0.00702	T
1190	0.00571	0.00688	G
1191	0.04577	0.04663	A
1192	0.00412	0.00416	T
1193	0.00707	0.00714	T
1194	0.00829	0.00832	T
1195	0.02293	0.02318	C
1196	0.01748	0.01753	C
1197	0.01708	0.01715	C
1198	0.01108	0.01115	C
1199	0.00312	0.00339	T
1200	0.02686	0.0287	A
1201	0.00409	0.00412	T
1202	0.00681	0.00689	T
1203	0.0698	0.08016	C
1204	0.01399	0.0252	T
1205	0.06833	0.07309	C
1206	0.05788	0.06282	A
1207	0.00555	0.00562	G
1208	0.00587	0.00593	G
1209	0.01464	0.01563	C
1210	0.00576	0.00667	T
1211	0.03371	0.0376	A
1212	0.03203	0.03439	C
1213	0.02415	0.02607	A
1214	0.03438	0.03454	C
1215	0.02308	0.0231	C
1216	0.01887	0.01921	C
1217	0.00481	0.0063	T
1218	0.03636	0.04404	A
1219	0.00988	0.01077	G
1220	0.04165	0.04346	A
1221	0.04851	0.04874	C
1222	0.0151	0.01578	C
1223	0.02445	0.02532	A
1224	0.04192	0.04273	A
1225	0.04347	0.04386	A
1226	0.06171	0.06269	C
1227	0.02779	0.02941	C
1228	0.01214	0.01322	T
1229	0.02106	0.02598	A
1230	0.02609	0.02697	C
1231	0.00756	0.00817	G
1232	0.02124	0.02128	C
1233	0.02174	0.02195	C
1234	0.02755	0.02843	A
1235	0.02092	0.02119	A
1236	0.03971	0.04034	A
1237	0.03877	0.03969	A
1238	0.00823	0.01044	T
1239	0.056	0.05626	C
1240	0.04034	0.04109	C
1241	0.04814	0.05981	A
1242	0.00523	0.0058	T
1243	0.00774	0.008	T
1244	0.00846	0.0085	T
1245	0.06474	0.06898	C
1246	0.05007	0.05144	A
1247	0.07132	0.07447	C
1248	0.00841	0.00911	T
1249	0.0504	0.05297	A
1250	0.00796	0.01132	T
1251	0.06759	0.07139	C
1252	0.05502	0.06361	A
1253	0.00734	0.00797	T
1254	0.05666	0.06463	A
1255	0.0067	0.00678	T
1256	0.00691	0.00712	T
1257	0.06131	0.06547	C
1258	0.05411	0.05808	A
1259	0.00814	0.00903	T
1260	0.05849	0.06162	C
1261	0.00619	0.00647	G
1262	0.00436	0.00455	G
1263	0.02585	0.02616	C
1264	0.00845	0.00903	G
1265	0.00351	0.00427	T
1266	0.01526	0.01551	A
1267	0.0491	0.04956	A
1268	0.04875	0.04962	A
1269	0.00722	0.00841	T
1270	0.06209	0.06393	C
1271	0.00808	0.00868	T
1272	0.05251	0.05289	A
1273	0.0494	0.05027	A
1274	0.08748	0.09403	C
1275	0.00322	0.00331	T
1276	0.00591	0.00613	T
1277	0.00617	0.00626	T
1278	0.0942	0.10321	C
1279	0.00845	0.00848	T
1280	0.01183	0.01213	T
1281	0.0445	0.04462	C
1282	0.03336	0.03365	C
1283	0.03201	0.03273	C
1284	0.01838	0.02671	A
1285	0.04436	0.04987	C
1286	0.03036	0.03122	A
1287	0.03342	0.03433	A
1288	0.05054	0.05734	C
1289	0.03646	0.03723	A
1290	0.06663	0.06966	C
1291	0.00303	0.00321	T
1292	0.00712	0.00713	T
1293	0.00766	0.00769	T
1294	0.07214	0.07552	C
1295	0.01099	0.01194	T
1296	0.0481	0.05204	C
1297	0.00862	0.00898	G
1298	0.00702	0.00707	G
1299	0.05763	0.05763	C
1300	0.02772	0.02859	C
1301	0.00746	0.00809	T
1302	0.06299	0.06613	A
1303	0.00796	0.0091	T
1304	0.03975	0.04026	C
1305	0.02493	0.02515	C
1306	0.00497	0.00506	G
1307	0.00584	0.00597	G
1308	0.04527	0.04584	A
1309	0.05998	0.06092	A
1310	0.01649	0.01811	T
1311	0.00972	0.0108	G
1312	0.04843	0.04875	C
1313	0.02617	0.02621	C
1314	0.02443	0.0245	C
1315	0.02209	0.02213	C
1316	0.00772	0.01027	G
1317	0.03859	0.0391	A
1318	0.09098	0.0915	C
1319	0.0122	0.01255	G
1320	0.00802	0.00851	T
1321	0.00845	0.00876	T
1322	0.04952	0.06561	A
1323	0.08681	0.08829	C
1324	0.00698	0.00761	T
1325	0.02446	0.02543	C
1326	0.00567	0.00573	G
1327	0.00432	0.0044	G
1328	0.06107	0.08003	A
1329	0.0545	0.0562	C
1330	0.01027	0.01214	T
1331	0.0501	0.05408	A
1332	0.08267	0.08304	C
1333	0.03542	0.03658	C
1334	0.0125	0.01254	C
1335	0.01372	0.01374	C
1336	0.00813	0.0096	G
1337	0.03397	0.0355	A
1338	0.00762	0.00778	T
1339	0.00673	0.00774	G
1340	0.05612	0.0581	C
1341	0.03987	0.04157	A
1342	0.00851	0.00963	T
1343	0.04192	0.04363	A
1344	0.05517	0.05833	C
1345	0.04383	0.04599	A
1346	0.049	0.04972	C
1347	0.03538	0.03834	C
1348	0.02711	0.03291	A
1349	0.05554	0.0586	C
1350	0.03883	0.04304	A
1351	0.00731	0.00815	T
1352	0.00854	0.01068	G
1353	0.03672	0.03706	A
1354	0.03765	0.03829	A
1355	0.04183	0.04271	A
1356	0.05041	0.05531	C
1357	0.0353	0.03618	A
1358	0.00675	0.00781	T
1359	0.02608	0.02623	C
1360	0.01673	0.01722	C
1361	0.00523	0.00574	T
1362	0.03026	0.03184	A
1363	0.0078	0.00924	T
1364	0.04222	0.04536	C
1365	0.03765	0.04045	A
1366	0.00745	0.008	T
1367	0.04773	0.04954	C
1368	0.00969	0.01	T
1369	0.00852	0.01077	G
1370	0.00493	0.00613	T
1371	0.03039	0.03344	A
1372	0.00762	0.0077	G
1373	0.00561	0.00581	G
1374	0.04923	0.05103	C
1375	0.00539	0.006	T
1376	0.0382	0.03914	C
1377	0.03922	0.04255	A
1378	0.00631	0.00646	T
1379	0.00574	0.00597	T
1380	0.0453	0.04783	C
1381	0.04875	0.05323	A
1382	0.0043	0.00443	T
1383	0.00782	0.00784	T
1384	0.00676	0.00684	T
1385	0.04809	0.05142	C
1386	0.00673	0.0069	T
1387	0.04718	0.04964	C
1388	0.00792	0.00857	T
1389	0.03505	0.036	A
1390	0.03382	0.03485	A
1391	0.044	0.04744	C
1392	0.03662	0.03831	A
1393	0.00802	0.00944	G
1394	0.03652	0.03722	C
1395	0.03126	0.03224	A
1396	0.00875	0.00976	G
1397	0.00533	0.00664	T
1398	0.02891	0.02915	A
1399	0.0302	0.03165	A
1400	0.00601	0.00645	T
1401	0.04748	0.049	A
1402	0.00813	0.00829	T
1403	0.00595	0.00643	T
1404	0.04342	0.04432	A
1405	0.04927	0.05353	A
1406	0.0083	0.01097	T
1407	0.04864	0.04871	A
1408	0.04093	0.06592	A
1409	0.00347	0.00354	T
1410	0.00319	0.00327	T
1411	0.00454	0.00456	T
1412	0.00528	0.0053	T
1413	0.07427	0.08974	C
1414	0.06111	0.06282	A
1415	0.00839	0.00877	T
1416	0.00586	0.00712	G
1417	0.07032	0.07141	A
1418	0.0043	0.00433	T
1419	0.00639	0.00657	T
1420	0.00624	0.00628	T
1421	0.00749	0.00962	G
1422	0.05834	0.05967	A
1423	0.00694	0.00769	G
1424	0.04018	0.04025	A
1425	0.03845	0.04224	A
1426	0.00743	0.00838	G
1427	0.04351	0.04464	C
1428	0.05516	0.05519	C
1429	0.00416	0.00424	T
1430	0.00481	0.00483	T
1431	0.02955	0.03256	C
1432	0.00728	0.00745	G
1433	0.0187	0.01934	C
1434	0.00269	0.00277	T
1435	0.00827	0.00831	T
1436	0.05785	0.06446	C
1437	0.01092	0.01291	G
1438	0.04974	0.05031	A
1439	0.04466	0.04503	A
1440	0.00584	0.0063	G
1441	0.02608	0.02762	C
1442	0.00745	0.00822	G
1443	0.02886	0.02953	A
1444	0.03675	0.03692	A
1445	0.04991	0.04999	A
1446	0.06771	0.06788	A
1447	0.00718	0.00845	G
1448	0.00451	0.00474	T
1449	0.02932	0.02933	C
1450	0.0227	0.02276	C
1451	0.00534	0.00586	T
1452	0.06854	0.06933	A
1453	0.04005	0.04041	A
1454	0.00601	0.00634	T
1455	0.04536	0.04641	A
1456	0.00856	0.00932	G
1457	0.00579	0.00654	T
1458	0.07	0.07147	A
1459	0.01161	0.01226	G
1460	0.05883	0.05895	A
1461	0.05843	0.06129	A
1462	0.00998	0.01684	G
1463	0.05353	0.05357	A
1464	0.06243	0.06691	A
1465	0.08313	0.08548	C
1466	0.03045	0.03064	C
1467	0.00452	0.00464	C
1468	0.00242	0.00282	T
1469	0.00691	0.00691	C
1470	0.00748	0.00766	C
1471	0.0237	0.03741	A
1472	0.00827	0.01195	T
1473	0.03961	0.03983	A
1474	0.04082	0.04131	A
1475	0.05775	0.06317	A
1476	0.11146	0.11539	C
1477	0.07627	0.07919	C
1478	0.00384	0.00476	T
1479	0.00407	0.00413	G
1480	0.0038	0.00384	G
1481	0.01977	0.02356	A
1482	0.00791	0.00806	G
1483	0.0067	0.00766	T
1484	0.00681	0.00716	G
1485	0.05095	0.05248	A
1486	0.04419	0.04472	C
1487	0.00504	0.00513	T
1488	0.04265	0.04548	A
1489	0.00559	0.00584	T
1490	0.07066	0.0737	A
1491	0.00911	0.00943	T
1492	0.00605	0.00622	G
1493	0.00536	0.00552	G
1494	0.03101	0.04494	A
1495	0.04462	0.04576	T
1496	0.01583	0.01704	G
1497	0.04309	0.04398	C
1498	0.02662	0.0269	C
1499	0.04019	0.04038	C
1500	0.0331	0.03316	C
1501	0.03583	0.03591	C
1502	0.02926	0.02979	C
1503	0.04025	0.04613	A
1504	0.04445	0.04446	C
1505	0.03141	0.03142	C
1506	0.0208	0.02165	C
1507	0.01968	0.02119	T
1508	0.03188	0.03356	A
1509	0.04098	0.04117	C
1510	0.02875	0.02952	C
1511	0.01284	0.02976	A
1512	0.04193	0.04519	C
1513	0.02305	0.02432	A
1514	0.04151	0.04469	C
1515	0.04613	0.04669	A
1516	0.00621	0.0064	T
1517	0.00549	0.00554	T
1518	0.03327	0.03588	C
1519	0.00877	0.00932	G
1520	0.02956	0.02984	A
1521	0.03277	0.03315	A
1522	0.01061	0.01447	G
1523	0.03185	0.03189	A
1524	0.02627	0.02725	A
1525	0.0336	0.03443	C
1526	0.02232	0.02234	C
1527	0.02356	0.02363	C
1528	0.00912	0.01035	G
1529	0.00363	0.00458	T
1530	0.02719	0.02775	A
1531	0.00535	0.00599	T
1532	0.02021	0.0205	A
1533	0.04243	0.04357	C
1534	0.02532	0.02574	A
1535	0.00758	0.00847	T
1536	0.01987	0.01987	A
1537	0.01193	0.01193	A
1538	0.02569	0.02569	A
1539	0.02231	0.02231	A
1540	0.0044	0.005	T
1541	0.02828	0.02833	C
1542	0.00452	0.00452	T
1543	0.00088	0.00088	A
1544	0.0	0.0	G
1545	0.0	0.0	A
