Position	Mismatches	Mismatches + Deletions	Base
1	0.0	0.0	A
2	0.0	0.0	T
3	0.0	0.0	G
4	0.05765	0.05765	A
5	0.00885	0.00885	T
6	0.01114	0.01126	G
7	0.00676	0.00866	T
8	0.06303	0.06484	A
9	0.00944	0.00952	T
10	0.00639	0.00674	G
11	0.10686	0.10841	C
12	0.00589	0.00603	T
13	0.00889	0.00915	T
14	0.00959	0.00962	T
15	0.0095	0.01264	G
16	0.0049	0.0049	T
17	0.01097	0.01097	T
18	0.01182	0.01191	T
19	0.10321	0.11009	C
20	0.01161	0.01172	T
21	0.01104	0.01939	G
22	0.01114	0.01114	T
23	0.01183	0.01211	T
24	0.01036	0.0116	G
25	0.07849	0.08195	A
26	0.01305	0.01324	G
27	0.0106	0.01189	T
28	0.01424	0.01696	G
29	0.01003	0.01175	T
30	0.01038	0.01038	G
31	0.00715	0.00716	G
32	0.00831	0.00844	G
33	0.00703	0.00705	T
34	0.00972	0.00975	T
35	0.00956	0.00976	T
36	0.06771	0.0838	A
37	0.01054	0.01151	G
38	0.00945	0.01032	T
39	0.07897	0.08092	A
40	0.086	0.09049	A
41	0.01244	0.01304	T
42	0.01191	0.01246	G
43	0.00744	0.00751	G
44	0.00665	0.00669	G
45	0.0097	0.00981	G
46	0.00506	0.00517	T
47	0.01021	0.01036	T
48	0.011	0.01111	T
49	0.01296	0.01601	G
50	0.01132	0.01386	T
51	0.01664	0.01675	G
52	0.00724	0.00726	G
53	0.00867	0.0087	G
54	0.01164	0.0121	G
55	0.00502	0.0051	T
56	0.00373	0.00376	T
57	0.00863	0.00864	T
58	0.00897	0.00902	T
59	0.07443	0.10192	C
60	0.00793	0.00793	T
61	0.00769	0.00791	T
62	0.03827	0.05039	C
63	0.00505	0.00658	T
64	0.01833	0.02082	A
65	0.03734	0.03848	A
66	0.00541	0.0064	G
67	0.02999	0.03017	C
68	0.02658	0.02709	C
69	0.00442	0.00461	T
70	0.00839	0.00859	T
71	0.0369	0.04798	C
72	0.00762	0.00807	T
73	0.06399	0.06408	C
74	0.04502	0.05007	C
75	0.0055	0.00588	T
76	0.07964	0.09006	A
77	0.00792	0.00794	T
78	0.01115	0.01116	T
79	0.01122	0.01133	T
80	0.04732	0.05445	A
81	0.01586	0.0163	T
82	0.00764	0.0083	G
83	0.00523	0.0053	G
84	0.00412	0.00415	G
85	0.00447	0.00454	G
86	0.00693	0.00699	G
87	0.00358	0.00368	T
88	0.00439	0.00442	T
89	0.00442	0.00453	T
90	0.0385	0.04507	A
91	0.00933	0.00967	G
92	0.00901	0.01021	T
93	0.08195	0.08508	A
94	0.01081	0.01085	T
95	0.01063	0.01081	T
96	0.00991	0.01195	G
97	0.08903	0.09285	A
98	0.01143	0.01163	T
99	0.01136	0.01187	T
100	0.00912	0.01582	G
101	0.00955	0.00958	T
102	0.01298	0.01326	T
103	0.07339	0.09778	A
104	0.0138	0.01463	G
105	0.08211	0.08422	C
106	0.01542	0.01551	G
107	0.00895	0.00981	G
108	0.00773	0.00862	T
109	0.01378	0.01526	G
110	0.01199	0.0128	T
111	0.01525	0.01527	G
112	0.00826	0.00928	G
113	0.01305	0.01531	T
114	0.08849	0.09137	C
115	0.01329	0.01342	G
116	0.00873	0.00891	G
117	0.00779	0.00812	G
118	0.00569	0.00754	T
119	0.00816	0.00889	G
120	0.00862	0.00895	T
121	0.00789	0.00867	G
122	0.00889	0.00891	T
123	0.00902	0.00922	T
124	0.03532	0.06745	A
125	0.00953	0.00954	T
126	0.00947	0.0099	T
127	0.03849	0.08933	A
128	0.01099	0.011	T
129	0.00941	0.00982	T
130	0.09023	0.10694	C
131	0.01038	0.0107	T
132	0.02332	0.02804	G
133	0.04354	0.0456	A
134	0.04789	0.05237	A
135	0.00387	0.00391	T
136	0.00511	0.00518	T
137	0.01529	0.01535	T
138	0.03847	0.03852	T
139	0.02399	0.02454	G
140	0.01073	0.01079	G
141	0.00672	0.00675	G
142	0.00827	0.00832	G
143	0.00811	0.00832	G
144	0.04447	0.05284	A
145	0.00975	0.00982	G
146	0.00637	0.00667	G
147	0.00589	0.0061	T
148	0.00756	0.00789	T
149	0.04192	0.06215	A
150	0.00947	0.01009	T
151	0.08759	0.09584	A
152	0.02108	0.02184	T
153	0.00951	0.00994	G
154	0.00679	0.00723	G
155	0.00667	0.00704	G
156	0.00613	0.0064	T
157	0.0075	0.00755	T
158	0.00778	0.00812	T
159	0.06166	0.06264	A
160	0.06875	0.07163	A
161	0.01019	0.01075	T
162	0.04656	0.0497	A
163	0.00774	0.01167	G
164	0.00201	0.00215	T
165	0.00125	0.00138	T
166	0.00206	0.00217	T
167	0.00556	0.00572	T
168	0.00998	0.01007	T
169	0.00665	0.00677	T
170	0.00692	0.00731	T
171	0.0494	0.05485	A
172	0.05896	0.06568	A
173	0.00749	0.00764	T
174	0.00783	0.00794	T
175	0.00954	0.00971	T
176	0.0416	0.05926	A
177	0.00698	0.00699	T
178	0.00936	0.00937	T
179	0.01501	0.0154	T
180	0.10356	0.1162	A
181	0.02226	0.02267	G
182	0.00851	0.00859	G
183	0.00689	0.00696	G
184	0.00711	0.00716	G
185	0.00872	0.00878	G
186	0.07754	0.07886	A
187	0.07608	0.07683	A
188	0.01099	0.01226	T
189	0.00723	0.01341	G
190	0.07878	0.08145	A
191	0.01066	0.01101	T
192	0.01466	0.01476	G
193	0.01367	0.01428	G
194	0.00838	0.00844	T
195	0.00635	0.00638	T
196	0.00826	0.01028	G
197	0.00347	0.00359	T
198	0.02696	0.02828	C
199	0.00359	0.0036	T
200	0.00591	0.00592	T
201	0.00552	0.00555	T
202	0.0045	0.00461	G
203	0.00454	0.00478	G
204	0.01836	0.02962	A
205	0.00422	0.0044	T
206	0.03484	0.03605	A
207	0.00575	0.00645	T
208	0.07868	0.08015	A
209	0.06519	0.07093	C
210	0.00516	0.00754	T
211	0.07519	0.08188	A
212	0.08838	0.09191	C
213	0.04002	0.04424	A
214	0.00686	0.00731	G
215	0.03717	0.03911	C
216	0.01482	0.01782	G
217	0.09174	0.10618	A
218	0.01535	0.01614	T
219	0.01318	0.01328	G
220	0.00589	0.00596	G
221	0.02552	0.02753	C
222	0.00357	0.00369	T
223	0.10644	0.10986	A
224	0.00801	0.00806	T
225	0.00839	0.00845	T
226	0.00969	0.01103	G
227	0.05397	0.05784	A
228	0.00685	0.00686	G
229	0.00562	0.00594	G
230	0.0694	0.09298	A
231	0.01178	0.01216	G
232	0.00403	0.00504	T
233	0.03473	0.03554	A
234	0.00342	0.00357	T
235	0.02638	0.02653	C
236	0.02076	0.02135	C
237	0.00406	0.00498	T
238	0.00534	0.00905	G
239	0.03287	0.0348	A
240	0.00762	0.00764	G
241	0.00552	0.00562	G
242	0.03383	0.03487	C
243	0.05947	0.06188	A
244	0.01555	0.01648	T
245	0.01309	0.01352	G
246	0.00962	0.01081	G
247	0.00828	0.00843	G
248	0.00804	0.00811	G
249	0.00863	0.0087	G
250	0.00812	0.01396	T
251	0.10343	0.10636	C
252	0.08469	0.0904	A
253	0.01165	0.01185	G
254	0.00732	0.0074	G
255	0.00854	0.00865	G
256	0.01126	0.01144	G
257	0.00779	0.00807	T
258	0.01135	0.01152	T
259	0.01415	0.01582	G
260	0.08085	0.0833	A
261	0.01537	0.01544	G
262	0.0085	0.00872	G
263	0.0077	0.00822	T
264	0.09675	0.09811	C
265	0.01072	0.01081	T
266	0.01078	0.01089	T
267	0.01555	0.01628	G
268	0.01155	0.01175	G
269	0.0082	0.00858	T
270	0.00881	0.0099	G
271	0.06758	0.06976	A
272	0.01065	0.01095	G
273	0.00762	0.008	T
274	0.00684	0.00742	G
275	0.00343	0.00346	T
276	0.00667	0.00668	T
277	0.00758	0.00759	T
278	0.00933	0.00935	T
279	0.07291	0.09829	A
280	0.01791	0.01872	G
281	0.02112	0.02308	T
282	0.01259	0.01274	G
283	0.00618	0.00621	G
284	0.00693	0.00695	G
285	0.01095	0.0111	G
286	0.00832	0.00852	T
287	0.01781	0.01833	T
288	0.06711	0.09007	A
289	0.00894	0.0092	G
290	0.07048	0.07347	C
291	0.0099	0.01168	G
292	0.07167	0.07683	A
293	0.01272	0.01316	T
294	0.01146	0.0116	G
295	0.00843	0.00879	G
296	0.03962	0.04736	A
297	0.01016	0.01016	G
298	0.00856	0.00875	G
299	0.00769	0.00856	T
300	0.05896	0.06013	A
301	0.00986	0.01001	G
302	0.00628	0.00637	G
303	0.08601	0.10049	A
304	0.01238	0.01282	T
305	0.01254	0.01262	T
306	0.01489	0.01512	G
307	0.00916	0.00942	G
308	0.0089	0.00937	T
309	0.00964	0.01009	G
310	0.09409	0.0964	C
311	0.01115	0.0117	T
312	0.01366	0.01754	G
313	0.01803	0.01995	T
314	0.01339	0.01355	G
315	0.00755	0.00762	G
316	0.00793	0.00802	G
317	0.00834	0.01015	T
318	0.00984	0.01162	G
319	0.05252	0.05382	A
320	0.0662	0.06694	A
321	0.07346	0.07353	A
322	0.00764	0.00841	G
323	0.06788	0.06889	A
324	0.01007	0.01064	G
325	0.00728	0.00836	T
326	0.06945	0.07069	A
327	0.00936	0.00977	T
328	0.00768	0.0138	G
329	0.08122	0.08582	A
330	0.02058	0.02136	T
331	0.01122	0.01142	G
332	0.00614	0.00633	G
333	0.00733	0.00736	G
334	0.01075	0.0108	G
335	0.00785	0.0107	T
336	0.0166	0.01661	G
337	0.00979	0.01048	G
338	0.00727	0.00773	T
339	0.01014	0.01015	G
340	0.01034	0.01136	G
341	0.00897	0.00904	T
342	0.01116	0.01128	T
343	0.01188	0.01354	G
344	0.01065	0.01111	T
345	0.01337	0.01338	G
346	0.00678	0.00729	G
347	0.00715	0.00753	T
348	0.04234	0.04268	A
349	0.03769	0.03779	A
350	0.03407	0.0343	A
351	0.06812	0.07487	C
352	0.00526	0.00543	T
353	0.00635	0.00643	T
354	0.0078	0.00815	T
355	0.0587	0.06023	A
356	0.06281	0.06334	A
357	0.00898	0.00929	T
358	0.0554	0.05815	A
359	0.00785	0.0091	G
360	0.00734	0.00767	T
361	0.01003	0.01203	G
362	0.00882	0.00975	T
363	0.05905	0.06126	A
364	0.01179	0.01203	G
365	0.00973	0.01012	G
366	0.04893	0.0496	A
367	0.07995	0.08045	A
368	0.0069	0.0083	G
369	0.0565	0.06137	C
370	0.00644	0.00676	T
371	0.00776	0.00962	G
372	0.05233	0.05308	A
373	0.04854	0.04944	A
374	0.00969	0.01073	T
375	0.05127	0.05133	A
376	0.04591	0.06131	A
377	0.00684	0.00746	T
378	0.00827	0.00863	T
379	0.00921	0.00926	T
380	0.05151	0.06376	A
381	0.00961	0.01006	T
382	0.01035	0.01494	G
383	0.07355	0.07417	A
384	0.06972	0.07053	A
385	0.00851	0.00901	G
386	0.00714	0.00734	G
387	0.05343	0.07099	A
388	0.0115	0.01268	G
389	0.08776	0.0978	A
390	0.01303	0.01304	G
391	0.00683	0.00684	G
392	0.00693	0.00693	G
393	0.00776	0.00782	G
394	0.00695	0.01361	T
395	0.08512	0.0872	C
396	0.07646	0.07933	A
397	0.00865	0.00877	G
398	0.00722	0.00731	G
399	0.00985	0.01002	G
400	0.00722	0.00732	T
401	0.00867	0.00884	T
402	0.0101	0.01088	G
403	0.07406	0.07534	A
404	0.00825	0.00831	T
405	0.00919	0.00989	T
406	0.07568	0.08098	C
407	0.01311	0.01329	G
408	0.01329	0.01363	G
409	0.00789	0.00865	G
410	0.07628	0.08753	A
411	0.01306	0.01308	G
412	0.00719	0.00755	G
413	0.04459	0.06412	A
414	0.00529	0.0061	T
415	0.04148	0.04159	C
416	0.05255	0.05305	C
417	0.00598	0.0066	T
418	0.08288	0.09709	A
419	0.00975	0.00976	T
420	0.01257	0.01266	T
421	0.01498	0.01535	G
422	0.01024	0.01035	G
423	0.01479	0.01707	T
424	0.01608	0.01824	G
425	0.09185	0.10469	C
426	0.01818	0.01821	G
427	0.00836	0.00838	G
428	0.00779	0.0078	G
429	0.00889	0.00889	G
430	0.00635	0.00638	G
431	0.10293	0.1092	C
432	0.00452	0.0046	T
433	0.00662	0.00665	T
434	0.00737	0.00741	T
435	0.00667	0.00805	G
436	0.00676	0.00768	T
437	0.07216	0.07321	A
438	0.00806	0.00908	T
439	0.00591	0.00666	G
440	0.07358	0.07886	A
441	0.00823	0.00831	T
442	0.0098	0.01	T
443	0.06199	0.09294	A
444	0.02994	0.03157	T
445	0.01222	0.01286	G
446	0.00655	0.00665	G
447	0.00552	0.00562	G
448	0.06174	0.07237	C
449	0.01987	0.02039	G
450	0.0107	0.01115	T
451	0.00864	0.00882	T
452	0.00555	0.00619	G
453	0.05523	0.05671	A
454	0.00858	0.00878	T
455	0.00901	0.00919	T
456	0.05432	0.07401	A
457	0.00939	0.01074	G
458	0.00691	0.00763	T
459	0.0692	0.07208	A
460	0.01131	0.01559	G
461	0.00914	0.00983	T
462	0.07544	0.08044	A
463	0.01192	0.01515	G
464	0.0078	0.00801	T
465	0.00799	0.00927	T
466	0.05237	0.0729	A
467	0.09307	0.09545	C
468	0.00926	0.00952	T
469	0.0122	0.01262	G
470	0.01144	0.01177	G
471	0.00856	0.00873	T
472	0.00932	0.00942	T
473	0.01301	0.01413	G
474	0.051	0.05202	A
475	0.05206	0.05282	A
476	0.08574	0.08815	C
477	0.07662	0.07826	A
478	0.00861	0.00905	T
479	0.0099	0.01008	T
480	0.00751	0.01175	G
481	0.00688	0.00693	T
482	0.00986	0.00988	T
483	0.01022	0.01038	T
484	0.01158	0.01598	G
485	0.01219	0.0122	T
486	0.01482	0.01495	T
487	0.01557	0.01598	G
488	0.00852	0.00889	G
489	0.0075	0.0077	T
490	0.00786	0.00847	G
491	0.00812	0.00856	T
492	0.04431	0.04605	A
493	0.00883	0.00922	T
494	0.06393	0.06782	A
495	0.00858	0.00926	T
496	0.06914	0.0724	A
497	0.00931	0.00932	T
498	0.00906	0.00925	T
499	0.00588	0.00904	G
500	0.00909	0.00954	T
501	0.0596	0.06232	A
502	0.08105	0.08406	A
503	0.00935	0.00944	T
504	0.01026	0.01055	T
505	0.00786	0.00934	G
506	0.06718	0.06908	A
507	0.00926	0.00968	G
508	0.07467	0.07727	A
509	0.00804	0.0084	T
510	0.01505	0.0152	T
511	0.00878	0.01017	G
512	0.05059	0.05144	C
513	0.02184	0.0236	T
514	0.08558	0.08971	C
515	0.01317	0.01334	G
516	0.0086	0.00871	G
517	0.00627	0.00627	G
518	0.00401	0.00401	G
519	0.00429	0.00429	G
520	0.03666	0.03666	A
521	0.04716	0.04716	A
522	0.00622	0.00622	T
523	0.00236	0.00236	A
524	0.0	0.0	G
525	0.0	0.0	G
