Position	Mismatches	Mismatches + Deletions	Base
1	0.0	0.0	A
2	0.0	0.0	T
3	0.0	0.0	T
4	0.078	0.078	A
5	0.05857	0.05857	A
6	0.00767	0.00864	T
7	0.04302	0.05147	C
8	0.04283	0.04327	C
9	0.04695	0.04695	C
10	0.033	0.033	C
11	0.00648	0.00829	T
12	0.00619	0.00631	G
13	0.00605	0.00612	G
14	0.02894	0.02895	C
15	0.03904	0.03904	C
16	0.044	0.04415	C
17	0.04132	0.04256	A
18	0.04817	0.04848	A
19	0.0631	0.06333	C
20	0.04489	0.0453	C
21	0.04963	0.05009	C
22	0.00721	0.00954	G
23	0.00822	0.00983	T
24	0.05899	0.05953	C
25	0.06175	0.06389	A
26	0.00986	0.01034	T
27	0.0634	0.06385	C
28	0.00691	0.00752	T
29	0.04641	0.04967	A
30	0.05374	0.05591	C
31	0.00659	0.00692	T
32	0.04425	0.04912	C
33	0.00742	0.00876	T
34	0.05655	0.06014	A
35	0.08784	0.08885	C
36	0.05115	0.05244	C
37	0.04217	0.05326	A
38	0.00666	0.00691	T
39	0.07254	0.07315	C
40	0.00731	0.00734	T
41	0.00865	0.00868	T
42	0.00829	0.00834	T
43	0.01029	0.01692	G
44	0.06706	0.07327	C
45	0.03752	0.0394	A
46	0.00606	0.00616	G
47	0.00675	0.00712	G
48	0.0226	0.02388	C
49	0.07102	0.07379	A
50	0.05024	0.0523	C
51	0.0337	0.03544	A
52	0.02924	0.03089	C
53	0.00459	0.00658	T
54	0.0321	0.03385	C
55	0.05153	0.05784	A
56	0.00855	0.01238	T
57	0.08351	0.08776	C
58	0.07383	0.08849	A
59	0.09097	0.10101	C
60	0.05382	0.06812	A
61	0.00779	0.00852	G
62	0.03762	0.03909	C
63	0.00841	0.00863	G
64	0.05482	0.05879	C
65	0.01031	0.01197	T
66	0.07514	0.07603	A
67	0.08882	0.09112	A
68	0.00934	0.01116	G
69	0.06229	0.06814	C
70	0.00995	0.01095	T
71	0.04869	0.04997	C
72	0.00825	0.00936	G
73	0.01985	0.0208	C
74	0.05576	0.05663	A
75	0.08235	0.0834	C
76	0.00791	0.00809	T
77	0.00699	0.00762	G
78	0.01308	0.01343	A
79	0.00158	0.00161	T
80	0.00292	0.00294	T
81	0.00403	0.00404	T
82	0.00703	0.00704	T
83	0.00683	0.00684	T
84	0.00545	0.00546	T
85	0.0772	0.08986	A
86	0.11789	0.11821	C
87	0.07287	0.07346	C
88	0.00459	0.00542	T
89	0.00398	0.00444	G
90	0.03094	0.0317	A
91	0.00887	0.00929	G
92	0.00399	0.00565	T
93	0.06007	0.06602	A
94	0.00846	0.00856	G
95	0.0046	0.00488	G
96	0.03963	0.03986	C
97	0.0204	0.02066	C
98	0.00485	0.00551	T
99	0.06563	0.06669	A
100	0.00754	0.00837	G
101	0.02788	0.02811	A
102	0.0492	0.04953	A
103	0.04571	0.04625	A
104	0.01015	0.01225	T
105	0.05118	0.05121	A
106	0.05107	0.0511	A
107	0.058	0.05973	A
108	0.09128	0.10403	C
109	0.05259	0.05394	A
110	0.00908	0.00969	T
111	0.00886	0.0094	G
112	0.05293	0.05675	C
113	0.00842	0.00884	T
114	0.05409	0.05602	A
115	0.00754	0.00795	G
116	0.06154	0.06331	C
117	0.00418	0.00429	T
118	0.00575	0.00586	T
119	0.0068	0.00687	T
120	0.00749	0.00778	T
121	0.04588	0.06794	A
122	0.00942	0.00944	T
123	0.01202	0.0124	T
124	0.06632	0.0692	C
125	0.05018	0.0516	C
126	0.03703	0.05756	A
127	0.01235	0.01325	G
128	0.01068	0.01102	T
129	0.00982	0.01033	T
130	0.05562	0.06468	C
131	0.01366	0.01688	T
132	0.03604	0.03804	A
133	0.03519	0.03607	A
134	0.05168	0.0519	C
135	0.05785	0.06207	C
136	0.00306	0.00406	A
137	0.00177	0.00231	A
138	0.00208	0.00252	A
139	0.02641	0.02658	A
140	0.0163	0.01636	A
141	0.02784	0.02803	A
142	0.02623	0.02671	A
143	0.05111	0.05535	T
144	0.03316	0.03318	A
145	0.03408	0.03412	A
146	0.04336	0.04418	A
147	0.04797	0.0498	C
148	0.02657	0.02675	C
149	0.02761	0.02793	C
150	0.00909	0.01002	T
151	0.05121	0.0516	C
152	0.00987	0.01207	G
153	0.00868	0.00876	T
154	0.0079	0.00809	T
155	0.05016	0.05031	C
156	0.04882	0.04934	C
157	0.02785	0.03941	A
158	0.07305	0.07495	C
159	0.04506	0.05356	A
160	0.00724	0.00977	G
161	0.03572	0.0358	A
162	0.03962	0.04229	A
163	0.00704	0.00812	G
164	0.04063	0.0474	C
165	0.01106	0.01123	T
166	0.00686	0.00707	G
167	0.04087	0.0409	C
168	0.01988	0.02012	C
169	0.02955	0.03434	A
170	0.00618	0.00773	T
171	0.05199	0.05259	C
172	0.045	0.04521	A
173	0.08115	0.0832	A
174	0.00952	0.01217	G
175	0.00649	0.00685	T
176	0.04613	0.04738	A
177	0.00426	0.00428	T
178	0.00763	0.00764	T
179	0.00533	0.00539	T
180	0.03747	0.03776	C
181	0.03902	0.0394	C
182	0.01429	0.02368	T
183	0.04672	0.04955	C
184	0.02422	0.03052	A
185	0.06896	0.07099	C
186	0.00883	0.01047	G
187	0.03637	0.04469	C
188	0.03088	0.03166	A
189	0.05206	0.05274	A
190	0.00839	0.01125	G
191	0.04647	0.05298	C
192	0.0339	0.03424	A
193	0.03825	0.03874	A
194	0.04801	0.04862	C
195	0.04779	0.04885	C
196	0.00789	0.01322	G
197	0.03133	0.03961	C
198	0.0309	0.03481	A
199	0.0103	0.01162	T
200	0.04225	0.04239	C
201	0.0357	0.03634	C
202	0.0311	0.04618	A
203	0.00845	0.01088	T
204	0.03632	0.03679	A
205	0.03644	0.04536	A
206	0.00771	0.00962	T
207	0.04749	0.04982	C
208	0.03335	0.03452	C
209	0.00743	0.00747	T
210	0.00804	0.00822	T
211	0.03787	0.04715	C
212	0.0085	0.00961	T
213	0.04366	0.04645	A
214	0.03993	0.04266	A
215	0.00931	0.01046	T
216	0.04493	0.04705	A
217	0.00674	0.00767	G
218	0.04982	0.05249	C
219	0.00738	0.008	T
220	0.04164	0.04385	A
221	0.00749	0.00877	T
222	0.04769	0.04819	C
223	0.03023	0.03145	C
224	0.00583	0.0067	T
225	0.04581	0.04757	C
226	0.00743	0.00744	T
227	0.0075	0.00759	T
228	0.04658	0.04867	C
229	0.03245	0.0335	A
230	0.0293	0.02962	A
231	0.05301	0.05552	C
232	0.04083	0.04114	A
233	0.03928	0.03996	A
234	0.00869	0.00938	T
235	0.05061	0.05203	A
236	0.00715	0.00831	T
237	0.04878	0.04988	A
238	0.04841	0.05175	C
239	0.00732	0.00768	T
240	0.02648	0.02807	C
241	0.00842	0.00981	T
242	0.03546	0.03546	C
243	0.02462	0.02499	C
244	0.0059	0.00604	G
245	0.00525	0.0054	G
246	0.01991	0.02682	A
247	0.03934	0.04007	C
248	0.042	0.04244	A
249	0.04115	0.04217	A
250	0.01219	0.01273	T
251	0.01157	0.01422	G
252	0.02807	0.02845	A
253	0.02698	0.02721	A
254	0.03369	0.03391	C
255	0.02359	0.02385	C
256	0.01511	0.03518	A
257	0.00795	0.01075	T
258	0.03159	0.03163	A
259	0.02432	0.02524	A
260	0.03828	0.03875	C
261	0.02711	0.02743	C
262	0.01801	0.0182	A
263	0.02525	0.02607	A
264	0.00974	0.01079	T
265	0.04203	0.04275	A
266	0.04979	0.05309	C
267	0.01382	0.0155	T
268	0.033	0.03399	A
269	0.04982	0.05064	C
270	0.038	0.03855	C
271	0.01966	0.01991	A
272	0.02965	0.03037	A
273	0.01115	0.01233	T
274	0.05034	0.05217	C
275	0.03815	0.03923	A
276	0.03197	0.03507	A
277	0.01299	0.01402	T
278	0.03834	0.04039	A
279	0.05821	0.06075	C
280	0.01092	0.01168	T
281	0.04185	0.04445	C
282	0.02796	0.03184	A
283	0.01139	0.01308	T
284	0.04516	0.04665	C
285	0.03154	0.03397	A
286	0.01152	0.01168	T
287	0.01	0.01022	T
288	0.03063	0.03148	A
289	0.03567	0.03634	A
290	0.00857	0.01179	T
291	0.03542	0.0356	A
292	0.04157	0.04772	A
293	0.0099	0.01242	T
294	0.07116	0.07427	C
295	0.0452	0.04853	A
296	0.0081	0.01053	T
297	0.04428	0.04452	A
298	0.03492	0.04144	A
299	0.00878	0.01014	T
300	0.75457	0.75675	A
301	0.00513	0.00547	G
302	0.02287	0.0232	C
303	0.00568	0.00648	T
304	0.02856	0.03645	A
305	0.00764	0.0086	T
306	0.0564	0.05876	A
307	0.01031	0.01121	G
308	0.0638	0.06536	C
309	0.04257	0.04276	A
310	0.03921	0.04017	A
311	0.01506	0.01794	T
312	0.03891	0.03909	A
313	0.02272	0.02273	A
314	0.03941	0.03941	A
315	0.05446	0.05653	A
316	0.07146	0.09503	C
317	0.01011	0.01056	T
318	0.0509	0.05263	A
319	0.00693	0.00714	G
320	0.00915	0.00924	G
321	0.04437	0.04456	A
322	0.03821	0.03871	A
323	0.00879	0.00973	T
324	0.03807	0.04072	A
325	0.01401	0.01536	G
326	0.01703	0.01748	C
327	0.01214	0.01222	C
328	0.08428	0.08432	C
329	0.05712	0.05718	C
330	0.0629	0.06301	C
331	0.0063	0.00663	T
332	0.00878	0.009	T
333	0.00902	0.00913	T
334	0.07994	0.08436	C
335	0.04947	0.05108	A
336	0.07197	0.07407	C
337	0.00789	0.00812	T
338	0.00785	0.00797	T
339	0.05234	0.06096	C
340	0.00883	0.00951	T
341	0.00814	0.01077	G
342	0.08897	0.09335	A
343	0.01082	0.01137	G
344	0.01017	0.01149	T
345	0.08369	0.08391	C
346	0.06404	0.0641	C
347	0.0294	0.02944	C
348	0.02009	0.03335	A
349	0.00529	0.00549	G
350	0.0267	0.02765	A
351	0.00528	0.0053	G
352	0.00652	0.00661	G
353	0.00768	0.00795	T
354	0.01029	0.01055	T
355	0.05321	0.08737	A
356	0.09281	0.09301	C
357	0.05875	0.05883	C
358	0.04973	0.04996	C
359	0.05155	0.05232	A
360	0.07288	0.07365	A
361	0.00834	0.00874	G
362	0.00977	0.01084	G
363	0.0524	0.05598	C
364	0.06763	0.07559	A
365	0.07839	0.07925	C
366	0.0587	0.05886	C
367	0.01657	0.01658	C
368	0.02168	0.02176	C
369	0.00392	0.00456	T
370	0.02947	0.02979	C
371	0.00505	0.00552	T
372	0.00645	0.00758	G
373	0.07095	0.07204	A
374	0.07619	0.07915	C
375	0.06471	0.06769	A
376	0.009	0.01018	T
377	0.07396	0.0746	C
378	0.0548	0.05567	C
379	0.00734	0.00768	G
380	0.00826	0.00832	G
381	0.04663	0.04673	C
382	0.03088	0.03134	C
383	0.00693	0.00801	T
384	0.0076	0.00846	G
385	0.05321	0.05468	C
386	0.0067	0.00681	T
387	0.0072	0.00732	T
388	0.05371	0.06633	C
389	0.00928	0.00932	T
390	0.01015	0.01038	T
391	0.05783	0.06425	C
392	0.01159	0.01283	T
393	0.06696	0.07007	C
394	0.03888	0.04124	A
395	0.0754	0.07793	C
396	0.05302	0.05599	A
397	0.01304	0.01421	T
398	0.01139	0.01282	G
399	0.04182	0.04267	A
400	0.09748	0.10398	C
401	0.0191	0.01916	A
402	0.02787	0.0282	A
403	0.02167	0.02185	A
404	0.03692	0.03697	A
405	0.0392	0.03943	A
406	0.06226	0.0746	C
407	0.01207	0.01333	T
408	0.06189	0.0678	A
409	0.02288	0.02489	G
410	0.0377	0.03806	C
411	0.02554	0.02587	C
412	0.03894	0.0391	C
413	0.03541	0.03553	C
414	0.03116	0.03147	C
415	0.02492	0.03172	A
416	0.00877	0.00958	T
417	0.04265	0.04306	C
418	0.0081	0.00935	T
419	0.05619	0.05753	C
420	0.02989	0.03189	A
421	0.04076	0.04204	A
422	0.00938	0.01104	T
423	0.0633	0.06543	C
424	0.04003	0.04416	A
425	0.01002	0.01078	T
426	0.04759	0.05459	A
427	0.01155	0.01408	T
428	0.04556	0.04682	A
429	0.06854	0.07	C
430	0.04474	0.04598	C
431	0.0154	0.01555	A
432	0.03881	0.03935	A
433	0.04033	0.04163	A
434	0.01025	0.01149	T
435	0.06244	0.06402	C
436	0.01407	0.01522	T
437	0.04606	0.04875	C
438	0.01278	0.0149	T
439	0.0503	0.05037	C
440	0.03703	0.03711	C
441	0.02933	0.03073	C
442	0.00953	0.01104	T
443	0.03829	0.03945	C
444	0.02724	0.02866	A
445	0.05072	0.05289	C
446	0.00878	0.0107	T
447	0.02076	0.02122	A
448	0.0382	0.03877	A
449	0.04088	0.04121	A
450	0.07494	0.08036	C
451	0.01157	0.01216	G
452	0.00558	0.00872	T
453	0.04155	0.04182	A
454	0.0533	0.05437	A
455	0.00677	0.00758	G
456	0.04278	0.04305	C
457	0.03844	0.03861	C
458	0.00826	0.00855	T
459	0.01262	0.01314	T
460	0.04395	0.05693	C
461	0.00827	0.00961	T
462	0.04643	0.0465	C
463	0.03154	0.03343	C
464	0.01136	0.01296	T
465	0.03887	0.04189	C
466	0.03919	0.04233	A
467	0.04978	0.0524	C
468	0.00916	0.00966	T
469	0.0447	0.04772	C
470	0.01488	0.01559	T
471	0.05278	0.05488	C
472	0.01091	0.01275	T
473	0.06174	0.06327	C
474	0.03779	0.04119	A
475	0.04507	0.047	A
476	0.01141	0.01283	T
477	0.07405	0.07526	C
478	0.01044	0.01054	T
479	0.00944	0.00981	T
480	0.01736	0.04811	A
481	0.01044	0.01165	T
482	0.05223	0.0535	C
483	0.02691	0.02799	C
484	0.03128	0.03641	A
485	0.00768	0.00972	T
486	0.04951	0.05039	C
487	0.05391	0.06441	A
488	0.00967	0.0108	T
489	0.05685	0.06281	A
490	0.01537	0.01807	G
491	0.06505	0.0693	C
492	0.05012	0.05336	A
493	0.00604	0.00617	G
494	0.00492	0.00521	G
495	0.04724	0.04803	C
496	0.04098	0.04176	A
497	0.01081	0.01092	G
498	0.00557	0.00568	T
499	0.00495	0.00505	T
500	0.00726	0.00776	G
501	0.03345	0.03399	A
502	0.0068	0.0068	G
503	0.00797	0.00801	G
504	0.00957	0.0104	T
505	0.0054	0.0054	G
506	0.00482	0.00492	G
507	0.03464	0.05082	A
508	0.00885	0.00913	T
509	0.01077	0.01104	T
510	0.04257	0.04316	A
511	0.04413	0.04489	A
512	0.04919	0.04968	A
513	0.06606	0.06726	C
514	0.03811	0.03892	C
515	0.0269	0.02774	A
516	0.0468	0.04782	A
517	0.04724	0.04763	A
518	0.05958	0.06136	C
519	0.04002	0.04028	C
520	0.03744	0.03782	C
521	0.03911	0.05754	A
522	0.00884	0.0105	G
523	0.03394	0.03593	C
524	0.0066	0.00766	T
525	0.0398	0.04151	A
526	0.08162	0.08259	C
527	0.01032	0.01134	G
528	0.06261	0.06651	C
529	0.03721	0.03794	A
530	0.02886	0.02933	A
531	0.04141	0.04161	A
532	0.04903	0.04921	A
533	0.00878	0.01059	T
534	0.06172	0.06249	C
535	0.00909	0.00918	T
536	0.00797	0.00821	T
537	0.03078	0.04688	A
538	0.01277	0.01474	G
539	0.03908	0.04022	C
540	0.05848	0.06101	A
541	0.00877	0.00988	T
542	0.06098	0.06418	A
543	0.05625	0.05986	C
544	0.00694	0.00791	T
545	0.0268	0.02689	C
546	0.01957	0.02033	C
547	0.00519	0.00598	T
548	0.04386	0.04475	C
549	0.02574	0.02797	A
550	0.04	0.0405	A
551	0.01023	0.01052	T
552	0.01062	0.01105	T
553	0.02794	0.05506	A
554	0.04116	0.04164	C
555	0.02359	0.02374	C
556	0.03452	0.03473	C
557	0.02672	0.03145	A
558	0.06282	0.06462	C
559	0.05242	0.05859	A
560	0.00753	0.0084	T
561	0.0483	0.04917	A
562	0.00603	0.00623	G
563	0.00512	0.00531	G
564	0.02367	0.03523	A
565	0.00693	0.00713	T
566	0.00678	0.00797	G
567	0.03779	0.03825	A
568	0.03296	0.03353	A
569	0.00633	0.00793	T
570	0.04686	0.04688	A
571	0.04476	0.05128	A
572	0.00805	0.00861	T
573	0.04731	0.05091	A
574	0.00929	0.0108	G
575	0.05071	0.05158	C
576	0.04378	0.04556	A
577	0.01282	0.01355	G
578	0.00787	0.0081	T
579	0.00781	0.00797	T
580	0.04395	0.0475	C
581	0.0107	0.01117	T
582	0.0556	0.05795	A
583	0.07022	0.0704	C
584	0.04832	0.04941	C
585	0.01201	0.01741	G
586	0.00815	0.00932	T
587	0.0442	0.04509	A
588	0.06751	0.07284	C
589	0.03634	0.03732	A
590	0.03381	0.0353	A
591	0.04353	0.04417	C
592	0.02805	0.02943	C
593	0.02093	0.02213	C
594	0.00808	0.00977	T
595	0.03782	0.03878	A
596	0.03522	0.03637	A
597	0.05563	0.05733	C
598	0.04374	0.05093	A
599	0.00716	0.01193	T
600	0.04114	0.04133	A
601	0.04399	0.04749	A
602	0.06077	0.0629	C
603	0.03933	0.04078	C
604	0.04331	0.04853	A
605	0.00846	0.00902	T
606	0.00761	0.00806	T
607	0.05598	0.06999	C
608	0.0087	0.00932	T
609	0.00849	0.00931	T
610	0.03089	0.03294	A
611	0.04714	0.05043	A
612	0.00716	0.00767	T
613	0.00701	0.00739	T
614	0.0071	0.00732	T
615	0.04643	0.04744	A
616	0.06067	0.06321	A
617	0.06414	0.07155	C
618	0.00598	0.00629	T
619	0.04141	0.04717	A
620	0.00597	0.00628	T
621	0.00781	0.00796	T
622	0.00694	0.00717	T
623	0.04088	0.05073	A
624	0.0071	0.00779	T
625	0.07382	0.08042	A
626	0.00847	0.00849	T
627	0.00818	0.0088	T
628	0.02702	0.06328	A
629	0.00733	0.00845	T
630	0.05904	0.06148	C
631	0.02418	0.02535	C
632	0.00681	0.00777	T
633	0.04263	0.04365	A
634	0.04874	0.0493	A
635	0.06595	0.07256	C
636	0.007	0.0085	T
637	0.05447	0.05754	A
638	0.06581	0.0762	C
639	0.00987	0.01245	T
640	0.04711	0.05616	A
641	0.06285	0.06513	C
642	0.04924	0.05185	C
643	0.00857	0.01127	G
644	0.05061	0.05401	C
645	0.04985	0.0538	A
646	0.00743	0.00766	T
647	0.007	0.00703	T
648	0.05151	0.05169	C
649	0.03378	0.03461	C
650	0.00731	0.00825	T
651	0.04646	0.04823	A
652	0.06016	0.06591	C
653	0.00902	0.0121	T
654	0.04745	0.05217	A
655	0.06068	0.0673	C
656	0.00856	0.01096	T
657	0.05707	0.06302	C
658	0.04208	0.04426	A
659	0.03933	0.03981	A
660	0.06503	0.0686	C
661	0.00749	0.00781	T
662	0.00701	0.00725	T
663	0.03064	0.03116	A
664	0.04517	0.04567	A
665	0.04721	0.04778	A
666	0.0473	0.05128	C
667	0.00823	0.00898	T
668	0.03932	0.03954	C
669	0.02797	0.02889	C
670	0.03702	0.05785	A
671	0.01182	0.01336	G
672	0.04376	0.0457	C
673	0.03497	0.03638	A
674	0.03122	0.03134	C
675	0.02286	0.02397	C
676	0.02299	0.03112	A
677	0.05215	0.05458	C
678	0.01015	0.01235	G
679	0.03422	0.03568	A
680	0.02612	0.02616	C
681	0.02229	0.02255	C
682	0.05543	0.05583	C
683	0.00932	0.01087	T
684	0.0418	0.04363	A
685	0.06039	0.06493	C
686	0.00862	0.01046	T
687	0.05614	0.05913	A
688	0.06937	0.07911	C
689	0.00836	0.0088	T
690	0.06237	0.06891	A
691	0.00862	0.00929	T
692	0.03401	0.03539	C
693	0.01205	0.01326	T
694	0.04025	0.04152	C
695	0.01411	0.01611	G
696	0.03147	0.03304	C
697	0.02791	0.02871	A
698	0.03913	0.03913	C
699	0.05089	0.05152	C
700	0.00826	0.00977	T
701	0.01083	0.01433	G
702	0.03993	0.04043	A
703	0.04524	0.0456	A
704	0.03656	0.03676	A
705	0.06248	0.06961	C
706	0.04105	0.04175	A
707	0.05039	0.05201	A
708	0.00971	0.01095	G
709	0.04313	0.04539	C
710	0.00955	0.01083	T
711	0.03783	0.03798	A
712	0.03833	0.03875	A
713	0.0543	0.05606	C
714	0.03982	0.04155	A
715	0.0177	0.01817	T
716	0.00933	0.00977	G
717	0.04804	0.04899	A
718	0.04639	0.04762	C
719	0.01054	0.01228	T
720	0.03966	0.04111	A
721	0.04063	0.04287	A
722	0.05135	0.05564	C
723	0.03167	0.04227	A
724	0.04267	0.04302	C
725	0.02853	0.02869	C
726	0.03072	0.0313	C
727	0.00768	0.0078	T
728	0.00937	0.00966	T
729	0.03638	0.03746	A
730	0.05506	0.05623	A
731	0.0076	0.0079	T
732	0.00836	0.0086	T
733	0.05614	0.05696	C
734	0.03579	0.037	C
735	0.03039	0.04038	A
736	0.02053	0.02292	T
737	0.04562	0.04652	C
738	0.04258	0.04602	C
739	0.03333	0.04523	A
740	0.09617	0.09654	C
741	0.01339	0.01339	C
742	0.01115	0.01192	C
743	0.00366	0.00471	T
744	0.01535	0.01537	C
745	0.01159	0.01237	C
746	0.00623	0.00896	T
747	0.07772	0.08186	C
748	0.01	0.02308	T
749	0.0625	0.0625	C
750	0.06237	0.06237	C
751	0.05295	0.05532	C
752	0.01045	0.01101	T
753	0.0392	0.04135	A
754	0.00489	0.00499	G
755	0.00439	0.00459	G
756	0.01828	0.02305	A
757	0.0055	0.00553	G
758	0.00533	0.00564	G
759	0.11388	0.11439	C
760	0.04313	0.04361	C
761	0.01239	0.01477	T
762	0.01223	0.0139	G
763	0.03244	0.0326	C
764	0.02061	0.0207	C
765	0.03606	0.0362	C
766	0.03836	0.0384	C
767	0.04597	0.046	C
768	0.00788	0.00974	G
769	0.04999	0.05206	C
770	0.00806	0.00934	T
771	0.0492	0.05032	A
772	0.05385	0.05458	A
773	0.08486	0.0853	C
774	0.05342	0.05438	C
775	0.00512	0.00523	G
776	0.00584	0.00588	G
777	0.04334	0.04384	C
778	0.0036	0.00365	T
779	0.00454	0.00457	T
780	0.00741	0.00742	T
781	0.01039	0.01039	T
782	0.01099	0.01102	T
783	0.00623	0.00723	G
784	0.00946	0.00948	C
785	0.00624	0.00625	C
786	0.02178	0.02183	C
787	0.01719	0.01733	A
788	0.05876	0.05884	A
789	0.06236	0.06274	A
790	0.01608	0.01735	T
791	0.00618	0.00626	G
792	0.00538	0.00547	G
793	0.00552	0.00553	G
794	0.0174	0.0175	C
795	0.09432	0.09447	C
796	0.02848	0.03818	A
797	0.00796	0.00801	T
798	0.00857	0.00887	T
799	0.03179	0.0545	A
800	0.00992	0.01048	T
801	0.06737	0.06911	C
802	0.01635	0.01831	G
803	0.0523	0.05285	A
804	0.05544	0.05596	A
805	0.01252	0.02125	G
806	0.04426	0.0444	A
807	0.05317	0.0539	A
808	0.01247	0.01279	T
809	0.01365	0.01477	T
810	0.05697	0.06058	C
811	0.0322	0.03348	A
812	0.07746	0.09059	C
813	0.00324	0.00333	A
814	0.01079	0.0108	A
815	0.02859	0.02872	A
816	0.02474	0.025	A
817	0.03435	0.03444	A
818	0.02505	0.02524	A
819	0.08342	0.09442	C
820	0.04588	0.04588	A
821	0.04519	0.04572	A
822	0.01013	0.01089	T
823	0.06927	0.07142	A
824	0.00918	0.00977	G
825	0.04362	0.04391	C
826	0.03142	0.03195	C
827	0.00881	0.0101	T
828	0.05145	0.05329	C
829	0.04404	0.05029	A
830	0.00934	0.01245	T
831	0.05902	0.06261	C
832	0.0501	0.05933	A
833	0.01395	0.01579	T
834	0.03766	0.0389	C
835	0.02627	0.02739	C
836	0.02474	0.02489	C
837	0.02534	0.02608	C
838	0.02951	0.03685	A
839	0.04846	0.04849	C
840	0.03004	0.03109	C
841	0.03445	0.0399	A
842	0.00839	0.01104	T
843	0.05139	0.05246	C
844	0.05105	0.06037	A
845	0.01045	0.01172	T
846	0.05951	0.0666	A
847	0.01345	0.01435	G
848	0.03112	0.03154	C
849	0.02122	0.02184	C
850	0.03203	0.04178	A
851	0.04907	0.04917	C
852	0.03316	0.03402	C
853	0.03869	0.04854	A
854	0.01369	0.0189	T
855	0.05144	0.05475	C
856	0.04199	0.04515	A
857	0.06021	0.06086	C
858	0.03227	0.0323	C
859	0.02808	0.02949	C
860	0.0086	0.01058	T
861	0.04468	0.04468	C
862	0.03795	0.04002	C
863	0.00729	0.00743	T
864	0.01071	0.01113	T
865	0.02984	0.03171	A
866	0.04813	0.04843	A
867	0.07496	0.07538	C
868	0.03635	0.03852	C
869	0.00686	0.00743	T
870	0.85664	0.87091	C
871	0.00789	0.00886	T
872	0.05339	0.05542	A
873	0.06737	0.07283	C
874	0.00854	0.00874	T
875	0.00934	0.00945	T
876	0.04639	0.05472	C
877	0.00987	0.01062	T
878	0.04777	0.05058	A
879	0.06389	0.06433	C
880	0.02691	0.02975	C
881	0.02719	0.02945	T
882	0.03814	0.05137	A
883	0.07732	0.07998	C
884	0.00999	0.01117	G
885	0.0397	0.0398	C
886	0.0222	0.02269	C
887	0.00795	0.0093	T
888	0.04003	0.04086	A
889	0.04103	0.04186	A
890	0.00961	0.00996	T
891	0.04988	0.05147	C
892	0.00792	0.00882	T
893	0.03689	0.04394	A
894	0.03303	0.03441	C
895	0.01496	0.01709	T
896	0.0278	0.02783	C
897	0.02093	0.02184	C
898	0.02443	0.03091	A
899	0.04591	0.04591	C
900	0.02362	0.02437	C
901	0.0067	0.00798	T
902	0.04751	0.04853	C
903	0.03108	0.03372	A
904	0.04048	0.04135	A
905	0.0101	0.01252	T
906	0.04082	0.04216	C
907	0.03398	0.0351	A
908	0.04778	0.05154	C
909	0.03753	0.0386	A
910	0.0452	0.04732	C
911	0.01075	0.01181	T
912	0.0457	0.05193	A
913	0.04523	0.04862	C
914	0.02075	0.02281	T
915	0.02856	0.02862	C
916	0.02331	0.02334	C
917	0.02798	0.028	C
918	0.0264	0.0269	C
919	0.02129	0.03104	A
920	0.00939	0.01027	T
921	0.02982	0.03068	A
922	0.0098	0.01034	T
923	0.03774	0.03829	C
924	0.00862	0.01034	T
925	0.03396	0.03435	A
926	0.03234	0.03311	A
927	0.05617	0.05927	C
928	0.0256	0.02573	A
929	0.02668	0.02707	A
930	0.06103	0.06283	C
931	0.0196	0.02175	G
932	0.00921	0.01241	T
933	0.00342	0.00406	A
934	0.02195	0.02272	A
935	0.01904	0.01916	A
936	0.02917	0.03052	A
937	0.02723	0.02796	A
938	0.02497	0.02886	T
939	0.02662	0.02663	A
940	0.01784	0.01788	A
941	0.03443	0.03443	A
942	0.04399	0.04623	A
943	0.01043	0.01122	T
944	0.01103	0.01281	G
945	0.04562	0.04625	A
946	0.06895	0.07017	C
947	0.04816	0.04873	A
948	0.01604	0.01742	G
949	0.00827	0.00863	T
950	0.00987	0.01028	T
951	0.00908	0.00916	T
952	0.0124	0.01664	G
953	0.04605	0.04657	A
954	0.03579	0.03617	A
955	0.07694	0.07894	C
956	0.04691	0.04894	A
957	0.01051	0.01255	T
958	0.03585	0.03649	A
959	0.08351	0.08849	C
960	0.03908	0.03913	A
961	0.0231	0.0231	A
962	0.04111	0.04111	A
963	0.04627	0.04665	A
964	0.0448	0.04877	C
965	0.03128	0.03183	C
966	0.02535	0.02573	C
967	0.03239	0.04759	A
968	0.03387	0.03404	C
969	0.04338	0.04338	C
970	0.02835	0.02835	C
971	0.02524	0.02567	C
972	0.04944	0.05255	A
973	0.01171	0.03694	T
974	0.01173	0.01194	T
975	0.04008	0.04025	C
976	0.02881	0.02951	C
977	0.01049	0.01309	T
978	0.02935	0.02941	C
979	0.02469	0.02469	C
980	0.0312	0.0312	C
981	0.03003	0.03059	C
982	0.02141	0.03498	A
983	0.04478	0.0477	C
984	0.03783	0.04063	A
985	0.04314	0.04534	C
986	0.00917	0.01039	T
987	0.0407	0.04281	C
988	0.03739	0.04213	A
989	0.02031	0.02193	T
990	0.06028	0.06256	C
991	0.01251	0.01381	G
992	0.03342	0.03354	C
993	0.02695	0.02702	C
994	0.02096	0.02106	C
995	0.00849	0.0087	T
996	0.01064	0.01108	T
997	0.0493	0.06476	A
998	0.04812	0.04849	C
999	0.03187	0.03303	C
1000	0.02654	0.03548	A
1001	0.06397	0.06569	C
1002	0.01148	0.01289	G
1003	0.04556	0.04656	C
1004	0.00902	0.00998	T
1005	0.03952	0.0461	A
1006	0.04175	0.04369	C
1007	0.00885	0.00958	T
1008	0.03564	0.03566	C
1009	0.02026	0.02215	C
1010	0.01092	0.01153	T
1011	0.03549	0.03742	A
1012	0.05829	0.05884	C
1013	0.02583	0.02831	C
1014	0.00595	0.00631	T
1015	0.03942	0.04385	A
1016	0.01854	0.01947	T
1017	0.04744	0.04972	C
1018	0.02084	0.02353	T
1019	0.02218	0.02262	C
1020	0.02075	0.02087	C
1021	0.0107	0.01075	C
1022	0.02419	0.02447	C
1023	0.00683	0.00703	T
1024	0.00556	0.0057	T
1025	0.00491	0.00491	T
1026	0.00346	0.00348	T
1027	0.02009	0.026	A
1028	0.00533	0.00557	T
1029	0.01392	0.01478	A
1030	0.02705	0.02823	C
1031	0.00651	0.00758	T
1032	0.01583	0.01595	A
1033	0.01489	0.01542	A
1034	0.00522	0.00678	T
1035	0.01625	0.01625	A
1036	0.0081	0.00851	A
1037	0.00446	0.00449	T
1038	0.01032	0.01057	C
1039	0.00507	0.00507	T
1040	0.00422	0.00422	T
1041	0.00307	0.00307	A
1042	0.00049	0.00049	T
1043	0.0	0.0	A
1044	0.0	0.0	G
