Position	Mismatches	Mismatches + Deletions	Base
1	0.0	0.0	A
2	0.0	0.0	C
3	0.0	0.0	C
4	0.00184	0.00184	G
5	0.01215	0.01255	C
6	0.01715	0.01715	C
7	0.00709	0.00824	G
8	0.06663	0.07331	A
9	0.00699	0.00807	G
10	0.0627	0.06375	A
11	0.04995	0.04995	C
12	0.03655	0.03655	C
13	0.00847	0.01067	G
14	0.03801	0.04032	C
15	0.0072	0.00851	G
16	0.00436	0.00484	T
17	0.0315	0.0315	C
18	0.04239	0.04239	C
19	0.01302	0.01726	G
20	0.0608	0.0608	C
21	0.02345	0.02345	C
22	0.04041	0.04041	C
23	0.04375	0.04524	C
24	0.00371	0.00415	G
25	0.0146	0.01606	C
26	0.00635	0.00693	G
27	0.03169	0.03269	A
28	0.0058	0.00722	G
29	0.02197	0.02267	C
30	0.06626	0.07042	A
31	0.09732	0.09772	C
32	0.07764	0.08442	A
33	0.00647	0.00809	G
34	0.09915	0.10462	A
35	0.00835	0.00835	G
36	0.04142	0.04153	C
37	0.01423	0.01423	C
38	0.00128	0.00151	T
39	0.03855	0.03855	C
40	0.00557	0.00602	G
41	0.00952	0.00952	C
42	0.07202	0.07257	C
43	0.00131	0.00131	T
44	0.00557	0.00557	T
45	0.00543	0.00543	T
46	0.00553	0.00649	G
47	0.02161	0.02161	C
48	0.02148	0.02148	C
49	0.01062	0.01225	G
50	0.06396	0.06776	A
51	0.00573	0.00712	T
52	0.07779	0.07789	C
53	0.05928	0.06027	C
54	0.01117	0.01265	G
55	0.03229	0.03239	C
56	0.03125	0.03271	C
57	0.01278	0.01529	G
58	0.0694	0.0694	C
59	0.04701	0.04701	C
60	0.05755	0.05886	C
61	0.00524	0.00744	G
62	0.00417	0.00508	T
63	0.026	0.02627	C
64	0.04249	0.04276	C
65	0.02556	0.04008	A
66	0.06291	0.07077	C
67	0.03878	0.0467	A
68	0.06163	0.06163	C
69	0.06501	0.06501	C
70	0.05226	0.05324	C
71	0.00968	0.01383	G
72	0.04737	0.04737	C
73	0.04681	0.0472	C
74	0.00753	0.00848	G
75	0.03637	0.03637	C
76	0.03973	0.03973	C
77	0.04326	0.06923	A
78	0.0076	0.00782	G
79	0.0544	0.05535	C
80	0.00648	0.00857	T
81	0.03528	0.03578	C
82	0.04703	0.04844	A
83	0.07055	0.07055	C
84	0.05005	0.05177	C
85	0.03597	0.04495	A
86	0.00507	0.00546	T
87	0.00577	0.00582	G
88	0.00326	0.0033	G
89	0.03347	0.05191	A
90	0.2915	0.292	T
91	0.0042	0.00468	G
92	0.03912	0.04196	A
93	0.28673	0.28783	T
94	0.0034	0.00417	G
95	0.0454	0.04876	A
96	0.28826	0.28853	T
97	0.05791	0.06016	A
98	0.00703	0.00735	T
99	0.07234	0.07493	C
100	0.00661	0.00704	G
101	0.02466	0.02466	C
102	0.0287	0.02935	C
103	0.00698	0.00852	G
104	0.06861	0.06967	C
105	0.00781	0.00836	G
106	0.04482	0.04585	C
107	0.00442	0.005	T
108	0.43336	0.43427	C
109	0.00593	0.00618	G
110	0.00373	0.00412	T
111	0.03783	0.03843	C
112	0.40598	0.4066	G
113	0.0022	0.0028	T
114	0.43763	0.44021	C
115	0.00711	0.00717	G
116	0.04544	0.04612	A
117	0.05117	0.05222	C
118	0.06707	0.0671	A
119	0.06828	0.06984	A
120	0.44907	0.45039	C
121	0.00432	0.00439	G
122	0.00487	0.00491	G
123	0.01272	0.01328	C
124	0.00326	0.00467	T
125	0.04942	0.04942	C
126	0.01675	0.01705	C
127	0.00386	0.00386	G
128	0.00368	0.0037	G
129	0.01254	0.01288	C
130	0.05622	0.05729	A
131	0.00614	0.00625	T
132	0.00471	0.0054	G
133	0.0087	0.00896	T
134	0.0042	0.00465	G
135	0.0378	0.04173	C
136	0.04664	0.04677	A
137	0.05804	0.05855	A
138	0.4513	0.45193	G
139	0.00433	0.00439	G
140	0.02088	0.02102	C
141	0.46142	0.4615	C
142	0.00569	0.00569	G
143	0.00533	0.00533	G
144	0.50017	0.50355	C
145	0.00433	0.00439	T
146	0.00675	0.0068	T
147	0.48132	0.48265	C
148	0.00654	0.00692	G
149	0.04379	0.04708	C
150	0.44869	0.44873	G
151	0.00402	0.00402	G
152	0.00445	0.00453	G
153	0.47152	0.48176	C
154	0.00462	0.00476	G
155	0.02992	0.03107	A
156	0.02752	0.02906	C
157	0.00809	0.00901	G
158	0.06065	0.06384	A
159	0.46023	0.46248	T
160	0.00545	0.00655	G
161	0.03419	0.0347	C
162	0.50391	0.50949	C
163	0.02533	0.02545	C
164	0.03325	0.03325	C
165	0.03632	0.03632	C
166	0.0413	0.0413	C
167	0.00516	0.00546	G
168	0.52411	0.52411	G
169	0.005	0.005	G
170	0.02148	0.0215	C
171	0.03736	0.03741	C
172	0.00739	0.0106	G
173	0.00582	0.00597	T
174	0.56145	0.5623	C
175	0.00571	0.00571	T
176	0.00622	0.00645	T
177	0.54345	0.54365	C
178	0.05269	0.05288	C
179	0.03631	0.03631	C
180	0.54057	0.54461	C
181	0.00321	0.00355	T
182	0.06329	0.06329	C
183	0.03548	0.03603	C
184	0.04013	0.05028	A
185	0.00759	0.00855	T
186	0.06153	0.06184	C
187	0.00903	0.00963	G
188	0.00918	0.01167	T
189	0.53796	0.53796	G
190	0.00959	0.00959	G
191	0.00517	0.00517	G
192	0.0072	0.00735	G
193	0.03905	0.04654	C
194	0.00745	0.00801	G
195	0.02803	0.02815	C
196	0.01031	0.01031	C
197	0.01553	0.01563	C
198	0.12966	0.12967	C
199	0.04618	0.10028	A
200	0.00662	0.00686	G
201	0.52094	0.52176	G
202	0.04762	0.05085	C
203	0.05238	0.05398	A
204	0.09597	0.09651	C
205	0.04648	0.04679	C
206	0.06755	0.10304	A
207	0.00419	0.00429	G
208	0.00395	0.00398	G
209	0.00583	0.00583	G
210	0.02125	0.02495	C
211	0.01111	0.01119	G
212	0.00389	0.00439	T
213	0.55954	0.56014	G
214	0.0354	0.03634	A
215	0.00491	0.00492	T
216	0.00622	0.00634	G
217	0.00784	0.00791	G
218	0.00795	0.00816	T
219	0.00587	0.00587	G
220	0.00532	0.00532	G
221	0.00555	0.00559	G
222	0.04874	0.05686	C
223	0.07486	0.07743	A
224	0.00758	0.00787	T
225	0.00572	0.00585	G
226	0.00477	0.00488	G
227	0.00612	0.00614	G
228	0.54641	0.56642	T
229	0.04498	0.04547	C
230	0.07298	0.0748	A
231	0.00998	0.01116	G
232	0.0895	0.08993	A
233	0.05777	0.06106	A
234	0.00672	0.00683	G
235	0.00481	0.00483	G
236	0.05442	0.06818	A
237	0.54311	0.54351	T
238	0.00557	0.00576	T
239	0.03035	0.03074	C
240	0.01781	0.01812	C
241	0.00457	0.00568	T
242	0.07523	0.07686	A
243	0.54676	0.549	T
244	0.00992	0.01125	G
245	0.00781	0.00928	T
246	0.00592	0.00605	G
247	0.00457	0.00457	G
248	0.00495	0.0051	G
249	0.0284	0.0331	C
250	0.01325	0.01373	G
251	0.07339	0.07861	A
252	0.09511	0.10006	C
253	0.01036	0.012	G
254	0.06576	0.07205	A
255	0.01308	0.01312	G
256	0.00509	0.00523	G
257	0.00971	0.00971	C
258	0.01183	0.0119	C
259	0.01416	0.0142	C
260	0.03679	0.06145	A
261	0.0068	0.00709	G
262	0.07055	0.07097	A
263	0.0093	0.00962	G
264	0.0743	0.07936	C
265	0.05968	0.06006	A
266	0.0813	0.08318	A
267	0.01176	0.01305	G
268	0.53749	0.54395	A
269	0.00995	0.01034	G
270	0.53492	0.53724	A
271	0.00496	0.00496	G
272	0.00501	0.00513	G
273	0.05533	0.05629	C
274	0.06433	0.06553	A
275	0.00353	0.00382	T
276	0.03185	0.03187	C
277	0.02374	0.02415	C
278	0.0055	0.01289	T
279	0.53008	0.53186	C
280	0.031	0.04152	A
281	0.02519	0.02519	C
282	0.0199	0.0199	C
283	0.01748	0.01785	C
284	0.00484	0.00643	T
285	0.00681	0.00906	G
286	0.05929	0.05986	A
287	0.08293	0.08374	A
288	0.01087	0.01294	G
289	0.01275	0.01524	T
290	0.0676	0.07028	A
291	0.04163	0.04194	C
292	0.02059	0.02067	C
293	0.01928	0.01928	C
294	0.02906	0.02906	C
295	0.04813	0.05385	A
296	0.00573	0.00625	T
297	0.47855	0.48014	C
298	0.00631	0.00724	G
299	0.05465	0.05623	A
300	0.0121	0.01253	G
301	0.04118	0.04544	C
302	0.03931	0.04506	A
303	0.47325	0.47532	C
304	0.00431	0.00439	G
305	0.00505	0.0051	G
306	0.03335	0.03417	C
307	0.0749	0.07537	A
308	0.0037	0.00437	T
309	0.0392	0.03927	C
310	0.01475	0.01542	G
311	0.00455	0.0067	T
312	0.02296	0.02339	C
313	0.07469	0.0769	A
314	0.06375	0.06399	C
315	0.03351	0.03581	C
316	0.06022	0.06039	A
317	0.08165	0.08181	A
318	0.10387	0.11023	C
319	0.01214	0.01332	T
320	0.00651	0.00654	G
321	0.00453	0.00453	G
322	0.00475	0.00476	G
323	0.02716	0.03105	A
324	0.0241	0.02483	C
325	0.00799	0.00832	G
326	0.0431	0.04369	A
327	0.08122	0.08242	C
328	0.04961	0.05015	A
329	0.00781	0.00834	T
330	0.00592	0.00611	G
331	0.00605	0.00632	G
332	0.04645	0.06482	A
333	0.01347	0.01428	G
334	0.0641	0.0641	A
335	0.03975	0.0398	A
336	0.45249	0.4526	A
337	0.05158	0.05171	A
338	0.00631	0.00738	T
339	0.04237	0.04263	C
340	0.01394	0.01433	T
341	0.00795	0.00813	G
342	0.00706	0.00722	G
343	0.08625	0.09228	C
344	0.09726	0.10014	A
345	0.04335	0.04338	C
346	0.02388	0.02518	C
347	0.02282	0.037	A
348	0.0373	0.0409	C
349	0.03404	0.03685	A
350	0.0458	0.04582	C
351	0.03831	0.03865	C
352	0.0039	0.00412	T
353	0.00389	0.00393	T
354	0.03171	0.03876	C
355	0.00551	0.00607	T
356	0.05887	0.06105	A
357	0.08464	0.08713	C
358	0.05149	0.05158	A
359	0.0677	0.06921	A
360	0.37094	0.37778	T
361	0.00652	0.00833	G
362	0.05646	0.0584	A
363	0.00878	0.00913	G
364	0.05298	0.05565	C
365	0.00615	0.00746	T
366	0.01009	0.01115	G
367	0.07593	0.07732	C
368	0.00653	0.00679	G
369	0.36033	0.36308	T
370	0.00781	0.00847	G
371	0.00597	0.00732	T
372	0.0136	0.0136	G
373	0.00532	0.00532	G
374	0.02454	0.0269	C
375	0.35958	0.40242	T
376	0.02288	0.02296	C
377	0.01878	0.01878	C
378	0.39421	0.39436	C
379	0.00381	0.00516	G
380	0.22698	0.23128	A
381	0.00917	0.00917	G
382	0.00488	0.00517	G
383	0.03305	0.04064	A
384	0.014	0.01488	G
385	0.02222	0.02475	C
386	0.04363	0.04587	A
387	0.05043	0.05047	C
388	0.07205	0.07206	C
389	0.05949	0.05949	C
390	0.43302	0.4331	C
391	0.01035	0.01163	G
392	0.00741	0.00758	T
393	0.00957	0.01046	G
394	0.02683	0.02811	C
395	0.00258	0.00282	T
396	0.00786	0.00841	G
397	0.05324	0.05524	C
398	0.005	0.00536	T
399	0.01066	0.01349	G
400	0.07034	0.0726	A
401	0.03675	0.0369	C
402	0.03072	0.03082	C
403	0.00785	0.01019	G
404	0.06095	0.07133	A
405	0.00708	0.00716	G
406	0.00723	0.00758	G
407	0.01682	0.01689	C
408	0.0218	0.02188	C
409	0.04315	0.04321	C
410	0.05272	0.05283	C
411	0.06236	0.06236	C
412	0.05466	0.05471	C
413	0.00742	0.01044	T
414	0.01104	0.01396	G
415	0.05462	0.05611	A
416	0.04252	0.04382	A
417	0.05902	0.05926	C
418	0.03995	0.04005	C
419	0.03575	0.03578	C
420	0.0412	0.04125	C
421	0.04993	0.05177	A
422	0.10092	0.10311	A
423	0.00584	0.00623	G
424	0.00571	0.00574	G
425	0.01964	0.01967	C
426	0.02288	0.02295	C
427	0.04669	0.04846	A
428	0.05216	0.05255	A
429	0.0885	0.08868	C
430	0.44544	0.44922	C
431	0.00646	0.00772	G
432	0.45644	0.45907	C
433	0.00864	0.00988	G
434	0.07443	0.07651	A
435	0.00722	0.00783	G
436	0.04054	0.04082	A
437	0.04099	0.04271	A
438	0.01082	0.01178	G
439	0.07679	0.07955	A
440	0.01313	0.01426	T
441	0.00672	0.00872	G
442	0.06019	0.06196	A
443	0.04706	0.04754	C
444	0.45074	0.45099	C
445	0.03287	0.03298	C
446	0.03261	0.04763	A
447	0.01069	0.01111	G
448	0.0577	0.05952	A
449	0.00671	0.0084	T
450	0.44957	0.47571	C
451	0.07499	0.07803	A
452	0.00968	0.00981	T
453	0.00935	0.01166	G
454	0.00487	0.0049	T
455	0.00827	0.00827	T
456	0.00953	0.00954	T
457	0.00724	0.0101	G
458	0.04289	0.0484	A
459	0.00831	0.00909	G
460	0.06398	0.06467	A
461	0.06717	0.06765	C
462	0.03723	0.0373	C
463	0.00464	0.00477	T
464	0.00516	0.00528	T
465	0.04649	0.04941	C
466	0.06495	0.06662	A
467	0.05864	0.06371	A
468	0.08358	0.09188	C
469	0.05096	0.05538	A
470	0.05936	0.0598	C
471	0.03289	0.03315	C
472	0.037	0.03706	C
473	0.03127	0.03132	C
474	0.41634	0.4364	A
475	0.00553	0.00588	G
476	0.00795	0.00795	C
477	0.00751	0.00755	C
478	0.02177	0.02869	A
479	0.00634	0.0064	T
480	0.00445	0.0049	G
481	0.00549	0.00595	T
482	0.0336	0.03416	A
483	0.06302	0.06408	C
484	0.00773	0.00817	G
485	0.0068	0.00686	T
486	0.40967	0.41039	T
487	0.00617	0.00649	G
488	0.02271	0.02341	C
489	0.39505	0.40253	T
490	0.05789	0.06405	A
491	0.00739	0.00773	T
492	0.07771	0.078	C
493	0.07798	0.07881	C
494	0.02447	0.03875	A
495	0.00416	0.00419	G
496	0.00636	0.00636	G
497	0.01867	0.01934	C
498	0.41899	0.42158	T
499	0.00972	0.01072	G
500	0.00302	0.00312	T
501	0.00492	0.00508	G
502	0.0324	0.03346	C
503	0.00886	0.00933	T
504	0.41857	0.42383	A
505	0.00891	0.00944	T
506	0.05927	0.05972	C
507	0.06249	0.06255	C
508	0.05509	0.05548	C
509	0.00515	0.00614	T
510	0.35252	0.35564	G
511	0.00513	0.00816	T
512	0.03875	0.05212	A
513	0.04916	0.05036	C
514	0.00488	0.00495	G
515	0.01325	0.01341	C
516	0.00897	0.009	C
517	0.00318	0.00429	T
518	0.10396	0.10485	C
519	0.00796	0.00894	T
520	0.00508	0.00528	G
521	0.00413	0.00415	G
522	0.36848	0.36872	C
523	0.02362	0.02533	C
524	0.00481	0.0054	G
525	0.35316	0.35405	T
526	0.02351	0.02426	A
527	0.03461	0.03574	C
528	0.05824	0.0583	C
529	0.03992	0.04981	A
530	0.0692	0.07036	C
531	0.00456	0.00498	T
532	0.00389	0.00391	G
533	0.00474	0.0048	G
534	0.02316	0.02359	C
535	0.16027	0.16147	A
536	0.00519	0.00552	T
537	0.38947	0.39018	C
538	0.00548	0.0061	G
539	0.00335	0.00354	T
540	0.35939	0.36013	G
541	0.04011	0.04128	A
542	0.0036	0.00366	T
543	0.00605	0.00608	G
544	0.00426	0.00436	G
545	0.02272	0.02642	A
546	0.02437	0.02479	C
547	0.004	0.00433	T
548	0.06905	0.06908	C
549	0.40298	0.40311	C
550	0.00638	0.00659	G
551	0.0058	0.00721	G
552	0.36947	0.38041	T
553	0.00697	0.00742	G
554	0.08419	0.08881	A
555	0.07102	0.075	C
556	0.00787	0.00812	G
557	0.00297	0.00299	G
558	0.01059	0.01063	G
559	0.00671	0.00676	G
560	0.01078	0.01498	T
561	0.07277	0.07476	C
562	0.05005	0.05102	A
563	0.04636	0.04644	C
564	0.02382	0.02382	C
565	0.03771	0.03787	C
566	0.04744	0.07212	A
567	0.04999	0.05298	C
568	0.04324	0.04616	A
569	0.07176	0.07476	C
570	0.39468	0.39553	T
571	0.00607	0.00732	G
572	0.00753	0.00857	T
573	0.01434	0.01507	G
574	0.04686	0.04739	C
575	0.01336	0.01339	C
576	0.03932	0.03947	C
577	0.03423	0.04186	A
578	0.00508	0.00548	T
579	0.03473	0.03477	C
580	0.01038	0.01069	T
581	0.06119	0.0629	A
582	0.09312	0.09409	C
583	0.00626	0.00658	G
584	0.02993	0.03328	A
585	0.00462	0.00462	G
586	0.00454	0.00454	G
587	0.00533	0.00533	G
588	0.43073	0.43078	G
589	0.00925	0.01145	T
590	0.09134	0.09739	A
591	0.41177	0.41342	T
592	0.00804	0.00864	G
593	0.04017	0.04058	C
594	0.02418	0.02445	C
595	0.04147	0.04155	C
596	0.00698	0.00984	T
597	0.03267	0.0327	C
598	0.06397	0.06409	C
599	0.06257	0.06257	C
600	0.04208	0.04208	C
601	0.03708	0.03708	C
602	0.03424	0.04972	A
603	0.43159	0.43745	T
604	0.00463	0.0052	G
605	0.03349	0.03394	C
606	0.02	0.02018	C
607	0.04286	0.05677	A
608	0.0052	0.0056	T
609	0.0487	0.04877	C
610	0.04779	0.04881	C
611	0.00552	0.00637	T
612	0.00481	0.00559	G
613	0.05923	0.06052	C
614	0.00776	0.00791	G
615	0.00516	0.00551	T
616	0.05233	0.05246	C
617	0.007	0.00747	T
618	0.00494	0.00499	G
619	0.00538	0.00556	G
620	0.0553	0.06273	A
621	0.05145	0.05178	C
622	0.0384	0.03893	C
623	0.00338	0.00448	T
624	0.0041	0.00418	G
625	0.00582	0.00607	G
626	0.05815	0.06022	C
627	0.00649	0.00704	T
628	0.00576	0.00599	G
629	0.00665	0.00691	G
630	0.03574	0.03585	C
631	0.04541	0.04564	C
632	0.00783	0.00787	G
633	0.01359	0.01374	G
634	0.00586	0.00595	G
635	0.05653	0.06081	A
636	0.05657	0.05692	C
637	0.02975	0.02996	C
638	0.00569	0.00645	T
639	0.01421	0.01583	G
640	0.048	0.04881	A
641	0.04178	0.04254	C
642	0.45925	0.46206	T
643	0.01035	0.01127	G
644	0.08172	0.08458	A
645	0.07228	0.07455	C
646	0.00894	0.00996	T
647	0.07101	0.07565	A
648	0.08166	0.08268	C
649	0.0428	0.04471	C
650	0.00598	0.00949	T
651	0.05103	0.05308	C
652	0.0676	0.07719	A
653	0.00953	0.00992	T
654	0.0067	0.00794	G
655	0.05041	0.0508	A
656	0.04801	0.04899	A
657	0.00745	0.00842	G
658	0.06065	0.06291	A
659	0.0064	0.00692	T
660	0.02474	0.02497	C
661	0.02409	0.02448	C
662	0.00802	0.01205	T
663	0.07668	0.07911	C
664	0.04734	0.0531	A
665	0.08961	0.08965	C
666	0.49707	0.49908	C
667	0.00652	0.00837	G
668	0.05613	0.05885	A
669	0.00632	0.00636	G
670	0.04306	0.04511	C
671	0.00717	0.00818	G
672	0.49933	0.50102	C
673	0.00594	0.00594	G
674	0.00503	0.00506	G
675	0.02513	0.02649	C
676	0.00885	0.00974	T
677	0.04272	0.04668	A
678	0.05157	0.05277	C
679	0.03388	0.03488	A
680	0.00649	0.00663	G
681	0.0315	0.0331	C
682	0.00712	0.00716	T
683	0.01489	0.0154	T
684	0.01621	0.01891	C
685	0.06954	0.07251	A
686	0.0328	0.0328	C
687	0.01037	0.01238	C
688	0.06225	0.08018	A
689	0.07942	0.07942	C
690	0.02994	0.03331	C
691	0.03516	0.04462	A
692	0.04374	0.04573	C
693	0.00528	0.00685	G
694	0.00638	0.00651	G
695	0.01886	0.0189	C
696	0.01656	0.01678	C
697	0.00909	0.01071	G
698	0.05739	0.06332	A
699	0.0109	0.0114	G
700	0.07411	0.08457	C
701	0.00912	0.00912	G
702	0.0056	0.00565	G
703	0.00753	0.00767	G
704	0.02735	0.02751	A
705	0.07048	0.07057	A
706	0.07505	0.07506	A
707	0.00632	0.00736	T
708	0.04584	0.04618	C
709	0.00852	0.00886	G
710	0.01087	0.01173	T
711	0.00619	0.00678	G
712	0.03647	0.0375	C
713	0.00773	0.00812	G
714	0.47396	0.47556	T
715	0.00796	0.0083	G
716	0.06162	0.06343	A
717	0.07756	0.07803	C
718	0.06456	0.06498	A
719	0.0067	0.00695	T
720	0.4565	0.45692	T
721	0.0628	0.06314	A
722	0.07554	0.07749	A
723	0.00618	0.00625	G
724	0.00543	0.00554	G
725	0.04683	0.06106	A
726	0.00757	0.00856	G
727	0.02897	0.02897	A
728	0.02966	0.03108	A
729	0.00675	0.00704	G
730	0.0233	0.02438	C
731	0.00269	0.0029	T
732	0.00727	0.00815	G
733	0.00566	0.0059	T
734	0.00594	0.00616	G
735	0.04398	0.04568	C
736	0.00525	0.0054	T
737	0.0788	0.08019	A
738	0.08338	0.08439	C
739	0.01179	0.01266	G
740	0.00727	0.00938	T
741	0.03153	0.03216	C
742	0.00854	0.00887	G
743	0.01936	0.01936	C
744	0.02942	0.02942	C
745	0.0473	0.04744	C
746	0.00453	0.00591	T
747	0.00413	0.00418	G
748	0.00385	0.00388	G
749	0.03528	0.04073	A
750	0.03558	0.03581	C
751	0.00358	0.00364	T
752	0.00408	0.00409	T
753	0.03865	0.04101	C
754	0.00786	0.00902	G
755	0.07122	0.07289	A
756	0.00973	0.01119	G
757	0.0726	0.07695	C
758	0.0506	0.05118	A
759	0.51976	0.52225	A
760	0.00565	0.00669	G
761	0.06463	0.07472	A
762	0.00704	0.0076	G
763	0.08993	0.09542	A
764	0.00684	0.00771	T
765	0.00632	0.00632	G
766	0.00517	0.00526	G
767	0.01365	0.01368	C
768	0.01797	0.01813	C
769	0.04911	0.06025	A
770	0.07937	0.08011	C
771	0.40573	0.40888	G
772	0.00807	0.01165	G
773	0.01898	0.01953	C
774	0.40388	0.42352	T
775	0.00974	0.01344	G
776	0.02286	0.02774	C
777	0.42047	0.4205	T
778	0.00401	0.00402	T
779	0.08254	0.08296	C
780	0.04544	0.04586	C
781	0.45011	0.45807	A
782	0.43659	0.43864	G
783	0.0066	0.00682	C
784	0.00118	0.0013	T
785	0.01162	0.01162	C
786	0.45402	0.45435	C
787	0.00171	0.00279	T
788	0.01007	0.01007	C
789	0.46911	0.46911	C
790	0.08779	0.0882	C
791	0.0092	0.01052	T
792	0.00948	0.00956	G
793	0.00635	0.00647	G
794	0.04179	0.05213	A
795	0.00687	0.00706	G
796	0.03817	0.03823	A
797	0.03038	0.03284	A
798	0.00459	0.00525	G
799	0.02392	0.02533	A
800	0.00641	0.00668	G
801	0.10886	0.11271	C
802	0.00592	0.00642	T
803	0.08113	0.08214	A
804	0.12723	0.12915	C
805	0.00637	0.00686	G
806	0.04482	0.04698	A
807	0.00633	0.00648	G
808	0.06674	0.07156	C
809	0.00471	0.00487	T
810	0.00494	0.00598	G
811	0.01565	0.01566	C
812	0.02482	0.02499	C
813	0.49381	0.49941	T
814	0.00874	0.01055	G
815	0.05995	0.06232	A
816	0.55329	0.55469	C
817	0.00671	0.00684	G
818	0.00564	0.00568	G
819	0.01501	0.01504	C
820	0.02448	0.02479	C
821	0.03861	0.05862	A
822	0.0073	0.00734	G
823	0.00555	0.00563	G
824	0.00412	0.00492	T
825	0.04668	0.04748	C
826	0.06169	0.06469	A
827	0.00701	0.00904	T
828	0.05493	0.05648	C
829	0.07474	0.07578	A
830	0.0724	0.07245	C
831	0.03425	0.03542	C
832	0.07023	0.07829	A
833	0.00726	0.00759	T
834	0.01243	0.01247	T
835	0.00763	0.00774	G
836	0.00548	0.00549	G
837	0.02957	0.03067	C
838	0.0638	0.06436	A
839	0.06375	0.06437	A
840	0.00833	0.00963	T
841	0.00663	0.00867	G
842	0.05778	0.06085	A
843	0.00706	0.00732	G
844	0.03764	0.03856	C
845	0.00704	0.00704	G
846	0.00821	0.00825	G
847	0.00493	0.00496	T
848	0.00354	0.00354	T
849	0.03259	0.03259	C
850	0.04016	0.0403	C
851	0.00666	0.00819	G
852	0.546	0.5485	C
853	0.00809	0.00871	T
854	0.00686	0.00823	G
855	0.54312	0.54322	C
856	0.02131	0.02131	C
857	0.02729	0.02739	C
858	0.53869	0.54674	T
859	0.00334	0.00488	G
860	0.0771	0.08106	A
861	0.0049	0.00494	G
862	0.00541	0.00555	G
863	0.01813	0.01875	C
864	0.5706	0.57131	A
865	0.06692	0.0675	C
866	0.00501	0.00523	T
867	0.58125	0.58588	C
868	0.00517	0.00519	T
869	0.00475	0.00487	T
870	0.05902	0.05908	C
871	0.03999	0.0406	C
872	0.03458	0.05467	A
873	0.00679	0.00711	G
874	0.05092	0.05099	C
875	0.03315	0.03325	C
876	0.00572	0.00602	T
877	0.00663	0.00663	T
878	0.06138	0.06141	C
879	0.05986	0.06159	C
880	0.00717	0.0075	T
881	0.0073	0.00739	T
882	0.07734	0.07737	C
883	0.0554	0.05682	C
884	0.00954	0.01066	T
885	0.005	0.00505	G
886	0.00377	0.00377	G
887	0.00597	0.00601	G
888	0.53574	0.5378	C
889	0.03728	0.0381	A
890	0.00434	0.00454	T
891	0.00409	0.00422	G
892	0.00459	0.00479	G
893	0.04977	0.05625	A
894	0.47584	0.48561	G
895	0.00321	0.00338	T
896	0.03193	0.03195	C
897	0.5127	0.51285	C
898	0.00356	0.00384	T
899	0.00406	0.00581	G
900	0.50336	0.50401	T
901	0.00453	0.00456	G
902	0.00345	0.00345	G
903	0.24926	0.25345	C
904	0.19637	0.19824	A
905	0.00335	0.00349	T
906	0.00674	0.00674	C
907	0.00592	0.00595	C
908	0.00813	0.01037	A
909	0.01094	0.01136	C
910	0.00733	0.00806	G
911	0.05915	0.05943	A
912	0.48021	0.48133	A
913	0.07014	0.0704	A
914	0.05003	0.05193	C
915	0.46697	0.50234	T
916	0.01845	0.01968	A
917	0.03614	0.0365	C
918	0.00919	0.00945	C
919	0.0018	0.002	T
920	0.00307	0.00411	T
921	0.00734	0.00798	C
922	0.09192	0.09578	A
923	0.06962	0.0706	A
924	0.10166	0.11681	C
925	0.01001	0.01074	T
926	0.08346	0.08349	C
927	0.02629	0.02704	C
928	0.02837	0.03824	A
929	0.00586	0.00906	T
930	0.04674	0.04736	C
931	0.08287	0.08841	A
932	0.00888	0.00924	T
933	0.00429	0.00463	G
934	0.01112	0.01112	A
935	0.01229	0.01234	A
936	0.00583	0.00618	G
937	0.01163	0.01369	T
938	0.00737	0.00758	G
939	0.00201	0.00329	T
940	0.00705	0.0074	G
941	0.10592	0.11057	A
942	0.01566	0.01593	C
943	0.01033	0.01033	G
944	0.00155	0.0017	T
945	0.00585	0.00585	G
946	0.00252	0.00252	G
947	0.01935	0.02288	A
948	0.07512	0.07782	C
949	0.09931	0.10004	A
950	0.00779	0.00827	T
951	0.0088	0.00882	C
952	0.01327	0.01333	C
953	0.00526	0.00689	G
954	0.01263	0.01371	C
955	0.02317	0.02424	A
956	0.04225	0.04234	A
957	0.06303	0.06332	A
958	0.0057	0.00606	G
959	0.03391	0.03424	A
960	0.06678	0.06692	C
961	0.04815	0.04854	C
962	0.0054	0.00617	T
963	0.01045	0.01208	G
964	0.00506	0.0065	T
965	0.05884	0.06405	A
966	0.06121	0.06234	C
967	0.00897	0.00936	G
968	0.0273	0.02743	C
969	0.02206	0.02207	C
970	0.0417	0.04276	A
971	0.05537	0.05552	A
972	0.07575	0.07986	C
973	0.05352	0.057	A
974	0.07164	0.07545	C
975	0.655	0.65916	A
976	0.00774	0.00847	G
977	0.00535	0.00586	T
978	0.00765	0.00779	G
979	0.03937	0.04019	C
980	0.00296	0.00318	T
981	0.00722	0.00765	G
982	0.00431	0.00513	T
983	0.06375	0.06437	C
984	0.62489	0.6278	T
985	0.00511	0.00609	G
986	0.00849	0.00855	G
987	0.01134	0.0125	C
988	0.00715	0.00715	G
989	0.00527	0.00563	G
990	0.07283	0.0772	C
991	0.07776	0.07989	A
992	0.07029	0.07029	C
993	0.04146	0.0429	C
994	0.05515	0.06762	A
995	0.05458	0.05458	C
996	0.03551	0.03637	C
997	0.05465	0.07086	A
998	0.00446	0.00468	T
999	0.00682	0.0082	G
1000	0.00553	0.0066	T
1001	0.05039	0.05206	A
1002	0.43006	0.43038	C
1003	0.02584	0.02588	C
1004	0.02146	0.0216	C
1005	0.60836	0.61297	T
1006	0.00363	0.00372	G
1007	0.00561	0.00565	G
1008	0.0443	0.0449	C
1009	0.10843	0.11243	A
1010	0.00746	0.00758	T
1011	0.01186	0.01196	T
1012	0.00599	0.00637	G
1013	0.01186	0.01195	C
1014	0.01034	0.01034	C
1015	0.00528	0.00827	G
1016	0.10046	0.10144	A
1017	0.03796	0.03836	C
1018	0.06078	0.0618	A
1019	0.00453	0.00473	G
1020	0.01448	0.01448	G
1021	0.02739	0.04302	A
1022	0.00489	0.00497	T
1023	0.00499	0.00568	G
1024	0.03211	0.03269	C
1025	0.03689	0.03799	A
1026	0.00743	0.0081	G
1027	0.08706	0.08711	A
1028	0.06582	0.06875	A
1029	0.00632	0.00639	G
1030	0.00499	0.0052	G
1031	0.05945	0.07659	A
1032	0.00768	0.00792	G
1033	0.06287	0.06758	A
1034	0.00721	0.00939	T
1035	0.07559	0.07665	C
1036	0.09127	0.09587	A
1037	0.04315	0.04475	C
1038	0.59563	0.6016	T
1039	0.00534	0.006	G
1040	0.01533	0.01536	C
1041	0.01206	0.01208	C
1042	0.02382	0.02387	C
1043	0.00885	0.01013	T
1044	0.01607	0.01636	G
1045	0.00541	0.00571	G
1046	0.04194	0.04384	C
1047	0.60809	0.61156	A
1048	0.08631	0.08642	C
1049	0.08109	0.08109	C
1050	0.02936	0.02963	C
1051	0.02511	0.0381	A
1052	0.00681	0.00732	G
1053	0.03001	0.03089	C
1054	0.03067	0.03185	A
1055	0.04243	0.04317	C
1056	0.60646	0.60658	A
1057	0.07382	0.07479	A
1058	0.00814	0.00879	T
1059	0.00767	0.00858	G
1060	0.06533	0.06568	A
1061	0.06687	0.06717	A
1062	0.00773	0.00919	G
1063	0.05319	0.05482	A
1064	0.00785	0.00923	T
1065	0.07186	0.07234	C
1066	0.07485	0.07541	A
1067	0.07335	0.07514	A
1068	0.00783	0.00956	G
1069	0.06052	0.06276	A
1070	0.00718	0.00801	T
1071	0.03948	0.0401	C
1072	0.0579	0.06134	A
1073	0.0077	0.0079	T
1074	0.33462	0.33816	T
1075	0.01328	0.01729	G
1076	0.03099	0.03264	C
1077	0.37035	0.37534	T
1078	0.02453	0.02478	C
1079	0.04142	0.04271	C
1080	0.34573	0.37867	T
1081	0.03963	0.03965	C
1082	0.03094	0.03236	C
1083	0.39289	0.39557	T
1084	0.00522	0.008	G
1085	0.06029	0.06312	A
1086	0.00517	0.00558	G
1087	0.04003	0.04065	C
1088	0.00655	0.0068	G
1089	0.03707	0.0392	C
1090	0.03624	0.03667	A
1091	0.06787	0.06809	A
1092	0.01964	0.02078	G
1093	0.00761	0.00842	T
1094	0.08601	0.08809	A
1095	0.05602	0.05719	C
1096	0.00477	0.00525	T
1097	0.04485	0.04487	C
1098	0.50759	0.50789	C
1099	0.00492	0.00636	G
1100	0.00475	0.00618	T
1101	0.02331	0.02374	G
1102	0.00471	0.00495	T
1103	0.00515	0.00515	G
1104	0.00412	0.00448	G
1105	0.04422	0.05672	A
1106	0.0067	0.00805	T
1107	0.07765	0.07794	C
1108	0.00793	0.00805	G
1109	0.0076	0.00768	G
1110	0.48114	0.48233	C
1111	0.00716	0.00716	G
1112	0.00525	0.00544	G
1113	0.03734	0.04104	C
1114	0.00358	0.00378	T
1115	0.06577	0.06577	C
1116	0.04269	0.04374	C
1117	0.06077	0.07797	A
1118	0.00432	0.0046	T
1119	0.04564	0.04567	C
1120	0.03096	0.03162	C
1121	0.0073	0.00842	T
1122	0.006	0.00645	G
1123	0.00642	0.00646	G
1124	0.04118	0.04119	C
1125	0.01916	0.01961	C
1126	0.00263	0.00518	T
1127	0.06056	0.06098	C
1128	0.45182	0.45407	G
1129	0.05125	0.05179	C
1130	0.00406	0.00429	T
1131	0.00738	0.00846	G
1132	0.00238	0.00257	T
1133	0.01308	0.01312	C
1134	0.009	0.00914	C
1135	0.00978	0.01342	A
1136	0.0235	0.0235	C
1137	0.08121	0.08128	C
1138	0.00501	0.00554	T
1139	0.00623	0.00626	T
1140	0.07084	0.07097	C
1141	0.06106	0.06184	C
1142	0.04187	0.06729	A
1143	0.01179	0.01493	G
1144	0.06737	0.06866	C
1145	0.06937	0.07464	A
1146	0.00712	0.00739	G
1147	0.06352	0.06681	A
1148	0.00875	0.00914	T
1149	0.00719	0.0072	G
1150	0.00423	0.00455	T
1151	0.00419	0.00419	G
1152	0.00425	0.00433	G
1153	0.02436	0.03443	A
1154	0.00807	0.01021	T
1155	0.42921	0.43715	C
1156	0.04376	0.04453	A
1157	0.0161	0.01713	G
1158	0.0412	0.04818	C
1159	0.05217	0.05306	A
1160	0.074	0.07642	A
1161	0.01917	0.0236	G
1162	0.05039	0.05216	C
1163	0.03812	0.0412	A
1164	0.00525	0.00532	G
1165	0.00543	0.00547	G
1166	0.04003	0.0533	A
1167	0.01786	0.01807	G
1168	0.00717	0.00802	T
1169	0.07071	0.07177	A
1170	0.3879	0.3885	T
1171	0.00695	0.00762	G
1172	0.07891	0.08075	A
1173	0.10328	0.10452	C
1174	0.00758	0.00794	G
1175	0.05069	0.05426	A
1176	0.0119	0.01219	G
1177	0.01216	0.01461	T
1178	0.03156	0.03182	C
1179	0.32282	0.32368	C
1180	0.00814	0.0085	G
1181	0.01125	0.01162	G
1182	0.03536	0.03577	C
1183	0.03646	0.0365	C
1184	0.06446	0.06471	C
1185	0.06264	0.06317	C
1186	0.00508	0.00607	T
1187	0.05138	0.05138	C
1188	0.02177	0.02201	C
1189	0.02917	0.03567	A
1190	0.00521	0.00647	T
1191	0.06401	0.06454	C
1192	0.01106	0.01204	G
1193	0.00712	0.00732	T
1194	0.02672	0.02688	C
1195	0.02788	0.02833	C
1196	0.02931	0.03988	A
1197	0.05621	0.05626	C
1198	0.05698	0.0575	C
1199	0.00575	0.00838	G
1200	0.06978	0.07476	C
1201	0.03202	0.03301	A
1202	0.05546	0.05648	A
1203	0.06011	0.06065	A
1204	0.009	0.00986	T
1205	0.00522	0.00576	G
1206	0.04896	0.05049	C
1207	0.00547	0.00552	T
1208	0.00608	0.00616	T
1209	0.04878	0.05473	C
1210	0.0064	0.00663	T
1211	0.04973	0.05723	A
1212	0.15936	0.15943	G
1213	0.15586	0.15653	G
1214	0.01912	0.01992	C
1215	0.00615	0.00615	G
1216	0.00335	0.00349	G
1217	0.01617	0.02051	A
1218	0.05431	0.05532	C
1219	0.00758	0.00772	T
1220	0.04905	0.05118	A
1221	0.00777	0.00793	T
1222	0.00488	0.00522	G
1223	0.04562	0.04592	A
1224	0.05909	0.06118	C
1225	0.00406	0.00411	T
1226	0.00452	0.00457	T
1227	0.03929	0.05534	A
1228	0.00878	0.00911	G
1229	0.00556	0.00563	T
1230	0.00727	0.00732	T
1231	0.00401	0.00472	G
1232	0.04308	0.04343	C
1233	0.00922	0.00989	G
1234	0.00526	0.00553	T
1235	0.0063	0.00655	T
1236	0.04565	0.05396	A
1237	0.05843	0.06349	C
1238	0.03077	0.03264	A
1239	0.07945	0.07963	C
1240	0.04493	0.04524	C
1241	0.05535	0.05632	C
1242	0.00242	0.00245	T
1243	0.00569	0.00573	T
1244	0.00662	0.00671	T
1245	0.06733	0.07496	C
1246	0.00761	0.00767	T
1247	0.00944	0.00953	T
1248	0.00541	0.0067	G
1249	0.04402	0.0455	A
1250	0.07541	0.08143	C
1251	0.0444	0.04491	A
1252	0.02335	0.02388	A
1253	0.03239	0.03267	A
1254	0.04285	0.0431	A
1255	0.0702	0.0747	C
1256	0.03762	0.03952	C
1257	0.00592	0.0069	T
1258	0.05629	0.05672	A
1259	0.04076	0.04132	A
1260	0.05785	0.06006	C
1261	0.005	0.00515	T
1262	0.00874	0.00892	T
1263	0.00567	0.00727	G
1264	0.04054	0.04201	C
1265	0.00847	0.01048	G
1266	0.04008	0.04138	C
1267	0.05718	0.0596	A
1268	0.00911	0.01032	G
1269	0.04683	0.047	A
1270	0.02371	0.02371	A
1271	0.05072	0.05081	A
1272	0.05164	0.05184	A
1273	0.06781	0.08173	C
1274	0.04831	0.04841	A
1275	0.05405	0.05527	A
1276	0.00762	0.00943	G
1277	0.06998	0.0711	A
1278	0.01002	0.01059	T
1279	0.00848	0.00924	G
1280	0.06316	0.06383	A
1281	0.00768	0.00806	G
1282	0.06976	0.07138	A
1283	0.00695	0.00715	T
1284	0.01027	0.01051	T
1285	0.00824	0.00831	G
1286	0.00559	0.00578	G
1287	0.05846	0.06092	C
1288	0.07108	0.07659	A
1289	0.00922	0.0099	T
1290	0.00682	0.0069	G
1291	0.01313	0.01343	G
1292	0.07104	0.07571	C
1293	0.00149	0.0016	T
1294	0.002	0.00207	T
1295	0.00208	0.00212	T
1296	0.58368	0.58946	A
1297	0.0025	0.00251	T
1298	0.003	0.00302	T
1299	0.00288	0.00292	T
1300	0.51352	0.52321	G
1301	0.00076	0.00076	T
1302	0.00057	0.00057	T
1303	0.00099	0.00099	T
1304	0.00344	0.00344	T
1305	0.00205	0.00205	T
1306	0.0018	0.0018	T
1307	0.00207	0.00207	T
1308	0.00257	0.00258	T
1309	0.51659	0.54589	G
1310	0.00355	0.00355	T
1311	0.0019	0.0019	T
1312	0.00246	0.00246	T
1313	0.00352	0.00354	T
1314	0.51607	0.53944	G
1315	0.00288	0.00288	T
1316	0.00218	0.00218	T
1317	0.00315	0.00315	T
1318	0.00398	0.00406	T
1319	0.55928	0.56124	G
1320	0.54796	0.56281	G
1321	0.00207	0.00239	T
1322	0.00047	0.00054	T
1323	0.00059	0.00061	T
1324	0.00351	0.00352	T
1325	0.00262	0.00262	T
1326	0.00211	0.00211	T
1327	0.00187	0.00187	T
1328	0.00283	0.00283	T
1329	0.00199	0.00199	T
1330	0.00217	0.00217	T
1331	0.00155	0.00155	T
1332	0.0022	0.0022	T
1333	0.00154	0.00154	T
1334	0.0011	0.0011	T
1335	0.00115	0.00115	T
1336	0.00191	0.00191	T
1337	0.00453	0.00469	G
1338	0.0027	0.00287	G
1339	0.01605	0.01721	C
1340	0.00152	0.00155	T
1341	0.00249	0.00251	T
1342	0.00247	0.00307	G
1343	0.01475	0.01516	A
1344	0.01663	0.01734	C
1345	0.00272	0.00418	T
1346	0.01662	0.01711	C
1347	0.01444	0.01515	A
1348	0.00164	0.00171	G
1349	0.00142	0.00153	G
1350	0.01372	0.01509	A
1351	0.00151	0.00153	T
1352	0.00081	0.00082	T
1353	0.00116	0.0012	T
1354	0.00362	0.00377	A
1355	0.00892	0.00894	A
1356	0.00581	0.00587	A
1357	0.00959	0.0096	A
1358	0.01137	0.01137	A
1359	0.01587	0.01847	C
1360	0.00236	0.00251	T
1361	0.00172	0.00174	G
1362	0.00152	0.0016	G
1363	0.01171	0.0118	A
1364	0.01622	0.0164	A
1365	0.02018	0.02054	C
1366	0.00198	0.002	G
1367	0.00204	0.0021	G
1368	0.00134	0.0014	T
1369	0.00218	0.00273	G
1370	0.01468	0.01502	A
1371	0.01272	0.01277	A
1372	0.00188	0.0019	G
1373	0.00193	0.00195	G
1374	0.00257	0.00273	T
1375	0.00208	0.00224	G
1376	0.01296	0.01379	A
1377	0.0139	0.01446	C
1378	0.02082	0.02117	A
1379	0.00291	0.00349	G
1380	0.01693	0.01725	C
1381	0.01827	0.01934	A
1382	0.00249	0.00255	G
1383	0.00222	0.00247	T
1384	0.01421	0.01425	C
1385	0.00243	0.00243	G
1386	0.00254	0.00274	G
1387	0.00254	0.00255	T
1388	0.00443	0.00444	T
1389	0.00321	0.00324	G
1390	0.00246	0.00255	G
1391	0.01687	0.0214	A
1392	0.00289	0.00291	G
1393	0.02031	0.0221	C
1394	0.003	0.00332	G
1395	0.02377	0.02478	A
1396	0.00365	0.00399	G
1397	0.01536	0.01655	C
1398	0.02335	0.02446	A
1399	0.00469	0.00522	T
1400	0.00826	0.00847	C
1401	0.00897	0.00906	C
1402	0.01759	0.01762	C
1403	0.02003	0.02006	C
1404	0.01886	0.01886	C
1405	0.01192	0.01258	A
1406	0.01819	0.01819	A
1407	0.02685	0.0269	A
1408	0.00423	0.00439	G
1409	0.00265	0.00271	T
1410	0.00285	0.00298	T
1411	0.02475	0.02561	C
1412	0.02073	0.02135	A
1413	0.02179	0.02275	C
1414	0.01685	0.01685	A
1415	0.01897	0.01963	A
1416	0.00387	0.00409	T
1417	0.00519	0.00598	G
1418	0.00553	0.00623	T
1419	0.00571	0.00571	G
1420	0.00396	0.00406	G
1421	0.02534	0.02573	C
1422	0.0439	0.04421	C
1423	0.00611	0.00865	G
1424	0.04513	0.04964	A
1425	0.00611	0.00615	G
1426	0.0037	0.00389	G
1427	0.01285	0.01535	A
1428	0.0486	0.04949	C
1429	0.00388	0.00399	T
1430	0.00683	0.00685	T
1431	0.00609	0.0062	T
1432	0.00389	0.0066	G
1433	0.07181	0.07469	A
1434	0.00695	0.00731	T
1435	0.00853	0.00907	T
1436	0.00629	0.00724	G
1437	0.02019	0.02148	C
1438	0.02446	0.02501	A
1439	0.0292	0.02994	C
1440	0.03186	0.03314	A
1441	0.0045	0.00464	T
1442	0.0056	0.00582	T
1443	0.00603	0.00712	G
1444	0.0046	0.0046	T
1445	0.00801	0.0081	T
1446	0.01098	0.01343	G
1447	0.00117	0.00117	T
1448	0.00106	0.00106	T
1449	0.00161	0.00161	T
1450	0.00259	0.00259	T
1451	0.00616	0.00616	T
1452	0.00414	0.00414	T
1453	0.00515	0.00517	T
1454	0.05881	0.06355	A
1455	0.0733	0.07518	A
1456	0.00922	0.00964	T
1457	0.05471	0.05681	A
1458	0.00734	0.00879	G
1459	0.00676	0.00708	T
1460	0.04262	0.04355	C
1461	0.04734	0.05039	A
1462	0.00653	0.00656	T
1463	0.00899	0.00923	T
1464	0.0456	0.04593	C
1465	0.04227	0.04281	C
1466	0.02155	0.02201	A
1467	0.04599	0.04671	A
1468	0.05664	0.05716	A
1469	0.00608	0.00809	T
1470	0.06983	0.07153	A
1471	0.00997	0.01057	T
1472	0.00762	0.00821	G
1473	0.07297	0.07728	A
1474	0.00813	0.00941	G
1475	0.05186	0.0565	A
1476	0.00553	0.00608	T
1477	0.00376	0.00458	G
1478	0.03591	0.03672	C
1479	0.79281	0.79409	G
1480	0.00555	0.00565	T
1481	0.00657	0.00674	T
1482	0.0061	0.00716	G
1483	0.00763	0.00763	T
1484	0.00567	0.00573	T
1485	0.0296	0.0374	A
1486	0.04202	0.0428	C
1487	0.03423	0.03508	A
1488	0.00415	0.00444	G
1489	0.00559	0.00571	G
1490	0.03422	0.03458	A
1491	0.03744	0.03807	A
1492	0.00551	0.00607	G
1493	0.01067	0.01189	T
1494	0.01552	0.01562	C
1495	0.01255	0.01259	C
1496	0.02319	0.02319	C
1497	0.00443	0.00447	T
1498	0.00802	0.00819	T
1499	0.00369	0.00406	G
1500	0.01647	0.01658	C
1501	0.02185	0.02233	C
1502	0.04721	0.0627	A
1503	0.00413	0.00454	T
1504	0.04376	0.04393	C
1505	0.04154	0.04211	C
1506	0.00568	0.00662	T
1507	0.04678	0.04742	A
1508	0.03828	0.03871	A
1509	0.05063	0.05111	A
1510	0.06549	0.06585	A
1511	0.01175	0.01263	G
1512	0.01192	0.01206	C
1513	0.00769	0.00802	C
1514	0.02811	0.03895	A
1515	0.05347	0.05361	C
1516	0.04107	0.04109	C
1517	0.01306	0.01306	C
1518	0.02832	0.02878	C
1519	0.03005	0.03982	A
1520	0.06523	0.06624	C
1521	0.0031	0.0033	T
1522	0.00319	0.00337	T
1523	0.01426	0.01565	C
1524	0.00347	0.00351	T
1525	0.02825	0.02909	C
1526	0.00378	0.00385	T
1527	0.08135	0.08489	C
1528	0.00769	0.00794	T
1529	0.07225	0.07336	A
1530	0.07435	0.07524	A
1531	0.004	0.00402	G
1532	0.00379	0.00379	G
1533	0.01425	0.0182	A
1534	0.00574	0.00602	G
1535	0.03823	0.03823	A
1536	0.06433	0.06643	A
1537	0.01465	0.01576	T
1538	0.00868	0.00899	G
1539	0.00452	0.00468	G
1540	0.05282	0.05284	C
1541	0.06914	0.06914	C
1542	0.0547	0.0548	C
1543	0.05415	0.0896	A
1544	0.00953	0.00965	G
1545	0.00905	0.0091	T
1546	0.01163	0.01163	C
1547	0.00884	0.00891	C
1548	0.00364	0.00434	T
1549	0.00685	0.0074	C
1550	0.00674	0.00846	T
1551	0.00821	0.00821	C
1552	0.00844	0.00844	C
1553	0.08313	0.08345	C
1554	0.06684	0.06809	A
1555	0.08112	0.08305	A
1556	0.00706	0.00963	G
1557	0.01133	0.01283	T
1558	0.07646	0.07732	C
1559	0.04719	0.0478	C
1560	0.01694	0.04176	A
1561	0.11533	0.12677	C
1562	0.05465	0.06729	A
1563	0.08266	0.09152	C
1564	0.10488	0.11699	A
1565	0.00499	0.00553	G
1566	0.00344	0.0035	G
1567	0.00404	0.00414	G
1568	0.00569	0.00569	G
1569	0.01818	0.02137	A
1570	0.00663	0.00663	G
1571	0.00783	0.00793	G
1572	0.01018	0.01111	T
1573	0.00741	0.00908	G
1574	0.0779	0.08445	A
1575	0.00867	0.00879	T
1576	0.10181	0.10354	A
1577	0.00846	0.00878	G
1578	0.03597	0.03789	C
1579	0.04507	0.04738	A
1580	0.00593	0.0063	T
1581	0.00679	0.00686	T
1582	0.00641	0.0068	G
1583	0.04524	0.04682	C
1584	0.00234	0.00257	T
1585	0.00628	0.00637	T
1586	0.00799	0.00809	T
1587	0.12647	0.13367	C
1588	0.01167	0.01215	G
1589	0.01103	0.01198	T
1590	0.01007	0.01099	G
1591	0.00802	0.0093	T
1592	0.02589	0.02647	A
1593	0.05117	0.05143	A
1594	0.07541	0.07623	A
1595	0.00761	0.00789	T
1596	0.00962	0.00988	T
1597	0.03099	0.06971	A
1598	0.01092	0.01129	T
1599	0.00974	0.01148	G
1600	0.00597	0.00741	T
1601	0.02785	0.02874	A
1602	0.03212	0.03522	A
1603	0.00573	0.0067	T
1604	0.00712	0.00852	G
1605	0.03383	0.03925	C
1606	0.01277	0.0138	A
1607	0.01175	0.01303	A
1608	0.0232	0.02546	A
1609	0.02588	0.02849	A
1610	0.00657	0.00714	T
1611	0.00168	0.00175	T
1612	0.00198	0.00205	T
1613	0.00381	0.00398	T
1614	0.00713	0.00721	T
1615	0.00633	0.00635	T
1616	0.00682	0.00691	T
1617	0.04925	0.05352	A
1618	0.06363	0.06778	A
1619	0.00732	0.00786	T
1620	0.08884	0.0939	C
1621	0.00846	0.00857	T
1622	0.01871	0.01903	T
1623	0.09028	0.10467	C
1624	0.00986	0.01073	G
1625	0.05967	0.06019	C
1626	0.05176	0.05539	C
1627	0.00594	0.00602	T
1628	0.00729	0.00799	T
1629	0.05295	0.05533	A
1630	0.05127	0.05485	A
1631	0.00728	0.00811	T
1632	0.04759	0.05341	A
1633	0.06164	0.06967	C
1634	0.00312	0.00327	T
1635	0.00209	0.00218	T
1636	0.00394	0.00403	T
1637	0.00575	0.00582	T
1638	0.00675	0.00675	T
1639	0.00689	0.00708	T
1640	0.08049	0.10334	A
1641	0.00396	0.00396	T
1642	0.00567	0.00567	T
1643	0.00711	0.00714	T
1644	0.00953	0.0097	T
1645	0.03293	0.04094	G
1646	0.00515	0.00525	T
1647	0.00644	0.0065	T
1648	0.00627	0.00627	T
1649	0.00537	0.00547	T
1650	0.06767	0.10377	A
1651	0.00414	0.00414	T
1652	0.00503	0.00503	T
1653	0.00774	0.00774	T
1654	0.00964	0.00974	T
1655	0.01535	0.01865	G
1656	0.06228	0.06404	A
1657	0.0765	0.07796	A
1658	0.01171	0.01291	T
1659	0.0079	0.01076	G
1660	0.07955	0.08423	A
1661	0.01673	0.01801	T
1662	0.00755	0.01145	G
1663	0.04061	0.04267	A
1664	0.00668	0.00689	G
1665	0.01222	0.01233	C
1666	0.00925	0.00925	C
1667	0.00288	0.00303	T
1668	0.00258	0.00315	T
1669	0.02916	0.03042	C
1670	0.01368	0.01805	G
1671	0.02357	0.02967	T
1672	0.01176	0.01434	G
1673	0.02716	0.02786	C
1674	0.03764	0.03793	C
1675	0.02831	0.02831	C
1676	0.03838	0.03838	C
1677	0.03893	0.03899	C
1678	0.05479	0.05484	C
1679	0.08902	0.08922	C
1680	0.01117	0.01235	T
1681	0.01109	0.01251	T
1682	0.03812	0.0384	C
1683	0.01592	0.01595	C
1684	0.03783	0.03808	C
1685	0.02485	0.02491	C
1686	0.06969	0.07035	C
1687	0.00326	0.0036	T
1688	0.00102	0.00117	T
1689	0.00268	0.00274	T
1690	0.00562	0.00562	T
1691	0.00805	0.00805	T
1692	0.02306	0.02306	T
1693	0.01378	0.01681	G
1694	0.03304	0.03425	T
1695	0.03218	0.03225	C
1696	0.02396	0.02407	C
1697	0.02352	0.02352	C
1698	0.03819	0.03819	C
1699	0.05653	0.05653	C
1700	0.02289	0.02411	A
1701	0.04107	0.04107	A
1702	0.07973	0.08124	C
1703	0.00467	0.00495	T
1704	0.00803	0.00812	T
1705	0.00719	0.00865	G
1706	0.06655	0.06916	A
1707	0.00858	0.00962	G
1708	0.05112	0.05264	A
1709	0.00564	0.00584	T
1710	0.00979	0.01055	G
1711	0.00482	0.00537	T
1712	0.03426	0.03498	A
1713	0.0054	0.00557	T
1714	0.00301	0.00404	G
1715	0.0208	0.02097	A
1716	0.01638	0.01668	A
1717	0.00371	0.00371	G
1718	0.00295	0.00295	G
1719	0.01524	0.01546	C
1720	0.00094	0.00094	T
1721	0.00418	0.00418	T
1722	0.00829	0.00829	T
1723	0.00671	0.00671	T
1724	0.01042	0.01056	G
1725	0.00874	0.00874	G
1726	0.0047	0.00498	T
1727	0.02343	0.02367	C
1728	0.00432	0.0049	T
1729	0.01182	0.01182	C
1730	0.04641	0.04641	C
1731	0.04413	0.04418	C
1732	0.00559	0.00669	T
1733	0.00474	0.00479	G
1734	0.00512	0.00512	G
1735	0.00426	0.00446	G
1736	0.04432	0.05459	A
1737	0.00938	0.00969	G
1738	0.00697	0.00786	T
1739	0.0023	0.0023	G
1740	0.004	0.004	G
1741	0.00902	0.00902	G
1742	0.00699	0.00936	T
1743	0.00813	0.00813	G
1744	0.00492	0.00508	G
1745	0.04648	0.06227	A
1746	0.00652	0.00652	G
1747	0.00464	0.00464	G
1748	0.08424	0.08753	C
1749	0.06839	0.0694	A
1750	0.00618	0.0064	G
1751	0.054	0.05417	C
1752	0.05072	0.05129	C
1753	0.02538	0.03769	A
1754	0.00492	0.00492	G
1755	0.00333	0.00333	G
1756	0.0067	0.0067	G
1757	0.04416	0.05583	C
1758	0.00698	0.00704	T
1759	0.00526	0.00538	T
1760	0.04177	0.06281	A
1761	0.05724	0.05736	C
1762	0.03794	0.038	C
1763	0.00503	0.00545	T
1764	0.00659	0.00725	G
1765	0.00382	0.00425	T
1766	0.03736	0.0384	A
1767	0.05569	0.05735	C
1768	0.05348	0.05441	A
1769	0.07221	0.07284	C
1770	0.00964	0.01015	T
1771	0.00377	0.00518	G
1772	0.04793	0.04844	A
1773	0.05883	0.05967	C
1774	0.00894	0.00894	T
1775	0.01444	0.01477	T
1776	0.01204	0.01415	G
1777	0.04948	0.05956	A
1778	0.00867	0.00909	G
1779	0.04591	0.04688	A
1780	0.04543	0.04641	C
1781	0.01604	0.01604	C
1782	0.04336	0.05777	A
1783	0.00887	0.00909	G
1784	0.005	0.00515	T
1785	0.00501	0.00501	T
1786	0.00985	0.01047	G
1787	0.04895	0.0491	A
1788	0.04601	0.04601	A
1789	0.00672	0.00807	T
1790	0.0337	0.03403	A
1791	0.02765	0.02765	A
1792	0.0342	0.0342	A
1793	0.03582	0.0369	A
1794	0.01036	0.0117	G
1795	0.0231	0.02439	T
1796	0.00729	0.00729	G
1797	0.02492	0.02583	C
1798	0.03045	0.03443	A
1799	0.01818	0.01916	C
1800	0.01591	0.01633	A
1801	0.01769	0.01769	C
1802	0.01028	0.01084	C
1803	0.005	0.005	T
1804	0.00303	0.00303	T
1805	0.00288	0.00288	A
1806	0.00341	0.00341	A
1807	0.0008	0.0008	A
1808	0.00041	0.00041	A
1809	0.00057	0.00057	A
1810	0.0	0.0	T
1811	0.0	0.0	G
1812	0.0	0.0	A
