Position	Mismatches	Mismatches + Deletions	Base
1	0.0	0.0	A
2	0.0	0.0	T
3	0.0	0.0	A
4	0.03461	0.03461	A
5	0.03888	0.04057	C
6	0.02365	0.02365	C
7	0.02019	0.02885	A
8	0.00741	0.00765	T
9	0.00946	0.0103	G
10	0.02974	0.03084	C
11	0.02595	0.02714	A
12	0.02763	0.02835	C
13	0.02655	0.02719	A
14	0.03322	0.03403	C
15	0.00868	0.00897	T
16	0.02814	0.02851	A
17	0.03571	0.03738	C
18	0.00859	0.00899	T
19	0.03455	0.03825	A
20	0.00707	0.00915	T
21	0.03646	0.0365	A
22	0.03857	0.04087	A
23	0.03347	0.03445	C
24	0.01702	0.01738	C
25	0.01752	0.02832	A
26	0.02944	0.02948	C
27	0.02758	0.02765	C
28	0.01401	0.01437	C
29	0.01028	0.01258	T
30	0.02861	0.02981	A
31	0.03535	0.03615	A
32	0.03917	0.03934	C
33	0.02868	0.02895	C
34	0.0184	0.01954	C
35	0.00872	0.01057	T
36	0.98074	0.98514	G
37	0.04066	0.04153	A
38	0.0511	0.05294	C
39	0.00738	0.00776	T
40	0.00638	0.00647	T
41	0.03409	0.03415	C
42	0.03392	0.03402	C
43	0.02953	0.02972	C
44	0.0092	0.01092	T
45	0.04929	0.05081	A
46	0.06346	0.06764	A
47	0.00769	0.00787	T
48	0.00562	0.00593	T
49	0.02098	0.02122	C
50	0.01981	0.02004	C
51	0.0187	0.01886	C
52	0.0266	0.02678	C
53	0.02333	0.0234	C
54	0.02424	0.02434	C
55	0.02892	0.03614	A
56	0.00717	0.00857	T
57	0.03276	0.03287	C
58	0.02129	0.0215	C
59	0.00681	0.00698	T
60	0.0075	0.00812	T
61	0.0364	0.05338	A
62	0.04826	0.04864	C
63	0.03097	0.03287	C
64	0.02415	0.03415	A
65	0.0401	0.04019	C
66	0.02679	0.02685	C
67	0.02521	0.02686	C
68	0.00729	0.00805	T
69	0.04388	0.04429	C
70	0.01221	0.01343	G
71	0.00814	0.00857	T
72	0.00788	0.00847	T
73	0.0306	0.03129	A
74	0.03139	0.03199	A
75	0.04474	0.04505	C
76	0.02993	0.03022	C
77	0.02145	0.02204	C
78	0.01197	0.01577	T
79	0.02381	0.02617	A
80	0.01979	0.02024	A
81	0.04242	0.04754	C
82	0.00208	0.00227	A
83	0.00102	0.00109	A
84	0.00107	0.00112	A
85	0.00623	0.0063	A
86	0.01907	0.01914	A
87	0.01025	0.01026	A
88	0.01711	0.01714	A
89	0.014	0.01409	A
90	0.0427	0.04714	C
91	0.00965	0.01119	T
92	0.03866	0.04041	C
93	0.0343	0.04009	A
94	0.01903	0.0204	T
95	0.04057	0.04318	A
96	0.03305	0.03367	C
97	0.01843	0.01876	C
98	0.02012	0.02022	C
99	0.02108	0.02116	C
100	0.02003	0.02013	C
101	0.02414	0.03214	A
102	0.00702	0.00715	T
103	0.00655	0.00733	T
104	0.01847	0.03101	A
105	0.00722	0.00738	T
106	0.00994	0.01067	G
107	0.00654	0.00761	T
108	0.03072	0.03102	A
109	0.0158	0.016	A
110	0.03353	0.03416	A
111	0.03594	0.03703	A
112	0.00841	0.00951	T
113	0.0378	0.03812	C
114	0.03218	0.03265	C
115	0.04261	0.04652	A
116	0.00776	0.00779	T
117	0.00859	0.00886	T
118	0.01225	0.01377	G
119	0.01145	0.01302	T
120	0.04828	0.04894	C
121	0.01315	0.01471	G
122	0.03065	0.04028	C
123	0.02822	0.02963	A
124	0.0132	0.01482	T
125	0.03292	0.03346	C
126	0.02779	0.02945	C
127	0.01646	0.02226	A
128	0.04051	0.04061	C
129	0.02727	0.02767	C
130	0.00624	0.00651	T
131	0.00643	0.00659	T
132	0.00594	0.00634	T
133	0.03154	0.0396	A
134	0.00697	0.00699	T
135	0.00731	0.00771	T
136	0.02655	0.04423	A
137	0.00679	0.0092	T
138	0.04478	0.0464	C
139	0.04285	0.04507	A
140	0.01121	0.01228	G
141	0.00753	0.00798	T
142	0.03511	0.03588	C
143	0.01105	0.0118	T
144	0.05263	0.05654	C
145	0.01206	0.01212	T
146	0.01329	0.01378	T
147	0.03151	0.0317	C
148	0.02328	0.02365	C
149	0.02674	0.0269	C
150	0.02049	0.02078	C
151	0.01348	0.01788	A
152	0.03294	0.0358	C
153	0.02486	0.02549	A
154	0.02669	0.02728	A
155	0.04419	0.04724	C
156	0.03607	0.03615	A
157	0.03328	0.03383	A
158	0.01016	0.01079	T
159	0.04718	0.04855	A
160	0.0083	0.00835	T
161	0.00782	0.00796	T
162	0.05112	0.05339	C
163	0.04581	0.04715	A
164	0.00976	0.01013	T
165	0.0088	0.01082	G
166	0.0106	0.01123	T
167	0.00678	0.00698	G
168	0.03668	0.03705	C
169	0.02484	0.02506	C
170	0.01126	0.01281	T
171	0.02569	0.03258	A
172	0.00772	0.00813	G
173	0.02722	0.03181	A
174	0.03299	0.03317	C
175	0.02452	0.02478	C
176	0.02054	0.02066	A
177	0.03439	0.03517	A
178	0.00654	0.00887	G
179	0.02957	0.0296	A
180	0.03524	0.03611	A
181	0.01505	0.0158	G
182	0.00993	0.01029	T
183	0.00983	0.01182	T
184	0.0344	0.05287	A
185	0.01012	0.01015	T
186	0.0098	0.01061	T
187	0.03556	0.05713	A
188	0.00819	0.00859	T
189	0.04211	0.04486	C
190	0.00801	0.00858	T
191	0.03992	0.04101	C
192	0.0104	0.01141	G
193	0.03741	0.03778	A
194	0.03357	0.03374	A
195	0.0426	0.04412	C
196	0.00808	0.00843	T
197	0.00665	0.00809	G
198	0.0316	0.03212	A
199	0.03866	0.04013	C
200	0.03281	0.03377	A
201	0.04171	0.04297	C
202	0.0136	0.01495	T
203	0.00941	0.0117	G
204	0.03594	0.03733	A
205	0.01483	0.01527	G
206	0.02959	0.02986	C
207	0.02885	0.02978	C
208	0.01925	0.02831	A
209	0.03781	0.04471	C
210	0.02779	0.02796	A
211	0.02539	0.02748	A
212	0.03253	0.03267	C
213	0.02049	0.02109	C
214	0.02562	0.02612	C
215	0.01378	0.01456	A
216	0.03042	0.03093	A
217	0.02979	0.03014	A
218	0.04592	0.05272	C
219	0.02621	0.02652	A
220	0.02823	0.02992	A
221	0.04184	0.04219	C
222	0.03346	0.03486	C
223	0.02551	0.02566	C
224	0.02607	0.03883	A
225	0.01028	0.01065	G
226	0.02399	0.02471	C
227	0.01109	0.01191	T
228	0.03246	0.03371	C
229	0.01107	0.01452	T
230	0.03293	0.033	C
231	0.02894	0.02894	C
232	0.01079	0.01129	C
233	0.00957	0.01267	T
234	0.02933	0.03007	A
235	0.03553	0.03603	A
236	0.00831	0.00889	G
237	0.02785	0.02878	C
238	0.00841	0.00858	T
239	0.00921	0.00932	T
240	0.03038	0.03311	C
241	0.0256	0.02616	A
242	0.02605	0.02621	A
243	0.03404	0.03419	A
244	0.03877	0.04506	C
245	0.01044	0.011	T
246	0.03369	0.03555	A
247	0.0101	0.01064	G
248	0.03517	0.03585	A
249	0.03772	0.0395	C
250	0.0071	0.00782	T
251	0.02614	0.02789	A
252	0.04542	0.0478	C
253	0.01044	0.01063	T
254	0.00771	0.00801	T
255	0.02643	0.03478	C
256	0.0105	0.01157	T
257	0.03902	0.03908	C
258	0.02842	0.02909	C
259	0.01994	0.03065	A
260	0.00705	0.00977	T
261	0.03313	0.03354	A
262	0.03386	0.03886	A
263	0.00757	0.00796	T
264	0.04582	0.04997	A
265	0.00652	0.00657	T
266	0.00753	0.00769	T
267	0.04655	0.04922	C
268	0.03971	0.04321	A
269	0.00916	0.01069	T
270	0.02794	0.02848	C
271	0.01678	0.01708	C
272	0.01788	0.01804	C
273	0.00526	0.00567	T
274	0.00701	0.00876	G
275	0.00377	0.00418	T
276	0.02015	0.02106	A
277	0.00768	0.00842	G
278	0.01616	0.01674	C
279	0.04444	0.04553	A
280	0.00734	0.00741	T
281	0.00795	0.00809	T
282	0.01184	0.01634	G
283	0.00674	0.00676	T
284	0.00605	0.00608	T
285	0.04664	0.04854	C
286	0.00988	0.01014	G
287	0.00433	0.00434	T
288	0.00401	0.0041	T
289	0.01254	0.01723	A
290	0.02094	0.02177	C
291	0.02427	0.02473	A
292	0.0073	0.00786	T
293	0.00651	0.00667	G
294	0.00525	0.00534	G
295	0.0082	0.00859	T
296	0.04	0.0402	C
297	0.02493	0.02555	C
298	0.02183	0.02494	A
299	0.00528	0.0071	T
300	0.0287	0.02964	C
301	0.03001	0.03313	A
302	0.00616	0.00684	T
303	0.03074	0.03312	A
304	0.00806	0.00923	G
305	0.03189	0.03199	A
306	0.03802	0.03984	A
307	0.00741	0.00757	T
308	0.00739	0.00763	T
309	0.033	0.03761	C
310	0.00991	0.01144	T
311	0.03348	0.03475	C
312	0.02435	0.02521	A
313	0.03075	0.03147	C
314	0.00613	0.0064	T
315	0.00901	0.00956	G
316	0.005	0.00537	T
317	0.00559	0.00646	G
318	0.01726	0.01846	A
319	0.00544	0.00564	T
320	0.02536	0.02634	A
321	0.00597	0.00643	T
322	0.02998	0.03105	A
323	0.00583	0.00657	T
324	0.02252	0.02253	A
325	0.02388	0.0239	A
326	0.02891	0.03016	A
327	0.02915	0.03246	C
328	0.00829	0.01095	T
329	0.03302	0.03394	C
330	0.03352	0.03912	A
331	0.01155	0.01282	G
332	0.02826	0.02889	A
333	0.02346	0.02359	C
334	0.01599	0.01618	C
335	0.01585	0.01611	C
336	0.00934	0.00958	A
337	0.0208	0.02102	A
338	0.01854	0.01867	A
339	0.02836	0.03196	C
340	0.02478	0.02572	A
341	0.00677	0.00702	T
342	0.00595	0.0061	T
343	0.02128	0.02164	A
344	0.03069	0.03104	A
345	0.00647	0.00754	T
346	0.02858	0.02918	C
347	0.02809	0.02958	A
348	0.01089	0.01161	G
349	0.0068	0.00701	T
350	0.00524	0.00557	T
351	0.03443	0.04037	C
352	0.00692	0.007	T
353	0.00715	0.00729	T
354	0.03435	0.03719	C
355	0.01981	0.02023	A
356	0.02678	0.02708	A
357	0.02754	0.02812	A
358	0.00745	0.00846	T
359	0.02928	0.03075	A
360	0.00699	0.00723	T
361	0.0364	0.03732	C
362	0.00667	0.00716	T
363	0.03419	0.03654	A
364	0.39458	0.39985	C
365	0.00659	0.00713	T
366	0.03358	0.03583	C
367	0.026	0.03057	A
368	0.00735	0.00782	T
369	0.04745	0.04962	C
370	0.00767	0.00771	T
371	0.00642	0.00664	T
372	0.03607	0.03618	C
373	0.02368	0.02405	C
374	0.00736	0.00852	T
375	0.02457	0.02582	A
376	0.03115	0.0319	A
377	0.00849	0.00868	T
378	0.00794	0.00818	T
379	0.02066	0.03238	A
380	0.04344	0.04396	C
381	0.02946	0.03026	C
382	0.01394	0.03059	A
383	0.00754	0.00808	T
384	0.0277	0.0291	A
385	0.03988	0.04348	C
386	0.00849	0.01019	T
387	0.02743	0.02772	A
388	0.0344	0.03694	A
389	0.00896	0.00927	T
390	0.04157	0.04283	C
391	0.00759	0.00761	T
392	0.00646	0.00655	T
393	0.02473	0.03393	A
394	0.01175	0.01212	G
395	0.0085	0.00862	T
396	0.01004	0.01024	T
397	0.02827	0.0389	A
398	0.04606	0.04632	C
399	0.04118	0.04157	C
400	0.00953	0.01126	G
401	0.02576	0.02685	C
402	0.0082	0.00972	T
403	0.02691	0.02758	A
404	0.02381	0.02425	A
405	0.03857	0.04017	C
406	0.02641	0.02667	A
407	0.02648	0.02732	A
408	0.04249	0.04272	C
409	0.02619	0.02715	C
410	0.01257	0.01336	T
411	0.03466	0.0442	A
412	0.01114	0.01134	T
413	0.01178	0.01193	T
414	0.04859	0.04881	C
415	0.04142	0.04203	C
416	0.02579	0.02602	A
417	0.04292	0.04339	A
418	0.04839	0.05043	C
419	0.01099	0.01122	T
420	0.01311	0.01556	G
421	0.00801	0.00802	T
422	0.00877	0.00882	T
423	0.0357	0.03694	C
424	0.0335	0.03537	A
425	0.01073	0.01184	T
426	0.03172	0.03299	C
427	0.00895	0.00916	G
428	0.00766	0.00771	G
429	0.01905	0.01979	C
430	0.00664	0.00762	T
431	0.00794	0.00902	G
432	0.04001	0.04387	A
433	0.00866	0.00913	G
434	0.0612	0.06527	A
435	0.00678	0.00679	G
436	0.00528	0.00528	G
437	0.00547	0.00551	G
438	0.02211	0.02602	C
439	0.01352	0.01395	G
440	0.00679	0.00821	T
441	0.02045	0.02111	A
442	0.00498	0.00507	G
443	0.00502	0.00509	G
444	0.01719	0.01727	A
445	0.04853	0.0488	A
446	0.01272	0.01291	T
447	0.01419	0.01509	T
448	0.04745	0.07594	A
449	0.01239	0.01379	T
450	0.07202	0.08258	A
451	0.00564	0.00709	T
452	0.02466	0.02524	C
453	0.02618	0.02691	C
454	0.00866	0.00868	T
455	0.00851	0.00868	T
456	0.04474	0.05601	C
457	0.01449	0.01449	T
458	0.01288	0.01306	T
459	0.00995	0.01178	G
460	0.02806	0.02842	C
461	0.00694	0.00843	T
462	0.02354	0.02435	C
463	0.04924	0.05475	A
464	0.01004	0.0102	T
465	0.81653	0.83199	C
466	0.04585	0.04717	A
467	0.01067	0.01333	G
468	0.00752	0.0076	T
469	0.00735	0.00761	T
470	0.00879	0.00941	G
471	0.03427	0.03528	A
472	0.00978	0.0112	T
473	0.00888	0.01025	G
474	0.04849	0.05187	A
475	0.00819	0.00868	T
476	0.04166	0.04434	A
477	0.0478	0.05141	C
478	0.00949	0.01049	G
479	0.04096	0.04111	C
480	0.03506	0.03517	C
481	0.03056	0.03103	C
482	0.0082	0.01115	G
483	0.04646	0.04837	A
484	0.01186	0.01245	G
485	0.0323	0.03329	C
486	0.046	0.04822	A
487	0.00973	0.01045	G
488	0.04531	0.05008	A
489	0.01241	0.0128	T
490	0.00784	0.00813	G
491	0.03965	0.03979	C
492	0.03634	0.03671	C
493	0.03304	0.03377	A
494	0.0344	0.03477	A
495	0.0622	0.06767	C
496	0.03916	0.04542	A
497	0.06216	0.06871	C
498	0.04801	0.05399	A
499	0.01481	0.0208	G
500	0.03575	0.04068	C
501	0.03795	0.04307	A
502	0.01082	0.01156	G
503	0.03602	0.03669	C
504	0.03925	0.04018	C
505	0.04978	0.05383	A
506	0.01101	0.01162	T
507	0.01085	0.01092	T
508	0.06578	0.06845	C
509	0.04019	0.04067	A
510	0.05346	0.0547	A
511	0.00896	0.01052	G
512	0.04996	0.05505	C
513	0.03668	0.03727	A
514	0.04129	0.04253	A
515	0.01119	0.01327	T
516	0.05577	0.0559	C
517	0.0322	0.03292	C
518	0.01602	0.01706	T
519	0.04875	0.05244	A
520	0.01352	0.01777	T
521	0.05418	0.0561	A
522	0.07138	0.08078	C
523	0.03221	0.03253	A
524	0.03519	0.03685	A
525	0.0398	0.04012	C
526	0.03182	0.03304	C
527	0.01851	0.02132	G
528	0.00908	0.01015	T
529	0.04939	0.05091	A
530	0.01433	0.01549	T
531	0.05532	0.05672	C
532	0.00881	0.00898	G
533	0.00946	0.00995	G
534	0.02618	0.02678	C
535	0.00844	0.00863	G
536	0.0311	0.0335	A
537	0.0144	0.01483	T
538	0.0491	0.05043	A
539	0.0175	0.02031	T
540	0.04395	0.045	C
541	0.00932	0.0094	G
542	0.01119	0.01127	G
543	0.00755	0.00766	T
544	0.01231	0.01236	T
545	0.01152	0.0118	T
546	0.1538	0.15852	C
547	0.04884	0.05221	A
548	0.01373	0.01698	T
549	0.04688	0.04721	C
550	0.02193	0.02328	C
551	0.01306	0.01435	T
552	0.02993	0.03058	C
553	0.00665	0.00748	G
554	0.0194	0.01944	C
555	0.01902	0.01935	C
556	0.01702	0.01733	T
557	0.01445	0.01475	T
558	0.04033	0.06024	A
559	0.0146	0.0155	G
560	0.06158	0.06294	C
561	0.04646	0.04781	A
562	0.01413	0.01632	T
563	0.01149	0.01272	G
564	0.04716	0.04878	A
565	0.01104	0.01109	T
566	0.01021	0.01032	T
567	0.01098	0.01154	T
568	0.05135	0.05512	A
569	0.01126	0.01449	T
570	0.05481	0.05638	C
571	0.02581	0.02687	C
572	0.01173	0.01322	T
573	0.03596	0.03743	A
574	0.05312	0.05574	C
575	0.03986	0.04462	A
576	0.04513	0.04766	C
577	0.01855	0.02161	T
578	0.03887	0.0389	C
579	0.03113	0.03197	C
580	0.02189	0.02368	A
581	0.03004	0.03031	A
582	0.04401	0.04642	C
583	0.01345	0.01566	T
584	0.04407	0.04515	C
585	0.03322	0.03739	A
586	0.01932	0.02078	T
587	0.01495	0.01682	G
588	0.03494	0.03883	A
589	0.01714	0.01851	G
590	0.02573	0.02697	A
591	0.02611	0.02647	C
592	0.02574	0.02593	C
593	0.02657	0.02714	C
594	0.016	0.02131	A
595	0.04392	0.04775	C
596	0.02182	0.02234	A
597	0.02139	0.02164	A
598	0.04854	0.05115	C
599	0.01318	0.01319	A
600	0.02793	0.02796	A
601	0.02964	0.03027	A
602	0.02384	0.02661	T
603	0.04308	0.04574	A
604	0.01787	0.02041	G
605	0.03843	0.03874	C
606	0.01784	0.01788	C
607	0.01812	0.01822	C
608	0.01753	0.01791	T
609	0.01916	0.02052	T
610	0.02727	0.03496	C
611	0.01824	0.02236	T
612	0.01924	0.0204	A
613	0.03131	0.03144	A
614	0.03598	0.03619	A
615	0.06041	0.06731	C
616	0.01451	0.01477	G
617	0.02589	0.02677	C
618	0.00937	0.01282	T
619	0.01993	0.02044	A
620	0.03103	0.03151	A
621	0.02063	0.02501	T
622	0.04919	0.0496	C
623	0.02694	0.02737	C
624	0.02503	0.02532	A
625	0.04809	0.04877	A
626	0.01231	0.01405	G
627	0.02046	0.02049	C
628	0.02159	0.02184	C
629	0.02547	0.03388	T
630	0.03569	0.03852	C
631	0.02315	0.03255	A
632	0.03499	0.03505	C
633	0.0236	0.0236	C
634	0.02675	0.02675	C
635	0.02465	0.02512	C
636	0.02438	0.04081	A
637	0.02243	0.02303	C
638	0.0071	0.00774	T
639	0.04328	0.04429	A
640	0.02494	0.02593	C
641	0.00622	0.00664	T
642	0.01953	0.02416	A
643	0.00585	0.00641	G
644	0.00609	0.00627	G
645	0.08889	0.08911	C
646	0.02767	0.02868	C
647	0.01387	0.01876	T
648	0.05268	0.05285	C
649	0.04204	0.04345	C
650	0.04015	0.04808	T
651	0.01966	0.01967	C
652	0.01092	0.01171	C
653	0.00667	0.00719	T
654	0.02352	0.02533	A
655	0.00657	0.00855	G
656	0.04134	0.04425	C
657	0.02826	0.03021	A
658	0.01151	0.01512	G
659	0.05823	0.0643	C
660	0.04455	0.04798	A
661	0.0224	0.02523	G
662	0.06073	0.06818	C
663	0.03177	0.03456	A
664	0.00603	0.00606	G
665	0.00549	0.00563	G
666	0.01714	0.01825	C
667	0.01948	0.01957	A
668	0.03036	0.03048	A
669	0.03386	0.034	A
670	0.023	0.02833	T
671	0.04546	0.04845	C
672	0.037	0.04068	A
673	0.01279	0.01496	G
674	0.029	0.02924	C
675	0.02656	0.02665	C
676	0.04908	0.04918	C
677	0.02611	0.02618	A
678	0.04597	0.0461	A
679	0.02311	0.02323	T
680	0.01657	0.01675	T
681	0.04494	0.05263	A
682	0.00959	0.00971	G
683	0.01295	0.01297	G
684	0.01238	0.01294	T
685	0.02361	0.02403	C
686	0.01804	0.0235	T
687	0.04191	0.04195	C
688	0.04274	0.04386	C
689	0.02159	0.0376	A
690	0.04819	0.0482	C
691	0.03746	0.03748	C
692	0.04011	0.04011	C
693	0.02929	0.02969	C
694	0.01599	0.01854	T
695	0.01549	0.02287	G
696	0.04748	0.05055	A
697	0.04876	0.05153	C
698	0.01554	0.02041	T
699	0.04369	0.04437	C
700	0.0419	0.04197	C
701	0.03957	0.03969	C
702	0.04736	0.04802	C
703	0.02012	0.02644	T
704	0.05369	0.0567	C
705	0.03387	0.04727	A
706	0.00841	0.00897	G
707	0.02504	0.02512	C
708	0.04528	0.04553	C
709	0.04377	0.06932	A
710	0.01087	0.01305	T
711	0.04461	0.04514	A
712	0.01498	0.01667	G
713	0.04187	0.04209	A
714	0.04034	0.04314	A
715	0.00781	0.0079	G
716	0.00647	0.00673	G
717	0.02234	0.02252	C
718	0.04751	0.04756	C
719	0.04617	0.04629	C
720	0.05128	0.0523	C
721	0.02666	0.03959	A
722	0.05461	0.05466	C
723	0.04456	0.04458	C
724	0.04187	0.0419	C
725	0.04549	0.04585	C
726	0.04475	0.0661	A
727	0.01778	0.01831	G
728	0.01117	0.0124	T
729	0.0417	0.04219	C
730	0.01589	0.02289	T
731	0.04594	0.04866	C
732	0.04884	0.05528	A
733	0.01643	0.01866	G
734	0.0464	0.04662	C
735	0.03602	0.03617	C
736	0.0336	0.03395	C
737	0.01342	0.016	T
738	0.03397	0.03972	A
739	0.04342	0.04539	C
740	0.01353	0.01649	T
741	0.03486	0.03492	C
742	0.0279	0.02916	C
743	0.02113	0.02783	A
744	0.04406	0.046	C
745	0.01739	0.02155	T
746	0.05133	0.0543	C
747	0.03797	0.04045	A
748	0.05271	0.05396	A
749	0.01684	0.02057	G
750	0.03517	0.03617	C
751	0.04276	0.04338	A
752	0.06227	0.06473	C
753	0.01697	0.01839	T
754	0.05321	0.05554	A
755	0.01458	0.01532	T
756	0.05112	0.05283	A
757	0.01452	0.01604	G
758	0.00916	0.00931	T
759	0.00865	0.00883	T
760	0.01364	0.01498	G
761	0.00904	0.01001	T
762	0.04672	0.04763	A
763	0.01268	0.01445	G
764	0.04343	0.04485	C
765	0.04345	0.04543	A
766	0.00777	0.00784	G
767	0.0071	0.00735	G
768	0.02766	0.02773	A
769	0.04131	0.04168	A
770	0.01338	0.0139	T
771	0.07202	0.07397	C
772	0.01273	0.01279	T
773	0.01261	0.01293	T
774	0.06204	0.07338	C
775	0.01543	0.01544	T
776	0.01261	0.01308	T
777	0.03031	0.05419	A
778	0.0737	0.07582	C
779	0.01554	0.01702	T
780	0.05846	0.0641	C
781	0.03853	0.04507	A
782	0.00978	0.01298	T
783	0.04316	0.04356	C
784	0.04233	0.04429	C
785	0.01146	0.01396	G
786	0.03806	0.04074	C
787	0.01167	0.01191	T
788	0.01735	0.01829	T
789	0.05286	0.05313	C
790	0.04288	0.04379	C
791	0.03151	0.04558	A
792	0.02865	0.02873	C
793	0.02832	0.02836	C
794	0.02912	0.02913	C
795	0.03318	0.03321	C
796	0.02798	0.0281	C
797	0.01862	0.01999	T
798	0.0389	0.04044	A
799	0.0106	0.01192	G
800	0.03024	0.03136	C
801	0.03665	0.03764	A
802	0.0093	0.01108	G
803	0.02232	0.02235	A
804	0.01579	0.01585	A
805	0.03955	0.0396	A
806	0.03408	0.03419	A
807	0.01286	0.0147	T
808	0.04654	0.04927	A
809	0.02197	0.02442	G
810	0.02528	0.02551	C
811	0.02053	0.02058	C
812	0.02114	0.02134	C
813	0.0284	0.03478	A
814	0.04274	0.04396	C
815	0.01373	0.01663	T
816	0.02037	0.02071	A
817	0.0313	0.03214	A
818	0.0151	0.01875	T
819	0.04216	0.04278	C
820	0.03647	0.03698	C
821	0.01559	0.01598	A
822	0.02897	0.02948	A
823	0.0331	0.03323	A
824	0.04702	0.05269	C
825	0.01545	0.01595	T
826	0.03847	0.03999	C
827	0.01763	0.02047	T
828	0.03685	0.03766	A
829	0.03485	0.03552	A
830	0.05316	0.05557	C
831	0.04186	0.04282	A
832	0.05289	0.05807	C
833	0.01578	0.01653	T
834	0.04065	0.04356	A
835	0.01121	0.01156	T
836	0.01013	0.01081	G
837	0.05165	0.05334	C
838	0.01998	0.02001	T
839	0.00935	0.00962	T
840	0.04551	0.05897	A
841	0.00621	0.00632	G
842	0.00607	0.00621	G
843	0.04725	0.04799	C
844	0.0087	0.00887	G
845	0.02109	0.0219	C
846	0.01481	0.01573	T
847	0.03964	0.0417	A
848	0.01654	0.01837	T
849	0.05001	0.05449	C
850	0.04435	0.04603	A
851	0.06044	0.06054	C
852	0.04083	0.04319	C
853	0.02345	0.03175	A
854	0.04118	0.04337	C
855	0.00817	0.00872	T
856	0.03064	0.03086	C
857	0.0115	0.01173	T
858	0.01597	0.01984	G
859	0.01035	0.01036	T
860	0.01545	0.01569	T
861	0.04788	0.05087	C
862	0.01474	0.01706	G
863	0.02272	0.02472	C
864	0.0249	0.02612	A
865	0.01127	0.01368	G
866	0.05773	0.05996	C
867	0.04011	0.04293	A
868	0.01237	0.01279	G
869	0.01084	0.01181	T
870	0.0351	0.03538	C
871	0.0095	0.01021	T
872	0.00725	0.00916	G
873	0.0117	0.0124	C
874	0.00831	0.00905	G
875	0.04525	0.04536	C
876	0.02029	0.02038	C
877	0.04334	0.04356	C
878	0.01956	0.01967	T
879	0.01284	0.01396	T
880	0.02366	0.03658	A
881	0.05675	0.05912	C
882	0.02776	0.02944	A
883	0.07508	0.08214	C
884	0.02298	0.02306	A
885	0.01606	0.01609	A
886	0.02754	0.02756	A
887	0.036	0.03628	A
888	0.01568	0.0171	T
889	0.01937	0.02185	G
890	0.03845	0.03965	A
891	0.06613	0.06911	C
892	0.03048	0.03095	A
893	0.02047	0.02362	T
894	0.04045	0.04777	C
895	0.00256	0.00288	A
896	0.00165	0.00176	A
897	0.00204	0.00211	A
898	0.0151	0.01522	A
899	0.00767	0.00767	A
900	0.01569	0.01573	A
901	0.02092	0.02098	A
902	0.00726	0.00816	T
903	0.0501	0.05066	C
904	0.01853	0.01918	G
905	0.00993	0.01132	T
906	0.03832	0.03948	A
907	0.00804	0.00835	G
908	0.02545	0.02589	C
909	0.02236	0.02245	C
910	0.01472	0.01489	T
911	0.01339	0.01446	T
912	0.02877	0.03988	C
913	0.01414	0.01661	T
914	0.04565	0.04567	C
915	0.03312	0.03398	C
916	0.01718	0.02618	A
917	0.04568	0.04717	C
918	0.0136	0.01388	T
919	0.01074	0.01082	T
920	0.04784	0.05055	C
921	0.03892	0.03929	A
922	0.03682	0.03728	A
923	0.00844	0.00902	G
924	0.00745	0.00854	T
925	0.02472	0.02579	C
926	0.03546	0.03572	A
927	0.03965	0.03984	A
928	0.05098	0.05412	C
929	0.01516	0.01561	T
930	0.04746	0.04993	A
931	0.00819	0.00855	G
932	0.00476	0.00491	G
933	0.01761	0.02225	A
934	0.02033	0.02079	C
935	0.00728	0.00948	T
936	0.04611	0.04666	C
937	0.03366	0.0362	A
938	0.01086	0.01671	T
939	0.03922	0.03927	A
940	0.03934	0.04453	A
941	0.01355	0.01433	T
942	0.04045	0.04258	A
943	0.01595	0.01701	G
944	0.01026	0.01039	T
945	0.01204	0.01249	T
946	0.02573	0.04189	A
947	0.07102	0.0734	C
948	0.03852	0.03862	A
949	0.042	0.04272	A
950	0.01622	0.01713	T
951	0.04525	0.04684	C
952	0.00986	0.00999	G
953	0.00923	0.00941	G
954	0.0204	0.02129	C
955	0.03466	0.03537	A
956	0.01255	0.01571	T
957	0.02989	0.03194	C
958	0.02741	0.02803	A
959	0.0341	0.03424	A
960	0.04469	0.04508	C
961	0.04169	0.04233	C
962	0.01655	0.01758	A
963	0.02833	0.02877	A
964	0.03632	0.03682	C
965	0.0252	0.02652	C
966	0.01662	0.02727	A
967	0.03969	0.04569	C
968	0.02654	0.02924	A
969	0.04457	0.04461	C
970	0.02406	0.02521	C
971	0.01341	0.01424	T
972	0.04791	0.04933	A
973	0.01157	0.01201	G
974	0.04483	0.04652	C
975	0.04019	0.04274	A
976	0.01206	0.01217	T
977	0.00931	0.00939	T
978	0.03771	0.03796	C
979	0.02127	0.02188	C
980	0.01175	0.01252	T
981	0.01022	0.01105	G
982	0.02245	0.02373	C
983	0.03454	0.0363	A
984	0.04629	0.0477	C
985	0.03111	0.03233	A
986	0.01005	0.01063	T
987	0.04649	0.04694	C
988	0.01415	0.01443	T
989	0.02329	0.02714	G
990	0.01513	0.01626	T
991	0.03295	0.03562	A
992	0.03182	0.03202	C
993	0.02017	0.02028	C
994	0.01614	0.0164	C
995	0.02749	0.03378	A
996	0.0558	0.05724	C
997	0.0116	0.01237	G
998	0.03143	0.03151	C
999	0.02633	0.02649	C
1000	0.00868	0.00894	T
1001	0.01091	0.01135	T
1002	0.02981	0.04236	C
1003	0.0118	0.01201	T
1004	0.01013	0.01041	T
1005	0.0459	0.05204	C
1006	0.03358	0.03522	A
1007	0.03774	0.03831	A
1008	0.03276	0.03313	A
1009	0.0101	0.01071	G
1010	0.01716	0.01725	C
1011	0.01631	0.0165	C
1012	0.01362	0.02911	A
1013	0.0086	0.00957	T
1014	0.02632	0.02699	A
1015	0.0678	0.07294	C
1016	0.01343	0.01413	T
1017	0.05037	0.05347	A
1018	0.00785	0.00793	T
1019	0.00969	0.00971	T
1020	0.00547	0.00578	T
1021	0.02177	0.02437	A
1022	0.00519	0.00536	T
1023	0.00897	0.00934	G
1024	0.00956	0.00993	T
1025	0.00848	0.00898	G
1026	0.0154	0.01612	C
1027	0.00941	0.01117	T
1028	0.04375	0.04376	C
1029	0.03169	0.03186	C
1030	0.00841	0.00848	G
1031	0.00846	0.00853	G
1032	0.00863	0.00873	G
1033	0.01916	0.02041	T
1034	0.03689	0.03702	C
1035	0.02769	0.02813	C
1036	0.0318	0.0355	A
1037	0.01235	0.01391	T
1038	0.03459	0.03701	C
1039	0.02406	0.02654	A
1040	0.02108	0.02494	T
1041	0.02693	0.02776	C
1042	0.02314	0.02473	C
1043	0.01481	0.02277	A
1044	0.03077	0.03824	C
1045	0.01962	0.01995	A
1046	0.02197	0.0225	A
1047	0.03129	0.03138	C
1048	0.02284	0.02339	C
1049	0.01932	0.01971	T
1050	0.01643	0.017	T
1051	0.02351	0.02395	A
1052	0.02694	0.02723	A
1053	0.04483	0.04674	C
1054	0.02753	0.02818	A
1055	0.02922	0.03003	A
1056	0.01741	0.01821	T
1057	0.01648	0.01848	G
1058	0.02096	0.02136	A
1059	0.02826	0.02883	A
1060	0.04621	0.04904	C
1061	0.02938	0.02959	A
1062	0.02922	0.03018	A
1063	0.02217	0.02323	G
1064	0.02777	0.0285	A
1065	0.01763	0.01855	T
1066	0.03756	0.03914	A
1067	0.01508	0.01514	T
1068	0.01566	0.01601	T
1069	0.04043	0.04304	C
1070	0.02077	0.02566	G
1071	0.0048	0.00552	A
1072	0.01676	0.01691	A
1073	0.00912	0.00916	A
1074	0.02829	0.02841	A
1075	0.03014	0.03021	A
1076	0.00949	0.01077	T
1077	0.04336	0.04389	A
1078	0.00985	0.01004	G
1079	0.00799	0.0084	G
1080	0.02043	0.0237	A
1081	0.00693	0.00697	G
1082	0.00701	0.00734	G
1083	0.03288	0.04267	A
1084	0.03914	0.04035	C
1085	0.01885	0.02159	T
1086	0.0266	0.0279	A
1087	0.03669	0.03777	C
1088	0.01926	0.02143	T
1089	0.04014	0.04207	C
1090	0.02915	0.03008	A
1091	0.02016	0.02089	A
1092	0.02345	0.02369	A
1093	0.02984	0.03	A
1094	0.03568	0.03767	C
1095	0.02469	0.02525	C
1096	0.02123	0.03778	A
1097	0.01974	0.02073	T
1098	0.03477	0.0357	A
1099	0.03696	0.03751	C
1100	0.02303	0.0238	C
1101	0.0127	0.01392	T
1102	0.02828	0.02941	C
1103	0.01882	0.021	T
1104	0.04233	0.04345	C
1105	0.0281	0.02954	A
1106	0.05202	0.05356	C
1107	0.01606	0.01641	T
1108	0.01311	0.01336	T
1109	0.0468	0.049	C
1110	0.03175	0.03302	A
1111	0.0393	0.03972	A
1112	0.03582	0.03604	C
1113	0.01963	0.02064	C
1114	0.01231	0.01512	T
1115	0.02664	0.02669	C
1116	0.01942	0.01947	C
1117	0.03285	0.03396	C
1118	0.01633	0.01814	T
1119	0.0832	0.08534	C
1120	0.02579	0.02793	A
1121	0.04325	0.04325	C
1122	0.03281	0.0335	C
1123	0.04228	0.0482	A
1124	0.01698	0.01711	T
1125	0.01507	0.01511	T
1126	0.01155	0.01163	G
1127	0.00965	0.00985	G
1128	0.03284	0.03421	C
1129	0.04837	0.0503	A
1130	0.02903	0.03048	G
1131	0.02547	0.02562	C
1132	0.01847	0.01884	C
1133	0.01499	0.01613	T
1134	0.04365	0.04453	A
1135	0.01411	0.01485	G
1136	0.03228	0.03263	C
1137	0.04407	0.04593	A
1138	0.0164	0.01669	T
1139	0.01034	0.01065	T
1140	0.03953	0.05403	A
1141	0.01404	0.01508	G
1142	0.04079	0.04158	C
1143	0.02365	0.02529	A
1144	0.00776	0.00782	G
1145	0.00791	0.00803	G
1146	0.02676	0.02694	A
1147	0.0298	0.03024	A
1148	0.01653	0.01873	T
1149	0.04629	0.04688	A
1150	0.05801	0.05885	C
1151	0.03838	0.03924	C
1152	0.01168	0.01172	T
1153	0.01333	0.0134	T
1154	0.00854	0.0086	T
1155	0.02629	0.02668	C
1156	0.01935	0.01972	C
1157	0.01165	0.0142	T
1158	0.04475	0.04767	C
1159	0.03433	0.03869	A
1160	0.06813	0.07011	C
1161	0.04062	0.04346	A
1162	0.00663	0.00695	G
1163	0.00795	0.00811	G
1164	0.00549	0.00562	T
1165	0.00783	0.00785	T
1166	0.00719	0.00726	T
1167	0.04118	0.04357	C
1168	0.01915	0.0199	T
1169	0.03924	0.04951	A
1170	0.04796	0.05024	C
1171	0.01577	0.01838	T
1172	0.03687	0.03695	C
1173	0.02962	0.0305	C
1174	0.02261	0.02342	A
1175	0.03542	0.0356	A
1176	0.04509	0.0461	A
1177	0.01784	0.0189	G
1178	0.03528	0.03585	A
1179	0.02843	0.02865	C
1180	0.02182	0.02241	C
1181	0.02177	0.02654	A
1182	0.04768	0.04957	C
1183	0.03188	0.03423	A
1184	0.01215	0.0142	T
1185	0.0391	0.04098	C
1186	0.03603	0.03824	A
1187	0.0213	0.02222	T
1188	0.04305	0.04508	C
1189	0.01722	0.01941	G
1190	0.01588	0.01645	A
1191	0.02346	0.02382	A
1192	0.0223	0.0224	A
1193	0.02282	0.02333	C
1194	0.01789	0.01842	C
1195	0.02221	0.02507	G
1196	0.03256	0.03728	C
1197	0.02362	0.02449	A
1198	0.02594	0.02656	A
1199	0.02184	0.02194	A
1200	0.04329	0.04774	C
1201	0.02892	0.03002	A
1202	0.02007	0.02175	T
1203	0.03283	0.03343	A
1204	0.02235	0.02524	T
1205	0.04865	0.05344	C
1206	0.03972	0.04296	A
1207	0.01945	0.02126	T
1208	0.03357	0.03589	A
1209	0.04668	0.05137	C
1210	0.02374	0.0252	A
1211	0.04363	0.04877	C
1212	0.02944	0.02947	A
1213	0.03196	0.03196	A
1214	0.04338	0.04481	A
1215	0.04683	0.05401	C
1216	0.01465	0.01516	G
1217	0.02921	0.02925	C
1218	0.02586	0.02604	C
1219	0.01618	0.01941	T
1220	0.02122	0.02392	G
1221	0.02866	0.03151	A
1222	0.01377	0.01533	G
1223	0.03343	0.03379	C
1224	0.02457	0.02468	C
1225	0.01594	0.01623	C
1226	0.02563	0.02775	T
1227	0.03016	0.03127	A
1228	0.02297	0.02377	T
1229	0.04162	0.0429	C
1230	0.02024	0.02113	T
1231	0.04749	0.0512	A
1232	0.02006	0.02006	T
1233	0.01914	0.02037	T
1234	0.02526	0.04352	A
1235	0.05252	0.05417	C
1236	0.01823	0.01878	T
1237	0.03899	0.04126	C
1238	0.02022	0.02146	T
1239	0.03888	0.04122	C
1240	0.02969	0.03519	A
1241	0.0227	0.02372	T
1242	0.05126	0.05345	C
1243	0.01683	0.01736	G
1244	0.02887	0.03265	C
1245	0.01653	0.01766	T
1246	0.05203	0.05642	A
1247	0.05021	0.05102	C
1248	0.02873	0.03214	C
1249	0.01659	0.02087	T
1250	0.03637	0.03641	C
1251	0.03047	0.03051	C
1252	0.02757	0.02842	C
1253	0.01921	0.02195	T
1254	0.02781	0.02894	G
1255	0.03271	0.03314	A
1256	0.04753	0.04907	C
1257	0.03704	0.03815	A
1258	0.04123	0.04262	A
1259	0.01275	0.01367	G
1260	0.02892	0.03018	C
1261	0.01066	0.01091	G
1262	0.04272	0.04275	C
1263	0.03141	0.03169	C
1264	0.0221	0.02417	T
1265	0.0323	0.03964	A
1266	0.01877	0.0203	T
1267	0.04263	0.04494	A
1268	0.01087	0.0117	G
1269	0.03316	0.03509	C
1270	0.03563	0.03739	A
1271	0.04745	0.049	C
1272	0.01127	0.01291	T
1273	0.03464	0.035	C
1274	0.01583	0.01714	G
1275	0.02971	0.03008	A
1276	0.03126	0.03173	A
1277	0.01271	0.02316	T
1278	0.02702	0.02718	A
1279	0.029	0.0334	A
1280	0.01042	0.01066	T
1281	0.72788	0.72964	T
1282	0.0311	0.03229	C
1283	0.01848	0.01851	T
1284	0.01859	0.02047	T
1285	0.04555	0.05047	C
1286	0.03022	0.03377	T
1287	0.04702	0.05117	C
1288	0.02329	0.02518	A
1289	0.03846	0.03875	C
1290	0.02396	0.024	C
1291	0.01724	0.01753	C
1292	0.01778	0.02236	T
1293	0.03621	0.03696	A
1294	0.04006	0.04066	A
1295	0.06124	0.06421	C
1296	0.04477	0.04733	A
1297	0.00799	0.00825	G
1298	0.01175	0.01193	G
1299	0.01268	0.0146	T
1300	0.05642	0.05921	C
1301	0.03188	0.03227	A
1302	0.0388	0.03923	A
1303	0.0543	0.05466	C
1304	0.02794	0.02888	C
1305	0.01452	0.01531	T
1306	0.05235	0.05274	C
1307	0.01627	0.01859	G
1308	0.03693	0.03981	C
1309	0.0142	0.01455	T
1310	0.01323	0.01373	T
1311	0.03243	0.03271	C
1312	0.02674	0.0269	C
1313	0.03147	0.03164	C
1314	0.02599	0.02679	C
1315	0.02231	0.03116	A
1316	0.04117	0.04117	C
1317	0.03202	0.03203	C
1318	0.023	0.02354	C
1319	0.02262	0.02295	T
1320	0.0154	0.01614	T
1321	0.02131	0.03532	A
1322	0.0464	0.04813	C
1323	0.01645	0.01959	T
1324	0.03097	0.03145	A
1325	0.02861	0.02949	A
1326	0.05289	0.05456	C
1327	0.03663	0.03919	A
1328	0.01637	0.01665	T
1329	0.0161	0.01663	T
1330	0.0294	0.02958	A
1331	0.04044	0.041	A
1332	0.0632	0.06544	C
1333	0.02192	0.02722	G
1334	0.0268	0.02732	A
1335	0.01738	0.01754	A
1336	0.03716	0.03738	A
1337	0.03565	0.03587	A
1338	0.01824	0.02476	T
1339	0.03483	0.0349	A
1340	0.02453	0.02625	A
1341	0.03922	0.04118	C
1342	0.02244	0.02277	C
1343	0.02239	0.02247	C
1344	0.0191	0.0193	C
1345	0.02488	0.0311	A
1346	0.03397	0.03401	C
1347	0.03427	0.03432	C
1348	0.02631	0.02698	C
1349	0.01977	0.02128	T
1350	0.03844	0.04064	A
1351	0.04959	0.05203	C
1352	0.01977	0.02458	T
1353	0.02207	0.0234	A
1354	0.0307	0.03193	A
1355	0.03901	0.03986	A
1356	0.04133	0.04268	C
1357	0.02745	0.02788	C
1358	0.02799	0.02816	C
1359	0.03023	0.03034	C
1360	0.03921	0.04696	A
1361	0.02305	0.02331	T
1362	0.01553	0.01588	T
1363	0.03305	0.03356	A
1364	0.0445	0.04541	A
1365	0.05268	0.05402	A
1366	0.07232	0.08121	C
1367	0.02451	0.02541	G
1368	0.04117	0.04117	C
1369	0.02982	0.02997	C
1370	0.0169	0.02407	T
1371	0.01409	0.01428	G
1372	0.01387	0.01446	G
1373	0.03038	0.03258	C
1374	0.15569	0.16169	A
1375	0.01483	0.01607	G
1376	0.03931	0.03994	C
1377	0.03963	0.0413	C
1378	0.01623	0.01633	G
1379	0.01624	0.0171	G
1380	0.02955	0.03028	A
1381	0.04066	0.04103	A
1382	0.01297	0.01393	G
1383	0.03329	0.03358	C
1384	0.03351	0.03369	C
1385	0.01759	0.01852	T
1386	0.05795	0.06672	A
1387	0.0183	0.01836	T
1388	0.01875	0.01903	T
1389	0.06439	0.06972	C
1390	0.02064	0.02311	G
1391	0.05182	0.05449	C
1392	0.04212	0.04402	A
1393	0.00991	0.01009	G
1394	0.0116	0.01183	G
1395	0.04767	0.05519	A
1396	0.01012	0.01024	T
1397	0.01878	0.0188	T
1398	0.01794	0.01844	T
1399	0.05934	0.06184	C
1400	0.02244	0.02553	T
1401	0.05818	0.06118	C
1402	0.04455	0.04864	A
1403	0.02158	0.02173	T
1404	0.01863	0.01994	T
1405	0.02602	0.04529	A
1406	0.06474	0.06725	C
1407	0.018	0.02352	T
1408	0.0393	0.0398	A
1409	0.03569	0.03728	A
1410	0.05956	0.06358	C
1411	0.03223	0.03235	A
1412	0.03596	0.03696	A
1413	0.0661	0.06944	C
1414	0.05714	0.05987	A
1415	0.00983	0.01011	T
1416	0.01662	0.01669	T
1417	0.01491	0.01492	T
1418	0.03668	0.03722	C
1419	0.02584	0.02596	C
1420	0.02427	0.0244	C
1421	0.02713	0.02716	C
1422	0.03129	0.03134	C
1423	0.01974	0.023	G
1424	0.03441	0.04296	C
1425	0.043	0.05988	A
1426	0.01949	0.02567	T
1427	0.02119	0.02166	C
1428	0.02121	0.0215	C
1429	0.02679	0.02699	C
1430	0.02767	0.02769	C
1431	0.02943	0.02962	C
1432	0.03117	0.03178	T
1433	0.01552	0.01642	T
1434	0.03082	0.03086	C
1435	0.02647	0.02684	C
1436	0.01952	0.02036	A
1437	0.02771	0.02797	A
1438	0.02625	0.02669	A
1439	0.04767	0.05292	C
1440	0.02516	0.02525	A
1441	0.02739	0.02779	A
1442	0.04929	0.05332	C
1443	0.02937	0.02946	A
1444	0.03728	0.0381	A
1445	0.03226	0.03683	T
1446	0.02399	0.02457	C
1447	0.0244	0.02603	C
1448	0.02231	0.02247	C
1449	0.02587	0.0259	C
1450	0.02351	0.02354	C
1451	0.02749	0.0302	T
1452	0.03223	0.03351	C
1453	0.02403	0.02564	T
1454	0.03258	0.03524	A
1455	0.04987	0.05014	C
1456	0.03115	0.03231	C
1457	0.02048	0.0251	T
1458	0.02298	0.02389	A
1459	0.0199	0.02007	A
1460	0.03596	0.03616	A
1461	0.03544	0.03568	A
1462	0.04533	0.05423	C
1463	0.0189	0.02047	T
1464	0.0501	0.05111	C
1465	0.02379	0.02769	A
1466	0.02915	0.03137	C
1467	0.02145	0.02628	A
1468	0.01176	0.01301	G
1469	0.01524	0.01533	C
1470	0.03129	0.03134	C
1471	0.03735	0.03758	C
1472	0.02209	0.02426	T
1473	0.06201	0.06283	C
1474	0.01337	0.01388	G
1475	0.02081	0.02115	C
1476	0.00811	0.00836	T
1477	0.01341	0.0141	G
1478	0.01102	0.0121	T
1479	0.06757	0.06837	C
1480	0.03673	0.03732	A
1481	0.06746	0.06892	C
1482	0.01801	0.01811	T
1483	0.01621	0.01626	T
1484	0.0098	0.00986	T
1485	0.06076	0.06101	C
1486	0.01485	0.01503	C
1487	0.00441	0.00463	T
1488	0.02061	0.02222	A
1489	0.00502	0.00507	G
1490	0.00431	0.00437	G
1491	0.01698	0.02135	A
1492	0.01581	0.01636	C
1493	0.00578	0.00584	T
1494	0.01666	0.01704	T
1495	0.05339	0.06695	C
1496	0.02189	0.02587	T
1497	0.05579	0.05856	A
1498	0.03954	0.0404	A
1499	0.06836	0.07254	C
1500	0.02353	0.02621	A
1501	0.00853	0.00935	G
1502	0.01263	0.01272	C
1503	0.00908	0.00913	C
1504	0.00774	0.00799	C
1505	0.00399	0.00485	T
1506	0.0155	0.01892	A
1507	0.02208	0.02273	G
1508	0.05737	0.05857	A
1509	0.05557	0.05578	C
1510	0.03225	0.03292	C
1511	0.01829	0.02015	T
1512	0.04607	0.04901	C
1513	0.0285	0.03014	A
1514	0.03678	0.03716	A
1515	0.05175	0.05535	C
1516	0.02313	0.02822	T
1517	0.03463	0.03585	A
1518	0.0606	0.06107	C
1519	0.01512	0.01826	C
1520	0.02208	0.0272	T
1521	0.02882	0.02999	A
1522	0.03158	0.03224	A
1523	0.04898	0.04954	C
1524	0.03522	0.03713	C
1525	0.02132	0.02193	A
1526	0.02395	0.02462	A
1527	0.05536	0.05936	C
1528	0.0285	0.02872	A
1529	0.02742	0.02748	A
1530	0.0204	0.02086	A
1531	0.05521	0.06196	C
1532	0.02169	0.02328	T
1533	0.01221	0.01383	T
1534	0.01919	0.0203	A
1535	0.01951	0.0198	A
1536	0.03357	0.03477	A
1537	0.0345	0.03513	A
1538	0.01757	0.02383	T
1539	0.02894	0.02898	A
1540	0.01826	0.01827	A
1541	0.03488	0.03492	A
1542	0.04212	0.04536	A
1543	0.03029	0.03261	T
1544	0.02773	0.0286	C
1545	0.01443	0.01458	C
1546	0.01544	0.01563	C
1547	0.01547	0.01575	C
1548	0.01481	0.0202	A
1549	0.02464	0.02566	C
1550	0.02074	0.022	T
1551	0.03175	0.03382	A
1552	0.01444	0.01487	T
1553	0.80528	0.81045	G
1554	0.03911	0.04432	C
1555	0.02055	0.02273	A
1556	0.03706	0.03901	C
1557	0.02301	0.02454	A
1558	0.01381	0.01384	T
1559	0.01364	0.01374	T
1560	0.00794	0.00797	T
1561	0.01134	0.01229	T
1562	0.0338	0.05249	A
1563	0.01094	0.01094	T
1564	0.01388	0.01388	T
1565	0.01093	0.01116	T
1566	0.04311	0.04661	C
1567	0.01424	0.01734	T
1568	0.03574	0.03586	C
1569	0.02548	0.02625	C
1570	0.02503	0.02757	A
1571	0.03024	0.0306	A
1572	0.05108	0.05382	C
1573	0.04075	0.04544	A
1574	0.01551	0.01686	T
1575	0.03988	0.04087	A
1576	0.05072	0.05272	C
1577	0.01809	0.01905	T
1578	0.03818	0.04001	C
1579	0.01125	0.01144	G
1580	0.01278	0.01297	G
1581	0.03151	0.03639	A
1582	0.01707	0.0171	T
1583	0.01557	0.01605	T
1584	0.04321	0.04916	C
1585	0.02288	0.02437	T
1586	0.03195	0.03632	A
1587	0.04228	0.04278	C
1588	0.0234	0.02386	C
1589	0.02026	0.02117	C
1590	0.01839	0.01943	T
1591	0.03859	0.04011	A
1592	0.02014	0.02096	G
1593	0.03361	0.03509	C
1594	0.02906	0.03002	A
1595	0.01389	0.01872	T
1596	0.03044	0.03321	C
1597	0.03265	0.03422	A
1598	0.03979	0.04474	C
1599	0.0346	0.03778	A
1600	0.03649	0.04238	C
1601	0.02987	0.03168	A
1602	0.04272	0.04273	C
1603	0.03487	0.03637	C
1604	0.02014	0.0224	G
1605	0.03033	0.03126	C
1606	0.02632	0.02776	A
1607	0.05017	0.05279	C
1608	0.03075	0.03138	A
1609	0.03506	0.03592	A
1610	0.02483	0.0287	T
1611	0.03094	0.03121	C
1612	0.02818	0.02826	C
1613	0.03166	0.0317	C
1614	0.02265	0.02272	C
1615	0.02217	0.02312	T
1616	0.03909	0.04028	A
1617	0.01494	0.01554	T
1618	0.04219	0.0432	C
1619	0.01237	0.01319	T
1620	0.03979	0.04809	A
1621	0.00743	0.00765	G
1622	0.00623	0.00641	G
1623	0.02729	0.02731	C
1624	0.02245	0.02271	C
1625	0.0164	0.01655	T
1626	0.01466	0.0159	T
1627	0.03848	0.04705	C
1628	0.01803	0.01808	T
1629	0.01426	0.01453	T
1630	0.02992	0.04851	A
1631	0.06831	0.07237	C
1632	0.01104	0.01247	G
1633	0.04277	0.04429	A
1634	0.00884	0.00936	G
1635	0.02742	0.02763	C
1636	0.02507	0.02529	C
1637	0.01828	0.01928	A
1638	0.01905	0.01918	A
1639	0.03272	0.03284	A
1640	0.03839	0.03842	A
1641	0.03954	0.04242	C
1642	0.02694	0.02763	C
1643	0.02627	0.02994	T
1644	0.01619	0.01848	G
1645	0.02892	0.02908	C
1646	0.01735	0.01758	C
1647	0.02714	0.02734	C
1648	0.02304	0.02334	C
1649	0.01913	0.0247	T
1650	0.03691	0.04176	A
1651	0.03932	0.04089	C
1652	0.01567	0.01828	T
1653	0.02578	0.02584	C
1654	0.02252	0.02389	C
1655	0.01323	0.01559	T
1656	0.03383	0.03383	C
1657	0.02011	0.02135	C
1658	0.01118	0.01227	T
1659	0.02628	0.03402	A
1660	0.00901	0.00976	G
1661	0.03081	0.03142	A
1662	0.03004	0.0302	C
1663	0.00646	0.00724	C
1664	0.01544	0.01722	T
1665	0.02531	0.02577	A
1666	0.03424	0.03461	A
1667	0.03869	0.03891	C
1668	0.02117	0.02189	C
1669	0.01867	0.02075	T
1670	0.01543	0.01641	G
1671	0.03178	0.03225	A
1672	0.03134	0.03225	C
1673	0.02207	0.02339	T
1674	0.02891	0.03046	A
1675	0.01352	0.01715	G
1676	0.03342	0.0335	A
1677	0.02529	0.02558	A
1678	0.02804	0.02813	A
1679	0.02949	0.02986	A
1680	0.01834	0.01943	G
1681	0.02756	0.02866	C
1682	0.01823	0.01932	T
1683	0.02963	0.03144	A
1684	0.01662	0.01678	T
1685	0.01735	0.01958	T
1686	0.01802	0.03068	A
1687	0.04029	0.04077	C
1688	0.02326	0.0242	C
1689	0.01573	0.02012	T
1690	0.01962	0.02062	A
1691	0.0165	0.01689	A
1692	0.02738	0.02779	A
1693	0.02533	0.02556	A
1694	0.04149	0.05291	C
1695	0.0239	0.02404	A
1696	0.03482	0.03506	A
1697	0.01373	0.01386	T
1698	0.01271	0.0128	T
1699	0.00647	0.00653	T
1700	0.03306	0.03542	C
1701	0.02671	0.03023	A
1702	0.03381	0.03524	C
1703	0.027	0.03006	A
1704	0.02142	0.02292	G
1705	0.02234	0.02367	C
1706	0.02364	0.02443	A
1707	0.02843	0.0285	C
1708	0.01863	0.01887	C
1709	0.01154	0.01171	A
1710	0.02422	0.02468	A
1711	0.02852	0.02873	A
1712	0.01804	0.01857	T
1713	0.01877	0.01908	C
1714	0.01527	0.01874	T
1715	0.0176	0.01763	C
1716	0.01563	0.01625	C
1717	0.01501	0.01844	A
1718	0.02349	0.02355	C
1719	0.01454	0.0153	C
1720	0.01175	0.01374	T
1721	0.02491	0.02493	C
1722	0.01565	0.01621	C
1723	0.02028	0.02563	A
1724	0.01499	0.01618	T
1725	0.02552	0.02774	C
1726	0.02875	0.03259	A
1727	0.01434	0.01612	T
1728	0.02738	0.03071	C
1729	0.02469	0.0256	A
1730	0.02842	0.02849	C
1731	0.02023	0.02087	C
1732	0.01427	0.01692	T
1733	0.02839	0.03096	C
1734	0.02212	0.02473	A
1735	0.02418	0.02485	A
1736	0.02675	0.02696	C
1737	0.01736	0.01749	C
1738	0.01811	0.01864	C
1739	0.00445	0.00473	A
1740	0.01586	0.016	A
1741	0.01988	0.01999	A
1742	0.03054	0.03064	A
1743	0.02513	0.0252	A
1744	0.00904	0.00938	G
1745	0.0066	0.00679	G
1746	0.03679	0.03754	C
1747	0.02709	0.02776	A
1748	0.01059	0.01773	T
1749	0.02093	0.02096	A
1750	0.0323	0.03552	A
1751	0.01447	0.01477	T
1752	0.00806	0.00926	T
1753	0.02235	0.02264	A
1754	0.02819	0.02849	A
1755	0.03173	0.03262	A
1756	0.04869	0.05322	C
1757	0.01062	0.01072	T
1758	0.00889	0.00912	T
1759	0.00985	0.01018	T
1760	0.03713	0.04419	A
1761	0.05519	0.05763	C
1762	0.011	0.01115	T
1763	0.00699	0.00704	T
1764	0.03456	0.03563	C
1765	0.02667	0.02784	C
1766	0.00962	0.01017	T
1767	0.03726	0.04021	C
1768	0.01131	0.01202	T
1769	0.0366	0.03844	C
1770	0.00789	0.00795	T
1771	0.0118	0.01181	T
1772	0.00757	0.00787	T
1773	0.03702	0.04188	C
1774	0.00959	0.00959	T
1775	0.00819	0.0084	T
1776	0.03575	0.0472	C
1777	0.01158	0.01158	T
1778	0.01026	0.01052	T
1779	0.02873	0.0288	C
1780	0.02392	0.0242	C
1781	0.02062	0.02097	C
1782	0.01775	0.02253	A
1783	0.02872	0.02952	C
1784	0.02609	0.02807	T
1785	0.02278	0.02423	C
1786	0.03754	0.04251	A
1787	0.00699	0.00892	T
1788	0.02698	0.02718	C
1789	0.00875	0.00905	C
1790	0.01181	0.01333	T
1791	0.01819	0.01908	A
1792	0.02444	0.02494	A
1793	0.0272	0.02745	C
1794	0.01946	0.01967	C
1795	0.01469	0.01516	C
1796	0.00959	0.01145	T
1797	0.02417	0.02787	A
1798	0.02717	0.02845	C
1799	0.00785	0.00897	T
1800	0.02271	0.02272	C
1801	0.0127	0.0131	C
1802	0.00756	0.00852	T
1803	0.02361	0.02403	A
1804	0.02993	0.03006	A
1805	0.00814	0.00841	T
1806	0.02678	0.02727	C
1807	0.01868	0.01872	A
1808	0.0311	0.03126	C
1809	0.02923	0.02923	A
1810	0.00031	0.00031	T
1811	0.0	0.0	A
1812	0.0	0.0	A
