Position	Mismatches	Mismatches + Deletions	Base
1	0.0	0.0	A
2	0.0	0.0	T
3	0.0	0.0	A
4	0.0289	0.0289	A
5	0.03424	0.03424	A
6	0.05763	0.0582	C
7	0.01587	0.01682	T
8	0.01407	0.01407	T
9	0.04232	0.04867	C
10	0.0186	0.01909	G
11	0.04469	0.04469	C
12	0.0294	0.02948	C
13	0.02032	0.02035	T
14	0.01454	0.01534	T
15	0.01655	0.01715	A
16	0.0242	0.02623	A
17	0.00947	0.00952	T
18	0.00879	0.00892	T
19	0.00744	0.00755	T
20	0.00743	0.00752	T
21	0.033	0.03549	A
22	0.03948	0.04074	A
23	0.0089	0.01316	T
24	0.0432	0.0435	A
25	0.04146	0.04645	A
26	0.0129	0.01484	T
27	0.04573	0.04872	C
28	0.03586	0.03607	A
29	0.03672	0.0374	A
30	0.04344	0.04943	C
31	0.03246	0.03332	A
32	0.04898	0.04936	C
33	0.03177	0.03181	C
34	0.02854	0.03016	C
35	0.01201	0.01477	T
36	0.04623	0.04623	C
37	0.01498	0.01756	C
38	0.01488	0.0163	T
39	0.04059	0.0469	A
40	0.01326	0.01454	G
41	0.04004	0.0402	C
42	0.02889	0.0292	C
43	0.02915	0.02934	T
44	0.01309	0.01377	T
45	0.02391	0.0371	A
46	0.04957	0.05165	C
47	0.01766	0.01887	T
48	0.03573	0.03742	A
49	0.05254	0.05659	C
50	0.01411	0.01822	T
51	0.03319	0.03408	A
52	0.03199	0.03428	A
53	0.00817	0.01416	T
54	0.03482	0.03505	A
55	0.03811	0.04519	A
56	0.00937	0.00952	T
57	0.01171	0.01288	T
58	0.03633	0.06485	A
59	0.01136	0.01143	T
60	0.01233	0.01344	T
61	0.0267	0.05301	A
62	0.08751	0.09148	C
63	0.05417	0.05789	A
64	0.00629	0.0064	T
65	0.00763	0.00775	T
66	0.0087	0.0088	T
67	0.01034	0.01038	T
68	0.01266	0.01593	G
69	0.05642	0.05704	A
70	0.05812	0.05966	C
71	0.01388	0.01487	T
72	0.05204	0.05448	A
73	0.05606	0.05648	C
74	0.04036	0.04126	C
75	0.02276	0.03388	A
76	0.05201	0.05703	C
77	0.04066	0.04094	A
78	0.04541	0.04653	A
79	0.05763	0.0625	C
80	0.01469	0.01706	T
81	0.05542	0.05779	C
82	0.04212	0.04387	A
83	0.04425	0.04465	A
84	0.07065	0.07481	C
85	0.01196	0.01244	G
86	0.00801	0.00808	G
87	0.02139	0.02263	C
88	0.0073	0.00775	T
89	0.01729	0.01835	A
90	0.04323	0.04417	C
91	0.06847	0.07038	A
92	0.01562	0.01817	T
93	0.03821	0.03863	A
94	0.01191	0.01527	G
95	0.00502	0.00502	A
96	0.02329	0.02329	A
97	0.01601	0.01602	A
98	0.0372	0.0372	A
99	0.03459	0.03483	A
100	0.01525	0.01657	T
101	0.06283	0.06359	C
102	0.04008	0.04198	C
103	0.02296	0.04022	A
104	0.04378	0.04392	C
105	0.04776	0.04781	C
106	0.04417	0.04419	C
107	0.05139	0.05185	C
108	0.01253	0.01287	T
109	0.0131	0.01328	T
110	0.03381	0.06033	A
111	0.0673	0.06923	C
112	0.00757	0.00791	G
113	0.05795	0.06165	A
114	0.01074	0.01117	G
115	0.0133	0.01434	T
116	0.00634	0.00755	G
117	0.03134	0.03371	C
118	0.00797	0.00797	G
119	0.00479	0.00505	G
120	0.08647	0.08859	C
121	0.01267	0.01291	T
122	0.01208	0.01224	T
123	0.07924	0.08345	C
124	0.01243	0.01511	G
125	0.05579	0.05789	A
126	0.06491	0.06511	C
127	0.05526	0.05555	C
128	0.04798	0.04824	C
129	0.01115	0.01214	T
130	0.06039	0.06603	A
131	0.01027	0.01148	T
132	0.08627	0.09683	A
133	0.01111	0.01291	T
134	0.04829	0.05088	C
135	0.04904	0.04969	C
136	0.07111	0.07128	C
137	0.03467	0.03477	C
138	0.03819	0.03861	C
139	0.01405	0.01606	G
140	0.05272	0.05273	C
141	0.02647	0.02658	C
142	0.03661	0.03756	C
143	0.0114	0.01366	G
144	0.05845	0.06318	C
145	0.01296	0.01628	G
146	0.0121	0.0146	T
147	0.06586	0.06601	C
148	0.07456	0.0746	C
149	0.06514	0.06553	C
150	0.00608	0.00628	T
151	0.01102	0.0112	T
152	0.01084	0.01119	T
153	0.06664	0.07017	C
154	0.01093	0.012	T
155	0.06614	0.06646	C
156	0.04746	0.04862	C
157	0.03049	0.0446	A
158	0.01033	0.01338	T
159	0.03071	0.03127	A
160	0.01564	0.01599	A
161	0.04462	0.04513	A
162	0.05189	0.05841	A
163	0.00545	0.00597	T
164	0.00562	0.00577	T
165	0.05917	0.08196	C
166	0.00552	0.00555	T
167	0.00573	0.00591	T
168	0.04148	0.05761	C
169	0.00657	0.00657	T
170	0.00779	0.00784	T
171	0.07512	0.10695	A
172	0.00982	0.01069	G
173	0.00457	0.0055	T
174	0.04039	0.04234	A
175	0.00743	0.00805	G
176	0.05093	0.05358	C
177	0.00842	0.00884	T
178	0.06542	0.07012	A
179	0.00923	0.0094	T
180	0.01	0.01108	T
181	0.0308	0.05115	A
182	0.08872	0.09073	C
183	0.0752	0.07841	C
184	0.00718	0.00747	T
185	0.00801	0.00824	T
186	0.06363	0.08319	C
187	0.00906	0.00913	T
188	0.00781	0.00838	T
189	0.03079	0.07269	A
190	0.00848	0.00848	T
191	0.00878	0.00919	T
192	0.0335	0.08843	A
193	0.0066	0.00662	T
194	0.00912	0.00913	T
195	0.01042	0.01053	T
196	0.00955	0.01625	G
197	0.05269	0.0536	A
198	0.01081	0.01108	T
199	0.08075	0.08263	C
200	0.00938	0.00975	T
201	0.06492	0.06707	A
202	0.01195	0.01362	G
203	0.01341	0.01348	A
204	0.04268	0.04322	A
205	0.05457	0.05521	A
206	0.01463	0.01517	T
207	0.02487	0.02497	T
208	0.01511	0.01715	G
209	0.06946	0.07031	C
210	0.04178	0.04215	C
211	0.04898	0.04979	C
212	0.00748	0.00961	T
213	0.0367	0.0368	C
214	0.03962	0.04397	C
215	0.00668	0.00669	T
216	0.00791	0.00797	T
217	0.01026	0.01033	T
218	0.01666	0.01701	T
219	0.04666	0.05128	A
220	0.05304	0.05319	C
221	0.03653	0.03676	C
222	0.03371	0.03384	C
223	0.02316	0.02354	C
224	0.01583	0.01861	T
225	0.03847	0.03989	A
226	0.04545	0.04557	C
227	0.03605	0.03642	C
228	0.02823	0.03943	A
229	0.01132	0.01272	T
230	0.0102	0.01277	G
231	0.05291	0.05614	A
232	0.01254	0.01397	G
233	0.0286	0.029	C
234	0.0252	0.02525	C
235	0.02039	0.02066	C
236	0.0134	0.01468	T
237	0.02811	0.02896	A
238	0.04834	0.05057	C
239	0.03707	0.03864	A
240	0.02962	0.02972	A
241	0.02823	0.02872	A
242	0.04873	0.05432	C
243	0.02607	0.02611	A
244	0.03652	0.03701	A
245	0.04904	0.05507	C
246	0.0145	0.01755	T
247	0.03526	0.03601	A
248	0.04038	0.04114	A
249	0.06098	0.06156	C
250	0.03127	0.03374	C
251	0.02049	0.02145	T
252	0.01572	0.01671	G
253	0.03814	0.03824	C
254	0.02541	0.02598	C
255	0.02112	0.02816	A
256	0.03694	0.03827	C
257	0.01199	0.01516	T
258	0.03588	0.03623	A
259	0.03995	0.04081	A
260	0.01492	0.01624	T
261	0.03917	0.04004	A
262	0.01919	0.02076	G
263	0.01146	0.01192	T
264	0.0122	0.01308	T
265	0.03412	0.04487	A
266	0.01666	0.01742	T
267	0.01228	0.01293	G
268	0.01048	0.01145	T
269	0.03757	0.03959	C
270	0.03462	0.03807	A
271	0.01843	0.02124	T
272	0.03425	0.03488	C
273	0.02662	0.0273	C
274	0.0293	0.02992	C
275	0.00867	0.00941	T
276	0.0456	0.0472	C
277	0.00853	0.00853	T
278	0.00854	0.00926	T
279	0.01717	0.03928	A
280	0.01169	0.0117	T
281	0.01073	0.01097	T
282	0.0276	0.02847	A
283	0.03892	0.03951	A
284	0.00643	0.0077	T
285	0.03775	0.03996	C
286	0.03275	0.03533	A
287	0.01194	0.01521	T
288	0.02926	0.03221	C
289	0.02757	0.03072	A
290	0.00746	0.00976	T
291	0.03295	0.03358	C
292	0.01588	0.01665	C
293	0.01599	0.01698	T
294	0.03816	0.0458	A
295	0.00841	0.00925	G
296	0.02418	0.02424	C
297	0.01229	0.01244	C
298	0.02249	0.02269	C
299	0.01479	0.01992	T
300	0.03486	0.03508	A
301	0.0412	0.04213	A
302	0.02699	0.02784	G
303	0.01339	0.01396	T
304	0.03633	0.03686	C
305	0.01632	0.02447	T
306	0.00743	0.0076	G
307	0.00588	0.00591	G
308	0.01919	0.0192	C
309	0.02902	0.02945	C
310	0.0147	0.01593	T
311	0.03027	0.03096	A
312	0.01246	0.01418	T
313	0.00735	0.00875	G
314	0.03455	0.0351	A
315	0.01764	0.01801	G
316	0.00915	0.00999	T
317	0.00649	0.00689	G
318	0.02608	0.02687	A
319	0.03435	0.03489	C
320	0.0089	0.00978	T
321	0.0213	0.02175	A
322	0.0452	0.04813	C
323	0.00399	0.00429	A
324	0.01155	0.0116	A
325	0.01941	0.01943	A
326	0.02689	0.02689	A
327	0.02354	0.02354	A
328	0.00497	0.00523	G
329	0.00421	0.00424	G
330	0.01815	0.02499	A
331	0.01369	0.01373	T
332	0.01131	0.01149	T
333	0.0284	0.03538	A
334	0.01079	0.01112	G
335	0.02085	0.021	A
336	0.02959	0.02983	C
337	0.01906	0.01971	T
338	0.02325	0.02536	G
339	0.01647	0.01649	A
340	0.01386	0.01388	A
341	0.0238	0.0238	C
342	0.01373	0.01377	C
343	0.0189	0.0194	G
344	0.00432	0.00432	A
345	0.00353	0.00353	A
346	0.00084	0.00084	T
347	0.0	0.0	A
348	0.0	0.0	A
