Position	Mismatches	Mismatches + Deletions	Base
1	0.0	0.0	C
2	0.0	0.0	T
3	0.0	0.0	G
4	0.03396	0.03396	A
5	0.00675	0.00675	T
6	0.01103	0.01275	G
7	0.00646	0.0075	T
8	0.00726	0.00737	T
9	0.04331	0.04748	C
10	0.0109	0.01157	G
11	0.04309	0.04768	C
12	0.0363	0.03706	C
13	0.00883	0.0119	G
14	0.04528	0.04642	A
15	0.0796	0.07966	C
16	0.04224	0.04271	C
17	0.01272	0.01386	G
18	0.0124	0.01256	T
19	0.01117	0.01124	T
20	0.00812	0.00865	G
21	0.04738	0.04792	A
22	0.05842	0.05928	C
23	0.01205	0.01223	T
24	0.05123	0.05433	A
25	0.0077	0.00774	T
26	0.00773	0.00794	T
27	0.04863	0.05615	C
28	0.01017	0.01034	T
29	0.04516	0.04627	C
30	0.01089	0.01129	T
31	0.03678	0.03793	A
32	0.06323	0.06561	C
33	0.03144	0.03171	A
34	0.03648	0.03656	A
35	0.03715	0.03779	A
36	0.03876	0.04012	C
37	0.03033	0.03107	C
38	0.01747	0.02312	A
39	0.05103	0.05434	C
40	0.0411	0.04126	A
41	0.04336	0.0434	A
42	0.04704	0.04856	A
43	0.00976	0.01048	G
44	0.036	0.03654	A
45	0.05527	0.05593	C
46	0.05125	0.05175	A
47	0.01086	0.01121	T
48	0.00977	0.00984	T
49	0.00876	0.00889	G
50	0.00958	0.00998	G
51	0.03963	0.03987	A
52	0.04309	0.04344	A
53	0.06094	0.06329	C
54	0.04551	0.04619	A
55	0.06851	0.07085	C
56	0.01078	0.0114	T
57	0.04353	0.05544	A
58	0.01074	0.01269	T
59	0.05005	0.05194	A
60	0.07474	0.07606	C
61	0.04451	0.04702	C
62	0.00677	0.00736	T
63	0.05816	0.06213	A
64	0.00916	0.00919	T
65	0.00961	0.01017	T
66	0.05094	0.0978	A
67	0.00863	0.00863	T
68	0.00792	0.0081	T
69	0.04635	0.052	C
70	0.00861	0.00874	G
71	0.009	0.0091	G
72	0.0373	0.03824	C
73	0.01085	0.0119	G
74	0.05889	0.0611	C
75	0.04607	0.04729	A
76	0.00647	0.00706	T
77	0.00598	0.00701	G
78	0.04131	0.04279	A
79	0.00795	0.00808	G
80	0.03709	0.03786	C
81	0.00405	0.00516	T
82	0.00575	0.0058	G
83	0.00585	0.00617	G
84	0.05339	0.07051	A
85	0.0108	0.01098	G
86	0.00881	0.00985	T
87	0.03624	0.03634	C
88	0.01791	0.01796	C
89	0.00725	0.00771	T
90	0.06712	0.07141	A
91	0.00648	0.00657	G
92	0.00719	0.00724	G
93	0.01469	0.01607	C
94	0.0604	0.06768	A
95	0.02427	0.02542	C
96	0.0251	0.02967	A
97	0.0061	0.00636	G
98	0.00891	0.00908	C
99	0.00387	0.00404	T
100	0.0063	0.00663	C
101	0.00793	0.01049	T
102	0.03718	0.03829	A
103	0.08366	0.08504	A
104	0.00551	0.00622	G
105	0.06171	0.06204	C
106	0.01078	0.01095	C
107	0.00352	0.00482	T
108	0.03244	0.03246	C
109	0.05801	0.05968	C
110	0.0088	0.00886	T
111	0.01148	0.01179	T
112	0.03674	0.10271	A
113	0.01033	0.01033	T
114	0.01052	0.01073	T
115	0.10876	0.11901	C
116	0.0072	0.00871	G
117	0.05549	0.05823	A
118	0.00789	0.00808	G
119	0.02809	0.02836	C
120	0.05438	0.05474	C
121	0.00797	0.00948	G
122	0.04278	0.04564	A
123	0.00738	0.00745	G
124	0.02375	0.02458	C
125	0.00625	0.00707	T
126	0.0061	0.00626	G
127	0.00716	0.00738	G
128	0.0091	0.00913	G
129	0.01986	0.02006	C
130	0.02166	0.02214	C
131	0.05238	0.07887	A
132	0.0097	0.01005	G
133	0.0658	0.06597	C
134	0.05244	0.05289	C
135	0.03496	0.05818	A
136	0.00571	0.00576	G
137	0.00732	0.00739	G
138	0.04623	0.04769	C
139	0.07443	0.0751	A
140	0.05587	0.05635	A
141	0.06661	0.06677	C
142	0.0493	0.04957	C
143	0.00701	0.0071	T
144	0.00976	0.00992	T
145	0.07462	0.08849	C
146	0.0109	0.01113	T
147	0.06095	0.06479	A
148	0.00747	0.00759	G
149	0.00691	0.00714	G
150	0.0044	0.00484	T
151	0.03632	0.03646	A
152	0.04074	0.04134	A
153	0.04662	0.0479	C
154	0.01011	0.01108	G
155	0.06669	0.06857	A
156	0.06038	0.06064	C
157	0.04612	0.04707	C
158	0.03336	0.04103	A
159	0.07996	0.08259	C
160	0.04421	0.04921	A
161	0.00919	0.01015	T
162	0.06553	0.06661	C
163	0.00942	0.01034	T
164	0.05486	0.05796	A
165	0.08414	0.08896	C
166	0.04914	0.04918	A
167	0.0588	0.05982	A
168	0.05061	0.0522	C
169	0.00928	0.00981	G
170	0.00444	0.00456	T
171	0.00561	0.00574	T
172	0.02562	0.04217	A
173	0.00548	0.00634	T
174	0.0484	0.05002	C
175	0.00976	0.01044	G
176	0.0065	0.00797	T
177	0.05933	0.06035	C
178	0.05662	0.0649	A
179	0.04769	0.0521	C
180	0.04566	0.05632	A
181	0.00931	0.01029	G
182	0.0169	0.01706	C
183	0.01703	0.01711	C
184	0.01897	0.01924	C
185	0.0221	0.03246	A
186	0.00638	0.00677	T
187	0.00519	0.00583	G
188	0.03054	0.03131	C
189	0.05096	0.05228	A
190	0.00572	0.00582	T
191	0.00731	0.00739	T
192	0.00762	0.00774	T
193	0.00843	0.01028	G
194	0.0073	0.00802	T
195	0.05261	0.05452	A
196	0.04257	0.04415	A
197	0.00719	0.00792	T
198	0.04823	0.04901	A
199	0.04412	0.05399	A
200	0.00596	0.00636	T
201	0.10217	0.10972	C
202	0.00726	0.00729	T
203	0.00566	0.00584	T
204	0.06521	0.08897	C
205	0.0071	0.00711	T
206	0.00731	0.00773	T
207	0.07107	0.07579	C
208	0.06033	0.0625	A
209	0.00809	0.00857	T
210	0.05827	0.06013	A
211	0.00813	0.00962	G
212	0.00653	0.00724	T
213	0.0603	0.06077	A
214	0.04506	0.04934	A
215	0.01547	0.0177	T
216	0.0552	0.05771	A
217	0.06817	0.07357	C
218	0.04343	0.04405	C
219	0.03217	0.03258	C
220	0.03797	0.04512	A
221	0.00852	0.0117	T
222	0.05289	0.05505	C
223	0.04497	0.05023	A
224	0.00598	0.0067	T
225	0.04862	0.04875	A
226	0.04335	0.04989	A
227	0.0044	0.00544	T
228	0.02985	0.03238	C
229	0.00805	0.00832	G
230	0.00496	0.00534	G
231	0.03368	0.04351	A
232	0.00561	0.00561	G
233	0.00448	0.00451	G
234	0.02452	0.02515	C
235	0.00373	0.00374	T
236	0.0068	0.00684	T
237	0.00722	0.00722	T
238	0.00525	0.00532	G
239	0.00532	0.00537	G
240	0.08238	0.08359	C
241	0.039	0.03938	A
242	0.03525	0.0354	A
243	0.03577	0.03678	C
244	0.00548	0.00573	T
245	0.0083	0.01083	G
246	0.05811	0.05879	A
247	0.08499	0.08687	C
248	0.00897	0.00912	T
249	0.05372	0.05722	A
250	0.01021	0.01115	G
251	0.00581	0.00589	T
252	0.00619	0.00626	T
253	0.03501	0.03506	C
254	0.03174	0.0318	C
255	0.0329	0.03301	C
256	0.02669	0.02679	C
257	0.00621	0.00771	T
258	0.05725	0.05903	A
259	0.05741	0.05846	A
260	0.00842	0.00931	T
261	0.05705	0.05709	A
262	0.04993	0.05829	A
263	0.00638	0.00699	T
264	0.04998	0.05357	C
265	0.00721	0.00731	G
266	0.0079	0.00809	G
267	0.01314	0.01357	T
268	0.00846	0.00989	G
269	0.02327	0.02394	C
270	0.01548	0.01554	C
271	0.02697	0.02701	C
272	0.00898	0.00898	C
273	0.00897	0.00897	C
274	0.00603	0.00716	G
275	0.02385	0.02437	A
276	0.00342	0.00347	T
277	0.05159	0.053	A
278	0.00824	0.00852	T
279	0.00582	0.00594	G
280	0.00554	0.00558	G
281	0.0636	0.06396	C
282	0.01172	0.0123	G
283	0.00432	0.00448	T
284	0.0095	0.00954	T
285	0.01195	0.01204	T
286	0.06121	0.06148	C
287	0.05807	0.05818	C
288	0.04891	0.04901	C
289	0.04183	0.04191	C
290	0.00733	0.00923	G
291	0.04932	0.05009	C
292	0.03448	0.03701	A
293	0.00915	0.01109	T
294	0.04527	0.04547	A
295	0.03745	0.03776	A
296	0.03791	0.03875	A
297	0.06446	0.07086	C
298	0.03226	0.0324	A
299	0.03416	0.03578	A
300	0.06942	0.07298	C
301	0.05377	0.05782	A
302	0.00765	0.01009	T
303	0.05321	0.05324	A
304	0.05497	0.05873	A
305	0.00873	0.01042	G
306	0.05657	0.05856	C
307	0.00753	0.00766	T
308	0.00838	0.00869	T
309	0.04946	0.05518	C
310	0.01031	0.01065	T
311	0.00729	0.0108	G
312	0.04905	0.05041	A
313	0.04349	0.04455	C
314	0.00729	0.00755	T
315	0.05516	0.05803	C
316	0.00717	0.0072	T
317	0.00833	0.00868	T
318	0.03796	0.06236	A
319	0.05053	0.05225	C
320	0.03062	0.03183	C
321	0.01012	0.01211	T
322	0.04616	0.04734	C
323	0.0332	0.03332	C
324	0.03327	0.03526	C
325	0.00911	0.01003	T
326	0.0586	0.06156	C
327	0.01353	0.01465	T
328	0.0474	0.05013	C
329	0.00629	0.00751	T
330	0.03239	0.03239	C
331	0.02121	0.02329	C
332	0.00916	0.01027	T
333	0.05696	0.06759	A
334	0.04276	0.04489	C
335	0.00721	0.0082	T
336	0.03254	0.03258	C
337	0.02247	0.02396	C
338	0.00919	0.01105	T
339	0.01079	0.0121	G
340	0.03561	0.03763	C
341	0.0078	0.01002	T
342	0.0645	0.0671	C
343	0.01043	0.01278	G
344	0.03883	0.04179	C
345	0.04731	0.05	A
346	0.00789	0.00903	T
347	0.04764	0.04806	C
348	0.0095	0.01005	T
349	0.00863	0.00913	G
350	0.03731	0.03871	C
351	0.00874	0.00907	T
352	0.05428	0.05529	A
353	0.00971	0.01043	T
354	0.05855	0.06152	A
355	0.00971	0.01033	G
356	0.00753	0.00844	T
357	0.00665	0.00667	G
358	0.00502	0.00515	G
359	0.0236	0.0294	A
360	0.00614	0.00614	G
361	0.00822	0.0083	G
362	0.06526	0.06584	C
363	0.06432	0.06456	C
364	0.00588	0.00609	G
365	0.00361	0.00382	G
366	0.01501	0.01799	A
367	0.00816	0.00881	G
368	0.12807	0.12999	C
369	0.02003	0.02112	A
370	0.00521	0.00522	G
371	0.00795	0.00812	G
372	0.03057	0.03078	A
373	0.05914	0.05957	A
374	0.10508	0.10806	C
375	0.05124	0.0518	A
376	0.00591	0.00608	G
377	0.00726	0.00734	G
378	0.0068	0.00693	T
379	0.00685	0.00695	T
380	0.01388	0.01446	G
381	0.06389	0.06428	A
382	0.0637	0.06401	A
383	0.12215	0.12442	C
384	0.06725	0.06824	A
385	0.0067	0.00708	G
386	0.00501	0.0052	T
387	0.02429	0.02489	C
388	0.0063	0.00698	T
389	0.03411	0.03741	A
390	0.03851	0.03874	C
391	0.07847	0.07952	C
392	0.04465	0.04611	C
393	0.00688	0.00921	T
394	0.01578	0.0158	C
395	0.01839	0.0184	C
396	0.03842	0.0392	C
397	0.00508	0.00518	T
398	0.00961	0.00968	T
399	0.06285	0.09921	A
400	0.01581	0.01742	G
401	0.09125	0.09396	C
402	0.04114	0.04298	A
403	0.0038	0.00381	G
404	0.00343	0.00353	G
405	0.00393	0.00402	G
406	0.02928	0.02942	A
407	0.06363	0.06385	A
408	0.09064	0.09376	C
409	0.00936	0.00998	T
410	0.08993	0.0976	A
411	0.04482	0.04774	C
412	0.00719	0.00818	T
413	0.02272	0.02274	C
414	0.01885	0.01885	C
415	0.05592	0.05681	C
416	0.04194	0.06077	A
417	0.07082	0.07083	C
418	0.05621	0.05622	C
419	0.04686	0.05121	C
420	0.00842	0.01096	T
421	0.00471	0.00484	G
422	0.00444	0.00482	G
423	0.02917	0.03644	A
424	0.00678	0.00686	G
425	0.0999	0.10086	C
426	0.03327	0.03346	C
427	0.00498	0.00651	T
428	0.05427	0.0543	C
429	0.06838	0.06855	C
430	0.00633	0.00781	G
431	0.00372	0.0043	T
432	0.02761	0.02946	A
433	0.00657	0.00675	G
434	0.02376	0.0247	A
435	0.02691	0.02705	C
436	0.01585	0.01618	C
437	0.0097	0.0109	T
438	0.03859	0.0395	A
439	0.0378	0.03831	A
440	0.04579	0.04614	C
441	0.02472	0.02502	C
442	0.05125	0.06187	A
443	0.00751	0.008	T
444	0.06597	0.06661	C
445	0.00785	0.00792	T
446	0.00799	0.00813	T
447	0.04048	0.05232	C
448	0.00636	0.00702	T
449	0.04898	0.04909	C
450	0.03583	0.03759	C
451	0.00779	0.00786	T
452	0.01034	0.01059	T
453	0.03348	0.06272	A
454	0.03289	0.03465	C
455	0.0217	0.02338	A
456	0.02695	0.02707	C
457	0.02498	0.02522	C
458	0.0061	0.00702	T
459	0.06884	0.07295	A
460	0.01315	0.01507	G
461	0.07035	0.07207	C
462	0.05213	0.05456	A
463	0.00597	0.00604	G
464	0.00722	0.00747	G
465	0.00257	0.00276	T
466	0.00676	0.00715	G
467	0.00402	0.00431	T
468	0.07292	0.07329	C
469	0.00534	0.00613	T
470	0.03759	0.03767	C
471	0.02723	0.02838	C
472	0.00514	0.00554	T
473	0.06118	0.06497	C
474	0.00614	0.00658	T
475	0.05099	0.05532	A
476	0.0073	0.0077	T
477	0.09377	0.09547	C
478	0.00882	0.00882	T
479	0.01115	0.0113	T
480	0.04632	0.05692	A
481	0.0123	0.01247	G
482	0.00606	0.00613	G
483	0.00623	0.0063	G
484	0.00663	0.00667	G
485	0.06672	0.06691	C
486	0.03039	0.03089	C
487	0.02618	0.03046	A
488	0.00654	0.00736	T
489	0.05772	0.05911	C
490	0.03424	0.0346	A
491	0.0607	0.0618	A
492	0.00585	0.00596	T
493	0.00844	0.00865	T
494	0.009	0.00932	T
495	0.05397	0.05881	C
496	0.04538	0.04766	A
497	0.01158	0.0133	T
498	0.05349	0.05798	C
499	0.03246	0.03366	A
500	0.06314	0.07492	C
501	0.02945	0.02992	A
502	0.03194	0.0325	A
503	0.07564	0.0816	C
504	0.02858	0.02875	A
505	0.03835	0.0395	A
506	0.00987	0.01043	T
507	0.01008	0.01054	T
508	0.03021	0.05035	A
509	0.00972	0.01116	T
510	0.07092	0.07394	C
511	0.04542	0.04914	A
512	0.03787	0.04102	A
513	0.00849	0.00933	T
514	0.04735	0.05079	A
515	0.00907	0.01132	T
516	0.03153	0.03155	A
517	0.02147	0.0215	A
518	0.03567	0.03571	A
519	0.05099	0.05138	A
520	0.04011	0.043	C
521	0.02395	0.02413	C
522	0.02088	0.02094	C
523	0.02462	0.02465	C
524	0.02668	0.02675	C
525	0.01683	0.01812	T
526	0.0084	0.009	G
527	0.03853	0.03858	C
528	0.03625	0.03646	C
529	0.02562	0.04799	A
530	0.00959	0.01331	T
531	0.04192	0.04227	A
532	0.03218	0.03599	A
533	0.05062	0.05145	C
534	0.03619	0.03641	C
535	0.03888	0.03912	C
536	0.03045	0.03159	A
537	0.04633	0.04766	A
538	0.01113	0.01287	T
539	0.05223	0.05358	A
540	0.06918	0.07011	C
541	0.04289	0.04427	C
542	0.01927	0.01983	A
543	0.03948	0.04011	A
544	0.05252	0.05428	A
545	0.08826	0.09966	C
546	0.01091	0.01256	G
547	0.02951	0.02958	C
548	0.02075	0.02081	C
549	0.02997	0.03005	C
550	0.03546	0.03568	C
551	0.0073	0.00816	T
552	0.06905	0.07118	C
553	0.00999	0.01003	T
554	0.01135	0.01187	T
555	0.06775	0.07108	C
556	0.00988	0.01063	G
557	0.00774	0.00829	T
558	0.05134	0.05177	C
559	0.01025	0.01095	T
560	0.00779	0.01331	G
561	0.04714	0.04981	A
562	0.00775	0.00847	T
563	0.0677	0.06855	C
564	0.04695	0.04771	C
565	0.01125	0.01623	G
566	0.01192	0.01321	T
567	0.05263	0.05274	C
568	0.03063	0.03097	C
569	0.01052	0.01193	T
570	0.04334	0.04508	A
571	0.0508	0.05219	A
572	0.00938	0.01108	T
573	0.0598	0.06145	C
574	0.05541	0.06139	A
575	0.04224	0.04508	C
576	0.03358	0.03822	A
577	0.00857	0.00947	G
578	0.02852	0.03023	C
579	0.03077	0.0369	A
580	0.00937	0.00999	G
581	0.00907	0.0104	T
582	0.0571	0.05727	C
583	0.04055	0.04127	C
584	0.00877	0.00934	T
585	0.04448	0.04644	A
586	0.07292	0.07533	C
587	0.01057	0.01072	T
588	0.00848	0.0088	T
589	0.03901	0.05074	C
590	0.00847	0.00939	T
591	0.06289	0.06289	C
592	0.04094	0.04567	C
593	0.00981	0.01077	T
594	0.05467	0.06413	A
595	0.01082	0.01138	T
596	0.06832	0.0706	C
597	0.01226	0.01326	T
598	0.05926	0.06291	C
599	0.01108	0.01274	T
600	0.0733	0.07349	C
601	0.03549	0.0355	C
602	0.02306	0.02349	C
603	0.0234	0.03968	A
604	0.008	0.00842	G
605	0.00759	0.00873	T
606	0.04522	0.04533	C
607	0.03621	0.03655	C
608	0.00872	0.00925	T
609	0.05723	0.06077	A
610	0.00681	0.00722	G
611	0.0413	0.04273	C
612	0.00713	0.0076	T
613	0.00702	0.00788	G
614	0.01741	0.01834	C
615	0.00676	0.00818	T
616	0.00465	0.0047	G
617	0.00696	0.0072	G
618	0.08923	0.09078	C
619	0.04116	0.04186	A
620	0.00915	0.01063	T
621	0.04916	0.05049	C
622	0.04129	0.04168	A
623	0.06818	0.07041	C
624	0.00937	0.01023	T
625	0.0538	0.05732	A
626	0.01064	0.01195	T
627	0.05456	0.05638	A
628	0.06823	0.07384	C
629	0.00894	0.01099	T
630	0.0481	0.05018	A
631	0.06466	0.0718	C
632	0.00922	0.01116	T
633	0.05111	0.05175	A
634	0.04823	0.05026	A
635	0.06256	0.06538	C
636	0.048	0.053	A
637	0.0108	0.01172	G
638	0.03215	0.03297	A
639	0.03614	0.03644	C
640	0.03934	0.03984	C
641	0.01134	0.02022	G
642	0.05666	0.06986	C
643	0.03918	0.04204	A
644	0.04302	0.04338	A
645	0.06733	0.06761	C
646	0.03478	0.03599	C
647	0.00947	0.01165	T
648	0.05777	0.05987	C
649	0.04362	0.0466	A
650	0.04248	0.0432	A
651	0.06427	0.07117	C
652	0.0442	0.04621	A
653	0.06483	0.06505	C
654	0.05715	0.06028	C
655	0.0596	0.07059	A
656	0.02416	0.02417	C
657	0.0177	0.01798	C
658	0.00417	0.00435	T
659	0.00473	0.00493	T
660	0.01587	0.02187	C
661	0.00494	0.00498	T
662	0.00418	0.00444	T
663	0.02188	0.02338	C
664	0.00907	0.01083	G
665	0.07561	0.07834	A
666	0.03267	0.03284	C
667	0.03774	0.03847	C
668	0.03667	0.03684	C
669	0.04391	0.04443	C
670	0.00908	0.01107	G
671	0.0553	0.0553	C
672	0.01386	0.01401	C
673	0.00555	0.00559	G
674	0.00514	0.00534	G
675	0.01998	0.02406	A
676	0.006	0.00601	G
677	0.00576	0.00595	G
678	0.02629	0.0316	A
679	0.00658	0.00659	G
680	0.00677	0.00704	G
681	0.06045	0.09352	A
682	0.01252	0.01476	G
683	0.04982	0.05278	A
684	0.04967	0.0505	C
685	0.04008	0.04015	C
686	0.04086	0.0409	C
687	0.04077	0.04089	C
688	0.04175	0.04606	A
689	0.00812	0.0083	T
690	0.00854	0.00891	T
691	0.05459	0.0634	C
692	0.00996	0.01073	T
693	0.04996	0.0642	A
694	0.01125	0.01347	T
695	0.04737	0.04896	A
696	0.05692	0.05828	C
697	0.03914	0.04024	C
698	0.03963	0.04105	A
699	0.0451	0.04627	A
700	0.07074	0.0796	C
701	0.04268	0.04444	A
702	0.06585	0.06639	C
703	0.03297	0.03483	C
704	0.00672	0.00732	T
705	0.06909	0.07418	A
706	0.00716	0.00718	T
707	0.00714	0.00726	T
708	0.06365	0.07486	C
709	0.01682	0.01708	T
710	0.01705	0.01873	G
711	0.0506	0.05419	A
712	0.00246	0.00249	T
713	0.0027	0.00272	T
714	0.00204	0.00205	T
715	0.00446	0.00447	T
716	0.00429	0.00431	T
717	0.03646	0.041	C
718	0.00985	0.00998	G
719	0.00755	0.00795	G
720	0.01397	0.01926	T
721	0.05592	0.05905	C
722	0.04955	0.05137	A
723	0.09267	0.09291	C
724	0.03898	0.03909	C
725	0.02875	0.02966	C
726	0.00632	0.00795	T
727	0.00626	0.00766	G
728	0.02777	0.02844	A
729	0.03541	0.03585	A
730	0.00861	0.00935	G
731	0.00551	0.0057	T
732	0.00604	0.00607	T
733	0.0071	0.00726	T
734	0.04764	0.05718	A
735	0.00788	0.00841	T
736	0.06424	0.07213	A
737	0.00767	0.0077	T
738	0.0071	0.00727	T
739	0.06731	0.08109	C
740	0.01024	0.01024	T
741	0.00784	0.00802	T
742	0.02	0.05929	A
743	0.00703	0.00759	T
744	0.0532	0.05511	C
745	0.02839	0.02954	C
746	0.00678	0.00787	T
747	0.04857	0.05114	A
748	0.06112	0.06131	C
749	0.03969	0.0405	C
750	0.02664	0.04487	A
751	0.00525	0.00542	G
752	0.00518	0.00521	G
753	0.06696	0.06833	C
754	0.00623	0.00632	T
755	0.00624	0.0063	T
756	0.03927	0.04121	C
757	0.00632	0.00639	G
758	0.00461	0.00475	G
759	0.029	0.02925	A
760	0.03615	0.03641	A
761	0.00609	0.00672	T
762	0.03946	0.03955	A
763	0.04404	0.04843	A
764	0.00905	0.00962	T
765	0.044	0.04905	C
766	0.01128	0.01241	T
767	0.04266	0.04304	C
768	0.03307	0.03313	C
769	0.04655	0.04758	C
770	0.03219	0.04329	A
771	0.00713	0.00761	T
772	0.04576	0.04704	A
773	0.00786	0.00789	T
774	0.00754	0.00775	T
775	0.00795	0.00972	G
776	0.00595	0.00747	T
777	0.04436	0.04513	A
778	0.03634	0.03684	A
779	0.06527	0.06769	C
780	0.00668	0.0069	T
781	0.00644	0.00712	T
782	0.02948	0.04676	A
783	0.0587	0.06155	C
784	0.00652	0.00841	T
785	0.04776	0.05535	A
786	0.05451	0.05899	C
787	0.00692	0.0075	T
788	0.02651	0.0266	C
789	0.02166	0.02205	C
790	0.00535	0.00563	G
791	0.00995	0.01063	G
792	0.00155	0.00194	A
793	0.00116	0.00135	A
794	0.00317	0.00336	A
795	0.02058	0.02061	A
796	0.02042	0.02053	A
797	0.02943	0.02962	A
798	0.02421	0.02425	A
799	0.01241	0.01358	G
800	0.02829	0.02834	A
801	0.04756	0.04792	A
802	0.04073	0.04105	C
803	0.02503	0.02518	C
804	0.04029	0.04211	A
805	0.00446	0.0045	T
806	0.00623	0.00627	T
807	0.00549	0.0055	T
808	0.00685	0.00693	G
809	0.00625	0.00641	G
810	0.01365	0.03389	A
811	0.00481	0.00502	T
812	0.0231	0.02345	A
813	0.04436	0.04511	C
814	0.03036	0.03147	A
815	0.00406	0.00441	T
816	0.02123	0.02163	A
817	0.00514	0.00531	G
818	0.00818	0.00824	G
819	0.00607	0.00631	T
820	0.06428	0.06538	A
821	0.00813	0.00886	T
822	0.00605	0.00617	G
823	0.00599	0.00608	G
824	0.00547	0.00576	T
825	0.03873	0.0394	C
826	0.00854	0.00934	T
827	0.00879	0.01161	G
828	0.0669	0.06786	A
829	0.00829	0.0084	G
830	0.02633	0.02733	C
831	0.00438	0.00465	T
832	0.02825	0.02919	A
833	0.00511	0.00545	T
834	0.00606	0.00695	G
835	0.05954	0.06119	A
836	0.0052	0.00539	T
837	0.03543	0.03606	A
838	0.00549	0.00625	T
839	0.0407	0.04217	C
840	0.03556	0.03577	A
841	0.04756	0.05034	A
842	0.00669	0.00673	T
843	0.00812	0.00823	T
844	0.00778	0.00789	G
845	0.0054	0.00549	G
846	0.06236	0.06418	C
847	0.00591	0.00599	T
848	0.00452	0.0046	T
849	0.03655	0.03682	C
850	0.02929	0.02991	C
851	0.00801	0.00865	T
852	0.06628	0.07202	A
853	0.00564	0.0057	G
854	0.00543	0.00548	G
855	0.00868	0.00877	G
856	0.00514	0.00523	T
857	0.00673	0.00679	T
858	0.00778	0.00796	T
859	0.06129	0.06804	A
860	0.00715	0.00772	T
861	0.06191	0.06346	C
862	0.00988	0.01046	G
863	0.00535	0.00583	T
864	0.01108	0.01164	G
865	0.01237	0.01472	T
866	0.00722	0.00796	G
867	0.04574	0.04874	A
868	0.01108	0.01158	G
869	0.04309	0.04649	C
870	0.03598	0.04233	A
871	0.03459	0.03699	C
872	0.03376	0.03488	A
873	0.04376	0.04389	C
874	0.04327	0.04456	C
875	0.02921	0.03666	A
876	0.00788	0.00854	T
877	0.03999	0.04188	A
878	0.00766	0.00799	T
879	0.04362	0.04499	A
880	0.00717	0.00719	T
881	0.00809	0.00811	T
882	0.00643	0.00649	T
883	0.04281	0.05082	A
884	0.06829	0.06898	C
885	0.05196	0.05275	A
886	0.00991	0.01042	G
887	0.00726	0.00775	T
888	0.04475	0.046	A
889	0.00608	0.00618	G
890	0.00541	0.00556	G
891	0.0334	0.0336	A
892	0.04512	0.04563	A
893	0.00749	0.00887	T
894	0.04769	0.04893	A
895	0.00658	0.007	G
896	0.03492	0.03557	A
897	0.06334	0.06446	C
898	0.00909	0.00949	G
899	0.00652	0.00761	T
900	0.04581	0.0472	A
901	0.00745	0.00808	G
902	0.05813	0.06027	A
903	0.04361	0.0467	C
904	0.0323	0.03351	A
905	0.03876	0.04273	C
906	0.03354	0.03494	A
907	0.05197	0.0542	C
908	0.0075	0.00818	G
909	0.03506	0.03595	A
910	0.00914	0.00978	G
911	0.05645	0.05758	C
912	0.04602	0.04683	A
913	0.00911	0.00952	T
914	0.06432	0.06621	A
915	0.0059	0.00595	T
916	0.00789	0.00791	T
917	0.00771	0.00776	T
918	0.05702	0.05999	C
919	0.0468	0.04792	A
920	0.07001	0.07028	C
921	0.03073	0.03147	C
922	0.01065	0.01213	T
923	0.03854	0.03855	C
924	0.04131	0.04222	C
925	0.00909	0.01139	G
926	0.03773	0.04238	C
927	0.00938	0.01008	T
928	0.03871	0.03976	A
929	0.0533	0.0534	C
930	0.04024	0.04112	C
931	0.02887	0.04396	A
932	0.00727	0.00965	T
933	0.04353	0.04358	A
934	0.04784	0.0533	A
935	0.0086	0.00999	T
936	0.05039	0.05268	C
937	0.04301	0.04714	A
938	0.01101	0.01169	T
939	0.05484	0.05689	C
940	0.00826	0.00863	G
941	0.02821	0.02934	C
942	0.00584	0.00634	T
943	0.05628	0.06178	A
944	0.01205	0.01369	T
945	0.02819	0.02921	C
946	0.0188	0.01904	C
947	0.03248	0.03259	C
948	0.04004	0.04049	C
949	0.03636	0.04222	A
950	0.06468	0.0647	C
951	0.03861	0.03907	C
952	0.00517	0.00564	G
953	0.00555	0.00556	G
954	0.01929	0.01947	C
955	0.00978	0.01005	G
956	0.00857	0.01057	T
957	0.04016	0.04145	C
958	0.04357	0.04394	A
959	0.04896	0.04912	A
960	0.04666	0.04686	A
961	0.01343	0.01464	G
962	0.00876	0.00977	T
963	0.05498	0.05652	A
964	0.00997	0.01002	T
965	0.01077	0.0108	T
966	0.00896	0.00914	T
967	0.06726	0.08502	A
968	0.0112	0.01148	G
969	0.04358	0.04463	C
970	0.00677	0.00707	T
971	0.00742	0.0089	G
972	0.05429	0.05603	A
973	0.04925	0.05044	C
974	0.01335	0.01427	T
975	0.04558	0.04718	C
976	0.00965	0.01049	G
977	0.01318	0.0132	C
978	0.01432	0.01458	C
979	0.03328	0.06452	A
980	0.06704	0.0721	C
981	0.04529	0.0514	A
982	0.05426	0.0586	C
983	0.01139	0.01297	T
984	0.05011	0.05011	C
985	0.04077	0.04176	C
986	0.03533	0.04498	A
987	0.07852	0.08075	C
988	0.00701	0.00783	G
989	0.00617	0.00647	G
990	0.02669	0.02702	A
991	0.03298	0.0331	A
992	0.00838	0.00984	G
993	0.03722	0.03881	C
994	0.05104	0.05131	A
995	0.04835	0.04884	A
996	0.01073	0.01179	T
997	0.05168	0.05232	A
998	0.0095	0.00995	T
999	0.00907	0.01036	G
1000	0.02482	0.02501	A
1001	0.06527	0.06623	A
1002	0.05052	0.05275	A
1003	0.00799	0.00913	T
1004	0.0082	0.01174	G
1005	0.05387	0.05677	A
1006	0.00783	0.0084	T
1007	0.07624	0.07803	C
1008	0.00829	0.00887	T
1009	0.00779	0.00943	G
1010	0.03493	0.03658	C
1011	0.00645	0.00721	T
1012	0.00971	0.01074	G
1013	0.05376	0.056	C
1014	0.04358	0.04934	A
1015	0.01083	0.01112	G
1016	0.00653	0.00723	T
1017	0.00705	0.00742	G
1018	0.03069	0.03164	C
1019	0.00881	0.00922	T
1020	0.06007	0.06101	C
1021	0.01089	0.01168	T
1022	0.00808	0.01196	G
1023	0.0582	0.0628	A
1024	0.0102	0.01096	G
1025	0.02233	0.02275	C
1026	0.03352	0.03364	C
1027	0.03375	0.03409	C
1028	0.00841	0.00906	T
1029	0.05424	0.05608	A
1030	0.0068	0.00704	G
1031	0.00632	0.00651	G
1032	0.04888	0.0562	A
1033	0.00863	0.00881	T
1034	0.00995	0.01016	T
1035	0.07199	0.07692	C
1036	0.06186	0.06724	A
1037	0.00837	0.0088	T
1038	0.0695	0.07332	C
1039	0.00571	0.00585	T
1040	0.00775	0.00778	T
1041	0.00621	0.00645	T
1042	0.09613	0.11184	C
1043	0.00553	0.00553	T
1044	0.0053	0.0053	T
1045	0.00683	0.00683	T
1046	0.00973	0.00979	T
1047	0.05858	0.07247	C
1048	0.05141	0.05231	A
1049	0.05928	0.05931	C
1050	0.03517	0.03551	C
1051	0.01017	0.01521	G
1052	0.00804	0.009	T
1053	0.04358	0.04435	A
1054	0.0082	0.0084	G
1055	0.00966	0.00994	G
1056	0.0079	0.00835	T
1057	0.00809	0.00809	G
1058	0.00486	0.00494	G
1059	0.02053	0.0207	C
1060	0.01822	0.01886	C
1061	0.00564	0.00719	T
1062	0.00797	0.00984	G
1063	0.06098	0.06269	A
1064	0.08959	0.09132	C
1065	0.01158	0.01297	T
1066	0.00673	0.00678	G
1067	0.00501	0.00514	G
1068	0.01474	0.01499	C
1069	0.03802	0.03881	A
1070	0.00714	0.00716	T
1071	0.00701	0.00732	T
1072	0.01038	0.01175	G
1073	0.00707	0.00744	T
1074	0.05623	0.05931	A
1075	0.01124	0.0113	T
1076	0.01344	0.01385	T
1077	0.03731	0.05229	A
1078	0.01107	0.01195	G
1079	0.03591	0.03974	C
1080	0.03198	0.03229	A
1081	0.0439	0.04448	A
1082	0.04677	0.04714	A
1083	0.06196	0.06784	C
1084	0.00852	0.00964	T
1085	0.0406	0.04212	C
1086	0.03081	0.03474	A
1087	0.00951	0.01195	T
1088	0.0497	0.05247	C
1089	0.04681	0.04807	A
1090	0.06404	0.06963	C
1091	0.0095	0.01016	T
1092	0.0543	0.05821	A
1093	0.00916	0.00952	G
1094	0.03547	0.03625	A
1095	0.03094	0.03217	C
1096	0.03097	0.03165	A
1097	0.00658	0.00711	T
1098	0.02677	0.02704	C
1099	0.00888	0.00917	G
1100	0.00399	0.00442	T
1101	0.03227	0.03295	A
1102	0.0381	0.03906	C
1103	0.00621	0.00717	T
1104	0.023	0.02461	A
1105	0.02014	0.02114	C
1106	0.03818	0.04074	A
1107	0.05231	0.05401	C
1108	0.01073	0.0124	G
1109	0.04496	0.04648	A
1110	0.06427	0.06698	C
1111	0.03344	0.03441	A
1112	0.06088	0.06242	C
1113	0.00856	0.00907	G
1114	0.00507	0.0056	T
1115	0.03222	0.03281	A
1116	0.04476	0.04581	C
1117	0.00547	0.0059	T
1118	0.0226	0.02323	A
1119	0.02612	0.02656	C
1120	0.00893	0.00951	G
1121	0.00625	0.00638	T
1122	0.00584	0.00596	T
1123	0.00924	0.01011	G
1124	0.00473	0.00514	T
1125	0.04111	0.04245	A
1126	0.00838	0.0087	G
1127	0.03882	0.03935	C
1128	0.78397	0.78446	C
1129	0.04445	0.04542	C
1130	0.03413	0.03596	A
1131	0.05808	0.06005	C
1132	0.00814	0.00929	T
1133	0.01016	0.01025	T
1134	0.04488	0.04501	C
1135	0.03673	0.03739	C
1136	0.02746	0.04247	A
1137	0.05603	0.0581	C
1138	0.00763	0.00812	T
1139	0.0439	0.04679	A
1140	0.01028	0.0106	T
1141	0.0085	0.00999	G
1142	0.00583	0.00635	T
1143	0.02871	0.02887	C
1144	0.02189	0.02216	C
1145	0.00629	0.00682	T
1146	0.03967	0.0409	A
1147	0.00831	0.00959	T
1148	0.06975	0.07098	C
1149	0.05232	0.05338	A
1150	0.05492	0.06005	A
1151	0.00749	0.00808	T
1152	0.02739	0.02922	A
1153	0.00481	0.00504	G
1154	0.00459	0.00472	G
1155	0.03317	0.04186	A
1156	0.00906	0.00918	G
1157	0.0515	0.05336	C
1158	0.00635	0.00648	T
1159	0.00946	0.01012	G
1160	0.00542	0.00563	T
1161	0.04735	0.0483	A
1162	0.00743	0.00743	T
1163	0.01072	0.01072	T
1164	0.01122	0.01127	T
1165	0.00679	0.00787	G
1166	0.01494	0.01503	C
1167	0.01031	0.01044	C
1168	0.04979	0.05753	A
1169	0.00698	0.00833	T
1170	0.06767	0.06844	C
1171	0.03373	0.03725	A
1172	0.00474	0.00516	T
1173	0.02762	0.0307	A
1174	0.00642	0.00694	G
1175	0.00546	0.00603	G
1176	0.04047	0.05545	A
1177	0.00594	0.00603	G
1178	0.00745	0.00755	G
1179	0.10458	0.11192	C
1180	0.00527	0.00543	T
1181	0.00412	0.00439	T
1182	0.03334	0.03443	C
1183	0.04695	0.04824	A
1184	0.00788	0.00815	T
1185	0.00937	0.01	T
1186	0.07746	0.08293	C
1187	0.05967	0.06061	A
1188	0.08516	0.08702	C
1189	0.0074	0.00781	T
1190	0.00606	0.00729	G
1191	0.04262	0.04345	A
1192	0.00495	0.005	T
1193	0.00838	0.00852	T
1194	0.00782	0.00786	T
1195	0.02211	0.0223	C
1196	0.01615	0.01616	C
1197	0.01533	0.01538	C
1198	0.01115	0.01127	C
1199	0.00354	0.00377	T
1200	0.02521	0.02721	A
1201	0.00398	0.00404	T
1202	0.00698	0.00716	T
1203	0.06478	0.07274	C
1204	0.0122	0.02301	T
1205	0.06155	0.06583	C
1206	0.05376	0.05865	A
1207	0.00554	0.00563	G
1208	0.00632	0.00645	G
1209	0.01433	0.01529	C
1210	0.00656	0.00737	T
1211	0.03172	0.03525	A
1212	0.0283	0.03028	C
1213	0.0214	0.02354	A
1214	0.032	0.0321	C
1215	0.02307	0.02313	C
1216	0.01676	0.01721	C
1217	0.00619	0.00747	T
1218	0.03681	0.04449	A
1219	0.00973	0.01072	G
1220	0.03903	0.04121	A
1221	0.04637	0.04653	C
1222	0.01487	0.01544	C
1223	0.02353	0.02461	A
1224	0.03814	0.03911	A
1225	0.03996	0.04026	A
1226	0.05557	0.05643	C
1227	0.02693	0.02835	C
1228	0.01093	0.01184	T
1229	0.01838	0.02321	A
1230	0.02476	0.02569	C
1231	0.00824	0.00896	G
1232	0.01969	0.01972	C
1233	0.01939	0.01977	C
1234	0.02501	0.0255	A
1235	0.01951	0.01972	A
1236	0.03849	0.03914	A
1237	0.03672	0.03764	A
1238	0.00954	0.01155	T
1239	0.05137	0.05164	C
1240	0.03735	0.03792	C
1241	0.04526	0.0541	A
1242	0.00696	0.00743	T
1243	0.0082	0.00848	T
1244	0.00883	0.00892	T
1245	0.05799	0.06165	C
1246	0.04382	0.04514	A
1247	0.06354	0.06655	C
1248	0.00959	0.01023	T
1249	0.04518	0.04758	A
1250	0.00874	0.01196	T
1251	0.06064	0.06408	C
1252	0.04914	0.05734	A
1253	0.00773	0.00841	T
1254	0.05088	0.05879	A
1255	0.0073	0.00733	T
1256	0.00845	0.00879	T
1257	0.05545	0.05971	C
1258	0.04974	0.05301	A
1259	0.00834	0.00912	T
1260	0.05357	0.05664	C
1261	0.00677	0.00712	G
1262	0.00516	0.00529	G
1263	0.02206	0.02239	C
1264	0.00861	0.00907	G
1265	0.0044	0.00528	T
1266	0.01406	0.01434	A
1267	0.04249	0.04281	A
1268	0.04396	0.04481	A
1269	0.00721	0.00826	T
1270	0.05609	0.05744	C
1271	0.00882	0.00975	T
1272	0.04612	0.04649	A
1273	0.04391	0.04447	A
1274	0.07826	0.08406	C
1275	0.00486	0.00489	T
1276	0.00645	0.00669	T
1277	0.00702	0.0072	T
1278	0.08033	0.08871	C
1279	0.01017	0.0102	T
1280	0.01182	0.01203	T
1281	0.04257	0.04269	C
1282	0.03017	0.03035	C
1283	0.02892	0.02967	C
1284	0.01719	0.02459	A
1285	0.04313	0.0486	C
1286	0.02803	0.02881	A
1287	0.03078	0.03164	A
1288	0.04694	0.05326	C
1289	0.03249	0.03318	A
1290	0.06097	0.06389	C
1291	0.00539	0.00545	T
1292	0.00772	0.00773	T
1293	0.00751	0.00764	T
1294	0.06276	0.06569	C
1295	0.01175	0.01295	T
1296	0.04458	0.04806	C
1297	0.00992	0.01029	G
1298	0.00752	0.00764	G
1299	0.05049	0.05053	C
1300	0.02583	0.02669	C
1301	0.00955	0.01034	T
1302	0.05808	0.06122	A
1303	0.00857	0.01031	T
1304	0.03447	0.0348	C
1305	0.02218	0.02242	C
1306	0.0053	0.00542	G
1307	0.00591	0.00606	G
1308	0.04034	0.04076	A
1309	0.05216	0.0532	A
1310	0.01704	0.01852	T
1311	0.01109	0.01264	G
1312	0.04199	0.04231	C
1313	0.02242	0.02249	C
1314	0.02247	0.02251	C
1315	0.02098	0.02103	C
1316	0.00849	0.01086	G
1317	0.03504	0.03553	A
1318	0.08409	0.08442	C
1319	0.01596	0.01638	G
1320	0.00897	0.00924	T
1321	0.00896	0.00921	T
1322	0.04517	0.05975	A
1323	0.07659	0.07787	C
1324	0.00759	0.00808	T
1325	0.02231	0.02325	C
1326	0.00635	0.00644	G
1327	0.00472	0.0048	G
1328	0.05735	0.07383	A
1329	0.04716	0.0491	C
1330	0.01195	0.014	T
1331	0.04405	0.04766	A
1332	0.07612	0.07642	C
1333	0.03174	0.03276	C
1334	0.01294	0.01301	C
1335	0.01238	0.01241	C
1336	0.00909	0.01072	G
1337	0.03353	0.03472	A
1338	0.0091	0.00948	T
1339	0.00852	0.00973	G
1340	0.04801	0.04971	C
1341	0.03641	0.03806	A
1342	0.00999	0.01084	T
1343	0.03634	0.0381	A
1344	0.04726	0.04966	C
1345	0.0379	0.0395	A
1346	0.04393	0.0446	C
1347	0.03365	0.03631	C
1348	0.02222	0.02712	A
1349	0.04892	0.05129	C
1350	0.03463	0.03842	A
1351	0.00921	0.01022	T
1352	0.00987	0.01153	G
1353	0.03492	0.03524	A
1354	0.03417	0.03483	A
1355	0.0377	0.03828	A
1356	0.04358	0.04813	C
1357	0.03136	0.032	A
1358	0.00829	0.01023	T
1359	0.02169	0.02185	C
1360	0.01414	0.01467	C
1361	0.00677	0.00731	T
1362	0.02753	0.02876	A
1363	0.00919	0.0104	T
1364	0.03833	0.04087	C
1365	0.03408	0.03671	A
1366	0.00769	0.00819	T
1367	0.04478	0.04627	C
1368	0.012	0.01235	T
1369	0.01061	0.01224	G
1370	0.0059	0.0071	T
1371	0.02747	0.02999	A
1372	0.0071	0.00726	G
1373	0.00556	0.00575	G
1374	0.04437	0.04607	C
1375	0.0075	0.00809	T
1376	0.03376	0.03465	C
1377	0.03494	0.03821	A
1378	0.00734	0.00749	T
1379	0.00647	0.00685	T
1380	0.03674	0.03917	C
1381	0.04263	0.04672	A
1382	0.00576	0.0059	T
1383	0.00848	0.00851	T
1384	0.00676	0.00684	T
1385	0.04033	0.04314	C
1386	0.00787	0.00799	T
1387	0.04257	0.0446	C
1388	0.00968	0.01056	T
1389	0.0318	0.03257	A
1390	0.02981	0.03044	A
1391	0.04008	0.04255	C
1392	0.03346	0.03509	A
1393	0.00819	0.00978	G
1394	0.02948	0.03002	C
1395	0.02867	0.02962	A
1396	0.01058	0.01171	G
1397	0.00622	0.00768	T
1398	0.02365	0.02382	A
1399	0.02419	0.02572	A
1400	0.00651	0.00717	T
1401	0.03934	0.04068	A
1402	0.00867	0.00883	T
1403	0.00673	0.00732	T
1404	0.03664	0.03754	A
1405	0.04133	0.04552	A
1406	0.00824	0.01177	T
1407	0.03916	0.03933	A
1408	0.03506	0.05763	A
1409	0.0039	0.00392	T
1410	0.00291	0.00308	T
1411	0.00435	0.00442	T
1412	0.00467	0.00469	T
1413	0.0617	0.07416	C
1414	0.05373	0.05492	A
1415	0.00877	0.00923	T
1416	0.00658	0.00792	G
1417	0.06055	0.06144	A
1418	0.00466	0.00471	T
1419	0.00647	0.00667	T
1420	0.00557	0.00566	T
1421	0.00808	0.01009	G
1422	0.05151	0.05273	A
1423	0.00718	0.00783	G
1424	0.03411	0.03418	A
1425	0.03481	0.03851	A
1426	0.0075	0.00837	G
1427	0.03575	0.03661	C
1428	0.04703	0.0471	C
1429	0.00388	0.00399	T
1430	0.0039	0.00391	T
1431	0.02763	0.02989	C
1432	0.00705	0.00735	G
1433	0.01738	0.01811	C
1434	0.00321	0.00326	T
1435	0.00772	0.00775	T
1436	0.05184	0.05777	C
1437	0.01096	0.0132	G
1438	0.04309	0.04368	A
1439	0.03971	0.0401	A
1440	0.00568	0.00619	G
1441	0.02396	0.02541	C
1442	0.00803	0.00865	G
1443	0.0267	0.02717	A
1444	0.03322	0.03333	A
1445	0.04343	0.0435	A
1446	0.06072	0.06088	A
1447	0.00776	0.00912	G
1448	0.00476	0.00522	T
1449	0.02471	0.02476	C
1450	0.01957	0.01967	C
1451	0.00686	0.00769	T
1452	0.05915	0.05984	A
1453	0.03505	0.03544	A
1454	0.00598	0.00633	T
1455	0.04085	0.04176	A
1456	0.00868	0.00959	G
1457	0.00621	0.00676	T
1458	0.06092	0.06197	A
1459	0.01085	0.01161	G
1460	0.05223	0.05233	A
1461	0.05089	0.05369	A
1462	0.00993	0.01594	G
1463	0.04699	0.04703	A
1464	0.05324	0.05732	A
1465	0.07111	0.07292	C
1466	0.02645	0.02661	C
1467	0.00494	0.00504	C
1468	0.00309	0.0035	T
1469	0.00746	0.00749	C
1470	0.00754	0.00776	C
1471	0.02215	0.03435	A
1472	0.00793	0.01103	T
1473	0.0349	0.03519	A
1474	0.03846	0.03875	A
1475	0.05147	0.05605	A
1476	0.09677	0.09984	C
1477	0.06776	0.07016	C
1478	0.0038	0.00468	T
1479	0.00444	0.00445	G
1480	0.00349	0.00359	G
1481	0.02193	0.02568	A
1482	0.00876	0.00894	G
1483	0.00751	0.00838	T
1484	0.0076	0.00799	G
1485	0.04627	0.04755	A
1486	0.04138	0.04184	C
1487	0.00532	0.00545	T
1488	0.04097	0.0439	A
1489	0.00579	0.00607	T
1490	0.06625	0.06945	A
1491	0.00908	0.00951	T
1492	0.00644	0.00658	G
1493	0.00642	0.00652	G
1494	0.03149	0.04493	A
1495	0.0431	0.04405	T
1496	0.01543	0.01637	G
1497	0.03831	0.03899	C
1498	0.02475	0.02494	C
1499	0.03442	0.03459	C
1500	0.03209	0.0321	C
1501	0.0355	0.03557	C
1502	0.02858	0.02881	C
1503	0.03625	0.04179	A
1504	0.04297	0.04301	C
1505	0.03111	0.03111	C
1506	0.02025	0.02092	C
1507	0.01829	0.0197	T
1508	0.02861	0.03037	A
1509	0.0409	0.04107	C
1510	0.02597	0.02667	C
1511	0.01287	0.02864	A
1512	0.03821	0.04156	C
1513	0.02298	0.02422	A
1514	0.03826	0.04155	C
1515	0.04453	0.04503	A
1516	0.00745	0.00753	T
1517	0.00604	0.00607	T
1518	0.03343	0.03597	C
1519	0.00892	0.0098	G
1520	0.02914	0.02944	A
1521	0.03266	0.03326	A
1522	0.01248	0.01682	G
1523	0.03019	0.03022	A
1524	0.02494	0.02593	A
1525	0.03057	0.03146	C
1526	0.02097	0.02102	C
1527	0.02501	0.02501	C
1528	0.01044	0.01196	G
1529	0.00469	0.00558	T
1530	0.02501	0.02537	A
1531	0.0064	0.00728	T
1532	0.02013	0.02024	A
1533	0.04276	0.04383	C
1534	0.02551	0.02606	A
1535	0.00848	0.00964	T
1536	0.01913	0.01913	A
1537	0.01367	0.01367	A
1538	0.02465	0.02465	A
1539	0.02066	0.02066	A
1540	0.00434	0.00465	T
1541	0.02492	0.02496	C
1542	0.0061	0.0061	T
1543	0.00085	0.00085	A
1544	0.0	0.0	G
1545	0.0	0.0	A
