Position	Mismatches	Mismatches + Deletions	Base
1	0.0	0.0	A
2	0.0	0.0	T
3	0.0	0.0	G
4	0.01334	0.01334	C
5	0.00972	0.00972	C
6	0.01117	0.01117	C
7	0.01991	0.01991	C
8	0.01871	0.02004	T
9	0.02792	0.02828	C
10	0.01581	0.02038	A
11	0.00968	0.00984	T
12	0.00899	0.00901	T
13	0.00761	0.00773	T
14	0.02733	0.03013	A
15	0.05521	0.05609	C
16	0.02275	0.02309	A
17	0.00959	0.01071	T
18	0.02406	0.02406	A
19	0.03701	0.03701	A
20	0.03118	0.03281	A
21	0.00849	0.00958	T
22	0.05019	0.05128	A
23	0.00964	0.00972	T
24	0.00662	0.00721	T
25	0.02129	0.03653	A
26	0.0047	0.005	T
27	0.02918	0.0306	A
28	0.03595	0.03768	C
29	0.00433	0.00461	T
30	0.03093	0.03218	A
31	0.00747	0.00855	G
32	0.04329	0.04374	C
33	0.0291	0.03057	A
34	0.00559	0.00573	T
35	0.00652	0.0066	T
36	0.00976	0.00983	T
37	0.0527	0.06114	A
38	0.05748	0.05834	C
39	0.02949	0.03004	C
40	0.03946	0.04834	A
41	0.01119	0.01235	T
42	0.05865	0.06022	C
43	0.0139	0.01823	T
44	0.06362	0.06533	C
45	0.05678	0.05854	A
46	0.04519	0.04753	C
47	0.00926	0.00943	T
48	0.00765	0.00797	T
49	0.0285	0.03255	C
50	0.01092	0.01119	T
51	0.03018	0.03249	A
52	0.00391	0.00404	G
53	0.00501	0.00515	G
54	0.03418	0.03433	A
55	0.02445	0.0249	A
56	0.00544	0.00607	T
57	0.03572	0.03611	A
58	0.02822	0.0291	C
59	0.00318	0.00336	T
60	0.01925	0.01998	A
61	0.0054	0.00604	G
62	0.00451	0.00473	T
63	0.02973	0.03126	A
64	0.00565	0.00605	T
65	0.03823	0.04154	A
66	0.01309	0.01348	T
67	0.07258	0.07524	C
68	0.01422	0.01466	G
69	0.04657	0.04827	C
70	0.01339	0.01639	T
71	0.05031	0.05241	C
72	0.0292	0.03434	A
73	0.051	0.05463	C
74	0.03578	0.03701	A
75	0.04401	0.04404	C
76	0.02887	0.03033	C
77	0.00907	0.01227	T
78	0.04449	0.04557	C
79	0.03517	0.04234	A
80	0.00898	0.01049	T
81	0.04655	0.05243	A
82	0.0097	0.0109	T
83	0.04044	0.04134	C
84	0.02143	0.02254	C
85	0.00918	0.01115	T
86	0.03629	0.03646	C
87	0.03247	0.03254	C
88	0.02622	0.02768	C
89	0.00729	0.00823	T
90	0.03309	0.03495	A
91	0.04534	0.04815	C
92	0.00755	0.00809	T
93	0.02569	0.03721	A
94	0.00967	0.01002	T
95	0.01044	0.01115	G
96	0.02	0.02013	C
97	0.01331	0.01353	C
98	0.00758	0.00795	T
99	0.02188	0.0229	A
100	0.00559	0.00611	G
101	0.02925	0.02939	A
102	0.02031	0.02107	A
103	0.00492	0.00498	G
104	0.00561	0.00583	G
105	0.0233	0.02349	A
106	0.03287	0.03331	A
107	0.00946	0.01258	T
108	0.04159	0.04165	A
109	0.03536	0.04016	A
110	0.0089	0.00944	T
111	0.04293	0.04465	A
112	0.0599	0.06659	C
113	0.01078	0.01143	T
114	0.04312	0.05231	A
115	0.01298	0.01373	T
116	0.06002	0.06293	C
117	0.01041	0.01071	G
118	0.03011	0.03048	C
119	0.00725	0.00742	T
120	0.01281	0.01614	G
121	0.0075	0.00751	T
122	0.00847	0.00852	T
123	0.0529	0.05526	C
124	0.05324	0.05507	A
125	0.00949	0.00951	T
126	0.00969	0.01019	T
127	0.02955	0.04849	A
128	0.00934	0.00978	T
129	0.03515	0.0394	A
130	0.0093	0.01013	G
131	0.02871	0.02989	C
132	0.00951	0.01042	T
133	0.04085	0.04339	A
134	0.05281	0.05528	C
135	0.01176	0.0127	T
136	0.03959	0.04185	C
137	0.01042	0.01311	T
138	0.0446	0.04603	C
139	0.03682	0.04143	A
140	0.01325	0.01891	T
141	0.03708	0.03729	A
142	0.02683	0.0305	A
143	0.04464	0.0459	C
144	0.02398	0.02425	C
145	0.02176	0.02212	C
146	0.0128	0.01612	T
147	0.03997	0.04141	C
148	0.03382	0.04054	A
149	0.03253	0.03369	A
150	0.04404	0.05121	C
151	0.02854	0.02989	A
152	0.03143	0.0316	C
153	0.02983	0.02988	C
154	0.0259	0.02691	C
155	0.01972	0.0252	A
156	0.03492	0.03672	C
157	0.012	0.01489	T
158	0.04635	0.04635	C
159	0.03685	0.03689	C
160	0.0365	0.03776	C
161	0.00846	0.00962	T
162	0.03432	0.0357	C
163	0.00955	0.00968	T
164	0.0102	0.01036	T
165	0.02857	0.05234	A
166	0.00626	0.00658	G
167	0.02308	0.02316	C
168	0.02429	0.02444	C
169	0.02579	0.02601	A
170	0.04026	0.04048	A
171	0.00716	0.00781	T
172	0.04955	0.05033	A
173	0.00871	0.00873	T
174	0.00837	0.00846	T
175	0.00821	0.00935	G
176	0.00769	0.00818	T
177	0.00533	0.00548	G
178	0.03607	0.03636	C
179	0.0551	0.05531	C
180	0.00952	0.01016	T
181	0.04203	0.04838	A
182	0.00729	0.0073	T
183	0.00966	0.0099	T
184	0.00826	0.00873	G
185	0.05079	0.05102	C
186	0.03997	0.04036	C
187	0.01596	0.03935	A
188	0.00852	0.00925	T
189	0.06684	0.06793	A
190	0.03161	0.03294	C
191	0.0039	0.0043	T
192	0.02742	0.0296	A
193	0.00702	0.00757	G
194	0.00436	0.00448	T
195	0.06989	0.07039	C
196	0.00978	0.00978	T
197	0.00959	0.00963	T
198	0.01047	0.0105	T
199	0.01074	0.01299	G
200	0.01092	0.01108	C
201	0.01265	0.01273	C
202	0.00688	0.00819	G
203	0.05258	0.0526	C
204	0.03175	0.03201	C
205	0.00612	0.00743	T
206	0.00633	0.00704	G
207	0.01931	0.02035	C
208	0.01633	0.02171	G
209	0.06777	0.07099	A
210	0.07071	0.07101	A
211	0.00926	0.01271	G
212	0.0227	0.0244	C
213	0.03081	0.03257	A
214	0.00563	0.0058	G
215	0.01687	0.01735	C
216	0.00746	0.00747	G
217	0.00886	0.00921	G
218	0.0141	0.01536	T
219	0.00659	0.00659	G
220	0.00576	0.00576	G
221	0.00549	0.00549	G
222	0.01405	0.01413	C
223	0.03371	0.03397	C
224	0.01034	0.01255	T
225	0.05864	0.06901	A
226	0.00735	0.00767	G
227	0.03111	0.03121	C
228	0.01559	0.01575	C
229	0.01371	0.01386	C
230	0.00922	0.01011	T
231	0.03104	0.03202	A
232	0.03267	0.03375	C
233	0.00363	0.00393	T
234	0.02942	0.03169	A
235	0.00691	0.00733	G
236	0.00581	0.00625	T
237	0.04638	0.04698	C
238	0.00926	0.01088	T
239	0.04997	0.05116	C
240	0.03402	0.0359	A
241	0.03866	0.03995	A
242	0.0083	0.00882	T
243	0.04276	0.04366	C
244	0.01089	0.01209	T
245	0.03759	0.03782	C
246	0.0289	0.02969	C
247	0.02802	0.03034	A
248	0.03468	0.03483	A
249	0.03512	0.03814	C
250	0.01932	0.02021	A
251	0.03843	0.04188	C
252	0.0319	0.03337	A
253	0.00552	0.0061	T
254	0.03651	0.03845	A
255	0.00776	0.00828	T
256	0.00648	0.00677	G
257	0.0041	0.00414	G
258	0.02403	0.02406	C
259	0.02421	0.02444	C
260	0.00745	0.0084	T
261	0.02898	0.03069	A
262	0.0076	0.00779	G
263	0.0248	0.02525	A
264	0.0287	0.02941	C
265	0.00627	0.00663	T
266	0.02322	0.02393	A
267	0.04829	0.04921	C
268	0.01353	0.01415	G
269	0.00574	0.00648	T
270	0.01961	0.02034	A
271	0.04499	0.04585	C
272	0.03602	0.03834	A
273	0.00549	0.00881	T
274	0.02813	0.0282	A
275	0.02657	0.02855	A
276	0.03822	0.03918	C
277	0.02071	0.02185	C
278	0.00871	0.01101	T
279	0.00935	0.01013	A
280	0.02672	0.02708	A
281	0.02615	0.02645	A
282	0.03204	0.03259	C
283	0.01781	0.01895	C
284	0.01019	0.0108	T
285	0.0214	0.02559	A
286	0.02465	0.02628	C
287	0.00804	0.00909	T
288	0.02054	0.02061	C
289	0.0143	0.01465	C
290	0.01723	0.01872	A
291	0.02455	0.02481	A
292	0.00777	0.00815	T
293	0.0082	0.00856	G
294	0.0234	0.02429	C
295	0.00586	0.00704	T
296	0.01676	0.01726	A
297	0.01551	0.01564	A
298	0.0222	0.0226	A
299	0.02611	0.02637	A
300	0.02449	0.03213	C
301	0.00689	0.00815	T
302	0.01511	0.01527	A
303	0.02587	0.02632	A
304	0.00705	0.00791	T
305	0.03303	0.03391	C
306	0.01469	0.01601	G
307	0.00985	0.01094	T
308	0.01907	0.01919	C
309	0.01706	0.01726	C
310	0.01723	0.01767	C
311	0.01438	0.01486	A
312	0.01658	0.01672	A
313	0.02865	0.03009	C
314	0.01598	0.01619	A
315	0.02418	0.02458	A
316	0.00654	0.00673	T
317	0.00613	0.00684	T
318	0.01671	0.03006	A
319	0.00683	0.00732	T
320	0.02878	0.03197	A
321	0.00668	0.00673	T
322	0.00583	0.00632	T
323	0.02185	0.03164	A
324	0.0266	0.02863	C
325	0.00702	0.00776	T
326	0.02595	0.02738	A
327	0.02049	0.02082	C
328	0.01565	0.01608	C
329	0.01354	0.01873	A
330	0.02073	0.02134	C
331	0.00676	0.00739	T
332	0.0084	0.00887	G
333	0.02273	0.02327	A
334	0.02311	0.02371	C
335	0.02538	0.02674	A
336	0.00685	0.00739	T
337	0.00808	0.00865	G
338	0.01908	0.01957	A
339	0.02667	0.0277	C
340	0.00675	0.00683	T
341	0.0074	0.00754	T
342	0.00616	0.00628	T
343	0.01931	0.01939	C
344	0.02407	0.02456	C
345	0.00228	0.00289	A
346	0.0064	0.00664	A
347	0.01825	0.01839	A
348	0.01371	0.01388	A
349	0.02108	0.02131	A
350	0.01215	0.01221	A
351	0.03408	0.03892	C
352	0.01625	0.01699	A
353	0.03503	0.03653	C
354	0.02589	0.02674	A
355	0.00934	0.01346	T
356	0.0235	0.02355	A
357	0.03073	0.03452	A
358	0.00691	0.00702	T
359	0.00721	0.00749	T
360	0.0062	0.00627	T
361	0.0111	0.0137	G
362	0.02913	0.02948	A
363	0.03003	0.03014	A
364	0.00811	0.00924	T
365	0.03033	0.03188	C
366	0.02529	0.02566	A
367	0.02225	0.02254	A
368	0.03091	0.03357	C
369	0.02221	0.0239	A
370	0.02431	0.032	C
371	0.01971	0.01972	A
372	0.03246	0.03437	A
373	0.03716	0.03805	C
374	0.0184	0.01936	C
375	0.01696	0.02284	A
376	0.02062	0.02067	C
377	0.01711	0.01719	C
378	0.01728	0.01796	C
379	0.01656	0.02293	A
380	0.02755	0.03039	C
381	0.03687	0.05437	A
382	0.02272	0.02327	G
383	0.02319	0.02323	C
384	0.0165	0.01669	C
385	0.00663	0.00945	T
386	0.0211	0.02145	A
387	0.02819	0.02845	A
388	0.00827	0.00843	T
389	0.00696	0.00795	T
390	0.01769	0.04145	A
391	0.00764	0.00766	T
392	0.0072	0.00744	T
393	0.02873	0.0412	A
394	0.00956	0.0106	G
395	0.03136	0.03257	C
396	0.03077	0.03149	A
397	0.00696	0.00823	T
398	0.03327	0.03676	C
399	0.03097	0.03614	A
400	0.01546	0.01809	T
401	0.03098	0.03209	C
402	0.02404	0.0246	C
403	0.02212	0.02285	C
404	0.00992	0.01072	T
405	0.03344	0.03487	C
406	0.00948	0.01004	T
407	0.02887	0.03047	A
408	0.03415	0.03977	C
409	0.00777	0.00855	T
410	0.00661	0.00809	A
411	0.00268	0.00276	T
412	0.00375	0.0038	T
413	0.00373	0.00376	T
414	0.00621	0.00621	T
415	0.00483	0.00484	T
416	0.00545	0.00566	T
417	0.03127	0.03321	A
418	0.03478	0.03523	A
419	0.0518	0.05271	C
420	0.02956	0.03025	C
421	0.01627	0.01673	A
422	0.03082	0.03149	A
423	0.03243	0.03347	A
424	0.00983	0.0122	T
425	0.04446	0.04673	C
426	0.0289	0.02956	A
427	0.02945	0.02975	A
428	0.04571	0.05077	C
429	0.02751	0.02768	A
430	0.0279	0.02943	A
431	0.04557	0.04997	C
432	0.03113	0.0312	A
433	0.03364	0.03495	A
434	0.04876	0.04919	C
435	0.02842	0.03039	C
436	0.00795	0.00835	T
437	0.04415	0.04667	A
438	0.0083	0.00832	T
439	0.00785	0.00785	T
440	0.0059	0.00607	T
441	0.03858	0.04913	A
442	0.00793	0.00827	G
443	0.03564	0.03615	C
444	0.00801	0.00817	T
445	0.01033	0.01445	G
446	0.00799	0.00805	T
447	0.00979	0.00995	T
448	0.03182	0.03201	C
449	0.02809	0.02818	C
450	0.02278	0.02284	C
451	0.0322	0.03279	C
452	0.02213	0.02452	A
453	0.03391	0.03443	A
454	0.04283	0.04296	C
455	0.03027	0.0305	C
456	0.00602	0.00616	T
457	0.00497	0.005	T
458	0.00872	0.00873	T
459	0.00713	0.00714	T
460	0.03376	0.03412	C
461	0.03018	0.03089	C
462	0.01124	0.01312	T
463	0.03711	0.03732	C
464	0.03321	0.03384	C
465	0.01403	0.01916	G
466	0.06186	0.06598	A
467	0.02332	0.02342	C
468	0.01929	0.01947	C
469	0.01991	0.02019	C
470	0.02143	0.02154	C
471	0.02073	0.02077	C
472	0.00944	0.01092	T
473	0.03108	0.03239	A
474	0.03212	0.03362	A
475	0.04261	0.04538	C
476	0.02579	0.02628	A
477	0.02572	0.03082	A
478	0.02568	0.02603	C
479	0.01631	0.01686	C
480	0.0194	0.01959	C
481	0.02288	0.02294	C
482	0.01882	0.01888	C
483	0.01798	0.01806	C
484	0.00854	0.00982	T
485	0.02184	0.02185	C
486	0.0172	0.0175	C
487	0.01124	0.01295	T
488	0.02704	0.02784	A
489	0.02763	0.02812	A
490	0.01156	0.01238	T
491	0.03921	0.03971	A
492	0.04616	0.0487	C
493	0.01208	0.01437	T
494	0.03688	0.03716	A
495	0.03602	0.03729	A
496	0.04817	0.05311	C
497	0.01166	0.01236	T
498	0.04207	0.04491	A
499	0.05178	0.05239	C
500	0.03033	0.03206	C
501	0.01236	0.01388	T
502	0.01387	0.01597	G
503	0.03832	0.04189	A
504	0.02883	0.02958	C
505	0.01158	0.01316	T
506	0.03318	0.03339	C
507	0.01938	0.02061	C
508	0.03255	0.03513	T
509	0.03068	0.03746	A
510	0.03165	0.03185	C
511	0.02365	0.02451	C
512	0.0163	0.0166	C
513	0.01753	0.01802	C
514	0.01443	0.01612	T
515	0.0279	0.02904	C
516	0.02452	0.02628	A
517	0.04463	0.0468	C
518	0.02727	0.02811	A
519	0.0354	0.03639	A
520	0.01423	0.0167	T
521	0.04804	0.0493	C
522	0.05206	0.05571	A
523	0.0075	0.00866	T
524	0.00575	0.00613	G
525	0.00625	0.00646	G
526	0.01746	0.02031	C
527	0.03509	0.03566	A
528	0.0441	0.04455	A
529	0.01611	0.01749	G
530	0.03242	0.03262	C
531	0.02789	0.02823	C
532	0.02945	0.03034	A
533	0.03871	0.03912	A
534	0.05017	0.0546	C
535	0.00794	0.00834	G
536	0.00916	0.0092	C
537	0.00744	0.00751	C
538	0.01575	0.02354	A
539	0.05358	0.0547	C
540	0.01312	0.01347	T
541	0.00973	0.01036	T
542	0.01445	0.03397	A
543	0.00989	0.01312	T
544	0.039	0.0396	C
545	0.02869	0.02899	C
546	0.02623	0.03916	A
547	0.01226	0.01279	G
548	0.00843	0.00903	T
549	0.01041	0.01176	G
550	0.02604	0.0276	A
551	0.03756	0.03775	A
552	0.04356	0.04402	C
553	0.02439	0.02494	C
554	0.01694	0.02686	A
555	0.0343	0.03576	C
556	0.01351	0.01489	T
557	0.04184	0.04334	A
558	0.01053	0.01156	T
559	0.02533	0.02812	C
560	0.02098	0.0214	A
561	0.03574	0.03734	C
562	0.022	0.02541	G
563	0.00234	0.00305	A
564	0.00165	0.0019	A
565	0.00703	0.00726	A
566	0.02117	0.02129	A
567	0.01309	0.01317	A
568	0.01434	0.01447	A
569	0.01605	0.01607	A
570	0.03473	0.03941	C
571	0.01035	0.01096	T
572	0.02673	0.02779	C
573	0.01738	0.01885	T
574	0.02654	0.02851	A
575	0.0369	0.03787	C
576	0.01905	0.02042	C
577	0.00864	0.00919	T
578	0.02502	0.02639	C
579	0.01103	0.01142	T
580	0.03136	0.03291	C
581	0.01017	0.01068	T
582	0.03255	0.03595	A
583	0.01068	0.01186	T
584	0.03075	0.03233	A
585	0.03691	0.04072	C
586	0.0097	0.01167	T
587	0.02603	0.02642	A
588	0.02954	0.03217	A
589	0.01353	0.01402	T
590	0.02839	0.03052	C
591	0.01402	0.01598	T
592	0.02525	0.02567	C
593	0.02186	0.02194	C
594	0.0201	0.02116	C
595	0.0114	0.01246	T
596	0.02475	0.02604	A
597	0.03986	0.04137	C
598	0.01781	0.01825	A
599	0.02753	0.0278	A
600	0.02641	0.02755	A
601	0.01126	0.01189	T
602	0.02504	0.02579	C
603	0.0089	0.01067	T
604	0.02296	0.023	C
605	0.02075	0.02161	C
606	0.01038	0.01048	T
607	0.00922	0.00959	T
608	0.01534	0.01678	A
609	0.03179	0.03239	A
610	0.00906	0.0093	T
611	0.00751	0.00853	T
612	0.02135	0.03878	A
613	0.00742	0.01054	T
614	0.03526	0.03534	A
615	0.02934	0.03066	A
616	0.04407	0.04632	C
617	0.03559	0.03627	A
618	0.00837	0.00867	T
619	0.01022	0.01084	T
620	0.0341	0.03665	C
621	0.02745	0.03403	A
622	0.02773	0.031	C
623	0.02625	0.03193	A
624	0.0218	0.0228	G
625	0.0186	0.01878	C
626	0.01673	0.01733	C
627	0.01573	0.02361	A
628	0.02915	0.03131	C
629	0.03365	0.03708	A
630	0.01317	0.01503	G
631	0.02179	0.02188	A
632	0.02652	0.02718	A
633	0.03487	0.03641	C
634	0.01066	0.01267	T
635	0.02054	0.02074	A
636	0.028	0.02854	A
637	0.01139	0.01228	T
638	0.04458	0.04732	C
639	0.03084	0.0331	A
640	0.01127	0.01186	T
641	0.01826	0.01978	A
642	0.00746	0.00752	T
643	0.00897	0.00903	T
644	0.00657	0.00657	T
645	0.00931	0.00962	T
646	0.03559	0.05083	A
647	0.01103	0.0118	T
648	0.04456	0.04806	A
649	0.00912	0.00956	T
650	0.05648	0.05906	C
651	0.01078	0.01078	T
652	0.00882	0.00913	T
653	0.04146	0.05936	C
654	0.01235	0.01235	T
655	0.01862	0.01884	T
656	0.04692	0.05253	C
657	0.018	0.02063	G
658	0.02237	0.02361	A
659	0.03297	0.03328	A
660	0.03742	0.03749	A
661	0.04007	0.04063	C
662	0.02877	0.0294	C
663	0.01516	0.02815	A
664	0.03942	0.04088	C
665	0.02174	0.02387	A
666	0.04612	0.04811	C
667	0.01283	0.01325	T
668	0.01038	0.01092	T
669	0.02381	0.04226	A
670	0.0164	0.01925	T
671	0.033	0.03498	C
672	0.02375	0.0243	C
673	0.02263	0.0227	C
674	0.0261	0.02653	C
675	0.02139	0.02547	A
676	0.0469	0.0469	C
677	0.03412	0.0346	C
678	0.0154	0.01574	T
679	0.00928	0.00929	T
680	0.00688	0.00695	G
681	0.00593	0.00599	G
682	0.01708	0.01781	C
683	0.01108	0.01172	T
684	0.0544	0.05507	A
685	0.01319	0.01461	T
686	0.0233	0.02476	C
687	0.02557	0.02803	A
688	0.00921	0.01256	T
689	0.01975	0.02236	C
690	0.04543	0.04833	A
691	0.0592	0.05947	C
692	0.0473	0.0474	C
693	0.04062	0.04086	C
694	0.0141	0.01569	G
695	0.033	0.03443	A
696	0.00994	0.01065	T
697	0.01318	0.01523	G
698	0.03383	0.03528	A
699	0.00783	0.00783	G
700	0.00861	0.00868	G
701	0.03728	0.03881	C
702	0.04156	0.04275	A
703	0.044	0.04457	A
704	0.07037	0.07094	C
705	0.04278	0.04307	C
706	0.02314	0.03473	A
707	0.01099	0.0114	G
708	0.01762	0.01768	C
709	0.01757	0.01787	C
710	0.02782	0.04853	A
711	0.02109	0.02428	G
712	0.05005	0.05074	A
713	0.05103	0.05356	A
714	0.06936	0.07631	C
715	0.00692	0.00711	G
716	0.00888	0.00896	C
717	0.00581	0.00593	C
718	0.00443	0.00534	T
719	0.01017	0.01174	G
720	0.06247	0.06357	A
721	0.05297	0.05342	A
722	0.09592	0.10003	C
723	0.04392	0.04546	G
724	0.01599	0.01816	C
725	0.01227	0.01319	A
726	0.00541	0.00543	G
727	0.00704	0.00713	G
728	0.01256	0.01313	C
729	0.03328	0.03465	A
730	0.07209	0.07356	C
731	0.03402	0.03536	A
732	0.0168	0.01751	T
733	0.0383	0.03881	A
734	0.07188	0.07506	C
735	0.01596	0.01619	T
736	0.00938	0.00943	T
737	0.05143	0.05157	C
738	0.02767	0.02845	C
739	0.01491	0.01548	T
740	0.05154	0.05801	A
741	0.01574	0.01576	T
742	0.0147	0.01499	T
743	0.0524	0.06108	C
744	0.01702	0.0182	T
745	0.05002	0.05678	A
746	0.05446	0.05903	C
747	0.0335	0.0373	A
748	0.05351	0.05359	C
749	0.03975	0.03988	C
750	0.02719	0.02737	C
751	0.01426	0.01502	T
752	0.03451	0.03576	A
753	0.0101	0.01043	G
754	0.00471	0.00527	T
755	0.02066	0.02185	A
756	0.00934	0.00941	G
757	0.00843	0.00862	G
758	0.06873	0.07206	C
759	0.01245	0.01492	T
760	0.04401	0.04418	C
761	0.03639	0.03639	C
762	0.03913	0.04148	C
763	0.01143	0.01172	T
764	0.0144	0.01473	T
765	0.04075	0.04094	C
766	0.0567	0.05707	C
767	0.01521	0.01526	C
768	0.01558	0.01576	C
769	0.00842	0.00913	T
770	0.01731	0.01862	A
771	0.01401	0.01475	C
772	0.00931	0.01081	T
773	0.04977	0.05283	C
774	0.03252	0.03776	A
775	0.01721	0.01837	T
776	0.04864	0.05062	C
777	0.01602	0.01725	G
778	0.03442	0.03521	C
779	0.02416	0.02451	A
780	0.03989	0.04097	C
781	0.01898	0.02323	T
782	0.03239	0.03261	A
783	0.03139	0.03181	A
784	0.01358	0.01365	T
785	0.01072	0.01085	T
786	0.00928	0.00957	T
787	0.03952	0.04496	A
788	0.05237	0.05389	C
789	0.02921	0.02986	A
790	0.03073	0.03192	C
791	0.02163	0.02316	T
792	0.02794	0.02876	C
793	0.02335	0.02471	A
794	0.03556	0.03869	C
795	0.02544	0.02636	A
796	0.02941	0.03082	A
797	0.02999	0.03391	C
798	0.02187	0.02343	A
799	0.02722	0.02742	C
800	0.02454	0.02469	C
801	0.01369	0.01389	C
802	0.01953	0.02051	T
803	0.03697	0.03888	A
804	0.00972	0.00989	G
805	0.01216	0.01236	G
806	0.01488	0.01571	C
807	0.0122	0.01368	T
808	0.01955	0.02058	C
809	0.02617	0.02706	A
810	0.04228	0.04393	C
811	0.01813	0.02287	T
812	0.02581	0.02666	A
813	0.02875	0.02923	A
814	0.03107	0.03156	A
815	0.03748	0.04159	C
816	0.03978	0.04152	A
817	0.01495	0.0151	T
818	0.01664	0.01703	T
819	0.03475	0.039	C
820	0.01896	0.02001	T
821	0.03509	0.03683	A
822	0.03966	0.04211	C
823	0.01733	0.02005	T
824	0.02856	0.03238	A
825	0.03277	0.03578	C
826	0.02005	0.0218	T
827	0.02905	0.03198	C
828	0.02627	0.02705	A
829	0.03517	0.03638	C
830	0.02263	0.02326	T
831	0.0294	0.03071	C
832	0.02273	0.0242	T
833	0.02907	0.03043	C
834	0.02654	0.02794	A
835	0.0363	0.03798	C
836	0.05005	0.05143	T
837	0.01354	0.01457	G
838	0.02274	0.02279	C
839	0.01753	0.0176	C
840	0.01633	0.01647	C
841	0.01805	0.01834	A
842	0.02611	0.02647	A
843	0.009	0.01155	G
844	0.01877	0.01889	A
845	0.02373	0.02403	A
846	0.03342	0.03487	C
847	0.02497	0.02621	T
848	0.03265	0.03324	A
849	0.02332	0.02439	T
850	0.0344	0.03751	C
851	0.02802	0.02849	A
852	0.02807	0.02948	A
853	0.02917	0.02924	A
854	0.02936	0.03355	C
855	0.00929	0.01099	T
856	0.02319	0.02326	C
857	0.01872	0.01918	C
858	0.01167	0.01343	T
859	0.00758	0.00923	G
860	0.01954	0.0202	A
861	0.00951	0.00977	G
862	0.01079	0.01102	C
863	0.01477	0.01493	C
864	0.02363	0.02402	A
865	0.02325	0.02336	A
866	0.04343	0.04593	C
867	0.02292	0.02304	A
868	0.02134	0.02165	A
869	0.03596	0.03909	C
870	0.02439	0.02488	T
871	0.01675	0.01727	T
872	0.02709	0.02803	A
873	0.03905	0.03961	A
874	0.01819	0.01917	T
875	0.03974	0.04159	A
876	0.01567	0.01622	T
877	0.0199	0.02069	G
878	0.03581	0.03655	A
879	0.04821	0.04953	C
880	0.01875	0.01968	T
881	0.02709	0.02807	A
882	0.01052	0.01096	G
883	0.0179	0.0188	C
884	0.01385	0.01413	T
885	0.01496	0.01535	T
886	0.02395	0.03886	A
887	0.05067	0.05318	C
888	0.02794	0.02885	A
889	0.05937	0.06176	C
890	0.03652	0.03675	A
891	0.03528	0.03668	A
892	0.01906	0.02076	T
893	0.026	0.02679	A
894	0.00929	0.00977	G
895	0.0253	0.02644	C
896	0.01106	0.01111	T
897	0.01043	0.01056	T
898	0.01115	0.01119	T
899	0.01383	0.01407	T
900	0.04199	0.05985	A
901	0.017	0.01771	T
902	0.05472	0.05806	A
903	0.01038	0.01159	G
904	0.00605	0.00754	T
905	0.02323	0.02342	A
906	0.02736	0.02746	A
907	0.03114	0.03167	A
908	0.00876	0.00929	G
909	0.04285	0.0474	A
910	0.0137	0.01432	T
911	0.05175	0.05258	A
912	0.07225	0.07339	C
913	0.0442	0.04539	C
914	0.00929	0.00966	T
915	0.02305	0.02334	C
916	0.0062	0.00622	T
917	0.00621	0.00624	T
918	0.00429	0.00437	T
919	0.02323	0.02656	A
920	0.05015	0.05129	C
921	0.01137	0.01152	G
922	0.00851	0.00877	G
923	0.03277	0.03927	A
924	0.03561	0.0363	C
925	0.0133	0.015	T
926	0.03241	0.0325	C
927	0.03685	0.03725	C
928	0.02136	0.03076	A
929	0.0608	0.06375	C
930	0.01477	0.01509	T
931	0.0116	0.01249	T
932	0.0338	0.05701	A
933	0.01358	0.01419	T
934	0.01197	0.01313	G
935	0.04294	0.04455	A
936	0.04289	0.04499	C
937	0.01308	0.01573	T
938	0.04182	0.0423	C
939	0.03881	0.03889	C
940	0.04008	0.04072	C
941	0.01318	0.01643	T
942	0.02342	0.02468	A
943	0.03411	0.03446	A
944	0.06124	0.06205	A
945	0.01145	0.01285	G
946	0.03033	0.03044	C
947	0.02222	0.02224	C
948	0.02334	0.02343	C
949	0.02626	0.03774	A
950	0.01508	0.0155	T
951	0.01371	0.01407	G
952	0.01455	0.01498	T
953	0.02958	0.03013	C
954	0.01202	0.01465	G
955	0.03432	0.03596	A
956	0.06113	0.06296	A
957	0.02091	0.02296	G
958	0.03877	0.03947	C
959	0.01484	0.01502	C
960	0.02412	0.0242	C
961	0.02714	0.02717	C
962	0.0262	0.02623	C
963	0.05266	0.06332	A
964	0.0133	0.01405	T
965	0.04478	0.04589	C
966	0.01581	0.01626	G
967	0.03643	0.0376	C
968	0.00854	0.01037	T
969	0.00604	0.00614	G
970	0.00543	0.00545	G
971	0.01097	0.011	G
972	0.00941	0.00986	T
973	0.03788	0.03827	C
974	0.02826	0.02838	A
975	0.03043	0.0305	A
976	0.01443	0.01484	T
977	0.02958	0.0303	A
978	0.00861	0.00898	G
979	0.00399	0.00418	T
980	0.01535	0.01572	A
981	0.01789	0.01842	C
982	0.00846	0.00849	T
983	0.0144	0.01449	T
984	0.01295	0.01495	G
985	0.04027	0.04047	C
986	0.03096	0.03113	C
987	0.01448	0.01848	G
988	0.04589	0.04661	C
989	0.04921	0.05109	A
990	0.009	0.00921	G
991	0.00373	0.00398	T
992	0.01508	0.01539	A
993	0.01821	0.01867	C
994	0.00808	0.00851	T
995	0.066	0.06759	C
996	0.00974	0.00974	T
997	0.00755	0.00775	T
998	0.84012	0.84044	A
999	0.04483	0.04492	A
1000	0.04311	0.04329	A
1001	0.05232	0.05259	A
1002	0.07405	0.08354	C
1003	0.01176	0.01237	T
1004	0.05018	0.05421	A
1005	0.00856	0.00895	G
1006	0.00798	0.00823	G
1007	0.11697	0.12203	C
1008	0.00516	0.00516	G
1009	0.00633	0.00644	G
1010	0.02173	0.02292	C
1011	0.00698	0.0073	T
1012	0.03301	0.03358	A
1013	0.00617	0.00771	T
1014	0.00721	0.00729	G
1015	0.00805	0.00809	G
1016	0.00797	0.00821	T
1017	0.03358	0.03447	A
1018	0.00841	0.01128	T
1019	0.05423	0.0543	A
1020	0.03804	0.04615	A
1021	0.00878	0.00938	T
1022	0.05142	0.05846	A
1023	0.07529	0.08403	C
1024	0.01176	0.01232	G
1025	0.0238	0.02389	C
1026	0.0124	0.01266	C
1027	0.01354	0.01831	T
1028	0.03406	0.03586	C
1029	0.03421	0.03824	A
1030	0.07035	0.07495	C
1031	0.03377	0.03472	A
1032	0.06008	0.06353	C
1033	0.01324	0.01419	T
1034	0.05184	0.0536	C
1035	0.05113	0.05602	A
1036	0.01481	0.01497	T
1037	0.01251	0.0131	T
1038	0.05176	0.05693	C
1039	0.01587	0.01766	T
1040	0.05722	0.0624	C
1041	0.0294	0.03097	A
1042	0.02981	0.03192	A
1043	0.03536	0.0356	C
1044	0.02191	0.02264	C
1045	0.02177	0.02193	C
1046	0.02519	0.02523	C
1047	0.02604	0.02608	C
1048	0.0182	0.0205	T
1049	0.01639	0.01744	G
1050	0.02798	0.02891	A
1051	0.04654	0.04998	C
1052	0.03033	0.03067	A
1053	0.02027	0.02045	A
1054	0.03131	0.03137	A
1055	0.02145	0.02156	A
1056	0.04242	0.04993	C
1057	0.02442	0.0253	A
1058	0.03303	0.03443	C
1059	0.02602	0.02888	A
1060	0.00974	0.01101	T
1061	0.0326	0.03397	A
1062	0.01148	0.01207	G
1063	0.01915	0.01932	C
1064	0.01327	0.01356	C
1065	0.0239	0.02777	T
1066	0.03078	0.03463	A
1067	0.03254	0.0331	C
1068	0.02673	0.02784	C
1069	0.02768	0.02813	C
1070	0.03269	0.03357	C
1071	0.01748	0.01778	T
1072	0.01419	0.01462	T
1073	0.03887	0.03892	C
1074	0.03928	0.03968	C
1075	0.01837	0.0184	T
1076	0.0169	0.01736	T
1077	0.01565	0.01749	G
1078	0.01001	0.0103	T
1079	0.03801	0.03936	A
1080	0.05396	0.05628	C
1081	0.01452	0.01563	T
1082	0.03406	0.04189	A
1083	0.01407	0.01956	T
1084	0.03917	0.04027	C
1085	0.03564	0.03572	C
1086	0.02939	0.02984	C
1087	0.01239	0.0132	T
1088	0.04274	0.04397	A
1089	0.01124	0.01265	T
1090	0.00855	0.01102	G
1091	0.02159	0.02263	A
1092	0.0057	0.00573	G
1093	0.00675	0.00699	G
1094	0.03215	0.0328	C
1095	0.03046	0.03111	A
1096	0.00894	0.01539	T
1097	0.02232	0.02233	A
1098	0.03068	0.03306	A
1099	0.0129	0.01304	T
1100	0.00982	0.01144	T
1101	0.02264	0.03817	A
1102	0.01232	0.01911	T
1103	0.0379	0.03799	A
1104	0.03374	0.0354	A
1105	0.05336	0.05558	C
1106	0.03192	0.03194	A
1107	0.03986	0.04143	A
1108	0.01194	0.01303	G
1109	0.0304	0.03155	C
1110	0.02126	0.02422	T
1111	0.03247	0.03249	C
1112	0.02543	0.02617	C
1113	0.0312	0.0403	A
1114	0.01451	0.01544	T
1115	0.03229	0.03283	C
1116	0.01234	0.01333	T
1117	0.00731	0.00825	G
1118	0.03422	0.03438	C
1119	0.01418	0.01461	C
1120	0.02085	0.02228	T
1121	0.02622	0.02858	A
1122	0.03407	0.03476	C
1123	0.01697	0.01791	G
1124	0.02532	0.02597	A
1125	0.04332	0.04714	C
1126	0.03236	0.03298	A
1127	0.03403	0.03412	A
1128	0.03138	0.03209	A
1129	0.05023	0.05713	C
1130	0.03717	0.04127	A
1131	0.01157	0.01228	G
1132	0.02988	0.03008	A
1133	0.04843	0.04857	C
1134	0.02631	0.02688	C
1135	0.0215	0.02771	T
1136	0.0246	0.02585	A
1137	0.01506	0.01518	A
1138	0.03884	0.03904	A
1139	0.04969	0.05009	A
1140	0.01762	0.01883	T
1141	0.05595	0.05733	C
1142	0.01237	0.01292	G
1143	0.02291	0.02346	C
1144	0.01285	0.01393	T
1145	0.04835	0.04959	C
1146	0.03564	0.0398	A
1147	0.01494	0.01508	T
1148	0.01298	0.01346	T
1149	0.0145	0.01675	G
1150	0.04102	0.04283	C
1151	0.03791	0.04003	A
1152	0.02088	0.0216	T
1153	0.03745	0.03988	A
1154	0.05493	0.05731	C
1155	0.01985	0.02042	T
1156	0.04855	0.05062	C
1157	0.01756	0.01766	T
1158	0.01619	0.01628	T
1159	0.04623	0.04805	C
1160	0.02875	0.02992	A
1161	0.03234	0.03324	A
1162	0.01372	0.0198	T
1163	0.04229	0.0445	C
1164	0.02961	0.03186	A
1165	0.01184	0.01254	G
1166	0.0184	0.01859	C
1167	0.03065	0.03159	C
1168	0.01943	0.02418	A
1169	0.04366	0.04589	C
1170	0.04189	0.05	A
1171	0.0135	0.01506	T
1172	0.04298	0.04511	A
1173	0.00962	0.01094	G
1174	0.03057	0.03077	C
1175	0.02442	0.02452	C
1176	0.02942	0.02963	C
1177	0.01296	0.01458	T
1178	0.03382	0.03415	C
1179	0.01467	0.01558	G
1180	0.009	0.00955	T
1181	0.0277	0.02832	A
1182	0.01206	0.01362	G
1183	0.01269	0.01548	T
1184	0.04859	0.0488	A
1185	0.04382	0.04588	A
1186	0.05027	0.05345	C
1187	0.03595	0.03682	A
1188	0.01354	0.01408	G
1189	0.04717	0.04742	C
1190	0.03815	0.0386	C
1191	0.04228	0.04523	A
1192	0.01818	0.01835	T
1193	0.01712	0.01781	T
1194	0.05087	0.05633	C
1195	0.0214	0.0231	T
1196	0.04709	0.05162	C
1197	0.03155	0.03554	A
1198	0.01978	0.02636	T
1199	0.04268	0.04347	C
1200	0.031	0.03253	C
1201	0.01948	0.02044	A
1202	0.03437	0.03606	A
1203	0.03906	0.04077	A
1204	0.03169	0.03304	C
1205	0.02171	0.02207	C
1206	0.02414	0.02483	C
1207	0.03021	0.03032	C
1208	0.03304	0.03311	C
1209	0.02198	0.02416	T
1210	0.01743	0.02006	G
1211	0.0444	0.04508	A
1212	0.04916	0.04954	A
1213	0.01356	0.01447	G
1214	0.03149	0.03282	C
1215	0.01374	0.01386	T
1216	0.0132	0.01336	T
1217	0.03268	0.03616	C
1218	0.03356	0.03505	A
1219	0.05358	0.05358	C
1220	0.0363	0.03674	C
1221	0.01031	0.01049	G
1222	0.00986	0.00991	G
1223	0.02237	0.02281	C
1224	0.01703	0.0192	G
1225	0.05276	0.05556	C
1226	0.03255	0.03426	A
1227	0.01625	0.01676	G
1228	0.01676	0.01754	T
1229	0.0422	0.043	C
1230	0.04549	0.04617	A
1231	0.01852	0.01862	T
1232	0.01957	0.02048	T
1233	0.04254	0.0472	C
1234	0.0217	0.02426	T
1235	0.04808	0.0507	C
1236	0.04013	0.04389	A
1237	0.01409	0.02045	T
1238	0.03969	0.04049	A
1239	0.04362	0.0487	A
1240	0.02577	0.0265	T
1241	0.03672	0.04118	C
1242	0.01494	0.0167	G
1243	0.02116	0.02122	C
1244	0.01715	0.01715	C
1245	0.02813	0.02825	C
1246	0.02674	0.03215	A
1247	0.04101	0.04414	C
1248	0.00987	0.01079	G
1249	0.00756	0.00763	G
1250	0.79002	0.79009	G
1251	0.02675	0.0269	C
1252	0.01679	0.01697	T
1253	0.01533	0.02047	T
1254	0.02213	0.03177	A
1255	0.04117	0.0446	C
1256	0.03983	0.04141	A
1257	0.0092	0.01199	T
1258	0.02023	0.02058	C
1259	0.01636	0.01667	C
1260	0.01917	0.02182	T
1261	0.03591	0.03716	C
1262	0.03107	0.0351	A
1263	0.02039	0.02043	T
1264	0.01532	0.01617	T
1265	0.02225	0.04005	A
1266	0.04808	0.05081	C
1267	0.01809	0.01879	T
1268	0.04529	0.05228	A
1269	0.01611	0.01617	T
1270	0.01555	0.01569	T
1271	0.03444	0.04295	C
1272	0.02777	0.02837	T
1273	0.01611	0.01703	G
1274	0.02792	0.02811	C
1275	0.0193	0.02024	C
1276	0.03441	0.04004	T
1277	0.03096	0.03289	A
1278	0.02148	0.02266	G
1279	0.02926	0.03227	C
1280	0.03217	0.03278	A
1281	0.02767	0.02801	A
1282	0.02841	0.02856	A
1283	0.04171	0.04555	C
1284	0.02601	0.0282	T
1285	0.03424	0.03613	C
1286	0.02684	0.02804	A
1287	0.03039	0.03098	A
1288	0.02899	0.02922	A
1289	0.03596	0.04019	C
1290	0.02074	0.02188	T
1291	0.0274	0.02886	A
1292	0.03816	0.03937	C
1293	0.0211	0.02347	G
1294	0.02292	0.02337	A
1295	0.0333	0.03447	A
1296	0.04928	0.05145	C
1297	0.02266	0.02355	G
1298	0.01988	0.02104	C
1299	0.02676	0.02747	A
1300	0.02838	0.02931	C
1301	0.02409	0.02625	T
1302	0.03463	0.03583	C
1303	0.02482	0.02715	A
1304	0.04012	0.04166	C
1305	0.02879	0.03203	A
1306	0.02489	0.02589	G
1307	0.02391	0.02499	T
1308	0.03602	0.03698	C
1309	0.01757	0.01899	G
1310	0.02285	0.02547	C
1311	0.02831	0.02899	A
1312	0.02168	0.02455	T
1313	0.03561	0.0381	C
1314	0.03484	0.03697	A
1315	0.01621	0.02532	T
1316	0.03184	0.03206	A
1317	0.04294	0.05049	A
1318	0.00819	0.01194	T
1319	0.02677	0.02817	C
1320	0.0181	0.01869	C
1321	0.00964	0.0105	T
1322	0.04088	0.04237	C
1323	0.02994	0.03176	T
1324	0.03949	0.04127	C
1325	0.03134	0.03397	T
1326	0.0483	0.05069	C
1327	0.03126	0.03343	A
1328	0.02772	0.02797	A
1329	0.00524	0.00531	G
1330	0.00505	0.00516	G
1331	0.01833	0.02338	A
1332	0.04594	0.04729	C
1333	0.0218	0.02197	T
1334	0.02276	0.02297	T
1335	0.03934	0.04313	C
1336	0.02887	0.0295	A
1337	0.02966	0.03001	A
1338	0.03084	0.03109	A
1339	0.04027	0.04483	C
1340	0.02019	0.02076	T
1341	0.03471	0.03609	C
1342	0.02107	0.02233	T
1343	0.03077	0.03638	A
1344	0.03368	0.03628	C
1345	0.02462	0.02908	T
1346	0.02823	0.02829	C
1347	0.02361	0.02379	C
1348	0.02418	0.02512	C
1349	0.01725	0.02139	A
1350	0.04319	0.04469	C
1351	0.01833	0.02454	T
1352	0.03438	0.03492	A
1353	0.04126	0.0431	A
1354	0.01683	0.0186	T
1355	0.04161	0.04287	A
1356	0.01661	0.01746	G
1357	0.04347	0.04434	C
1358	0.01026	0.01036	T
1359	0.01053	0.01055	T
1360	0.01082	0.01083	T
1361	0.01195	0.01196	T
1362	0.00784	0.00787	T
1363	0.01788	0.02122	G
1364	0.04481	0.04699	A
1365	0.01508	0.01569	T
1366	0.01039	0.0108	G
1367	0.03523	0.03626	A
1368	0.04251	0.04451	C
1369	0.01504	0.01518	T
1370	0.01634	0.01686	T
1371	0.04015	0.04479	C
1372	0.0157	0.01663	T
1373	0.03891	0.04169	A
1374	0.01548	0.01596	G
1375	0.03197	0.0372	C
1376	0.02579	0.02611	A
1377	0.03494	0.0376	A
1378	0.01056	0.01148	G
1379	0.03439	0.03465	C
1380	0.01803	0.0187	C
1381	0.01484	0.01578	T
1382	0.04018	0.04108	C
1383	0.01175	0.01228	G
1384	0.03817	0.0406	C
1385	0.01088	0.01368	T
1386	0.02891	0.02964	A
1387	0.03887	0.03929	A
1388	0.05755	0.05774	C
1389	0.02359	0.02502	C
1390	0.01744	0.01936	T
1391	0.04211	0.04378	C
1392	0.01097	0.01221	G
1393	0.03435	0.03439	C
1394	0.03027	0.03061	C
1395	0.01818	0.01854	T
1396	0.01692	0.01827	T
1397	0.02927	0.03488	A
1398	0.02453	0.02488	C
1399	0.02203	0.02262	C
1400	0.01648	0.01681	C
1401	0.01579	0.01593	C
1402	0.02562	0.02566	C
1403	0.02138	0.02159	C
1404	0.01607	0.02084	A
1405	0.02929	0.03006	C
1406	0.01563	0.01635	T
1407	0.02995	0.03138	A
1408	0.01411	0.01425	T
1409	0.01468	0.0151	T
1410	0.02033	0.02061	A
1411	0.03178	0.03275	A
1412	0.05128	0.05161	C
1413	0.02689	0.02758	C
1414	0.01849	0.01938	T
1415	0.03111	0.03224	A
1416	0.05336	0.05489	C
1417	0.01574	0.02211	T
1418	0.0134	0.01368	G
1419	0.00468	0.00472	G
1420	0.00388	0.00396	G
1421	0.01455	0.01726	A
1422	0.0061	0.00684	G
1423	0.03028	0.03038	A
1424	0.0277	0.02833	A
1425	0.03647	0.03918	C
1426	0.02315	0.02404	T
1427	0.04919	0.04995	C
1428	0.01879	0.01945	T
1429	0.0281	0.02859	C
1430	0.01709	0.01771	T
1431	0.01315	0.01416	G
1432	0.00956	0.01026	T
1433	0.0107	0.0112	G
1434	0.02356	0.02489	C
1435	0.01582	0.01647	T
1436	0.0312	0.03194	A
1437	0.01693	0.0177	G
1438	0.01044	0.01401	T
1439	0.02432	0.02471	A
1440	0.0433	0.04436	A
1441	0.05309	0.05426	C
1442	0.03323	0.03354	C
1443	0.02228	0.02766	A
1444	0.05457	0.05572	C
1445	0.01082	0.01129	G
1446	0.00583	0.00592	T
1447	0.00609	0.00628	T
1448	0.02632	0.03228	C
1449	0.00633	0.00808	T
1450	0.01148	0.01148	C
1451	0.00767	0.00789	C
1452	0.02004	0.02149	T
1453	0.01776	0.01959	G
1454	0.03418	0.03494	A
1455	0.01739	0.01789	T
1456	0.04984	0.05164	C
1457	0.02776	0.02791	A
1458	0.03368	0.03499	A
1459	0.03745	0.03816	A
1460	0.01785	0.01945	T
1461	0.04153	0.0426	A
1462	0.01693	0.018	T
1463	0.04472	0.04758	C
1464	0.0366	0.03788	A
1465	0.05031	0.0535	C
1466	0.02319	0.02409	T
1467	0.03939	0.04026	C
1468	0.01579	0.0197	T
1469	0.02603	0.02603	C
1470	0.01911	0.02073	C
1471	0.01914	0.0205	T
1472	0.02693	0.02869	A
1473	0.05247	0.05523	C
1474	0.01894	0.01919	T
1475	0.01048	0.01186	T
1476	0.02581	0.04606	A
1477	0.03274	0.03381	C
1478	0.01902	0.02054	A
1479	0.00611	0.00621	G
1480	0.00476	0.00491	G
1481	0.01681	0.02152	A
1482	0.06652	0.06726	C
1483	0.01244	0.0148	T
1484	0.03265	0.03442	C
1485	0.02042	0.02111	A
1486	0.02536	0.02583	A
1487	0.04032	0.04152	C
1488	0.04484	0.04601	A
1489	0.01428	0.01497	T
1490	0.02173	0.02227	A
1491	0.02554	0.02673	C
1492	0.01987	0.02055	T
1493	0.02048	0.02157	A
1494	0.00914	0.00945	G
1495	0.0144	0.01525	T
1496	0.0221	0.02256	C
1497	0.01908	0.023	A
1498	0.02527	0.02751	C
1499	0.01726	0.0219	A
1500	0.01013	0.01173	G
1501	0.07715	0.07724	C
1502	0.02691	0.02712	C
1503	0.01691	0.01716	C
1504	0.01361	0.01469	T
1505	0.03659	0.03862	A
1506	0.01414	0.01518	T
1507	0.04471	0.0467	A
1508	0.02544	0.02816	C
1509	0.01505	0.01947	T
1510	0.01882	0.01917	C
1511	0.01985	0.01987	C
1512	0.0168	0.01796	C
1513	0.02449	0.02557	T
1514	0.04209	0.04341	C
1515	0.03173	0.03346	T
1516	0.02865	0.03004	A
1517	0.04675	0.04784	C
1518	0.02659	0.02939	A
1519	0.01527	0.01575	T
1520	0.02642	0.02767	A
1521	0.01681	0.01682	T
1522	0.01676	0.01681	T
1523	0.01337	0.0138	T
1524	0.03784	0.04223	A
1525	0.0345	0.03484	C
1526	0.02234	0.02307	C
1527	0.01946	0.02631	A
1528	0.03304	0.03662	C
1529	0.02695	0.02704	A
1530	0.01975	0.02087	A
1531	0.03254	0.03684	C
1532	0.02393	0.02476	A
1533	0.03728	0.0419	C
1534	0.0273	0.0273	A
1535	0.03333	0.03397	A
1536	0.02718	0.02861	T
1537	0.01631	0.01642	G
1538	0.00519	0.00531	G
1539	0.00618	0.00622	G
1540	0.01105	0.01117	G
1541	0.02352	0.02923	C
1542	0.0206	0.02307	T
1543	0.03263	0.03446	C
1544	0.02445	0.02545	A
1545	0.03439	0.03588	C
1546	0.03177	0.03496	T
1547	0.031	0.03267	C
1548	0.02215	0.02411	A
1549	0.02216	0.02216	C
1550	0.01728	0.01728	C
1551	0.01325	0.01413	C
1552	0.02087	0.0258	A
1553	0.03186	0.03186	C
1554	0.0271	0.02851	C
1555	0.02014	0.02412	A
1556	0.03145	0.03327	C
1557	0.02423	0.02552	A
1558	0.02992	0.03078	T
1559	0.03517	0.03603	T
1560	0.02421	0.02499	A
1561	0.02613	0.02696	A
1562	0.0378	0.04245	C
1563	0.02455	0.02462	A
1564	0.02954	0.03063	A
1565	0.04046	0.04353	C
1566	0.03105	0.03223	A
1567	0.02256	0.03329	T
1568	0.02246	0.0226	A
1569	0.01777	0.01777	A
1570	0.02907	0.02908	A
1571	0.02794	0.02877	A
1572	0.0267	0.02858	C
1573	0.01483	0.01495	C
1574	0.01496	0.01511	C
1575	0.02946	0.03192	T
1576	0.0257	0.02731	C
1577	0.03022	0.03402	A
1578	0.03021	0.0305	T
1579	0.02557	0.02718	T
1580	0.03366	0.0375	C
1581	0.02733	0.02888	A
1582	0.03516	0.03841	C
1583	0.02471	0.02602	A
1584	0.03909	0.0421	C
1585	0.01979	0.02114	G
1586	0.02341	0.02422	A
1587	0.01646	0.01997	G
1588	0.02546	0.02569	A
1589	0.01926	0.01943	A
1590	0.0251	0.02519	A
1591	0.02748	0.02788	A
1592	0.03179	0.03823	C
1593	0.0245	0.02634	A
1594	0.0305	0.03059	C
1595	0.01668	0.01671	C
1596	0.01543	0.01587	C
1597	0.02286	0.0246	T
1598	0.0265	0.02745	C
1599	0.02363	0.02659	A
1600	0.0191	0.01975	T
1601	0.02365	0.02496	G
1602	0.01645	0.01651	T
1603	0.02933	0.0296	T
1604	0.03491	0.03728	C
1605	0.03645	0.03907	A
1606	0.02798	0.02875	T
1607	0.02628	0.02787	A
1608	0.03141	0.03301	C
1609	0.02244	0.0228	A
1610	0.03429	0.03469	C
1611	0.01325	0.01364	C
1612	0.02534	0.02603	T
1613	0.03063	0.03581	A
1614	0.03134	0.03968	T
1615	0.02359	0.02439	C
1616	0.01127	0.01149	C
1617	0.01435	0.01441	C
1618	0.01548	0.01553	C
1619	0.01613	0.01613	C
1620	0.03081	0.03346	A
1621	0.02775	0.02806	T
1622	0.03001	0.03274	T
1623	0.02543	0.02914	C
1624	0.01746	0.02275	T
1625	0.02156	0.02171	C
1626	0.01527	0.016	C
1627	0.0188	0.02284	T
1628	0.02274	0.02274	C
1629	0.01188	0.01292	C
1630	0.02917	0.03027	T
1631	0.0265	0.031	A
1632	0.02457	0.03355	T
1633	0.02063	0.02111	C
1634	0.01309	0.01319	C
1635	0.01554	0.01574	C
1636	0.03063	0.03268	T
1637	0.02488	0.02687	C
1638	0.02109	0.02443	A
1639	0.02173	0.02309	A
1640	0.02442	0.02453	C
1641	0.00582	0.00584	C
1642	0.00523	0.00532	C
1643	0.00823	0.00828	C
1644	0.01574	0.0168	G
1645	0.01804	0.01854	A
1646	0.02245	0.02286	C
1647	0.01918	0.01972	A
1648	0.02233	0.02386	T
1649	0.02037	0.02163	C
1650	0.02258	0.02452	A
1651	0.02288	0.02291	T
1652	0.02213	0.02297	T
1653	0.01876	0.02708	A
1654	0.02598	0.02614	C
1655	0.01524	0.01542	C
1656	0.00785	0.0079	G
1657	0.00443	0.00443	G
1658	0.00646	0.00646	G
1659	0.0129	0.01298	T
1660	0.01333	0.01333	T
1661	0.012	0.012	T
1662	0.00952	0.00952	T
1663	0.0199	0.01996	C
1664	0.00834	0.00834	C
1665	0.01492	0.01522	T
1666	0.0044	0.00463	C
1667	0.00196	0.00196	T
1668	0.00011	0.00011	T
1669	0.0	0.0	A
1670	0.0	0.0	A
