Position	Mismatches	Mismatches + Deletions	Base
1	0.0	0.0	A
2	0.0	0.0	A
3	0.0	0.0	T
4	0.01664	0.01664	A
5	0.0039	0.00392	G
6	0.004	0.004	G
7	0.00212	0.00251	T
8	0.00361	0.00361	T
9	0.00495	0.00495	T
10	0.00888	0.01214	G
11	0.0079	0.00831	G
12	0.00325	0.0035	T
13	0.04852	0.04878	C
14	0.01744	0.01781	C
15	0.00458	0.00553	T
16	0.33467	0.33897	A
17	0.00386	0.00398	G
18	0.02508	0.02515	C
19	0.03738	0.03781	C
20	0.00151	0.00151	T
21	0.00258	0.0026	T
22	0.00378	0.00378	T
23	0.06592	0.07161	C
24	0.00316	0.00316	T
25	0.0646	0.06988	A
26	0.00413	0.00413	T
27	0.00415	0.00428	T
28	0.0789	0.09452	A
29	0.00468	0.00497	G
30	0.0438	0.04481	C
31	0.00299	0.00319	T
32	0.13821	0.13937	C
33	0.00478	0.00485	T
34	0.00526	0.00526	T
35	0.03398	0.04269	A
36	0.00841	0.00877	G
37	0.00567	0.00662	T
38	0.04687	0.04701	A
39	0.05139	0.05231	A
40	0.00624	0.0072	G
41	0.06161	0.06422	A
42	0.00706	0.00723	T
43	0.00586	0.006	T
44	0.04447	0.06556	A
45	0.05668	0.05921	C
46	0.03149	0.03436	A
47	0.06669	0.07439	C
48	0.03062	0.03354	A
49	0.00636	0.00748	T
50	0.0084	0.00973	G
51	0.0291	0.03506	C
52	0.02625	0.02654	A
53	0.03966	0.0401	A
54	0.01086	0.01259	G
55	0.02667	0.03031	C
56	0.02683	0.0292	A
57	0.00552	0.00622	T
58	0.02803	0.02807	C
59	0.01125	0.01125	C
60	0.01083	0.01083	C
61	0.02415	0.02418	C
62	0.00931	0.01045	G
63	0.00528	0.0053	T
64	0.00906	0.00907	T
65	0.02647	0.02647	C
66	0.02444	0.02446	C
67	0.01265	0.01793	A
68	0.00176	0.0019	G
69	0.00272	0.00282	T
70	0.00141	0.0015	G
71	0.01456	0.01519	A
72	0.00306	0.00331	G
73	0.00223	0.00224	T
74	0.00265	0.00302	T
75	0.03881	0.0399	C
76	0.01029	0.0108	A
77	0.01477	0.01481	C
78	0.01047	0.01047	C
79	0.00412	0.0043	C
80	0.00102	0.0011	T
81	0.00742	0.00773	C
82	0.00095	0.00112	T
83	0.00906	0.00911	A
84	0.03757	0.03775	A
85	0.00446	0.00451	A
86	0.00153	0.00192	T
87	0.00607	0.00637	C
88	0.01331	0.01388	A
89	0.02033	0.02035	C
90	0.02051	0.02133	C
91	0.00897	0.01137	A
92	0.03529	0.03615	C
93	0.00112	0.00123	G
94	0.00471	0.00479	A
95	0.00072	0.00114	T
96	0.00994	0.01008	C
97	0.00186	0.00186	A
98	0.0189	0.01925	A
99	0.05237	0.05261	A
100	0.00799	0.00799	A
101	0.00084	0.00084	G
102	0.00089	0.00089	G
103	0.22626	0.22626	A
104	0.01642	0.01737	A
105	0.02344	0.02484	C
106	0.0062	0.0062	A
107	0.00871	0.00903	A
108	0.00195	0.00221	G
109	0.00476	0.00528	C
110	0.00958	0.00981	A
111	0.00177	0.00231	T
112	0.0195	0.0204	C
113	0.00535	0.00547	A
114	0.01211	0.01247	A
115	0.0079	0.01596	G
116	0.0127	0.01473	C
117	0.08902	0.09083	A
118	0.02361	0.0247	C
119	0.00316	0.00363	G
120	0.00718	0.00796	C
121	0.00594	0.00603	A
122	0.00274	0.00337	G
123	0.07757	0.08287	C
124	0.01741	0.01791	A
125	0.03165	0.03277	A
126	0.00179	0.00251	T
127	0.00685	0.00825	G
128	0.00916	0.00938	C
129	0.02473	0.02499	A
130	0.0136	0.01381	G
131	0.00981	0.01039	C
132	0.0024	0.00325	T
133	0.03345	0.0342	C
134	0.0118	0.01234	A
135	0.01566	0.01575	A
136	0.02175	0.02175	A
137	0.02363	0.02363	A
138	0.0401	0.04476	C
139	0.00461	0.00495	G
140	0.00844	0.00868	C
141	0.00209	0.00219	T
142	0.00249	0.00264	T
143	0.02903	0.05758	A
144	0.00979	0.01005	G
145	0.02654	0.02668	C
146	0.06616	0.06632	C
147	0.00536	0.00622	T
148	0.0567	0.06042	A
149	0.00876	0.00905	G
150	0.0204	0.0209	C
151	0.0272	0.02768	C
152	0.01354	0.02591	A
153	0.02822	0.03111	C
154	0.01516	0.02214	A
155	0.01334	0.01338	C
156	0.01131	0.01131	C
157	0.01088	0.01088	C
158	0.04927	0.04927	C
159	0.06776	0.06786	C
160	0.04709	0.06371	A
161	0.24267	0.27265	C
162	0.00348	0.00386	G
163	0.00443	0.00444	G
164	0.00477	0.00483	G
165	0.0951	0.09558	A
166	0.12415	0.12421	A
167	0.06958	0.06989	A
168	0.13616	0.14738	C
169	0.07345	0.07543	A
170	0.01271	0.01317	G
171	0.02216	0.02273	C
172	0.0403	0.041	A
173	0.00755	0.00767	G
174	0.0039	0.00421	T
175	0.00776	0.00809	G
176	0.06999	0.073	A
177	0.00613	0.00614	T
178	0.00612	0.00653	T
179	0.08514	0.0853	A
180	0.07687	0.07738	A
181	0.15098	0.15163	C
182	0.03628	0.03649	C
183	0.00172	0.00173	T
184	0.00399	0.00399	T
185	0.00437	0.00439	T
186	0.02694	0.03275	A
187	0.0055	0.00606	G
188	0.02924	0.02958	C
189	0.02367	0.02379	A
190	0.01607	0.01613	A
191	0.00197	0.00223	T
192	0.01308	0.01308	A
193	0.01316	0.01316	A
194	0.0171	0.01725	A
195	0.02149	0.02239	C
196	0.00548	0.00592	G
197	0.02467	0.02476	A
198	0.04627	0.04635	A
199	0.02488	0.02488	A
200	0.00528	0.00534	G
201	0.00078	0.0008	T
202	0.00076	0.00076	T
203	0.00094	0.00094	T
204	0.00701	0.00705	A
205	0.01216	0.0122	A
206	0.01582	0.01636	C
207	0.00181	0.00205	T
208	0.01415	0.01424	A
209	0.01646	0.01674	A
210	0.00292	0.00314	G
211	0.0155	0.01582	C
212	0.00204	0.00212	T
213	0.01881	0.01926	A
214	0.0025	0.00283	T
215	0.01829	0.01865	A
216	0.03749	0.03866	C
217	0.00487	0.00687	T
218	0.01433	0.01573	A
219	0.00869	0.01003	A
220	0.11213	0.11267	C
221	0.0784	0.08021	C
222	0.07112	0.07212	C
223	0.1684	0.16874	C
224	0.00753	0.01001	A
225	0.00227	0.0023	G
226	0.0012	0.0012	G
227	0.00268	0.00268	G
228	0.00134	0.00138	T
229	0.00206	0.00206	T
230	0.0026	0.0026	G
231	0.0016	0.00162	G
232	0.00238	0.00256	T
233	0.04393	0.04431	C
234	0.00254	0.00257	A
235	0.00628	0.00629	A
236	0.01013	0.01013	T
237	0.00043	0.00043	T
238	0.00036	0.00036	T
239	0.00292	0.0031	C
240	0.0005	0.00063	G
241	0.00133	0.0014	T
242	0.00051	0.00061	G
243	0.00258	0.0026	C
244	0.00096	0.00103	C
245	0.00104	0.00159	A
246	0.00058	0.00062	G
247	0.00042	0.00042	C
248	0.00061	0.00062	C
249	0.0007	0.00094	A
250	0.00178	0.00178	C
251	0.00139	0.0014	C
252	0.00025	0.00033	G
253	0.00063	0.00063	C
254	0.00031	0.00031	G
255	0.0003	0.00032	G
256	0.00023	0.00025	T
257	0.00429	0.00436	C
258	0.00147	0.0015	A
259	0.00292	0.00301	C
260	0.00093	0.00095	A
261	0.002	0.00215	C
262	0.00023	0.00028	G
263	0.00111	0.00115	A
264	0.0002	0.0002	T
265	0.00025	0.00027	T
266	0.00127	0.00127	A
267	0.00077	0.00078	A
268	0.00183	0.00183	C
269	0.00134	0.00134	C
270	0.00127	0.00127	C
271	0.0049	0.00496	A
272	0.0017	0.00172	A
273	0.00094	0.00111	G
274	0.00039	0.00042	T
275	0.0028	0.00295	C
276	0.00164	0.00165	A
277	0.00156	0.00163	A
278	0.00056	0.00066	T
279	0.003	0.0031	A
280	0.00119	0.00133	G
281	0.00244	0.00244	A
282	0.00518	0.00555	A
283	0.00268	0.00301	G
284	0.01023	0.01037	C
285	0.00621	0.00631	C
286	0.00097	0.001	G
287	0.00104	0.00104	G
288	0.00404	0.00438	C
289	0.0036	0.00384	G
290	0.01321	0.01347	T
291	0.00867	0.0087	A
292	0.00357	0.00359	A
293	0.00264	0.00267	A
294	0.00301	0.00308	G
295	0.00481	0.00492	A
296	0.00121	0.00136	G
297	0.00236	0.00245	T
298	0.00147	0.00163	G
299	0.00034	0.00034	T
300	0.00042	0.00042	T
301	0.00188	0.00188	T
302	0.00302	0.00302	T
303	0.00305	0.00394	A
304	0.00311	0.00346	G
305	0.00437	0.00452	A
306	0.008	0.0088	T
307	0.01238	0.01414	C
308	0.00632	0.00769	A
309	0.0162	0.01631	C
310	0.01451	0.01456	C
311	0.01404	0.01404	C
312	0.01233	0.01233	C
313	0.02152	0.02213	C
314	0.0034	0.00635	T
315	0.01426	0.01426	C
316	0.01382	0.01382	C
317	0.01412	0.01412	C
318	0.00878	0.00887	C
319	0.06882	0.0773	A
320	0.00337	0.00342	A
321	0.00065	0.00084	T
322	0.00808	0.00808	A
323	0.01393	0.01393	A
324	0.01941	0.01982	A
325	0.00767	0.008	G
326	0.01927	0.01994	C
327	0.00255	0.0029	T
328	0.00842	0.00854	A
329	0.01001	0.01001	A
330	0.01365	0.01366	A
331	0.04185	0.04188	A
332	0.45573	0.51491	C
333	0.00366	0.00466	T
334	0.01453	0.01493	C
335	0.01192	0.0125	A
336	0.0318	0.0318	C
337	0.02024	0.02059	C
338	0.0034	0.00387	T
339	0.00714	0.00788	G
340	0.06784	0.06937	A
341	0.01423	0.01442	G
342	0.00189	0.00214	T
343	0.00178	0.0018	T
344	0.00623	0.00768	G
345	0.0068	0.00721	T
346	0.00433	0.00454	A
347	0.01817	0.01825	A
348	0.02811	0.02817	A
349	0.01936	0.01939	A
350	0.01153	0.01153	A
351	0.00814	0.00814	A
352	0.01222	0.01306	C
353	0.00647	0.00665	T
354	0.07304	0.07306	C
355	0.03204	0.03238	C
356	0.01107	0.0157	A
357	0.00492	0.005	G
358	0.00306	0.00333	T
359	0.00595	0.00599	T
360	0.00587	0.00658	G
361	0.02744	0.02793	A
362	0.07128	0.07592	C
363	0.01408	0.01459	A
364	0.23771	0.25205	C
365	0.00502	0.00504	A
366	0.00774	0.00777	A
367	0.03248	0.03254	A
368	0.0221	0.02216	A
369	0.00661	0.00758	T
370	0.0349	0.03561	A
371	0.0074	0.00792	G
372	0.05917	0.05983	A
373	0.03968	0.04099	C
374	0.01853	0.01906	T
375	0.02413	0.02484	A
376	0.05382	0.05526	C
377	0.00612	0.00668	G
378	0.02033	0.02035	A
379	0.02965	0.02971	A
380	0.03446	0.03456	A
381	0.00584	0.00632	G
382	0.00424	0.0047	T
383	0.00487	0.00487	G
384	0.00198	0.00202	G
385	0.01623	0.01728	C
386	0.00122	0.00122	T
387	0.00191	0.00192	T
388	0.00203	0.00205	T
389	0.02064	0.02081	A
390	0.04027	0.04047	A
391	0.11723	0.11896	C
392	0.02869	0.02965	A
393	0.00431	0.00486	T
394	0.05724	0.05781	A
395	0.00356	0.00369	T
396	0.03781	0.03798	C
397	0.0037	0.00389	T
398	0.00349	0.00473	G
399	0.03151	0.03173	A
400	0.03633	0.03668	A
401	0.0652	0.06738	C
402	0.02807	0.02851	A
403	0.02835	0.03104	C
404	0.00807	0.00875	A
405	0.02625	0.02803	C
406	0.02177	0.02177	A
407	0.02338	0.0238	A
408	0.00564	0.00772	T
409	0.0399	0.04034	A
410	0.0024	0.0026	G
411	0.00605	0.00632	C
412	0.00146	0.00173	T
413	0.01154	0.01166	A
414	0.01204	0.01251	A
415	0.00464	0.00546	G
416	0.04178	0.04309	A
417	0.02287	0.02292	C
418	0.03608	0.03613	C
419	0.01149	0.01157	C
420	0.00422	0.00437	A
421	0.00802	0.00805	A
422	0.02739	0.02742	A
423	0.19444	0.20583	C
424	0.00316	0.00338	T
425	0.00306	0.00307	G
426	0.00121	0.00121	G
427	0.00223	0.00225	G
428	0.0272	0.03288	A
429	0.00347	0.00351	T
430	0.00405	0.00418	T
431	0.04328	0.05084	A
432	0.00502	0.00557	G
433	0.02681	0.02849	A
434	0.00552	0.00633	T
435	0.04778	0.04902	A
436	0.07805	0.07923	C
437	0.00504	0.00508	C
438	0.00314	0.00314	C
439	0.00503	0.00503	C
440	0.00802	0.01067	A
441	0.03657	0.03776	C
442	0.00275	0.00312	T
443	0.03438	0.0357	A
444	0.00275	0.00287	T
445	0.00225	0.00252	G
446	0.01267	0.01306	C
447	0.00179	0.00185	T
448	0.00123	0.0013	T
449	0.00892	0.013	A
450	0.00876	0.00911	G
451	0.00695	0.00698	C
452	0.03966	0.03968	C
453	0.01541	0.01542	C
454	0.00181	0.00222	T
455	0.0034	0.00356	A
456	0.01052	0.01054	A
457	0.0129	0.01292	A
458	0.02426	0.02452	C
459	0.07925	0.07942	C
460	0.00244	0.00289	T
461	0.10094	0.10169	C
462	0.01429	0.0148	A
463	0.02519	0.02524	A
464	0.02734	0.0281	C
465	0.01378	0.01413	A
466	0.00664	0.00714	G
467	0.00245	0.00271	T
468	0.00296	0.0034	T
469	0.02588	0.02613	A
470	0.07202	0.07234	A
471	0.044	0.04401	A
472	0.01229	0.0143	T
473	0.0769	0.07923	C
474	0.01237	0.0125	A
475	0.01177	0.01186	A
476	0.06095	0.06384	C
477	0.02545	0.02551	A
478	0.02348	0.02355	A
479	0.01908	0.0191	A
480	0.01086	0.01088	A
481	0.01833	0.02222	C
482	0.00469	0.00483	T
483	0.00422	0.00462	G
484	0.0142	0.01454	C
485	0.005	0.00524	T
486	0.00892	0.00928	C
487	0.00273	0.00289	G
488	0.01184	0.01184	C
489	0.01208	0.01225	C
490	0.01176	0.0192	A
491	0.00295	0.00337	G
492	0.00981	0.00995	A
493	0.00838	0.00861	A
494	0.02714	0.02862	C
495	0.00622	0.00651	A
496	0.01581	0.01722	C
497	0.00109	0.00129	T
498	0.01517	0.01545	A
499	0.02067	0.02101	C
500	0.0015	0.00171	G
501	0.00361	0.00372	A
502	0.00316	0.00354	G
503	0.00354	0.00356	C
504	0.02304	0.02325	C
505	0.0243	0.03547	A
506	0.02456	0.02571	C
507	0.00566	0.00705	A
508	0.00123	0.00134	G
509	0.00755	0.00787	C
510	0.00064	0.0007	T
511	0.00139	0.00139	T
512	0.00374	0.00398	A
513	0.00457	0.00462	A
514	0.01094	0.01097	A
515	0.00865	0.00867	A
516	0.01613	0.01865	C
517	0.00096	0.00123	T
518	0.01005	0.01076	C
519	0.00191	0.0022	A
520	0.00513	0.00513	A
521	0.10889	0.10904	A
522	0.00122	0.00131	G
523	0.00096	0.00096	G
524	0.00349	0.00408	A
525	0.00655	0.00658	C
526	0.00667	0.00673	C
527	0.00327	0.00431	T
528	0.00108	0.00109	G
529	0.00165	0.00171	G
530	0.00252	0.00256	C
531	0.00273	0.00273	G
532	0.00384	0.00423	G
533	0.0016	0.00167	T
534	0.00232	0.0025	G
535	0.00753	0.00808	C
536	0.00208	0.0021	T
537	0.00053	0.00053	T
538	0.00854	0.00881	C
539	0.01345	0.01422	A
540	0.00323	0.00361	T
541	0.04151	0.0436	A
542	0.00349	0.00366	T
543	0.00508	0.00514	C
544	0.00269	0.0027	C
545	0.00565	0.00565	C
546	0.00285	0.00302	T
547	0.00875	0.00907	C
548	0.00103	0.0011	T
549	0.00586	0.00641	A
550	0.00222	0.0023	G
551	0.01249	0.01282	A
552	0.00312	0.00317	G
553	0.00596	0.00603	G
554	0.02978	0.03615	A
555	0.00208	0.00213	G
556	0.00898	0.00909	C
557	0.00568	0.00572	C
558	0.00134	0.00147	T
559	0.00929	0.01357	G
560	0.00352	0.00358	T
561	0.00441	0.00445	T
562	0.08111	0.08624	C
563	0.00459	0.00474	T
564	0.00758	0.00861	G
565	0.003	0.00401	T
566	0.03588	0.03633	A
567	0.03256	0.03307	A
568	0.0045	0.00519	T
569	0.03979	0.04123	C
570	0.00466	0.00526	G
571	0.0165	0.01753	A
572	0.00377	0.00473	T
573	0.01557	0.01574	A
574	0.01917	0.0192	A
575	0.02408	0.02499	A
576	0.03153	0.03285	C
577	0.01548	0.01557	C
578	0.01274	0.01283	C
579	0.00555	0.0056	C
580	0.00787	0.01086	G
581	0.01807	0.01834	A
582	0.00838	0.00969	T
583	0.04463	0.04589	C
584	0.01722	0.01746	A
585	0.01283	0.0131	A
586	0.02424	0.02428	C
587	0.01993	0.0208	C
588	0.00292	0.00531	T
589	0.03554	0.03647	C
590	0.04111	0.04214	A
591	0.00381	0.00381	C
592	0.00257	0.00275	C
593	0.00478	0.00663	A
594	0.00141	0.00141	C
595	0.00283	0.00302	C
596	0.00089	0.0014	T
597	0.00498	0.00525	C
598	0.00201	0.00201	T
599	0.01194	0.01205	T
600	0.003	0.0035	G
601	0.03547	0.03643	C
602	0.00284	0.00416	T
603	0.05353	0.0551	C
604	0.01114	0.01207	A
605	0.00183	0.00186	G
606	0.00951	0.00951	C
607	0.03913	0.03925	C
608	0.00178	0.00192	T
609	0.03102	0.03255	A
610	0.0042	0.0047	T
611	0.06683	0.07014	A
612	0.0246	0.02678	T
613	0.0374	0.03935	A
614	0.06183	0.06373	C
615	0.03712	0.03771	C
616	0.00473	0.00547	G
617	0.02642	0.02642	C
618	0.02251	0.02269	C
619	0.02511	0.02924	A
620	0.00234	0.00234	T
621	0.03736	0.03814	C
622	0.00231	0.00231	T
623	0.00371	0.00371	T
624	0.04015	0.04351	C
625	0.0251	0.02588	A
626	0.00379	0.00423	G
627	0.02782	0.03369	C
628	0.01041	0.01075	A
629	0.06556	0.06613	A
630	0.0159	0.01618	A
631	0.02123	0.02246	C
632	0.01952	0.01952	C
633	0.00391	0.00391	C
634	0.00278	0.00294	T
635	0.00367	0.00473	G
636	0.02091	0.02123	A
637	0.00384	0.00431	T
638	0.00418	0.00501	G
639	0.01422	0.01458	A
640	0.0255	0.02575	A
641	0.01402	0.01408	G
642	0.0027	0.00273	G
643	0.01553	0.01621	C
644	0.00184	0.0022	T
645	0.00603	0.00626	A
646	0.17248	0.17444	C
647	0.00866	0.00866	A
648	0.01274	0.01274	A
649	0.00961	0.00965	A
650	0.00343	0.00353	G
651	0.00135	0.00217	T
652	0.02333	0.02363	A
653	0.05572	0.05642	A
654	0.00497	0.00644	G
655	0.01089	0.01119	C
656	0.00156	0.00156	G
657	0.05391	0.05578	C
658	0.02118	0.02118	A
659	0.02084	0.02097	A
660	0.00475	0.00574	G
661	0.00289	0.00393	T
662	0.01552	0.01596	A
663	0.03053	0.03067	C
664	0.02265	0.02276	C
665	0.03355	0.03374	C
666	0.01483	0.01655	A
667	0.02124	0.0217	C
668	0.00288	0.00338	G
669	0.00213	0.00268	T
670	0.01716	0.01724	A
671	0.0343	0.03438	A
672	0.02405	0.02425	A
673	0.00391	0.00423	G
674	0.01196	0.01229	A
675	0.06726	0.06793	C
676	0.00531	0.00548	G
677	0.00342	0.00346	T
678	0.00384	0.00384	T
679	0.03949	0.04266	A
680	0.00381	0.00386	G
681	0.00377	0.00386	G
682	0.00165	0.00316	T
683	0.04388	0.04456	C
684	0.03574	0.03592	A
685	0.04453	0.04461	A
686	0.00328	0.00328	G
687	0.00854	0.00863	G
688	0.00255	0.00296	T
689	0.00715	0.00779	G
690	0.00386	0.00466	T
691	0.01035	0.01144	A
692	0.00392	0.0043	G
693	0.00241	0.00244	C
694	0.0184	0.0184	C
695	0.03031	0.03034	C
696	0.02004	0.02508	A
697	0.00662	0.00703	T
698	0.00338	0.00439	G
699	0.01875	0.019	A
700	0.00517	0.00517	G
701	0.00788	0.00793	G
702	0.00369	0.00376	T
703	0.00221	0.00221	G
704	0.00387	0.00392	G
705	0.25197	0.25493	C
706	0.07431	0.07451	A
707	0.04196	0.04218	A
708	0.00554	0.00716	G
709	0.02901	0.02901	A
710	0.06934	0.06934	A
711	0.05629	0.05657	A
712	0.00678	0.00758	T
713	0.00386	0.00386	G
714	0.00237	0.00237	G
715	0.00544	0.00546	G
716	0.01724	0.01928	C
717	0.00295	0.0034	T
718	0.04328	0.04569	A
719	0.12501	0.12549	C
720	0.04302	0.04509	A
721	0.00153	0.00158	T
722	0.00135	0.00136	T
723	0.00332	0.00334	T
724	0.0029	0.0029	T
725	0.04495	0.05636	C
726	0.00442	0.00651	T
727	0.04263	0.05144	A
728	0.20336	0.20379	C
729	0.12086	0.12268	C
730	0.12597	0.12669	C
731	0.03955	0.03977	C
732	0.02205	0.0306	A
733	0.00606	0.00757	G
734	0.01944	0.01962	A
735	0.01176	0.01177	A
736	0.19075	0.19077	A
737	0.08646	0.08665	A
738	0.17376	0.22485	C
739	0.0111	0.01145	T
740	0.05178	0.05291	A
741	0.09893	0.10194	C
742	0.00963	0.00999	G
743	0.14882	0.15709	A
744	0.00684	0.00775	T
745	0.15983	0.1634	A
746	0.00444	0.00476	G
747	0.00231	0.00231	C
748	0.00147	0.00148	C
749	0.0018	0.00182	C
750	0.00132	0.00133	T
751	0.0024	0.00244	T
752	0.0114	0.01881	A
753	0.00559	0.00599	T
754	0.00963	0.01116	G
755	0.0315	0.03158	A
756	0.03105	0.03123	A
757	0.02213	0.02227	A
758	0.10172	0.10891	C
759	0.00346	0.0035	T
760	0.00327	0.00332	T
761	0.01136	0.01151	A
762	0.01615	0.01626	A
763	0.00422	0.00424	G
764	0.00373	0.00374	G
765	0.00531	0.00533	G
766	0.00218	0.00274	T
767	0.06319	0.06423	C
768	0.00941	0.01039	G
769	0.05536	0.05802	A
770	0.0549	0.05527	A
771	0.00913	0.00921	G
772	0.00891	0.0091	G
773	0.00573	0.00627	T
774	0.00651	0.00651	G
775	0.00727	0.00732	G
776	0.0531	0.05704	A
777	0.00121	0.00122	T
778	0.00132	0.00132	T
779	0.00139	0.00139	T
780	0.00433	0.00541	A
781	0.00228	0.00236	G
782	0.05167	0.05211	C
783	0.02111	0.02114	A
784	0.00176	0.0019	G
785	0.00057	0.00079	T
786	0.00266	0.00269	A
787	0.00363	0.00365	A
788	0.0297	0.02971	A
789	0.00392	0.0043	C
790	0.00084	0.00092	T
791	0.2145	0.21458	A
792	0.00487	0.00664	A
793	0.00226	0.00229	G
794	0.02255	0.02301	A
795	0.00311	0.00329	G
796	0.00317	0.00417	T
797	0.03177	0.03241	A
798	0.00431	0.00444	G
799	0.02952	0.03288	A
800	0.00352	0.00382	G
801	0.00213	0.00213	T
802	0.00145	0.00155	G
803	0.0035	0.00359	C
804	0.00087	0.00087	T
805	0.00057	0.00057	T
806	0.00384	0.00431	A
807	0.00139	0.00139	G
808	0.00049	0.00049	T
809	0.00082	0.00082	T
810	0.00132	0.00151	G
811	0.00232	0.00234	A
812	0.01714	0.01722	A
813	0.07085	0.07227	C
814	0.02746	0.02987	A
815	0.00424	0.00431	G
816	0.00325	0.00328	G
817	0.00169	0.00169	G
818	0.0087	0.0087	C
819	0.01818	0.01818	C
820	0.01316	0.01316	C
821	0.00113	0.00307	T
822	0.00145	0.00176	G
823	0.00249	0.00249	A
824	0.00674	0.00674	A
825	0.00293	0.00313	G
826	0.00535	0.00575	C
827	0.00309	0.00368	G
828	0.01098	0.0113	C
829	0.00277	0.00293	G
830	0.00149	0.00159	T
831	0.01248	0.01272	A
832	0.01916	0.01974	C
833	0.02452	0.02564	A
834	0.05317	0.05432	C
835	0.00596	0.00628	A
836	0.00983	0.00983	C
837	0.04316	0.04338	C
838	0.00846	0.00964	G
839	0.00369	0.00369	C
840	0.04145	0.04145	C
841	0.04693	0.04694	C
842	0.00697	0.0087	G
843	0.01099	0.01387	T
844	0.04893	0.0519	C
845	0.06193	0.06475	A
846	0.18836	0.18911	C
847	0.08439	0.08441	C
848	0.00611	0.00636	C
849	0.001	0.00114	T
850	0.00307	0.00307	C
851	0.00317	0.00319	C
852	0.00113	0.00255	T
853	0.00483	0.00498	C
854	0.05593	0.05706	A
855	0.09031	0.09046	A
856	0.00805	0.01046	G
857	0.00586	0.00657	T
858	0.03975	0.04065	A
859	0.00496	0.00524	T
860	0.04068	0.04149	A
861	0.12773	0.1327	C
862	0.00411	0.00418	T
863	0.00437	0.0044	T
864	0.09101	0.09631	C
865	0.07281	0.07399	A
866	0.08787	0.08817	A
867	0.03729	0.03747	A
868	0.00909	0.01019	G
869	0.00809	0.00827	G
870	0.12981	0.16911	A
871	0.20532	0.20724	C
872	0.0428	0.04401	A
873	0.00709	0.00728	T
874	0.00405	0.00417	T
875	0.00434	0.00457	T
876	0.13129	0.13209	A
877	0.10912	0.10979	A
878	0.10569	0.10988	C
879	0.00574	0.00688	T
880	0.01433	0.01481	A
881	0.01339	0.01357	A
882	0.03538	0.03587	A
883	0.10224	0.10305	A
884	0.15565	0.16168	C
885	0.0629	0.06348	C
886	0.00954	0.00956	C
887	0.00858	0.00863	C
888	0.01132	0.01897	T
889	0.08536	0.08984	A
890	0.21583	0.21845	C
891	0.00456	0.00508	G
892	0.10275	0.10455	C
893	0.01577	0.01663	A
894	0.00321	0.00321	T
895	0.00329	0.0033	T
896	0.00303	0.00304	T
897	0.0159	0.01819	A
898	0.00269	0.00274	T
899	0.03306	0.03522	A
900	0.00423	0.00437	T
901	0.21822	0.22158	A
902	0.00344	0.00367	G
903	0.02727	0.02807	A
904	0.00504	0.00504	G
905	0.00408	0.00412	G
906	0.00659	0.00877	A
907	0.0039	0.00434	G
908	0.0565	0.05743	A
909	0.19006	0.1925	C
910	0.07582	0.07582	A
911	0.13844	0.14216	A
912	0.00476	0.00525	G
913	0.00366	0.00384	T
914	0.02097	0.02127	C
915	0.00569	0.00637	G
916	0.00514	0.006	T
917	0.02937	0.02961	A
918	0.01833	0.01889	A
919	0.04723	0.04879	C
920	0.0185	0.01885	A
921	0.00462	0.00497	T
922	0.00293	0.00296	G
923	0.00248	0.0025	G
924	0.00174	0.00181	T
925	0.00286	0.00286	A
926	0.00182	0.00182	A
927	0.00102	0.00106	G
928	0.00029	0.00032	T
929	0.00083	0.00088	G
930	0.00034	0.00034	T
931	0.00035	0.0004	A
932	0.00028	0.00034	C
933	0.00034	0.00041	T
934	0.00177	0.00178	G
935	0.00115	0.00118	G
936	0.00026	0.00026	A
937	0.00022	0.00023	A
938	9e-05	9e-05	A
939	7e-05	0.00011	G
940	2e-05	5e-05	T
941	0.00017	0.00022	G
942	0.00011	0.00011	C
943	4e-05	7e-05	A
944	5e-05	7e-05	C
945	3e-05	3e-05	T
946	7e-05	7e-05	T
947	1e-05	1e-05	G
948	4e-05	5e-05	G
949	8e-05	0.00011	A
950	0.00093	0.00093	C
951	6e-05	6e-05	G
952	0.0	0.0	A
953	0.0	0.0	A
954	0.0	0.0	C
