Position	Mismatches	Mismatches + Deletions	Base
1	0.0	0.0	A
2	0.0	0.0	T
3	0.0	0.0	G
4	0.02276	0.02276	A
5	0.02775	0.03097	C
6	0.01637	0.01637	C
7	0.02256	0.02256	C
8	0.0226	0.02786	A
9	0.04043	0.04234	C
10	0.04532	0.04597	C
11	0.02243	0.02248	A
12	0.02501	0.02535	A
13	0.01791	0.01895	T
14	0.02902	0.03148	C
15	0.02225	0.02386	A
16	0.03322	0.03627	C
17	0.02327	0.02651	A
18	0.01984	0.02067	T
19	0.02005	0.02049	G
20	0.05397	0.05403	C
21	0.01943	0.01947	C
22	0.02356	0.02478	T
23	0.03502	0.03586	A
24	0.02407	0.02554	T
25	0.05747	0.06038	C
26	0.03733	0.04055	A
27	0.02074	0.02201	T
28	0.04502	0.04907	A
29	0.02246	0.02491	T
30	0.05292	0.05568	A
31	0.03316	0.03552	G
32	0.01924	0.02449	T
33	0.04251	0.04317	A
34	0.02855	0.02889	A
35	0.04142	0.04184	A
36	0.04414	0.04467	A
37	0.0548	0.05816	C
38	0.03331	0.03336	C
39	0.02627	0.02634	C
40	0.03848	0.05676	A
41	0.02603	0.02927	G
42	0.03829	0.03833	C
43	0.02819	0.02823	C
44	0.03416	0.03439	C
45	0.03787	0.0536	A
46	0.0256	0.02749	T
47	0.01104	0.01248	G
48	0.05369	0.05526	A
49	0.0144	0.01467	C
50	0.01166	0.01169	C
51	0.01246	0.01255	C
52	0.00986	0.00986	C
53	0.01542	0.01838	T
54	0.0652	0.06616	A
55	0.05813	0.05867	A
56	0.09512	0.09946	C
57	0.05969	0.06412	A
58	0.00533	0.00565	G
59	0.00453	0.00467	G
60	0.00486	0.00496	G
61	0.00701	0.00706	G
62	0.02511	0.02518	C
63	0.02322	0.02324	C
64	0.05045	0.05052	C
65	0.02152	0.02367	T
66	0.05078	0.05184	C
67	0.0237	0.03257	T
68	0.06051	0.06363	C
69	0.06242	0.06997	A
70	0.01584	0.01838	G
71	0.03879	0.03885	C
72	0.02318	0.02331	C
73	0.02437	0.02496	C
74	0.01666	0.02108	T
75	0.05113	0.05113	C
76	0.03496	0.03676	C
77	0.01899	0.02193	T
78	0.0435	0.04481	A
79	0.047	0.04781	A
80	0.01594	0.01682	T
81	0.01538	0.017	G
82	0.04801	0.04881	A
83	0.05489	0.05559	C
84	0.04155	0.04245	C
85	0.01546	0.01837	T
86	0.06482	0.06505	C
87	0.04537	0.04634	C
88	0.00746	0.00805	G
89	0.00771	0.00774	G
90	0.02912	0.02912	C
91	0.01739	0.01763	C
92	0.00974	0.01107	T
93	0.03342	0.03507	A
94	0.00643	0.00661	G
95	0.07681	0.07689	C
96	0.03565	0.03581	C
97	0.02208	0.02951	A
98	0.0096	0.01067	T
99	0.01168	0.01242	G
100	0.00861	0.00932	T
101	0.00912	0.0098	G
102	0.03891	0.04164	A
103	0.0116	0.01166	T
104	0.01247	0.01256	T
105	0.01326	0.01331	T
106	0.05899	0.06259	C
107	0.04302	0.04406	A
108	0.07255	0.0755	C
109	0.02113	0.02154	T
110	0.01938	0.01963	T
111	0.05285	0.05301	C
112	0.03881	0.04062	C
113	0.02982	0.03893	A
114	0.04783	0.04943	C
115	0.02054	0.02349	T
116	0.04019	0.04019	C
117	0.03747	0.03845	C
118	0.02377	0.04351	A
119	0.01582	0.02184	T
120	0.03793	0.03854	A
121	0.04148	0.04519	A
122	0.0591	0.06361	C
123	0.02095	0.02193	G
124	0.03203	0.0328	C
125	0.01363	0.01747	T
126	0.02878	0.02889	C
127	0.02142	0.0218	C
128	0.01492	0.01756	T
129	0.02789	0.02876	C
130	0.01806	0.02193	A
131	0.01334	0.01386	T
132	0.05175	0.05332	A
133	0.03443	0.03638	C
134	0.01629	0.01707	T
135	0.02142	0.02745	A
136	0.0075	0.0078	G
137	0.00854	0.00856	G
138	0.02144	0.02148	C
139	0.0122	0.01246	C
140	0.02357	0.02561	T
141	0.03059	0.03156	A
142	0.04658	0.04929	C
143	0.02248	0.02814	T
144	0.0289	0.02953	A
145	0.02883	0.03005	A
146	0.0433	0.04351	C
147	0.02864	0.02932	C
148	0.02189	0.02241	A
149	0.02348	0.02373	A
150	0.04274	0.04674	C
151	0.02851	0.03033	A
152	0.03917	0.0436	C
153	0.02394	0.02481	A
154	0.04055	0.04353	C
155	0.027	0.03051	T
156	0.02883	0.02918	A
157	0.03031	0.03074	A
158	0.03692	0.03734	C
159	0.03412	0.03438	C
160	0.02251	0.0292	A
161	0.02484	0.02599	T
162	0.03508	0.03803	A
163	0.02357	0.02529	T
164	0.04223	0.04317	A
165	0.04369	0.04448	C
166	0.03509	0.03609	C
167	0.02499	0.02508	A
168	0.03427	0.03521	A
169	0.02199	0.02289	T
170	0.01226	0.01416	G
171	0.03135	0.03275	A
172	0.024	0.02563	T
173	0.00661	0.00677	G
174	0.00801	0.00833	G
175	0.03232	0.03366	C
176	0.03222	0.03335	G
177	0.03353	0.03515	C
178	0.02945	0.03019	G
179	0.03343	0.03678	A
180	0.01687	0.01897	T
181	0.02085	0.02151	G
182	0.01586	0.01895	T
183	0.03749	0.0377	A
184	0.03497	0.03584	A
185	0.04792	0.05051	C
186	0.03304	0.03464	A
187	0.04962	0.05142	C
188	0.02972	0.0312	G
189	0.04042	0.04148	A
190	0.02609	0.02854	G
191	0.03538	0.03584	A
192	0.0305	0.03056	A
193	0.03662	0.03721	A
194	0.02739	0.02877	G
195	0.04019	0.04247	C
196	0.02833	0.03044	A
197	0.05358	0.0556	C
198	0.03413	0.03827	A
199	0.01474	0.01596	T
200	0.04281	0.04317	A
201	0.06266	0.06314	C
202	0.03918	0.04006	C
203	0.024	0.02411	A
204	0.03118	0.0328	A
205	0.01032	0.01049	G
206	0.00674	0.00685	G
207	0.01212	0.0123	C
208	0.00918	0.01002	C
209	0.03509	0.04715	A
210	0.05758	0.05766	C
211	0.04164	0.04663	C
212	0.01658	0.03852	A
213	0.05333	0.06084	C
214	0.0301	0.03829	A
215	0.05284	0.05963	C
216	0.03895	0.04174	A
217	0.05329	0.05334	C
218	0.04124	0.04785	C
219	0.03103	0.03749	A
220	0.06638	0.06648	C
221	0.02961	0.03116	C
222	0.02207	0.024	T
223	0.03026	0.03172	G
224	0.01759	0.02112	T
225	0.04835	0.04849	C
226	0.05604	0.05623	C
227	0.00538	0.00622	A
228	0.02588	0.02604	A
229	0.03535	0.03542	A
230	0.05084	0.05092	A
231	0.04751	0.04763	A
232	0.00603	0.00633	G
233	0.00575	0.00576	G
234	0.02254	0.02254	C
235	0.01816	0.01819	C
236	0.01702	0.01713	T
237	0.01532	0.01572	T
238	0.06302	0.06818	C
239	0.02059	0.02116	G
240	0.06326	0.06527	A
241	0.01592	0.01645	T
242	0.05992	0.0617	A
243	0.07805	0.08334	C
244	0.01131	0.0118	G
245	0.00835	0.00853	G
246	0.01102	0.01115	G
247	0.03541	0.05143	A
248	0.01497	0.02133	T
249	0.04521	0.04535	A
250	0.04565	0.05267	A
251	0.01169	0.01727	T
252	0.05351	0.05507	C
253	0.03554	0.03669	C
254	0.01489	0.01594	T
255	0.04823	0.0522	A
256	0.01527	0.01528	T
257	0.01447	0.01451	T
258	0.01111	0.01269	T
259	0.05445	0.06453	A
260	0.01322	0.01323	T
261	0.01563	0.01791	T
262	0.04789	0.0779	A
263	0.11819	0.12134	C
264	0.02286	0.02397	C
265	0.0092	0.01101	T
266	0.02404	0.0249	C
267	0.01967	0.02141	A
268	0.00877	0.01081	G
269	0.00424	0.00461	A
270	0.00771	0.00794	A
271	0.84775	0.86924	G
272	0.02163	0.02538	T
273	0.00657	0.00826	T
274	0.00551	0.00603	T
275	0.00557	0.00562	T
276	0.00344	0.00344	T
277	0.00471	0.00472	T
278	0.00389	0.00393	T
279	0.04746	0.0642	C
280	0.01028	0.01031	T
281	0.01474	0.01522	T
282	0.09093	0.10124	C
283	0.01733	0.02037	G
284	0.08429	0.08783	C
285	0.04938	0.05106	A
286	0.00832	0.00852	G
287	0.00956	0.01008	G
288	0.01568	0.01698	A
289	0.00567	0.00574	T
290	0.00676	0.00678	T
291	0.00344	0.00345	T
292	0.00517	0.00519	T
293	0.00273	0.00275	T
294	0.01988	0.02428	C
295	0.00978	0.01029	T
296	0.00736	0.00919	G
297	0.02673	0.02735	A
298	0.007	0.00746	G
299	0.05697	0.05741	C
300	0.04064	0.04151	C
301	0.00835	0.0084	T
302	0.00953	0.00957	T
303	0.00956	0.00956	T
304	0.01024	0.01033	T
305	0.04683	0.05837	A
306	0.0828	0.08326	C
307	0.04761	0.04807	C
308	0.02637	0.03625	A
309	0.07472	0.07669	C
310	0.01403	0.01617	T
311	0.06234	0.06238	C
312	0.04756	0.04943	C
313	0.03642	0.05916	A
314	0.0073	0.00772	G
315	0.03157	0.03165	C
316	0.01648	0.01687	C
317	0.01024	0.01177	T
318	0.06275	0.06847	A
319	0.01383	0.01528	G
320	0.02963	0.03001	C
321	0.0109	0.01138	C
322	0.02795	0.0282	C
323	0.0361	0.03656	C
324	0.01434	0.01821	T
325	0.04092	0.04656	A
326	0.02246	0.0228	C
327	0.01567	0.0165	C
328	0.01835	0.01973	C
329	0.02314	0.02345	C
330	0.02424	0.02443	C
331	0.03241	0.03258	C
332	0.02833	0.02905	A
333	0.04987	0.04992	A
334	0.01332	0.01337	T
335	0.00995	0.01003	T
336	0.04627	0.05546	A
337	0.00402	0.00413	G
338	0.00544	0.00547	G
339	0.04173	0.05028	A
340	0.0048	0.00483	G
341	0.00327	0.00329	G
342	0.00475	0.00477	G
343	0.03144	0.03518	C
344	0.05436	0.05564	A
345	0.06868	0.06979	C
346	0.00907	0.01012	T
347	0.00967	0.00977	G
348	0.00519	0.00532	G
349	0.02141	0.0215	C
350	0.03784	0.03802	C
351	0.03962	0.03968	C
352	0.03669	0.03674	C
353	0.05211	0.05211	C
354	0.03736	0.03857	A
355	0.04305	0.0442	A
356	0.08897	0.09287	C
357	0.03868	0.04143	A
358	0.00584	0.00605	G
359	0.00712	0.0072	G
360	0.0355	0.03628	C
361	0.05487	0.05648	A
362	0.01744	0.02154	T
363	0.05257	0.05679	C
364	0.03437	0.03828	A
365	0.07548	0.07559	C
366	0.04382	0.04394	C
367	0.03383	0.03383	C
368	0.04303	0.0432	C
369	0.02533	0.0274	G
370	0.04308	0.04396	C
371	0.01135	0.01334	T
372	0.02362	0.02419	A
373	0.03597	0.03625	A
374	0.04027	0.04073	A
375	0.02174	0.02412	T
376	0.0365	0.0375	C
377	0.02821	0.02841	C
378	0.04026	0.04038	C
379	0.03932	0.03944	C
380	0.02164	0.0235	T
381	0.05496	0.05716	A
382	0.01357	0.01493	G
383	0.03125	0.03136	A
384	0.03526	0.03654	A
385	0.01582	0.01663	G
386	0.02307	0.02593	T
387	0.02316	0.0235	C
388	0.02609	0.02622	C
389	0.03387	0.03411	C
390	0.02747	0.03284	A
391	0.04063	0.04158	C
392	0.03267	0.0356	T
393	0.03189	0.03189	C
394	0.02002	0.02066	C
395	0.01668	0.01931	T
396	0.02742	0.0283	A
397	0.03145	0.03214	A
398	0.02668	0.02681	A
399	0.04731	0.05192	C
400	0.03071	0.03304	A
401	0.04593	0.04913	C
402	0.02778	0.02908	A
403	0.01524	0.02046	T
404	0.0374	0.03748	C
405	0.03462	0.03502	C
406	0.02695	0.02923	G
407	0.01603	0.01722	T
408	0.03182	0.03349	A
409	0.0159	0.0159	T
410	0.01664	0.01721	T
411	0.02521	0.04182	A
412	0.03644	0.03778	C
413	0.01905	0.02051	T
414	0.03183	0.03341	C
415	0.01222	0.01382	G
416	0.02362	0.02655	C
417	0.03837	0.03933	A
418	0.01213	0.01534	T
419	0.03254	0.0337	C
420	0.03314	0.03495	A
421	0.00449	0.00455	G
422	0.00294	0.00298	G
423	0.02081	0.02667	A
424	0.01337	0.01364	G
425	0.01865	0.02022	T
426	0.03953	0.04017	A
427	0.02322	0.02397	T
428	0.04995	0.05144	C
429	0.03516	0.03625	A
430	0.04199	0.04537	A
431	0.02078	0.02326	T
432	0.03693	0.03981	C
433	0.03323	0.0338	A
434	0.02395	0.02412	C
435	0.01748	0.01789	C
436	0.00942	0.01058	T
437	0.00893	0.01018	G
438	0.02761	0.02841	A
439	0.01162	0.01183	G
440	0.02889	0.02995	C
441	0.02457	0.02644	T
442	0.0434	0.04431	C
443	0.02964	0.031	A
444	0.05289	0.05289	C
445	0.039	0.04032	C
446	0.02697	0.03423	A
447	0.0196	0.02098	T
448	0.03787	0.03914	A
449	0.02499	0.02596	G
450	0.02172	0.02259	T
451	0.03415	0.03473	C
452	0.01774	0.02477	T
453	0.03576	0.03643	A
454	0.03086	0.03144	A
455	0.02416	0.02692	T
456	0.03485	0.03632	A
457	0.02145	0.02759	G
458	0.02877	0.02895	A
459	0.01999	0.01999	A
460	0.03344	0.03351	A
461	0.03145	0.0318	A
462	0.04396	0.05415	C
463	0.02839	0.02839	A
464	0.03166	0.03233	A
465	0.04403	0.04495	C
466	0.02863	0.02954	C
467	0.03163	0.03742	G
468	0.01977	0.02112	A
469	0.02653	0.02722	A
470	0.0291	0.02921	A
471	0.04517	0.04579	C
472	0.03183	0.03333	C
473	0.01476	0.0151	A
474	0.02927	0.02953	A
475	0.03213	0.03277	A
476	0.0117	0.02375	T
477	0.0352	0.0352	A
478	0.04164	0.04699	A
479	0.01823	0.01846	T
480	0.01548	0.0159	T
481	0.06288	0.06743	C
482	0.02978	0.03012	A
483	0.03486	0.03542	A
484	0.01708	0.01914	G
485	0.0336	0.03615	C
486	0.04473	0.04888	A
487	0.07026	0.07289	C
488	0.02216	0.02463	T
489	0.01269	0.01333	G
490	0.03555	0.03757	C
491	0.01163	0.0117	T
492	0.01171	0.01307	T
493	0.03276	0.04982	A
494	0.01531	0.01537	T
495	0.01446	0.01597	T
496	0.02616	0.05032	A
497	0.08881	0.09434	C
498	0.03664	0.03707	A
499	0.04304	0.04587	A
500	0.01101	0.01112	T
501	0.01	0.01002	T
502	0.0071	0.00719	T
503	0.00941	0.00947	T
504	0.0538	0.07525	A
505	0.09908	0.10159	C
506	0.01433	0.01708	T
507	0.00704	0.00717	G
508	0.00572	0.00578	G
509	0.00657	0.00704	G
510	0.00795	0.00845	T
511	0.06123	0.0624	C
512	0.0114	0.01215	T
513	0.07397	0.07695	C
514	0.01359	0.01375	T
515	0.06009	0.06249	A
516	0.00801	0.00801	T
517	0.01117	0.01117	T
518	0.00796	0.00797	T
519	0.01074	0.01086	T
520	0.03519	0.04247	A
521	0.02895	0.02925	C
522	0.01746	0.01756	C
523	0.01731	0.01753	C
524	0.01015	0.01272	T
525	0.07879	0.07893	C
526	0.04223	0.0463	C
527	0.01235	0.01361	T
528	0.04979	0.05465	A
529	0.08776	0.09092	C
530	0.04359	0.04523	A
531	0.05272	0.05534	A
532	0.00902	0.01021	G
533	0.04843	0.04849	C
534	0.0277	0.028	C
535	0.01212	0.01787	T
536	0.05465	0.05586	C
537	0.04854	0.05432	A
538	0.0078	0.00816	G
539	0.04605	0.04781	A
540	0.01265	0.01302	G
541	0.014	0.01449	T
542	0.04062	0.0414	A
543	0.06714	0.069	C
544	0.01198	0.01205	T
545	0.01149	0.01157	T
546	0.06625	0.07108	C
547	0.01059	0.0115	G
548	0.05112	0.05307	A
549	0.01229	0.01273	G
550	0.0125	0.01345	T
551	0.02758	0.02843	C
552	0.01011	0.0139	T
553	0.04919	0.04954	C
554	0.07276	0.07283	C
555	0.05662	0.05903	C
556	0.01289	0.01337	T
557	0.01432	0.0147	T
558	0.05399	0.06337	C
559	0.04722	0.04994	A
560	0.07818	0.07828	C
561	0.05602	0.05825	C
562	0.05779	0.06639	A
563	0.00795	0.00809	T
564	0.0125	0.01256	T
565	0.00689	0.00692	T
566	0.0542	0.05446	C
567	0.0374	0.03838	C
568	0.01185	0.01463	G
569	0.05069	0.05301	A
570	0.06683	0.06997	C
571	0.00896	0.00917	G
572	0.00745	0.00751	G
573	0.05515	0.05735	C
574	0.05405	0.05502	A
575	0.01248	0.01311	T
576	0.05062	0.05159	C
577	0.00876	0.01008	T
578	0.05852	0.0708	A
579	0.08321	0.08576	C
580	0.00725	0.00751	G
581	0.00695	0.00722	G
582	0.01669	0.01785	C
583	0.00698	0.00867	T
584	0.0381	0.03939	C
585	0.04294	0.04406	A
586	0.04169	0.042	A
587	0.09831	0.10142	C
588	0.01779	0.01864	A
589	0.00444	0.00457	T
590	0.00481	0.00485	T
591	0.004	0.004	T
592	0.00625	0.00625	T
593	0.00585	0.00585	T
594	0.00465	0.00466	T
595	0.01158	0.0144	G
596	0.01015	0.01282	T
597	0.02666	0.02913	A
598	0.00935	0.00958	G
599	0.00704	0.00711	C
600	0.00745	0.00768	C
601	0.06575	0.09047	A
602	0.09565	0.10488	C
603	0.03882	0.05745	A
604	0.00621	0.00659	G
605	0.0072	0.00731	G
606	0.04212	0.04307	C
607	0.00849	0.00857	T
608	0.00781	0.00799	T
609	0.04451	0.04454	C
610	0.05505	0.05577	C
611	0.04397	0.05749	A
612	0.06947	0.07191	C
613	0.00936	0.01012	G
614	0.00548	0.00559	G
615	0.02823	0.03447	A
616	0.07623	0.07734	C
617	0.0086	0.00884	T
618	0.00991	0.0105	T
619	0.05759	0.06312	C
620	0.05346	0.05585	A
621	0.10426	0.10606	C
622	0.01098	0.01211	G
623	0.00856	0.01301	T
624	0.04532	0.04589	C
625	0.06099	0.06328	A
626	0.01046	0.01053	T
627	0.0102	0.01079	T
628	0.04086	0.08408	A
629	0.01114	0.01116	T
630	0.01301	0.01315	T
631	0.00952	0.00982	G
632	0.00771	0.00791	G
633	0.03612	0.03786	C
634	0.00985	0.01139	T
635	0.06636	0.06895	C
636	0.04487	0.04646	A
637	0.05135	0.05158	A
638	0.09513	0.09891	C
639	0.00706	0.00723	T
640	0.01087	0.01103	T
641	0.00763	0.00771	T
642	0.05633	0.05697	C
643	0.03599	0.0373	C
644	0.01062	0.01314	T
645	0.05446	0.05657	C
646	0.03496	0.03858	A
647	0.07204	0.07693	C
648	0.01014	0.01101	T
649	0.05803	0.06356	A
650	0.00837	0.00883	T
651	0.06901	0.07145	C
652	0.01039	0.01086	T
653	0.00666	0.00761	G
654	0.0435	0.04486	C
655	0.00594	0.00596	T
656	0.00538	0.00566	T
657	0.03379	0.03628	C
658	0.03579	0.03969	A
659	0.01181	0.01563	T
660	0.06737	0.06814	C
661	0.05392	0.05759	C
662	0.00596	0.00706	G
663	0.01611	0.0162	C
664	0.01937	0.01996	C
665	0.01664	0.01716	A
666	0.03102	0.0311	A
667	0.07484	0.07862	C
668	0.00816	0.00967	T
669	0.03751	0.03791	A
670	0.03569	0.03722	A
671	0.00743	0.00783	T
672	0.05368	0.05587	A
673	0.00644	0.00645	T
674	0.0084	0.0085	T
675	0.00903	0.00915	T
676	0.06694	0.07067	C
677	0.04493	0.04552	A
678	0.0838	0.08627	C
679	0.00842	0.00863	T
680	0.00897	0.0092	T
681	0.00971	0.00995	T
682	0.05415	0.06215	A
683	0.07255	0.07794	C
684	0.0454	0.04695	A
685	0.01093	0.01318	T
686	0.04049	0.04116	C
687	0.03271	0.03375	C
688	0.01843	0.01917	A
689	0.04378	0.04564	A
690	0.04675	0.04703	A
691	0.06643	0.07491	C
692	0.04348	0.04591	A
693	0.00701	0.00903	T
694	0.06248	0.06523	C
695	0.0508	0.05178	A
696	0.09364	0.09737	C
697	0.00613	0.00632	T
698	0.00748	0.00749	T
699	0.00777	0.00777	T
700	0.00458	0.00472	G
701	0.00446	0.00451	G
702	0.03902	0.04009	C
703	0.00719	0.00724	T
704	0.01274	0.01283	T
705	0.09327	0.09962	C
706	0.00961	0.01136	G
707	0.03692	0.03813	A
708	0.03566	0.03631	A
709	0.0073	0.00829	G
710	0.01193	0.01233	C
711	0.04477	0.04549	C
712	0.01133	0.01407	G
713	0.06961	0.06973	C
714	0.04788	0.0496	C
715	0.00618	0.0071	G
716	0.03099	0.03099	C
717	0.02083	0.02094	C
718	0.00602	0.00813	T
719	0.00781	0.01219	G
720	0.06327	0.06492	A
721	0.00983	0.01031	T
722	0.06019	0.06208	A
723	0.09911	0.10273	C
724	0.00957	0.01146	T
725	0.00545	0.00562	G
726	0.00587	0.00604	G
727	0.02249	0.02305	C
728	0.06957	0.07048	A
729	0.00425	0.00427	T
730	0.00591	0.00594	T
731	0.00775	0.00775	T
732	0.00878	0.0088	T
733	0.01074	0.01425	G
734	0.00515	0.00532	T
735	0.04173	0.04289	A
736	0.00755	0.0078	G
737	0.03432	0.03611	A
738	0.00485	0.0051	T
739	0.00989	0.01029	G
740	0.01233	0.01306	T
741	0.00784	0.00786	G
742	0.0093	0.01007	G
743	0.00695	0.007	T
744	0.0103	0.01043	T
745	0.0088	0.00883	T
746	0.00758	0.00957	G
747	0.0341	0.03539	A
748	0.04788	0.05007	C
749	0.00588	0.00602	T
750	0.0912	0.09942	A
751	0.00355	0.0036	T
752	0.00904	0.00906	T
753	0.0091	0.00914	T
754	0.08999	0.09557	C
755	0.01101	0.01111	T
756	0.01249	0.01515	G
757	0.00716	0.00749	T
758	0.05541	0.05769	A
759	0.01179	0.01189	T
760	0.01031	0.0109	G
761	0.0054	0.00574	T
762	0.01285	0.01322	C
763	0.00944	0.01023	T
764	0.02082	0.02089	C
765	0.01306	0.01379	C
766	0.01535	0.02149	A
767	0.00374	0.00386	T
768	0.02418	0.02538	C
769	0.00612	0.00631	T
770	0.05135	0.05457	A
771	0.00672	0.00672	T
772	0.01076	0.01089	T
773	0.00821	0.00936	G
774	0.04319	0.04412	A
775	0.0195	0.0198	T
776	0.01126	0.01268	G
777	0.06	0.06175	A
778	0.00944	0.00944	G
779	0.00592	0.00592	G
780	0.00987	0.00987	G
781	0.00462	0.00502	T
782	0.01828	0.01876	C
783	0.00423	0.00423	T
784	0.00023	0.00023	T
785	0.0	0.0	A
786	0.0	0.0	A
