Position	Mismatches	Mismatches + Deletions	Base
1	0.0	0.0	G
2	0.0	0.0	C
3	0.0	0.0	T
4	0.00377	0.00377	A
5	0.06093	0.06093	A
6	0.04853	0.04853	A
7	0.02386	0.02535	C
8	0.01317	0.01327	C
9	0.01082	0.01287	T
10	0.00157	0.00167	A
11	0.00633	0.00717	G
12	0.00082	0.00084	C
13	0.00099	0.00099	C
14	0.00103	0.00103	C
15	0.05329	0.05329	C
16	0.00165	0.00191	A
17	0.00462	0.00475	A
18	0.00264	0.00264	A
19	0.01947	0.01969	C
20	0.12068	0.12086	C
21	0.02013	0.02106	C
22	0.00672	0.00853	A
23	0.01735	0.01889	C
24	0.00586	0.01329	T
25	0.05896	0.05896	C
26	0.07402	0.07525	C
27	0.00738	0.00923	A
28	0.04594	0.04594	C
29	0.00593	0.00623	C
30	0.00102	0.00127	T
31	0.00149	0.00175	T
32	0.04114	0.07339	A
33	0.05474	0.05707	C
34	0.0017	0.00428	T
35	0.00705	0.00821	A
36	0.11136	0.11252	C
37	0.03442	0.03512	C
38	0.0106	0.02677	A
39	0.01133	0.0132	G
40	0.02885	0.02974	A
41	0.0469	0.0593	C
42	0.03284	0.03291	A
43	0.033	0.03407	A
44	0.12323	0.12372	C
45	0.06499	0.06742	C
46	0.00235	0.00243	T
47	0.00412	0.00418	T
48	0.01588	0.02732	A
49	0.01455	0.01518	G
50	0.12519	0.12551	C
51	0.01382	0.01402	C
52	0.00886	0.00902	A
53	0.01473	0.01476	A
54	0.01682	0.01683	A
55	0.03783	0.03802	C
56	0.02038	0.02046	C
57	0.01162	0.01331	A
58	0.00335	0.00366	T
59	0.00284	0.00301	T
60	0.00297	0.0031	T
61	0.01255	0.01413	A
62	0.06514	0.06524	C
63	0.07817	0.07825	C
64	0.10064	0.10091	C
65	0.0152	0.01578	A
66	0.09971	0.10063	A
67	0.03618	0.03639	A
68	0.00486	0.00526	T
69	0.00835	0.00836	A
70	0.00403	0.00403	A
71	0.00874	0.00885	A
72	0.00235	0.00279	G
73	0.00089	0.00107	T
74	0.27698	0.27944	A
75	0.002	0.00237	T
76	0.00708	0.00748	A
77	0.00168	0.00173	G
78	0.00207	0.0021	G
79	0.01073	0.01105	C
80	0.00275	0.0028	G
81	0.02171	0.02229	A
82	0.0021	0.00238	T
83	0.00626	0.00655	A
84	0.00256	0.00293	G
85	0.00391	0.00392	A
86	0.10557	0.10557	A
87	0.0103	0.01046	A
88	0.00079	0.00085	T
89	0.00146	0.00151	T
90	0.00237	0.00275	G
91	0.01882	0.01887	A
92	0.01371	0.01378	A
93	0.01401	0.01415	A
94	0.0529	0.0539	C
95	0.04865	0.04969	C
96	0.00827	0.01013	T
97	0.00374	0.0038	G
98	0.00853	0.00855	G
99	0.0083	0.00843	C
100	0.00633	0.00642	G
101	0.0031	0.00336	C
102	0.00646	0.00654	A
103	0.08386	0.08392	A
104	0.00153	0.00181	T
105	0.00449	0.00467	A
106	0.00124	0.00133	G
107	0.03091	0.03105	A
108	0.00158	0.00169	T
109	0.0133	0.0135	A
110	0.01115	0.01132	T
111	0.01113	0.01166	A
112	0.00424	0.00464	G
113	0.00152	0.00176	T
114	0.01646	0.01682	A
115	0.00352	0.00354	C
116	0.00834	0.00838	C
117	0.00175	0.0021	G
118	0.01541	0.01676	C
119	0.00533	0.0055	A
120	0.00565	0.00574	A
121	0.00162	0.00164	G
122	0.00156	0.00157	G
123	0.00137	0.00142	G
124	0.02213	0.0223	A
125	0.01653	0.01663	A
126	0.00891	0.00894	A
127	0.00413	0.0047	G
128	0.01248	0.01269	A
129	0.00646	0.0074	T
130	0.0035	0.00462	G
131	0.00168	0.00182	A
132	0.01097	0.01107	A
133	0.01416	0.01418	A
134	0.00622	0.00626	A
135	0.02577	0.02587	A
136	0.01133	0.01153	T
137	0.01126	0.01221	T
138	0.02938	0.04906	A
139	0.00472	0.00627	T
140	0.04242	0.04242	A
141	0.05041	0.05156	A
142	0.04834	0.0488	C
143	0.01317	0.01331	C
144	0.00352	0.00353	A
145	0.0108	0.01088	A
146	0.00243	0.0029	G
147	0.00838	0.00854	C
148	0.03118	0.03164	A
149	0.00755	0.00818	T
150	0.09355	0.09355	A
151	0.04544	0.04843	A
152	0.02849	0.02933	T
153	0.0288	0.03241	A
154	0.00349	0.00368	T
155	0.01756	0.01811	A
156	0.00394	0.00417	G
157	0.01676	0.01728	C
158	0.00989	0.00994	A
159	0.0118	0.01203	A
160	0.00178	0.00178	G
161	0.00162	0.00168	G
162	0.01803	0.02315	A
163	0.01999	0.02122	C
164	0.00642	0.01253	T
165	0.05224	0.05456	A
166	0.0056	0.00647	A
167	0.06136	0.06215	C
168	0.01595	0.01803	C
169	0.0059	0.00597	C
170	0.00509	0.00515	C
171	0.00101	0.00156	T
172	0.01801	0.02095	A
173	0.00206	0.00308	T
174	0.01413	0.01466	A
175	0.01908	0.01941	C
176	0.04986	0.05005	C
177	0.00074	0.00089	T
178	0.00107	0.00107	T
179	0.03592	0.04407	C
180	0.0022	0.0023	T
181	0.00192	0.0022	G
182	0.03347	0.03375	C
183	0.02223	0.02246	A
184	0.00178	0.00215	T
185	0.02459	0.02467	A
186	0.02202	0.0232	A
187	0.00282	0.00296	T
188	0.00255	0.00276	G
189	0.00913	0.00915	A
190	0.00804	0.00812	A
191	0.00239	0.00242	T
192	0.00287	0.00289	T
193	0.00899	0.00904	A
194	0.01736	0.01752	A
195	0.03307	0.03404	C
196	0.00246	0.00268	T
197	0.0164	0.01814	A
198	0.00346	0.00392	G
199	0.00719	0.00723	A
200	0.01729	0.01731	A
201	0.0231	0.02332	A
202	0.00284	0.00323	T
203	0.11129	0.11131	A
204	0.01611	0.01715	A
205	0.00779	0.00834	C
206	0.00394	0.00403	T
207	0.00239	0.00239	T
208	0.00615	0.00615	T
209	0.01893	0.01978	G
210	0.00296	0.00426	C
211	0.00307	0.00319	A
212	0.0042	0.0042	A
213	0.00196	0.00197	G
214	0.00207	0.00211	G
215	0.00979	0.01408	A
216	0.00238	0.0029	G
217	0.00734	0.00866	A
218	0.00224	0.00255	G
219	0.0017	0.00179	C
220	0.00217	0.00238	C
221	0.00084	0.00097	A
222	0.02722	0.02728	A
223	0.00136	0.00138	A
224	0.00307	0.00421	G
225	0.00204	0.00434	C
226	0.00058	0.00211	T
227	0.00138	0.00143	A
228	0.00087	0.00091	A
229	0.00106	0.00131	G
230	0.00141	0.00153	A
231	0.00277	0.00279	C
232	0.00087	0.00087	C
233	0.0006	0.0006	C
234	0.00041	0.00041	C
235	0.00097	0.00097	C
236	0.00142	0.00191	G
237	0.00079	0.00081	A
238	0.00123	0.00123	A
239	0.00587	0.00587	A
240	0.00161	0.00161	C
241	0.00189	0.00192	C
242	0.00093	0.00147	A
243	0.00066	0.00071	G
244	0.00136	0.00143	A
245	0.00266	0.00287	C
246	0.00284	0.00301	G
247	0.00718	0.00731	A
248	0.0022	0.00229	G
249	0.00518	0.00564	C
250	0.00165	0.00224	T
251	0.00208	0.00213	A
252	0.00224	0.00224	C
253	0.00188	0.00194	C
254	0.00082	0.00128	T
255	0.00368	0.00371	A
256	0.14128	0.14167	A
257	0.00251	0.00311	G
258	0.00488	0.00488	A
259	0.00493	0.00493	A
260	0.01178	0.01232	C
261	0.09067	0.09099	A
262	0.00166	0.00167	G
263	0.00615	0.00663	C
264	0.00226	0.0028	T
265	0.0588	0.05939	A
266	0.04581	0.04594	A
267	0.09209	0.09211	A
268	0.13283	0.13321	A
269	0.00349	0.00389	G
270	0.03011	0.03105	A
271	0.00336	0.00343	G
272	0.01241	0.01705	C
273	0.01576	0.01807	A
274	0.55557	0.56415	C
275	0.0113	0.01246	A
276	0.00733	0.00733	C
277	0.00591	0.00591	C
278	0.00678	0.00678	C
279	0.00404	0.00485	G
280	0.00416	0.00423	T
281	0.02272	0.02299	C
282	0.00219	0.00249	T
283	0.02062	0.02187	A
284	0.00233	0.00263	T
285	0.00494	0.00605	G
286	0.01111	0.01229	T
287	0.11657	0.11849	A
288	0.00444	0.00507	G
289	0.08551	0.09132	C
290	0.00988	0.00994	A
291	0.01377	0.01394	A
292	0.02064	0.02069	A
293	0.01185	0.01197	A
294	0.00268	0.00307	T
295	0.01662	0.01779	A
296	0.01543	0.01624	G
297	0.00439	0.00493	T
298	0.00263	0.00265	G
299	0.00198	0.00202	G
300	0.00303	0.00338	G
301	0.03092	0.03099	A
302	0.04836	0.04842	A
303	0.00427	0.00451	G
304	0.01085	0.01104	A
305	0.00086	0.00096	T
306	0.00104	0.00104	T
307	0.00112	0.00115	T
308	0.03421	0.03643	A
309	0.00396	0.00457	T
310	0.00382	0.00394	A
311	0.00216	0.00231	G
312	0.00155	0.00212	G
313	0.00142	0.0015	T
314	0.00303	0.00335	A
315	0.00109	0.0014	G
316	0.04403	0.04608	A
317	0.00443	0.00443	G
318	0.00375	0.0039	G
319	0.00491	0.00541	C
320	0.00182	0.00203	G
321	0.00569	0.00583	A
322	0.02531	0.02649	C
323	0.00371	0.00375	A
324	0.00524	0.00524	A
325	0.00314	0.00314	A
326	0.00411	0.00418	C
327	0.00242	0.00242	C
328	0.00126	0.00162	T
329	0.00367	0.00389	A
330	0.01799	0.01804	C
331	0.00151	0.00158	C
332	0.00143	0.00169	G
333	0.01818	0.01845	A
334	0.00189	0.00202	G
335	0.00213	0.00216	C
336	0.00172	0.00178	C
337	0.00065	0.00075	T
338	0.00159	0.00159	G
339	0.00124	0.0013	G
340	0.00166	0.00176	T
341	0.0018	0.00207	G
342	0.0051	0.00568	A
343	0.00177	0.00193	T
344	0.01266	0.01301	A
345	0.00672	0.00692	G
346	0.03469	0.03543	C
347	0.00647	0.00693	T
348	0.00329	0.0033	G
349	0.00584	0.00587	G
350	0.00293	0.00293	T
351	0.00571	0.00575	T
352	0.01032	0.01126	G
353	0.01308	0.01318	T
354	0.00446	0.00448	C
355	0.0039	0.00391	C
356	0.00446	0.00449	A
357	0.00535	0.00536	A
358	0.00155	0.00161	G
359	0.02931	0.02977	A
360	0.00264	0.00268	T
361	0.06172	0.06202	A
362	0.00319	0.00349	G
363	0.01473	0.01473	A
364	0.02094	0.02139	A
365	0.00174	0.00186	T
366	0.04822	0.04916	C
367	0.00213	0.00213	T
368	0.00246	0.00247	T
369	0.0185	0.02225	A
370	0.01024	0.01043	G
371	0.00137	0.00139	T
372	0.00213	0.00224	T
373	0.01046	0.01101	C
374	0.52583	0.52629	A
375	0.00912	0.0092	A
376	0.00806	0.00833	C
377	0.00069	0.0007	T
378	0.00059	0.00061	T
379	0.00056	0.00057	T
380	0.00187	0.00197	A
381	0.00559	0.00561	A
382	0.01232	0.01235	A
383	0.00124	0.00125	T
384	0.00221	0.00222	T
385	0.00865	0.00869	T
386	0.00887	0.00992	G
387	0.00584	0.00609	C
388	0.00382	0.00389	C
389	0.0105	0.0109	C
390	0.03057	0.04097	A
391	0.68917	0.69532	C
392	0.00866	0.00981	A
393	0.00279	0.00542	G
394	0.00706	0.00789	A
395	0.02667	0.0278	A
396	0.42066	0.42182	C
397	0.05989	0.06015	C
398	0.07925	0.08018	C
399	0.01172	0.01485	T
400	0.10618	0.10811	C
401	0.0251	0.02597	T
402	0.02832	0.02896	A
403	0.16444	0.16487	A
404	0.06021	0.06122	A
405	0.00437	0.00496	T
406	0.01582	0.01606	C
407	0.02282	0.02304	C
408	0.02729	0.02732	C
409	0.04814	0.04825	C
410	0.00152	0.00157	T
411	0.00072	0.00075	T
412	0.00173	0.00216	G
413	0.00102	0.00128	T
414	0.00306	0.00317	A
415	0.01523	0.01547	A
416	0.02541	0.02561	A
417	0.00089	0.0009	T
418	0.00091	0.00091	T
419	0.00105	0.00106	T
420	0.00559	0.00564	A
421	0.00981	0.00988	A
422	0.0398	0.04007	C
423	0.00173	0.00178	T
424	0.00383	0.00448	G
425	0.00169	0.0017	T
426	0.00129	0.00138	T
427	0.08575	0.09484	A
428	0.00293	0.00302	G
429	0.00358	0.00365	T
430	0.00112	0.00112	C
431	0.00079	0.00085	C
432	0.00143	0.00145	A
433	0.00221	0.00223	A
434	0.00237	0.00239	A
435	0.00223	0.00232	G
436	0.00378	0.00406	A
437	0.00268	0.0027	G
438	0.00288	0.00318	G
439	0.02562	0.02582	A
440	0.02555	0.02608	A
441	0.04432	0.04754	C
442	0.03005	0.03059	A
443	0.00327	0.00352	G
444	0.00101	0.00105	C
445	0.00038	0.0004	T
446	0.00061	0.00066	C
447	0.00031	0.00032	T
448	0.0004	0.0004	T
449	0.00028	0.00028	T
450	0.00074	0.00075	G
451	0.00099	0.001	G
452	0.00038	0.00046	A
453	0.00064	0.00067	C
454	0.00521	0.00526	A
455	0.53096	0.53136	C
456	0.00098	0.00103	T
457	0.0041	0.00416	A
458	0.00168	0.00169	G
459	0.00433	0.00442	G
460	0.00397	0.00402	A
461	0.00339	0.00341	A
462	0.00515	0.00516	A
463	0.02559	0.0256	A
464	0.0098	0.0098	A
465	0.00655	0.00655	A
466	0.00436	0.00444	C
467	0.003	0.00302	C
468	0.00153	0.00154	T
469	0.00168	0.0017	T
470	0.00211	0.0026	G
471	0.00133	0.00167	T
472	0.08648	0.08744	A
473	0.00143	0.0016	G
474	0.00192	0.0026	A
475	0.00246	0.00253	G
476	0.00342	0.00353	A
477	0.0012	0.00125	G
478	0.00186	0.00197	A
479	0.00163	0.00173	G
480	0.00179	0.00215	T
481	0.00071	0.00075	A
482	0.00062	0.00063	A
483	0.00077	0.00077	A
484	0.00274	0.00274	A
485	0.01244	0.01244	A
486	0.00736	0.00738	A
487	0.00163	0.00171	T
488	0.00264	0.00266	T
489	0.00121	0.00128	T
490	0.00666	0.00673	A
491	0.01773	0.01792	A
492	0.02893	0.03103	C
493	0.00984	0.01013	A
494	0.02825	0.02828	C
495	0.02506	0.02508	C
496	0.0123	0.01252	C
497	0.00556	0.00714	A
498	0.0007	0.00075	T
499	0.00593	0.00604	A
500	0.00134	0.00146	G
501	0.00045	0.00052	T
502	0.04396	0.04513	A
503	0.00067	0.00068	G
504	0.00057	0.00059	G
505	0.00149	0.00149	C
506	0.0013	0.00132	C
507	0.00046	0.00058	T
508	0.00875	0.00889	A
509	0.00706	0.0071	A
510	0.01171	0.01171	A
511	0.06094	0.06104	A
512	0.0031	0.00387	G
513	0.00821	0.00901	C
514	0.0346	0.03492	A
515	0.00188	0.00194	G
516	0.00128	0.00129	C
517	0.00155	0.00165	C
518	0.00432	0.00534	A
519	0.01316	0.01316	C
520	0.01549	0.01559	C
521	0.00653	0.00655	A
522	0.01573	0.01578	A
523	0.00147	0.00151	T
524	0.00482	0.0049	T
525	0.03546	0.03568	A
526	0.05643	0.05732	A
527	0.00369	0.00425	G
528	0.00609	0.0061	A
529	0.06444	0.06449	A
530	0.01138	0.0115	A
531	0.00233	0.00247	G
532	0.0061	0.0066	C
533	0.00301	0.00316	G
534	0.0023	0.00265	T
535	0.00698	0.00705	T
536	0.09801	0.10263	C
537	0.03213	0.03271	A
538	0.08484	0.08537	A
539	0.00222	0.0024	G
540	0.00376	0.00402	C
541	0.00216	0.0026	T
542	0.00753	0.00821	C
543	0.00589	0.00642	A
544	0.02432	0.02505	A
545	0.22083	0.2355	C
546	0.01084	0.0116	A
547	0.0511	0.05121	C
548	0.07609	0.07622	C
549	0.05346	0.05512	C
550	0.01498	0.02432	A
551	0.05162	0.0548	C
552	0.00591	0.00725	T
553	0.04702	0.04801	A
554	0.11865	0.11894	C
555	0.07867	0.08164	C
556	0.01245	0.01477	T
557	0.00081	0.00094	A
558	0.0013	0.00135	A
559	0.01101	0.01104	A
560	0.00971	0.00971	A
561	0.01098	0.011	A
562	0.00679	0.00679	A
563	0.00625	0.00705	T
564	0.01137	0.01147	C
565	0.01795	0.01805	C
566	0.00481	0.00508	C
567	0.02338	0.02387	A
568	0.12486	0.12523	A
569	0.02536	0.02539	A
570	0.01912	0.02151	C
571	0.0037	0.00404	A
572	0.00524	0.00571	T
573	0.02448	0.02588	A
574	0.00377	0.00496	T
575	0.13674	0.13675	A
576	0.07155	0.07386	A
577	0.08445	0.08871	C
578	0.00114	0.0013	T
579	0.00445	0.00493	G
580	0.00243	0.00252	A
581	0.24848	0.24869	A
582	0.00204	0.00218	C
583	0.00152	0.00219	T
584	0.00378	0.00379	C
585	0.00288	0.00297	C
586	0.00566	0.00673	T
587	0.00393	0.00473	C
588	0.01312	0.01744	A
589	0.02803	0.03701	C
590	0.02155	0.02375	A
591	0.08616	0.08616	C
592	0.06145	0.06146	C
593	0.0262	0.02754	C
594	0.00628	0.00636	A
595	0.00766	0.00768	A
596	0.00156	0.00159	T
597	0.00281	0.00282	T
598	0.00319	0.00326	G
599	0.0051	0.00517	G
600	0.01061	0.01164	A
601	0.00467	0.00468	C
602	0.01042	0.01046	C
603	0.01707	0.01711	A
604	0.0046	0.00465	A
605	0.001	0.0011	T
606	0.00343	0.0035	C
607	0.00232	0.00256	T
608	0.00385	0.00405	A
609	0.00411	0.00679	T
610	0.00376	0.00445	C
611	0.02429	0.02903	A
612	0.09005	0.0902	C
613	0.05792	0.05798	C
614	0.13352	0.13675	C
615	0.0011	0.00134	T
616	0.0053	0.00555	A
617	0.0011	0.00118	T
618	0.0104	0.01061	A
619	0.00495	0.00531	G
620	0.01588	0.01588	A
621	0.01488	0.01534	A
622	0.00382	0.00469	G
623	0.14951	0.14952	A
624	0.03067	0.03109	A
625	0.03536	0.03757	C
626	0.00741	0.00928	T
627	0.01442	0.01445	A
628	0.0054	0.00545	A
629	0.00238	0.0024	T
630	0.00191	0.00194	G
631	0.0007	0.0007	T
632	0.00067	0.00068	T
633	0.00653	0.00778	A
634	0.00969	0.00986	G
635	0.00118	0.00124	T
636	0.00973	0.01018	A
637	0.00131	0.00147	T
638	0.01109	0.01109	A
639	0.01345	0.01376	A
640	0.00262	0.00284	G
641	0.00135	0.00163	T
642	0.08251	0.08255	A
643	0.00931	0.00951	A
644	0.00924	0.00971	C
645	0.03193	0.03284	A
646	0.00806	0.00855	T
647	0.00381	0.00459	G
648	0.00926	0.00937	A
649	0.00474	0.00549	A
650	0.21985	0.22034	A
651	0.0328	0.03294	A
652	0.22281	0.26929	C
653	0.11142	0.11208	A
654	0.00167	0.00169	T
655	0.00185	0.00188	T
656	0.00665	0.00801	C
657	0.00147	0.00154	T
658	0.00548	0.00548	C
659	0.00267	0.00277	C
660	0.00368	0.00462	T
661	0.0945	0.0945	C
662	0.17039	0.171	C
663	0.00359	0.00392	G
664	0.00513	0.00521	C
665	0.00579	0.00686	A
666	0.00442	0.00515	T
667	0.03688	0.03703	A
668	0.50879	0.5233	A
669	0.00181	0.00199	G
670	0.0166	0.01666	C
671	0.00863	0.00889	C
672	0.00209	0.00216	T
673	0.00217	0.00235	G
674	0.47853	0.48542	C
675	0.00218	0.00225	G
676	0.00081	0.0011	T
677	0.00673	0.0069	C
678	0.01384	0.01567	A
679	0.00792	0.00849	G
680	0.08856	0.09062	A
681	0.00959	0.00979	T
682	0.00816	0.00935	T
683	0.02646	0.02668	A
684	0.02143	0.02169	A
685	0.0377	0.03821	A
686	0.06926	0.06982	A
687	0.11145	0.13748	C
688	0.03203	0.03242	A
689	0.09617	0.1032	C
690	0.00355	0.00378	T
691	0.00616	0.00713	G
692	0.04857	0.04869	A
693	0.04954	0.0498	A
694	0.00706	0.00717	C
695	0.00148	0.00157	T
696	0.00353	0.00392	G
697	0.00428	0.00449	A
698	0.00514	0.00542	C
699	0.01549	0.01562	A
700	0.05065	0.05081	A
701	0.0014	0.00144	T
702	0.0022	0.00221	T
703	0.01154	0.01158	A
704	0.02338	0.02381	A
705	0.01488	0.01534	C
706	0.01087	0.01211	A
707	0.00466	0.00579	G
708	0.01811	0.01818	C
709	0.08498	0.08511	C
710	0.02359	0.02362	C
711	0.00454	0.0047	A
712	0.0072	0.00737	A
713	0.00189	0.00211	T
714	0.01077	0.01113	A
715	0.00194	0.00267	T
716	0.13842	0.1392	C
717	0.0064	0.00687	T
718	0.01764	0.01823	A
719	0.02414	0.02495	C
720	0.0622	0.0623	A
721	0.07443	0.0753	A
722	0.00377	0.00523	T
723	0.01571	0.01715	C
724	0.01375	0.01405	A
725	0.05353	0.05362	A
726	0.08777	0.08807	C
727	0.06625	0.0668	C
728	0.01208	0.01229	A
729	0.02202	0.0223	A
730	0.03046	0.03181	C
731	0.06019	0.06026	A
732	0.07662	0.07817	A
733	0.0028	0.00332	G
734	0.00461	0.00518	T
735	0.08566	0.08602	C
736	0.01678	0.01715	A
737	0.00195	0.00197	T
738	0.00229	0.00233	T
739	0.01693	0.02662	A
740	0.00261	0.00261	T
741	0.00295	0.00323	T
742	0.03243	0.05913	A
743	0.04423	0.04498	C
744	0.06785	0.06807	C
745	0.05207	0.05229	C
746	0.00625	0.00706	T
747	0.03384	0.03424	C
748	0.03822	0.03876	A
749	0.00794	0.008	C
750	0.00222	0.00236	T
751	0.00217	0.00242	G
752	0.00174	0.00245	T
753	0.01397	0.01463	C
754	0.02112	0.02135	A
755	0.05828	0.05855	A
756	0.02589	0.02611	C
757	0.01734	0.01742	C
758	0.01597	0.01613	C
759	0.01919	0.0196	A
760	0.00868	0.00895	A
761	0.05921	0.06135	C
762	0.01894	0.02026	A
763	0.02153	0.02283	C
764	0.0164	0.0186	A
765	0.00205	0.00211	G
766	0.00224	0.00239	G
767	0.11917	0.12062	C
768	0.00382	0.00427	A
769	0.00083	0.00117	T
770	0.00128	0.00143	G
771	0.00162	0.00173	C
772	0.00066	0.00088	T
773	0.01297	0.01345	C
774	0.00328	0.00364	A
775	0.00056	0.00112	T
776	0.00162	0.00162	A
777	0.00249	0.00252	A
778	0.00082	0.00083	G
779	0.00087	0.00094	G
780	0.00081	0.00082	A
781	0.00154	0.00154	A
782	0.00117	0.00118	A
783	0.00142	0.00144	G
784	0.00078	0.00079	G
785	0.00087	0.00096	T
786	0.00067	0.00076	T
787	0.00028	0.00029	A
788	0.00011	0.00012	A
789	0.00053	0.00053	A
790	0.00128	0.00128	A
791	0.00088	0.00088	A
792	0.00089	0.00089	A
793	0.00138	0.00138	A
794	0.00332	0.00406	G
795	0.00258	0.00328	T
796	0.00126	0.00146	A
797	0.0018	0.0019	A
798	0.00349	0.00349	A
799	0.00456	0.00456	A
800	0.00176	0.00177	G
801	0.00148	0.00155	G
802	0.00807	0.00812	A
803	0.0074	0.00745	A
804	0.04174	0.04606	C
805	0.00398	0.00463	T
806	0.06113	0.06152	C
807	0.00149	0.00149	G
808	0.00125	0.00125	G
809	0.00405	0.00422	C
810	0.00725	0.00726	A
811	0.01368	0.01372	A
812	0.01473	0.01474	A
813	0.00299	0.00328	T
814	0.05957	0.06011	C
815	0.00454	0.00454	T
816	0.00423	0.00431	T
817	0.00883	0.01346	A
818	0.00816	0.00818	C
819	0.00583	0.00587	C
820	0.00584	0.00588	C
821	0.0126	0.01264	C
822	0.00273	0.00328	G
823	0.02387	0.02387	C
824	0.01615	0.01619	C
825	0.0024	0.00283	T
826	0.0031	0.0039	G
827	0.00297	0.00297	T
828	0.0026	0.0026	T
829	0.00357	0.00365	T
830	0.01573	0.01728	A
831	0.04114	0.04116	C
832	0.05808	0.05826	C
833	0.00305	0.00344	A
834	0.0072	0.0074	A
835	0.00715	0.00718	A
836	0.02445	0.02451	A
837	0.01234	0.01235	A
838	0.03273	0.03528	C
839	0.02096	0.02194	A
840	0.00304	0.00367	T
841	0.06141	0.06226	C
842	0.02383	0.02416	A
843	0.00612	0.00614	C
844	0.00403	0.00418	C
845	0.00089	0.00126	T
846	0.01057	0.01159	C
847	0.00151	0.00188	T
848	0.00983	0.01122	A
849	0.00296	0.00349	G
850	0.00896	0.00939	C
851	0.05338	0.05471	A
852	0.00232	0.0034	T
853	0.04109	0.0429	C
854	0.04181	0.04249	A
855	0.07593	0.07593	C
856	0.01846	0.01863	C
857	0.00585	0.00759	A
858	0.00123	0.00124	G
859	0.00096	0.00107	T
860	0.00822	0.00829	A
861	0.00104	0.00104	T
862	0.00098	0.00098	T
863	0.0036	0.004	A
864	0.00215	0.00222	G
865	0.01611	0.01656	A
866	0.00292	0.00292	G
867	0.00376	0.00384	G
868	0.04766	0.04991	C
869	0.00998	0.01061	A
870	0.04908	0.04915	C
871	0.0614	0.06233	C
872	0.0038	0.00433	G
873	0.0115	0.0115	C
874	0.02173	0.02193	C
875	0.00664	0.00819	T
876	0.00443	0.00496	G
877	0.01671	0.01671	C
878	0.00963	0.00969	C
879	0.03422	0.03442	C
880	0.06335	0.08197	A
881	0.00326	0.0036	G
882	0.0029	0.00327	T
883	0.00233	0.00264	G
884	0.0101	0.01082	A
885	0.03131	0.03415	C
886	0.02962	0.03014	A
887	0.06075	0.06426	C
888	0.01124	0.01146	A
889	0.00347	0.00391	T
890	0.00309	0.00367	G
891	0.00164	0.00164	T
892	0.00247	0.00247	T
893	0.00209	0.00209	T
894	0.02046	0.02059	A
895	0.02174	0.02196	A
896	0.04575	0.04708	C
897	0.00294	0.00294	G
898	0.00182	0.00182	G
899	0.01569	0.01569	C
900	0.06524	0.06537	C
901	0.00299	0.00365	G
902	0.00211	0.00222	C
903	0.00239	0.00239	G
904	0.00316	0.00322	G
905	0.00195	0.00198	T
906	0.03476	0.03599	A
907	0.05938	0.0596	C
908	0.04475	0.04488	C
909	0.02917	0.02939	C
910	0.003	0.00355	T
911	0.02523	0.02532	A
912	0.0174	0.0174	A
913	0.03382	0.03389	C
914	0.0249	0.02497	C
915	0.0089	0.01269	G
916	0.00348	0.00414	T
917	0.00587	0.00611	G
918	0.06407	0.07178	C
919	0.03849	0.03912	A
920	0.05936	0.0595	A
921	0.04364	0.04366	A
922	0.02022	0.0203	G
923	0.00678	0.0068	G
924	0.00643	0.00711	T
925	0.06474	0.06511	A
926	0.00915	0.00974	G
927	0.08256	0.08436	C
928	0.05722	0.05822	A
929	0.00422	0.00492	T
930	0.02832	0.02832	A
931	0.04098	0.04522	A
932	0.00352	0.00437	T
933	0.18375	0.18752	C
934	0.05916	0.05971	A
935	0.05939	0.0643	C
936	0.00294	0.003	T
937	0.00535	0.00537	T
938	0.00321	0.0035	G
939	0.00089	0.00089	T
940	0.00083	0.00083	T
941	0.0054	0.00552	C
942	0.00431	0.00431	C
943	0.00141	0.00141	T
944	0.00266	0.00275	T
945	0.00145	0.00395	A
946	0.00452	0.00457	A
947	0.54517	0.54629	A
948	0.00201	0.00255	T
949	0.01969	0.02197	A
950	0.00153	0.00192	G
951	0.00253	0.00253	G
952	0.0028	0.0028	G
953	0.0088	0.00935	A
954	0.01091	0.01096	C
955	0.1149	0.11494	C
956	0.00411	0.00474	T
957	0.00507	0.00554	G
958	0.00579	0.00611	T
959	0.03482	0.03502	A
960	0.0063	0.00654	T
961	0.00696	0.00745	G
962	0.04643	0.04683	A
963	0.05408	0.05499	A
964	0.01393	0.01425	T
965	0.00845	0.00845	G
966	0.0057	0.00581	G
967	0.01572	0.01736	C
968	0.01111	0.01252	T
969	0.03239	0.03248	C
970	0.031	0.03169	C
971	0.01553	0.02111	A
972	0.06754	0.0709	C
973	0.00571	0.00617	G
974	0.04418	0.04663	A
975	0.00717	0.00717	G
976	0.00508	0.00515	G
977	0.00741	0.00741	G
978	0.00461	0.00462	T
979	0.00261	0.00265	T
980	0.15635	0.16555	C
981	0.08825	0.09621	A
982	0.00223	0.00239	G
983	0.01003	0.0103	C
984	0.00112	0.00115	T
985	0.00253	0.00265	G
986	0.00129	0.00136	T
987	0.02041	0.02056	C
988	0.00119	0.00139	T
989	0.02098	0.02132	C
990	0.00123	0.00125	T
991	0.00109	0.00111	T
992	0.00536	0.00812	A
993	0.01872	0.01895	C
994	0.00056	0.00056	T
995	0.00055	0.00055	T
996	0.00065	0.00065	T
997	0.00089	0.00089	T
998	0.01231	0.0125	A
999	0.01131	0.01134	A
1000	0.01417	0.01419	C
1001	0.00763	0.00763	C
1002	0.06035	0.06817	A
1003	0.00141	0.00145	G
1004	0.00059	0.00061	T
1005	0.00137	0.00142	G
1006	0.00936	0.00938	A
1007	0.05153	0.05155	A
1008	0.01545	0.01549	A
1009	0.00196	0.00197	T
1010	0.00216	0.00216	T
1011	0.00278	0.00294	G
1012	0.00959	0.00968	A
1013	0.0066	0.00661	C
1014	0.00437	0.00438	C
1015	0.02448	0.03612	T
1016	0.01181	0.01282	G
1017	0.00299	0.003	C
1018	0.00118	0.00118	C
1019	0.00306	0.00306	C
1020	0.00236	0.00279	G
1021	0.00181	0.00192	T
1022	0.00278	0.00323	G
1023	0.00986	0.00996	A
1024	0.01722	0.01729	A
1025	0.00167	0.00195	G
1026	0.01	0.01119	A
1027	0.00121	0.00121	G
1028	0.00108	0.00112	G
1029	0.00439	0.00519	C
1030	0.00104	0.00104	G
1031	0.00069	0.00069	G
1032	0.00078	0.00088	G
1033	0.00074	0.00082	C
1034	0.00062	0.0007	A
1035	0.00028	0.00033	T
1036	0.05275	0.05275	A
1037	0.00393	0.00779	A
1038	0.01977	0.02695	C
1039	0.00098	0.00123	A
1040	0.0276	0.03266	C
1041	0.00185	0.00201	A
1042	0.00123	0.00147	G
1043	0.01453	0.01548	C
1044	0.01194	0.01208	A
1045	0.00795	0.00823	A
1046	0.00194	0.00233	G
1047	0.01308	0.0134	A
1048	0.09397	0.09463	C
1049	0.00933	0.01039	G
1050	0.01561	0.01615	A
1051	0.00463	0.0049	G
1052	0.12386	0.12387	A
1053	0.048	0.04878	A
1054	0.00451	0.00522	G
1055	0.06996	0.07031	A
1056	0.00562	0.00578	C
1057	0.00127	0.00128	C
1058	0.00112	0.00113	C
1059	0.00081	0.00086	T
1060	0.00508	0.00517	A
1061	0.00113	0.00115	T
1062	0.00394	0.00397	G
1063	0.00402	0.00405	G
1064	0.0141	0.01663	A
1065	0.00263	0.00266	G
1066	0.00966	0.00984	C
1067	0.00063	0.00064	T
1068	0.0009	0.0009	T
1069	0.00727	0.00734	T
1070	0.01248	0.01261	A
1071	0.01206	0.01264	A
1072	0.00101	0.00102	T
1073	0.00087	0.00088	T
1074	0.001	0.00103	T
1075	0.07725	0.09419	A
1076	0.00119	0.00119	T
1077	0.0008	0.00084	T
1078	0.01	0.01006	A
1079	0.01055	0.01063	A
1080	0.00208	0.00226	T
1081	0.00495	0.00543	G
1082	0.0105	0.01245	C
1083	0.01116	0.01137	A
1084	0.02388	0.02437	A
1085	0.04139	0.04164	A
1086	0.21237	0.22119	C
1087	0.08887	0.09065	A
1088	0.0129	0.01812	G
1089	0.00444	0.0061	T
1090	0.02834	0.02892	A
1091	0.25025	0.25162	C
1092	0.07426	0.07894	C
1093	0.00627	0.01026	T
1094	0.0377	0.04036	A
1095	0.04349	0.0455	A
1096	0.14584	0.15508	C
1097	0.04659	0.04865	A
1098	0.18503	0.18541	A
1099	0.00727	0.00797	A
1100	0.01314	0.01391	C
1101	0.00876	0.00911	C
1102	0.02073	0.02086	C
1103	0.01405	0.01824	A
1104	0.24203	0.24435	C
1105	0.00765	0.00899	A
1106	0.00447	0.00463	G
1107	0.00539	0.00553	G
1108	0.00135	0.00154	T
1109	0.02355	0.02357	C
1110	0.03434	0.03446	C
1111	0.00239	0.00314	T
1112	0.00475	0.00497	A
1113	0.04605	0.04631	A
1114	0.04919	0.04937	A
1115	0.12267	0.13258	C
1116	0.00434	0.00539	T
1117	0.02439	0.02653	A
1118	0.0496	0.05127	C
1119	0.04213	0.04297	C
1120	0.01416	0.01519	A
1121	0.03539	0.03637	A
1122	0.03965	0.03978	A
1123	0.08982	0.09135	C
1124	0.02826	0.02943	C
1125	0.00099	0.00114	T
1126	0.00177	0.00195	G
1127	0.00341	0.00356	C
1128	0.00654	0.00686	A
1129	0.00159	0.00161	T
1130	0.00185	0.00202	T
1131	0.00105	0.0011	A
1132	0.00386	0.0039	A
1133	0.00468	0.00469	A
1134	0.00667	0.00672	A
1135	0.0073	0.00735	A
1136	0.00158	0.00163	T
1137	0.00073	0.00073	T
1138	0.00096	0.00096	T
1139	0.01429	0.01517	C
1140	0.00202	0.00204	G
1141	0.00247	0.00249	G
1142	0.00277	0.00278	T
1143	0.00473	0.00481	T
1144	0.00124	0.00126	G
1145	0.00128	0.00129	G
1146	0.00111	0.00111	G
1147	0.00112	0.00113	G
1148	0.0172	0.02142	C
1149	0.00093	0.00096	G
1150	0.00185	0.00221	A
1151	0.00422	0.00426	C
1152	0.00091	0.00094	C
1153	0.00028	0.00033	T
1154	0.00116	0.00134	C
1155	0.00121	0.00123	G
1156	0.00032	0.00034	G
1157	0.00117	0.0013	A
1158	0.00064	0.0007	G
1159	0.00512	0.00521	C
1160	0.00308	0.00316	A
1161	0.00147	0.00207	G
1162	0.00279	0.00281	A
1163	0.00382	0.00397	A
1164	0.01319	0.01329	C
1165	0.00783	0.00783	C
1166	0.01192	0.01192	C
1167	0.00253	0.00261	A
1168	0.00586	0.00587	A
1169	0.01666	0.01671	C
1170	0.00078	0.00078	C
1171	0.0005	0.00062	T
1172	0.00136	0.00136	C
1173	0.00095	0.00095	C
1174	0.00144	0.00167	G
1175	0.0014	0.00156	A
1176	0.00275	0.00282	G
1177	0.05703	0.05753	C
1178	0.01096	0.01116	A
1179	0.0021	0.00219	G
1180	0.00155	0.00185	T
1181	0.05306	0.05328	A
1182	0.03914	0.04142	C
1183	0.01678	0.01732	A
1184	0.00271	0.00285	T
1185	0.00299	0.00309	G
1186	0.00188	0.00205	C
1187	0.00135	0.00148	T
1188	0.012	0.01202	A
1189	0.01523	0.01525	A
1190	0.00632	0.00642	G
1191	0.01435	0.01576	A
1192	0.00478	0.0049	C
1193	0.00181	0.00184	T
1194	0.00347	0.00355	T
1195	0.05113	0.05674	C
1196	0.01245	0.01301	A
1197	0.04774	0.04774	C
1198	0.13117	0.13174	C
1199	0.00488	0.00633	A
1200	0.00347	0.00371	G
1201	0.00056	0.00138	T
1202	0.00177	0.00185	C
1203	0.1046	0.10467	A
1204	0.23636	0.23723	A
1205	0.04965	0.04997	A
1206	0.00157	0.00179	G
1207	0.00223	0.00237	C
1208	0.00448	0.00519	G
1209	0.03133	0.03216	A
1210	0.05462	0.05474	A
1211	0.17713	0.18317	C
1212	0.0079	0.00816	T
1213	0.05739	0.05887	A
1214	0.11805	0.12472	C
1215	0.00656	0.00733	T
1216	0.08163	0.08778	A
1217	0.007	0.01091	T
1218	0.07891	0.08167	A
1219	0.1857	0.19406	C
1220	0.00821	0.0086	T
1221	0.14223	0.1455	C
1222	0.01434	0.01472	A
1223	0.02277	0.023	A
1224	0.0037	0.00372	T
1225	0.00671	0.00673	T
1226	0.00339	0.00395	G
1227	0.01861	0.01885	A
1228	0.01025	0.01055	T
1229	0.12818	0.1284	C
1230	0.02619	0.0265	C
1231	0.01624	0.01671	A
1232	0.01385	0.01455	A
1233	0.00694	0.0081	T
1234	0.05643	0.05647	A
1235	0.06339	0.06672	A
1236	0.1712	0.17932	C
1237	0.00307	0.00322	T
1238	0.00627	0.00636	T
1239	0.00628	0.00791	G
1240	0.01586	0.01611	A
1241	0.07585	0.07588	C
1242	0.01917	0.01947	C
1243	0.07372	0.07382	A
1244	0.01454	0.01454	A
1245	0.0323	0.03368	C
1246	0.00258	0.00281	G
1247	0.00259	0.00271	G
1248	0.00743	0.00745	A
1249	0.01238	0.0125	A
1250	0.04545	0.04646	C
1251	0.00571	0.00571	A
1252	0.00577	0.00582	A
1253	0.01931	0.02068	G
1254	0.00085	0.00088	T
1255	0.00092	0.00097	T
1256	0.00963	0.01469	A
1257	0.00498	0.00501	C
1258	0.00168	0.00171	C
1259	0.00363	0.00369	C
1260	0.00108	0.00119	T
1261	0.00363	0.004	A
1262	0.0014	0.0014	G
1263	0.00112	0.00113	G
1264	0.00195	0.00196	G
1265	0.01349	0.0226	A
1266	0.00196	0.00276	T
1267	0.02027	0.02029	A
1268	0.02376	0.02432	A
1269	0.05998	0.06271	C
1270	0.018	0.01929	A
1271	0.00215	0.00238	G
1272	0.03709	0.03909	C
1273	0.00352	0.00364	G
1274	0.05333	0.05652	C
1275	0.00855	0.00863	A
1276	0.01086	0.01094	A
1277	0.0013	0.00144	T
1278	0.00803	0.00807	C
1279	0.00512	0.00512	C
1280	0.00103	0.00103	T
1281	0.00868	0.00939	A
1282	0.00123	0.00123	T
1283	0.00166	0.00176	T
1284	0.03211	0.0401	C
1285	0.00157	0.00187	T
1286	0.19443	0.19901	A
1287	0.00234	0.00248	G
1288	0.01291	0.01416	A
1289	0.0027	0.00282	G
1290	0.00841	0.00867	T
1291	0.10809	0.10819	C
1292	0.02537	0.02559	C
1293	0.02033	0.02753	A
1294	0.00311	0.00343	T
1295	0.09249	0.09297	A
1296	0.00185	0.00216	T
1297	0.02429	0.02502	C
1298	0.01529	0.01533	A
1299	0.02047	0.02049	A
1300	0.05779	0.05895	C
1301	0.00826	0.00826	A
1302	0.00928	0.00945	A
1303	0.00137	0.00152	T
1304	0.01011	0.01052	A
1305	0.00191	0.00191	G
1306	0.00215	0.00215	G
1307	0.00437	0.00437	G
1308	0.00156	0.00164	T
1309	0.00185	0.00185	T
1310	0.00256	0.00256	T
1311	0.02539	0.02678	A
1312	0.02727	0.02816	C
1313	0.0036	0.00386	G
1314	0.01463	0.01558	A
1315	0.01197	0.01199	C
1316	0.03204	0.03229	C
1317	0.00184	0.00225	T
1318	0.03039	0.03106	C
1319	0.00296	0.00302	G
1320	0.07254	0.07274	A
1321	0.00319	0.00332	T
1322	0.00416	0.00445	G
1323	0.00212	0.00212	T
1324	0.0028	0.0028	T
1325	0.00313	0.00315	G
1326	0.00163	0.00163	G
1327	0.00515	0.0059	A
1328	0.00121	0.00141	T
1329	0.01495	0.0152	C
1330	0.01382	0.01503	A
1331	0.00259	0.0026	G
1332	0.00192	0.00193	G
1333	0.00326	0.00422	A
1334	0.00963	0.00994	C
1335	0.03226	0.03377	A
1336	0.00313	0.00369	T
1337	0.01221	0.01223	C
1338	0.01193	0.01193	C
1339	0.04978	0.0498	C
1340	0.00408	0.005	G
1341	0.0382	0.0388	A
1342	0.0051	0.00518	T
1343	0.00927	0.00942	G
1344	0.01345	0.01346	G
1345	0.00293	0.00306	T
1346	0.00573	0.00819	G
1347	0.1034	0.11774	C
1348	0.07349	0.08137	A
1349	0.00802	0.00873	G
1350	0.15736	0.15808	C
1351	0.03008	0.03079	C
1352	0.00364	0.00449	G
1353	0.02542	0.02597	C
1354	0.00237	0.00239	T
1355	0.03429	0.03484	A
1356	0.00396	0.00396	T
1357	0.00391	0.00397	T
1358	0.0311	0.03122	A
1359	0.04949	0.04977	A
1360	0.05707	0.05712	A
1361	0.00391	0.00394	G
1362	0.00683	0.00683	G
1363	0.00363	0.00364	T
1364	0.00247	0.00254	T
1365	0.03016	0.03073	C
1366	0.02252	0.02295	G
1367	0.00074	0.00077	T
1368	0.00137	0.00142	T
1369	0.01101	0.0112	T
1370	0.01061	0.01987	G
1371	0.01416	0.01417	T
1372	0.00926	0.0096	T
1373	0.18071	0.19588	C
1374	0.04052	0.04096	A
1375	0.03591	0.0361	A
1376	0.04539	0.04638	C
1377	0.01776	0.01807	G
1378	0.03117	0.03216	A
1379	0.00412	0.0044	T
1380	0.00517	0.00534	T
1381	0.04002	0.04016	A
1382	0.05721	0.05737	A
1383	0.29643	0.29838	A
1384	0.0073	0.00787	G
1385	0.00347	0.00369	T
1386	0.02196	0.02207	C
1387	0.01528	0.01549	C
1388	0.00671	0.00796	T
1389	0.12167	0.12428	A
1390	0.27111	0.27478	C
1391	0.01676	0.01875	G
1392	0.01234	0.01419	T
1393	0.00859	0.01014	G
1394	0.07477	0.07894	A
1395	0.00638	0.00664	T
1396	0.09059	0.0914	C
1397	0.00579	0.00616	T
1398	0.01634	0.01853	G
1399	0.1107	0.11401	A
1400	0.01838	0.019	G
1401	0.01265	0.0131	T
1402	0.01048	0.01061	T
1403	0.13518	0.14467	C
1404	0.14693	0.15656	A
1405	0.00497	0.00525	G
1406	0.01156	0.0123	A
1407	0.01477	0.01485	C
1408	0.00952	0.00961	C
1409	0.00308	0.00309	G
1410	0.00278	0.00281	G
1411	0.03594	0.04396	A
1412	0.00669	0.00699	G
1413	0.01251	0.0154	T
1414	0.09275	0.09293	A
1415	0.06803	0.07005	A
1416	0.00206	0.0035	T
1417	0.01232	0.0124	C
1418	0.02025	0.02032	C
1419	0.06647	0.14217	A
1420	0.00805	0.00814	G
1421	0.00531	0.00534	G
1422	0.00087	0.00097	T
1423	0.00748	0.00753	C
1424	0.00646	0.00652	G
1425	0.00883	0.00899	G
1426	0.00246	0.00246	T
1427	0.01571	0.01572	T
1428	0.00761	0.00763	T
1429	0.13401	0.13777	C
1430	0.00624	0.00637	T
1431	0.14313	0.14712	A
1432	0.00511	0.00565	T
1433	0.09721	0.10035	C
1434	0.00436	0.00496	T
1435	0.04029	0.04441	A
1436	0.10069	0.10603	C
1437	0.00282	0.00311	T
1438	0.00434	0.00439	T
1439	0.11073	0.11795	C
1440	0.01701	0.01726	A
1441	0.06055	0.0608	A
1442	0.04982	0.05019	A
1443	0.00432	0.00448	T
1444	0.00674	0.00679	T
1445	0.03887	0.0389	C
1446	0.02154	0.02193	C
1447	0.00609	0.00715	T
1448	0.01762	0.01762	C
1449	0.03892	0.03892	C
1450	0.03115	0.03165	C
1451	0.00279	0.0031	T
1452	0.00496	0.00733	G
1453	0.00373	0.00402	T
1454	0.02519	0.02571	A
1455	0.05259	0.05359	C
1456	0.00372	0.00425	G
1457	0.03271	0.03307	A
1458	0.02715	0.02731	A
1459	0.01715	0.01723	A
1460	0.00239	0.00247	G
1461	0.00132	0.00134	G
1462	0.01162	0.01674	A
1463	0.09905	0.10136	C
1464	0.03628	0.03629	A
1465	0.03586	0.03639	A
1466	0.00261	0.00312	G
1467	0.00833	0.00909	A
1468	0.00445	0.00483	G
1469	0.00413	0.00413	A
1470	0.00779	0.00779	A
1471	0.00793	0.00793	A
1472	0.00211	0.00255	T
1473	0.00535	0.00535	A
1474	0.0033	0.00337	A
1475	0.00128	0.00128	G
1476	0.00159	0.00162	G
1477	0.00133	0.00136	C
1478	0.00103	0.00106	C
1479	0.009	0.00959	T
1480	0.00132	0.00148	A
1481	0.00209	0.00223	C
1482	0.00109	0.00114	T
1483	0.00058	0.00061	T
1484	0.04587	0.04719	C
1485	0.01035	0.01064	A
1486	0.08231	0.08382	C
1487	0.01004	0.01009	A
1488	0.00796	0.00797	A
1489	0.00545	0.00554	A
1490	0.00348	0.00353	G
1491	0.00884	0.0089	C
1492	0.00225	0.00253	G
1493	0.00121	0.00121	C
1494	0.00111	0.00114	C
1495	0.00078	0.00087	T
1496	0.00095	0.0012	T
1497	0.02973	0.03005	C
1498	0.0815	0.08197	C
1499	0.10239	0.10302	C
1500	0.08904	0.08925	C
1501	0.14819	0.14835	C
1502	0.00216	0.00253	G
1503	0.00192	0.0023	T
1504	0.00954	0.00961	A
1505	0.02086	0.02088	A
1506	0.10298	0.10313	A
1507	0.00243	0.00256	T
1508	0.00499	0.00556	G
1509	0.00977	0.01016	A
1510	0.01399	0.01427	T
1511	0.04099	0.04142	A
1512	0.0027	0.00327	T
1513	0.08226	0.08473	C
1514	0.02881	0.03205	A
1515	0.00708	0.00839	T
1516	0.04356	0.04487	C
1517	0.00563	0.00943	T
1518	0.0172	0.01878	C
1519	0.1891	0.1946	A
1520	0.04051	0.04071	A
1521	0.01854	0.02067	C
1522	0.00174	0.00186	T
1523	0.00475	0.00498	T
1524	0.0067	0.00901	A
1525	0.00329	0.00393	G
1526	0.21932	0.21995	T
1527	0.03508	0.03546	A
1528	0.00209	0.00211	T
1529	0.00289	0.003	T
1530	0.01066	0.01548	A
1531	0.00286	0.00366	T
1532	0.01036	0.01128	A
1533	0.03052	0.03122	C
1534	0.0208	0.02092	C
1535	0.01784	0.01792	C
1536	0.0022	0.00368	A
1537	0.00845	0.00938	C
1538	0.00687	0.00794	A
1539	0.0074	0.0074	C
1540	0.00607	0.00607	C
1541	0.01033	0.01055	C
1542	0.0024	0.00312	A
1543	0.00068	0.00068	C
1544	0.00056	0.00056	C
1545	0.00067	0.00067	C
1546	0.00164	0.00164	A
1547	0.00313	0.00314	A
1548	0.0006	0.00069	G
1549	0.00118	0.00118	A
1550	0.00273	0.00276	A
1551	0.00998	0.0102	C
1552	0.00144	0.00146	A
1553	0.00028	0.00028	G
1554	0.00031	0.00031	G
1555	0.00051	0.00051	G
1556	2e-05	2e-05	T
1557	0.0	0.0	T
1558	0.0	0.0	T
