Position	Mismatches	Mismatches + Deletions	Base
1	0.0	0.0	A
2	0.0	0.0	C
3	0.0	0.0	A
4	0.00726	0.00726	T
5	0.04428	0.04428	A
6	0.05049	0.05162	C
7	0.03188	0.03188	C
8	0.03379	0.03379	C
9	0.03837	0.05404	A
10	0.00835	0.00951	T
11	0.00873	0.00873	G
12	0.00663	0.00665	G
13	0.03592	0.03592	C
14	0.03526	0.03562	C
15	0.0354	0.0361	A
16	0.05132	0.05137	A
17	0.0589	0.05914	C
18	0.02932	0.03019	C
19	0.0059	0.00686	T
20	0.04552	0.04552	C
21	0.03327	0.03476	C
22	0.00792	0.009	T
23	0.04687	0.05382	A
24	0.0646	0.0671	C
25	0.00674	0.00763	T
26	0.04296	0.04306	C
27	0.04145	0.04323	C
28	0.00813	0.0095	T
29	0.05882	0.06035	C
30	0.05092	0.05872	A
31	0.00935	0.00939	T
32	0.01152	0.0117	T
33	0.01627	0.02056	G
34	0.01001	0.01157	T
35	0.05916	0.06253	A
36	0.09461	0.09523	C
37	0.04296	0.04308	C
38	0.03573	0.03618	C
39	0.0473	0.05242	A
40	0.00833	0.00844	T
41	0.00747	0.0078	T
42	0.05189	0.06465	C
43	0.01261	0.01443	T
44	0.04565	0.04923	A
45	0.06098	0.06317	A
46	0.01189	0.01308	T
47	0.07043	0.07313	C
48	0.00991	0.01054	G
49	0.0707	0.07396	C
50	0.04513	0.04565	A
51	0.05173	0.05244	A
52	0.01201	0.01272	T
53	0.00698	0.00703	G
54	0.00726	0.00734	G
55	0.04576	0.04726	C
56	0.04297	0.04535	A
57	0.00716	0.00718	T
58	0.00727	0.00733	T
59	0.07848	0.0786	C
60	0.0537	0.05429	C
61	0.01041	0.01298	T
62	0.02702	0.02959	A
63	0.03943	0.04012	A
64	0.00791	0.00835	T
65	0.00683	0.00746	G
66	0.02823	0.02921	C
67	0.00852	0.00862	T
68	0.00993	0.01062	T
69	0.02968	0.05781	A
70	0.09495	0.09526	C
71	0.03788	0.0385	C
72	0.01399	0.01756	G
73	0.03502	0.03585	A
74	0.04856	0.04892	A
75	0.09535	0.10071	C
76	0.01832	0.02293	G
77	0.00516	0.00585	A
78	0.0285	0.02897	A
79	0.01733	0.01743	A
80	0.03882	0.03899	A
81	0.05894	0.05909	A
82	0.00916	0.00955	T
83	0.01043	0.01056	T
84	0.06834	0.08251	C
85	0.01035	0.01115	T
86	0.06684	0.07597	A
87	0.00702	0.00714	G
88	0.00709	0.00724	G
89	0.03649	0.03853	C
90	0.00925	0.00994	T
91	0.0472	0.04961	A
92	0.00988	0.01114	T
93	0.0642	0.06701	A
94	0.00975	0.01247	T
95	0.04878	0.05003	A
96	0.07761	0.08623	C
97	0.04021	0.04024	A
98	0.05161	0.05287	A
99	0.07469	0.08164	C
100	0.00892	0.00977	T
101	0.06066	0.06438	A
102	0.09289	0.09463	C
103	0.00684	0.00737	G
104	0.04094	0.04431	C
105	0.03726	0.03771	A
106	0.04421	0.04479	A
107	0.05275	0.05312	A
108	0.0083	0.00874	G
109	0.00646	0.00656	G
110	0.04881	0.04894	C
111	0.03709	0.03718	C
112	0.05772	0.05775	C
113	0.06097	0.06105	C
114	0.04052	0.04146	A
115	0.05813	0.05827	A
116	0.10946	0.11064	C
117	0.00609	0.00627	G
118	0.00201	0.00203	T
119	0.00209	0.00209	T
120	0.00519	0.00552	G
121	0.0017	0.00209	T
122	0.01842	0.01971	A
123	0.00641	0.00642	G
124	0.00439	0.00444	G
125	0.00665	0.00668	C
126	0.00317	0.0032	C
127	0.00751	0.00751	C
128	0.10129	0.10134	C
129	0.01282	0.01435	T
130	0.09358	0.09815	A
131	0.1224	0.12563	C
132	0.00472	0.00523	G
133	0.00547	0.00549	G
134	0.00527	0.00529	G
135	0.00811	0.00968	C
136	0.00818	0.00841	T
137	0.07683	0.07889	A
138	0.02054	0.02087	C
139	0.0024	0.00257	T
140	0.01357	0.01421	A
141	0.01442	0.01551	C
142	0.01375	0.01376	A
143	0.01668	0.01859	A
144	0.01557	0.01565	C
145	0.06429	0.0648	C
146	0.04798	0.04808	C
147	0.00595	0.00604	T
148	0.00701	0.00712	T
149	0.07656	0.08329	C
150	0.00877	0.00928	G
151	0.03936	0.04073	C
152	0.01125	0.01281	T
153	0.01122	0.0161	G
154	0.08573	0.09216	A
155	0.09516	0.09731	C
156	0.00812	0.00844	G
157	0.03683	0.03691	C
158	0.04578	0.04622	C
159	0.04195	0.0596	A
160	0.01089	0.0128	T
161	0.05457	0.05478	A
162	0.03056	0.03081	A
163	0.06302	0.06329	A
164	0.0784	0.08087	A
165	0.04126	0.05414	C
166	0.00499	0.0054	T
167	0.04175	0.04269	C
168	0.00554	0.00567	T
169	0.00902	0.00967	T
170	0.06601	0.07541	C
171	0.0555	0.05943	A
172	0.08944	0.0895	C
173	0.07332	0.07499	C
174	0.02718	0.02752	A
175	0.0476	0.04854	A
176	0.05475	0.05545	A
177	0.01238	0.01384	G
178	0.04565	0.04881	A
179	0.01344	0.01415	G
180	0.05958	0.06064	C
181	0.03525	0.03537	C
182	0.04419	0.04433	C
183	0.04451	0.04485	C
184	0.00909	0.01079	T
185	0.03875	0.0419	A
186	0.0262	0.02652	A
187	0.05204	0.0525	A
188	0.05312	0.05341	A
189	0.05838	0.06202	C
190	0.04143	0.04175	C
191	0.04378	0.04435	C
192	0.00961	0.01285	G
193	0.04478	0.04483	C
194	0.03854	0.03884	C
195	0.02789	0.03451	A
196	0.06487	0.06702	C
197	0.04414	0.04698	A
198	0.00829	0.00895	T
199	0.05689	0.05781	C
200	0.00928	0.01042	T
201	0.05205	0.05419	A
202	0.07797	0.07826	C
203	0.03974	0.04063	C
204	0.04347	0.05452	A
205	0.01436	0.02005	T
206	0.05456	0.0582	C
207	0.04024	0.04353	A
208	0.05465	0.05504	C
209	0.03663	0.0367	C
210	0.02804	0.0291	C
211	0.00946	0.0101	T
212	0.04835	0.04927	C
213	0.00761	0.00836	T
214	0.0528	0.05577	A
215	0.08199	0.0836	C
216	0.05647	0.06152	A
217	0.01257	0.01538	T
218	0.05423	0.05834	C
219	0.04725	0.05031	A
220	0.07071	0.07078	C
221	0.0569	0.05934	C
222	0.01027	0.01347	G
223	0.03653	0.03653	C
224	0.02468	0.02468	C
225	0.03119	0.0312	C
226	0.03493	0.03526	C
227	0.00676	0.01129	G
228	0.03978	0.04011	A
229	0.04831	0.04837	C
230	0.03235	0.03255	C
231	0.00645	0.00665	T
232	0.00809	0.00816	T
233	0.05226	0.06708	A
234	0.01051	0.01098	G
235	0.05219	0.05345	C
236	0.00812	0.00868	T
237	0.05434	0.05737	C
238	0.01263	0.01526	T
239	0.05807	0.0622	C
240	0.04175	0.04405	A
241	0.0613	0.0613	C
242	0.03437	0.03595	C
243	0.03707	0.04567	A
244	0.01156	0.01257	T
245	0.06931	0.07028	C
246	0.01073	0.01164	G
247	0.05761	0.05941	C
248	0.00602	0.00629	T
249	0.07819	0.0796	C
250	0.00656	0.00663	T
251	0.00726	0.0075	T
252	0.05056	0.05911	C
253	0.00755	0.00803	T
254	0.05731	0.05926	A
255	0.08742	0.09299	C
256	0.00748	0.00813	T
257	0.0614	0.06624	A
258	0.00979	0.01055	T
259	0.02026	0.02763	G
260	0.03355	0.0348	A
261	0.03962	0.04141	A
262	0.05975	0.06523	C
263	0.02673	0.02694	C
264	0.0334	0.03351	C
265	0.02979	0.02986	C
266	0.03322	0.03327	C
267	0.02919	0.02948	C
268	0.03829	0.04037	T
269	0.03148	0.03148	C
270	0.03121	0.03122	C
271	0.04553	0.04556	C
272	0.04068	0.04104	C
273	0.02922	0.06162	A
274	0.0123	0.01523	T
275	0.04461	0.04614	A
276	0.06947	0.07031	C
277	0.04605	0.0467	C
278	0.05178	0.05376	C
279	0.02896	0.03064	A
280	0.03402	0.03836	A
281	0.04282	0.04317	C
282	0.0396	0.04053	C
283	0.02084	0.0215	C
284	0.0232	0.0234	C
285	0.02592	0.02602	C
286	0.0058	0.00758	T
287	0.00527	0.00534	G
288	0.00652	0.00656	G
289	0.00488	0.00745	T
290	0.03547	0.03682	C
291	0.04019	0.04084	A
292	0.06194	0.06246	A
293	0.08575	0.08621	C
294	0.05331	0.05498	C
295	0.00847	0.01506	T
296	0.06318	0.06769	C
297	0.03664	0.04105	A
298	0.04277	0.04295	A
299	0.06592	0.06621	C
300	0.01401	0.01467	C
301	0.00669	0.00792	T
302	0.03204	0.03822	A
303	0.00941	0.0098	G
304	0.00524	0.00547	G
305	0.02457	0.02485	C
306	0.05076	0.0517	C
307	0.00599	0.00733	T
308	0.07216	0.07236	C
309	0.0398	0.04292	C
310	0.00583	0.0062	T
311	0.04408	0.04897	A
312	0.00615	0.00617	T
313	0.00843	0.00843	T
314	0.00759	0.00783	T
315	0.09049	0.10168	A
316	0.00879	0.00879	T
317	0.0091	0.00929	T
318	0.08667	0.1045	C
319	0.01104	0.01175	T
320	0.07285	0.08338	A
321	0.0131	0.01386	G
322	0.05489	0.0553	C
323	0.03384	0.03497	C
324	0.03138	0.04045	A
325	0.06007	0.06014	C
326	0.04946	0.0505	C
327	0.008	0.00889	T
328	0.07021	0.07476	C
329	0.0093	0.0098	T
330	0.08359	0.09442	A
331	0.0051	0.00534	G
332	0.02496	0.02515	C
333	0.013	0.01377	C
334	0.00444	0.00516	T
335	0.02677	0.03003	A
336	0.00564	0.00609	G
337	0.09218	0.09228	C
338	0.06149	0.06171	C
339	0.01384	0.015	G
340	0.00688	0.0072	T
341	0.00755	0.00768	T
342	0.00942	0.00953	T
343	0.06554	0.07018	A
344	0.08647	0.08856	C
345	0.0106	0.01142	T
346	0.08067	0.08531	C
347	0.04223	0.04622	A
348	0.05455	0.05695	A
349	0.009	0.01043	T
350	0.06883	0.06903	C
351	0.05367	0.05626	C
352	0.00827	0.00915	T
353	0.06193	0.0624	C
354	0.00754	0.00797	T
355	0.00462	0.00621	G
356	0.01908	0.01949	A
357	0.00274	0.00491	T
358	0.01982	0.02015	C
359	0.01829	0.01924	A
360	0.00339	0.00345	G
361	0.00441	0.00441	G
362	0.00755	0.00789	G
363	0.00632	0.00813	T
364	0.00567	0.00631	G
365	0.04656	0.04804	A
366	0.00912	0.00975	G
367	0.05226	0.05455	C
368	0.03991	0.04069	A
369	0.00758	0.00984	T
370	0.05144	0.053	C
371	0.05269	0.05318	A
372	0.0561	0.05856	A
373	0.06851	0.06874	A
374	0.04252	0.04878	C
375	0.007	0.01015	T
376	0.0358	0.03754	C
377	0.04314	0.04479	A
378	0.07606	0.07667	A
379	0.05458	0.055	A
380	0.07195	0.08468	C
381	0.00632	0.00734	T
382	0.0674	0.07802	A
383	0.04408	0.04587	C
384	0.00689	0.00767	G
385	0.00941	0.00941	C
386	0.00732	0.00733	C
387	0.02257	0.02271	C
388	0.00418	0.00551	T
389	0.00867	0.01569	G
390	0.04441	0.04575	A
391	0.00705	0.00752	T
392	0.09179	0.09513	C
393	0.00561	0.00566	G
394	0.00573	0.00577	G
395	0.04929	0.0501	C
396	0.00951	0.00995	G
397	0.05994	0.062	C
398	0.04611	0.04754	A
399	0.0696	0.07061	C
400	0.00815	0.00866	T
401	0.00779	0.0096	G
402	0.09122	0.09532	C
403	0.00936	0.01044	G
404	0.05475	0.05621	A
405	0.00923	0.0105	G
406	0.11649	0.11816	C
407	0.04946	0.05075	A
408	0.01206	0.01274	G
409	0.00688	0.00926	T
410	0.08763	0.09165	A
411	0.01454	0.01583	G
412	0.02127	0.02175	C
413	0.03368	0.03389	C
414	0.03231	0.03249	C
415	0.01705	0.01826	A
416	0.05093	0.05185	A
417	0.04359	0.04369	A
418	0.09105	0.10186	C
419	0.04189	0.04195	A
420	0.05112	0.05211	A
421	0.0097	0.01094	T
422	0.05996	0.061	C
423	0.00913	0.01106	T
424	0.06783	0.06939	C
425	0.05615	0.06184	A
426	0.00874	0.00945	T
427	0.05589	0.05928	A
428	0.00908	0.00946	T
429	0.00889	0.01101	G
430	0.05036	0.05063	A
431	0.0582	0.0586	A
432	0.01012	0.01165	G
433	0.01522	0.01912	T
434	0.04662	0.04861	C
435	0.0382	0.04001	A
436	0.05096	0.05125	C
437	0.03796	0.03804	C
438	0.0135	0.01407	C
439	0.00715	0.00772	T
440	0.04808	0.05108	A
441	0.00894	0.00935	G
442	0.03957	0.03978	C
443	0.0245	0.02482	C
444	0.03176	0.03683	A
445	0.00615	0.00744	T
446	0.04741	0.04845	C
447	0.05225	0.05494	A
448	0.00935	0.00957	T
449	0.00875	0.00921	T
450	0.04774	0.05676	C
451	0.00869	0.00936	T
452	0.0454	0.04696	A
453	0.06672	0.07292	C
454	0.01069	0.01208	T
455	0.04968	0.05471	A
456	0.0079	0.00956	T
457	0.05523	0.05946	C
458	0.03916	0.03998	A
459	0.04065	0.0414	A
460	0.06542	0.06803	C
461	0.04694	0.04932	A
462	0.00905	0.00986	T
463	0.00877	0.00908	T
464	0.02875	0.0529	A
465	0.07193	0.0746	C
466	0.00806	0.00942	T
467	0.04771	0.04829	A
468	0.0496	0.05167	A
469	0.00764	0.00925	T
470	0.05421	0.05421	A
471	0.06297	0.06736	A
472	0.00852	0.00967	G
473	0.00749	0.00819	T
474	0.00732	0.00739	G
475	0.00483	0.00493	G
476	0.0333	0.03522	C
477	0.00533	0.00627	T
478	0.0632	0.0634	C
479	0.04487	0.04608	C
480	0.00795	0.00809	T
481	0.0074	0.00753	T
482	0.00921	0.00938	T
483	0.04707	0.049	A
484	0.05235	0.05282	A
485	0.08297	0.08367	C
486	0.0417	0.04225	C
487	0.00965	0.01128	T
488	0.04162	0.04286	C
489	0.01408	0.01589	T
490	0.042	0.04214	C
491	0.02986	0.03114	C
492	0.01833	0.03057	A
493	0.04367	0.04369	C
494	0.04759	0.04759	C
495	0.04982	0.0508	C
496	0.00678	0.00717	T
497	0.00805	0.00857	T
498	0.035	0.05244	A
499	0.01004	0.01195	T
500	0.05972	0.06176	C
501	0.05559	0.0569	A
502	0.04395	0.04892	C
503	0.02733	0.02747	A
504	0.02392	0.02459	A
505	0.03911	0.04314	C
506	0.03299	0.0337	A
507	0.04368	0.04688	C
508	0.0319	0.03194	A
509	0.03975	0.04175	A
510	0.00997	0.01309	G
511	0.03573	0.03574	A
512	0.03261	0.03351	A
513	0.03871	0.04251	C
514	0.05178	0.05286	A
515	0.07117	0.07147	C
516	0.04267	0.04379	C
517	0.00772	0.00846	T
518	0.05157	0.05183	C
519	0.00907	0.00999	T
520	0.00966	0.01209	G
521	0.05896	0.06027	A
522	0.01113	0.0113	T
523	0.00928	0.00969	T
524	0.044	0.06649	A
525	0.06827	0.07037	C
526	0.00788	0.00858	T
527	0.05626	0.05669	C
528	0.03231	0.0347	C
529	0.01189	0.01313	T
530	0.00901	0.00961	G
531	0.02836	0.02841	C
532	0.01694	0.01734	C
533	0.03229	0.03882	A
534	0.00786	0.01034	T
535	0.06394	0.06521	C
536	0.0601	0.06503	A
537	0.01463	0.01577	T
538	0.00671	0.01063	G
539	0.05298	0.05405	A
540	0.05006	0.05041	C
541	0.04282	0.04295	C
542	0.05277	0.05296	C
543	0.01093	0.01103	T
544	0.01123	0.01135	T
545	0.00714	0.00725	G
546	0.00551	0.00562	G
547	0.0236	0.0237	C
548	0.06213	0.06256	C
549	0.02325	0.03485	A
550	0.00743	0.00885	T
551	0.04711	0.0474	A
552	0.05262	0.05892	A
553	0.00891	0.00942	T
554	0.06084	0.06479	A
555	0.01035	0.01077	T
556	0.00776	0.00871	G
557	0.05536	0.05682	A
558	0.00747	0.00748	T
559	0.00802	0.00817	T
560	0.00768	0.00776	T
561	0.08324	0.09007	A
562	0.00965	0.01033	T
563	0.05837	0.06036	C
564	0.01428	0.01629	T
565	0.04471	0.04502	C
566	0.03368	0.03486	C
567	0.02085	0.04006	A
568	0.062	0.06692	C
569	0.05223	0.05584	A
570	0.0815	0.08834	C
571	0.00942	0.01039	T
572	0.04714	0.04951	A
573	0.01128	0.01311	G
574	0.0399	0.04056	C
575	0.07549	0.07788	A
576	0.00599	0.00648	G
577	0.02572	0.03227	A
578	0.00663	0.00742	G
579	0.02436	0.02487	A
580	0.02271	0.02304	C
581	0.04722	0.04793	C
582	0.04173	0.04208	A
583	0.05831	0.05862	A
584	0.08074	0.08114	C
585	0.01308	0.01325	C
586	0.01046	0.01222	G
587	0.03586	0.03811	A
588	0.01632	0.01878	A
589	0.0117	0.01178	C
590	0.00604	0.00611	C
591	0.00543	0.00544	C
592	0.00647	0.00649	C
593	0.00851	0.00853	C
594	0.00199	0.00209	T
595	0.0018	0.00184	T
596	0.00895	0.00961	C
597	0.00756	0.00848	G
598	0.07682	0.07752	A
599	0.06728	0.06736	C
600	0.08718	0.08821	C
601	0.0113	0.01171	T
602	0.01349	0.01362	T
603	0.00831	0.00984	G
604	0.06146	0.06158	C
605	0.00752	0.00754	C
606	0.00693	0.00753	G
607	0.01708	0.01744	A
608	0.01756	0.01791	A
609	0.00479	0.00482	G
610	0.00376	0.0038	G
611	0.00435	0.00436	G
612	0.00351	0.00351	G
613	0.04479	0.05133	A
614	0.00671	0.00703	G
615	0.00303	0.00323	T
616	0.02497	0.02503	C
617	0.01277	0.01281	C
618	0.00862	0.01058	G
619	0.04858	0.04901	A
620	0.07867	0.07893	A
621	0.10604	0.11314	C
622	0.00565	0.00585	T
623	0.1036	0.10708	A
624	0.00414	0.00436	G
625	0.00372	0.00907	T
626	0.02118	0.02147	C
627	0.01669	0.04001	T
628	0.02693	0.02854	C
629	0.11597	0.12305	A
630	0.00915	0.00925	G
631	0.00655	0.00661	G
632	0.02253	0.0235	C
633	0.00474	0.00481	T
634	0.00816	0.00823	T
635	0.08242	0.08639	C
636	0.06002	0.06164	A
637	0.06547	0.06597	A
638	0.10353	0.107	C
639	0.06281	0.06364	A
640	0.00997	0.01065	T
641	0.07077	0.07157	C
642	0.00945	0.01014	G
643	0.06765	0.06843	A
644	0.05067	0.05279	A
645	0.00838	0.00933	T
646	0.07297	0.07901	A
647	0.10848	0.11412	C
648	0.00841	0.00897	G
649	0.04053	0.04068	C
650	0.03125	0.03194	C
651	0.00923	0.01818	G
652	0.07793	0.08646	C
653	0.06268	0.07181	A
654	0.00953	0.00999	G
655	0.00768	0.00807	G
656	0.02418	0.02424	C
657	0.05084	0.05092	C
658	0.05571	0.05575	C
659	0.05295	0.053	C
660	0.00588	0.00625	T
661	0.01438	0.01473	T
662	0.05896	0.06485	C
663	0.00689	0.00787	G
664	0.05425	0.05429	C
665	0.03941	0.03953	C
666	0.03488	0.03518	C
667	0.00453	0.00494	T
668	0.05364	0.05746	A
669	0.00617	0.00621	T
670	0.00653	0.00662	T
671	0.0464	0.06212	C
672	0.00684	0.00687	T
673	0.00693	0.00749	T
674	0.06491	0.06919	C
675	0.05423	0.06157	A
676	0.01086	0.01249	T
677	0.06538	0.07532	A
678	0.0087	0.00949	G
679	0.05191	0.05231	C
680	0.02652	0.02677	C
681	0.01006	0.01265	G
682	0.05152	0.05234	A
683	0.03429	0.03555	A
684	0.01012	0.01118	T
685	0.04959	0.05052	A
686	0.05828	0.0615	C
687	0.02273	0.02431	A
688	0.05277	0.0598	C
689	0.04006	0.04044	A
690	0.03378	0.0339	A
691	0.02923	0.03004	A
692	0.05352	0.06166	C
693	0.03426	0.03547	A
694	0.00785	0.00859	T
695	0.00818	0.00881	T
696	0.03046	0.05828	A
697	0.00825	0.00835	T
698	0.00937	0.01031	T
699	0.02879	0.0573	A
700	0.00784	0.00934	T
701	0.05576	0.0559	A
702	0.04202	0.04662	A
703	0.00947	0.01197	T
704	0.0548	0.05483	A
705	0.0465	0.04658	A
706	0.04977	0.05323	A
707	0.0506	0.05743	C
708	0.03231	0.03312	A
709	0.04684	0.04724	C
710	0.02019	0.02023	C
711	0.01579	0.01624	C
712	0.01534	0.0172	T
713	0.03867	0.03987	C
714	0.0307	0.03425	A
715	0.04525	0.04531	C
716	0.03376	0.03523	C
717	0.01889	0.03453	A
718	0.04927	0.0517	C
719	0.00711	0.00822	T
720	0.04253	0.04382	A
721	0.06031	0.06175	C
722	0.04233	0.0425	A
723	0.04461	0.04601	A
724	0.0085	0.00899	T
725	0.05171	0.05357	C
726	0.00794	0.00803	T
727	0.00711	0.00743	T
728	0.05925	0.05937	C
729	0.03055	0.03139	C
730	0.00749	0.008	T
731	0.05627	0.06025	A
732	0.00778	0.00792	G
733	0.00929	0.00977	G
734	0.07455	0.07481	A
735	0.03894	0.0396	A
736	0.05455	0.05788	C
737	0.03487	0.03492	A
738	0.03166	0.03245	A
739	0.05536	0.05754	C
740	0.04512	0.0463	A
741	0.00731	0.00791	T
742	0.0526	0.05339	A
743	0.01042	0.01093	T
744	0.00809	0.0103	G
745	0.05827	0.06012	A
746	0.08341	0.08482	C
747	0.01365	0.01462	G
748	0.04506	0.04797	C
749	0.04144	0.04341	A
750	0.04896	0.05052	C
751	0.0147	0.0156	T
752	0.04707	0.04975	C
753	0.01004	0.01203	T
754	0.04117	0.04117	C
755	0.03631	0.03631	C
756	0.04467	0.04468	C
757	0.03339	0.03377	C
758	0.00733	0.00867	T
759	0.00995	0.01174	G
760	0.0416	0.04235	A
761	0.03736	0.03806	A
762	0.04277	0.04478	C
763	0.00769	0.00822	T
764	0.03623	0.03769	C
765	0.00832	0.00885	T
766	0.04634	0.04879	A
767	0.05457	0.0566	C
768	0.03953	0.04192	A
769	0.0532	0.05905	C
770	0.03992	0.04009	A
771	0.05048	0.05124	A
772	0.05593	0.05966	C
773	0.04826	0.05046	A
774	0.00656	0.00729	T
775	0.03846	0.03978	A
776	0.00475	0.00477	T
777	0.00609	0.0061	T
778	0.00602	0.00602	T
779	0.00836	0.00839	T
780	0.00912	0.0119	G
781	0.00797	0.0095	T
782	0.04057	0.04143	C
783	0.0505	0.05203	A
784	0.05673	0.05676	C
785	0.04139	0.04224	C
786	0.03755	0.03802	A
787	0.06466	0.06796	A
788	0.00874	0.01057	G
789	0.04516	0.04624	A
790	0.03569	0.03602	C
791	0.04476	0.04508	C
792	0.03414	0.03453	C
793	0.00808	0.0087	T
794	0.03898	0.04037	A
795	0.06568	0.06877	C
796	0.0076	0.00779	T
797	0.00711	0.00744	T
798	0.05388	0.06953	C
799	0.00956	0.01091	T
800	0.05066	0.05401	A
801	0.05614	0.05718	A
802	0.06765	0.06861	C
803	0.03437	0.03681	C
804	0.00861	0.01018	T
805	0.05105	0.05237	C
806	0.05947	0.05957	C
807	0.0169	0.01757	C
808	0.00347	0.00379	T
809	0.00485	0.00662	G
810	0.00274	0.00278	T
811	0.00243	0.0025	T
812	0.01958	0.02254	C
813	0.00936	0.00936	T
814	0.00933	0.00969	T
815	0.04549	0.0888	A
816	0.01072	0.0112	T
817	0.01322	0.01656	G
818	0.05787	0.05878	A
819	0.07698	0.08167	A
820	0.0079	0.00802	T
821	0.0076	0.00787	T
822	0.07414	0.07998	C
823	0.00668	0.00717	G
824	0.02323	0.02333	A
825	0.02004	0.02036	A
826	0.02076	0.02188	C
827	0.02557	0.02602	A
828	0.00812	0.00962	G
829	0.1205	0.12443	C
830	0.06338	0.06855	A
831	0.01533	0.01764	T
832	0.06157	0.06367	A
833	0.05002	0.0507	C
834	0.03559	0.03625	C
835	0.02863	0.02885	C
836	0.03842	0.03844	C
837	0.03786	0.03791	C
838	0.00959	0.01332	G
839	0.06524	0.0668	A
840	0.00975	0.00999	T
841	0.00723	0.00747	T
842	0.04321	0.0433	C
843	0.0454	0.04586	C
844	0.00861	0.01126	G
845	0.03647	0.03888	C
846	0.00681	0.00742	T
847	0.04829	0.05011	A
848	0.06065	0.06246	C
849	0.00975	0.01107	G
850	0.03701	0.03848	A
851	0.03692	0.03702	C
852	0.029	0.02935	C
853	0.02821	0.02843	A
854	0.03913	0.0392	A
855	0.0466	0.04842	C
856	0.00889	0.01246	T
857	0.03914	0.04058	C
858	0.03519	0.03867	A
859	0.00867	0.00989	T
860	0.04979	0.05296	A
861	0.06971	0.07331	C
862	0.04258	0.04374	A
863	0.0503	0.05148	C
864	0.02903	0.03088	C
865	0.00688	0.00796	T
866	0.03256	0.03257	C
867	0.02558	0.0277	C
868	0.00785	0.0087	T
869	0.03441	0.03715	A
870	0.01429	0.01571	T
871	0.01188	0.01393	G
872	0.00303	0.0034	A
873	0.00975	0.01016	A
874	0.02775	0.02845	A
875	0.02567	0.02611	A
876	0.03047	0.0308	A
877	0.02021	0.0204	A
878	0.05474	0.05893	C
879	0.00725	0.00748	T
880	0.00743	0.00751	T
881	0.0382	0.0383	C
882	0.02623	0.02699	C
883	0.01018	0.0117	T
884	0.04581	0.04775	A
885	0.05463	0.05494	C
886	0.03256	0.03331	C
887	0.026	0.0364	A
888	0.03874	0.04062	C
889	0.02858	0.03451	T
890	0.03448	0.03699	C
891	0.02976	0.03212	A
892	0.04119	0.0412	C
893	0.02786	0.02789	C
894	0.01902	0.01986	C
895	0.00829	0.00881	T
896	0.04051	0.04195	A
897	0.01066	0.01144	G
898	0.03718	0.03791	C
899	0.03583	0.03739	A
900	0.00854	0.00875	T
901	0.0082	0.00847	T
902	0.01471	0.03118	A
903	0.05918	0.06166	C
904	0.0101	0.01025	T
905	0.00851	0.00922	T
906	0.02744	0.05506	A
907	0.00858	0.00911	T
908	0.05056	0.05494	A
909	0.00986	0.01038	T
910	0.00846	0.01148	G
911	0.04898	0.05065	A
912	0.00767	0.00796	T
913	0.04693	0.04915	A
914	0.00911	0.0094	T
915	0.01155	0.01202	G
916	0.01157	0.01222	T
917	0.02189	0.02227	C
918	0.01796	0.02151	T
919	0.02829	0.02839	C
920	0.02398	0.02465	C
921	0.02423	0.04953	A
922	0.01236	0.01363	T
923	0.04121	0.04329	A
924	0.03781	0.03835	C
925	0.0252	0.02544	C
926	0.02027	0.02058	C
927	0.02637	0.04193	A
928	0.00891	0.00921	T
929	0.00812	0.00847	T
930	0.02038	0.033	A
931	0.0542	0.05571	C
932	0.03339	0.03354	A
933	0.03745	0.03795	A
934	0.00975	0.01013	T
935	0.02852	0.02909	C
936	0.01021	0.01079	T
937	0.02835	0.02835	C
938	0.01943	0.01981	C
939	0.0227	0.03346	A
940	0.00782	0.00804	G
941	0.03209	0.03276	C
942	0.03372	0.03463	A
943	0.01025	0.01034	T
944	0.02398	0.02419	T
945	0.02168	0.02208	C
946	0.01784	0.01786	C
947	0.01148	0.01148	C
948	0.00867	0.00867	C
949	0.00798	0.00798	C
950	0.00524	0.00572	T
951	0.01218	0.01269	C
952	0.00724	0.00747	A
953	0.01018	0.01018	A
954	0.00622	0.00622	A
955	0.00798	0.00798	C
956	0.00604	0.00604	C
957	0.00082	0.00082	T
958	0.0	0.0	A
959	0.0	0.0	A
