Position	Mismatches	Mismatches + Deletions	Base
1	0.0	0.0	A
2	0.0	0.0	T
3	0.0	0.0	G
4	0.01907	0.01907	A
5	0.02076	0.0244	C
6	0.01984	0.01984	C
7	0.02039	0.02039	C
8	0.02658	0.02658	C
9	0.02393	0.03849	A
10	0.03987	0.04003	A
11	0.02628	0.02701	T
12	0.04111	0.04162	A
13	0.07336	0.07437	C
14	0.0274	0.02778	G
15	0.04641	0.04844	C
16	0.01914	0.01921	A
17	0.01423	0.01423	A
18	0.03243	0.03243	A
19	0.03699	0.03699	A
20	0.97553	0.99474	C
21	0.01418	0.01593	T
22	0.03321	0.03376	A
23	0.01961	0.02063	A
24	0.02594	0.0263	C
25	0.02012	0.02044	C
26	0.02108	0.02108	C
27	0.02537	0.02537	C
28	0.02668	0.02705	C
29	0.031	0.035	T
30	0.02758	0.02915	A
31	0.02964	0.03027	A
32	0.0126	0.02038	T
33	0.0233	0.02383	A
34	0.01431	0.01433	A
35	0.02516	0.02516	A
36	0.03629	0.03769	A
37	0.01252	0.013	T
38	0.01703	0.019	T
39	0.0343	0.03489	A
40	0.05418	0.05505	A
41	0.01869	0.01902	T
42	0.01411	0.0145	T
43	0.03677	0.03737	A
44	0.05401	0.05548	A
45	0.06432	0.06612	C
46	0.04176	0.04265	C
47	0.91577	0.91918	A
48	0.04638	0.04683	C
49	0.01883	0.02065	T
50	0.05838	0.05999	C
51	0.05026	0.054	A
52	0.01637	0.01679	T
53	0.0142	0.01474	T
54	0.06214	0.06584	C
55	0.05712	0.05937	A
56	0.01845	0.02149	T
57	0.05469	0.05688	C
58	0.02071	0.02221	G
59	0.055	0.05841	A
60	0.05569	0.05594	C
61	0.03478	0.03564	C
62	0.01946	0.02424	T
63	0.03913	0.03924	C
64	0.03178	0.03181	C
65	0.03436	0.03436	C
66	0.03374	0.03481	C
67	0.0265	0.03612	A
68	0.04818	0.04818	C
69	0.04201	0.04201	C
70	0.03393	0.03393	C
71	0.03153	0.03192	C
72	0.03375	0.04253	A
73	0.01953	0.02604	T
74	0.05313	0.05325	C
75	0.05052	0.05111	C
76	0.03849	0.03917	A
77	0.05646	0.05672	A
78	0.0652	0.0688	C
79	0.04384	0.0458	A
80	0.01688	0.01815	T
81	0.0451	0.04586	C
82	0.01591	0.02099	T
83	0.06386	0.06388	C
84	0.0619	0.06292	C
85	0.01586	0.02087	G
86	0.0602	0.06333	C
87	0.05344	0.05782	A
88	0.01392	0.01546	T
89	0.0096	0.01071	G
90	0.03479	0.03596	A
91	0.00775	0.00914	T
92	0.01013	0.01191	G
93	0.03642	0.03694	A
94	0.03801	0.03899	A
95	0.04495	0.0453	A
96	0.11517	0.11876	C
97	0.01558	0.01566	T
98	0.01583	0.01585	T
99	0.05192	0.06051	C
100	0.00972	0.00991	G
101	0.00826	0.00853	G
102	0.05016	0.05262	C
103	0.01725	0.01958	T
104	0.07361	0.07996	C
105	0.04648	0.05087	A
106	0.08181	0.08528	C
107	0.017	0.01983	T
108	0.07357	0.07357	C
109	0.06663	0.07127	C
110	0.01725	0.01733	T
111	0.01422	0.01427	T
112	0.00862	0.00888	G
113	0.00859	0.00892	G
114	0.02759	0.02932	C
115	0.01249	0.01288	G
116	0.04599	0.04602	C
117	0.0288	0.0294	C
118	0.01249	0.01418	T
119	0.00788	0.00849	G
120	0.07285	0.07297	C
121	0.04129	0.04192	C
122	0.01058	0.01352	T
123	0.00884	0.01277	G
124	0.04271	0.04513	A
125	0.01377	0.01602	T
126	0.06053	0.06148	C
127	0.03853	0.03938	C
128	0.01854	0.02296	T
129	0.06173	0.06188	C
130	0.04597	0.04659	C
131	0.0237	0.02575	A
132	0.05142	0.05226	A
133	0.04596	0.04725	A
134	0.01262	0.01427	T
135	0.05103	0.05376	C
136	0.0475	0.04944	A
137	0.07089	0.07145	C
138	0.05043	0.05361	C
139	0.04106	0.05016	A
140	0.073	0.0773	C
141	0.0343	0.04175	A
142	0.00723	0.00759	G
143	0.00493	0.00513	G
144	0.03447	0.04748	A
145	0.09372	0.09547	C
146	0.01289	0.0145	T
147	0.05282	0.07551	A
148	0.01614	0.0162	T
149	0.01225	0.01254	T
150	0.0497	0.05	C
151	0.01593	0.01674	C
152	0.01215	0.01304	T
153	0.05459	0.05964	A
154	0.01136	0.01182	G
155	0.04746	0.04759	C
156	0.03774	0.03803	C
157	0.03299	0.04909	A
158	0.01226	0.01391	T
159	0.01424	0.01833	G
160	0.06823	0.07059	C
161	0.05292	0.05441	A
162	0.07289	0.0752	C
163	0.02019	0.0227	T
164	0.05058	0.05332	A
165	0.067	0.06975	C
166	0.0203	0.02289	T
167	0.05109	0.05813	C
168	0.03219	0.03453	A
169	0.08216	0.08217	C
170	0.02874	0.03053	C
171	0.02177	0.04331	A
172	0.01804	0.01921	G
173	0.03687	0.03872	A
174	0.03894	0.04047	C
175	0.00952	0.01005	G
176	0.02117	0.02128	C
177	0.016	0.01647	C
178	0.01749	0.022	T
179	0.07451	0.07883	C
180	0.04032	0.04469	A
181	0.05268	0.0536	A
182	0.07924	0.07981	C
183	0.05399	0.05726	C
184	0.0129	0.01441	G
185	0.02932	0.02934	C
186	0.02961	0.03076	C
187	0.0124	0.01251	T
188	0.01004	0.01007	T
189	0.01	0.01003	T
190	0.00999	0.01	T
191	0.04074	0.05187	C
192	0.03592	0.03731	A
193	0.01165	0.01253	T
194	0.04847	0.04971	C
195	0.03504	0.03664	A
196	0.04675	0.05111	A
197	0.03535	0.03653	T
198	0.07115	0.07486	C
199	0.01466	0.01581	G
200	0.0373	0.03748	C
201	0.03865	0.03875	C
202	0.03776	0.03824	C
203	0.02922	0.03353	A
204	0.05955	0.062	C
205	0.03647	0.04	A
206	0.01079	0.01316	T
207	0.05298	0.05573	C
208	0.04361	0.04464	A
209	0.06781	0.07138	C
210	0.0167	0.01772	T
211	0.05865	0.05938	C
212	0.01058	0.01146	G
213	0.0295	0.03283	A
214	0.00881	0.00939	G
215	0.0228	0.0232	A
216	0.03785	0.03909	C
217	0.01129	0.01157	G
218	0.01271	0.01619	T
219	0.01687	0.0173	A
220	0.03716	0.03735	A
221	0.04817	0.04877	A
222	0.01334	0.01366	T
223	0.01498	0.01712	T
224	0.03615	0.06454	A
225	0.01069	0.01246	T
226	0.0075	0.0078	G
227	0.00656	0.00665	G
228	0.02533	0.02621	C
229	0.0138	0.01405	T
230	0.0112	0.01251	G
231	0.02885	0.02968	A
232	0.03777	0.03796	A
233	0.01674	0.01995	T
234	0.06763	0.07215	C
235	0.05314	0.05846	A
236	0.01397	0.01746	T
237	0.05241	0.0539	C
238	0.0513	0.0545	C
239	0.01386	0.01752	G
240	0.04958	0.05634	C
241	0.01796	0.01912	T
242	0.05092	0.05221	A
243	0.08722	0.08756	C
244	0.05388	0.05807	C
245	0.01047	0.0107	T
246	0.01007	0.0124	T
247	0.04565	0.05035	C
248	0.04926	0.05784	A
249	0.07797	0.07947	C
250	0.007	0.00739	G
251	0.01198	0.01202	C
252	0.01751	0.01755	C
253	0.03808	0.03881	A
254	0.06746	0.06804	A
255	0.01859	0.01969	T
256	0.0112	0.01131	G
257	0.01076	0.01111	G
258	0.01713	0.01795	C
259	0.00751	0.00784	G
260	0.05704	0.05713	C
261	0.02745	0.02783	C
262	0.01104	0.01223	T
263	0.03681	0.03761	C
264	0.04335	0.04453	A
265	0.05293	0.05413	A
266	0.01207	0.01234	T
267	0.08451	0.08846	A
268	0.00938	0.00944	T
269	0.0099	0.00998	T
270	0.09572	0.12596	C
271	0.01022	0.01022	T
272	0.00928	0.00928	T
273	0.00916	0.00925	T
274	0.06843	0.07682	A
275	0.00864	0.0096	T
276	0.09471	0.0976	C
277	0.01339	0.01377	T
278	0.00584	0.00682	G
279	0.01555	0.01571	C
280	0.0087	0.00909	C
281	0.00348	0.00408	T
282	0.02111	0.02246	C
283	0.01313	0.01313	T
284	0.00856	0.00876	T
285	0.02453	0.02459	C
286	0.01406	0.01469	C
287	0.00922	0.01158	T
288	0.0613	0.0642	A
289	0.09001	0.09605	C
290	0.05089	0.05686	A
291	0.09487	0.10357	C
292	0.05814	0.06353	A
293	0.01378	0.01612	T
294	0.08037	0.09051	C
295	0.00545	0.00558	G
296	0.00362	0.00362	G
297	0.01078	0.01087	G
298	0.26329	0.29826	C
299	0.00614	0.00699	G
300	0.02067	0.02411	A
301	0.00585	0.00586	G
302	0.00437	0.00445	G
303	0.01739	0.01752	C
304	0.07491	0.07538	C
305	0.00956	0.01031	T
306	0.03946	0.04017	A
307	0.01042	0.01079	T
308	0.06949	0.07143	A
309	0.01147	0.01148	T
310	0.01157	0.01206	T
311	0.03914	0.06338	A
312	0.09428	0.09761	C
313	0.01209	0.01232	G
314	0.0082	0.00843	G
315	0.03813	0.04636	A
316	0.01106	0.01224	T
317	0.0719	0.07397	C
318	0.0756	0.0875	A
319	0.00789	0.00816	T
320	0.0114	0.01157	T
321	0.00856	0.00863	T
322	0.06313	0.06788	C
323	0.01181	0.01212	T
324	0.07119	0.07314	C
325	0.01326	0.01404	T
326	0.04959	0.05387	A
327	0.06394	0.06612	C
328	0.01106	0.0145	T
329	0.05028	0.0536	C
330	0.0361	0.03948	A
331	0.01237	0.01433	G
332	0.0274	0.0276	A
333	0.04075	0.04094	A
334	0.05457	0.05619	A
335	0.06569	0.06692	C
336	0.03349	0.03426	C
337	0.01089	0.012	T
338	0.01071	0.01269	G
339	0.04885	0.04932	A
340	0.04859	0.04878	A
341	0.04493	0.04509	A
342	0.06409	0.07037	C
343	0.04514	0.04736	A
344	0.01557	0.01679	T
345	0.0592	0.06139	C
346	0.00819	0.00846	G
347	0.00684	0.00688	G
348	0.06055	0.06148	C
349	0.04798	0.04871	A
350	0.01161	0.01177	T
351	0.01076	0.01157	T
352	0.02707	0.0539	A
353	0.01076	0.01495	T
354	0.04714	0.04907	C
355	0.03291	0.03382	C
356	0.0088	0.01113	T
357	0.05151	0.05161	C
358	0.03799	0.0406	C
359	0.0114	0.01264	T
360	0.01046	0.01125	G
361	0.04579	0.04919	C
362	0.00997	0.01019	T
363	0.00871	0.00916	T
364	0.00719	0.0092	G
365	0.03795	0.04268	C
366	0.04387	0.04465	A
367	0.05457	0.05469	A
368	0.06811	0.07111	C
369	0.01353	0.01433	T
370	0.03994	0.0514	A
371	0.01465	0.01527	T
372	0.04863	0.05002	A
373	0.01079	0.01154	G
374	0.02717	0.02904	C
375	0.03964	0.03991	A
376	0.0488	0.05105	A
377	0.07981	0.08471	C
378	0.03207	0.03466	A
379	0.00571	0.00583	G
380	0.01727	0.01733	C
381	0.00753	0.00762	C
382	0.00731	0.00743	T
383	0.01345	0.01355	T
384	0.0919	0.09724	C
385	0.07173	0.07882	A
386	0.0203	0.02189	T
387	0.02543	0.03094	A
388	0.00574	0.00587	G
389	0.00698	0.00698	G
390	0.01444	0.01526	C
391	0.0065	0.00674	T
392	0.07131	0.0725	A
393	0.0125	0.01294	T
394	0.01365	0.01397	G
395	0.00999	0.01166	T
396	0.02527	0.02533	C
397	0.02089	0.02107	C
398	0.0096	0.01355	T
399	0.03054	0.03057	C
400	0.08619	0.08619	C
401	0.07562	0.07621	C
402	0.01441	0.01881	G
403	0.01911	0.02174	T
404	0.00681	0.00799	G
405	0.02706	0.03043	A
406	0.00822	0.00823	G
407	0.00581	0.00584	G
408	0.05672	0.05732	C
409	0.05078	0.05113	C
410	0.02299	0.02322	A
411	0.0483	0.0483	A
412	0.04873	0.04922	A
413	0.01459	0.01569	T
414	0.05607	0.05723	A
415	0.01345	0.01448	T
416	0.08011	0.08376	C
417	0.07556	0.07853	A
418	0.01248	0.01249	T
419	0.01145	0.01205	T
420	0.06018	0.06977	C
421	0.0187	0.01939	T
422	0.01086	0.01395	G
423	0.07418	0.07731	A
424	0.01429	0.01436	G
425	0.00987	0.00988	G
426	0.00954	0.00954	G
427	0.01002	0.01008	G
428	0.02815	0.02836	C
429	0.05103	0.05169	C
430	0.04729	0.06516	A
431	0.07181	0.07266	C
432	0.03457	0.03618	A
433	0.01725	0.01782	G
434	0.0098	0.0145	T
435	0.02382	0.02389	A
436	0.0355	0.03597	A
437	0.01747	0.01766	T
438	0.01608	0.01685	T
439	0.02433	0.04701	A
440	0.0861	0.09211	C
441	0.04862	0.04882	A
442	0.04182	0.04223	A
443	0.03592	0.03672	A
444	0.08506	0.09438	C
445	0.01355	0.01415	T
446	0.01211	0.0125	T
447	0.02591	0.04442	A
448	0.06337	0.06607	C
449	0.01454	0.01508	T
450	0.05718	0.06444	A
451	0.00992	0.01386	T
452	0.07322	0.07506	C
453	0.05941	0.06144	C
454	0.0083	0.00998	G
455	0.04856	0.04862	C
456	0.03537	0.0356	C
457	0.05249	0.06831	A
458	0.01745	0.02129	T
459	0.03582	0.03611	C
460	0.02767	0.02777	C
461	0.02931	0.02995	C
462	0.01393	0.04549	A
463	0.01631	0.01748	T
464	0.05258	0.05366	A
465	0.09981	0.10157	C
466	0.06809	0.06973	A
467	0.0151	0.01527	T
468	0.01449	0.01464	T
469	0.00994	0.01016	G
470	0.01174	0.01174	G
471	0.00338	0.00339	G
472	0.86176	0.87903	A
473	0.05482	0.05605	C
474	0.04064	0.04645	A
475	0.00828	0.00859	G
476	0.03983	0.04034	A
477	0.08519	0.08536	C
478	0.06655	0.06689	C
479	0.01498	0.01599	T
480	0.05145	0.05393	A
481	0.01465	0.01513	G
482	0.01187	0.01198	T
483	0.01289	0.01294	T
484	0.09123	0.09339	C
485	0.06091	0.0618	A
486	0.06107	0.06125	A
487	0.01865	0.01905	T
488	0.01008	0.0111	G
489	0.02936	0.03011	A
490	0.03122	0.03273	A
491	0.00774	0.00808	T
492	0.02955	0.03055	C
493	0.01044	0.01137	T
494	0.00763	0.00867	G
495	0.03145	0.03354	A
496	0.00783	0.00789	G
497	0.00896	0.00954	G
498	0.05436	0.07288	A
499	0.00621	0.00623	G
500	0.00778	0.00785	G
501	0.0385	0.04095	C
502	0.01314	0.0138	T
503	0.04491	0.04716	A
504	0.04285	0.04356	C
505	0.0127	0.02076	T
506	0.05674	0.05802	C
507	0.0788	0.08176	A
508	0.01759	0.01799	G
509	0.01387	0.01519	T
510	0.05963	0.06244	A
511	0.0117	0.01218	G
512	0.06787	0.06988	A
513	0.08896	0.09036	C
514	0.04878	0.0516	A
515	0.01261	0.01382	G
516	0.01516	0.01728	T
517	0.05461	0.05511	C
518	0.02976	0.03003	C
519	0.03817	0.039	C
520	0.05979	0.08155	A
521	0.08205	0.08215	C
522	0.01298	0.01299	C
523	0.01187	0.01242	C
524	0.00794	0.01419	T
525	0.01867	0.01983	C
526	0.04293	0.05073	A
527	0.09785	0.10323	C
528	0.05358	0.05496	A
529	0.09074	0.09456	C
530	0.00837	0.00916	G
531	0.0338	0.03455	A
532	0.00538	0.00551	T
533	0.00601	0.00617	T
534	0.04242	0.05009	C
535	0.01213	0.01218	T
536	0.0115	0.01155	T
537	0.01187	0.0122	T
538	0.05805	0.06968	A
539	0.09899	0.10049	C
540	0.08308	0.08457	C
541	0.00876	0.00917	T
542	0.01045	0.01081	T
543	0.01115	0.01126	T
544	0.08771	0.09445	C
545	0.04885	0.05185	A
546	0.10236	0.10682	C
547	0.00949	0.01089	T
548	0.00929	0.01046	T
549	0.07524	0.08114	C
550	0.06558	0.07102	A
551	0.00951	0.01044	T
552	0.06933	0.07386	C
553	0.01125	0.0113	T
554	0.01961	0.02	T
555	0.01008	0.01211	G
556	0.03701	0.03744	C
557	0.03149	0.03188	C
558	0.0328	0.03325	C
559	0.00855	0.00874	T
560	0.00966	0.00977	T
561	0.07003	0.07359	C
562	0.05711	0.05938	A
563	0.00916	0.0092	T
564	0.00873	0.00923	T
565	0.04209	0.07608	A
566	0.0102	0.01024	T
567	0.00977	0.01006	T
568	0.01187	0.01819	G
569	0.04783	0.05535	C
570	0.058	0.06508	A
571	0.01231	0.01341	G
572	0.04011	0.04035	C
573	0.04172	0.04241	C
574	0.03559	0.03578	C
575	0.01061	0.01182	T
576	0.06152	0.06408	A
577	0.0126	0.01469	G
578	0.04539	0.04688	C
579	0.04535	0.04628	A
580	0.71648	0.71919	A
581	0.04552	0.04664	C
582	0.03432	0.03883	A
583	0.04303	0.04484	C
584	0.01322	0.01545	T
585	0.03425	0.03434	C
586	0.033	0.03418	C
587	0.02433	0.02932	A
588	0.05008	0.0501	C
589	0.0326	0.03493	C
590	0.00807	0.0095	T
591	0.07261	0.07266	C
592	0.03566	0.03907	C
593	0.00955	0.00996	T
594	0.04601	0.05209	A
595	0.00965	0.00968	T
596	0.00918	0.00942	T
597	0.04504	0.05437	C
598	0.0148	0.0148	T
599	0.01139	0.01151	T
600	0.01224	0.01539	G
601	0.04466	0.04656	C
602	0.03908	0.04019	A
603	0.06146	0.06277	C
604	0.01046	0.01225	G
605	0.02539	0.02629	A
606	0.04256	0.04313	A
607	0.05249	0.05273	A
608	0.08152	0.08951	C
609	0.0074	0.00744	G
610	0.00576	0.00588	G
611	0.00508	0.00534	G
612	0.03114	0.03744	A
613	0.01584	0.01767	T
614	0.06155	0.06428	C
615	0.04584	0.04661	A
616	0.04315	0.04491	A
617	0.03869	0.03957	A
618	0.07206	0.08079	C
619	0.03285	0.03294	A
620	0.02961	0.03893	A
621	0.033	0.0334	C
622	0.01841	0.01939	C
623	0.0223	0.02244	C
624	0.03912	0.03924	C
625	0.04272	0.04274	C
626	0.01589	0.01673	T
627	0.06371	0.06495	A
628	0.00726	0.00739	G
629	0.00941	0.00982	G
630	0.02326	0.02354	A
631	0.03131	0.03145	A
632	0.01208	0.01342	T
633	0.06885	0.07081	C
634	0.04953	0.05042	A
635	0.06415	0.06428	C
636	0.03462	0.03693	C
637	0.01377	0.01644	T
638	0.04338	0.04343	C
639	0.03666	0.03669	C
640	0.04476	0.04587	C
641	0.0484	0.05618	A
642	0.00726	0.00744	T
643	0.00564	0.00571	T
644	0.03208	0.03214	C
645	0.02474	0.02494	C
646	0.01447	0.01712	G
647	0.04699	0.04851	A
648	0.01326	0.01682	T
649	0.03524	0.03583	A
650	0.02071	0.02096	A
651	0.04252	0.0427	A
652	0.04682	0.04844	A
653	0.01209	0.01474	T
654	0.05184	0.05466	C
655	0.03651	0.03717	A
656	0.07519	0.07599	C
657	0.05045	0.05103	C
658	0.01553	0.01609	T
659	0.02292	0.02342	T
660	0.05445	0.05469	C
661	0.03353	0.035	C
662	0.01844	0.0289	A
663	0.05579	0.05591	C
664	0.03586	0.03591	C
665	0.03173	0.03266	C
666	0.0173	0.01779	T
667	0.01476	0.01555	T
668	0.02587	0.04337	A
669	0.05333	0.05543	C
670	0.01314	0.01514	T
671	0.04827	0.05138	A
672	0.05927	0.06326	C
673	0.03047	0.03383	A
674	0.0618	0.06564	C
675	0.03145	0.0317	A
676	0.04492	0.04594	A
677	0.02001	0.02157	T
678	0.05971	0.0617	C
679	0.03763	0.03813	A
680	0.03982	0.04142	A
681	0.05046	0.05242	A
682	0.01164	0.01287	G
683	0.0559	0.05824	A
684	0.06229	0.06484	C
685	0.01099	0.01215	G
686	0.02064	0.02081	C
687	0.0148	0.01482	C
688	0.03789	0.03818	C
689	0.01927	0.02151	T
690	0.06076	0.06342	C
691	0.00928	0.01062	G
692	0.00809	0.00818	G
693	0.02935	0.02993	C
694	0.01631	0.01651	T
695	0.01298	0.01337	T
696	0.03261	0.04716	A
697	0.07785	0.08056	C
698	0.01562	0.01565	T
699	0.01015	0.01043	T
700	0.04866	0.05903	C
701	0.01832	0.01922	T
702	0.07016	0.07732	C
703	0.01559	0.01562	T
704	0.01044	0.01083	T
705	0.05789	0.05846	C
706	0.0556	0.05876	C
707	0.01503	0.01556	T
708	0.01692	0.01759	T
709	0.05086	0.05955	C
710	0.0182	0.0199	T
711	0.05267	0.05714	C
712	0.01255	0.01592	T
713	0.0499	0.04994	C
714	0.03873	0.04135	C
715	0.01396	0.014	T
716	0.0131	0.0133	T
717	0.02747	0.02965	A
718	0.03305	0.03361	A
719	0.00883	0.01388	T
720	0.71911	0.72472	G
721	0.02768	0.03055	A
722	0.05337	0.05883	C
723	0.03875	0.03977	A
724	0.01301	0.0133	T
725	0.01358	0.014	T
726	0.03765	0.03818	A
727	0.03453	0.03579	A
728	0.06375	0.0669	C
729	0.04187	0.04234	A
730	0.05845	0.06246	C
731	0.01205	0.01276	T
732	0.05733	0.06023	A
733	0.0133	0.01334	T
734	0.01426	0.01444	T
735	0.0484	0.05342	C
736	0.01645	0.01908	T
737	0.04413	0.04711	C
738	0.03175	0.03547	A
739	0.05444	0.05448	C
740	0.02627	0.02742	C
741	0.03004	0.05485	A
742	0.01918	0.02031	G
743	0.04367	0.04409	A
744	0.04719	0.04735	C
745	0.02523	0.02611	C
746	0.00976	0.01159	T
747	0.04889	0.04889	C
748	0.02344	0.02508	C
749	0.01408	0.01489	T
750	0.04463	0.05043	A
751	0.00832	0.00847	G
752	0.0096	0.0097	G
753	0.03501	0.03634	C
754	0.01606	0.01869	G
755	0.03716	0.04191	A
756	0.05926	0.05954	C
757	0.03748	0.03767	C
758	0.04137	0.04178	C
759	0.0285	0.05782	A
760	0.01908	0.01974	G
761	0.03643	0.03682	A
762	0.0661	0.06716	C
763	0.02763	0.02776	A
764	0.04469	0.04508	A
765	0.01659	0.01681	T
766	0.01523	0.01653	T
767	0.03814	0.06326	A
768	0.01818	0.02117	T
769	0.05181	0.05755	A
770	0.06506	0.0666	C
771	0.03741	0.03756	C
772	0.01322	0.01334	C
773	0.01571	0.01758	T
774	0.04717	0.04989	A
775	0.02278	0.02391	G
776	0.06038	0.06096	C
777	0.04486	0.04595	C
778	0.02639	0.02749	A
779	0.02668	0.03063	A
780	0.02932	0.02974	C
781	0.02804	0.02847	C
782	0.02448	0.02479	C
783	0.02905	0.02932	C
784	0.01966	0.02006	T
785	0.01547	0.01617	T
786	0.03404	0.03512	A
787	0.0474	0.04766	A
788	0.0525	0.05369	A
789	0.06323	0.07014	C
790	0.04313	0.04764	A
791	0.04736	0.0476	C
792	0.03059	0.03068	C
793	0.02884	0.0289	C
794	0.03177	0.03236	C
795	0.02563	0.03079	T
796	0.03091	0.03091	C
797	0.02632	0.02634	C
798	0.03148	0.03148	C
799	0.03149	0.03186	C
800	0.02658	0.0305	A
801	0.04332	0.04458	C
802	0.03798	0.04007	A
803	0.01526	0.01731	T
804	0.05002	0.05143	C
805	0.03801	0.03854	A
806	0.05547	0.05876	A
807	0.02125	0.02589	G
808	0.03458	0.03477	C
809	0.02738	0.02741	C
810	0.0223	0.0223	C
811	0.02954	0.03216	G
812	0.03486	0.03522	A
813	0.03542	0.0359	A
814	0.02174	0.02246	T
815	0.01899	0.02229	G
816	0.03773	0.03888	A
817	0.01724	0.01788	T
818	0.06214	0.06403	A
819	0.01403	0.01403	T
820	0.01737	0.01742	T
821	0.00984	0.00993	T
822	0.06489	0.06528	C
823	0.04799	0.04816	C
824	0.01892	0.01945	T
825	0.06173	0.06804	A
826	0.01523	0.01523	T
827	0.02098	0.02141	T
828	0.04164	0.04918	C
829	0.01291	0.01365	G
830	0.04912	0.04918	C
831	0.02258	0.02287	C
832	0.0165	0.01827	T
833	0.03608	0.03745	A
834	0.05458	0.05938	C
835	0.03206	0.03338	A
836	0.06165	0.06527	C
837	0.03479	0.03506	A
838	0.05665	0.05705	A
839	0.01731	0.0175	T
840	0.01356	0.01392	T
841	0.03973	0.04837	C
842	0.01447	0.01771	T
843	0.05303	0.05307	C
844	0.03585	0.03628	C
845	0.01592	0.01916	G
846	0.03679	0.03889	A
847	0.01265	0.01558	T
848	0.05997	0.06006	C
849	0.03341	0.03416	C
850	0.02209	0.02539	G
851	0.01736	0.02305	T
852	0.0298	0.02994	C
853	0.02862	0.02873	C
854	0.02153	0.02167	C
855	0.01654	0.01941	T
856	0.03094	0.03195	A
857	0.03391	0.03444	A
858	0.06226	0.06488	C
859	0.03308	0.03378	A
860	0.0316	0.03162	A
861	0.04489	0.04556	A
862	0.05488	0.06154	C
863	0.01164	0.01226	T
864	0.02815	0.0289	A
865	0.00627	0.00642	G
866	0.0076	0.00776	G
867	0.03783	0.04627	A
868	0.00925	0.0093	G
869	0.0054	0.00554	G
870	0.02937	0.03022	C
871	0.02212	0.02244	G
872	0.01399	0.01703	T
873	0.05549	0.0556	C
874	0.04578	0.0459	C
875	0.01912	0.01927	T
876	0.019	0.0196	T
877	0.01389	0.01661	G
878	0.03445	0.03463	C
879	0.02781	0.02799	C
880	0.03413	0.03428	C
881	0.01647	0.018	T
882	0.03718	0.03967	A
883	0.01626	0.01626	T
884	0.01223	0.01331	T
885	0.02951	0.05063	A
886	0.06008	0.06288	C
887	0.0126	0.01368	T
888	0.04533	0.04982	A
889	0.01825	0.02389	T
890	0.05303	0.05395	C
891	0.03144	0.03278	C
892	0.02687	0.03806	A
893	0.01125	0.01469	T
894	0.04036	0.04054	C
895	0.03247	0.03397	C
896	0.01225	0.01509	T
897	0.03877	0.04208	C
898	0.02426	0.03408	A
899	0.01474	0.01999	T
900	0.04018	0.04052	C
901	0.02535	0.02643	C
902	0.01704	0.01769	T
903	0.03676	0.03803	A
904	0.01102	0.01157	G
905	0.04163	0.04278	C
906	0.04435	0.04476	A
907	0.03446	0.03497	A
908	0.01023	0.01353	T
909	0.03495	0.03522	A
910	0.03866	0.04335	A
911	0.02188	0.0285	T
912	0.02953	0.03166	C
913	0.02542	0.02556	C
914	0.02284	0.02318	C
915	0.02388	0.02395	C
916	0.02879	0.03889	A
917	0.01677	0.0225	T
918	0.02664	0.02713	C
919	0.01598	0.0166	C
920	0.01544	0.0187	T
921	0.02584	0.02603	C
922	0.02277	0.02343	C
923	0.02481	0.03223	A
924	0.02211	0.02352	T
925	0.03555	0.03769	A
926	0.0218	0.02349	T
927	0.03126	0.03248	A
928	0.01755	0.0239	T
929	0.03441	0.036	C
930	0.03066	0.03185	C
931	0.01472	0.01543	A
932	0.02568	0.0261	A
933	0.02429	0.02447	A
934	0.04909	0.05559	C
935	0.02403	0.02416	A
936	0.02403	0.02431	A
937	0.04695	0.05143	C
938	0.02592	0.02592	A
939	0.02583	0.02588	A
940	0.03379	0.03433	A
941	0.027	0.02866	G
942	0.03849	0.03982	C
943	0.03052	0.03111	A
944	0.01187	0.02146	T
945	0.03266	0.03266	A
946	0.0355	0.03881	A
947	0.01779	0.01836	T
948	0.05565	0.05842	A
949	0.0117	0.01172	T
950	0.01573	0.01578	T
951	0.02218	0.0222	T
952	0.0548	0.05814	C
953	0.01832	0.01996	G
954	0.02164	0.02172	C
955	0.01915	0.01922	C
956	0.02075	0.02099	C
957	0.01984	0.02431	A
958	0.03908	0.04096	C
959	0.01592	0.02112	T
960	0.02242	0.02288	A
961	0.03188	0.03424	A
962	0.01095	0.01204	G
963	0.02499	0.02521	C
964	0.02995	0.03015	C
965	0.01839	0.01853	A
966	0.02922	0.0301	A
967	0.01568	0.0174	T
968	0.03766	0.0395	C
969	0.02686	0.02739	A
970	0.05179	0.05564	C
971	0.0232	0.02336	T
972	0.01704	0.0171	T
973	0.0174	0.01948	T
974	0.04692	0.05364	A
975	0.01323	0.01323	T
976	0.01054	0.0106	T
977	0.01593	0.01774	G
978	0.03916	0.04013	A
979	0.03348	0.03409	C
980	0.00995	0.01207	T
981	0.04002	0.0403	C
982	0.01729	0.01926	C
983	0.01878	0.02041	T
984	0.03843	0.0445	A
985	0.01673	0.01784	G
986	0.03439	0.03454	C
987	0.03338	0.03377	C
988	0.04134	0.04504	G
989	0.04352	0.04635	C
990	0.03654	0.04197	A
991	0.01777	0.01816	G
992	0.05025	0.05151	A
993	0.0142	0.0143	C
994	0.0094	0.00968	C
995	0.00521	0.006	T
996	0.00745	0.00747	C
997	0.00837	0.00888	C
998	0.02998	0.03114	T
999	0.05103	0.05217	C
1000	0.01874	0.02396	A
1001	0.00741	0.00742	T
1002	0.0064	0.00664	T
1003	0.01467	0.01953	C
1004	0.0219	0.02629	T
1005	0.04003	0.04175	A
1006	0.04548	0.04635	A
1007	0.07399	0.07465	C
1008	0.04529	0.04674	C
1009	0.02257	0.02403	T
1010	0.00758	0.00794	G
1011	0.01659	0.01698	A
1012	0.01914	0.01924	A
1013	0.01433	0.01497	T
1014	0.08051	0.08174	C
1015	0.00654	0.00662	G
1016	0.00535	0.00562	G
1017	0.01382	0.01547	A
1018	0.00569	0.00578	G
1019	0.00684	0.00691	G
1020	0.03753	0.05196	A
1021	0.04356	0.04986	C
1022	0.03023	0.03034	A
1023	0.03181	0.03224	A
1024	0.04144	0.04155	C
1025	0.02969	0.02969	C
1026	0.02792	0.04018	A
1027	0.02579	0.02688	G
1028	0.01391	0.02112	T
1029	0.03913	0.0392	A
1030	0.04675	0.04802	A
1031	0.01075	0.01115	G
1032	0.01594	0.01776	C
1033	0.01315	0.01428	T
1034	0.01679	0.01801	A
1035	0.01705	0.01748	C
1036	0.01931	0.01966	C
1037	0.02971	0.02999	C
1038	0.01384	0.01387	T
1039	0.0127	0.01273	T
1040	0.01138	0.01146	T
1041	0.01022	0.01042	T
1042	0.04234	0.05291	A
1043	0.03197	0.03231	C
1044	0.01648	0.0168	C
1045	0.02216	0.02523	A
1046	0.01443	0.01537	T
1047	0.04535	0.04708	C
1048	0.04498	0.04741	A
1049	0.0169	0.01696	T
1050	0.01093	0.0111	T
1051	0.00866	0.00888	G
1052	0.00705	0.00721	G
1053	0.02722	0.03665	A
1054	0.04553	0.04655	C
1055	0.03092	0.03093	A
1056	0.04279	0.04391	A
1057	0.00997	0.0106	G
1058	0.00548	0.00596	T
1059	0.01715	0.01747	A
1060	0.01299	0.01384	G
1061	0.014	0.01552	C
1062	0.04038	0.04195	A
1063	0.01093	0.01649	T
1064	0.02805	0.02807	C
1065	0.02492	0.02523	C
1066	0.02044	0.02378	G
1067	0.01082	0.01147	T
1068	0.02475	0.02521	A
1069	0.03475	0.03648	C
1070	0.0131	0.01392	T
1071	0.03251	0.0344	A
1072	0.00985	0.01059	T
1073	0.02474	0.02595	A
1074	0.03139	0.03379	C
1075	0.0124	0.01251	T
1076	0.00768	0.00813	T
1077	0.02423	0.0265	C
1078	0.01923	0.02041	A
1079	0.02944	0.03331	C
1080	0.01821	0.01861	A
1081	0.02239	0.02303	A
1082	0.03308	0.03745	C
1083	0.01988	0.02005	A
1084	0.02306	0.02406	A
1085	0.01328	0.01556	T
1086	0.02393	0.02418	C
1087	0.01552	0.01601	C
1088	0.0128	0.01667	T
1089	0.01138	0.01279	A
1090	0.01969	0.02042	A
1091	0.01115	0.01418	T
1092	0.01987	0.02022	C
1093	0.0139	0.01427	C
1094	0.0113	0.01402	T
1095	0.02193	0.02288	A
1096	0.01856	0.02004	A
1097	0.01305	0.01466	T
1098	0.02054	0.02146	A
1099	0.02591	0.02693	C
1100	0.01841	0.01886	C
1101	0.01105	0.01109	A
1102	0.01999	0.02009	A
1103	0.02354	0.02488	C
1104	0.01394	0.01447	T
1105	0.02285	0.02414	A
1106	0.01782	0.01833	T
1107	0.01975	0.02072	C
1108	0.01816	0.02158	T
1109	0.01253	0.01268	C
1110	0.01105	0.01105	C
1111	0.01123	0.01188	C
1112	0.01428	0.01865	T
1113	0.01192	0.01251	A
1114	0.01872	0.01922	A
1115	0.01224	0.01225	T
1116	0.0078	0.00835	T
1117	0.01514	0.01721	G
1118	0.01421	0.0144	A
1119	0.00931	0.00937	A
1120	0.01154	0.0117	A
1121	0.01242	0.01261	A
1122	0.02315	0.03018	C
1123	0.01124	0.01124	A
1124	0.00846	0.00846	A
1125	0.01418	0.01418	A
1126	0.0128	0.0129	A
1127	0.00677	0.0079	T
1128	0.01663	0.01712	A
1129	0.01523	0.01559	C
1130	0.01022	0.01031	T
1131	0.01305	0.01361	C
1132	0.00391	0.00397	A
1133	0.00932	0.00936	A
1134	0.01893	0.01893	A
1135	0.06108	0.06382	T
1136	0.01742	0.01742	G
1137	0.00975	0.00975	G
1138	0.00634	0.00634	G
1139	0.0035	0.0035	C
1140	0.00246	0.00246	C
1141	8e-05	8e-05	T
1142	0.0	0.0	A
1143	0.0	0.0	A
