Position	Mismatches	Mismatches + Deletions	Base
1	0.0	0.0	G
2	0.0	0.0	A
3	0.0	0.0	T
4	0.03767	0.03767	C
5	0.03155	0.03155	A
6	0.04036	0.0409	C
7	0.02452	0.02463	A
8	0.01199	0.01209	G
9	0.02859	0.02859	G
10	0.02082	0.02082	T
11	0.02147	0.02248	C
12	0.04254	0.0451	T
13	0.02952	0.03093	A
14	0.03661	0.04019	T
15	0.02332	0.02641	C
16	0.02787	0.02982	A
17	0.03062	0.03067	C
18	0.03042	0.03046	C
19	0.0206	0.02086	C
20	0.04621	0.04735	T
21	0.03704	0.0379	A
22	0.03759	0.03759	T
23	0.02937	0.03019	T
24	0.02771	0.02802	A
25	0.04335	0.04418	A
26	0.04526	0.0456	C
27	0.02699	0.02743	C
28	0.01901	0.02742	A
29	0.04987	0.052	C
30	0.03683	0.04046	T
31	0.04097	0.04265	C
32	0.03452	0.03704	A
33	0.05179	0.05742	C
34	0.01406	0.01425	G
35	0.0114	0.01144	G
36	0.01572	0.01594	G
37	0.03916	0.04395	A
38	0.02438	0.0249	G
39	0.04929	0.05228	C
40	0.04717	0.05061	T
41	0.04156	0.04297	C
42	0.02992	0.03931	T
43	0.02926	0.02926	C
44	0.02302	0.02377	C
45	0.01918	0.02919	A
46	0.02228	0.0232	T
47	0.02136	0.02321	G
48	0.05259	0.0536	C
49	0.0513	0.05298	A
50	0.01786	0.01818	T
51	0.03549	0.03579	T
52	0.0096	0.00965	T
53	0.02473	0.02533	G
54	0.03028	0.03461	G
55	0.01983	0.0203	T
56	0.04294	0.04943	A
57	0.01797	0.01797	T
58	0.01646	0.01659	T
59	0.01409	0.01409	T
60	0.01749	0.01749	T
61	0.05093	0.06095	C
62	0.03218	0.03301	G
63	0.01866	0.01941	T
64	0.0555	0.05617	C
65	0.02363	0.03322	T
66	0.0175	0.01914	G
67	0.01651	0.01699	G
68	0.01749	0.01782	G
69	0.00851	0.00851	G
70	0.01077	0.01077	G
71	0.01048	0.01052	G
72	0.02465	0.02879	T
73	0.88779	0.89127	A
74	0.05895	0.06115	T
75	0.01424	0.01673	G
76	0.04491	0.0501	C
77	0.05725	0.06099	A
78	0.06939	0.07097	C
79	0.01802	0.02122	G
80	0.01983	0.02103	C
81	0.03999	0.04092	G
82	0.07056	0.0811	A
83	0.03945	0.04238	T
84	0.03293	0.03353	A
85	0.02349	0.02469	G
86	0.02429	0.02489	C
87	0.05531	0.05707	A
88	0.03413	0.03439	T
89	0.02625	0.02694	T
90	0.01785	0.02071	G
91	0.03285	0.03479	C
92	0.03537	0.03636	G
93	0.04095	0.04614	A
94	0.01939	0.02061	G
95	0.05015	0.0532	A
96	0.05196	0.05586	C
97	0.03276	0.03337	G
98	0.02389	0.02514	C
99	0.02369	0.03337	T
100	0.018	0.01821	G
101	0.01897	0.02004	G
102	0.07664	0.10174	A
103	0.01177	0.01249	G
104	0.02468	0.02633	C
105	0.02401	0.0241	C
106	0.02048	0.02068	G
107	0.02555	0.02593	G
108	0.07195	0.08456	A
109	0.02191	0.0231	G
110	0.0192	0.02212	C
111	0.02744	0.02907	A
112	0.0298	0.02986	C
113	0.02618	0.02618	C
114	0.02151	0.02178	C
115	0.03883	0.03979	T
116	0.04355	0.04416	A
117	0.02559	0.0262	T
118	0.0356	0.03665	G
119	0.01846	0.01925	T
120	0.06411	0.06488	C
121	0.01143	0.012	G
122	0.02226	0.02305	C
123	0.02428	0.02451	A
124	0.01866	0.01891	G
125	0.02758	0.0292	T
126	0.04019	0.04089	A
127	0.01719	0.01901	T
128	0.03538	0.03601	C
129	0.02825	0.02854	T
130	0.05174	0.05379	G
131	0.02856	0.03008	T
132	0.05788	0.05909	C
133	0.02752	0.02754	T
134	0.02593	0.02593	T
135	0.01951	0.01961	T
136	0.01905	0.02377	G
137	0.0359	0.03717	A
138	0.01627	0.01634	T
139	0.01581	0.01586	T
140	0.0583	0.05939	C
141	0.01365	0.01423	C
142	0.01965	0.02131	T
143	0.01193	0.01311	G
144	0.01722	0.01736	C
145	0.02407	0.0244	C
146	0.03657	0.03927	T
147	0.0245	0.02802	C
148	0.02051	0.02565	A
149	0.0183	0.02764	T
150	0.04544	0.04611	C
151	0.02782	0.02917	C
152	0.02746	0.02966	T
153	0.03423	0.03638	A
154	0.02011	0.02019	T
155	0.01829	0.02276	T
156	0.01708	0.04072	A
157	0.01689	0.01695	T
158	0.0149	0.0149	T
159	0.01208	0.01354	T
160	0.02842	0.03283	A
161	0.02143	0.02232	T
162	0.03008	0.03267	C
163	0.02191	0.02301	G
164	0.0203	0.02171	C
165	0.0202	0.02071	A
166	0.02636	0.02642	C
167	0.01445	0.01509	C
168	0.02014	0.02076	T
169	0.01612	0.01686	A
170	0.02917	0.02992	C
171	0.02939	0.03042	G
172	0.01532	0.01543	T
173	0.01891	0.01891	T
174	0.02192	0.02439	C
175	0.02383	0.02411	A
176	0.02703	0.02717	A
177	0.02551	0.02604	T
178	0.02395	0.02453	A
179	0.02022	0.02022	T
180	0.02005	0.02107	T
181	0.013	0.01909	A
182	0.01924	0.02111	C
183	0.01865	0.02067	A
184	0.01508	0.01508	G
185	0.01999	0.02006	G
186	0.01177	0.01189	C
187	0.02392	0.02659	G
188	0.01713	0.01751	A
189	0.00893	0.00905	A
190	0.00781	0.00905	C
191	0.01045	0.01337	A
192	0.02378	0.02464	T
193	0.00693	0.00776	A
194	0.01107	0.01234	C
195	0.02263	0.02263	T
196	0.0154	0.01634	T
197	0.01445	0.02792	A
198	0.03322	0.03466	C
199	0.02598	0.03542	T
200	0.01932	0.01994	A
201	0.01562	0.01599	A
202	0.01062	0.01067	A
203	0.02188	0.02234	G
204	0.01002	0.01039	T
205	0.02711	0.0286	G
206	0.01831	0.0186	T
207	0.03279	0.03574	G
208	0.01425	0.01446	T
209	0.01716	0.01737	T
210	0.01706	0.01964	A
211	0.02211	0.02244	A
212	0.02169	0.02227	T
213	0.01189	0.01326	T
214	0.01613	0.01658	A
215	0.02319	0.02409	A
216	0.02053	0.02126	T
217	0.01146	0.01183	T
218	0.02365	0.02377	A
219	0.01963	0.02081	A
220	0.01768	0.01804	T
221	0.02086	0.02138	G
222	0.01117	0.01182	C
223	0.02906	0.02914	T
224	0.01869	0.01957	T
225	0.0308	0.03323	G
226	0.024	0.02554	T
227	0.01653	0.01808	A
228	0.01435	0.01457	G
229	0.02001	0.02066	G
230	0.01264	0.01623	A
231	0.01678	0.01781	C
232	0.01901	0.02091	A
233	0.02067	0.03323	T
234	0.01265	0.01271	A
235	0.01149	0.01242	A
236	0.021	0.04133	T
237	0.01238	0.01238	A
238	0.01444	0.01626	A
239	0.02606	0.04663	T
240	0.0147	0.01473	A
241	0.01399	0.01497	A
242	0.02929	0.03401	C
243	0.01642	0.01645	A
244	0.01937	0.02018	A
245	0.05054	0.05078	T
246	0.02403	0.02419	T
247	0.04629	0.04747	G
248	0.01762	0.01804	A
249	0.01249	0.0127	A
250	0.01155	0.01163	T
251	0.01078	0.01105	G
252	0.00902	0.00937	T
253	0.0058	0.00607	C
254	0.01037	0.0112	T
255	0.01118	0.01155	G
256	0.01171	0.01238	C
257	0.01179	0.01459	A
258	0.01336	0.01429	C
259	0.01128	0.01324	A
260	0.03167	0.03332	G
261	0.00877	0.00882	C
262	0.01052	0.01104	C
263	0.7899	0.79493	A
264	0.01839	0.01849	C
265	0.04095	0.04158	T
266	0.0419	0.0431	T
267	0.0292	0.03043	T
268	0.01041	0.01084	C
269	0.00827	0.00875	C
270	0.00738	0.01182	A
271	0.0113	0.01208	C
272	0.01044	0.0122	A
273	0.00741	0.00854	C
274	0.0061	0.0073	A
275	0.00831	0.00884	G
276	0.00549	0.00567	A
277	0.00692	0.0073	C
278	0.00683	0.00699	A
279	0.02298	0.02382	T
280	0.01091	0.01219	C
281	0.01157	0.01194	A
282	0.05287	0.07171	T
283	0.01322	0.01331	A
284	0.0124	0.01256	A
285	0.02394	0.0293	C
286	0.00601	0.00601	A
287	0.00802	0.00802	A
288	0.00847	0.00847	A
289	0.0056	0.0056	A
290	0.00711	0.00711	A
291	0.01122	0.01122	A
292	0.00804	0.00823	T
293	0.01646	0.01653	T
294	0.00919	0.00919	T
295	0.0103	0.01033	C
296	0.011	0.01119	C
297	0.00821	0.01021	A
298	0.0114	0.0114	C
299	0.01393	0.01495	C
300	0.00409	0.0043	A
301	0.00631	0.0066	A
302	0.01595	0.01673	A
303	0.00423	0.00435	C
304	0.00187	0.00194	C
305	0.00238	0.00238	C
306	0.00648	0.00648	C
307	0.01373	0.01373	C
308	0.00629	0.00629	C
309	0.00698	0.007	C
310	0.12416	0.13035	T
311	0.0074	0.00745	C
312	0.00611	0.00611	C
313	0.01062	0.01062	C
314	0.02959	0.02959	C
315	0.00604	0.00604	C
316	0.05529	0.06014	G
317	0.0163	0.01738	C
318	0.0533	0.05418	T
319	0.03664	0.04206	T
320	0.01055	0.01158	C
321	0.01919	0.02725	T
322	0.02865	0.02925	G
323	0.09124	0.0917	G
324	0.00589	0.00593	C
325	0.01617	0.01637	C
326	0.0221	0.02477	A
327	0.01224	0.01532	C
328	0.01056	0.01202	A
329	0.03357	0.03416	G
330	0.00839	0.0088	C
331	0.01138	0.01216	A
332	0.01253	0.01558	C
333	0.06365	0.06379	T
334	0.04434	0.04638	T
335	0.01121	0.01171	A
336	0.01355	0.01374	A
337	0.01153	0.01162	A
338	0.05166	0.05272	C
339	0.01173	0.0122	A
340	0.01277	0.01315	C
341	0.01139	0.01156	A
342	0.03446	0.0361	T
343	0.01155	0.01172	C
344	0.02787	0.02894	T
345	0.00884	0.00914	C
346	0.02628	0.02838	T
347	0.0247	0.02542	G
348	0.00664	0.00671	C
349	0.0055	0.00558	C
350	0.00728	0.00751	A
351	0.01225	0.01236	A
352	0.00675	0.00691	A
353	0.00971	0.00997	C
354	0.00711	0.00715	C
355	0.0068	0.00681	C
356	0.01408	0.01419	C
357	0.0114	0.01175	A
358	0.0135	0.01354	A
359	0.00793	0.00793	A
360	0.00772	0.00779	A
361	0.00358	0.00363	A
362	0.01577	0.01759	C
363	0.00909	0.00912	A
364	0.01202	0.01204	A
365	0.00958	0.00962	A
366	0.05179	0.06075	G
367	0.00927	0.00927	A
368	0.00845	0.00856	A
369	0.00902	0.00908	C
370	0.00812	0.00823	C
371	0.0093	0.00935	C
372	0.06351	0.07625	T
373	0.01347	0.01399	A
374	0.01031	0.01095	A
375	0.01058	0.0117	C
376	0.00901	0.00941	A
377	0.00871	0.00874	C
378	0.00879	0.00897	C
379	0.00943	0.01245	A
380	0.05105	0.05291	G
381	0.00801	0.0081	C
382	0.00584	0.0062	C
383	0.08627	0.1139	T
384	0.01559	0.01617	A
385	0.00935	0.00991	A
386	0.01062	0.01075	C
387	0.00918	0.00952	C
388	0.00817	0.0104	A
389	0.06971	0.0729	G
390	0.0091	0.01019	A
391	0.04625	0.04703	T
392	0.04278	0.04284	T
393	0.01866	0.01878	T
394	0.05026	0.05655	C
395	0.00839	0.0088	A
396	0.01489	0.01525	A
397	0.01153	0.01179	A
398	0.034	0.03418	T
399	0.01745	0.01746	T
400	0.00429	0.00431	T
401	0.00683	0.00687	T
402	0.0164	0.02034	A
403	0.01563	0.01607	T
404	0.01594	0.01785	C
405	0.00378	0.00378	T
406	0.00207	0.00207	T
407	0.00255	0.00255	T
408	0.00372	0.00372	T
409	0.00197	0.00201	G
410	0.00189	0.00191	G
411	0.02103	0.02128	C
412	0.00199	0.00201	G
413	0.00173	0.00191	G
414	0.00167	0.00179	T
415	0.01882	0.01924	A
416	0.00211	0.00215	T
417	0.0017	0.00213	G
418	0.01659	0.0169	C
419	0.00708	0.0074	A
420	0.01317	0.01329	C
421	0.0005	0.0005	T
422	0.0013	0.00131	T
423	0.00167	0.00167	T
424	0.00258	0.00263	T
425	0.01254	0.0129	A
426	0.01394	0.014	A
427	0.0222	0.02295	C
428	0.01152	0.01198	A
429	0.00319	0.0035	G
430	0.0038	0.00442	T
431	0.01076	0.01107	C
432	0.01256	0.01341	A
433	0.01287	0.01298	C
434	0.00598	0.00602	C
435	0.00569	0.00569	C
436	0.00636	0.0064	C
437	0.00798	0.00798	C
438	0.0082	0.0082	C
439	0.00669	0.00675	A
440	0.00927	0.0093	A
441	0.01435	0.01481	C
442	0.00157	0.00185	T
443	0.01133	0.01179	A
444	0.00859	0.00875	A
445	0.01554	0.0162	C
446	0.00996	0.01029	A
447	0.01689	0.01724	C
448	0.01211	0.01262	A
449	0.0017	0.0017	T
450	0.00227	0.00232	T
451	0.0133	0.02163	A
452	0.00126	0.00126	T
453	0.00115	0.00115	T
454	0.00277	0.00277	T
455	0.00537	0.00537	T
456	0.01063	0.01086	C
457	0.00847	0.00853	C
458	0.0082	0.0082	C
459	0.00749	0.00757	C
460	0.00614	0.00691	T
461	0.00918	0.00918	C
462	0.00917	0.00917	C
463	0.00702	0.00752	C
464	0.00777	0.01064	A
465	0.01312	0.01379	C
466	0.00539	0.00572	T
467	0.00848	0.00848	C
468	0.0083	0.0083	C
469	0.00931	0.00976	C
470	0.00645	0.01609	A
471	0.00144	0.00166	T
472	0.01354	0.0139	A
473	0.01745	0.01865	C
474	0.00237	0.00315	T
475	0.01546	0.0162	A
476	0.01995	0.0224	C
477	0.00236	0.00244	T
478	0.01572	0.01597	A
479	0.02089	0.02224	A
480	0.0022	0.0022	T
481	0.02143	0.02189	C
482	0.00317	0.00336	T
483	0.01634	0.0173	C
484	0.0168	0.01826	A
485	0.00404	0.00447	T
486	0.02826	0.02876	C
487	0.02434	0.02653	A
488	0.0265	0.02915	A
489	0.00593	0.00666	T
490	0.0286	0.02955	A
491	0.03772	0.04105	C
492	0.02267	0.02267	A
493	0.04062	0.04927	A
494	0.02655	0.0275	C
495	0.01404	0.01502	C
496	0.01562	0.01562	C
497	0.01777	0.01777	C
498	0.02303	0.02329	C
499	0.00738	0.00808	G
500	0.02742	0.02742	C
501	0.02068	0.02068	C
502	0.02338	0.02338	C
503	0.0269	0.03206	A
504	0.00478	0.0053	T
505	0.03212	0.03212	C
506	0.01237	0.01237	C
507	0.00835	0.00906	T
508	0.03238	0.03384	A
509	0.0411	0.0411	C
510	0.03793	0.0382	C
511	0.02327	0.02381	C
512	0.03326	0.04412	A
513	0.01503	0.01821	G
514	0.0391	0.04152	C
515	0.03766	0.04059	A
516	0.05875	0.06506	C
517	0.04442	0.0496	A
518	0.06163	0.07393	C
519	0.0466	0.05174	A
520	0.05811	0.0708	C
521	0.05103	0.0552	A
522	0.05372	0.06494	C
523	0.04433	0.04618	A
524	0.06538	0.06538	C
525	0.04269	0.04596	C
526	0.00607	0.00746	G
527	0.04281	0.04561	C
528	0.00721	0.01072	T
529	0.0108	0.01133	G
530	0.04488	0.04684	C
531	0.00894	0.01055	T
532	0.04213	0.04429	A
533	0.03773	0.03882	A
534	0.05388	0.05388	C
535	0.02527	0.02583	C
536	0.03198	0.03217	C
537	0.03134	0.03134	C
538	0.03682	0.05513	A
539	0.02191	0.03742	T
540	0.05702	0.05938	A
541	0.05156	0.05196	C
542	0.04105	0.04165	C
543	0.03292	0.03393	C
544	0.03451	0.03451	C
545	0.01865	0.02341	G
546	0.0519	0.05358	A
547	0.03524	0.03524	A
548	0.06691	0.06691	C
549	0.05361	0.05404	C
550	0.01922	0.01922	A
551	0.03473	0.03562	A
552	0.03802	0.03847	C
553	0.02422	0.02445	C
554	0.01647	0.01718	A
555	0.03084	0.03084	A
556	0.04159	0.04253	A
557	0.02431	0.02741	C
558	0.02477	0.02477	C
559	0.04009	0.04009	C
560	0.03684	0.03684	C
561	0.00184	0.00195	A
562	0.00365	0.00365	A
563	0.00453	0.00453	A
564	0.01296	0.01297	G
565	0.07156	0.07172	A
566	0.06664	0.06916	C
567	0.01878	0.01967	A
568	0.02453	0.02453	C
569	0.02606	0.02606	C
570	0.01789	0.01789	C
571	0.03115	0.03115	C
572	0.03768	0.03768	C
573	0.04674	0.04674	C
574	0.06245	0.07076	A
575	0.04722	0.04749	C
576	0.04601	0.04864	A
577	0.00286	0.00291	G
578	0.00175	0.00176	T
579	0.00261	0.00261	T
580	0.00526	0.00526	T
581	0.05667	0.05819	A
582	0.00612	0.00619	T
583	0.0053	0.00724	G
584	0.00269	0.00322	T
585	0.5737	0.58193	A
586	0.00545	0.00572	G
587	0.01523	0.0174	C
588	0.00266	0.00268	T
589	0.00331	0.0035	T
590	0.03654	0.04644	A
591	0.0622	0.06248	C
592	0.03441	0.0348	C
593	0.00363	0.00454	T
594	0.04465	0.04474	C
595	0.03696	0.03835	C
596	0.00608	0.00743	T
597	0.05962	0.06189	C
598	0.03781	0.04165	A
599	0.03252	0.03271	A
600	0.03023	0.03038	A
601	0.00649	0.00775	G
602	0.02441	0.02553	C
603	0.07552	0.07605	A
604	0.04415	0.04466	A
605	0.00459	0.00521	T
606	0.03739	0.03792	A
607	0.06764	0.06881	C
608	0.03336	0.03379	A
609	0.07029	0.07636	C
610	0.01083	0.01243	T
611	0.00648	0.00986	G
612	0.0372	0.03866	A
613	0.0175	0.01825	A
614	0.12028	0.12126	A
615	0.20046	0.20655	A
616	0.00386	0.00575	T
617	0.00844	0.00976	G
618	0.00313	0.00328	T
619	0.00352	0.00353	T
620	0.00423	0.00425	T
621	0.04521	0.05041	A
622	0.00601	0.00645	G
623	0.05384	0.05541	A
624	0.08407	0.08755	C
625	0.00699	0.00703	G
626	0.00563	0.00572	G
627	0.00768	0.00772	G
628	0.04782	0.05625	C
629	0.01218	0.01272	T
630	0.059	0.06014	C
631	0.03377	0.03502	A
632	0.07443	0.07619	C
633	0.06279	0.0658	A
634	0.01248	0.01676	T
635	0.0613	0.06359	C
636	0.07008	0.07232	A
637	0.02442	0.02444	C
638	0.00769	0.00773	C
639	0.00678	0.00678	C
640	0.01793	0.01797	C
641	0.02531	0.03373	A
642	0.0065	0.00719	T
643	0.02651	0.02652	A
644	0.02534	0.02536	A
645	0.00725	0.00732	A
646	0.0228	0.02422	C
647	0.00471	0.00471	A
648	0.01418	0.0142	A
649	0.01441	0.01464	A
650	0.00291	0.00328	T
651	0.01658	0.01672	A
652	0.00198	0.00202	G
653	0.00197	0.00199	G
654	0.00111	0.00111	T
655	0.00184	0.00185	T
656	0.00283	0.00283	T
657	0.00284	0.00287	G
658	0.00206	0.00214	G
659	0.00159	0.00188	T
660	0.01732	0.01748	C
661	0.00628	0.00646	C
662	0.00177	0.00219	T
663	0.06618	0.06797	A
664	0.00144	0.00153	G
665	0.00892	0.00899	C
666	0.01232	0.01258	C
667	0.00064	0.00066	T
668	0.00116	0.00117	T
669	0.00105	0.00105	T
670	0.0179	0.01964	C
671	0.00099	0.001	T
672	0.01914	0.02087	A
673	0.00138	0.00138	T
674	0.00139	0.00145	T
675	0.02058	0.02524	A
676	0.00147	0.00158	G
677	0.01354	0.0139	C
678	0.001	0.00105	T
679	0.03567	0.03604	C
680	0.0014	0.00142	T
681	0.00149	0.00151	T
682	0.00988	0.01243	A
683	0.00245	0.00257	G
684	0.00185	0.00212	T
685	0.01385	0.0139	A
686	0.01589	0.01616	A
687	0.00206	0.00239	G
688	0.01989	0.02074	A
689	0.00239	0.00244	T
690	0.00192	0.00196	T
691	0.01455	0.02172	A
692	0.01958	0.0205	C
693	0.01163	0.01267	A
694	0.02513	0.02807	C
695	0.01169	0.01281	A
696	0.00229	0.00274	T
697	0.00329	0.0038	G
698	0.01196	0.0144	C
699	0.01082	0.01094	A
700	0.0167	0.01688	A
701	0.00426	0.00499	G
702	0.01179	0.0134	C
703	0.01228	0.01329	A
704	0.00253	0.00285	T
705	0.01291	0.01293	C
706	0.0052	0.0052	C
707	0.00515	0.00515	C
708	0.01168	0.01169	C
709	0.00455	0.00509	G
710	0.00264	0.00264	T
711	0.00445	0.00445	T
712	0.01351	0.01351	C
713	0.01257	0.01257	C
714	0.0067	0.0095	A
715	0.00088	0.00096	G
716	0.00145	0.0015	T
717	0.00082	0.00087	G
718	0.00786	0.0082	A
719	0.00172	0.00185	G
720	0.00125	0.00126	T
721	0.00145	0.00165	T
722	0.02207	0.02261	C
723	0.00598	0.00628	A
724	0.00874	0.00876	C
725	0.00627	0.00627	C
726	0.00253	0.00264	C
727	0.00065	0.00068	T
728	0.00458	0.00477	C
729	0.00054	0.00061	T
730	0.00573	0.00576	A
731	0.02379	0.0239	A
732	0.00299	0.00302	A
733	0.00099	0.00122	T
734	0.00421	0.00441	C
735	0.00888	0.00931	A
736	0.01391	0.01392	C
737	0.01382	0.01438	C
738	0.00628	0.00792	A
739	0.02485	0.02544	C
740	0.00079	0.00086	G
741	0.00342	0.00348	A
742	0.00052	0.00082	T
743	0.00733	0.00744	C
744	0.00139	0.00139	A
745	0.01449	0.01475	A
746	0.04004	0.04022	A
747	0.00641	0.00641	A
748	0.00066	0.00066	G
749	0.00068	0.00068	G
750	0.18234	0.18234	A
751	0.01343	0.01422	A
752	0.01954	0.02066	C
753	0.00549	0.00549	A
754	0.00712	0.00739	A
755	0.00161	0.00183	G
756	0.00417	0.00472	C
757	0.0086	0.0088	A
758	0.00166	0.00214	T
759	0.01803	0.01885	C
760	0.00505	0.00516	A
761	0.01139	0.01181	A
762	0.00738	0.01488	G
763	0.01238	0.01438	C
764	0.08664	0.08837	A
765	0.02384	0.02492	C
766	0.0032	0.00362	G
767	0.00728	0.00806	C
768	0.00605	0.00614	A
769	0.00289	0.00353	G
770	0.0789	0.08422	C
771	0.01786	0.01837	A
772	0.0318	0.03295	A
773	0.00193	0.00267	T
774	0.00685	0.00823	G
775	0.00934	0.00957	C
776	0.02528	0.02551	A
777	0.01377	0.01399	G
778	0.00971	0.01031	C
779	0.00245	0.00326	T
780	0.034	0.03478	C
781	0.01233	0.01289	A
782	0.01592	0.01601	A
783	0.02231	0.02231	A
784	0.02368	0.02368	A
785	0.04137	0.04625	C
786	0.0046	0.00485	G
787	0.00869	0.00895	C
788	0.00206	0.00217	T
789	0.00261	0.00276	T
790	0.02965	0.05854	A
791	0.00978	0.01006	G
792	0.02732	0.02746	C
793	0.06652	0.06668	C
794	0.0055	0.00652	T
795	0.05794	0.06178	A
796	0.00882	0.00913	G
797	0.02096	0.02148	C
798	0.02856	0.02906	C
799	0.01402	0.02698	A
800	0.0292	0.03221	C
801	0.016	0.0233	A
802	0.01343	0.01347	C
803	0.01183	0.01183	C
804	0.01139	0.01139	C
805	0.05134	0.05134	C
806	0.07034	0.07044	C
807	0.04882	0.06607	A
808	0.24713	0.27798	C
809	0.00353	0.00391	G
810	0.00446	0.00448	G
811	0.0048	0.00486	G
812	0.09754	0.09804	A
813	0.12687	0.12693	A
814	0.07124	0.07155	A
815	0.13903	0.15036	C
816	0.07493	0.07699	A
817	0.01287	0.01336	G
818	0.02278	0.02326	C
819	0.04079	0.04151	A
820	0.00774	0.00787	G
821	0.00402	0.00435	T
822	0.00788	0.0082	G
823	0.07075	0.0738	A
824	0.00615	0.00616	T
825	0.00604	0.00647	T
826	0.08574	0.08591	A
827	0.07784	0.07834	A
828	0.15268	0.15333	C
829	0.03679	0.03701	C
830	0.00169	0.00171	T
831	0.00403	0.00403	T
832	0.00429	0.00431	T
833	0.02697	0.03268	A
834	0.00551	0.00606	G
835	0.02955	0.0299	C
836	0.02405	0.02418	A
837	0.01624	0.01631	A
838	0.00205	0.00232	T
839	0.01329	0.01329	A
840	0.01309	0.01309	A
841	0.01725	0.01741	A
842	0.02186	0.02277	C
843	0.00547	0.00592	G
844	0.02527	0.02536	A
845	0.04721	0.04728	A
846	0.02545	0.02546	A
847	0.00542	0.00548	G
848	0.00083	0.00085	T
849	0.00081	0.00081	T
850	0.00094	0.00094	T
851	0.0071	0.00714	A
852	0.01269	0.01274	A
853	0.01673	0.01731	C
854	0.00181	0.00205	T
855	0.01462	0.01471	A
856	0.01706	0.01736	A
857	0.00291	0.00314	G
858	0.01627	0.01659	C
859	0.00205	0.00214	T
860	0.01972	0.02019	A
861	0.00258	0.0029	T
862	0.01909	0.01948	A
863	0.03921	0.0404	C
864	0.00467	0.00671	T
865	0.01484	0.01631	A
866	0.00905	0.01047	A
867	0.11844	0.11896	C
868	0.08366	0.08562	C
869	0.07827	0.07936	C
870	0.17506	0.17539	C
871	0.00772	0.01032	A
872	0.0022	0.00223	G
873	0.00119	0.00119	G
874	0.00281	0.00281	G
875	0.00135	0.00139	T
876	0.00211	0.00211	T
877	0.00267	0.00267	G
878	0.0016	0.00161	G
879	0.00246	0.00264	T
880	0.04265	0.04303	C
881	0.00256	0.00259	A
882	0.0065	0.00651	A
883	0.00834	0.00834	T
884	0.00045	0.00045	T
885	0.0004	0.0004	T
886	0.00305	0.00324	C
887	0.00052	0.00065	G
888	0.00136	0.00144	T
889	0.00053	0.00063	G
890	0.00266	0.00268	C
891	0.00101	0.00106	C
892	0.00108	0.00166	A
893	0.0006	0.00065	G
894	0.00043	0.00044	C
895	0.00061	0.00063	C
896	0.00076	0.00101	A
897	0.00174	0.00174	C
898	0.00146	0.00148	C
899	0.00026	0.00034	G
900	0.00067	0.00067	C
901	0.00032	0.00032	G
902	0.00031	0.00033	G
903	0.00023	0.00025	T
904	0.00434	0.00441	C
905	0.00149	0.00152	A
906	0.00295	0.00304	C
907	0.00094	0.00096	A
908	0.00209	0.00225	C
909	0.00018	0.00023	G
910	0.00113	0.00117	A
911	0.0002	0.0002	T
912	0.00027	0.00029	T
913	0.00117	0.00117	A
914	0.00079	0.0008	A
915	0.00198	0.00198	C
916	0.00129	0.00129	C
917	0.00134	0.00134	C
918	0.00501	0.00507	A
919	0.00177	0.0018	A
920	0.00085	0.00098	G
921	0.00036	0.00039	T
922	0.00283	0.00297	C
923	0.00165	0.00165	A
924	0.00164	0.00171	A
925	0.00055	0.00066	T
926	0.00307	0.00317	A
927	0.00113	0.00125	G
928	0.00255	0.00255	A
929	0.0052	0.00558	A
930	0.00271	0.00302	G
931	0.01041	0.01055	C
932	0.00635	0.00647	C
933	0.00088	0.00091	G
934	0.00098	0.00098	G
935	0.00412	0.00445	C
936	0.00342	0.00366	G
937	0.01324	0.01352	T
938	0.00863	0.00867	A
939	0.00376	0.00377	A
940	0.00275	0.00278	A
941	0.00298	0.00306	G
942	0.005	0.00513	A
943	0.00122	0.00137	G
944	0.00232	0.00242	T
945	0.00144	0.00161	G
946	0.00034	0.00034	T
947	0.00044	0.00044	T
948	0.00191	0.00191	T
949	0.00306	0.00306	T
950	0.00324	0.00416	A
951	0.0032	0.00355	G
952	0.00462	0.00478	A
953	0.0084	0.00922	T
954	0.0132	0.01503	C
955	0.00662	0.00803	A
956	0.0171	0.01721	C
957	0.01533	0.01538	C
958	0.01487	0.01488	C
959	0.01315	0.01315	C
960	0.02251	0.02313	C
961	0.00356	0.00656	T
962	0.01529	0.01529	C
963	0.01475	0.01475	C
964	0.01514	0.01514	C
965	0.00944	0.00953	C
966	0.07372	0.08281	A
967	0.00358	0.00364	A
968	0.0007	0.00091	T
969	0.00834	0.00834	A
970	0.01433	0.01433	A
971	0.01998	0.02039	A
972	0.00776	0.00811	G
973	0.01993	0.02064	C
974	0.00258	0.00295	T
975	0.00861	0.00873	A
976	0.01035	0.01035	A
977	0.01416	0.01417	A
978	0.04307	0.04309	A
979	0.46582	0.52628	C
980	0.00373	0.00474	T
981	0.01507	0.01545	C
982	0.01225	0.01284	A
983	0.03273	0.03273	C
984	0.02088	0.02125	C
985	0.00345	0.00393	T
986	0.00733	0.00809	G
987	0.06871	0.07023	A
988	0.01464	0.01485	G
989	0.00198	0.00222	T
990	0.00182	0.00184	T
991	0.00654	0.00804	G
992	0.00694	0.00738	T
993	0.00464	0.00489	A
994	0.01865	0.01873	A
995	0.02935	0.02942	A
996	0.0198	0.01983	A
997	0.01203	0.01203	A
998	0.00839	0.00839	A
999	0.01247	0.01334	C
1000	0.00649	0.00668	T
1001	0.07341	0.07343	C
1002	0.03317	0.03353	C
1003	0.01125	0.01597	A
1004	0.005	0.00508	G
1005	0.00314	0.00342	T
1006	0.00609	0.00614	T
1007	0.00593	0.00664	G
1008	0.02812	0.02859	A
1009	0.0736	0.07844	C
1010	0.01443	0.01497	A
1011	0.23922	0.25379	C
1012	0.00508	0.0051	A
1013	0.0079	0.00793	A
1014	0.0332	0.03326	A
1015	0.02294	0.023	A
1016	0.00672	0.00772	T
1017	0.03625	0.03698	A
1018	0.00761	0.0081	G
1019	0.06104	0.06173	A
1020	0.04059	0.04192	C
1021	0.01861	0.01914	T
1022	0.0249	0.02564	A
1023	0.05597	0.05742	C
1024	0.00614	0.00669	G
1025	0.02123	0.02125	A
1026	0.0309	0.03095	A
1027	0.03605	0.03615	A
1028	0.00593	0.00642	G
1029	0.00435	0.00485	T
1030	0.00503	0.00503	G
1031	0.00206	0.00209	G
1032	0.01678	0.01786	C
1033	0.00126	0.00127	T
1034	0.00201	0.00201	T
1035	0.00212	0.00215	T
1036	0.0215	0.02166	A
1037	0.04187	0.0421	A
1038	0.12094	0.12278	C
1039	0.02935	0.03034	A
1040	0.00451	0.00507	T
1041	0.05842	0.05901	A
1042	0.00364	0.00378	T
1043	0.03885	0.03904	C
1044	0.00388	0.00405	T
1045	0.00359	0.00489	G
1046	0.03249	0.03274	A
1047	0.03762	0.038	A
1048	0.06781	0.07001	C
1049	0.0288	0.02926	A
1050	0.0296	0.0324	C
1051	0.00844	0.00913	A
1052	0.02748	0.02942	C
1053	0.02248	0.02248	A
1054	0.02449	0.02493	A
1055	0.00617	0.00846	T
1056	0.04172	0.04218	A
1057	0.00248	0.00269	G
1058	0.00632	0.00661	C
1059	0.00149	0.00178	T
1060	0.0114	0.0115	A
1061	0.01267	0.01314	A
1062	0.00477	0.00562	G
1063	0.04298	0.04433	A
1064	0.0241	0.02415	C
1065	0.03782	0.03788	C
1066	0.01198	0.01206	C
1067	0.00441	0.00457	A
1068	0.00838	0.00841	A
1069	0.02871	0.02875	A
1070	0.19774	0.20946	C
1071	0.00314	0.00337	T
1072	0.00309	0.00311	G
1073	0.00121	0.00122	G
1074	0.00225	0.00226	G
1075	0.02832	0.03441	A
1076	0.00347	0.00351	T
1077	0.00416	0.00429	T
1078	0.04467	0.05255	A
1079	0.0053	0.00589	G
1080	0.02808	0.02991	A
1081	0.0057	0.00652	T
1082	0.04828	0.04953	A
1083	0.07919	0.08043	C
1084	0.00515	0.00519	C
1085	0.00326	0.00326	C
1086	0.00539	0.00539	C
1087	0.00849	0.01125	A
1088	0.03827	0.03951	C
1089	0.00277	0.00315	T
1090	0.03519	0.03644	A
1091	0.00287	0.00299	T
1092	0.00231	0.00256	G
1093	0.01318	0.01357	C
1094	0.00184	0.00191	T
1095	0.00125	0.00131	T
1096	0.00933	0.01354	A
1097	0.00895	0.00934	G
1098	0.00728	0.00731	C
1099	0.04181	0.04183	C
1100	0.01631	0.01632	C
1101	0.00182	0.00226	T
1102	0.00354	0.00371	A
1103	0.01102	0.01104	A
1104	0.01366	0.01368	A
1105	0.02569	0.02595	C
1106	0.08035	0.08052	C
1107	0.00256	0.00301	T
1108	0.10307	0.10379	C
1109	0.01488	0.01533	A
1110	0.02601	0.02607	A
1111	0.02846	0.02922	C
1112	0.01427	0.01464	A
1113	0.00672	0.0072	G
1114	0.00245	0.00272	T
1115	0.00289	0.00335	T
1116	0.02675	0.02706	A
1117	0.07347	0.07383	A
1118	0.04536	0.04537	A
1119	0.01257	0.01471	T
1120	0.07964	0.082	C
1121	0.01259	0.01272	A
1122	0.01223	0.01229	A
1123	0.06493	0.06802	C
1124	0.02655	0.0266	A
1125	0.02452	0.02459	A
1126	0.01988	0.0199	A
1127	0.01155	0.01157	A
1128	0.01945	0.02354	C
1129	0.00493	0.00511	T
1130	0.00439	0.0048	G
1131	0.01529	0.01565	C
1132	0.00531	0.00558	T
1133	0.0093	0.00966	C
1134	0.00294	0.00312	G
1135	0.01263	0.01263	C
1136	0.01277	0.01295	C
1137	0.01259	0.0204	A
1138	0.00304	0.00348	G
1139	0.01058	0.01073	A
1140	0.00891	0.00912	A
1141	0.02937	0.03089	C
1142	0.00666	0.00699	A
1143	0.01693	0.01847	C
1144	0.00114	0.00133	T
1145	0.01646	0.01676	A
1146	0.02246	0.02283	C
1147	0.00154	0.00176	G
1148	0.00392	0.00403	A
1149	0.00336	0.00376	G
1150	0.00388	0.0039	C
1151	0.02531	0.02551	C
1152	0.02608	0.03811	A
1153	0.02649	0.02771	C
1154	0.00616	0.00767	A
1155	0.00132	0.00144	G
1156	0.00823	0.00855	C
1157	0.00075	0.00081	T
1158	0.00159	0.00159	T
1159	0.00421	0.00448	A
1160	0.00504	0.00509	A
1161	0.01196	0.01199	A
1162	0.0094	0.00943	A
1163	0.01752	0.0202	C
1164	0.001	0.00126	T
1165	0.01084	0.01146	C
1166	0.00195	0.00229	A
1167	0.00579	0.00579	A
1168	0.11764	0.11781	A
1169	0.00137	0.00147	G
1170	0.00095	0.00095	G
1171	0.00394	0.00458	A
1172	0.007	0.00703	C
1173	0.00741	0.00748	C
1174	0.0036	0.00473	T
1175	0.00112	0.00113	G
1176	0.0018	0.00185	G
1177	0.0026	0.00264	C
1178	0.00294	0.00294	G
1179	0.0037	0.00412	G
1180	0.00174	0.00181	T
1181	0.0025	0.00269	G
1182	0.00801	0.00861	C
1183	0.00216	0.00218	T
1184	0.00067	0.00067	T
1185	0.00885	0.00914	C
1186	0.01409	0.01492	A
1187	0.00344	0.00385	T
1188	0.04262	0.04492	A
1189	0.00357	0.00375	T
1190	0.00558	0.00564	C
1191	0.00279	0.00281	C
1192	0.00585	0.00585	C
1193	0.00266	0.00285	T
1194	0.0092	0.00952	C
1195	0.00104	0.00111	T
1196	0.00618	0.00679	A
1197	0.0022	0.00227	G
1198	0.01319	0.01356	A
1199	0.0031	0.00316	G
1200	0.00603	0.00611	G
1201	0.03064	0.03709	A
1202	0.00217	0.00224	G
1203	0.00974	0.00984	C
1204	0.00615	0.00619	C
1205	0.0014	0.00154	T
1206	0.00962	0.01358	G
1207	0.00363	0.0037	T
1208	0.00437	0.00442	T
1209	0.08171	0.08713	C
1210	0.00468	0.00484	T
1211	0.00791	0.00899	G
1212	0.00307	0.00407	T
1213	0.03697	0.03746	A
1214	0.03336	0.03391	A
1215	0.00481	0.00553	T
1216	0.04125	0.04252	C
1217	0.00475	0.00531	G
1218	0.0167	0.01776	A
1219	0.00407	0.00511	T
1220	0.01596	0.01613	A
1221	0.01994	0.01997	A
1222	0.02527	0.02624	A
1223	0.03307	0.03448	C
1224	0.01652	0.01662	C
1225	0.01309	0.01319	C
1226	0.00595	0.006	C
1227	0.00812	0.0111	G
1228	0.0191	0.01939	A
1229	0.00905	0.01035	T
1230	0.04678	0.0481	C
1231	0.01815	0.01841	A
1232	0.01382	0.01413	A
1233	0.02529	0.02534	C
1234	0.02093	0.0219	C
1235	0.00307	0.00546	T
1236	0.03668	0.03763	C
1237	0.0431	0.04419	A
1238	0.00388	0.00388	C
1239	0.00276	0.00295	C
1240	0.00486	0.00684	A
1241	0.00158	0.00158	C
1242	0.00304	0.00328	C
1243	0.00092	0.00148	T
1244	0.00526	0.00556	C
1245	0.00232	0.00232	T
1246	0.01192	0.01203	T
1247	0.00301	0.00345	G
1248	0.03773	0.0387	C
1249	0.00283	0.00421	T
1250	0.05543	0.05715	C
1251	0.01138	0.01223	A
1252	0.00165	0.00168	G
1253	0.00994	0.00994	C
1254	0.03986	0.03999	C
1255	0.002	0.00216	T
1256	0.03273	0.03448	A
1257	0.00436	0.00493	T
1258	0.0696	0.07313	A
1259	0.02497	0.02721	T
1260	0.03955	0.04165	A
1261	0.06454	0.06643	C
1262	0.03816	0.0388	C
1263	0.00453	0.00534	G
1264	0.0275	0.0275	C
1265	0.02438	0.02452	C
1266	0.02662	0.03127	A
1267	0.00235	0.00235	T
1268	0.03918	0.04003	C
1269	0.00209	0.00209	T
1270	0.00403	0.00403	T
1271	0.04316	0.04679	C
1272	0.02717	0.028	A
1273	0.00401	0.00461	G
1274	0.02921	0.03537	C
1275	0.01135	0.01171	A
1276	0.07084	0.07145	A
1277	0.01691	0.01721	A
1278	0.02296	0.02428	C
1279	0.02152	0.02152	C
1280	0.00423	0.00423	C
1281	0.00299	0.00315	T
1282	0.0039	0.00505	G
1283	0.02325	0.02359	A
1284	0.00414	0.00465	T
1285	0.00471	0.00557	G
1286	0.01537	0.01575	A
1287	0.02817	0.02844	A
1288	0.0149	0.01496	G
1289	0.00297	0.00301	G
1290	0.01669	0.01741	C
1291	0.002	0.00237	T
1292	0.00651	0.00676	A
1293	0.18426	0.18648	C
1294	0.00992	0.00992	A
1295	0.01393	0.01393	A
1296	0.01082	0.01085	A
1297	0.00385	0.00395	G
1298	0.0014	0.00227	T
1299	0.02486	0.02525	A
1300	0.06009	0.06084	A
1301	0.00517	0.00673	G
1302	0.01208	0.0124	C
1303	0.00205	0.00205	G
1304	0.05931	0.06134	C
1305	0.02289	0.02289	A
1306	0.02266	0.0228	A
1307	0.00514	0.00613	G
1308	0.0031	0.00409	T
1309	0.01716	0.01758	A
1310	0.03281	0.03296	C
1311	0.02412	0.02424	C
1312	0.0359	0.0361	C
1313	0.01567	0.01749	A
1314	0.02219	0.02268	C
1315	0.00294	0.00347	G
1316	0.00219	0.00277	T
1317	0.01905	0.01905	A
1318	0.03787	0.03796	A
1319	0.02596	0.02617	A
1320	0.00393	0.00427	G
1321	0.01333	0.01368	A
1322	0.07254	0.07324	C
1323	0.0058	0.00598	G
1324	0.00354	0.00358	T
1325	0.00393	0.00393	T
1326	0.04119	0.04474	A
1327	0.00435	0.0044	G
1328	0.00384	0.00393	G
1329	0.00183	0.00343	T
1330	0.04513	0.04584	C
1331	0.03845	0.03864	A
1332	0.04633	0.04642	A
1333	0.00347	0.00347	G
1334	0.00908	0.00917	G
1335	0.00262	0.00297	T
1336	0.00765	0.00827	G
1337	0.00404	0.00488	T
1338	0.01091	0.01204	A
1339	0.00405	0.00444	G
1340	0.0026	0.00263	C
1341	0.01906	0.01906	C
1342	0.03111	0.03114	C
1343	0.02074	0.02589	A
1344	0.00698	0.00744	T
1345	0.00359	0.00456	G
1346	0.01916	0.01936	A
1347	0.00521	0.00521	G
1348	0.00822	0.00827	G
1349	0.00376	0.00383	T
1350	0.00228	0.00228	G
1351	0.00392	0.00392	G
1352	0.25641	0.25947	C
1353	0.07579	0.076	A
1354	0.04263	0.04286	A
1355	0.00561	0.00725	G
1356	0.03028	0.03028	A
1357	0.07037	0.07037	A
1358	0.05748	0.05777	A
1359	0.00683	0.0075	T
1360	0.00405	0.00405	G
1361	0.00254	0.00254	G
1362	0.00551	0.00552	G
1363	0.01757	0.01979	C
1364	0.00314	0.00357	T
1365	0.04442	0.04692	A
1366	0.12775	0.12825	C
1367	0.04309	0.04519	A
1368	0.00159	0.00164	T
1369	0.00142	0.00143	T
1370	0.00337	0.00339	T
1371	0.00291	0.00291	T
1372	0.04534	0.05669	C
1373	0.00446	0.00658	T
1374	0.04377	0.05268	A
1375	0.20633	0.20679	C
1376	0.12272	0.12455	C
1377	0.12771	0.12851	C
1378	0.04016	0.04038	C
1379	0.02222	0.03086	A
1380	0.00613	0.00762	G
1381	0.01985	0.02003	A
1382	0.01183	0.01184	A
1383	0.19156	0.19158	A
1384	0.08741	0.08761	A
1385	0.17665	0.22788	C
1386	0.01127	0.01166	T
1387	0.05311	0.05428	A
1388	0.10079	0.1039	C
1389	0.00977	0.01015	G
1390	0.15276	0.16123	A
1391	0.00703	0.00804	T
1392	0.16367	0.16728	A
1393	0.00456	0.00492	G
1394	0.00229	0.00229	C
1395	0.0015	0.00151	C
1396	0.00182	0.00184	C
1397	0.00133	0.00134	T
1398	0.00247	0.00254	T
1399	0.01183	0.01944	A
1400	0.00575	0.00613	T
1401	0.00943	0.01105	G
1402	0.03331	0.0334	A
1403	0.03234	0.03255	A
1404	0.02309	0.02323	A
1405	0.10684	0.11428	C
1406	0.00353	0.00355	T
1407	0.00326	0.00331	T
1408	0.01179	0.01196	A
1409	0.01681	0.01692	A
1410	0.00431	0.00433	G
1411	0.00343	0.00344	G
1412	0.00516	0.00518	G
1413	0.00221	0.00278	T
1414	0.06643	0.06748	C
1415	0.00972	0.01075	G
1416	0.05791	0.0607	A
1417	0.05739	0.05776	A
1418	0.00956	0.00964	G
1419	0.00912	0.00931	G
1420	0.00599	0.00649	T
1421	0.00676	0.00676	G
1422	0.00755	0.0076	G
1423	0.05601	0.06025	A
1424	0.00133	0.00135	T
1425	0.00144	0.00144	T
1426	0.00139	0.00139	T
1427	0.00457	0.00566	A
1428	0.00236	0.00244	G
1429	0.05422	0.0547	C
1430	0.02248	0.02251	A
1431	0.00182	0.00194	G
1432	0.00063	0.00086	T
1433	0.00273	0.00276	A
1434	0.00383	0.00386	A
1435	0.03027	0.03028	A
1436	0.00401	0.00439	C
1437	0.00086	0.00093	T
1438	0.22005	0.22013	A
1439	0.00499	0.00687	A
1440	0.0023	0.00233	G
1441	0.02332	0.02379	A
1442	0.00309	0.00326	G
1443	0.00341	0.00439	T
1444	0.03306	0.0337	A
1445	0.00461	0.00478	G
1446	0.03062	0.03412	A
1447	0.00375	0.00407	G
1448	0.00223	0.00223	T
1449	0.00156	0.00166	G
1450	0.0037	0.00379	C
1451	0.00091	0.00091	T
1452	0.00044	0.00044	T
1453	0.00417	0.00469	A
1454	0.00147	0.00147	G
1455	0.00052	0.00052	T
1456	0.00086	0.00086	T
1457	0.00124	0.00144	G
1458	0.00256	0.00258	A
1459	0.01758	0.01766	A
1460	0.07384	0.07532	C
1461	0.02842	0.0309	A
1462	0.0043	0.00438	G
1463	0.00338	0.00341	G
1464	0.00166	0.00166	G
1465	0.00921	0.00921	C
1466	0.01897	0.01897	C
1467	0.01346	0.01346	C
1468	0.00116	0.00316	T
1469	0.00155	0.00187	G
1470	0.00255	0.00255	A
1471	0.00682	0.00682	A
1472	0.00301	0.00316	G
1473	0.00565	0.00612	C
1474	0.0032	0.00383	G
1475	0.01153	0.01186	C
1476	0.00275	0.00291	G
1477	0.00157	0.00167	T
1478	0.01297	0.01322	A
1479	0.02022	0.02082	C
1480	0.02508	0.02623	A
1481	0.05488	0.05605	C
1482	0.00588	0.00621	A
1483	0.01015	0.01015	C
1484	0.04406	0.04429	C
1485	0.00854	0.00972	G
1486	0.00371	0.00371	C
1487	0.04205	0.04205	C
1488	0.04784	0.04785	C
1489	0.0071	0.00888	G
1490	0.01127	0.01419	T
1491	0.04968	0.05271	C
1492	0.06314	0.06599	A
1493	0.19186	0.19264	C
1494	0.08545	0.08547	C
1495	0.00615	0.00639	C
1496	0.00099	0.00114	T
1497	0.00317	0.00317	C
1498	0.00318	0.0032	C
1499	0.00114	0.00259	T
1500	0.00487	0.00503	C
1501	0.05653	0.0576	A
1502	0.09146	0.09161	A
1503	0.00813	0.01063	G
1504	0.00587	0.00659	T
1505	0.04015	0.04111	A
1506	0.00514	0.00544	T
1507	0.04147	0.04227	A
1508	0.129	0.134	C
1509	0.00418	0.00425	T
1510	0.0044	0.00443	T
1511	0.09211	0.09734	C
1512	0.07331	0.0745	A
1513	0.08868	0.08896	A
1514	0.03758	0.03776	A
1515	0.0091	0.01014	G
1516	0.00811	0.0083	G
1517	0.13106	0.17063	A
1518	0.20627	0.20823	C
1519	0.04289	0.04408	A
1520	0.00715	0.00733	T
1521	0.00406	0.00418	T
1522	0.0044	0.00464	T
1523	0.13152	0.13234	A
1524	0.10995	0.11064	A
1525	0.10635	0.1106	C
1526	0.00571	0.00684	T
1527	0.01444	0.01492	A
1528	0.01344	0.01363	A
1529	0.03578	0.03628	A
1530	0.10365	0.10449	A
1531	0.15767	0.16368	C
1532	0.06353	0.0641	C
1533	0.0096	0.00962	C
1534	0.00869	0.00874	C
1535	0.01149	0.01917	T
1536	0.08685	0.09134	A
1537	0.21967	0.22234	C
1538	0.00471	0.00525	G
1539	0.10502	0.10685	C
1540	0.0162	0.01706	A
1541	0.00332	0.00332	T
1542	0.00333	0.00334	T
1543	0.00314	0.00314	T
1544	0.01643	0.01875	A
1545	0.00283	0.00288	T
1546	0.03391	0.03609	A
1547	0.00437	0.0045	T
1548	0.22305	0.22646	A
1549	0.00352	0.00376	G
1550	0.02785	0.02867	A
1551	0.00509	0.00509	G
1552	0.00413	0.00416	G
1553	0.00675	0.00898	A
1554	0.00399	0.00445	G
1555	0.05717	0.05811	A
1556	0.19124	0.19365	C
1557	0.07662	0.07663	A
1558	0.14004	0.14376	A
1559	0.00479	0.00528	G
1560	0.00371	0.00391	T
1561	0.02074	0.02106	C
1562	0.00591	0.00672	G
1563	0.00516	0.00606	T
1564	0.03001	0.03027	A
1565	0.01877	0.01938	A
1566	0.04896	0.0506	C
1567	0.01939	0.01977	A
1568	0.00477	0.00521	T
1569	0.00312	0.00317	G
1570	0.00294	0.00297	G
1571	0.00192	0.00216	T
1572	0.00317	0.0032	A
1573	0.00205	0.00207	A
1574	0.00131	0.00141	G
1575	0.00041	0.00048	T
1576	0.00115	0.00126	G
1577	0.00051	0.00061	T
1578	0.00071	0.00088	A
1579	0.00102	0.00118	C
1580	0.00047	0.00059	T
1581	0.00215	0.00219	G
1582	0.00146	0.00157	G
1583	0.00125	0.00146	A
1584	0.00182	0.00186	A
1585	0.00131	0.00157	A
1586	0.0007	0.00098	G
1587	0.00045	0.00062	T
1588	0.0006	0.00076	G
1589	0.0012	0.00131	C
1590	0.00127	0.00153	A
1591	0.00279	0.00295	C
1592	0.00056	0.00063	T
1593	0.00128	0.00133	T
1594	0.0014	0.00149	G
1595	0.0012	0.00129	G
1596	0.00676	0.00812	A
1597	0.09136	0.0926	C
1598	0.00519	0.00593	G
1599	0.01088	0.01102	A
1600	0.02463	0.02604	A
1601	0.09897	0.10034	C
1602	0.00071	0.00073	C
1603	0.00162	0.00236	A
1604	0.00163	0.00164	G
1605	0.02973	0.02983	A
1606	0.00947	0.00952	G
1607	0.00313	0.00345	T
1608	0.00495	0.00639	G
1609	0.00078	0.00091	T
1610	0.8109	0.82049	A
1611	0.00315	0.0034	G
1612	0.00307	0.00398	C
1613	0.00128	0.00128	T
1614	0.00577	0.00579	T
1615	0.02202	0.02205	A
1616	0.01756	0.01761	A
1617	0.22488	0.23615	C
1618	0.0375	0.03806	A
1619	0.11781	0.12855	C
1620	0.04203	0.04203	A
1621	0.0157	0.0157	A
1622	0.01794	0.01837	A
1623	0.0175	0.02434	G
1624	0.01047	0.01138	C
1625	0.07378	0.0751	A
1626	0.01737	0.01743	C
1627	0.01232	0.01233	C
1628	0.01765	0.01782	C
1629	0.022	0.02212	A
1630	0.02345	0.0235	A
1631	0.04916	0.05021	C
1632	0.00651	0.0069	T
1633	0.01063	0.01114	T
1634	0.03323	0.05692	A
1635	0.10316	0.10668	C
1636	0.05611	0.05748	A
1637	0.22683	0.23021	C
1638	0.00315	0.00326	T
1639	0.00331	0.00336	T
1640	0.0291	0.03491	A
1641	0.00606	0.0062	G
1642	0.00457	0.00464	G
1643	0.03056	0.03946	A
1644	0.00498	0.00516	G
1645	0.06448	0.06641	A
1646	0.0024	0.00242	T
1647	0.00393	0.00394	T
1648	0.00395	0.00396	T
1649	0.04258	0.04484	C
1650	0.02577	0.02603	A
1651	0.0274	0.0276	A
1652	0.11981	0.12397	C
1653	0.0088	0.00959	T
1654	0.00996	0.01008	T
1655	0.05846	0.05888	A
1656	0.04949	0.04989	A
1657	0.09708	0.09887	C
1658	0.00463	0.00466	T
1659	0.01128	0.0113	T
1660	0.00827	0.00953	G
1661	0.03011	0.03166	A
1662	0.04769	0.04774	C
1663	0.01628	0.01631	C
1664	0.01632	0.01731	G
1665	0.01918	0.01935	C
1666	0.00568	0.00574	T
1667	0.01366	0.01375	C
1668	0.00276	0.00282	T
1669	0.00117	0.00139	G
1670	0.00107	0.00126	A
1671	0.00809	0.00933	G
1672	0.00053	0.00061	C
1673	0.00286	0.003	T
1674	0.00057	0.00062	A
1675	0.00156	0.00162	A
1676	0.00137	0.00141	A
1677	0.00124	0.00128	C
1678	0.00066	0.00071	C
1679	0.00043	0.00113	T
1680	0.00048	0.00053	A
1681	0.00048	0.00059	G
1682	0.00028	0.00029	C
1683	0.00033	0.00035	C
1684	0.00031	0.00031	C
1685	0.00252	0.00253	C
1686	0.00015	0.00017	A
1687	0.0005	0.00051	A
1688	0.00038	0.00038	A
1689	0.00128	0.00131	C
1690	0.00595	0.00596	C
1691	0.00116	0.00121	C
1692	0.00046	0.00058	A
1693	0.00108	0.00117	C
1694	0.00062	0.00101	T
1695	0.00343	0.00343	C
1696	0.00433	0.0044	C
1697	0.00073	0.00085	A
1698	0.00296	0.00296	C
1699	0.00044	0.00046	C
1700	8e-05	0.0001	T
1701	0.00012	0.00014	T
1702	0.003	0.00534	A
1703	0.00421	0.00439	C
1704	0.00014	0.00036	T
1705	0.00063	0.00073	A
1706	0.01007	0.01018	C
1707	0.00339	0.00346	C
1708	0.00108	0.00271	A
1709	0.00118	0.00138	G
1710	0.00314	0.00323	A
1711	0.00535	0.00675	C
1712	0.00395	0.00395	A
1713	0.00414	0.00428	A
1714	0.01558	0.01564	C
1715	0.0088	0.00913	C
1716	0.00034	0.00035	T
1717	0.00059	0.00059	T
1718	0.00227	0.00389	A
1719	0.00203	0.00211	G
1720	0.01761	0.01765	C
1721	0.00199	0.00201	C
1722	0.00123	0.00126	A
1723	0.00212	0.00212	A
1724	0.00245	0.00246	A
1725	0.00543	0.00545	C
1726	0.00301	0.00302	C
1727	0.00176	0.00202	A
1728	0.00052	0.00057	T
1729	0.00046	0.00048	T
1730	0.00046	0.00047	T
1731	0.00196	0.0022	A
1732	0.01023	0.01025	C
1733	0.01301	0.01302	C
1734	0.01778	0.01783	C
1735	0.00311	0.00321	A
1736	0.02166	0.02188	A
1737	0.00823	0.00828	A
1738	0.00112	0.00121	T
1739	0.00201	0.00202	A
1740	0.00103	0.00103	A
1741	0.0023	0.00232	A
1742	0.00061	0.00073	G
1743	0.00025	0.0003	T
1744	0.07875	0.07945	A
1745	0.00058	0.00068	T
1746	0.00214	0.00225	A
1747	0.00053	0.00054	G
1748	0.00065	0.00066	G
1749	0.00348	0.00359	C
1750	0.00091	0.00093	G
1751	0.00741	0.00761	A
1752	0.0007	0.0008	T
1753	0.00228	0.00239	A
1754	0.00092	0.00105	G
1755	0.00146	0.00147	A
1756	0.04119	0.04119	A
1757	0.00411	0.00418	A
1758	0.00032	0.00034	T
1759	0.00059	0.00061	T
1760	0.00102	0.00119	G
1761	0.00863	0.00865	A
1762	0.0066	0.00663	A
1763	0.00693	0.00698	A
1764	0.02649	0.02699	C
1765	0.02497	0.0255	C
1766	0.00383	0.00466	T
1767	0.00182	0.00185	G
1768	0.00418	0.00419	G
1769	0.00429	0.00435	C
1770	0.00331	0.00335	G
1771	0.00167	0.00181	C
1772	0.00355	0.0036	A
1773	0.04874	0.04877	A
1774	0.0009	0.00105	T
1775	0.00284	0.00294	A
1776	0.00082	0.00087	G
1777	0.02137	0.02146	A
1778	0.00111	0.00119	T
1779	0.00988	0.01002	A
1780	0.00845	0.00855	T
1781	0.0087	0.00913	A
1782	0.00343	0.00375	G
1783	0.00122	0.00143	T
1784	0.01477	0.01508	A
1785	0.00316	0.00318	C
1786	0.00765	0.00769	C
1787	0.00168	0.00199	G
1788	0.01508	0.01648	C
1789	0.00532	0.00549	A
1790	0.0057	0.00578	A
1791	0.0016	0.00162	G
1792	0.00158	0.00159	G
1793	0.0014	0.00146	G
1794	0.02266	0.02284	A
1795	0.01712	0.01722	A
1796	0.00925	0.00928	A
1797	0.00418	0.00475	G
1798	0.01289	0.0131	A
1799	0.00643	0.00741	T
1800	0.00347	0.00464	G
1801	0.00172	0.00187	A
1802	0.01105	0.01115	A
1803	0.01453	0.01456	A
1804	0.00612	0.00616	A
1805	0.02637	0.02647	A
1806	0.01159	0.0118	T
1807	0.01152	0.01253	T
1808	0.02972	0.04972	A
1809	0.00488	0.0065	T
1810	0.04332	0.04332	A
1811	0.05134	0.0525	A
1812	0.05048	0.05096	C
1813	0.01361	0.01374	C
1814	0.00362	0.00362	A
1815	0.01123	0.01131	A
1816	0.0025	0.00299	G
1817	0.00858	0.00878	C
1818	0.03197	0.03246	A
1819	0.00768	0.00829	T
1820	0.09478	0.09478	A
1821	0.04636	0.04936	A
1822	0.02839	0.02925	T
1823	0.02928	0.03299	A
1824	0.00376	0.00396	T
1825	0.01818	0.01878	A
1826	0.00412	0.00435	G
1827	0.01731	0.01782	C
1828	0.01009	0.01015	A
1829	0.01202	0.01224	A
1830	0.00181	0.00181	G
1831	0.00164	0.00169	G
1832	0.01877	0.02405	A
1833	0.02065	0.02192	C
1834	0.00637	0.01257	T
1835	0.05389	0.05627	A
1836	0.00575	0.00666	A
1837	0.06326	0.06407	C
1838	0.01642	0.01857	C
1839	0.00615	0.00622	C
1840	0.00527	0.00534	C
1841	0.00105	0.00165	T
1842	0.01839	0.02144	A
1843	0.00215	0.00322	T
1844	0.01465	0.01522	A
1845	0.01928	0.01959	C
1846	0.05067	0.05088	C
1847	0.00075	0.00089	T
1848	0.00112	0.00112	T
1849	0.03728	0.04587	C
1850	0.00228	0.00239	T
1851	0.00198	0.00226	G
1852	0.03486	0.03515	C
1853	0.02286	0.0231	A
1854	0.00181	0.00219	T
1855	0.02521	0.02529	A
1856	0.02287	0.0241	A
1857	0.00285	0.003	T
1858	0.00261	0.0028	G
1859	0.00951	0.00953	A
1860	0.00847	0.00856	A
1861	0.00244	0.00248	T
1862	0.00302	0.00304	T
1863	0.0094	0.00945	A
1864	0.01795	0.01813	A
1865	0.03399	0.03498	C
1866	0.0025	0.00273	T
1867	0.01713	0.01893	A
1868	0.00342	0.00391	G
1869	0.0074	0.00744	A
1870	0.01816	0.01818	A
1871	0.02385	0.02409	A
1872	0.00299	0.0034	T
1873	0.1158	0.11582	A
1874	0.01677	0.01786	A
1875	0.00787	0.00846	C
1876	0.00409	0.00413	T
1877	0.00239	0.00239	T
1878	0.0063	0.0063	T
1879	0.01863	0.01942	G
1880	0.00307	0.00442	C
1881	0.00315	0.00328	A
1882	0.00428	0.00428	A
1883	0.00202	0.00204	G
1884	0.00219	0.00222	G
1885	0.01014	0.01467	A
1886	0.00243	0.00297	G
1887	0.00757	0.00897	A
1888	0.00226	0.00255	G
1889	0.00182	0.00191	C
1890	0.00214	0.00236	C
1891	0.00086	0.001	A
1892	0.02856	0.02863	A
1893	0.00137	0.00138	A
1894	0.00301	0.00421	G
1895	0.00205	0.00444	C
1896	0.00061	0.00208	T
1897	0.00103	0.00108	A
1898	0.0009	0.00094	A
1899	0.0011	0.00136	G
1900	0.00146	0.00158	A
1901	0.00292	0.00295	C
1902	0.00089	0.00089	C
1903	0.00059	0.00059	C
1904	0.00043	0.00043	C
1905	0.00096	0.00096	C
1906	0.0013	0.00182	G
1907	0.00085	0.00087	A
1908	0.00129	0.00129	A
1909	0.00612	0.00612	A
1910	0.00163	0.00163	C
1911	0.00193	0.00197	C
1912	0.00097	0.00155	A
1913	0.00067	0.00072	G
1914	0.00151	0.00158	A
1915	0.00271	0.0029	C
1916	0.00299	0.00315	G
1917	0.00743	0.00756	A
1918	0.0023	0.00239	G
1919	0.00527	0.00571	C
1920	0.00176	0.00235	T
1921	0.00217	0.00222	A
1922	0.00224	0.00224	C
1923	0.00193	0.00196	C
1924	0.00086	0.00133	T
1925	0.00384	0.00387	A
1926	0.14553	0.14596	A
1927	0.00248	0.0031	G
1928	0.00496	0.00496	A
1929	0.00506	0.00506	A
1930	0.01212	0.01265	C
1931	0.09354	0.09384	A
1932	0.0017	0.00172	G
1933	0.00649	0.00698	C
1934	0.00235	0.00293	T
1935	0.06048	0.06108	A
1936	0.04629	0.04641	A
1937	0.09247	0.09248	A
1938	0.13769	0.13807	A
1939	0.0036	0.004	G
1940	0.03056	0.03151	A
1941	0.00337	0.00345	G
1942	0.01266	0.01735	C
1943	0.01629	0.0185	A
1944	0.56353	0.57235	C
1945	0.01148	0.01261	A
1946	0.00752	0.00752	C
1947	0.00599	0.00599	C
1948	0.00685	0.00685	C
1949	0.00411	0.00495	G
1950	0.00411	0.00419	T
1951	0.02286	0.02314	C
1952	0.00228	0.00259	T
1953	0.02154	0.02291	A
1954	0.00231	0.00262	T
1955	0.00508	0.00621	G
1956	0.01185	0.01299	T
1957	0.12078	0.12269	A
1958	0.00452	0.00512	G
1959	0.08785	0.09368	C
1960	0.01	0.01006	A
1961	0.01373	0.01391	A
1962	0.02105	0.02111	A
1963	0.01222	0.01233	A
1964	0.00271	0.00309	T
1965	0.01717	0.01842	A
1966	0.01567	0.01642	G
1967	0.00457	0.00512	T
1968	0.00267	0.00269	G
1969	0.00193	0.00198	G
1970	0.00317	0.00353	G
1971	0.03146	0.03154	A
1972	0.04943	0.04949	A
1973	0.00439	0.00465	G
1974	0.01113	0.01133	A
1975	0.00094	0.00104	T
1976	0.00105	0.00105	T
1977	0.00118	0.00121	T
1978	0.035	0.03729	A
1979	0.00408	0.00468	T
1980	0.00343	0.00355	A
1981	0.00219	0.00236	G
1982	0.00163	0.00229	G
1983	0.00144	0.00153	T
1984	0.00314	0.00349	A
1985	0.00107	0.00139	G
1986	0.04478	0.04684	A
1987	0.00443	0.00443	G
1988	0.00388	0.00403	G
1989	0.00506	0.00557	C
1990	0.0019	0.00212	G
1991	0.0059	0.00604	A
1992	0.02585	0.02705	C
1993	0.00371	0.00374	A
1994	0.00541	0.00541	A
1995	0.00328	0.00328	A
1996	0.00422	0.0043	C
1997	0.00252	0.00252	C
1998	0.00134	0.00168	T
1999	0.00388	0.0041	A
2000	0.01878	0.01884	C
2001	0.00153	0.0016	C
2002	0.00145	0.00172	G
2003	0.01899	0.01927	A
2004	0.00192	0.00206	G
2005	0.00222	0.00226	C
2006	0.00179	0.00185	C
2007	0.00069	0.00079	T
2008	0.00168	0.00168	G
2009	0.00131	0.00137	G
2010	0.00174	0.00185	T
2011	0.00184	0.00213	G
2012	0.00528	0.00589	A
2013	0.00183	0.002	T
2014	0.01297	0.01334	A
2015	0.00695	0.00716	G
2016	0.03549	0.03624	C
2017	0.00652	0.00699	T
2018	0.0033	0.0033	G
2019	0.00588	0.00591	G
2020	0.003	0.003	T
2021	0.00579	0.00583	T
2022	0.01033	0.0113	G
2023	0.01318	0.01328	T
2024	0.00449	0.00451	C
2025	0.00393	0.00394	C
2026	0.0045	0.00453	A
2027	0.0054	0.00541	A
2028	0.00156	0.00162	G
2029	0.02953	0.03	A
2030	0.00267	0.00271	T
2031	0.06192	0.06223	A
2032	0.00321	0.00352	G
2033	0.01477	0.01477	A
2034	0.02105	0.0215	A
2035	0.00176	0.00188	T
2036	0.04844	0.04938	C
2037	0.00214	0.00214	T
2038	0.00247	0.00248	T
2039	0.01857	0.02235	A
2040	0.01021	0.0104	G
2041	0.00138	0.0014	T
2042	0.00214	0.00225	T
2043	0.01055	0.01111	C
2044	0.52916	0.5296	A
2045	0.00916	0.00924	A
2046	0.00805	0.00832	C
2047	0.00069	0.0007	T
2048	0.00059	0.00061	T
2049	0.00056	0.00057	T
2050	0.00187	0.00193	A
2051	0.00562	0.00564	A
2052	0.01235	0.01238	A
2053	0.00118	0.0012	T
2054	0.00216	0.00217	T
2055	0.00834	0.00838	T
2056	0.0088	0.00986	G
2057	0.00584	0.0061	C
2058	0.00385	0.00392	C
2059	0.0106	0.011	C
2060	0.03083	0.04128	A
2061	0.69387	0.70006	C
2062	0.0087	0.00986	A
2063	0.00281	0.00547	G
2064	0.00712	0.00794	A
2065	0.02688	0.02802	A
2066	0.42368	0.42485	C
2067	0.0603	0.06056	C
2068	0.07996	0.08089	C
2069	0.01183	0.01497	T
2070	0.10694	0.10888	C
2071	0.02527	0.02614	T
2072	0.02858	0.02923	A
2073	0.16586	0.16629	A
2074	0.06071	0.06172	A
2075	0.00438	0.00497	T
2076	0.01593	0.01617	C
2077	0.02304	0.02326	C
2078	0.02765	0.02768	C
2079	0.04849	0.04861	C
2080	0.00153	0.00158	T
2081	0.00073	0.00075	T
2082	0.00174	0.00218	G
2083	0.00104	0.00129	T
2084	0.00309	0.00319	A
2085	0.01537	0.01562	A
2086	0.02564	0.02584	A
2087	0.0009	0.00091	T
2088	0.00092	0.00092	T
2089	0.00106	0.00106	T
2090	0.00563	0.00568	A
2091	0.00988	0.00995	A
2092	0.04005	0.04033	C
2093	0.00174	0.00179	T
2094	0.00386	0.00452	G
2095	0.0017	0.00171	T
2096	0.00129	0.00139	T
2097	0.08633	0.09547	A
2098	0.00296	0.00305	G
2099	0.00361	0.00369	T
2100	0.0011	0.00111	C
2101	0.00079	0.00084	C
2102	0.00143	0.00145	A
2103	0.00221	0.00223	A
2104	0.0024	0.00242	A
2105	0.00224	0.00232	G
2106	0.0038	0.00408	A
2107	0.00271	0.00273	G
2108	0.0029	0.00321	G
2109	0.02582	0.02601	A
2110	0.02574	0.02628	A
2111	0.04456	0.0478	C
2112	0.03032	0.03087	A
2113	0.0033	0.00354	G
2114	0.00101	0.00105	C
2115	0.00038	0.0004	T
2116	0.00062	0.00067	C
2117	0.00032	0.00033	T
2118	0.00041	0.00041	T
2119	0.00028	0.00028	T
2120	0.00074	0.00075	G
2121	0.001	0.00101	G
2122	0.00039	0.00046	A
2123	0.00065	0.00068	C
2124	0.00527	0.00531	A
2125	0.53446	0.53487	C
2126	0.00098	0.00104	T
2127	0.00414	0.0042	A
2128	0.00169	0.0017	G
2129	0.00437	0.00446	G
2130	0.00402	0.00407	A
2131	0.00341	0.00343	A
2132	0.00519	0.00521	A
2133	0.02577	0.02578	A
2134	0.00988	0.00988	A
2135	0.00659	0.0066	A
2136	0.00438	0.00446	C
2137	0.00302	0.00304	C
2138	0.00154	0.00155	T
2139	0.00165	0.00167	T
2140	0.00213	0.00263	G
2141	0.00134	0.00169	T
2142	0.08749	0.08845	A
2143	0.00145	0.00162	G
2144	0.00195	0.00264	A
2145	0.00248	0.00256	G
2146	0.00346	0.00357	A
2147	0.00121	0.00126	G
2148	0.00188	0.00199	A
2149	0.00165	0.00175	G
2150	0.00182	0.00218	T
2151	0.00071	0.00075	A
2152	0.00062	0.00064	A
2153	0.00078	0.00078	A
2154	0.00276	0.00276	A
2155	0.01264	0.01265	A
2156	0.00746	0.00747	A
2157	0.00165	0.00172	T
2158	0.00267	0.0027	T
2159	0.00122	0.00129	T
2160	0.00665	0.00672	A
2161	0.01794	0.01813	A
2162	0.02921	0.03133	C
2163	0.00991	0.0102	A
2164	0.02853	0.02855	C
2165	0.02528	0.0253	C
2166	0.01237	0.01259	C
2167	0.00564	0.00726	A
2168	0.00072	0.00078	T
2169	0.00602	0.00613	A
2170	0.00136	0.00147	G
2171	0.00045	0.00052	T
2172	0.0444	0.0456	A
2173	0.00067	0.00069	G
2174	0.00057	0.00059	G
2175	0.00152	0.00152	C
2176	0.00133	0.00136	C
2177	0.00046	0.00058	T
2178	0.0089	0.00904	A
2179	0.0072	0.00724	A
2180	0.0119	0.01191	A
2181	0.06207	0.06217	A
2182	0.00315	0.00393	G
2183	0.00841	0.00922	C
2184	0.03533	0.03564	A
2185	0.00192	0.00197	G
2186	0.00134	0.00135	C
2187	0.00156	0.00165	C
2188	0.00434	0.00539	A
2189	0.0135	0.0135	C
2190	0.01584	0.01594	C
2191	0.00665	0.00667	A
2192	0.01608	0.01612	A
2193	0.00149	0.00153	T
2194	0.00491	0.005	T
2195	0.03611	0.03633	A
2196	0.0576	0.05853	A
2197	0.00378	0.00438	G
2198	0.00624	0.00626	A
2199	0.06564	0.06568	A
2200	0.01161	0.01172	A
2201	0.00233	0.00247	G
2202	0.00632	0.00682	C
2203	0.00305	0.00321	G
2204	0.00233	0.0027	T
2205	0.00718	0.00726	T
2206	0.10006	0.10481	C
2207	0.03268	0.03326	A
2208	0.08639	0.08693	A
2209	0.00225	0.00241	G
2210	0.00388	0.00414	C
2211	0.00221	0.00265	T
2212	0.00765	0.00834	C
2213	0.00605	0.00658	A
2214	0.02467	0.02542	A
2215	0.22305	0.23802	C
2216	0.011	0.01177	A
2217	0.0516	0.05172	C
2218	0.07768	0.07782	C
2219	0.05396	0.05563	C
2220	0.01535	0.02474	A
2221	0.05216	0.05538	C
2222	0.00598	0.00733	T
2223	0.04774	0.04876	A
2224	0.12019	0.12047	C
2225	0.07957	0.0826	C
2226	0.01253	0.01485	T
2227	0.00082	0.00095	A
2228	0.00133	0.00139	A
2229	0.0112	0.01122	A
2230	0.00984	0.00984	A
2231	0.01117	0.01119	A
2232	0.00691	0.00691	A
2233	0.00644	0.00723	T
2234	0.0116	0.01171	C
2235	0.01826	0.01837	C
2236	0.00485	0.00514	C
2237	0.02368	0.02417	A
2238	0.1267	0.12709	A
2239	0.02558	0.0256	A
2240	0.01935	0.02174	C
2241	0.00378	0.00412	A
2242	0.00538	0.00585	T
2243	0.02494	0.02633	A
2244	0.0038	0.00499	T
2245	0.13784	0.13785	A
2246	0.07213	0.07452	A
2247	0.08545	0.08976	C
2248	0.00116	0.00131	T
2249	0.00441	0.00488	G
2250	0.00247	0.00255	A
2251	0.25204	0.25226	A
2252	0.00208	0.00223	C
2253	0.00154	0.00219	T
2254	0.00373	0.00373	C
2255	0.0029	0.003	C
2256	0.00575	0.00685	T
2257	0.00398	0.00477	C
2258	0.01334	0.01774	A
2259	0.02833	0.03735	C
2260	0.02202	0.02423	A
2261	0.08772	0.08772	C
2262	0.06246	0.06247	C
2263	0.02648	0.02782	C
2264	0.00642	0.0065	A
2265	0.00778	0.00779	A
2266	0.00159	0.00162	T
2267	0.00285	0.00286	T
2268	0.00324	0.00331	G
2269	0.00525	0.00532	G
2270	0.01084	0.01185	A
2271	0.00471	0.00472	C
2272	0.01068	0.01072	C
2273	0.01735	0.01739	A
2274	0.00464	0.00468	A
2275	0.00101	0.00111	T
2276	0.00351	0.00359	C
2277	0.00235	0.00255	T
2278	0.00394	0.00414	A
2279	0.00408	0.00679	T
2280	0.00382	0.00451	C
2281	0.02481	0.02965	A
2282	0.09145	0.0916	C
2283	0.05881	0.05887	C
2284	0.13564	0.13889	C
2285	0.00114	0.00139	T
2286	0.00542	0.00567	A
2287	0.0011	0.00118	T
2288	0.01056	0.01077	A
2289	0.00496	0.00531	G
2290	0.01609	0.01609	A
2291	0.01512	0.01559	A
2292	0.00388	0.00476	G
2293	0.15182	0.15182	A
2294	0.03128	0.03171	A
2295	0.03603	0.03829	C
2296	0.00736	0.00925	T
2297	0.01458	0.01461	A
2298	0.00546	0.0055	A
2299	0.00232	0.00234	T
2300	0.00182	0.00185	G
2301	0.00071	0.00071	T
2302	0.00068	0.00068	T
2303	0.00662	0.0079	A
2304	0.00983	0.01	G
2305	0.00122	0.00128	T
2306	0.00986	0.0103	A
2307	0.00137	0.00153	T
2308	0.01161	0.01161	A
2309	0.01374	0.01405	A
2310	0.00271	0.00293	G
2311	0.00142	0.0017	T
2312	0.08398	0.08403	A
2313	0.00946	0.00966	A
2314	0.00943	0.00989	C
2315	0.03223	0.03316	A
2316	0.00811	0.0086	T
2317	0.00385	0.00466	G
2318	0.00941	0.00952	A
2319	0.00478	0.00554	A
2320	0.22145	0.22195	A
2321	0.03304	0.03318	A
2322	0.2238	0.27052	C
2323	0.11199	0.11267	A
2324	0.00168	0.0017	T
2325	0.00186	0.00189	T
2326	0.00671	0.0081	C
2327	0.00149	0.00155	T
2328	0.00546	0.00546	C
2329	0.00267	0.00276	C
2330	0.00359	0.00455	T
2331	0.09535	0.09535	C
2332	0.17193	0.17254	C
2333	0.00362	0.00395	G
2334	0.00523	0.00531	C
2335	0.00582	0.00692	A
2336	0.00444	0.00517	T
2337	0.03741	0.03758	A
2338	0.51279	0.52753	A
2339	0.00182	0.002	G
2340	0.01675	0.01681	C
2341	0.00873	0.00899	C
2342	0.0021	0.00216	T
2343	0.00216	0.00235	G
2344	0.48397	0.48972	C
2345	0.00216	0.00224	G
2346	0.00082	0.00111	T
2347	0.0068	0.00697	C
2348	0.01411	0.01597	A
2349	0.00806	0.00863	G
2350	0.08983	0.09188	A
2351	0.00967	0.00986	T
2352	0.00827	0.00948	T
2353	0.02699	0.02722	A
2354	0.0218	0.02205	A
2355	0.03816	0.03868	A
2356	0.07057	0.07115	A
2357	0.11289	0.13919	C
2358	0.03241	0.03279	A
2359	0.09781	0.10493	C
2360	0.00359	0.00381	T
2361	0.00619	0.00719	G
2362	0.04941	0.04953	A
2363	0.05036	0.05061	A
2364	0.00715	0.00726	C
2365	0.00149	0.00158	T
2366	0.0035	0.00387	G
2367	0.00435	0.00456	A
2368	0.00521	0.0055	C
2369	0.01562	0.01574	A
2370	0.05164	0.0518	A
2371	0.0014	0.00144	T
2372	0.00226	0.00226	T
2373	0.01166	0.01169	A
2374	0.02395	0.02439	A
2375	0.01525	0.01574	C
2376	0.01109	0.01234	A
2377	0.00472	0.00587	G
2378	0.01827	0.01834	C
2379	0.08648	0.08661	C
2380	0.02389	0.02392	C
2381	0.0046	0.00477	A
2382	0.00727	0.00744	A
2383	0.00194	0.00216	T
2384	0.01095	0.01132	A
2385	0.00196	0.00269	T
2386	0.14013	0.14094	C
2387	0.00647	0.00695	T
2388	0.018	0.01858	A
2389	0.02448	0.0253	C
2390	0.06299	0.06309	A
2391	0.07538	0.07625	A
2392	0.00382	0.00528	T
2393	0.01586	0.01732	C
2394	0.01392	0.01423	A
2395	0.0542	0.0543	A
2396	0.08859	0.08889	C
2397	0.06746	0.06803	C
2398	0.01212	0.01233	A
2399	0.02226	0.02256	A
2400	0.03105	0.03245	C
2401	0.06092	0.06098	A
2402	0.07782	0.07935	A
2403	0.00283	0.00334	G
2404	0.00466	0.00525	T
2405	0.08673	0.08709	C
2406	0.01703	0.01741	A
2407	0.00197	0.00198	T
2408	0.00235	0.00238	T
2409	0.01695	0.02686	A
2410	0.00268	0.00268	T
2411	0.00306	0.00332	T
2412	0.03308	0.06017	A
2413	0.04532	0.04608	C
2414	0.0691	0.06934	C
2415	0.05292	0.05315	C
2416	0.00636	0.0072	T
2417	0.03438	0.0348	C
2418	0.03885	0.03941	A
2419	0.00809	0.00816	C
2420	0.0023	0.00244	T
2421	0.0022	0.00243	G
2422	0.00176	0.0025	T
2423	0.01418	0.01486	C
2424	0.02145	0.02168	A
2425	0.05887	0.05918	A
2426	0.02628	0.02649	C
2427	0.0175	0.01758	C
2428	0.01607	0.01624	C
2429	0.01933	0.01972	A
2430	0.00897	0.00925	A
2431	0.06095	0.06314	C
2432	0.01961	0.02094	A
2433	0.02193	0.02323	C
2434	0.01667	0.01894	A
2435	0.00205	0.00211	G
2436	0.00224	0.00239	G
2437	0.1225	0.12392	C
2438	0.00342	0.00387	A
2439	0.00085	0.0012	T
2440	0.00127	0.00143	G
2441	0.00165	0.00176	C
2442	0.00067	0.00089	T
2443	0.01367	0.01416	C
2444	0.0034	0.00378	A
2445	0.00058	0.00113	T
2446	0.00167	0.00168	A
2447	0.00261	0.00264	A
2448	0.00084	0.00085	G
2449	0.00089	0.00095	G
2450	0.00084	0.00085	A
2451	0.00162	0.00162	A
2452	0.00122	0.00123	A
2453	0.0014	0.00141	G
2454	0.00082	0.00084	G
2455	0.00091	0.00101	T
2456	0.00066	0.00074	T
2457	0.00029	0.00029	A
2458	0.00011	0.00012	A
2459	0.00056	0.00056	A
2460	0.00133	0.00133	A
2461	0.00094	0.00094	A
2462	0.0009	0.0009	A
2463	0.00144	0.00144	A
2464	0.00337	0.00413	G
2465	0.00261	0.00333	T
2466	0.00133	0.00154	A
2467	0.00191	0.002	A
2468	0.00362	0.00362	A
2469	0.00482	0.00482	A
2470	0.00183	0.00185	G
2471	0.00155	0.0016	G
2472	0.00825	0.00831	A
2473	0.00741	0.00748	A
2474	0.04251	0.04695	C
2475	0.00393	0.00462	T
2476	0.06195	0.06235	C
2477	0.00152	0.00152	G
2478	0.0013	0.0013	G
2479	0.00417	0.00435	C
2480	0.00739	0.0074	A
2481	0.01422	0.01426	A
2482	0.01531	0.01532	A
2483	0.003	0.00327	T
2484	0.06073	0.06128	C
2485	0.00481	0.00481	T
2486	0.00429	0.00437	T
2487	0.00946	0.01428	A
2488	0.00853	0.00855	C
2489	0.00594	0.00598	C
2490	0.00617	0.00622	C
2491	0.01314	0.01319	C
2492	0.00276	0.00334	G
2493	0.02489	0.02489	C
2494	0.01678	0.01681	C
2495	0.00246	0.00289	T
2496	0.0033	0.004	G
2497	0.003	0.003	T
2498	0.00277	0.00277	T
2499	0.00363	0.00372	T
2500	0.01637	0.01798	A
2501	0.0421	0.04213	C
2502	0.05985	0.06003	C
2503	0.00313	0.00353	A
2504	0.00737	0.00758	A
2505	0.00735	0.00739	A
2506	0.02493	0.02499	A
2507	0.01277	0.01278	A
2508	0.03414	0.03683	C
2509	0.02139	0.02244	A
2510	0.0031	0.00372	T
2511	0.06406	0.06497	C
2512	0.025	0.02532	A
2513	0.00654	0.00656	C
2514	0.00408	0.00423	C
2515	0.00091	0.00128	T
2516	0.01104	0.0121	C
2517	0.00155	0.00194	T
2518	0.01028	0.01171	A
2519	0.00304	0.0036	G
2520	0.00949	0.00993	C
2521	0.05541	0.05679	A
2522	0.00239	0.00348	T
2523	0.04245	0.0443	C
2524	0.04335	0.04406	A
2525	0.07829	0.07829	C
2526	0.01923	0.0194	C
2527	0.00617	0.00798	A
2528	0.00129	0.0013	G
2529	0.00101	0.00112	T
2530	0.00859	0.00866	A
2531	0.0011	0.0011	T
2532	0.00103	0.00103	T
2533	0.0039	0.00434	A
2534	0.0022	0.00228	G
2535	0.0168	0.01728	A
2536	0.00306	0.00306	G
2537	0.00407	0.00415	G
2538	0.04999	0.05251	C
2539	0.01051	0.01114	A
2540	0.0509	0.05102	C
2541	0.06466	0.06567	C
2542	0.00394	0.00449	G
2543	0.01209	0.01209	C
2544	0.02292	0.02313	C
2545	0.00683	0.0084	T
2546	0.00449	0.00507	G
2547	0.01745	0.01745	C
2548	0.01001	0.01007	C
2549	0.03654	0.03675	C
2550	0.06685	0.08656	A
2551	0.00315	0.00351	G
2552	0.00301	0.00342	T
2553	0.00247	0.0028	G
2554	0.01058	0.01125	A
2555	0.03282	0.03585	C
2556	0.0312	0.03175	A
2557	0.06451	0.06822	C
2558	0.01193	0.01221	A
2559	0.00354	0.004	T
2560	0.00325	0.00386	G
2561	0.00162	0.00162	T
2562	0.00263	0.00263	T
2563	0.00228	0.00228	T
2564	0.02144	0.02156	A
2565	0.02259	0.02282	A
2566	0.0477	0.04913	C
2567	0.00312	0.00312	G
2568	0.00197	0.00197	G
2569	0.01654	0.01654	C
2570	0.06803	0.06817	C
2571	0.00289	0.00358	G
2572	0.00222	0.00233	C
2573	0.00251	0.00251	G
2574	0.00328	0.00334	G
2575	0.00202	0.00205	T
2576	0.03609	0.03736	A
2577	0.06106	0.06128	C
2578	0.04644	0.04657	C
2579	0.03022	0.03045	C
2580	0.0031	0.00368	T
2581	0.02618	0.02628	A
2582	0.0181	0.0181	A
2583	0.03507	0.03511	C
2584	0.02552	0.02559	C
2585	0.00911	0.01306	G
2586	0.00362	0.00431	T
2587	0.00607	0.0063	G
2588	0.06632	0.07431	C
2589	0.04004	0.04069	A
2590	0.06176	0.0619	A
2591	0.04533	0.04535	A
2592	0.02071	0.0208	G
2593	0.0069	0.0069	G
2594	0.00628	0.00694	T
2595	0.06656	0.06695	A
2596	0.00939	0.0099	G
2597	0.08482	0.08648	C
2598	0.05835	0.05932	A
2599	0.00432	0.00498	T
2600	0.02916	0.02916	A
2601	0.04225	0.0466	A
2602	0.00361	0.00448	T
2603	0.18613	0.19004	C
2604	0.05953	0.0601	A
2605	0.06089	0.06593	C
2606	0.00305	0.00311	T
2607	0.00557	0.0056	T
2608	0.0033	0.0036	G
2609	0.00095	0.00095	T
2610	0.00083	0.00083	T
2611	0.00551	0.00563	C
2612	0.00445	0.00445	C
2613	0.00141	0.00141	T
2614	0.00267	0.00274	T
2615	0.00147	0.00408	A
2616	0.00478	0.00484	A
2617	0.55075	0.55188	A
2618	0.00199	0.00254	T
2619	0.01997	0.02216	A
2620	0.00157	0.00198	G
2621	0.00248	0.00248	G
2622	0.00283	0.00283	G
2623	0.00896	0.00949	A
2624	0.01151	0.01156	C
2625	0.11826	0.1183	C
2626	0.00434	0.00499	T
2627	0.00522	0.00563	G
2628	0.00579	0.00612	T
2629	0.03591	0.03612	A
2630	0.00648	0.00673	T
2631	0.0071	0.00759	G
2632	0.04746	0.04787	A
2633	0.05509	0.05603	A
2634	0.0138	0.01413	T
2635	0.00855	0.00855	G
2636	0.00586	0.00598	G
2637	0.01607	0.01776	C
2638	0.01155	0.01301	T
2639	0.03354	0.03364	C
2640	0.03225	0.03298	C
2641	0.01612	0.02177	A
2642	0.06976	0.07318	C
2643	0.00588	0.00635	G
2644	0.04533	0.04789	A
2645	0.00739	0.00739	G
2646	0.00523	0.0053	G
2647	0.00755	0.00755	G
2648	0.00471	0.00473	T
2649	0.00264	0.00268	T
2650	0.15896	0.16834	C
2651	0.08994	0.09811	A
2652	0.00226	0.00243	G
2653	0.0103	0.01059	C
2654	0.00118	0.00121	T
2655	0.00259	0.00272	G
2656	0.00131	0.00138	T
2657	0.02098	0.02113	C
2658	0.00123	0.00141	T
2659	0.02137	0.02173	C
2660	0.00125	0.00127	T
2661	0.00114	0.00116	T
2662	0.00541	0.00817	A
2663	0.0192	0.01942	C
2664	0.00049	0.0005	T
2665	0.00057	0.00057	T
2666	0.00066	0.00067	T
2667	0.0009	0.0009	T
2668	0.01239	0.01259	A
2669	0.01149	0.01152	A
2670	0.01451	0.01453	C
2671	0.00784	0.00784	C
2672	0.06093	0.06882	A
2673	0.00135	0.00139	G
2674	0.00062	0.00063	T
2675	0.00138	0.00143	G
2676	0.00939	0.00941	A
2677	0.05185	0.05188	A
2678	0.01577	0.01583	A
2679	0.00194	0.00195	T
2680	0.00207	0.00207	T
2681	0.00281	0.00296	G
2682	0.00973	0.00982	A
2683	0.00666	0.00667	C
2684	0.00441	0.00443	C
2685	0.02462	0.03642	T
2686	0.01199	0.013	G
2687	0.00306	0.00308	C
2688	0.00119	0.00119	C
2689	0.00316	0.00316	C
2690	0.00232	0.00274	G
2691	0.00188	0.002	T
2692	0.0029	0.00337	G
2693	0.01029	0.01039	A
2694	0.01792	0.018	A
2695	0.00174	0.00203	G
2696	0.01045	0.01169	A
2697	0.00124	0.00124	G
2698	0.00109	0.00114	G
2699	0.00449	0.00532	C
2700	0.00099	0.00099	G
2701	0.0007	0.0007	G
2702	0.0008	0.00092	G
2703	0.00076	0.00084	C
2704	0.00063	0.00072	A
2705	0.00029	0.00035	T
2706	0.05565	0.05565	A
2707	0.00413	0.0082	A
2708	0.02081	0.02833	C
2709	0.00104	0.0013	A
2710	0.02897	0.03432	C
2711	0.00191	0.00208	A
2712	0.00124	0.00148	G
2713	0.01524	0.01624	C
2714	0.01223	0.01238	A
2715	0.00832	0.0086	A
2716	0.002	0.0024	G
2717	0.01341	0.01374	A
2718	0.09614	0.09684	C
2719	0.00892	0.01	G
2720	0.01596	0.01653	A
2721	0.00475	0.00502	G
2722	0.12526	0.12526	A
2723	0.04876	0.04956	A
2724	0.00466	0.00537	G
2725	0.07145	0.0718	A
2726	0.00573	0.0059	C
2727	0.0013	0.00131	C
2728	0.00114	0.00115	C
2729	0.00078	0.00084	T
2730	0.00525	0.00534	A
2731	0.00115	0.00118	T
2732	0.00404	0.00408	G
2733	0.00414	0.00416	G
2734	0.01445	0.01704	A
2735	0.00269	0.00271	G
2736	0.00997	0.01015	C
2737	0.00065	0.00066	T
2738	0.00091	0.00091	T
2739	0.00738	0.00745	T
2740	0.01272	0.01286	A
2741	0.01232	0.01292	A
2742	0.00101	0.00102	T
2743	0.0009	0.00091	T
2744	0.00102	0.00105	T
2745	0.07789	0.09511	A
2746	0.00121	0.00121	T
2747	0.00083	0.00087	T
2748	0.01014	0.0102	A
2749	0.01064	0.01073	A
2750	0.00204	0.00222	T
2751	0.00489	0.00538	G
2752	0.01054	0.01253	C
2753	0.01133	0.01154	A
2754	0.02435	0.02484	A
2755	0.04213	0.04237	A
2756	0.2163	0.22526	C
2757	0.09016	0.09195	A
2758	0.01307	0.01837	G
2759	0.00449	0.00619	T
2760	0.02902	0.02961	A
2761	0.25551	0.25692	C
2762	0.07586	0.0806	C
2763	0.0064	0.01049	T
2764	0.03859	0.04127	A
2765	0.04449	0.04651	A
2766	0.149	0.15846	C
2767	0.04776	0.04987	A
2768	0.18921	0.18959	A
2769	0.00746	0.00818	A
2770	0.01348	0.01427	C
2771	0.009	0.00936	C
2772	0.0213	0.02144	C
2773	0.01436	0.01865	A
2774	0.24758	0.24996	C
2775	0.00778	0.00914	A
2776	0.00457	0.00474	G
2777	0.00551	0.00565	G
2778	0.00137	0.00155	T
2779	0.02406	0.02408	C
2780	0.03507	0.03518	C
2781	0.00243	0.00321	T
2782	0.00484	0.00507	A
2783	0.04704	0.04731	A
2784	0.05038	0.05056	A
2785	0.12537	0.13551	C
2786	0.00442	0.00549	T
2787	0.02499	0.02718	A
2788	0.05079	0.05251	C
2789	0.04294	0.0438	C
2790	0.01447	0.0155	A
2791	0.03642	0.03742	A
2792	0.04088	0.04102	A
2793	0.09189	0.09347	C
2794	0.02886	0.03006	C
2795	0.001	0.00116	T
2796	0.00177	0.00196	G
2797	0.00349	0.00365	C
2798	0.00668	0.00702	A
2799	0.00164	0.00166	T
2800	0.00189	0.00208	T
2801	0.00106	0.0011	A
2802	0.00396	0.004	A
2803	0.00488	0.00489	A
2804	0.0069	0.00695	A
2805	0.00758	0.00763	A
2806	0.00159	0.00163	T
2807	0.00076	0.00077	T
2808	0.00098	0.00099	T
2809	0.01482	0.01572	C
2810	0.0021	0.00213	G
2811	0.00254	0.00255	G
2812	0.00284	0.00286	T
2813	0.00488	0.00497	T
2814	0.00128	0.0013	G
2815	0.00132	0.00132	G
2816	0.0011	0.00111	G
2817	0.00115	0.00116	G
2818	0.01766	0.02199	C
2819	0.00092	0.00095	G
2820	0.00192	0.0023	A
2821	0.0044	0.00444	C
2822	0.00091	0.00095	C
2823	0.00021	0.00026	T
2824	0.00119	0.00137	C
2825	0.00106	0.00107	G
2826	0.00034	0.00036	G
2827	0.00121	0.00136	A
2828	0.00066	0.00072	G
2829	0.00536	0.00545	C
2830	0.00316	0.00325	A
2831	0.00153	0.00211	G
2832	0.00295	0.00297	A
2833	0.00391	0.00407	A
2834	0.01368	0.01378	C
2835	0.00815	0.00815	C
2836	0.01229	0.01229	C
2837	0.00261	0.0027	A
2838	0.00612	0.00613	A
2839	0.01743	0.01748	C
2840	0.00082	0.00082	C
2841	0.00052	0.00065	T
2842	0.00146	0.00146	C
2843	0.00102	0.00103	C
2844	0.00151	0.00174	G
2845	0.00152	0.00168	A
2846	0.0028	0.00287	G
2847	0.05917	0.05972	C
2848	0.01138	0.01159	A
2849	0.00217	0.00226	G
2850	0.00157	0.00184	T
2851	0.05544	0.05564	A
2852	0.04052	0.04292	C
2853	0.01699	0.01756	A
2854	0.00281	0.00294	T
2855	0.00312	0.0032	G
2856	0.00193	0.0021	C
2857	0.00139	0.00152	T
2858	0.01243	0.01245	A
2859	0.01564	0.01567	A
2860	0.00649	0.00659	G
2861	0.01437	0.01579	A
2862	0.00489	0.005	C
2863	0.0017	0.00173	T
2864	0.00357	0.00365	T
2865	0.05223	0.05797	C
2866	0.01275	0.0133	A
2867	0.04896	0.04897	C
2868	0.13434	0.13492	C
2869	0.0049	0.00641	A
2870	0.00353	0.00379	G
2871	0.0006	0.00144	T
2872	0.00181	0.0019	C
2873	0.10622	0.1063	A
2874	0.24001	0.24093	A
2875	0.05005	0.05038	A
2876	0.00162	0.00183	G
2877	0.00227	0.00241	C
2878	0.00449	0.0052	G
2879	0.03185	0.0327	A
2880	0.05578	0.0559	A
2881	0.18168	0.18785	C
2882	0.00805	0.00831	T
2883	0.05836	0.05983	A
2884	0.12062	0.12736	C
2885	0.00674	0.00753	T
2886	0.08326	0.0895	A
2887	0.0073	0.01132	T
2888	0.08083	0.0837	A
2889	0.18927	0.19786	C
2890	0.00813	0.00854	T
2891	0.1458	0.14915	C
2892	0.01498	0.01538	A
2893	0.02338	0.02361	A
2894	0.00385	0.00387	T
2895	0.00679	0.0068	T
2896	0.00345	0.00399	G
2897	0.01903	0.01928	A
2898	0.01047	0.01079	T
2899	0.13174	0.13192	C
2900	0.02694	0.02726	C
2901	0.01664	0.01715	A
2902	0.01434	0.01504	A
2903	0.00714	0.00834	T
2904	0.05801	0.05805	A
2905	0.06545	0.06891	A
2906	0.17589	0.18431	C
2907	0.00315	0.00329	T
2908	0.00645	0.00654	T
2909	0.00641	0.00809	G
2910	0.01625	0.01652	A
2911	0.07838	0.07841	C
2912	0.01987	0.02017	C
2913	0.07611	0.07622	A
2914	0.01515	0.01515	A
2915	0.03327	0.03466	C
2916	0.00262	0.00285	G
2917	0.00266	0.00276	G
2918	0.00766	0.00768	A
2919	0.01266	0.01278	A
2920	0.04724	0.04832	C
2921	0.0058	0.0058	A
2922	0.00596	0.00601	A
2923	0.01996	0.02131	G
2924	0.00089	0.00092	T
2925	0.00093	0.00098	T
2926	0.0101	0.0153	A
2927	0.00521	0.00524	C
2928	0.00177	0.0018	C
2929	0.00369	0.00375	C
2930	0.0011	0.00122	T
2931	0.00376	0.00413	A
2932	0.0014	0.0014	G
2933	0.00114	0.00115	G
2934	0.002	0.00201	G
2935	0.01395	0.02317	A
2936	0.00195	0.00277	T
2937	0.02068	0.0207	A
2938	0.02402	0.02456	A
2939	0.06075	0.06354	C
2940	0.01829	0.0196	A
2941	0.00221	0.00244	G
2942	0.03783	0.03987	C
2943	0.00359	0.00371	G
2944	0.05423	0.05738	C
2945	0.00865	0.00873	A
2946	0.01109	0.01117	A
2947	0.00134	0.00148	T
2948	0.00806	0.0081	C
2949	0.0054	0.0054	C
2950	0.00105	0.00105	T
2951	0.00892	0.00964	A
2952	0.00126	0.00126	T
2953	0.00164	0.00172	T
2954	0.03268	0.04062	C
2955	0.00165	0.00188	T
2956	0.19592	0.20059	A
2957	0.00232	0.00247	G
2958	0.01325	0.01459	A
2959	0.00268	0.00279	G
2960	0.00857	0.00883	T
2961	0.10846	0.10857	C
2962	0.02553	0.02578	C
2963	0.02052	0.02767	A
2964	0.00318	0.00349	T
2965	0.09302	0.0935	A
2966	0.00196	0.00227	T
2967	0.02445	0.02518	C
2968	0.01545	0.01549	A
2969	0.0208	0.02085	A
2970	0.05862	0.0598	C
2971	0.00857	0.00857	A
2972	0.00951	0.00971	A
2973	0.00141	0.00156	T
2974	0.0104	0.01082	A
2975	0.00196	0.00196	G
2976	0.00227	0.00227	G
2977	0.00431	0.00431	G
2978	0.00158	0.00166	T
2979	0.00187	0.00187	T
2980	0.00257	0.00257	T
2981	0.02588	0.02733	A
2982	0.02771	0.02859	C
2983	0.00361	0.00384	G
2984	0.01519	0.01616	A
2985	0.01217	0.01219	C
2986	0.03216	0.03241	C
2987	0.00187	0.00228	T
2988	0.03112	0.03181	C
2989	0.00307	0.00314	G
2990	0.07421	0.07441	A
2991	0.0032	0.00334	T
2992	0.00424	0.00454	G
2993	0.00222	0.00222	T
2994	0.00284	0.00284	T
2995	0.0033	0.00331	G
2996	0.00167	0.00167	G
2997	0.00526	0.00606	A
2998	0.00117	0.00138	T
2999	0.0155	0.01575	C
3000	0.01397	0.01523	A
3001	0.00274	0.00275	G
3002	0.00188	0.0019	G
3003	0.00337	0.00436	A
3004	0.00965	0.00993	C
3005	0.03253	0.03389	A
3006	0.00321	0.00378	T
3007	0.01251	0.01253	C
3008	0.01223	0.01223	C
3009	0.05016	0.05017	C
3010	0.00414	0.00506	G
3011	0.03858	0.03919	A
3012	0.00528	0.00536	T
3013	0.00946	0.00962	G
3014	0.01353	0.01354	G
3015	0.00295	0.00309	T
3016	0.00585	0.00832	G
3017	0.1046	0.11894	C
3018	0.07437	0.08213	A
3019	0.00812	0.00886	G
3020	0.15709	0.1578	C
3021	0.03017	0.03089	C
3022	0.0037	0.00458	G
3023	0.02579	0.02636	C
3024	0.00244	0.00246	T
3025	0.03495	0.03552	A
3026	0.00406	0.00406	T
3027	0.00399	0.00405	T
3028	0.03174	0.03186	A
3029	0.05058	0.05085	A
3030	0.05806	0.05812	A
3031	0.00396	0.00399	G
3032	0.00701	0.00701	G
3033	0.00374	0.00375	T
3034	0.00254	0.00261	T
3035	0.03063	0.03119	C
3036	0.02259	0.02303	G
3037	0.00076	0.0008	T
3038	0.00138	0.00144	T
3039	0.0111	0.0113	T
3040	0.01076	0.02021	G
3041	0.01401	0.01402	T
3042	0.00935	0.00969	T
3043	0.18214	0.19758	C
3044	0.04108	0.04153	A
3045	0.03638	0.03657	A
3046	0.04586	0.04689	C
3047	0.0177	0.01803	G
3048	0.03161	0.03263	A
3049	0.00418	0.00446	T
3050	0.0053	0.00546	T
3051	0.04069	0.04084	A
3052	0.05796	0.05812	A
3053	0.29993	0.30191	A
3054	0.00737	0.00797	G
3055	0.00344	0.00366	T
3056	0.02233	0.02244	C
3057	0.01545	0.01566	C
3058	0.00679	0.00805	T
3059	0.12356	0.12622	A
3060	0.27537	0.27911	C
3061	0.01685	0.01884	G
3062	0.01249	0.01435	T
3063	0.0087	0.01027	G
3064	0.07579	0.08003	A
3065	0.00642	0.00668	T
3066	0.09171	0.09253	C
3067	0.00587	0.00624	T
3068	0.0165	0.01868	G
3069	0.11228	0.11562	A
3070	0.01858	0.01921	G
3071	0.01279	0.01325	T
3072	0.01061	0.01075	T
3073	0.13722	0.14689	C
3074	0.14933	0.15911	A
3075	0.00501	0.00531	G
3076	0.01172	0.01245	A
3077	0.01499	0.01505	C
3078	0.00954	0.00964	C
3079	0.00311	0.00312	G
3080	0.00281	0.00284	G
3081	0.03636	0.04452	A
3082	0.0068	0.00711	G
3083	0.0127	0.01565	T
3084	0.09428	0.09447	A
3085	0.06904	0.07111	A
3086	0.0021	0.00355	T
3087	0.01237	0.01245	C
3088	0.02056	0.02064	C
3089	0.06706	0.14377	A
3090	0.00811	0.0082	G
3091	0.00539	0.00542	G
3092	0.00088	0.00099	T
3093	0.00759	0.00763	C
3094	0.00647	0.00653	G
3095	0.00895	0.00911	G
3096	0.00251	0.00252	T
3097	0.01584	0.01584	T
3098	0.00768	0.00769	T
3099	0.13526	0.13909	C
3100	0.00632	0.00646	T
3101	0.14515	0.1492	A
3102	0.00519	0.00572	T
3103	0.09846	0.10165	C
3104	0.00442	0.00504	T
3105	0.04081	0.04498	A
3106	0.10182	0.10728	C
3107	0.00288	0.00318	T
3108	0.00438	0.00443	T
3109	0.11179	0.11907	C
3110	0.01725	0.01752	A
3111	0.06133	0.06158	A
3112	0.05063	0.051	A
3113	0.00435	0.00452	T
3114	0.00681	0.00687	T
3115	0.03947	0.03951	C
3116	0.02201	0.0224	C
3117	0.00618	0.00725	T
3118	0.01791	0.01791	C
3119	0.03957	0.03957	C
3120	0.0316	0.0321	C
3121	0.00281	0.0031	T
3122	0.00503	0.00746	G
3123	0.00378	0.00408	T
3124	0.02572	0.02623	A
3125	0.05335	0.05435	C
3126	0.00375	0.0043	G
3127	0.03326	0.03362	A
3128	0.02771	0.02788	A
3129	0.01752	0.01761	A
3130	0.00245	0.00253	G
3131	0.00132	0.00134	G
3132	0.01182	0.01704	A
3133	0.10026	0.10259	C
3134	0.03694	0.03695	A
3135	0.0365	0.03704	A
3136	0.00265	0.00312	G
3137	0.0085	0.00927	A
3138	0.00454	0.00494	G
3139	0.00424	0.00424	A
3140	0.00796	0.00796	A
3141	0.00807	0.00807	A
3142	0.00217	0.00263	T
3143	0.0055	0.0055	A
3144	0.00343	0.0035	A
3145	0.00132	0.00133	G
3146	0.00162	0.00165	G
3147	0.00136	0.00139	C
3148	0.00107	0.0011	C
3149	0.00929	0.0099	T
3150	0.00135	0.00153	A
3151	0.00215	0.00229	C
3152	0.00109	0.00113	T
3153	0.00059	0.00062	T
3154	0.04697	0.04831	C
3155	0.01069	0.01098	A
3156	0.0842	0.0858	C
3157	0.01021	0.01026	A
3158	0.00811	0.00812	A
3159	0.00556	0.00565	A
3160	0.00344	0.0035	G
3161	0.00899	0.00906	C
3162	0.00231	0.00257	G
3163	0.00122	0.00122	C
3164	0.00113	0.00116	C
3165	0.00081	0.00089	T
3166	0.00095	0.00119	T
3167	0.03044	0.03075	C
3168	0.0826	0.08308	C
3169	0.10424	0.10489	C
3170	0.09082	0.09103	C
3171	0.14998	0.15014	C
3172	0.00216	0.00254	G
3173	0.00192	0.0023	T
3174	0.00966	0.00974	A
3175	0.02126	0.02128	A
3176	0.10572	0.10587	A
3177	0.00248	0.00261	T
3178	0.00494	0.00555	G
3179	0.01009	0.01048	A
3180	0.01411	0.01439	T
3181	0.03912	0.03955	A
3182	0.00269	0.00327	T
3183	0.08489	0.08739	C
3184	0.02966	0.03288	A
3185	0.00477	0.0061	T
3186	0.04492	0.04618	C
3187	0.00568	0.00965	T
3188	0.01734	0.01901	C
3189	0.19921	0.20501	A
3190	0.04287	0.04309	A
3191	0.01936	0.0216	C
3192	0.00174	0.00186	T
3193	0.00475	0.00497	T
3194	0.00714	0.00953	A
3195	0.00328	0.00394	G
3196	0.23604	0.2367	T
3197	0.03469	0.03506	A
3198	0.00224	0.00226	T
3199	0.00309	0.0032	T
3200	0.01148	0.01678	A
3201	0.00301	0.0039	T
3202	0.01119	0.01218	A
3203	0.03409	0.03489	C
3204	0.02339	0.02354	C
3205	0.02027	0.02036	C
3206	0.00246	0.00411	A
3207	0.01004	0.01108	C
3208	0.00792	0.00906	A
3209	0.00943	0.00943	C
3210	0.008	0.008	C
3211	0.01278	0.01311	C
3212	0.00285	0.00372	A
3213	0.00119	0.00119	C
3214	0.00119	0.00119	C
3215	0.00117	0.00119	C
3216	0.00221	0.00222	A
3217	0.00534	0.00536	A
3218	0.00076	0.00091	G
3219	0.00249	0.0025	A
3220	0.00508	0.00511	A
3221	0.01765	0.01822	C
3222	0.00437	0.00452	A
3223	0.00052	0.00053	G
3224	0.001	0.001	G
3225	0.009	0.00901	G
3226	0.03475	0.03484	T
3227	0.00387	0.0039	T
3228	0.00384	0.00393	T
3229	0.00184	0.00214	G
3230	0.00058	0.00058	T
3231	0.0022	0.00221	T
3232	0.04876	0.04878	A
3233	0.02961	0.02962	A
3234	0.0022	0.00242	G
3235	0.07078	0.09594	A
3236	0.00192	0.00218	T
3237	0.65322	0.65326	G
3238	0.00263	0.00271	G
3239	0.00847	0.00958	C
3240	0.0134	0.0135	A
3241	0.00424	0.00431	G
3242	0.06036	0.06161	A
3243	0.00584	0.00626	G
3244	0.04209	0.04221	C
3245	0.0486	0.04862	C
3246	0.04011	0.04012	C
3247	0.0042	0.00425	G
3248	0.00635	0.00639	G
3249	0.00391	0.00436	T
3250	0.02453	0.0248	A
3251	0.06283	0.0638	A
3252	0.00699	0.00752	T
3253	0.08771	0.08819	C
3254	0.0095	0.00994	G
3255	0.04193	0.04337	C
3256	0.10648	0.10846	A
3257	0.007	0.00823	T
3258	0.02597	0.02617	A
3259	0.02297	0.02318	A
3260	0.04009	0.0404	A
3261	0.03355	0.03448	A
3262	0.0738	0.09289	C
3263	0.01025	0.01502	T
3264	0.02559	0.02771	T
3265	0.02815	0.0291	A
3266	0.03553	0.03578	A
3267	0.05395	0.05425	A
3268	0.07738	0.07929	A
3269	0.11843	0.14032	C
3270	0.00452	0.00464	T
3271	0.0055	0.00555	T
3272	0.0066	0.00663	T
3273	0.04652	0.05324	A
3274	0.10921	0.11086	C
3275	0.06786	0.06958	A
3276	0.00886	0.00926	G
3277	0.0065	0.00731	T
3278	0.06701	0.0673	C
3279	0.02853	0.03004	A
3280	0.00392	0.00404	G
3281	0.01362	0.01414	A
3282	0.00636	0.00636	G
3283	0.00749	0.00753	G
3284	0.0013	0.0015	T
3285	0.00173	0.00185	T
3286	0.02293	0.0288	C
3287	0.00842	0.00906	A
3288	0.79415	0.79743	A
3289	0.0021	0.0025	T
3290	0.0014	0.00162	T
3291	0.00437	0.00437	C
3292	0.00582	0.00588	C
3293	0.00112	0.00127	T
3294	0.01279	0.01313	C
3295	0.00216	0.00216	T
3296	0.00397	0.00399	T
3297	0.0602	0.06705	C
3298	0.00951	0.00951	T
3299	0.01124	0.01125	T
3300	0.03357	0.03358	A
3301	0.00449	0.00451	A
3302	0.00377	0.00436	C
3303	0.00257	0.00257	A
3304	0.04901	0.04914	A
3305	0.00424	0.00455	C
3306	0.00353	0.00389	A
3307	0.00729	0.00777	T
3308	0.00443	0.00462	A
3309	0.00388	0.00394	C
3310	0.00245	0.00247	C
3311	0.00263	0.00264	C
3312	0.00315	0.00443	A
3313	0.00085	0.001	T
3314	0.00078	0.00079	G
3315	0.00063	0.00063	G
3316	0.00302	0.00304	C
3317	0.00302	0.00307	C
3318	0.00305	0.00313	A
3319	0.00463	0.00466	A
3320	0.00573	0.00576	C
3321	0.00295	0.00306	C
3322	0.00062	0.00073	T
3323	0.00485	0.00485	C
3324	0.00356	0.00372	C
3325	0.00113	0.00129	T
3326	0.0054	0.00623	A
3327	0.00787	0.00821	C
3328	0.00113	0.00125	T
3329	0.00554	0.00555	C
3330	0.00536	0.00564	C
3331	0.00115	0.00135	T
3332	0.00799	0.00823	C
3333	0.0073	0.00849	A
3334	0.00145	0.00146	T
3335	0.0019	0.00195	T
3336	0.00267	0.00336	G
3337	0.00177	0.00205	T
3338	0.01015	0.01074	A
3339	0.0167	0.01683	C
3340	0.00792	0.00797	C
3341	0.0068	0.00689	C
3342	0.00939	0.0104	A
3343	0.00176	0.00178	T
3344	0.00159	0.00167	T
3345	0.01139	0.01423	C
3346	0.00286	0.00327	T
3347	0.01082	0.01167	A
3348	0.01577	0.01633	A
3349	0.00338	0.00373	T
3350	0.02077	0.02157	C
3351	0.00298	0.00317	G
3352	0.02246	0.02348	C
3353	0.01481	0.01498	A
3354	0.01774	0.01799	A
3355	0.00425	0.0045	T
3356	0.0025	0.00252	G
3357	0.00269	0.00271	G
3358	0.01721	0.01778	C
3359	0.01659	0.0175	A
3360	0.00277	0.00278	T
3361	0.00292	0.00294	T
3362	0.03254	0.03259	C
3363	0.02334	0.02359	C
3364	0.00459	0.00572	T
3365	0.01229	0.01345	A
3366	0.01881	0.01914	A
3367	0.00388	0.0041	T
3368	0.00339	0.00371	G
3369	0.01455	0.01505	C
3370	0.00444	0.00449	T
3371	0.00536	0.00574	T
3372	0.01648	0.03206	A
3373	0.05399	0.05416	C
3374	0.02206	0.02242	C
3375	0.00824	0.01036	G
3376	0.02137	0.02187	A
3377	0.03035	0.03058	A
3378	0.06083	0.06427	C
3379	0.01191	0.01492	G
3380	0.00353	0.00401	A
3381	0.01993	0.02026	A
3382	0.01239	0.01246	A
3383	0.02819	0.02831	A
3384	0.04373	0.04384	A
3385	0.00693	0.00724	T
3386	0.00796	0.00805	T
3387	0.05281	0.06374	C
3388	0.0081	0.00874	T
3389	0.05312	0.06037	A
3390	0.00564	0.00574	G
3391	0.00579	0.00591	G
3392	0.03002	0.0317	C
3393	0.00766	0.00822	T
3394	0.0399	0.04194	A
3395	0.0084	0.00948	T
3396	0.05573	0.05816	A
3397	0.00852	0.01089	T
3398	0.04328	0.04439	A
3399	0.06957	0.0773	C
3400	0.03649	0.03652	A
3401	0.04732	0.04848	A
3402	0.06906	0.07547	C
3403	0.00826	0.00906	T
3404	0.05687	0.06034	A
3405	0.08764	0.08927	C
3406	0.00647	0.00697	G
3407	0.03913	0.04234	C
3408	0.03574	0.03617	A
3409	0.04268	0.04325	A
3410	0.05121	0.05157	A
3411	0.00809	0.00852	G
3412	0.00634	0.00643	G
3413	0.048	0.04812	C
3414	0.0366	0.03669	C
3415	0.05708	0.05712	C
3416	0.06048	0.06056	C
3417	0.04026	0.04119	A
3418	0.05795	0.0581	A
3419	0.10923	0.1104	C
3420	0.0061	0.00627	G
3421	0.002	0.00201	T
3422	0.00209	0.00209	T
3423	0.00518	0.0055	G
3424	0.00168	0.00207	T
3425	0.01842	0.01971	A
3426	0.0064	0.00641	G
3427	0.00439	0.00444	G
3428	0.00666	0.00669	C
3429	0.00317	0.00319	C
3430	0.00753	0.00753	C
3431	0.10143	0.10148	C
3432	0.01282	0.01437	T
3433	0.09364	0.09821	A
3434	0.12256	0.12579	C
3435	0.00473	0.00523	G
3436	0.00546	0.00548	G
3437	0.00528	0.00531	G
3438	0.00814	0.00971	C
3439	0.00815	0.00837	T
3440	0.07696	0.07902	A
3441	0.02059	0.02092	C
3442	0.00241	0.00258	T
3443	0.01359	0.01422	A
3444	0.01445	0.01553	C
3445	0.01378	0.01378	A
3446	0.01669	0.01859	A
3447	0.01561	0.01569	C
3448	0.06444	0.06495	C
3449	0.04807	0.04816	C
3450	0.00593	0.00602	T
3451	0.00701	0.00711	T
3452	0.07669	0.08343	C
3453	0.00876	0.00927	G
3454	0.03942	0.04078	C
3455	0.01127	0.01283	T
3456	0.01124	0.01613	G
3457	0.08589	0.09234	A
3458	0.0953	0.09746	C
3459	0.00813	0.00845	G
3460	0.0369	0.03699	C
3461	0.04585	0.04629	C
3462	0.04198	0.05964	A
3463	0.01089	0.01279	T
3464	0.05466	0.05488	A
3465	0.03062	0.03088	A
3466	0.06314	0.06341	A
3467	0.07854	0.08101	A
3468	0.04135	0.05426	C
3469	0.00499	0.0054	T
3470	0.04182	0.04276	C
3471	0.00554	0.00567	T
3472	0.00901	0.00966	T
3473	0.06609	0.07547	C
3474	0.05563	0.05957	A
3475	0.0896	0.08966	C
3476	0.07342	0.07509	C
3477	0.0272	0.02754	A
3478	0.04769	0.04862	A
3479	0.05486	0.05556	A
3480	0.01238	0.01385	G
3481	0.04573	0.0489	A
3482	0.01345	0.01416	G
3483	0.05967	0.06073	C
3484	0.03532	0.03544	C
3485	0.04429	0.04443	C
3486	0.04454	0.04489	C
3487	0.009	0.01073	T
3488	0.03879	0.04191	A
3489	0.02626	0.02658	A
3490	0.05215	0.05261	A
3491	0.05324	0.05353	A
3492	0.05853	0.06217	C
3493	0.04149	0.0418	C
3494	0.04387	0.04444	C
3495	0.00946	0.01269	G
3496	0.04489	0.04493	C
3497	0.03866	0.03897	C
3498	0.02796	0.03459	A
3499	0.06501	0.06716	C
3500	0.04426	0.04709	A
3501	0.0082	0.00887	T
3502	0.05699	0.05791	C
3503	0.00925	0.01038	T
3504	0.05215	0.0543	A
3505	0.07821	0.0785	C
3506	0.03985	0.04075	C
3507	0.04358	0.05466	A
3508	0.01436	0.02008	T
3509	0.05467	0.0583	C
3510	0.04037	0.04367	A
3511	0.05475	0.05514	C
3512	0.03677	0.03684	C
3513	0.02808	0.02914	C
3514	0.00946	0.0101	T
3515	0.04849	0.04941	C
3516	0.00754	0.00826	T
3517	0.05289	0.05586	A
3518	0.08229	0.0839	C
3519	0.05663	0.0617	A
3520	0.01256	0.01538	T
3521	0.05435	0.05849	C
3522	0.04737	0.05043	A
3523	0.07084	0.07091	C
3524	0.05711	0.05955	C
3525	0.01018	0.01339	G
3526	0.0366	0.0366	C
3527	0.02471	0.02471	C
3528	0.0313	0.03131	C
3529	0.03497	0.03529	C
3530	0.00664	0.01123	G
3531	0.03985	0.04019	A
3532	0.04846	0.04852	C
3533	0.03256	0.03276	C
3534	0.00641	0.00661	T
3535	0.00804	0.00811	T
3536	0.05248	0.06738	A
3537	0.01052	0.01099	G
3538	0.05245	0.05371	C
3539	0.00808	0.00865	T
3540	0.05452	0.05756	C
3541	0.01255	0.01518	T
3542	0.05818	0.06233	C
3543	0.04192	0.04423	A
3544	0.06152	0.06152	C
3545	0.0345	0.03608	C
3546	0.03713	0.04574	A
3547	0.01145	0.01246	T
3548	0.06952	0.07049	C
3549	0.01073	0.01165	G
3550	0.05786	0.05966	C
3551	0.00599	0.00625	T
3552	0.07852	0.07994	C
3553	0.00648	0.00655	T
3554	0.00718	0.00739	T
3555	0.05076	0.05935	C
3556	0.00739	0.00788	T
3557	0.05754	0.05949	A
3558	0.08781	0.09338	C
3559	0.00745	0.00809	T
3560	0.06151	0.06638	A
3561	0.00977	0.01055	T
3562	0.02026	0.02763	G
3563	0.03366	0.03493	A
3564	0.03973	0.04151	A
3565	0.0599	0.06549	C
3566	0.02682	0.02702	C
3567	0.03351	0.03362	C
3568	0.02987	0.02995	C
3569	0.03334	0.03338	C
3570	0.02922	0.02951	C
3571	0.03835	0.04039	T
3572	0.03153	0.03153	C
3573	0.03134	0.03135	C
3574	0.0457	0.04572	C
3575	0.04079	0.04115	C
3576	0.0293	0.06179	A
3577	0.01226	0.0152	T
3578	0.04475	0.04629	A
3579	0.06973	0.07059	C
3580	0.04627	0.04693	C
3581	0.05194	0.05393	C
3582	0.02903	0.03071	A
3583	0.03417	0.03853	A
3584	0.04293	0.04329	C
3585	0.03966	0.04059	C
3586	0.02085	0.02151	C
3587	0.02329	0.02348	C
3588	0.026	0.0261	C
3589	0.00573	0.00749	T
3590	0.00525	0.00532	G
3591	0.00647	0.00651	G
3592	0.00486	0.00744	T
3593	0.03554	0.03689	C
3594	0.04027	0.04092	A
3595	0.06217	0.06269	A
3596	0.08613	0.08659	C
3597	0.0535	0.05517	C
3598	0.0084	0.01501	T
3599	0.06327	0.06781	C
3600	0.03677	0.04114	A
3601	0.04287	0.04305	A
3602	0.06624	0.06653	C
3603	0.01404	0.01468	C
3604	0.00672	0.00796	T
3605	0.03214	0.03833	A
3606	0.00945	0.00984	G
3607	0.00526	0.00549	G
3608	0.02464	0.02492	C
3609	0.05101	0.05194	C
3610	0.00594	0.00728	T
3611	0.07247	0.07264	C
3612	0.03988	0.04302	C
3613	0.0058	0.00616	T
3614	0.0442	0.0491	A
3615	0.0061	0.00612	T
3616	0.00837	0.00837	T
3617	0.00761	0.00785	T
3618	0.09071	0.10197	A
3619	0.0088	0.0088	T
3620	0.0091	0.00929	T
3621	0.08674	0.10457	C
3622	0.01101	0.01172	T
3623	0.07298	0.08352	A
3624	0.01315	0.01391	G
3625	0.05503	0.05544	C
3626	0.03397	0.0351	C
3627	0.0314	0.0405	A
3628	0.06023	0.0603	C
3629	0.04957	0.05061	C
3630	0.00799	0.00888	T
3631	0.07041	0.07498	C
3632	0.00933	0.00983	T
3633	0.08376	0.09463	A
3634	0.00511	0.00535	G
3635	0.0251	0.02528	C
3636	0.01302	0.01379	C
3637	0.00444	0.00517	T
3638	0.02686	0.03012	A
3639	0.00565	0.0061	G
3640	0.09237	0.09247	C
3641	0.06158	0.0618	C
3642	0.01383	0.015	G
3643	0.00686	0.00717	T
3644	0.00752	0.00766	T
3645	0.00947	0.00958	T
3646	0.06571	0.07035	A
3647	0.08662	0.08871	C
3648	0.01057	0.01137	T
3649	0.08085	0.0855	C
3650	0.0423	0.0463	A
3651	0.05465	0.05705	A
3652	0.00898	0.01041	T
3653	0.06887	0.06906	C
3654	0.05377	0.05636	C
3655	0.00828	0.00916	T
3656	0.06205	0.06252	C
3657	0.00752	0.00794	T
3658	0.00464	0.00624	G
3659	0.01905	0.01946	A
3660	0.00269	0.00485	T
3661	0.0199	0.02021	C
3662	0.01834	0.01929	A
3663	0.00339	0.00345	G
3664	0.00431	0.00431	G
3665	0.00762	0.00796	G
3666	0.00633	0.00814	T
3667	0.00569	0.00633	G
3668	0.04673	0.04822	A
3669	0.00911	0.00974	G
3670	0.05236	0.05466	C
3671	0.03995	0.04073	A
3672	0.0075	0.00976	T
3673	0.05159	0.05314	C
3674	0.05281	0.05332	A
3675	0.05615	0.05861	A
3676	0.06873	0.06896	A
3677	0.04261	0.04888	C
3678	0.00699	0.01014	T
3679	0.03588	0.0376	C
3680	0.04327	0.04492	A
3681	0.07619	0.0768	A
3682	0.0547	0.05512	A
3683	0.07211	0.08489	C
3684	0.00635	0.00736	T
3685	0.06758	0.07822	A
3686	0.04413	0.04593	C
3687	0.00687	0.00765	G
3688	0.00943	0.00943	C
3689	0.00731	0.00732	C
3690	0.02258	0.02272	C
3691	0.00417	0.0055	T
3692	0.00866	0.01574	G
3693	0.04445	0.04578	A
3694	0.00705	0.00752	T
3695	0.09215	0.0955	C
3696	0.00563	0.00568	G
3697	0.00573	0.00578	G
3698	0.04944	0.05025	C
3699	0.00951	0.00995	G
3700	0.06011	0.06219	C
3701	0.0462	0.04764	A
3702	0.06977	0.07078	C
3703	0.00813	0.00863	T
3704	0.00778	0.00959	G
3705	0.0915	0.09561	C
3706	0.00939	0.01047	G
3707	0.05488	0.05635	A
3708	0.00921	0.01047	G
3709	0.11668	0.11835	C
3710	0.04958	0.05087	A
3711	0.01205	0.01273	G
3712	0.00687	0.00926	T
3713	0.08789	0.09193	A
3714	0.01453	0.01582	G
3715	0.02129	0.02177	C
3716	0.03376	0.03397	C
3717	0.03233	0.03251	C
3718	0.01707	0.01827	A
3719	0.05108	0.052	A
3720	0.0437	0.04379	A
3721	0.09115	0.10199	C
3722	0.04199	0.04205	A
3723	0.05135	0.05234	A
3724	0.00965	0.01089	T
3725	0.06005	0.0611	C
3726	0.00907	0.01099	T
3727	0.06796	0.06953	C
3728	0.05623	0.06192	A
3729	0.00869	0.0094	T
3730	0.05606	0.05945	A
3731	0.00907	0.00944	T
3732	0.00888	0.01101	G
3733	0.05047	0.05074	A
3734	0.05837	0.05878	A
3735	0.0101	0.01164	G
3736	0.01521	0.01914	T
3737	0.04675	0.04875	C
3738	0.03837	0.04018	A
3739	0.05105	0.05133	C
3740	0.03817	0.03824	C
3741	0.01356	0.01414	C
3742	0.00708	0.00765	T
3743	0.04822	0.05122	A
3744	0.00887	0.00928	G
3745	0.0397	0.03991	C
3746	0.02457	0.02489	C
3747	0.03179	0.03688	A
3748	0.00606	0.00736	T
3749	0.04757	0.04861	C
3750	0.05245	0.05515	A
3751	0.0093	0.00952	T
3752	0.00871	0.00915	T
3753	0.04799	0.05706	C
3754	0.00864	0.00932	T
3755	0.04546	0.04703	A
3756	0.0669	0.0731	C
3757	0.01064	0.01204	T
3758	0.04988	0.05492	A
3759	0.00788	0.00952	T
3760	0.05544	0.05968	C
3761	0.03936	0.04018	A
3762	0.04073	0.04147	A
3763	0.06565	0.06827	C
3764	0.04708	0.04948	A
3765	0.00899	0.00981	T
3766	0.00876	0.00908	T
3767	0.02878	0.05307	A
3768	0.07213	0.07482	C
3769	0.00806	0.00942	T
3770	0.04789	0.04849	A
3771	0.04978	0.05185	A
3772	0.00763	0.00921	T
3773	0.05446	0.05446	A
3774	0.06326	0.0677	A
3775	0.00848	0.00964	G
3776	0.00748	0.00814	T
3777	0.00733	0.0074	G
3778	0.0048	0.00489	G
3779	0.03339	0.03531	C
3780	0.00529	0.0062	T
3781	0.06337	0.06357	C
3782	0.04495	0.04616	C
3783	0.00774	0.00788	T
3784	0.00736	0.0075	T
3785	0.00921	0.00938	T
3786	0.04715	0.04909	A
3787	0.05256	0.05304	A
3788	0.08338	0.08409	C
3789	0.04188	0.04243	C
3790	0.0096	0.01121	T
3791	0.04173	0.04298	C
3792	0.0141	0.01593	T
3793	0.04217	0.04231	C
3794	0.02993	0.03125	C
3795	0.01838	0.0307	A
3796	0.04394	0.04396	C
3797	0.04777	0.04777	C
3798	0.04999	0.05098	C
3799	0.00664	0.00701	T
3800	0.00795	0.00843	T
3801	0.03511	0.0526	A
3802	0.00998	0.01187	T
3803	0.05999	0.06204	C
3804	0.05573	0.05702	A
3805	0.04409	0.04906	C
3806	0.02747	0.02761	A
3807	0.02396	0.02464	A
3808	0.03917	0.04322	C
3809	0.03309	0.0338	A
3810	0.04384	0.04705	C
3811	0.03201	0.03204	A
3812	0.0399	0.04191	A
3813	0.00983	0.01291	G
3814	0.03584	0.03585	A
3815	0.03271	0.03362	A
3816	0.0389	0.04272	C
3817	0.05192	0.053	A
3818	0.07138	0.07168	C
3819	0.04279	0.04392	C
3820	0.00767	0.00841	T
3821	0.05176	0.05203	C
3822	0.00907	0.00998	T
3823	0.00957	0.01201	G
3824	0.05918	0.0605	A
3825	0.01106	0.01123	T
3826	0.00922	0.00963	T
3827	0.04415	0.06674	A
3828	0.06851	0.07057	C
3829	0.00783	0.00848	T
3830	0.05658	0.05701	C
3831	0.03241	0.03479	C
3832	0.01185	0.01309	T
3833	0.00891	0.0095	G
3834	0.02836	0.02841	C
3835	0.01701	0.0174	C
3836	0.03241	0.03897	A
3837	0.00783	0.01029	T
3838	0.06417	0.06544	C
3839	0.06032	0.06527	A
3840	0.01464	0.01578	T
3841	0.00674	0.0107	G
3842	0.05309	0.05417	A
3843	0.05019	0.05054	C
3844	0.04305	0.04318	C
3845	0.05296	0.05316	C
3846	0.01088	0.01096	T
3847	0.01118	0.01131	T
3848	0.00713	0.00724	G
3849	0.00548	0.00559	G
3850	0.02366	0.02375	C
3851	0.06232	0.06274	C
3852	0.02332	0.03496	A
3853	0.00739	0.00879	T
3854	0.04719	0.04748	A
3855	0.05277	0.05909	A
3856	0.00885	0.00935	T
3857	0.06111	0.06507	A
3858	0.01036	0.01078	T
3859	0.00773	0.00869	G
3860	0.05553	0.05698	A
3861	0.00746	0.00747	T
3862	0.00803	0.00818	T
3863	0.00769	0.00776	T
3864	0.08341	0.09025	A
3865	0.00963	0.01031	T
3866	0.05853	0.06052	C
3867	0.01427	0.01629	T
3868	0.04483	0.04514	C
3869	0.03376	0.03495	C
3870	0.02089	0.04013	A
3871	0.06213	0.06705	C
3872	0.05238	0.05599	A
3873	0.08164	0.0885	C
3874	0.00935	0.01032	T
3875	0.04726	0.04964	A
3876	0.01127	0.0131	G
3877	0.04	0.04064	C
3878	0.07562	0.07801	A
3879	0.006	0.0065	G
3880	0.02577	0.03233	A
3881	0.00665	0.00744	G
3882	0.02437	0.02488	A
3883	0.02279	0.02312	C
3884	0.04732	0.04802	C
3885	0.04182	0.04217	A
3886	0.05841	0.05872	A
3887	0.08091	0.08132	C
3888	0.0131	0.01328	C
3889	0.01047	0.01224	G
3890	0.03594	0.03819	A
3891	0.01632	0.01879	A
3892	0.01172	0.0118	C
3893	0.00605	0.00612	C
3894	0.00542	0.00544	C
3895	0.00646	0.00648	C
3896	0.00852	0.00854	C
3897	0.00197	0.00208	T
3898	0.0018	0.00184	T
3899	0.00897	0.00964	C
3900	0.00757	0.00848	G
3901	0.07696	0.07766	A
3902	0.0674	0.06748	C
3903	0.08731	0.08835	C
3904	0.01129	0.0117	T
3905	0.01349	0.01362	T
3906	0.00832	0.00985	G
3907	0.06155	0.06166	C
3908	0.00754	0.00755	C
3909	0.00694	0.00754	G
3910	0.01712	0.01748	A
3911	0.01758	0.01793	A
3912	0.00479	0.00482	G
3913	0.00375	0.0038	G
3914	0.00436	0.00436	G
3915	0.00351	0.00351	G
3916	0.04487	0.05143	A
3917	0.00671	0.00704	G
3918	0.00303	0.00323	T
3919	0.025	0.02505	C
3920	0.01278	0.01282	C
3921	0.00862	0.01059	G
3922	0.04862	0.04905	A
3923	0.07874	0.079	A
3924	0.10619	0.1133	C
3925	0.00565	0.00585	T
3926	0.10372	0.1072	A
3927	0.00413	0.00436	G
3928	0.00372	0.00908	T
3929	0.02118	0.02147	C
3930	0.01671	0.04006	T
3931	0.02698	0.02859	C
3932	0.1161	0.12319	A
3933	0.00913	0.00923	G
3934	0.00655	0.00661	G
3935	0.02255	0.02352	C
3936	0.00475	0.00482	T
3937	0.00815	0.00821	T
3938	0.08253	0.08652	C
3939	0.06006	0.06168	A
3940	0.06555	0.06606	A
3941	0.10368	0.10715	C
3942	0.06287	0.06371	A
3943	0.00999	0.01068	T
3944	0.07083	0.07163	C
3945	0.00943	0.01011	G
3946	0.06774	0.06853	A
3947	0.05075	0.05288	A
3948	0.00839	0.00934	T
3949	0.07307	0.07911	A
3950	0.10862	0.11426	C
3951	0.00842	0.00896	G
3952	0.04064	0.04079	C
3953	0.03128	0.03198	C
3954	0.00918	0.01813	G
3955	0.0781	0.08661	C
3956	0.06276	0.07191	A
3957	0.00953	0.00999	G
3958	0.00769	0.00808	G
3959	0.02419	0.02425	C
3960	0.05092	0.051	C
3961	0.05586	0.0559	C
3962	0.05309	0.05313	C
3963	0.00584	0.00621	T
3964	0.01436	0.01471	T
3965	0.05909	0.06499	C
3966	0.00687	0.00785	G
3967	0.05438	0.05441	C
3968	0.03943	0.03954	C
3969	0.0349	0.0352	C
3970	0.00449	0.00489	T
3971	0.05377	0.05759	A
3972	0.00615	0.00619	T
3973	0.0065	0.00659	T
3974	0.04654	0.06233	C
3975	0.00675	0.00678	T
3976	0.00691	0.00747	T
3977	0.06505	0.06938	C
3978	0.05432	0.06171	A
3979	0.0108	0.01244	T
3980	0.0656	0.07556	A
3981	0.00865	0.00944	G
3982	0.05207	0.05247	C
3983	0.02653	0.02678	C
3984	0.01001	0.0126	G
3985	0.05161	0.05243	A
3986	0.0344	0.03567	A
3987	0.01005	0.01111	T
3988	0.04972	0.05066	A
3989	0.05845	0.06166	C
3990	0.0228	0.02439	A
3991	0.05291	0.05998	C
3992	0.04013	0.0405	A
3993	0.03389	0.03401	A
3994	0.02925	0.03006	A
3995	0.05366	0.06181	C
3996	0.03434	0.03555	A
3997	0.00781	0.00855	T
3998	0.0081	0.0087	T
3999	0.03048	0.0584	A
