Position	Mismatches	Mismatches + Deletions	Base
8000	0.0879	0.08885	A
8001	0.03754	0.03912	C
8002	0.02486	0.02502	A
8003	0.02695	0.02774	A
8004	0.00373	0.0041	T
8005	0.02754	0.02803	C
8006	0.00652	0.00674	G
8007	0.03858	0.04034	A
8008	0.0067	0.00691	G
8009	0.00959	0.01018	T
8010	0.06754	0.06987	A
8011	0.01633	0.01974	G
8012	0.01152	0.01291	T
8013	0.06316	0.06804	A
8014	0.06872	0.07287	C
8015	0.01124	0.01404	T
8016	0.0288	0.02885	C
8017	0.03721	0.03722	C
8018	0.01638	0.01647	C
8019	0.00641	0.0082	G
8020	0.02617	0.02688	A
8021	0.00419	0.0045	T
8022	0.00417	0.00418	T
8023	0.00741	0.00837	G
8024	0.06713	0.06783	A
8025	0.07185	0.07408	A
8026	0.02144	0.02363	G
8027	0.0338	0.0346	C
8028	0.01794	0.01814	C
8029	0.03331	0.03339	C
8030	0.03544	0.03558	C
8031	0.03112	0.0313	C
8032	0.04674	0.04848	A
8033	0.00985	0.01006	T
8034	0.00767	0.00776	T
8035	0.05159	0.05389	C
8036	0.01096	0.01159	G
8037	0.00783	0.00864	T
8038	0.02751	0.02909	A
8039	0.00949	0.01265	T
8040	0.04419	0.0448	A
8041	0.03567	0.04019	A
8042	0.00886	0.01242	T
8043	0.0357	0.03588	A
8044	0.04617	0.05354	A
8045	0.01013	0.01046	T
8046	0.00952	0.00975	T
8047	0.02904	0.04961	A
8048	0.07295	0.07601	C
8049	0.04912	0.05045	A
8050	0.00894	0.01046	T
8051	0.05875	0.06308	C
8052	0.04332	0.04504	A
8053	0.08052	0.08611	C
8054	0.06159	0.06206	A
8055	0.04332	0.0479	A
8056	0.00648	0.00754	G
8057	0.01965	0.02012	A
8058	0.01816	0.01842	C
8059	0.00922	0.00936	G
8060	0.00348	0.00362	T
8061	0.01465	0.01478	C
8062	0.00685	0.00691	T
8063	0.00588	0.00594	T
8064	0.0066	0.00863	G
8065	0.02465	0.02603	C
8066	0.02683	0.02787	A
8067	0.05033	0.05116	C
8068	0.00912	0.01367	T
8069	0.06807	0.07053	C
8070	0.05815	0.06519	A
8071	0.01187	0.01269	T
8072	0.00918	0.01074	G
8073	0.03346	0.03431	A
8074	0.0099	0.01015	G
8075	0.02278	0.02324	C
8076	0.01142	0.01198	T
8077	0.01451	0.01743	G
8078	0.0156	0.01712	T
8079	0.03166	0.03187	C
8080	0.02673	0.02681	C
8081	0.02463	0.02471	C
8082	0.03185	0.03202	C
8083	0.02289	0.02568	A
8084	0.04563	0.04675	C
8085	0.05657	0.05951	A
8086	0.014	0.01445	T
8087	0.01318	0.01337	T
8088	0.04666	0.06963	A
8089	0.00757	0.00779	G
8090	0.00565	0.00574	G
8091	0.02428	0.0256	C
8092	0.01014	0.0104	T
8093	0.0105	0.01088	T
8094	0.01027	0.01112	A
8095	0.03301	0.03323	A
8096	0.0213	0.02133	A
8097	0.04313	0.04321	A
8098	0.03539	0.03553	A
8099	0.08832	0.0933	C
8100	0.03752	0.041	A
8101	0.00965	0.01037	G
8102	0.05169	0.05291	A
8103	0.00726	0.00748	T
8104	0.00749	0.0082	G
8105	0.02396	0.02484	C
8106	0.03946	0.03995	A
8107	0.05593	0.0567	A
8108	0.01192	0.01205	T
8109	0.00867	0.00884	T
8110	0.06181	0.06199	C
8111	0.06452	0.06471	C
8112	0.05956	0.05976	C
8113	0.00961	0.00989	G
8114	0.00473	0.00511	G
8115	0.02154	0.02544	A
8116	0.01463	0.01582	C
8117	0.01288	0.01306	G
8118	0.00561	0.00615	T
8119	0.01852	0.01891	C
8120	0.01213	0.01481	T
8121	0.01792	0.01875	A
8122	0.03818	0.03864	A
8123	0.04257	0.04285	A
8124	0.06221	0.06319	C
8125	0.03033	0.031	C
8126	0.02546	0.02622	A
8127	0.03836	0.03968	A
8128	0.0489	0.04913	A
8129	0.06088	0.0622	C
8130	0.04824	0.04983	C
8131	0.02597	0.03496	A
8132	0.07423	0.07638	C
8133	0.01225	0.01249	T
8134	0.01325	0.01341	T
8135	0.01612	0.01622	T
8136	0.06392	0.0683	C
8137	0.04542	0.04768	A
8138	0.05994	0.05996	C
8139	0.04581	0.04662	C
8140	0.01359	0.01659	G
8141	0.04259	0.04488	C
8142	0.01256	0.01369	T
8143	0.05887	0.06151	A
8144	0.0721	0.07449	C
8145	0.04641	0.04951	A
8146	0.05617	0.05793	C
8147	0.00948	0.0106	G
8148	0.03298	0.03378	A
8149	0.04617	0.04635	C
8150	0.03126	0.03218	C
8151	0.00955	0.00962	G
8152	0.0048	0.00481	G
8153	0.00464	0.00465	G
8154	0.00644	0.00648	G
8155	0.00926	0.00926	G
8156	0.01484	0.01601	T
8157	0.04273	0.04347	A
8158	0.01405	0.0159	T
8159	0.06272	0.06331	A
8160	0.05033	0.05306	C
8161	0.01149	0.01286	T
8162	0.04855	0.04998	A
8163	0.06586	0.06813	C
8164	0.00748	0.00769	G
8165	0.00563	0.00573	G
8166	0.00878	0.00918	T
8167	0.02539	0.0262	C
8168	0.04516	0.04539	A
8169	0.04092	0.04193	A
8170	0.00902	0.00934	T
8171	0.00853	0.00889	G
8172	0.04788	0.04859	C
8173	0.01643	0.01702	T
8174	0.05425	0.05481	C
8175	0.00694	0.00766	T
8176	0.00554	0.00626	G
8177	0.01186	0.01203	A
8178	0.02125	0.02156	A
8179	0.02462	0.02468	A
8180	0.01916	0.02221	T
8181	0.02012	0.0204	C
8182	0.00381	0.00387	T
8183	0.00978	0.01023	G
8184	0.00323	0.00388	T
8185	0.00456	0.00458	G
8186	0.00663	0.00681	G
8187	0.09964	0.12402	A
8188	0.02123	0.02218	G
8189	0.08831	0.10374	C
8190	0.03228	0.03257	A
8191	0.064	0.06511	A
8192	0.08793	0.08826	A
8193	0.00743	0.00753	C
8194	0.00506	0.00515	C
8195	0.01487	0.01858	A
8196	0.0139	0.01408	C
8197	0.01329	0.01491	A
8198	0.00758	0.00767	G
8199	0.0024	0.0024	T
8200	0.00211	0.00217	T
8201	0.00255	0.00255	T
8202	0.02359	0.02457	C
8203	0.044	0.04843	A
8204	0.02277	0.02347	T
8205	0.00902	0.01025	G
8206	0.0456	0.04577	C
8207	0.06054	0.06067	C
8208	0.02874	0.0289	C
8209	0.03937	0.04688	A
8210	0.00839	0.00943	T
8211	0.06214	0.06294	C
8212	0.01032	0.01163	G
8213	0.00912	0.01087	T
8214	0.03567	0.03576	C
8215	0.02641	0.0265	C
8216	0.00998	0.01065	T
8217	0.05307	0.05467	A
8218	0.01284	0.0141	G
8219	0.05109	0.05134	A
8220	0.04936	0.05021	A
8221	0.00961	0.01015	T
8222	0.0087	0.00947	T
8223	0.03934	0.03984	A
8224	0.0749	0.07733	A
8225	0.01446	0.01466	T
8226	0.02271	0.02344	T
8227	0.03408	0.03531	C
8228	0.02375	0.02406	C
8229	0.026	0.02665	C
8230	0.02559	0.02669	C
8231	0.0139	0.01706	T
8232	0.00669	0.00737	A
8233	0.02499	0.02589	A
8234	0.02275	0.02328	A
8235	0.03944	0.04009	A
8236	0.03587	0.0376	A
8237	0.00759	0.00856	T
8238	0.0922	0.0948	C
8239	0.00866	0.00868	T
8240	0.00987	0.00987	T
8241	0.0102	0.01027	T
8242	0.01112	0.01281	G
8243	0.01362	0.01365	A
8244	0.04577	0.0459	A
8245	0.03387	0.03394	A
8246	0.00584	0.00646	T
8247	0.03155	0.03307	A
8248	0.00747	0.00767	G
8249	0.00589	0.00591	G
8250	0.00631	0.00639	G
8251	0.06032	0.06059	C
8252	0.04653	0.04662	C
8253	0.04556	0.04557	C
8254	0.01115	0.01359	G
8255	0.00738	0.00806	T
8256	0.03844	0.03908	A
8257	0.00888	0.009	T
8258	0.00997	0.00997	T
8259	0.00941	0.00973	T
8260	0.08572	0.09241	A
8261	0.02334	0.02341	C
8262	0.01637	0.0164	C
8263	0.01288	0.01288	C
8264	0.00404	0.00445	T
8265	0.02208	0.02574	A
8266	0.00713	0.00804	T
8267	0.05395	0.05574	A
8268	0.02433	0.02675	G
8269	0.05594	0.05911	C
8270	0.04409	0.04756	A
8271	0.03827	0.03834	C
8272	0.02923	0.0293	C
8273	0.03001	0.03001	C
8274	0.03256	0.03256	C
8275	0.01936	0.01944	C
8276	0.01821	0.02142	T
8277	0.03059	0.03155	C
8278	0.02181	0.0244	T
8279	0.0378	0.04087	A
8280	0.02593	0.02621	C
8281	0.01805	0.01859	C
8282	0.01384	0.01397	C
8283	0.01551	0.01551	C
8284	0.01432	0.01437	C
8285	0.01209	0.01325	T
8286	0.02365	0.02386	C
8287	0.01259	0.01319	T
8288	0.02939	0.03105	A
8289	0.00776	0.0081	G
8290	0.02236	0.02337	A
8291	0.01726	0.02043	G
8292	0.05188	0.05192	C
8293	0.03471	0.03474	C
8294	0.00117	0.00119	C
8295	0.00131	0.00155	A
8296	0.00457	0.00459	C
8297	0.00259	0.00264	T
8298	0.00536	0.00544	G
8299	0.00248	0.003	T
8300	0.04286	0.04287	A
8301	0.00359	0.00359	A
8302	0.69547	0.69564	A
8303	0.00441	0.00528	G
8304	0.00653	0.00727	C
8305	0.0018	0.00197	T
8306	0.03978	0.0398	A
8307	0.05835	0.05839	A
8308	0.12125	0.12437	C
8309	0.01166	0.0117	T
8310	0.01019	0.01022	T
8311	0.02072	0.02952	A
8312	0.00893	0.00943	G
8313	0.01468	0.01487	C
8314	0.13891	0.14002	A
8315	0.00417	0.00461	T
8316	0.00439	0.00494	T
8317	0.00989	0.00995	A
8318	0.01705	0.01773	A
8319	0.00824	0.00871	C
8320	0.02234	0.02284	C
8321	0.00225	0.00311	T
8322	0.02034	0.02062	T
8323	0.00305	0.00317	T
8324	0.00351	0.00362	T
8325	0.00419	0.00474	A
8326	0.03152	0.03243	A
8327	0.00622	0.00652	G
8328	0.00815	0.00818	T
8329	0.00693	0.00699	T
8330	0.02535	0.02547	A
8331	0.02972	0.02976	A
8332	0.03411	0.03419	A
8333	0.00741	0.00783	G
8334	0.04599	0.04659	A
8335	0.00553	0.00562	T
8336	0.00633	0.00639	T
8337	0.03184	0.03192	A
8338	0.03207	0.03245	A
8339	0.00756	0.00807	G
8340	0.0298	0.0314	A
8341	0.00911	0.01113	G
8342	0.05075	0.05075	A
8343	0.04218	0.04275	A
8344	0.06291	0.06386	C
8345	0.03355	0.03392	C
8346	0.061	0.06205	A
8347	0.24899	0.2515	A
8348	0.06651	0.07377	C
8349	0.06857	0.07147	A
8350	0.05948	0.06	C
8351	0.01686	0.01751	C
8352	0.00288	0.00314	T
8353	0.02492	0.02515	C
8354	0.00356	0.00356	T
8355	0.00357	0.00357	T
8356	0.00321	0.00323	T
8357	0.0152	0.01774	A
8358	0.02514	0.02524	C
8359	0.0245	0.02502	A
8360	0.01276	0.01283	G
8361	0.00266	0.00318	T
8362	0.00114	0.00133	G
8363	0.00281	0.0029	A
8364	0.00398	0.00401	A
8365	0.00404	0.0043	A
8366	0.00213	0.00234	T
8367	0.00137	0.00159	G
8368	0.00329	0.0034	C
8369	0.00239	0.00351	C
8370	0.00329	0.00329	C
8371	0.00445	0.00445	C
8372	0.0047	0.00476	A
8373	0.00706	0.00707	A
8374	0.00831	0.00857	C
8375	0.00227	0.00285	T
8376	0.00531	0.00539	A
8377	0.00805	0.00808	A
8378	0.0078	0.00782	A
8379	0.00226	0.00243	T
8380	0.01221	0.01233	A
8381	0.01306	0.01404	C
8382	0.00284	0.00314	T
8383	0.0115	0.01187	A
8384	0.01533	0.01557	C
8385	0.01208	0.01238	C
8386	0.00457	0.00558	G
8387	0.00231	0.00266	T
8388	0.01223	0.01262	A
8389	0.00282	0.00342	T
8390	0.00304	0.00311	G
8391	0.00262	0.00265	G
8392	0.01398	0.01404	C
8393	0.00868	0.00874	C
8394	0.01017	0.01033	C
8395	0.0103	0.01291	A
8396	0.01546	0.01548	C
8397	0.01295	0.01312	C
8398	0.0103	0.01539	A
8399	0.00308	0.00443	T
8400	0.01745	0.01745	A
8401	0.02192	0.02361	A
8402	0.00484	0.00498	T
8403	0.00517	0.00529	T
8404	0.02215	0.02611	A
8405	0.02148	0.02183	C
8406	0.01263	0.01274	C
8407	0.01699	0.01702	C
8408	0.01052	0.01055	C
8409	0.01431	0.01435	C
8410	0.01203	0.02391	A
8411	0.00494	0.00534	T
8412	0.02185	0.02272	A
8413	0.0211	0.02214	C
8414	0.0046	0.0055	T
8415	0.02433	0.02434	C
8416	0.01926	0.01987	C
8417	0.00643	0.00652	T
8418	0.00616	0.00643	T
8419	0.01589	0.02981	A
8420	0.03811	0.03922	C
8421	0.02579	0.02678	A
8422	0.03741	0.03883	C
8423	0.00666	0.00722	T
8424	0.03017	0.04088	A
8425	0.00668	0.00675	T
8426	0.00627	0.00644	T
8427	0.03065	0.03102	C
8428	0.0246	0.02496	C
8429	0.00637	0.00713	T
8430	0.03211	0.03455	C
8431	0.02482	0.0298	A
8432	0.01329	0.01888	T
8433	0.03156	0.03592	C
8434	0.02206	0.02368	A
8435	0.03706	0.03753	C
8436	0.02643	0.02659	C
8437	0.02467	0.02622	C
8438	0.01529	0.01615	A
8439	0.02366	0.02386	A
8440	0.04422	0.04752	C
8441	0.01146	0.01575	T
8442	0.00318	0.00369	A
8443	0.01551	0.01595	A
8444	0.01807	0.01824	A
8445	0.02583	0.02602	A
8446	0.02115	0.02156	A
8447	0.00751	0.00926	T
8448	0.02857	0.02947	A
8449	0.00868	0.00887	T
8450	0.00929	0.01043	T
8451	0.03198	0.03223	A
8452	0.03425	0.03472	A
8453	0.0249	0.0251	A
8454	0.04755	0.05356	C
8455	0.02271	0.02424	A
8456	0.04727	0.05384	C
8457	0.04315	0.04315	A
8458	0.04375	0.04375	A
8459	0.02814	0.0284	A
8460	0.03752	0.04238	C
8461	0.00915	0.01009	T
8462	0.04654	0.0476	A
8463	0.03329	0.03369	C
8464	0.02372	0.0245	C
8465	0.01873	0.0234	A
8466	0.03804	0.03819	C
8467	0.02058	0.0216	C
8468	0.0096	0.01109	T
8469	0.04418	0.04645	A
8470	0.05358	0.05467	C
8471	0.03208	0.03648	C
8472	0.00888	0.01099	T
8473	0.04249	0.0426	C
8474	0.03179	0.03183	C
8475	0.02831	0.03035	C
8476	0.01135	0.01339	T
8477	0.03686	0.03891	C
8478	0.02664	0.02929	A
8479	0.0338	0.03383	C
8480	0.02658	0.0273	C
8481	0.01938	0.02001	A
8482	0.03064	0.03129	A
8483	0.04366	0.04473	A
8484	0.01802	0.01965	G
8485	0.0298	0.03039	C
8486	0.04585	0.0466	C
8487	0.03823	0.03945	C
8488	0.0178	0.02131	A
8489	0.01349	0.01914	T
8490	0.00338	0.00345	A
8491	0.01631	0.01642	A
8492	0.01542	0.01559	A
8493	0.02344	0.02346	A
8494	0.0168	0.01735	A
8495	0.10746	0.11862	T
8496	0.0057	0.00572	A
8497	0.00599	0.00599	A
8498	0.01771	0.01773	A
8499	0.01402	0.01402	A
8500	0.01802	0.01802	A
8501	0.02198	0.02256	A
8502	0.0158	0.01666	T
8503	0.01749	0.0209	T
8504	0.0287	0.04967	A
8505	0.0168	0.02259	T
8506	0.05061	0.05066	A
8507	0.04113	0.04265	A
8508	0.09058	0.09682	C
8509	0.03694	0.03694	A
8510	0.03894	0.03895	A
8511	0.04029	0.04267	A
8512	0.06297	0.0649	C
8513	0.04862	0.04964	C
8514	0.03993	0.04062	C
8515	0.0107	0.01379	T
8516	0.01477	0.01677	G
8517	0.06007	0.06207	A
8518	0.01809	0.02306	G
8519	0.04253	0.0428	A
8520	0.04292	0.04376	A
8521	0.07203	0.07275	C
8522	0.05897	0.06083	C
8523	0.02225	0.02278	A
8524	0.02463	0.02486	A
8525	0.0341	0.03444	A
8526	0.03218	0.0325	A
8527	0.00729	0.00842	T
8528	0.00782	0.00924	G
8529	0.0222	0.02241	A
8530	0.02752	0.02777	A
8531	0.05073	0.05355	C
8532	0.00889	0.01072	G
8533	0.02645	0.02681	A
8534	0.01643	0.01671	A
8535	0.05913	0.0597	A
8536	0.06955	0.07001	A
8537	0.01159	0.01377	T
8538	0.08788	0.08865	C
8539	0.01564	0.01592	T
8540	0.01685	0.02313	G
8541	0.0071	0.00711	T
8542	0.00747	0.0078	T
8543	0.0321	0.03451	C
8544	0.01184	0.01254	G
8545	0.10249	0.10569	C
8546	0.00568	0.00624	T
8547	0.00558	0.00572	T
8548	0.04343	0.04506	C
8549	0.04369	0.04531	A
8550	0.00585	0.00648	T
8551	0.00591	0.00617	T
8552	0.06925	0.07345	C
8553	0.06551	0.06879	A
8554	0.01203	0.01227	T
8555	0.01914	0.01995	T
8556	0.02042	0.02365	G
8557	0.04615	0.04656	C
8558	0.02384	0.02413	C
8559	0.04296	0.04316	C
8560	0.03341	0.03349	C
8561	0.04272	0.04296	C
8562	0.02939	0.03792	A
8563	0.0706	0.07517	C
8564	0.04297	0.04352	A
8565	0.04354	0.04501	A
8566	0.00981	0.011	T
8567	0.05734	0.05751	C
8568	0.03002	0.03075	C
8569	0.01112	0.01288	T
8570	0.05477	0.0658	A
8571	0.00926	0.00957	G
8572	0.00686	0.00694	G
8573	0.02344	0.02365	C
8574	0.02847	0.02937	C
8575	0.00897	0.01194	T
8576	0.05157	0.05569	A
8577	0.08811	0.08876	C
8578	0.05779	0.06052	C
8579	0.06971	0.07436	C
8580	0.00934	0.01164	G
8581	0.03402	0.03402	C
8582	0.03034	0.03094	C
8583	0.00935	0.0145	G
8584	0.06899	0.07051	C
8585	0.05597	0.05806	A
8586	0.01381	0.01421	G
8587	0.00966	0.01052	T
8588	0.05506	0.05589	A
8589	0.08556	0.08705	C
8590	0.01143	0.01183	T
8591	0.00756	0.01139	G
8592	0.04156	0.04257	A
8593	0.00837	0.0093	T
8594	0.05922	0.06074	C
8595	0.06961	0.0722	A
8596	0.00899	0.00908	T
8597	0.008	0.00829	T
8598	0.06354	0.07865	C
8599	0.00784	0.00833	T
8600	0.08792	0.09944	A
8601	0.00569	0.0057	T
8602	0.01119	0.0112	T
8603	0.01901	0.01906	T
8604	0.04525	0.04594	C
8605	0.03578	0.03613	C
8606	0.03458	0.0347	C
8607	0.03318	0.03328	C
8608	0.03123	0.03138	C
8609	0.00751	0.00823	T
8610	0.05224	0.05411	C
8611	0.00737	0.00753	T
8612	0.05466	0.05876	A
8613	0.00677	0.00677	T
8614	0.00852	0.00862	T
8615	0.01091	0.01313	G
8616	0.04086	0.04222	A
8617	0.01632	0.01748	T
8618	0.0246	0.02523	C
8619	0.02896	0.02926	C
8620	0.02167	0.02169	C
8621	0.0281	0.02835	C
8622	0.03491	0.042	A
8623	0.03623	0.03633	C
8624	0.02321	0.02399	C
8625	0.01043	0.01321	T
8626	0.02787	0.02788	C
8627	0.02377	0.02402	C
8628	0.01896	0.0193	A
8629	0.03345	0.0338	A
8630	0.03447	0.03482	A
8631	0.01288	0.01427	T
8632	0.04096	0.04193	A
8633	0.01471	0.01513	T
8634	0.03871	0.03951	C
8635	0.01269	0.0138	T
8636	0.03412	0.03591	C
8637	0.03113	0.03431	A
8638	0.01288	0.01488	T
8639	0.04004	0.04171	C
8640	0.02995	0.03108	A
8641	0.02905	0.02933	A
8642	0.04213	0.04601	C
8643	0.02991	0.03004	A
8644	0.02983	0.0308	A
8645	0.04097	0.04117	C
8646	0.026	0.02668	C
8647	0.0096	0.01213	G
8648	0.03335	0.03363	A
8649	0.0306	0.03097	C
8650	0.00791	0.00919	T
8651	0.02636	0.02674	A
8652	0.02952	0.03009	A
8653	0.0122	0.01302	T
8654	0.03311	0.03445	C
8655	0.03204	0.03307	A
8656	0.03102	0.03104	C
8657	0.01891	0.02009	C
8658	0.01886	0.02413	A
8659	0.028	0.02802	C
8660	0.02364	0.02364	C
8661	0.02326	0.02383	C
8662	0.02194	0.02234	A
8663	0.02593	0.02608	A
8664	0.0401	0.04205	C
8665	0.02624	0.02643	A
8666	0.0281	0.02879	A
8667	0.01474	0.01542	T
8668	0.01154	0.01213	G
8669	0.03022	0.03059	A
8670	0.03992	0.0412	C
8671	0.01398	0.0163	T
8672	0.02372	0.02399	A
8673	0.03143	0.03213	A
8674	0.01344	0.0157	T
8675	0.04113	0.04351	C
8676	0.02849	0.02904	A
8677	0.0289	0.03022	A
8678	0.02968	0.02996	A
8679	0.04499	0.0552	C
8680	0.02361	0.02692	T
8681	0.02845	0.02889	A
8682	0.02901	0.02977	A
8683	0.0435	0.04417	C
8684	0.0245	0.02666	C
8685	0.01908	0.02058	T
8686	0.03297	0.03548	C
8687	0.02551	0.02698	A
8688	0.01884	0.01952	A
8689	0.02723	0.02772	A
8690	0.02513	0.0253	A
8691	0.05285	0.06343	C
8692	0.01909	0.01923	A
8693	0.03021	0.03027	A
8694	0.02969	0.03018	A
8695	0.01766	0.0188	T
8696	0.02059	0.02175	G
8697	0.03877	0.04052	A
8698	0.01352	0.01727	T
8699	0.02732	0.0274	A
8700	0.03216	0.03359	A
8701	0.04256	0.0433	C
8702	0.02779	0.02805	C
8703	0.01334	0.0344	A
8704	0.01583	0.01702	T
8705	0.03833	0.03927	A
8706	0.04814	0.05082	C
8707	0.0335	0.03499	A
8708	0.04592	0.05276	C
8709	0.02886	0.02886	A
8710	0.03071	0.03196	A
8711	0.04581	0.05128	C
8712	0.03466	0.03542	A
8713	0.04957	0.05285	C
8714	0.01607	0.02138	T
8715	0.02842	0.02898	A
8716	0.03812	0.03852	A
8717	0.03598	0.03633	A
8718	0.00887	0.00934	G
8719	0.00764	0.00784	G
8720	0.03669	0.04608	A
8721	0.05087	0.05305	C
8722	0.02351	0.0262	G
8723	0.04025	0.04129	A
8724	0.04488	0.04624	A
8725	0.0576	0.05808	C
8726	0.028	0.02866	C
8727	0.01348	0.01477	T
8728	0.01617	0.01903	G
8729	0.03851	0.03943	A
8730	0.01397	0.01456	T
8731	0.05024	0.05082	C
8732	0.01406	0.01476	T
8733	0.05774	0.06027	C
8734	0.01478	0.01479	T
8735	0.01444	0.01527	T
8736	0.02753	0.05471	A
8737	0.01403	0.01521	T
8738	0.04141	0.04633	A
8739	0.05499	0.05739	C
8740	0.01109	0.01178	T
8741	0.04897	0.05156	A
8742	0.01427	0.01634	G
8743	0.00971	0.01125	T
8744	0.05286	0.05483	A
8745	0.00772	0.01115	T
8746	0.05364	0.05429	C
8747	0.04372	0.04539	C
8748	0.01043	0.01061	T
8749	0.00998	0.01062	T
8750	0.03769	0.04014	A
8751	0.05779	0.06178	A
8752	0.01498	0.01536	T
8753	0.07867	0.08208	C
8754	0.02749	0.03221	A
8755	0.00655	0.00661	T
8756	0.00649	0.00662	T
8757	0.00663	0.00667	T
8758	0.0074	0.00742	T
8759	0.00655	0.00675	T
8760	0.05207	0.07756	A
8761	0.0111	0.01111	T
8762	0.01698	0.01717	T
8763	0.01901	0.0206	G
8764	0.04733	0.04764	C
8765	0.03492	0.03581	C
8766	0.02356	0.03728	A
8767	0.05954	0.06864	C
8768	0.03556	0.03577	A
8769	0.04952	0.0503	A
8770	0.06357	0.07205	C
8771	0.00973	0.012	T
8772	0.04553	0.04648	A
8773	0.05173	0.05333	A
8774	0.06153	0.06253	C
8775	0.03032	0.0337	C
8776	0.00778	0.00941	T
8777	0.0395	0.03981	C
8778	0.03751	0.03967	C
8779	0.01015	0.01207	T
8780	0.06068	0.06357	C
8781	0.0097	0.01072	G
8782	0.00829	0.00875	G
8783	0.04432	0.05183	A
8784	0.05283	0.05377	C
8785	0.00744	0.00862	T
8786	0.04207	0.04211	C
8787	0.02204	0.02339	C
8788	0.01249	0.01399	T
8789	0.01006	0.01137	G
8790	0.02609	0.02626	C
8791	0.01889	0.01953	C
8792	0.00907	0.01093	T
8793	0.02522	0.02634	C
8794	0.02605	0.02771	A
8795	0.03339	0.03422	C
8796	0.00986	0.01114	T
8797	0.03028	0.03118	C
8798	0.02425	0.02803	A
8799	0.00908	0.00916	T
8800	0.01141	0.0115	T
8801	0.00968	0.01021	T
8802	0.04645	0.05282	A
8803	0.07392	0.07683	C
8804	0.04214	0.04297	A
8805	0.06325	0.06354	C
8806	0.03632	0.03924	C
8807	0.025	0.02564	A
8808	0.03881	0.03966	A
8809	0.04762	0.04853	C
8810	0.02971	0.03108	C
8811	0.0249	0.03372	A
8812	0.047	0.0473	C
8813	0.0294	0.02945	C
8814	0.03187	0.03362	C
8815	0.0239	0.02417	A
8816	0.03827	0.03846	A
8817	0.05906	0.06189	C
8818	0.01209	0.01277	T
8819	0.03787	0.0386	A
8820	0.01177	0.01227	T
8821	0.05567	0.05678	C
8822	0.01254	0.01296	T
8823	0.05137	0.05574	A
8824	0.01055	0.0124	T
8825	0.03372	0.03416	A
8826	0.03725	0.03747	A
8827	0.04956	0.05191	A
8828	0.06037	0.06195	C
8829	0.01447	0.01549	C
8830	0.01138	0.01212	T
8831	0.05363	0.05627	A
8832	0.0103	0.01068	G
8833	0.04185	0.04197	C
8834	0.03843	0.03867	C
8835	0.03607	0.05236	A
8836	0.0125	0.01483	T
8837	0.00792	0.00812	G
8838	0.00628	0.00637	G
8839	0.04029	0.04037	C
8840	0.0337	0.03409	C
8841	0.04327	0.05412	A
8842	0.01271	0.01581	T
8843	0.03741	0.03777	C
8844	0.04261	0.0428	C
8845	0.05002	0.05021	C
8846	0.03938	0.03946	C
8847	0.00907	0.00927	T
8848	0.00808	0.00843	T
8849	0.02215	0.04604	A
8850	0.00912	0.0095	T
8851	0.00552	0.00641	G
8852	0.02411	0.02541	A
8853	0.00808	0.00833	G
8854	0.04184	0.04459	C
8855	0.00685	0.00685	G
8856	0.00423	0.00423	G
8857	0.00458	0.00467	G
8858	0.04928	0.05982	C
8859	0.84229	0.84459	A
8860	0.04621	0.04666	C
8861	0.04216	0.04431	A
8862	0.01341	0.01375	G
8863	0.01235	0.01302	T
8864	0.00942	0.01013	G
8865	0.04469	0.04889	A
8866	0.00965	0.00969	T
8867	0.00994	0.01027	T
8868	0.05049	0.084	A
8869	0.01132	0.01242	T
8870	0.07136	0.07917	A
8871	0.00829	0.00877	G
8872	0.0042	0.00422	G
8873	0.03401	0.03523	C
8874	0.0036	0.0037	T
8875	0.01352	0.01357	T
8876	0.01177	0.01179	T
8877	0.04613	0.04922	C
8878	0.00886	0.00932	G
8879	0.03578	0.03667	C
8880	0.00893	0.00919	T
8881	0.04436	0.04571	C
8882	0.00844	0.00969	T
8883	0.04413	0.0447	A
8884	0.04798	0.04853	A
8885	0.0114	0.01326	G
8886	0.05819	0.06042	A
8887	0.01117	0.0115	T
8888	0.01236	0.01415	T
8889	0.00686	0.0072	A
8890	0.03412	0.03452	A
8891	0.02596	0.02626	A
8892	0.05231	0.05267	A
8893	0.0451	0.04539	A
8894	0.01533	0.01632	T
8895	0.00903	0.01025	G
8896	0.03416	0.03424	C
8897	0.02633	0.02671	C
8898	0.02212	0.02238	C
8899	0.01154	0.01322	T
8900	0.05287	0.06204	A
8901	0.01254	0.01435	G
8902	0.03247	0.03273	C
8903	0.02618	0.0263	C
8904	0.04331	0.04369	C
8905	0.02833	0.03736	A
8906	0.06043	0.06176	C
8907	0.01151	0.01175	T
8908	0.0086	0.00891	T
8909	0.05738	0.06601	C
8910	0.013	0.01305	T
8911	0.01333	0.01377	T
8912	0.03581	0.05561	A
8913	0.06087	0.06131	C
8914	0.04433	0.04551	C
8915	0.0275	0.03399	A
8916	0.06398	0.06876	C
8917	0.0462	0.04635	A
8918	0.05308	0.0554	A
8919	0.00815	0.00863	G
8920	0.00826	0.00847	G
8921	0.03629	0.03909	C
8922	0.04412	0.04999	A
8923	0.06477	0.06835	C
8924	0.02848	0.02908	A
8925	0.05468	0.05479	C
8926	0.0283	0.02923	C
8927	0.01313	0.01564	T
8928	0.04174	0.05014	A
8929	0.06145	0.06606	C
8930	0.03253	0.03846	A
8931	0.03005	0.03015	C
8932	0.02837	0.02875	C
8933	0.02531	0.02546	C
8934	0.03095	0.03132	C
8935	0.00858	0.00878	T
8936	0.01266	0.01322	T
8937	0.02739	0.04854	A
8938	0.01886	0.02144	T
8939	0.04075	0.04286	C
8940	0.03431	0.03461	C
8941	0.03573	0.03592	C
8942	0.03322	0.03345	C
8943	0.0149	0.0341	A
8944	0.01099	0.01182	T
8945	0.03434	0.03484	A
8946	0.04322	0.04505	C
8947	0.01174	0.01239	T
8948	0.03924	0.04072	A
8949	0.01173	0.01241	G
8950	0.00921	0.0094	T
8951	0.01151	0.01272	T
8952	0.03196	0.05509	A
8953	0.01172	0.01174	T
8954	0.01368	0.01459	T
8955	0.03004	0.05375	A
8956	0.01765	0.01835	T
8957	0.05654	0.05953	C
8958	0.01853	0.02147	G
8959	0.01976	0.02085	A
8960	0.03432	0.03471	A
8961	0.03819	0.03832	A
8962	0.04828	0.04865	C
8963	0.02721	0.02741	C
8964	0.02778	0.03301	A
8965	0.01352	0.02252	T
8966	0.03613	0.03793	C
8967	0.04199	0.04953	A
8968	0.01323	0.01446	G
8969	0.03663	0.03678	C
8970	0.01983	0.02009	C
8971	0.01455	0.01565	T
8972	0.03784	0.04006	A
8973	0.05099	0.05233	C
8974	0.01399	0.01502	T
8975	0.04644	0.04962	C
8976	0.03741	0.0432	A
8977	0.01327	0.01341	T
8978	0.01159	0.01207	T
8979	0.05297	0.05596	C
8980	0.03689	0.03794	A
8981	0.04138	0.04238	A
8982	0.05367	0.05408	C
8983	0.04843	0.04877	C
8984	0.03236	0.03262	A
8985	0.04762	0.04872	A
8986	0.01502	0.01738	T
8987	0.05656	0.06011	A
8988	0.0122	0.01448	G
8989	0.03787	0.03814	C
8990	0.0427	0.04278	C
8991	0.03651	0.03685	C
8992	0.00977	0.01318	T
8993	0.00935	0.00945	G
8994	0.00596	0.00599	G
8995	0.01168	0.01171	C
8996	0.0491	0.04912	C
8997	0.01791	0.02349	G
8998	0.01103	0.01365	T
8999	0.05492	0.0599	A
9000	0.09091	0.09321	C
9001	0.00829	0.00847	G
9002	0.01886	0.01905	C
9003	0.01388	0.01413	C
9004	0.01308	0.01569	T
9005	0.04287	0.04411	A
9006	0.05098	0.052	A
9007	0.07919	0.07987	C
9008	0.05857	0.05984	C
9009	0.00818	0.00974	G
9010	0.02548	0.02716	C
9011	0.00952	0.0116	T
9012	0.04975	0.05062	A
9013	0.05334	0.05397	A
9014	0.06867	0.06993	C
9015	0.05196	0.05529	A
9016	0.01113	0.0117	T
9017	0.01132	0.01164	T
9018	0.03464	0.05855	A
9019	0.07193	0.07324	C
9020	0.0116	0.01184	T
9021	0.0103	0.01499	G
9022	0.04082	0.04446	C
9023	0.05017	0.05718	A
9024	0.00895	0.00902	G
9025	0.00886	0.0092	G
9026	0.02409	0.02418	C
9027	0.02544	0.02624	C
9028	0.03546	0.04468	A
9029	0.06948	0.06958	C
9030	0.03156	0.03205	C
9031	0.0143	0.01561	T
9032	0.03776	0.03919	A
9033	0.05536	0.057	C
9034	0.01525	0.02006	T
9035	0.05383	0.05939	C
9036	0.04315	0.05043	A
9037	0.0119	0.01257	T
9038	0.01062	0.01334	G
9039	0.0385	0.0405	C
9040	0.03908	0.04007	A
9041	0.05258	0.05302	C
9042	0.0329	0.03341	C
9043	0.01091	0.01256	T
9044	0.04559	0.04627	A
9045	0.06142	0.06273	A
9046	0.01162	0.01173	T
9047	0.00884	0.00887	T
9048	0.01021	0.01039	G
9049	0.00935	0.00968	G
9050	0.0437	0.04407	A
9051	0.04736	0.04797	A
9052	0.01574	0.01701	G
9053	0.04517	0.04837	C
9054	0.01469	0.01526	G
9055	0.04327	0.04336	C
9056	0.02353	0.024	C
9057	0.02482	0.03714	A
9058	0.04374	0.04374	C
9059	0.03291	0.03295	C
9060	0.02394	0.02469	C
9061	0.01666	0.01743	T
9062	0.03896	0.03965	A
9063	0.00825	0.00897	G
9064	0.04137	0.04256	C
9065	0.0412	0.04168	A
9066	0.04236	0.04285	A
9067	0.0118	0.01292	T
9068	0.04763	0.04859	A
9069	0.0133	0.01578	T
9070	0.04719	0.05095	C
9071	0.03188	0.0322	A
9072	0.03875	0.039	A
9073	0.05016	0.05045	C
9074	0.03425	0.0345	C
9075	0.03684	0.04548	A
9076	0.0125	0.01304	T
9077	0.01119	0.01182	T
9078	0.02706	0.02734	A
9079	0.04291	0.04389	A
9080	0.0596	0.06035	C
9081	0.03712	0.03822	C
9082	0.01493	0.01534	T
9083	0.01169	0.01189	T
9084	0.03796	0.03828	C
9085	0.02588	0.02608	C
9086	0.02967	0.03009	C
9087	0.01203	0.01326	T
9088	0.03473	0.03698	C
9089	0.01162	0.01248	T
9090	0.03359	0.03652	A
9091	0.04425	0.04548	C
9092	0.0236	0.02501	A
9093	0.0458	0.04798	C
9094	0.01116	0.01153	T
9095	0.00986	0.01059	T
9096	0.03128	0.04696	A
9097	0.01134	0.01258	T
9098	0.04645	0.04883	C
9099	0.04008	0.04425	A
9100	0.01097	0.0116	T
9101	0.04901	0.05285	C
9102	0.01138	0.01148	T
9103	0.01213	0.01264	T
9104	0.04369	0.04669	C
9105	0.03352	0.03522	A
9106	0.0647	0.06776	C
9107	0.03201	0.03313	A
9108	0.0476	0.04929	A
9109	0.01117	0.01144	T
9110	0.00929	0.0096	T
9111	0.04386	0.05669	C
9112	0.01179	0.01437	T
9113	0.03251	0.03506	A
9114	0.05241	0.0547	A
9115	0.01067	0.01071	T
9116	0.00843	0.00886	T
9117	0.04738	0.05546	C
9118	0.01234	0.01304	T
9119	0.04477	0.04676	A
9120	0.0579	0.05988	C
9121	0.01416	0.01484	T
9122	0.00995	0.01205	G
9123	0.04602	0.04673	A
9124	0.05625	0.05876	C
9125	0.01001	0.01058	T
9126	0.04599	0.04978	A
9127	0.00911	0.01125	T
9128	0.05423	0.05486	C
9129	0.02903	0.0303	C
9130	0.01083	0.01167	T
9131	0.04694	0.04952	A
9132	0.01163	0.0126	G
9133	0.02264	0.02276	A
9134	0.03911	0.03926	A
9135	0.04547	0.04613	A
9136	0.01253	0.01341	T
9137	0.05116	0.05185	C
9138	0.01074	0.01093	G
9139	0.04045	0.04112	C
9140	0.00746	0.00788	T
9141	0.00955	0.01056	G
9142	0.01571	0.0173	T
9143	0.04279	0.0439	C
9144	0.00713	0.00731	G
9145	0.03447	0.03449	C
9146	0.03345	0.03377	C
9147	0.01133	0.01147	T
9148	0.01073	0.01108	T
9149	0.03737	0.03869	A
9150	0.04176	0.0423	A
9151	0.01606	0.01807	T
9152	0.04789	0.04863	C
9153	0.02076	0.02137	C
9154	0.02843	0.02908	A
9155	0.05976	0.06127	A
9156	0.00811	0.00894	G
9157	0.02807	0.02826	C
9158	0.02097	0.02131	C
9159	0.01372	0.01409	T
9160	0.03513	0.03581	A
9161	0.05058	0.05137	C
9162	0.01568	0.01794	G
9163	0.00679	0.00725	T
9164	0.00782	0.00797	T
9165	0.00806	0.00815	T
9166	0.01084	0.01084	T
9167	0.04444	0.05288	C
9168	0.0456	0.0473	A
9169	0.05308	0.05523	C
9170	0.02911	0.03006	A
9171	0.05148	0.05371	C
9172	0.01367	0.0139	T
9173	0.00894	0.00943	T
9174	0.03299	0.03799	C
9175	0.01253	0.01294	T
9176	0.04366	0.04606	A
9177	0.00698	0.00767	G
9178	0.00607	0.00893	T
9179	0.02979	0.03018	A
9180	0.04024	0.04209	A
9181	0.00708	0.00781	G
9182	0.03354	0.03401	C
9183	0.02044	0.02067	C
9184	0.01522	0.01629	T
9185	0.0304	0.03182	C
9186	0.01918	0.02069	T
9187	0.03153	0.03399	A
9188	0.03724	0.03753	C
9189	0.02032	0.02135	C
9190	0.0134	0.01427	T
9191	0.01485	0.01557	G
9192	0.02219	0.02316	C
9193	0.02074	0.02284	A
9194	0.0311	0.03183	C
9195	0.01131	0.0118	G
9196	0.02039	0.02114	A
9197	0.02653	0.02814	C
9198	0.02379	0.02392	A
9199	0.01575	0.01602	A
9200	0.02768	0.02976	C
9201	0.01696	0.01759	A
9202	0.02954	0.0316	C
9203	0.02201	0.02257	A
9204	0.01157	0.01955	T
9205	0.02531	0.02531	A
9206	0.022	0.02404	A
9207	0.02041	0.02147	T
9208	0.02123	0.02327	G
9209	0.02108	0.02191	A
9210	0.02083	0.02112	C
9211	0.01415	0.01436	C
9212	0.01867	0.01885	C
9213	0.01533	0.01851	A
9214	0.03025	0.0303	C
9215	0.03357	0.03436	C
9216	0.01545	0.01552	A
9217	0.01846	0.01892	A
9218	0.01345	0.01415	T
9219	0.02061	0.02254	C
9220	0.01658	0.018	A
9221	0.02521	0.02781	C
9222	0.01845	0.02147	A
9223	0.01998	0.0207	T
9224	0.01557	0.01598	G
9225	0.04132	0.0414	C
9226	0.01515	0.01526	C
9227	0.01804	0.01899	T
9228	0.02809	0.02891	A
9229	0.01902	0.02022	T
9230	0.04618	0.04851	C
9231	0.02946	0.03249	A
9232	0.01659	0.01765	T
9233	0.03674	0.0404	A
9234	0.01814	0.02005	T
9235	0.04388	0.04618	A
9236	0.02619	0.02816	G
9237	0.01599	0.02017	T
9238	0.03491	0.03541	A
9239	0.0236	0.02386	A
9240	0.03477	0.0351	A
9241	0.03737	0.0378	A
9242	0.04537	0.04826	C
9243	0.02813	0.02819	C
9244	0.02259	0.02271	C
9245	0.03385	0.05018	A
9246	0.0234	0.02627	G
9247	0.03261	0.03273	C
9248	0.0244	0.02447	C
9249	0.02965	0.02986	C
9250	0.03336	0.04717	A
9251	0.0221	0.02367	T
9252	0.00966	0.01098	G
9253	0.04772	0.04905	A
9254	0.01253	0.01278	C
9255	0.01033	0.01035	C
9256	0.01118	0.01126	C
9257	0.00882	0.00882	C
9258	0.01399	0.01657	T
9259	0.05987	0.06076	A
9260	0.05302	0.05351	A
9261	0.08764	0.09168	C
9262	0.05565	0.05979	A
9263	0.005	0.00529	G
9264	0.0042	0.00433	G
9265	0.0047	0.00479	G
9266	0.00659	0.00667	G
9267	0.02376	0.02383	C
9268	0.02186	0.02188	C
9269	0.04741	0.04748	C
9270	0.02044	0.02238	T
9271	0.04801	0.04895	C
9272	0.02239	0.03072	T
9273	0.05743	0.06036	C
9274	0.05955	0.06686	A
9275	0.0151	0.01757	G
9276	0.03742	0.03747	C
9277	0.02205	0.02219	C
9278	0.02337	0.02396	C
9279	0.0161	0.02046	T
9280	0.04947	0.04947	C
9281	0.03391	0.03566	C
9282	0.01831	0.02114	T
9283	0.04235	0.04366	A
9284	0.04571	0.04648	A
9285	0.01562	0.01647	T
9286	0.01498	0.01659	G
9287	0.04696	0.04777	A
9288	0.05377	0.05448	C
9289	0.04061	0.04153	C
9290	0.01503	0.01803	T
9291	0.06369	0.06392	C
9292	0.04468	0.04563	C
9293	0.00746	0.00804	G
9294	0.00753	0.00755	G
9295	0.02881	0.02881	C
9296	0.01717	0.0174	C
9297	0.00973	0.01104	T
9298	0.03305	0.0347	A
9299	0.00629	0.00647	G
9300	0.07613	0.07621	C
9301	0.03546	0.03561	C
9302	0.02192	0.02928	A
9303	0.00954	0.01063	T
9304	0.01139	0.01213	G
9305	0.00831	0.00903	T
9306	0.00891	0.00959	G
9307	0.0387	0.0414	A
9308	0.01165	0.01171	T
9309	0.01225	0.01234	T
9310	0.01304	0.01309	T
9311	0.05864	0.06221	C
9312	0.04314	0.04418	A
9313	0.07232	0.07525	C
9314	0.02087	0.02128	T
9315	0.01937	0.01962	T
9316	0.05287	0.05303	C
9317	0.03864	0.04051	C
9318	0.02982	0.03893	A
9319	0.04783	0.04942	C
9320	0.02028	0.02313	T
9321	0.04023	0.04023	C
9322	0.03743	0.03841	C
9323	0.02384	0.04369	A
9324	0.01575	0.02157	T
9325	0.03813	0.03874	A
9326	0.04149	0.04521	A
9327	0.05945	0.06398	C
9328	0.0208	0.0218	G
9329	0.0322	0.03298	C
9330	0.01359	0.01735	T
9331	0.02896	0.02907	C
9332	0.02163	0.02202	C
9333	0.01488	0.01752	T
9334	0.02789	0.02878	C
9335	0.01822	0.02213	A
9336	0.01305	0.01356	T
9337	0.05242	0.05399	A
9338	0.03457	0.03654	C
9339	0.01619	0.01697	T
9340	0.02162	0.02767	A
9341	0.00746	0.00776	G
9342	0.0085	0.00853	G
9343	0.02166	0.0217	C
9344	0.0122	0.01247	C
9345	0.02349	0.02556	T
9346	0.03093	0.03185	A
9347	0.04688	0.04962	C
9348	0.02207	0.02764	T
9349	0.02914	0.02979	A
9350	0.02911	0.03034	A
9351	0.04347	0.04368	C
9352	0.02883	0.02952	C
9353	0.02206	0.02256	A
9354	0.02371	0.02396	A
9355	0.04314	0.04721	C
9356	0.02888	0.03077	A
9357	0.03955	0.04403	C
9358	0.02412	0.02497	A
9359	0.04098	0.044	C
9360	0.02677	0.03015	T
9361	0.02913	0.02949	A
9362	0.03058	0.03101	A
9363	0.03719	0.03762	C
9364	0.0344	0.03466	C
9365	0.02268	0.02943	A
9366	0.02466	0.02577	T
9367	0.03546	0.03845	A
9368	0.02349	0.02522	T
9369	0.04265	0.04361	A
9370	0.04415	0.04495	C
9371	0.03543	0.03645	C
9372	0.02506	0.02515	A
9373	0.03463	0.03559	A
9374	0.02176	0.02267	T
9375	0.01216	0.01409	G
9376	0.0316	0.03302	A
9377	0.0241	0.02573	T
9378	0.00663	0.00679	G
9379	0.00807	0.00839	G
9380	0.03265	0.03401	C
9381	0.03191	0.03296	G
9382	0.03385	0.03548	C
9383	0.02938	0.03012	G
9384	0.03369	0.03708	A
9385	0.0168	0.01891	T
9386	0.02059	0.02124	G
9387	0.0159	0.01896	T
9388	0.03784	0.03805	A
9389	0.03521	0.03608	A
9390	0.04827	0.05088	C
9391	0.03337	0.03499	A
9392	0.05012	0.05192	C
9393	0.02956	0.03103	G
9394	0.04077	0.04184	A
9395	0.026	0.0284	G
9396	0.03572	0.03618	A
9397	0.03066	0.03073	A
9398	0.03694	0.03754	A
9399	0.02712	0.0285	G
9400	0.04047	0.0427	C
9401	0.02856	0.03067	A
9402	0.05409	0.05613	C
9403	0.03444	0.03856	A
9404	0.01474	0.01598	T
9405	0.04321	0.04357	A
9406	0.06335	0.06382	C
9407	0.03958	0.04048	C
9408	0.02427	0.02438	A
9409	0.03154	0.03317	A
9410	0.01031	0.01049	G
9411	0.00671	0.00682	G
9412	0.01216	0.01235	C
9413	0.00926	0.0101	C
9414	0.03549	0.04768	A
9415	0.05807	0.05815	C
9416	0.04184	0.04684	C
9417	0.01663	0.03879	A
9418	0.05387	0.06143	C
9419	0.03034	0.03855	A
9420	0.05335	0.06019	C
9421	0.0393	0.04211	A
9422	0.05377	0.05382	C
9423	0.0416	0.04825	C
9424	0.03128	0.03782	A
9425	0.06701	0.06711	C
9426	0.02975	0.03131	C
9427	0.02176	0.02366	T
9428	0.02982	0.03127	G
9429	0.01747	0.02092	T
9430	0.04875	0.04888	C
9431	0.05652	0.05672	C
9432	0.00526	0.00609	A
9433	0.02606	0.02622	A
9434	0.03572	0.03578	A
9435	0.05139	0.05148	A
9436	0.04792	0.04805	A
9437	0.00607	0.00638	G
9438	0.00576	0.00577	G
9439	0.02273	0.02273	C
9440	0.01829	0.01832	C
9441	0.01674	0.01685	T
9442	0.01518	0.01556	T
9443	0.06361	0.06879	C
9444	0.0205	0.02107	G
9445	0.06388	0.06589	A
9446	0.01584	0.01638	T
9447	0.06042	0.06219	A
9448	0.07887	0.08419	C
9449	0.01129	0.01179	G
9450	0.00832	0.0085	G
9451	0.0109	0.01103	G
9452	0.03573	0.0519	A
9453	0.01471	0.02097	T
9454	0.04555	0.04569	A
9455	0.04601	0.05307	A
9456	0.01162	0.01717	T
9457	0.05402	0.05557	C
9458	0.03583	0.037	C
9459	0.0148	0.01586	T
9460	0.04855	0.05255	A
9461	0.01517	0.01518	T
9462	0.01441	0.01445	T
9463	0.01113	0.0127	T
9464	0.05487	0.06497	A
9465	0.01327	0.01328	T
9466	0.01555	0.01788	T
9467	0.04821	0.07844	A
9468	0.11895	0.12211	C
9469	0.02292	0.02404	C
9470	0.0092	0.01102	T
9471	0.02413	0.02499	C
9472	0.01977	0.02152	A
9473	0.00877	0.0108	G
9474	0.00427	0.00464	A
9475	0.00777	0.008	A
9476	0.85123	0.87266	G
9477	0.02149	0.02521	T
9478	0.00653	0.00822	T
9479	0.00552	0.00602	T
9480	0.00553	0.00558	T
9481	0.00342	0.00342	T
9482	0.00473	0.00474	T
9483	0.00387	0.00391	T
9484	0.04768	0.06451	C
9485	0.0103	0.01033	T
9486	0.01481	0.01529	T
9487	0.09151	0.10188	C
9488	0.01734	0.02038	G
9489	0.08493	0.08849	C
9490	0.04971	0.05142	A
9491	0.00833	0.00853	G
9492	0.00949	0.01001	G
9493	0.01573	0.01702	A
9494	0.00557	0.00564	T
9495	0.00665	0.00666	T
9496	0.0034	0.00342	T
9497	0.00514	0.00517	T
9498	0.00269	0.00271	T
9499	0.0201	0.02455	C
9500	0.00962	0.01015	T
9501	0.00729	0.00917	G
9502	0.02696	0.02759	A
9503	0.00704	0.0075	G
9504	0.05729	0.05773	C
9505	0.04089	0.04176	C
9506	0.0083	0.00833	T
9507	0.00945	0.0095	T
9508	0.00944	0.00944	T
9509	0.01022	0.01031	T
9510	0.0472	0.05886	A
9511	0.08345	0.08391	C
9512	0.04787	0.04834	C
9513	0.02639	0.03635	A
9514	0.07533	0.0773	C
9515	0.01394	0.01605	T
9516	0.0628	0.06283	C
9517	0.04792	0.04979	C
9518	0.03666	0.05959	A
9519	0.00721	0.00763	G
9520	0.03182	0.03189	C
9521	0.01654	0.01694	C
9522	0.01017	0.01168	T
9523	0.06336	0.0691	A
9524	0.01376	0.01522	G
9525	0.0299	0.03028	C
9526	0.01099	0.01145	C
9527	0.0282	0.02845	C
9528	0.0364	0.03686	C
9529	0.01428	0.01815	T
9530	0.04142	0.04708	A
9531	0.02263	0.02297	C
9532	0.01577	0.0166	C
9533	0.01847	0.01987	C
9534	0.02334	0.02365	C
9535	0.02448	0.02467	C
9536	0.03278	0.03294	C
9537	0.02869	0.02941	A
9538	0.05038	0.05043	A
9539	0.01313	0.01318	T
9540	0.01003	0.01011	T
9541	0.04682	0.0561	A
9542	0.00406	0.00417	G
9543	0.00549	0.00552	G
9544	0.04223	0.05086	A
9545	0.00482	0.00485	G
9546	0.0033	0.00332	G
9547	0.00477	0.00478	G
9548	0.03175	0.03552	C
9549	0.05491	0.05623	A
9550	0.06941	0.07053	C
9551	0.00907	0.01014	T
9552	0.00964	0.00974	G
9553	0.00519	0.00532	G
9554	0.02151	0.0216	C
9555	0.0381	0.03828	C
9556	0.03997	0.04004	C
9557	0.03691	0.03695	C
9558	0.0526	0.0526	C
9559	0.03762	0.03884	A
9560	0.04342	0.04458	A
9561	0.08966	0.0936	C
9562	0.03888	0.04166	A
9563	0.00571	0.00592	G
9564	0.00706	0.00714	G
9565	0.0358	0.03659	C
9566	0.05532	0.05694	A
9567	0.01743	0.02151	T
9568	0.05304	0.05729	C
9569	0.03471	0.03866	A
9570	0.07633	0.07644	C
9571	0.04415	0.04428	C
9572	0.03401	0.03401	C
9573	0.04326	0.04343	C
9574	0.02519	0.02725	G
9575	0.04336	0.04423	C
9576	0.01106	0.01303	T
9577	0.02372	0.0243	A
9578	0.0363	0.03658	A
9579	0.04059	0.04104	A
9580	0.02146	0.02376	T
9581	0.03685	0.03786	C
9582	0.02845	0.02865	C
9583	0.04049	0.04062	C
9584	0.03975	0.03987	C
9585	0.02066	0.0224	T
9586	0.05562	0.0578	A
9587	0.01317	0.01456	G
9588	0.03165	0.03176	A
9589	0.03556	0.03685	A
9590	0.0157	0.01654	G
9591	0.02251	0.02538	T
9592	0.02338	0.02372	C
9593	0.02632	0.02645	C
9594	0.03417	0.03442	C
9595	0.02775	0.03319	A
9596	0.0412	0.04216	C
9597	0.03275	0.03558	T
9598	0.0322	0.0322	C
9599	0.02023	0.02087	C
9600	0.01645	0.01907	T
9601	0.02768	0.02857	A
9602	0.03171	0.03241	A
9603	0.02681	0.02694	A
9604	0.04793	0.05262	C
9605	0.03129	0.03365	A
9606	0.04622	0.04948	C
9607	0.02806	0.02938	A
9608	0.01484	0.01971	T
9609	0.03824	0.03833	C
9610	0.03502	0.03543	C
9611	0.02621	0.02847	G
9612	0.0158	0.017	T
9613	0.0324	0.03409	A
9614	0.01575	0.01575	T
9615	0.01597	0.01655	T
9616	0.0254	0.04234	A
9617	0.03683	0.03819	C
9618	0.01878	0.02026	T
9619	0.03246	0.03407	C
9620	0.01215	0.0137	G
9621	0.02414	0.02711	C
9622	0.03883	0.03978	A
9623	0.01186	0.01501	T
9624	0.03304	0.03413	C
9625	0.03365	0.03548	A
9626	0.00456	0.00462	G
9627	0.00299	0.00303	G
9628	0.02099	0.02693	A
9629	0.01283	0.01311	G
9630	0.0179	0.01945	T
9631	0.04028	0.04093	A
9632	0.0228	0.02354	T
9633	0.05047	0.05195	C
9634	0.03561	0.03672	A
9635	0.04262	0.04604	A
9636	0.02015	0.02266	T
9637	0.03764	0.04056	C
9638	0.0337	0.03428	A
9639	0.02414	0.02431	C
9640	0.0178	0.01822	C
9641	0.00911	0.01025	T
9642	0.00851	0.00981	G
9643	0.02796	0.02882	A
9644	0.01104	0.01125	G
9645	0.02938	0.03047	C
9646	0.024	0.02587	T
9647	0.04422	0.04517	C
9648	0.03017	0.03147	A
9649	0.0537	0.0537	C
9650	0.0399	0.04125	C
9651	0.02751	0.03496	A
9652	0.019	0.02029	T
9653	0.03887	0.04018	A
9654	0.02371	0.02464	G
9655	0.021	0.02187	T
9656	0.03495	0.03555	C
9657	0.01724	0.02396	T
9658	0.03631	0.03695	A
9659	0.03156	0.03216	A
9660	0.02353	0.02626	T
9661	0.03554	0.03701	A
9662	0.02109	0.02707	G
9663	0.02962	0.02981	A
9664	0.02043	0.02043	A
9665	0.03431	0.03438	A
9666	0.03252	0.03288	A
9667	0.04523	0.05581	C
9668	0.02918	0.02918	A
9669	0.03248	0.0331	A
9670	0.04556	0.04652	C
9671	0.02917	0.03011	C
9672	0.0301	0.03594	G
9673	0.02004	0.02136	A
9674	0.02699	0.02771	A
9675	0.02998	0.03009	A
9676	0.04643	0.04707	C
9677	0.03268	0.03417	C
9678	0.01509	0.01544	A
9679	0.02999	0.03026	A
9680	0.03287	0.03354	A
9681	0.01127	0.02253	T
9682	0.03616	0.03616	A
9683	0.04274	0.04816	A
9684	0.01734	0.01758	T
9685	0.01492	0.01535	T
9686	0.06443	0.06909	C
9687	0.03059	0.03093	A
9688	0.03565	0.03623	A
9689	0.01646	0.01855	G
9690	0.03439	0.03702	C
9691	0.04565	0.04989	A
9692	0.07181	0.07447	C
9693	0.02131	0.0237	T
9694	0.0123	0.0129	G
9695	0.03622	0.03829	C
9696	0.0112	0.01127	T
9697	0.01098	0.01231	T
9698	0.03327	0.05072	A
9699	0.01502	0.01508	T
9700	0.01396	0.01549	T
9701	0.02667	0.05136	A
9702	0.09083	0.09646	C
9703	0.03721	0.03765	A
9704	0.0437	0.04659	A
9705	0.01075	0.01087	T
9706	0.01002	0.01003	T
9707	0.00713	0.00723	T
9708	0.00943	0.0095	T
9709	0.05463	0.07642	A
9710	0.10069	0.10325	C
9711	0.01422	0.01699	T
9712	0.00702	0.00716	G
9713	0.00578	0.00584	G
9714	0.0066	0.00708	G
9715	0.00782	0.00833	T
9716	0.06218	0.06337	C
9717	0.0114	0.01216	T
9718	0.07502	0.07806	C
9719	0.01356	0.01372	T
9720	0.06075	0.06319	A
9721	0.00804	0.00804	T
9722	0.01109	0.01109	T
9723	0.00799	0.008	T
9724	0.01075	0.01086	T
9725	0.03566	0.04297	A
9726	0.02931	0.02962	C
9727	0.01764	0.01773	C
9728	0.01741	0.01764	C
9729	0.0101	0.01266	T
9730	0.07978	0.07991	C
9731	0.04272	0.04686	C
9732	0.01234	0.01362	T
9733	0.05034	0.05525	A
9734	0.08858	0.09177	C
9735	0.04406	0.04572	A
9736	0.05323	0.05587	A
9737	0.00896	0.01017	G
9738	0.04889	0.04895	C
9739	0.028	0.0283	C
9740	0.012	0.01778	T
9741	0.05522	0.05639	C
9742	0.04879	0.0546	A
9743	0.00777	0.00813	G
9744	0.04639	0.04817	A
9745	0.01262	0.01299	G
9746	0.01401	0.0145	T
9747	0.04099	0.04178	A
9748	0.06782	0.0697	C
9749	0.0117	0.01177	T
9750	0.01139	0.01147	T
9751	0.06678	0.07164	C
9752	0.01053	0.01144	G
9753	0.05152	0.05349	A
9754	0.01223	0.01267	G
9755	0.01222	0.01317	T
9756	0.02763	0.02848	C
9757	0.01006	0.01379	T
9758	0.04962	0.04998	C
9759	0.07344	0.07351	C
9760	0.05706	0.05949	C
9761	0.0126	0.01308	T
9762	0.01411	0.01447	T
9763	0.05432	0.06377	C
9764	0.04761	0.05038	A
9765	0.07882	0.07893	C
9766	0.05646	0.05871	C
9767	0.05822	0.0669	A
9768	0.00775	0.00789	T
9769	0.01224	0.01229	T
9770	0.00686	0.00689	T
9771	0.05459	0.05485	C
9772	0.03765	0.03864	C
9773	0.01185	0.01464	G
9774	0.0511	0.05342	A
9775	0.06732	0.07048	C
9776	0.00887	0.00908	G
9777	0.00738	0.00745	G
9778	0.05557	0.05779	C
9779	0.05436	0.05533	A
9780	0.01221	0.01283	T
9781	0.05095	0.05193	C
9782	0.0087	0.01001	T
9783	0.05887	0.0712	A
9784	0.08369	0.08626	C
9785	0.00719	0.00744	G
9786	0.0069	0.00718	G
9787	0.01681	0.01797	C
9788	0.00684	0.00852	T
9789	0.03827	0.03955	C
9790	0.04323	0.04434	A
9791	0.04191	0.04222	A
9792	0.09892	0.10205	C
9793	0.01785	0.01872	A
9794	0.00434	0.00445	T
9795	0.00469	0.00474	T
9796	0.00392	0.00392	T
9797	0.00624	0.00624	T
9798	0.00585	0.00585	T
9799	0.00467	0.00468	T
9800	0.01162	0.01445	G
9801	0.01015	0.01283	T
9802	0.02674	0.02921	A
9803	0.00936	0.00959	G
9804	0.00705	0.00712	C
9805	0.0074	0.00764	C
9806	0.06604	0.09088	A
9807	0.09609	0.10535	C
9808	0.03904	0.05776	A
9809	0.00623	0.00661	G
9810	0.00721	0.00732	G
9811	0.04234	0.04329	C
9812	0.00845	0.00853	T
9813	0.00769	0.00784	T
9814	0.04468	0.04471	C
9815	0.05522	0.05593	C
9816	0.0441	0.05773	A
9817	0.06979	0.07219	C
9818	0.00942	0.01019	G
9819	0.00547	0.00558	G
9820	0.02837	0.03464	A
9821	0.07664	0.07775	C
9822	0.00851	0.00875	T
9823	0.00976	0.01034	T
9824	0.05787	0.06342	C
9825	0.0537	0.05608	A
9826	0.1046	0.10639	C
9827	0.01087	0.012	G
9828	0.00843	0.01292	T
9829	0.04558	0.04614	C
9830	0.06129	0.06359	A
9831	0.01041	0.01048	T
9832	0.0101	0.01069	T
9833	0.04097	0.08444	A
9834	0.01114	0.01116	T
9835	0.01308	0.01323	T
9836	0.00952	0.00982	G
9837	0.00772	0.00791	G
9838	0.03631	0.03805	C
9839	0.00979	0.01134	T
9840	0.06668	0.0693	C
9841	0.04504	0.04665	A
9842	0.05143	0.05167	A
9843	0.09551	0.0993	C
9844	0.007	0.00718	T
9845	0.01086	0.01102	T
9846	0.00763	0.00771	T
9847	0.05655	0.0572	C
9848	0.03615	0.03746	C
9849	0.01054	0.01306	T
9850	0.05468	0.0568	C
9851	0.03502	0.03866	A
9852	0.07239	0.0773	C
9853	0.01	0.01086	T
9854	0.05826	0.06381	A
9855	0.00825	0.00871	T
9856	0.06933	0.07178	C
9857	0.01034	0.01081	T
9858	0.00656	0.00751	G
9859	0.04362	0.04499	C
9860	0.00588	0.00591	T
9861	0.00534	0.00563	T
9862	0.03398	0.03646	C
9863	0.03589	0.03981	A
9864	0.01169	0.01548	T
9865	0.06772	0.06849	C
9866	0.05418	0.05787	C
9867	0.0059	0.007	G
9868	0.01616	0.01626	C
9869	0.01951	0.0201	C
9870	0.0167	0.01722	A
9871	0.03117	0.03126	A
9872	0.07517	0.07896	C
9873	0.00804	0.00953	T
9874	0.0377	0.0381	A
9875	0.03582	0.03735	A
9876	0.00729	0.0077	T
9877	0.05394	0.05614	A
9878	0.00633	0.00634	T
9879	0.00831	0.00841	T
9880	0.00896	0.00908	T
9881	0.06724	0.07098	C
9882	0.0451	0.04568	A
9883	0.08423	0.08671	C
9884	0.00825	0.00847	T
9885	0.0089	0.00914	T
9886	0.00959	0.00981	T
9887	0.05444	0.06248	A
9888	0.07289	0.07831	C
9889	0.04559	0.04714	A
9890	0.01091	0.01314	T
9891	0.04062	0.04129	C
9892	0.03276	0.0338	C
9893	0.01848	0.01922	A
9894	0.04388	0.04578	A
9895	0.04689	0.04717	A
9896	0.06666	0.07518	C
9897	0.04372	0.04616	A
9898	0.0069	0.00893	T
9899	0.06259	0.06532	C
9900	0.05094	0.05192	A
9901	0.09388	0.09762	C
9902	0.00605	0.00621	T
9903	0.00725	0.00726	T
9904	0.00773	0.00773	T
9905	0.00462	0.00476	G
9906	0.0045	0.00455	G
9907	0.03911	0.04019	C
9908	0.00699	0.00703	T
9909	0.01257	0.01266	T
9910	0.09358	0.09993	C
9911	0.00959	0.01133	G
9912	0.03703	0.03825	A
9913	0.03577	0.03642	A
9914	0.00734	0.00833	G
9915	0.01197	0.01237	C
9916	0.04476	0.04549	C
9917	0.01125	0.014	G
9918	0.06965	0.06978	C
9919	0.04804	0.04976	C
9920	0.00617	0.0071	G
9921	0.031	0.031	C
9922	0.02089	0.02101	C
9923	0.00607	0.00813	T
9924	0.00772	0.01211	G
9925	0.06318	0.06484	A
9926	0.00978	0.01024	T
9927	0.0604	0.06229	A
9928	0.09922	0.10283	C
9929	0.00951	0.0114	T
9930	0.00548	0.00566	G
9931	0.00593	0.0061	G
9932	0.02248	0.02304	C
9933	0.06953	0.07046	A
9934	0.00418	0.0042	T
9935	0.00591	0.00593	T
9936	0.00778	0.00778	T
9937	0.00885	0.00887	T
9938	0.0108	0.01432	G
9939	0.00516	0.00533	T
9940	0.04175	0.04291	A
9941	0.0076	0.00786	G
9942	0.03435	0.03614	A
9943	0.0049	0.00515	T
9944	0.00997	0.01038	G
9945	0.01239	0.01313	T
9946	0.00794	0.00795	G
9947	0.00941	0.01018	G
9948	0.00696	0.007	T
9949	0.01039	0.01052	T
9950	0.00887	0.0089	T
9951	0.00763	0.00968	G
9952	0.03419	0.03547	A
9953	0.04784	0.05002	C
9954	0.00594	0.00606	T
9955	0.09082	0.09904	A
9956	0.00371	0.00376	T
9957	0.00909	0.00911	T
9958	0.00921	0.00924	T
9959	0.08987	0.09546	C
9960	0.01117	0.01126	T
9961	0.01296	0.01559	G
9962	0.00736	0.00771	T
9963	0.0553	0.05757	A
9964	0.01196	0.01205	T
9965	0.01061	0.01119	G
9966	0.00541	0.00575	T
9967	0.01283	0.0132	C
9968	0.0098	0.01093	T
9969	0.02071	0.02077	C
9970	0.01316	0.01387	C
9971	0.01534	0.02142	A
9972	0.00427	0.0044	T
9973	0.02398	0.02514	C
9974	0.00699	0.0072	T
9975	0.05157	0.05483	A
9976	0.00773	0.00773	T
9977	0.01155	0.01169	T
9978	0.00904	0.01023	G
9979	0.04291	0.04383	A
9980	0.01941	0.01981	T
9981	0.01163	0.01322	G
9982	0.0579	0.05959	A
9983	0.00975	0.00975	G
9984	0.00695	0.00696	G
9985	0.01169	0.01169	G
9986	0.01745	0.0192	T
9987	0.02598	0.03086	C
9988	0.01078	0.01079	T
9989	0.00629	0.00668	T
9990	0.00193	0.00282	A
9991	0.00348	0.00364	C
9992	0.00131	0.00142	T
9993	0.00921	0.00933	C
9994	0.00111	0.00111	T
9995	0.00168	0.00168	T
9996	0.00058	0.00058	T
9997	0.00056	0.00057	T
9998	0.52407	0.7684	A
9999	0.00201	0.00284	G
10000	0.00082	0.0009	T
10001	0.00365	0.00373	A
10002	0.00139	0.00145	T
10003	0.00795	0.00796	A
10004	0.01798	0.01799	A
10005	0.04877	0.04898	A
10006	0.01001	0.01083	T
10007	0.0245	0.0261	A
10008	0.00398	0.00434	G
10009	0.00304	0.00339	T
10010	0.02163	0.02189	A
10011	0.03055	0.03066	C
10012	0.05052	0.0506	C
10013	0.00501	0.00547	G
10014	0.00193	0.00202	T
10015	0.00156	0.00163	T
10016	0.00856	0.0088	A
10017	0.01276	0.01292	A
10018	0.04052	0.041	C
10019	0.00439	0.00455	T
10020	0.0067	0.00676	T
10021	0.05099	0.05113	C
10022	0.05281	0.05311	C
10023	0.03765	0.03809	A
10024	0.15981	0.16035	A
10025	0.00164	0.0017	T
10026	0.00425	0.00439	T
10027	0.00589	0.006	A
10028	0.01687	0.01753	A
10029	0.01314	0.0137	C
10030	0.00276	0.00281	T
10031	0.01892	0.01961	A
10032	0.00533	0.00557	G
10033	0.00237	0.00239	T
10034	0.00316	0.00317	T
10035	0.00434	0.00436	T
10036	0.00579	0.0058	T
10037	0.0051	0.00658	G
10038	0.02669	0.0275	A
10039	0.18235	0.19472	C
10040	0.04843	0.04859	A
10041	0.04325	0.04363	A
10042	0.09628	0.10448	C
10043	0.04805	0.04842	A
10044	0.00694	0.00734	T
10045	0.00407	0.00432	T
10046	0.01868	0.0193	C
10047	0.00411	0.00414	A
10048	0.00465	0.00467	A
10049	0.01291	0.01291	A
10050	0.01053	0.01053	A
10051	0.0139	0.0139	A
10052	0.00969	0.00969	A
10053	0.00769	0.00811	G
10054	0.02113	0.02122	A
10055	0.00158	0.00164	G
10056	0.00183	0.00211	T
10057	0.00124	0.00125	A
10058	0.00559	0.00562	A
10059	0.00676	0.00734	T
10060	0.00112	0.00112	A
10061	0.00135	0.00135	A
10062	0.00156	0.0016	A
10063	0.0026	0.00267	C
10064	0.00102	0.00104	T
10065	0.00113	0.00115	T
10066	0.00212	0.00246	C
10067	0.0014	0.00146	G
10068	0.00221	0.00221	C
10069	0.0016	0.00162	C
10070	0.0014	0.00141	T
10071	0.00103	0.00109	T
10072	0.00119	0.00125	A
10073	0.00182	0.00196	A
10074	0.00083	0.00084	T
10075	0.00075	0.00077	T
10076	0.00066	0.00067	T
10077	0.00064	0.00068	T
10078	0.00264	0.00285	A
10079	0.00347	0.00357	A
10080	0.00081	0.00123	T
10081	0.00402	0.00405	A
10082	0.0041	0.00459	A
10083	0.0014	0.0016	T
10084	0.00476	0.00508	C
10085	0.00388	0.0039	A
10086	0.00422	0.0043	A
10087	0.00512	0.00583	C
10088	0.00402	0.00412	A
10089	0.00619	0.00624	C
10090	0.00412	0.00413	C
10091	0.00395	0.00417	C
10092	0.00179	0.0022	T
10093	0.00699	0.007	C
10094	0.00238	0.00278	C
10095	0.00238	0.00263	T
10096	0.00677	0.00783	A
10097	0.00235	0.0026	G
10098	0.0073	0.00733	C
10099	0.00552	0.0056	C
10100	0.00575	0.00579	T
10101	0.00255	0.00271	T
10102	0.00528	0.0082	A
10103	0.01247	0.01301	C
10104	0.00444	0.00478	T
10105	0.00991	0.0104	A
10106	0.01542	0.01663	C
10107	0.00406	0.0053	T
10108	0.01073	0.01103	A
10109	0.01096	0.01173	A
10110	0.00283	0.00484	T
10111	0.01299	0.01307	A
10112	0.01476	0.01751	A
10113	0.00367	0.00373	T
10114	0.00488	0.00534	T
10115	0.01558	0.02792	A
10116	0.00501	0.00504	T
10117	0.00554	0.00607	T
10118	0.01248	0.02482	A
10119	0.04237	0.04433	C
10120	0.02733	0.02921	A
10121	0.00323	0.00329	T
10122	0.00401	0.00408	T
10123	0.00468	0.00473	T
10124	0.00571	0.00573	T
10125	0.00706	0.00895	G
10126	0.0333	0.03365	A
10127	0.03512	0.03603	C
10128	0.00829	0.0089	T
10129	0.03298	0.03453	A
10130	0.03627	0.03654	C
10131	0.02659	0.02718	C
10132	0.01523	0.02274	A
10133	0.03586	0.03931	C
10134	0.02852	0.02871	A
10135	0.03251	0.0333	A
10136	0.04206	0.04557	C
10137	0.01024	0.01198	T
10138	0.0416	0.04336	C
10139	0.03224	0.03358	A
10140	0.03423	0.03454	A
10141	0.0557	0.05901	C
10142	0.00911	0.00951	G
10143	0.00638	0.00644	G
10144	0.01753	0.01854	C
10145	0.00564	0.00606	T
10146	0.01461	0.01551	A
10147	0.03694	0.0377	C
10148	0.05918	0.06084	A
10149	0.01258	0.01478	T
10150	0.03383	0.0342	A
10151	0.01023	0.01315	G
10152	0.00453	0.00454	A
10153	0.02126	0.02126	A
10154	0.01473	0.01474	A
10155	0.03448	0.03448	A
10156	0.03233	0.03255	A
10157	0.01432	0.01557	T
10158	0.05919	0.05989	C
10159	0.03802	0.03983	C
10160	0.02187	0.03831	A
10161	0.04195	0.04208	C
10162	0.04622	0.04628	C
10163	0.04294	0.04296	C
10164	0.05009	0.05054	C
10165	0.01162	0.01195	T
10166	0.01209	0.01225	T
10167	0.03328	0.05952	A
10168	0.06669	0.06859	C
10169	0.0071	0.00745	G
10170	0.05778	0.06148	A
10171	0.0105	0.01093	G
10172	0.01283	0.01384	T
10173	0.0063	0.00752	G
10174	0.03159	0.03394	C
10175	0.00793	0.00794	G
10176	0.00479	0.00506	G
10177	0.08766	0.08979	C
10178	0.01222	0.01247	T
10179	0.01161	0.01176	T
10180	0.08052	0.0848	C
10181	0.01212	0.01483	G
10182	0.05649	0.05859	A
10183	0.06586	0.06606	C
10184	0.05603	0.05633	C
10185	0.04863	0.04889	C
10186	0.0105	0.01148	T
10187	0.06123	0.06694	A
10188	0.00983	0.01103	T
10189	0.08762	0.0983	A
10190	0.01106	0.01283	T
10191	0.04882	0.05145	C
10192	0.04964	0.05029	C
10193	0.07225	0.07243	C
10194	0.03509	0.0352	C
10195	0.03866	0.03909	C
10196	0.01379	0.01579	G
10197	0.05349	0.0535	C
10198	0.02688	0.02699	C
10199	0.03718	0.03816	C
10200	0.01137	0.01363	G
10201	0.05943	0.06423	C
10202	0.01248	0.01582	G
10203	0.01187	0.01433	T
10204	0.06694	0.06709	C
10205	0.07584	0.07589	C
10206	0.06612	0.06652	C
10207	0.00564	0.00584	T
10208	0.01077	0.01095	T
10209	0.01056	0.01089	T
10210	0.06762	0.0712	C
10211	0.0107	0.0117	T
10212	0.06701	0.0673	C
10213	0.04824	0.04942	C
10214	0.03071	0.04503	A
10215	0.0101	0.01287	T
10216	0.03107	0.03163	A
10217	0.01582	0.01618	A
10218	0.04513	0.04564	A
10219	0.05253	0.05917	A
10220	0.00539	0.00592	T
10221	0.00554	0.0057	T
10222	0.0599	0.08297	C
10223	0.00537	0.00539	T
10224	0.0056	0.00579	T
10225	0.04191	0.05815	C
10226	0.00649	0.00649	T
10227	0.0075	0.00756	T
10228	0.07618	0.10829	A
10229	0.00979	0.01067	G
10230	0.00455	0.00547	T
10231	0.04082	0.0428	A
10232	0.00737	0.00799	G
10233	0.05144	0.05412	C
10234	0.00813	0.00854	T
10235	0.06609	0.0708	A
10236	0.0089	0.00907	T
10237	0.0098	0.01087	T
10238	0.03107	0.05163	A
10239	0.08967	0.09171	C
10240	0.0761	0.07934	C
10241	0.00703	0.00732	T
10242	0.0077	0.00792	T
10243	0.06416	0.08392	C
10244	0.00875	0.00883	T
10245	0.00762	0.00816	T
10246	0.03115	0.07344	A
10247	0.00839	0.00839	T
10248	0.0086	0.00898	T
10249	0.03377	0.08939	A
10250	0.00653	0.00655	T
10251	0.00905	0.00906	T
10252	0.01051	0.01063	T
10253	0.00946	0.0162	G
10254	0.05315	0.05404	A
10255	0.01072	0.01099	T
10256	0.08166	0.08357	C
10257	0.00914	0.00951	T
10258	0.06559	0.06774	A
10259	0.01182	0.01351	G
10260	0.01353	0.01359	A
10261	0.04303	0.04358	A
10262	0.05517	0.05585	A
10263	0.01458	0.01514	T
10264	0.02519	0.02529	T
10265	0.01479	0.01682	G
10266	0.07048	0.07134	C
10267	0.04228	0.04266	C
10268	0.04959	0.05041	C
10269	0.00722	0.00933	T
10270	0.03697	0.03707	C
10271	0.04018	0.04457	C
10272	0.00636	0.00637	T
10273	0.00767	0.00773	T
10274	0.01017	0.01024	T
10275	0.01673	0.01709	T
10276	0.04732	0.05202	A
10277	0.05374	0.05389	C
10278	0.03715	0.03738	C
10279	0.03408	0.03421	C
10280	0.02325	0.02363	C
10281	0.01488	0.01739	T
10282	0.03879	0.04022	A
10283	0.04604	0.04615	C
10284	0.03659	0.03697	C
10285	0.02858	0.03998	A
10286	0.01078	0.01216	T
10287	0.00981	0.01242	G
10288	0.05356	0.05682	A
10289	0.01243	0.01378	G
10290	0.02902	0.02943	C
10291	0.02556	0.02562	C
10292	0.02071	0.02098	C
10293	0.01256	0.01374	T
10294	0.02852	0.02934	A
10295	0.04919	0.05141	C
10296	0.03771	0.03931	A
10297	0.03026	0.03037	A
10298	0.0288	0.0293	A
10299	0.04923	0.0549	C
10300	0.02641	0.02646	A
10301	0.03719	0.0377	A
10302	0.04976	0.05591	C
10303	0.01392	0.01678	T
10304	0.03577	0.03656	A
10305	0.04124	0.04201	A
10306	0.06189	0.06248	C
10307	0.03179	0.03436	C
10308	0.01995	0.02088	T
10309	0.01556	0.01656	G
10310	0.03862	0.03871	C
10311	0.02563	0.02621	C
10312	0.02138	0.02856	A
10313	0.03752	0.03888	C
10314	0.01158	0.0146	T
10315	0.03645	0.03679	A
10316	0.04066	0.04155	A
10317	0.01444	0.01572	T
10318	0.03973	0.04058	A
10319	0.01904	0.02066	G
10320	0.011	0.01144	T
10321	0.01208	0.0129	T
10322	0.03452	0.04549	A
10323	0.01669	0.01743	T
10324	0.01219	0.01284	G
10325	0.01038	0.01133	T
10326	0.03794	0.04	C
10327	0.03507	0.03853	A
10328	0.0183	0.02105	T
10329	0.03489	0.03551	C
10330	0.02701	0.02771	C
10331	0.02952	0.03015	C
10332	0.00858	0.00929	T
10333	0.04613	0.04777	C
10334	0.00853	0.00853	T
10335	0.00825	0.00883	T
10336	0.01723	0.03976	A
10337	0.01169	0.0117	T
10338	0.01063	0.01086	T
10339	0.02782	0.02871	A
10340	0.03938	0.03998	A
10341	0.0064	0.00769	T
10342	0.0384	0.04063	C
10343	0.03303	0.03563	A
10344	0.01218	0.01539	T
10345	0.02961	0.03262	C
10346	0.02795	0.03112	A
10347	0.00753	0.00977	T
10348	0.03337	0.034	C
10349	0.01612	0.01691	C
10350	0.01602	0.01704	T
10351	0.03845	0.04624	A
10352	0.00854	0.00939	G
10353	0.02428	0.02434	C
10354	0.01224	0.01239	C
10355	0.02423	0.02444	C
10356	0.01511	0.02037	T
10357	0.03513	0.03536	A
10358	0.04181	0.04275	A
10359	0.02803	0.02889	G
10360	0.01374	0.01431	T
10361	0.03665	0.0372	C
10362	0.01672	0.02506	T
10363	0.00796	0.00814	G
10364	0.00647	0.0065	G
10365	0.01936	0.01937	C
10366	0.02951	0.02993	C
10367	0.01684	0.01811	T
10368	0.03034	0.03102	A
10369	0.01412	0.01576	T
10370	0.00779	0.00923	G
10371	0.03414	0.03481	A
10372	0.01896	0.01929	G
10373	0.01204	0.01294	T
10374	0.00718	0.00761	G
10375	0.02651	0.02731	A
10376	0.03369	0.03422	C
10377	0.01267	0.01376	T
10378	0.02088	0.02152	A
10379	0.04414	0.04713	C
10380	0.00433	0.00462	A
10381	0.01166	0.01171	A
10382	0.01864	0.01865	A
10383	0.02548	0.02548	A
10384	0.02302	0.02302	A
10385	0.00618	0.00642	G
10386	0.00482	0.00487	G
10387	0.01768	0.02403	A
10388	0.01853	0.01861	T
10389	0.01599	0.01643	T
10390	0.02735	0.03427	A
10391	0.01454	0.01499	G
10392	0.02027	0.02043	A
10393	0.02803	0.02831	C
10394	0.02831	0.02936	T
10395	0.03612	0.03842	G
10396	0.01615	0.01628	A
10397	0.01399	0.01411	A
10398	0.02539	0.02543	C
10399	0.01778	0.01799	C
10400	0.02932	0.03192	G
10401	0.00692	0.00698	A
10402	0.01528	0.01535	A
10403	0.02633	0.02634	T
10404	0.00376	0.0038	T
10405	0.00464	0.00472	G
10406	0.00636	0.00641	G
10407	0.01113	0.0113	T
10408	0.01753	0.01791	A
10409	0.00522	0.00571	T
10410	0.00866	0.01082	A
10411	0.00415	0.00483	T
10412	0.60801	0.61083	A
10413	0.01141	0.01254	G
10414	0.0019	0.00192	T
10415	0.00225	0.00226	T
10416	0.00331	0.00334	T
10417	0.04911	0.04917	A
10418	0.03362	0.03365	A
10419	0.1466	0.14669	A
10420	0.18647	0.1986	C
10421	0.03243	0.03243	A
10422	0.02417	0.02417	A
10423	0.02012	0.02012	A
10424	0.03024	0.03038	A
10425	0.0637	0.07005	C
10426	0.10042	0.10467	G
10427	0.01354	0.01395	A
10428	0.00925	0.01107	A
10429	0.00531	0.00561	T
10430	0.00851	0.00916	G
10431	0.06255	0.06331	A
10432	0.00268	0.0027	T
10433	0.00609	0.00618	T
10434	0.01149	0.01152	T
10435	0.08464	0.08981	C
10436	0.0089	0.01003	G
10437	0.06777	0.06892	A
10438	0.14376	0.14503	C
10439	0.00382	0.0043	T
10440	0.03007	0.03046	C
10441	0.02386	0.02624	A
10442	0.00499	0.00508	T
10443	0.00645	0.00672	T
10444	0.01517	0.0154	A
10445	0.03434	0.03493	A
10446	0.07405	0.07428	A
10447	0.00693	0.00703	T
10448	0.00759	0.0078	T
10449	0.02611	0.04215	A
10450	0.01025	0.01075	T
10451	0.00902	0.0101	G
10452	0.05467	0.05563	A
10453	0.00991	0.01035	T
10454	0.05151	0.05154	A
10455	0.05882	0.0621	A
10456	0.00789	0.00888	T
10457	0.06928	0.07094	C
10458	0.03575	0.03675	A
10459	0.00658	0.00675	T
10460	0.04025	0.04106	A
10461	0.00686	0.00686	T
10462	0.01095	0.01095	T
10463	0.01072	0.01073	T
10464	0.03383	0.03626	A
10465	0.04934	0.04934	C
10466	0.00306	0.00309	C
10467	0.00119	0.0012	A
10468	0.00127	0.00128	A
10469	0.00289	0.00293	A
10470	0.00285	0.00296	T
10471	0.00231	0.00278	G
10472	0.00159	0.00164	C
10473	0.00108	0.00118	C
10474	0.00134	0.00135	C
10475	0.0022	0.00222	C
10476	0.0028	0.00303	T
10477	0.00323	0.00333	C
10478	0.00193	0.00248	A
10479	0.0017	0.00173	T
10480	0.00155	0.00155	T
10481	0.00115	0.00124	T
10482	0.00364	0.00406	A
10483	0.00796	0.00812	C
10484	0.00372	0.00379	A
10485	0.00172	0.00195	T
10486	0.00402	0.00403	A
10487	0.00651	0.00651	A
10488	0.00573	0.00606	A
10489	0.00178	0.00201	T
10490	0.00976	0.00999	A
10491	0.00222	0.00224	T
10492	0.00158	0.00174	T
10493	0.00464	0.00797	A
10494	0.00111	0.00118	T
10495	0.00692	0.00726	A
10496	0.00848	0.0089	C
10497	0.00114	0.00122	T
10498	0.00775	0.00809	A
10499	0.00199	0.00227	G
10500	0.01157	0.01171	C
10501	0.00807	0.00849	A
10502	0.00166	0.0017	T
10503	0.00202	0.00205	T
10504	0.00304	0.00308	T
10505	0.01654	0.01919	A
10506	0.01859	0.01887	C
10507	0.00982	0.01002	C
10508	0.01373	0.01684	A
10509	0.00427	0.00471	T
10510	0.02491	0.02557	C
10511	0.0063	0.00822	T
10512	0.02868	0.02947	C
10513	0.02682	0.02766	A
10514	0.02409	0.02534	C
10515	0.00518	0.00527	T
10516	0.00435	0.00458	T
10517	0.01637	0.01866	C
10518	0.00647	0.00661	T
10519	0.01787	0.01926	A
10520	0.00237	0.00245	G
10521	0.00316	0.00325	G
10522	0.02144	0.02155	A
10523	0.01559	0.01587	A
10524	0.00347	0.00388	T
10525	0.02337	0.02362	A
10526	0.01864	0.01922	C
10527	0.00204	0.00217	T
10528	0.01324	0.01376	A
10529	0.00368	0.00412	G
10530	0.00314	0.00329	T
10531	0.0211	0.02219	A
10532	0.00402	0.0043	T
10533	0.02805	0.03047	A
10534	0.0096	0.00988	T
10535	0.05421	0.0562	C
10536	0.01059	0.01092	G
10537	0.03564	0.03694	C
10538	0.01028	0.01261	T
10539	0.03923	0.04086	C
10540	0.02307	0.0271	A
10541	0.04082	0.04373	C
10542	0.02882	0.0298	A
10543	0.03595	0.03598	C
10544	0.02389	0.02509	C
10545	0.00726	0.00992	T
10546	0.03741	0.03833	C
10547	0.02975	0.03587	A
10548	0.00735	0.00862	T
10549	0.04029	0.04539	A
10550	0.00835	0.00933	T
10551	0.03549	0.03628	C
10552	0.01895	0.01994	C
10553	0.00817	0.00989	T
10554	0.03243	0.03258	C
10555	0.02929	0.02936	C
10556	0.02384	0.02516	C
10557	0.00633	0.00716	T
10558	0.03041	0.0321	A
10559	0.04179	0.04437	C
10560	0.00681	0.00731	T
10561	0.02399	0.03475	A
10562	0.00903	0.00935	T
10563	0.00959	0.01025	G
10564	0.01886	0.01899	C
10565	0.01264	0.01285	C
10566	0.00706	0.00741	T
10567	0.02103	0.02194	A
10568	0.00516	0.00564	G
10569	0.02826	0.02839	A
10570	0.01975	0.02048	A
10571	0.00469	0.00475	G
10572	0.00541	0.00563	G
10573	0.02279	0.02298	A
10574	0.03223	0.03266	A
10575	0.00914	0.012	T
10576	0.04101	0.04106	A
10577	0.03507	0.03983	A
10578	0.00857	0.0091	T
10579	0.0427	0.04441	A
10580	0.05973	0.0664	C
10581	0.01047	0.0111	T
10582	0.04308	0.05229	A
10583	0.01291	0.01365	T
10584	0.06005	0.06293	C
10585	0.01033	0.01063	G
10586	0.0302	0.03057	C
10587	0.0071	0.00726	T
10588	0.01264	0.01597	G
10589	0.0074	0.0074	T
10590	0.00825	0.0083	T
10591	0.05331	0.05563	C
10592	0.05367	0.0555	A
10593	0.00935	0.00938	T
10594	0.00944	0.00994	T
10595	0.02972	0.04878	A
10596	0.00919	0.00963	T
10597	0.03539	0.03965	A
10598	0.00918	0.01001	G
10599	0.02889	0.03007	C
10600	0.00943	0.01035	T
10601	0.04117	0.04374	A
10602	0.05323	0.05571	C
10603	0.01155	0.01249	T
10604	0.03979	0.04206	C
10605	0.01018	0.01289	T
10606	0.04491	0.04634	C
10607	0.03712	0.04176	A
10608	0.0131	0.01872	T
10609	0.03735	0.03757	A
10610	0.02695	0.03064	A
10611	0.04501	0.04628	C
10612	0.02416	0.02443	C
10613	0.02193	0.02229	C
10614	0.01264	0.01597	T
10615	0.04019	0.04163	C
10616	0.03406	0.04084	A
10617	0.03277	0.03393	A
10618	0.04431	0.05152	C
10619	0.0287	0.03006	A
10620	0.03162	0.03179	C
10621	0.03005	0.0301	C
10622	0.026	0.02703	C
10623	0.01985	0.02537	A
10624	0.03509	0.03689	C
10625	0.0118	0.01466	T
10626	0.04667	0.04667	C
10627	0.03718	0.03722	C
10628	0.03677	0.03805	C
10629	0.00825	0.00938	T
10630	0.03464	0.03603	C
10631	0.00928	0.00941	T
10632	0.00985	0.01	T
10633	0.02875	0.05271	A
10634	0.00628	0.00661	G
10635	0.0232	0.02328	C
10636	0.02447	0.02462	C
10637	0.02597	0.02619	A
10638	0.04053	0.04075	A
10639	0.00708	0.00773	T
10640	0.04989	0.05068	A
10641	0.00858	0.0086	T
10642	0.00827	0.00837	T
10643	0.00814	0.0093	G
10644	0.00772	0.0082	T
10645	0.00535	0.00549	G
10646	0.03629	0.03657	C
10647	0.05535	0.05556	C
10648	0.00934	0.00998	T
10649	0.04229	0.04868	A
10650	0.00719	0.0072	T
10651	0.00965	0.00988	T
10652	0.00826	0.00874	G
10653	0.05106	0.05129	C
10654	0.04016	0.04055	C
10655	0.01601	0.03953	A
10656	0.00848	0.0092	T
10657	0.06717	0.06826	A
10658	0.03176	0.03309	C
10659	0.00386	0.00427	T
10660	0.02755	0.02974	A
10661	0.00704	0.00759	G
10662	0.00435	0.00448	T
10663	0.07012	0.07061	C
10664	0.00971	0.00971	T
10665	0.0095	0.00954	T
10666	0.01042	0.01045	T
10667	0.0107	0.01295	G
10668	0.01096	0.0111	C
10669	0.0127	0.01276	C
10670	0.0069	0.0082	G
10671	0.05282	0.05285	C
10672	0.03187	0.03214	C
10673	0.00606	0.00731	T
10674	0.00632	0.00704	G
10675	0.01935	0.02039	C
10676	0.01633	0.02173	G
10677	0.06801	0.07125	A
10678	0.07094	0.07125	A
10679	0.00926	0.01273	G
10680	0.02273	0.02444	C
10681	0.03096	0.03273	A
10682	0.00565	0.00581	G
10683	0.0169	0.01739	C
10684	0.00747	0.00748	G
10685	0.00885	0.00921	G
10686	0.01396	0.01518	T
10687	0.00663	0.00663	G
10688	0.00577	0.00577	G
10689	0.00552	0.00552	G
10690	0.01411	0.0142	C
10691	0.03378	0.03405	C
10692	0.0102	0.01243	T
10693	0.05886	0.06927	A
10694	0.00737	0.00769	G
10695	0.0312	0.0313	C
10696	0.01565	0.0158	C
10697	0.01375	0.0139	C
10698	0.00914	0.01002	T
10699	0.03111	0.03209	A
10700	0.0328	0.03389	C
10701	0.00359	0.00388	T
10702	0.02952	0.0318	A
10703	0.00689	0.00732	G
10704	0.00579	0.00624	T
10705	0.04648	0.04708	C
10706	0.00917	0.01078	T
10707	0.05004	0.05123	C
10708	0.03413	0.03602	A
10709	0.0387	0.03999	A
10710	0.0083	0.00881	T
10711	0.04294	0.04384	C
10712	0.01083	0.01204	T
10713	0.03772	0.03795	C
10714	0.02894	0.02974	C
10715	0.02811	0.03044	A
10716	0.03483	0.03498	A
10717	0.03524	0.03828	C
10718	0.01936	0.02025	A
10719	0.03854	0.04199	C
10720	0.03206	0.03352	A
10721	0.00551	0.0061	T
10722	0.03669	0.03865	A
10723	0.00773	0.00825	T
10724	0.00646	0.00675	G
10725	0.00411	0.00414	G
10726	0.02415	0.02418	C
10727	0.0243	0.02453	C
10728	0.00728	0.00817	T
10729	0.02908	0.03079	A
10730	0.00743	0.00762	G
10731	0.02492	0.02537	A
10732	0.02878	0.02949	C
10733	0.00611	0.00646	T
10734	0.02333	0.02403	A
10735	0.04857	0.0495	C
10736	0.0132	0.01382	G
10737	0.00557	0.00631	T
10738	0.01968	0.0204	A
10739	0.04512	0.04598	C
10740	0.03613	0.03845	A
10741	0.00539	0.00863	T
10742	0.02825	0.02832	A
10743	0.02669	0.02868	A
10744	0.03838	0.03933	C
10745	0.02078	0.02193	C
10746	0.0085	0.01079	T
10747	0.00934	0.01012	A
10748	0.02679	0.02715	A
10749	0.0263	0.02661	A
10750	0.03227	0.03282	C
10751	0.01788	0.01904	C
10752	0.00987	0.01048	T
10753	0.02148	0.02568	A
10754	0.02481	0.02645	C
10755	0.00776	0.00868	T
10756	0.02064	0.02072	C
10757	0.01437	0.01471	C
10758	0.01728	0.01878	A
10759	0.02464	0.0249	A
10760	0.00748	0.00783	T
10761	0.00785	0.00819	G
10762	0.02354	0.02443	C
10763	0.00554	0.00668	T
10764	0.01684	0.01732	A
10765	0.01557	0.0157	A
10766	0.02227	0.02268	A
10767	0.02626	0.02653	A
10768	0.02466	0.03236	C
10769	0.0067	0.00789	T
10770	0.01518	0.01535	A
10771	0.02599	0.02644	A
10772	0.00674	0.0076	T
10773	0.03324	0.03412	C
10774	0.01438	0.01568	G
10775	0.00973	0.01075	T
10776	0.01922	0.01933	C
10777	0.01718	0.01739	C
10778	0.01729	0.01773	C
10779	0.01435	0.01483	A
10780	0.01666	0.0168	A
10781	0.02889	0.03028	C
10782	0.0161	0.01631	A
10783	0.02435	0.02476	A
10784	0.00625	0.00645	T
10785	0.00584	0.00649	T
10786	0.01679	0.03026	A
10787	0.00664	0.0071	T
10788	0.02901	0.03222	A
10789	0.00641	0.00647	T
10790	0.00566	0.00614	T
10791	0.02189	0.03178	A
10792	0.02685	0.02887	C
10793	0.00678	0.00752	T
10794	0.02611	0.02756	A
10795	0.02068	0.02101	C
10796	0.01577	0.0162	C
10797	0.01364	0.0189	A
10798	0.02088	0.0215	C
10799	0.00632	0.00691	T
10800	0.0079	0.00837	G
10801	0.02279	0.02333	A
10802	0.0233	0.02391	C
10803	0.02554	0.02691	A
10804	0.00665	0.00716	T
10805	0.00771	0.00828	G
10806	0.01922	0.01969	A
10807	0.02688	0.0279	C
10808	0.00634	0.00642	T
10809	0.00697	0.00711	T
10810	0.00596	0.00608	T
10811	0.01944	0.01952	C
10812	0.02427	0.02477	C
10813	0.00227	0.00289	A
10814	0.00644	0.00669	A
10815	0.01844	0.01859	A
10816	0.01385	0.01402	A
10817	0.0213	0.02154	A
10818	0.0123	0.01236	A
10819	0.0344	0.03926	C
10820	0.01637	0.01712	A
10821	0.03534	0.03688	C
10822	0.02611	0.02697	A
10823	0.00904	0.01297	T
10824	0.02373	0.02378	A
10825	0.03095	0.03479	A
10826	0.00664	0.00674	T
10827	0.00699	0.00727	T
10828	0.0061	0.00617	T
10829	0.01074	0.01331	G
10830	0.02945	0.02979	A
10831	0.0303	0.03041	A
10832	0.00781	0.00895	T
10833	0.0306	0.03216	C
10834	0.02549	0.02587	A
10835	0.02244	0.02273	A
10836	0.03122	0.03391	C
10837	0.02239	0.0241	A
10838	0.02454	0.03231	C
10839	0.01986	0.01987	A
10840	0.03282	0.03474	A
10841	0.03758	0.03849	C
10842	0.01855	0.01952	C
10843	0.01711	0.02302	A
10844	0.0208	0.02086	C
10845	0.01728	0.01736	C
10846	0.01739	0.01806	C
10847	0.01666	0.02309	A
10848	0.02784	0.03071	C
10849	0.03734	0.05503	A
10850	0.02258	0.02309	G
10851	0.02346	0.0235	C
10852	0.01669	0.01688	C
10853	0.00634	0.00896	T
10854	0.02119	0.02152	A
10855	0.02847	0.02874	A
10856	0.00797	0.00813	T
10857	0.00678	0.00764	T
10858	0.01783	0.04182	A
10859	0.00752	0.00753	T
10860	0.00711	0.00735	T
10861	0.02901	0.04165	A
10862	0.00945	0.01051	G
10863	0.03175	0.03296	C
10864	0.03106	0.03179	A
10865	0.00679	0.00805	T
10866	0.03355	0.03701	C
10867	0.03123	0.03646	A
10868	0.01535	0.01795	T
10869	0.03136	0.03246	C
10870	0.02429	0.02485	C
10871	0.02234	0.02306	C
10872	0.00953	0.0103	T
10873	0.0337	0.03514	C
10874	0.00927	0.00982	T
10875	0.02915	0.03075	A
10876	0.0345	0.04019	C
10877	0.00758	0.00835	T
10878	0.00664	0.00812	A
10879	0.00252	0.0026	T
10880	0.00355	0.0036	T
10881	0.00365	0.00367	T
10882	0.00615	0.00616	T
10883	0.00486	0.00487	T
10884	0.00546	0.00568	T
10885	0.03163	0.0336	A
10886	0.03506	0.03551	A
10887	0.05237	0.05329	C
10888	0.02977	0.03046	C
10889	0.01638	0.01684	A
10890	0.03124	0.03191	A
10891	0.03278	0.03383	A
10892	0.00955	0.01191	T
10893	0.04496	0.04726	C
10894	0.02909	0.02975	A
10895	0.02971	0.03001	A
10896	0.04619	0.0513	C
10897	0.02772	0.02788	A
10898	0.02818	0.02972	A
10899	0.04605	0.05046	C
10900	0.03141	0.03147	A
10901	0.03399	0.03532	A
10902	0.04923	0.04966	C
10903	0.02867	0.03068	C
10904	0.00742	0.00782	T
10905	0.04454	0.04709	A
10906	0.00806	0.00807	T
10907	0.0076	0.00761	T
10908	0.00587	0.00601	T
10909	0.03897	0.04965	A
10910	0.00786	0.00817	G
10911	0.03595	0.03644	C
10912	0.00796	0.00811	T
10913	0.01003	0.0142	G
10914	0.00764	0.00771	T
10915	0.00962	0.00978	T
10916	0.03207	0.03226	C
10917	0.02839	0.02848	C
10918	0.02296	0.02301	C
10919	0.03256	0.03316	C
10920	0.02224	0.02465	A
10921	0.03428	0.03481	A
10922	0.04333	0.04346	C
10923	0.03052	0.03074	C
10924	0.00588	0.00602	T
10925	0.00472	0.00475	T
10926	0.00853	0.00854	T
10927	0.00707	0.00709	T
10928	0.03405	0.0344	C
10929	0.03049	0.03124	C
10930	0.01127	0.01314	T
10931	0.03749	0.0377	C
10932	0.03362	0.03426	C
10933	0.01378	0.01897	G
10934	0.0626	0.06674	A
10935	0.0234	0.02351	C
10936	0.01945	0.01964	C
10937	0.02009	0.02037	C
10938	0.02162	0.02173	C
10939	0.02088	0.02092	C
10940	0.00934	0.0108	T
10941	0.03136	0.03269	A
10942	0.03241	0.03392	A
10943	0.04301	0.04579	C
10944	0.02599	0.02648	A
10945	0.02593	0.03109	A
10946	0.02591	0.02626	C
10947	0.01638	0.01693	C
10948	0.01959	0.01978	C
10949	0.02298	0.02304	C
10950	0.01881	0.01886	C
10951	0.01811	0.01819	C
10952	0.00831	0.00954	T
10953	0.02204	0.02205	C
10954	0.01731	0.01761	C
10955	0.01108	0.01273	T
10956	0.02728	0.02809	A
10957	0.02792	0.02841	A
10958	0.01144	0.01226	T
10959	0.03962	0.04013	A
10960	0.04668	0.04925	C
10961	0.01187	0.01412	T
10962	0.03719	0.03748	A
10963	0.03628	0.03757	A
10964	0.04853	0.05353	C
10965	0.01158	0.01227	T
10966	0.04246	0.04534	A
10967	0.05225	0.05287	C
10968	0.03059	0.03234	C
10969	0.01222	0.01374	T
10970	0.01354	0.01565	G
10971	0.03855	0.04215	A
10972	0.02909	0.02987	C
10973	0.01147	0.01299	T
10974	0.03353	0.03375	C
10975	0.01956	0.02082	C
10976	0.0325	0.03505	T
10977	0.03087	0.03773	A
10978	0.03186	0.03206	C
10979	0.02381	0.02469	C
10980	0.01653	0.01682	C
10981	0.01753	0.01802	C
10982	0.01396	0.01566	T
10983	0.028	0.02911	C
10984	0.02477	0.02654	A
10985	0.04506	0.04723	C
10986	0.02748	0.02833	A
10987	0.03558	0.03657	A
10988	0.01363	0.01613	T
10989	0.04852	0.0498	C
10990	0.05252	0.05621	A
10991	0.00734	0.00847	T
10992	0.00571	0.00609	G
10993	0.00628	0.00649	G
10994	0.01761	0.02049	C
10995	0.03533	0.0359	A
10996	0.04452	0.04497	A
10997	0.0155	0.01684	G
10998	0.03272	0.03294	C
10999	0.02809	0.02841	C
11000	0.02964	0.03055	A
11001	0.03901	0.03943	A
11002	0.05053	0.05497	C
11003	0.00788	0.00828	G
11004	0.00922	0.00925	C
11005	0.00749	0.00756	C
11006	0.01583	0.02369	A
11007	0.05408	0.05519	C
11008	0.01267	0.01303	T
11009	0.00938	0.00998	T
11010	0.01458	0.03434	A
11011	0.00978	0.01277	T
11012	0.03941	0.04001	C
11013	0.02889	0.0292	C
11014	0.02647	0.03951	A
11015	0.01188	0.01239	G
11016	0.00829	0.00887	T
11017	0.01017	0.01153	G
11018	0.02627	0.02786	A
11019	0.03797	0.03817	A
11020	0.04411	0.04457	C
11021	0.02474	0.02526	C
11022	0.01692	0.02696	A
11023	0.03465	0.03613	C
11024	0.013	0.01432	T
11025	0.04227	0.04379	A
11026	0.01021	0.01125	T
11027	0.02565	0.02842	C
11028	0.02122	0.02163	A
11029	0.03611	0.03774	C
11030	0.02152	0.02485	G
11031	0.00231	0.00301	A
11032	0.0016	0.00184	A
11033	0.00709	0.00733	A
11034	0.02144	0.02157	A
11035	0.01324	0.01333	A
11036	0.0145	0.01463	A
11037	0.01624	0.01627	A
11038	0.03508	0.03982	C
11039	0.01009	0.01068	T
11040	0.02695	0.02802	C
11041	0.01663	0.01805	T
11042	0.02678	0.02876	A
11043	0.03737	0.03834	C
11044	0.01922	0.02061	C
11045	0.00821	0.00869	T
11046	0.0253	0.02668	C
11047	0.01034	0.01071	T
11048	0.03174	0.0333	C
11049	0.00974	0.01022	T
11050	0.03283	0.03626	A
11051	0.01022	0.01138	T
11052	0.0311	0.03269	A
11053	0.03733	0.04114	C
11054	0.00927	0.01112	T
11055	0.02626	0.02665	A
11056	0.02981	0.03245	A
11057	0.01329	0.01377	T
11058	0.02862	0.03077	C
11059	0.01376	0.0156	T
11060	0.0256	0.02601	C
11061	0.02224	0.02231	C
11062	0.02025	0.02132	C
11063	0.01081	0.01186	T
11064	0.02501	0.02627	A
11065	0.04028	0.04176	C
11066	0.01797	0.01842	A
11067	0.02783	0.02811	A
11068	0.02671	0.02787	A
11069	0.01086	0.01151	T
11070	0.02535	0.02607	C
11071	0.00862	0.01035	T
11072	0.02322	0.02325	C
11073	0.021	0.02188	C
11074	0.01	0.01011	T
11075	0.009	0.00937	T
11076	0.0155	0.01688	A
11077	0.03209	0.0327	A
11078	0.00877	0.00902	T
11079	0.00739	0.00832	T
11080	0.02159	0.03922	A
11081	0.00733	0.01032	T
11082	0.0358	0.03589	A
11083	0.0296	0.03094	A
11084	0.04454	0.04678	C
11085	0.03598	0.03665	A
11086	0.00827	0.00858	T
11087	0.01013	0.01075	T
11088	0.03452	0.03704	C
11089	0.02774	0.03442	A
11090	0.02796	0.03126	C
11091	0.02656	0.03234	A
11092	0.02163	0.02265	G
11093	0.01881	0.019	C
11094	0.01692	0.01753	C
11095	0.0158	0.02377	A
11096	0.02944	0.03158	C
11097	0.03405	0.03751	A
11098	0.01271	0.01453	G
11099	0.02199	0.02208	A
11100	0.0267	0.02737	A
11101	0.03534	0.03689	C
11102	0.01051	0.01245	T
11103	0.0207	0.02089	A
11104	0.02823	0.02876	A
11105	0.0112	0.01209	T
11106	0.04503	0.04776	C
11107	0.03115	0.03341	A
11108	0.01103	0.01162	T
11109	0.01834	0.01987	A
11110	0.00722	0.00727	T
11111	0.00891	0.00897	T
11112	0.00653	0.00653	T
11113	0.00929	0.0096	T
11114	0.03585	0.05122	A
11115	0.01095	0.01171	T
11116	0.04494	0.04847	A
11117	0.00906	0.0095	T
11118	0.05697	0.05956	C
11119	0.0107	0.0107	T
11120	0.00878	0.00908	T
11121	0.04183	0.05993	C
11122	0.01234	0.01234	T
11123	0.01858	0.0188	T
11124	0.04725	0.05292	C
11125	0.01799	0.02064	G
11126	0.02249	0.02373	A
11127	0.03329	0.0336	A
11128	0.03771	0.03778	A
11129	0.04032	0.04089	C
11130	0.02891	0.02955	C
11131	0.01524	0.02836	A
11132	0.03964	0.04111	C
11133	0.02189	0.02398	A
11134	0.04645	0.04845	C
11135	0.01271	0.01314	T
11136	0.01034	0.01088	T
11137	0.02396	0.04254	A
11138	0.01644	0.01921	T
11139	0.03328	0.03527	C
11140	0.02389	0.02445	C
11141	0.02287	0.02293	C
11142	0.02627	0.02671	C
11143	0.02152	0.02563	A
11144	0.04725	0.04725	C
11145	0.0343	0.03479	C
11146	0.01531	0.01565	T
11147	0.00921	0.00922	T
11148	0.00688	0.00694	G
11149	0.00588	0.00595	G
11150	0.01715	0.01789	C
11151	0.01098	0.0116	T
11152	0.05478	0.05546	A
11153	0.013	0.01442	T
11154	0.02342	0.02489	C
11155	0.02573	0.02821	A
11156	0.0092	0.01253	T
11157	0.01986	0.02248	C
11158	0.04577	0.04867	A
11159	0.05961	0.05989	C
11160	0.04761	0.0477	C
11161	0.04091	0.04115	C
11162	0.01396	0.01555	G
11163	0.03319	0.03463	A
11164	0.00987	0.01057	T
11165	0.01301	0.01507	G
11166	0.03405	0.03549	A
11167	0.00784	0.00784	G
11168	0.00862	0.00869	G
11169	0.03753	0.03907	C
11170	0.04189	0.04309	A
11171	0.04428	0.04487	A
11172	0.07083	0.0714	C
11173	0.04304	0.04334	C
11174	0.02327	0.03494	A
11175	0.011	0.01142	G
11176	0.01766	0.01772	C
11177	0.01758	0.01788	C
11178	0.02796	0.04882	A
11179	0.02088	0.02409	G
11180	0.0504	0.05109	A
11181	0.05127	0.05381	A
11182	0.06978	0.07676	C
11183	0.00694	0.00713	G
11184	0.00891	0.00899	C
11185	0.00582	0.00593	C
11186	0.00442	0.00531	T
11187	0.01014	0.01171	G
11188	0.06282	0.06392	A
11189	0.05327	0.05372	A
11190	0.09647	0.10059	C
11191	0.04338	0.04491	G
11192	0.01605	0.01822	C
11193	0.01234	0.01327	A
11194	0.00543	0.00545	G
11195	0.00705	0.00714	G
11196	0.01262	0.01319	C
11197	0.03344	0.03482	A
11198	0.07252	0.07396	C
11199	0.03421	0.03557	A
11200	0.01658	0.0173	T
11201	0.0385	0.03902	A
11202	0.07224	0.07541	C
11203	0.01587	0.01608	T
11204	0.00934	0.0094	T
11205	0.0517	0.05183	C
11206	0.02775	0.02852	C
11207	0.01475	0.01532	T
11208	0.05176	0.05828	A
11209	0.0156	0.01563	T
11210	0.01462	0.01491	T
11211	0.05273	0.06146	C
11212	0.01701	0.0182	T
11213	0.05027	0.05706	A
11214	0.05485	0.05945	C
11215	0.0337	0.03751	A
11216	0.05386	0.05395	C
11217	0.0399	0.04002	C
11218	0.02737	0.02756	C
11219	0.01417	0.01493	T
11220	0.03469	0.03593	A
11221	0.00995	0.01028	G
11222	0.00463	0.0052	T
11223	0.02077	0.02197	A
11224	0.00939	0.00946	G
11225	0.00837	0.00857	G
11226	0.06919	0.07253	C
11227	0.01238	0.01484	T
11228	0.04435	0.04452	C
11229	0.03666	0.03666	C
11230	0.03944	0.0418	C
11231	0.01132	0.0116	T
11232	0.01436	0.0147	T
11233	0.04118	0.04135	C
11234	0.05724	0.05762	C
11235	0.01528	0.01533	C
11236	0.01465	0.0148	C
11237	0.00816	0.00888	T
11238	0.01731	0.01864	A
11239	0.01405	0.0148	C
11240	0.0092	0.01063	T
11241	0.05018	0.05322	C
11242	0.03279	0.03807	A
11243	0.01704	0.01816	T
11244	0.04911	0.05109	C
11245	0.01579	0.01699	G
11246	0.03466	0.03546	C
11247	0.02438	0.02473	A
11248	0.04017	0.04126	C
11249	0.01863	0.02273	T
11250	0.03256	0.03279	A
11251	0.03171	0.03214	A
11252	0.01333	0.01341	T
11253	0.01059	0.01072	T
11254	0.00925	0.00955	T
11255	0.03986	0.04532	A
11256	0.05299	0.05452	C
11257	0.02946	0.03011	A
11258	0.03106	0.03227	C
11259	0.02161	0.02316	T
11260	0.02819	0.02901	C
11261	0.02349	0.02488	A
11262	0.03566	0.0388	C
11263	0.02566	0.02657	A
11264	0.02982	0.03124	A
11265	0.03028	0.03422	C
11266	0.02205	0.02364	A
11267	0.02756	0.02775	C
11268	0.02466	0.02482	C
11269	0.01382	0.01402	C
11270	0.01882	0.01974	T
11271	0.03745	0.03934	A
11272	0.00956	0.00973	G
11273	0.01188	0.01208	G
11274	0.01498	0.01582	C
11275	0.01184	0.01331	T
11276	0.01968	0.02072	C
11277	0.02647	0.02734	A
11278	0.0428	0.04446	C
11279	0.01771	0.02235	T
11280	0.02595	0.0268	A
11281	0.02899	0.02947	A
11282	0.03142	0.03191	A
11283	0.03786	0.04193	C
11284	0.04018	0.04195	A
11285	0.01463	0.01478	T
11286	0.01621	0.01661	T
11287	0.03512	0.03946	C
11288	0.0185	0.01951	T
11289	0.03558	0.03734	A
11290	0.04007	0.04255	C
11291	0.01701	0.01972	T
11292	0.02895	0.03282	A
11293	0.03311	0.03615	C
11294	0.01989	0.02163	T
11295	0.02941	0.03236	C
11296	0.02652	0.0273	A
11297	0.03551	0.0367	C
11298	0.02213	0.02276	T
11299	0.02982	0.03114	C
11300	0.02263	0.02411	T
11301	0.02935	0.03067	C
11302	0.02676	0.02816	A
11303	0.03668	0.03834	C
11304	0.05005	0.05137	T
11305	0.01355	0.01457	G
11306	0.02285	0.0229	C
11307	0.01784	0.01791	C
11308	0.01651	0.01666	C
11309	0.01816	0.01844	A
11310	0.02623	0.0266	A
11311	0.00877	0.01132	G
11312	0.01904	0.01917	A
11313	0.02404	0.02435	A
11314	0.03381	0.03532	C
11315	0.02451	0.02577	T
11316	0.03302	0.0336	A
11317	0.02297	0.02405	T
11318	0.03487	0.03791	C
11319	0.02844	0.02891	A
11320	0.02843	0.02987	A
11321	0.02962	0.02969	A
11322	0.02965	0.03389	C
11323	0.00919	0.01086	T
11324	0.02355	0.02362	C
11325	0.01899	0.01947	C
11326	0.0116	0.01332	T
11327	0.00747	0.00914	G
11328	0.01977	0.02042	A
11329	0.00946	0.00971	G
11330	0.01091	0.01115	C
11331	0.01492	0.01508	C
11332	0.02391	0.02431	A
11333	0.0235	0.0236	A
11334	0.044	0.04655	C
11335	0.02317	0.02329	A
11336	0.02157	0.02189	A
11337	0.03627	0.03938	C
11338	0.02386	0.02436	T
11339	0.01662	0.0171	T
11340	0.02741	0.02834	A
11341	0.03957	0.04014	A
11342	0.01797	0.01896	T
11343	0.04022	0.0421	A
11344	0.01565	0.01618	T
11345	0.01959	0.02038	G
11346	0.03624	0.03699	A
11347	0.04876	0.0501	C
11348	0.01851	0.01944	T
11349	0.0274	0.0284	A
11350	0.01052	0.01098	G
11351	0.01818	0.01908	C
11352	0.01376	0.01405	T
11353	0.01474	0.01514	T
11354	0.02425	0.0393	A
11355	0.05129	0.05383	C
11356	0.0282	0.02913	A
11357	0.06007	0.06249	C
11358	0.03692	0.03715	A
11359	0.03574	0.03716	A
11360	0.01905	0.02076	T
11361	0.02635	0.02715	A
11362	0.0092	0.00968	G
11363	0.02553	0.02669	C
11364	0.01089	0.01095	T
11365	0.01026	0.01038	T
11366	0.01107	0.0111	T
11367	0.01372	0.01395	T
11368	0.04242	0.06054	A
11369	0.01687	0.01754	T
11370	0.05526	0.05865	A
11371	0.0103	0.01149	G
11372	0.00598	0.00743	T
11373	0.02348	0.02367	A
11374	0.02767	0.02777	A
11375	0.0315	0.03203	A
11376	0.00874	0.00927	G
11377	0.04326	0.04786	A
11378	0.01368	0.0143	T
11379	0.05228	0.05312	A
11380	0.07298	0.07412	C
11381	0.04469	0.04589	C
11382	0.00914	0.0095	T
11383	0.02328	0.02357	C
11384	0.00619	0.00621	T
11385	0.00611	0.00614	T
11386	0.00428	0.00437	T
11387	0.02342	0.0268	A
11388	0.05063	0.05178	C
11389	0.01124	0.01139	G
11390	0.00844	0.00869	G
11391	0.03307	0.03962	A
11392	0.03587	0.03657	C
11393	0.01322	0.01489	T
11394	0.03273	0.03281	C
11395	0.03719	0.0376	C
11396	0.02158	0.03109	A
11397	0.06127	0.06423	C
11398	0.01464	0.01495	T
11399	0.0115	0.01237	T
11400	0.03411	0.05757	A
11401	0.01343	0.01406	T
11402	0.01189	0.01306	G
11403	0.04332	0.04495	A
11404	0.04323	0.04535	C
11405	0.01302	0.01566	T
11406	0.04217	0.04266	C
11407	0.03913	0.03921	C
11408	0.04033	0.04098	C
11409	0.01298	0.01612	T
11410	0.02359	0.02486	A
11411	0.03442	0.03477	A
11412	0.06176	0.06257	A
11413	0.01134	0.01273	G
11414	0.0305	0.03059	C
11415	0.02237	0.02239	C
11416	0.02355	0.02364	C
11417	0.02651	0.03808	A
11418	0.01496	0.01536	T
11419	0.01354	0.0139	G
11420	0.01445	0.01488	T
11421	0.02984	0.03039	C
11422	0.01194	0.01457	G
11423	0.0346	0.03627	A
11424	0.06165	0.0635	A
11425	0.02088	0.02293	G
11426	0.03907	0.03977	C
11427	0.01493	0.0151	C
11428	0.02429	0.02437	C
11429	0.02732	0.02735	C
11430	0.02647	0.0265	C
11431	0.05308	0.06384	A
11432	0.01312	0.01385	T
11433	0.04519	0.04631	C
11434	0.01561	0.01601	G
11435	0.03671	0.03789	C
11436	0.0084	0.01017	T
11437	0.00604	0.00614	G
11438	0.00539	0.00541	G
11439	0.01079	0.01082	G
11440	0.00921	0.00966	T
11441	0.03819	0.03858	C
11442	0.0285	0.02862	A
11443	0.03063	0.0307	A
11444	0.01418	0.0146	T
11445	0.02972	0.03045	A
11446	0.00853	0.00889	G
11447	0.00395	0.00414	T
11448	0.01551	0.01588	A
11449	0.01808	0.01861	C
11450	0.00837	0.0084	T
11451	0.01429	0.01438	T
11452	0.01289	0.01489	G
11453	0.04058	0.04078	C
11454	0.03126	0.03143	C
11455	0.01439	0.0184	G
11456	0.04626	0.04697	C
11457	0.04954	0.05144	A
11458	0.00895	0.00916	G
11459	0.00366	0.00391	T
11460	0.01517	0.01549	A
11461	0.01837	0.01883	C
11462	0.00796	0.00839	T
11463	0.06643	0.06803	C
11464	0.0097	0.0097	T
11465	0.00753	0.00774	T
11466	0.84348	0.8438	A
11467	0.0451	0.04519	A
11468	0.04337	0.04356	A
11469	0.05276	0.05304	A
11470	0.07467	0.0842	C
11471	0.01162	0.01224	T
11472	0.05046	0.05452	A
11473	0.00848	0.00887	G
11474	0.00791	0.00816	G
11475	0.11788	0.12292	C
11476	0.00515	0.00515	G
11477	0.00627	0.00637	G
11478	0.02183	0.02303	C
11479	0.00696	0.00728	T
11480	0.0333	0.03386	A
11481	0.00609	0.00755	T
11482	0.00727	0.00735	G
11483	0.008	0.00804	G
11484	0.00788	0.0081	T
11485	0.03379	0.03468	A
11486	0.00822	0.01104	T
11487	0.05473	0.0548	A
11488	0.03834	0.04657	A
11489	0.00861	0.00922	T
11490	0.05175	0.05885	A
11491	0.07586	0.08468	C
11492	0.0116	0.01218	G
11493	0.024	0.0241	C
11494	0.01253	0.01279	C
11495	0.01309	0.0179	T
11496	0.03436	0.03617	C
11497	0.03451	0.03858	A
11498	0.07111	0.07577	C
11499	0.03409	0.03503	A
11500	0.06078	0.06428	C
11501	0.01266	0.0136	T
11502	0.05246	0.05425	C
11503	0.05168	0.05663	A
11504	0.0143	0.01446	T
11505	0.01184	0.0124	T
11506	0.05235	0.05756	C
11507	0.01553	0.01732	T
11508	0.05782	0.06301	C
11509	0.02966	0.03127	A
11510	0.03014	0.03229	A
11511	0.03586	0.0361	C
11512	0.02202	0.02277	C
11513	0.0221	0.02227	C
11514	0.02536	0.0254	C
11515	0.02638	0.02642	C
11516	0.01713	0.01936	T
11517	0.0152	0.01623	G
11518	0.02825	0.02913	A
11519	0.04736	0.05078	C
11520	0.03071	0.03106	A
11521	0.02057	0.02074	A
11522	0.03195	0.03201	A
11523	0.02184	0.02194	A
11524	0.04312	0.05078	C
11525	0.02469	0.02559	A
11526	0.03362	0.03506	C
11527	0.02647	0.0294	A
11528	0.00937	0.01065	T
11529	0.03321	0.0346	A
11530	0.01136	0.01195	G
11531	0.01959	0.01976	C
11532	0.01335	0.01364	C
11533	0.02326	0.02713	T
11534	0.03131	0.0352	A
11535	0.0331	0.03369	C
11536	0.0272	0.02834	C
11537	0.02818	0.02864	C
11538	0.03333	0.0342	C
11539	0.01673	0.01704	T
11540	0.01341	0.01379	T
11541	0.03957	0.03962	C
11542	0.04014	0.04054	C
11543	0.01773	0.01776	T
11544	0.01615	0.0166	T
11545	0.01493	0.0168	G
11546	0.00963	0.00993	T
11547	0.03877	0.04015	A
11548	0.0552	0.05757	C
11549	0.01426	0.0153	T
11550	0.03439	0.04237	A
11551	0.01378	0.01897	T
11552	0.03983	0.04089	C
11553	0.03641	0.0365	C
11554	0.02997	0.03044	C
11555	0.01209	0.01289	T
11556	0.0435	0.04477	A
11557	0.01092	0.01228	T
11558	0.0085	0.01097	G
11559	0.02186	0.02292	A
11560	0.00573	0.00575	G
11561	0.00676	0.007	G
11562	0.03248	0.03314	C
11563	0.0307	0.03132	A
11564	0.00881	0.01495	T
11565	0.02263	0.02264	A
11566	0.03113	0.03356	A
11567	0.01252	0.01266	T
11568	0.00986	0.01147	T
11569	0.023	0.03883	A
11570	0.01215	0.01866	T
11571	0.03867	0.03876	A
11572	0.0343	0.03599	A
11573	0.05445	0.0567	C
11574	0.03248	0.03251	A
11575	0.04055	0.04215	A
11576	0.01165	0.01273	G
11577	0.03089	0.03206	C
11578	0.02075	0.02366	T
11579	0.03297	0.033	C
11580	0.02576	0.02652	C
11581	0.03187	0.0412	A
11582	0.01402	0.01495	T
11583	0.03289	0.03342	C
11584	0.01225	0.01325	T
11585	0.00715	0.0081	G
11586	0.03472	0.03489	C
11587	0.0144	0.01484	C
11588	0.02074	0.02213	T
11589	0.02673	0.02911	A
11590	0.03452	0.03522	C
11591	0.01644	0.01738	G
11592	0.02567	0.02633	A
11593	0.04417	0.04807	C
11594	0.03295	0.03359	A
11595	0.03456	0.03465	A
11596	0.03208	0.0328	A
11597	0.05137	0.05838	C
11598	0.03781	0.04201	A
11599	0.01144	0.01218	G
11600	0.0305	0.0307	A
11601	0.04933	0.04948	C
11602	0.02674	0.02733	C
11603	0.02053	0.02647	T
11604	0.02498	0.02622	A
11605	0.01534	0.01547	A
11606	0.0396	0.0398	A
11607	0.05072	0.05114	A
11608	0.01744	0.01867	T
11609	0.05697	0.05838	C
11610	0.01223	0.01273	G
11611	0.0233	0.02387	C
11612	0.01255	0.01363	T
11613	0.04945	0.05067	C
11614	0.03634	0.04058	A
11615	0.01469	0.01483	T
11616	0.01259	0.01305	T
11617	0.0141	0.01638	G
11618	0.04175	0.0436	C
11619	0.03864	0.0408	A
11620	0.02046	0.02118	T
11621	0.03811	0.04051	A
11622	0.0559	0.0583	C
11623	0.01947	0.02003	T
11624	0.04946	0.05154	C
11625	0.01703	0.01714	T
11626	0.01556	0.01565	T
11627	0.0469	0.0487	C
11628	0.02931	0.0305	A
11629	0.03283	0.03375	A
11630	0.01358	0.01977	T
11631	0.04309	0.04528	C
11632	0.03013	0.03241	A
11633	0.01184	0.01251	G
11634	0.01869	0.01888	C
11635	0.03111	0.03205	C
11636	0.01979	0.02458	A
11637	0.04436	0.04663	C
11638	0.04254	0.05081	A
11639	0.01306	0.01465	T
11640	0.04379	0.04596	A
11641	0.00952	0.01081	G
11642	0.03112	0.03133	C
11643	0.02477	0.02487	C
11644	0.02986	0.03007	C
11645	0.01256	0.01414	T
11646	0.0344	0.03473	C
11647	0.01452	0.01543	G
11648	0.00885	0.00934	T
11649	0.02813	0.02876	A
11650	0.0118	0.01338	G
11651	0.01257	0.0152	T
11652	0.04919	0.04939	A
11653	0.04455	0.04665	A
11654	0.05106	0.05426	C
11655	0.03641	0.0373	A
11656	0.01346	0.01396	G
11657	0.04783	0.04808	C
11658	0.03864	0.0391	C
11659	0.04281	0.04578	A
11660	0.01783	0.01801	T
11661	0.01667	0.01732	T
11662	0.05164	0.05718	C
11663	0.02116	0.02288	T
11664	0.04772	0.05231	C
11665	0.03188	0.03591	A
11666	0.01969	0.02618	T
11667	0.04336	0.04414	C
11668	0.03144	0.03301	C
11669	0.01975	0.02072	A
11670	0.03482	0.03653	A
11671	0.03957	0.0413	A
11672	0.03205	0.0334	C
11673	0.0219	0.02227	C
11674	0.02437	0.02507	C
11675	0.03062	0.03074	C
11676	0.03344	0.03352	C
11677	0.02124	0.0234	T
11678	0.01714	0.01978	G
11679	0.04506	0.04575	A
11680	0.04991	0.0503	A
11681	0.01339	0.01428	G
11682	0.03192	0.03322	C
11683	0.01352	0.01364	T
11684	0.01287	0.01302	T
11685	0.0332	0.03671	C
11686	0.0341	0.03561	A
11687	0.05438	0.05438	C
11688	0.03681	0.03727	C
11689	0.01024	0.01043	G
11690	0.00977	0.00983	G
11691	0.02264	0.02307	C
11692	0.01687	0.01906	G
11693	0.05336	0.05622	C
11694	0.03295	0.03468	A
11695	0.01593	0.01639	G
11696	0.0165	0.01728	T
11697	0.0427	0.04351	C
11698	0.04599	0.04668	A
11699	0.01833	0.01842	T
11700	0.01939	0.02027	T
11701	0.04297	0.04769	C
11702	0.02153	0.02409	T
11703	0.04873	0.05139	C
11704	0.04071	0.04448	A
11705	0.01394	0.02016	T
11706	0.04006	0.04087	A
11707	0.04406	0.04916	A
11708	0.0258	0.02654	T
11709	0.03713	0.0416	C
11710	0.01498	0.01672	G
11711	0.02142	0.02148	C
11712	0.0173	0.0173	C
11713	0.02841	0.02853	C
11714	0.02697	0.03241	A
11715	0.04146	0.04457	C
11716	0.00985	0.01078	G
11717	0.00743	0.0075	G
11718	0.79413	0.7942	G
11719	0.02709	0.02724	C
11720	0.01657	0.01675	T
11721	0.01519	0.02037	T
11722	0.02228	0.032	A
11723	0.04164	0.04512	C
11724	0.04018	0.04177	A
11725	0.00898	0.01173	T
11726	0.02048	0.02083	C
11727	0.01648	0.01679	C
11728	0.01895	0.0216	T
11729	0.03624	0.0375	C
11730	0.03143	0.03551	A
11731	0.02028	0.02033	T
11732	0.01514	0.01598	T
11733	0.0225	0.04037	A
11734	0.04856	0.05133	C
11735	0.01807	0.01876	T
11736	0.04579	0.05287	A
11737	0.01606	0.01612	T
11738	0.0155	0.01565	T
11739	0.03478	0.04336	C
11740	0.02796	0.02856	T
11741	0.01598	0.01691	G
11742	0.02822	0.02841	C
11743	0.0195	0.02045	C
11744	0.03436	0.03994	T
11745	0.03125	0.03322	A
11746	0.02116	0.02233	G
11747	0.02953	0.03258	C
11748	0.03243	0.03304	A
11749	0.028	0.02834	A
11750	0.02878	0.02894	A
11751	0.04219	0.04607	C
11752	0.02585	0.02806	T
11753	0.03466	0.03651	C
11754	0.02713	0.02835	A
11755	0.03069	0.0313	A
11756	0.02918	0.02942	A
11757	0.03634	0.04059	C
11758	0.02048	0.02159	T
11759	0.02765	0.02905	A
11760	0.03852	0.03975	C
11761	0.02086	0.02321	G
11762	0.02318	0.02363	A
11763	0.03378	0.03497	A
11764	0.0499	0.05211	C
11765	0.02242	0.02332	G
11766	0.02003	0.02121	C
11767	0.02707	0.02777	A
11768	0.02867	0.02962	C
11769	0.02373	0.02588	T
11770	0.03493	0.03615	C
11771	0.02502	0.02735	A
11772	0.04062	0.04217	C
11773	0.02905	0.03233	A
11774	0.02445	0.02546	G
11775	0.02374	0.02483	T
11776	0.03654	0.03752	C
11777	0.01735	0.01877	G
11778	0.02314	0.02577	C
11779	0.02869	0.02938	A
11780	0.02134	0.02412	T
11781	0.03615	0.03862	C
11782	0.03529	0.03741	A
11783	0.01581	0.0247	T
11784	0.03228	0.0325	A
11785	0.04366	0.05136	A
11786	0.00814	0.01189	T
11787	0.02716	0.02859	C
11788	0.01834	0.01894	C
11789	0.00944	0.0103	T
11790	0.04138	0.04289	C
11791	0.02965	0.03146	T
11792	0.04003	0.04188	C
11793	0.03071	0.03335	T
11794	0.049	0.05144	C
11795	0.03173	0.03393	A
11796	0.02815	0.0284	A
11797	0.00524	0.00529	G
11798	0.00507	0.00517	G
11799	0.0187	0.02381	A
11800	0.04665	0.04801	C
11801	0.02133	0.02148	T
11802	0.02214	0.02233	T
11803	0.03996	0.0438	C
11804	0.02939	0.03004	A
11805	0.03001	0.03034	A
11806	0.03125	0.0315	A
11807	0.0409	0.04553	C
11808	0.01998	0.02054	T
11809	0.03515	0.03655	C
11810	0.02084	0.02206	T
11811	0.03134	0.03702	A
11812	0.03413	0.03677	C
11813	0.02463	0.02908	T
11814	0.02864	0.02869	C
11815	0.02402	0.0242	C
11816	0.0245	0.02546	C
11817	0.0175	0.02173	A
11818	0.04379	0.04532	C
11819	0.01816	0.02431	T
11820	0.03483	0.03537	A
11821	0.04195	0.04382	A
11822	0.01661	0.01837	T
11823	0.04216	0.04344	A
11824	0.01669	0.01756	G
11825	0.04433	0.04522	C
11826	0.01003	0.01014	T
11827	0.01028	0.0103	T
11828	0.01067	0.01069	T
11829	0.01191	0.01192	T
11830	0.00783	0.00786	T
11831	0.0179	0.02124	G
11832	0.04543	0.04762	A
11833	0.015	0.01561	T
11834	0.01028	0.0107	G
11835	0.0357	0.03674	A
11836	0.04314	0.04519	C
11837	0.01483	0.01496	T
11838	0.01617	0.01665	T
11839	0.04073	0.04546	C
11840	0.01555	0.01648	T
11841	0.03927	0.0421	A
11842	0.01521	0.01567	G
11843	0.0325	0.03776	C
11844	0.02619	0.02651	A
11845	0.03555	0.03827	A
11846	0.01055	0.01148	G
11847	0.03494	0.0352	C
11848	0.01834	0.01904	C
11849	0.01474	0.01568	T
11850	0.04066	0.04157	C
11851	0.01156	0.0121	G
11852	0.03867	0.04115	C
11853	0.0105	0.01324	T
11854	0.02933	0.03007	A
11855	0.0394	0.03983	A
11856	0.05831	0.05851	C
11857	0.02392	0.02538	C
11858	0.01699	0.01889	T
11859	0.0427	0.04436	C
11860	0.01032	0.01156	G
11861	0.03474	0.03478	C
11862	0.03065	0.03099	C
11863	0.01767	0.01799	T
11864	0.0168	0.01811	T
11865	0.02973	0.03535	A
11866	0.02482	0.02518	C
11867	0.02236	0.02295	C
11868	0.01662	0.01696	C
11869	0.01598	0.01612	C
11870	0.0261	0.02613	C
11871	0.0217	0.02192	C
11872	0.01634	0.02119	A
11873	0.02995	0.03074	C
11874	0.01513	0.01584	T
11875	0.03052	0.03198	A
11876	0.01364	0.01378	T
11877	0.01437	0.0148	T
11878	0.02046	0.02074	A
11879	0.03237	0.03336	A
11880	0.05216	0.05249	C
11881	0.02732	0.02802	C
11882	0.01794	0.01881	T
11883	0.03156	0.03266	A
11884	0.05432	0.05588	C
11885	0.01536	0.02164	T
11886	0.01289	0.01316	G
11887	0.00475	0.00478	G
11888	0.0039	0.00398	G
11889	0.01478	0.01749	A
11890	0.00618	0.00694	G
11891	0.03082	0.03093	A
11892	0.02818	0.02882	A
11893	0.03693	0.03968	C
11894	0.02276	0.02358	T
11895	0.04991	0.05068	C
11896	0.0184	0.01903	T
11897	0.02851	0.02901	C
11898	0.0168	0.0174	T
11899	0.01299	0.01402	G
11900	0.00916	0.00987	T
11901	0.01052	0.01098	G
11902	0.02383	0.0251	C
11903	0.01549	0.01612	T
11904	0.03176	0.03247	A
11905	0.01675	0.01751	G
11906	0.0105	0.01403	T
11907	0.0247	0.02508	A
11908	0.04405	0.04512	A
11909	0.05389	0.05507	C
11910	0.0338	0.03412	C
11911	0.02263	0.02811	A
11912	0.05531	0.05648	C
11913	0.01066	0.01112	G
11914	0.00575	0.00584	T
11915	0.00601	0.0062	T
11916	0.02667	0.03266	C
11917	0.00614	0.00771	T
11918	0.01155	0.01155	C
11919	0.00776	0.00799	C
11920	0.01959	0.02103	T
11921	0.01706	0.01892	G
11922	0.03471	0.03549	A
11923	0.01704	0.01755	T
11924	0.05054	0.05227	C
11925	0.0282	0.02834	A
11926	0.03411	0.03544	A
11927	0.03813	0.03884	A
11928	0.0173	0.01893	T
11929	0.04204	0.04313	A
11930	0.01674	0.01783	T
11931	0.04527	0.04811	C
11932	0.03699	0.03829	A
11933	0.051	0.05422	C
11934	0.02301	0.0239	T
11935	0.04015	0.04102	C
11936	0.01528	0.01902	T
11937	0.02628	0.02628	C
11938	0.0192	0.02085	C
11939	0.01882	0.02016	T
11940	0.02734	0.02912	A
11941	0.05334	0.05614	C
11942	0.01874	0.01899	T
11943	0.01033	0.0117	T
11944	0.02623	0.04686	A
11945	0.03304	0.03412	C
11946	0.01928	0.02077	A
11947	0.00618	0.00629	G
11948	0.00465	0.0048	G
11949	0.01703	0.02185	A
11950	0.06751	0.06826	C
11951	0.01203	0.01438	T
11952	0.03322	0.03499	C
11953	0.02064	0.02134	A
11954	0.02559	0.02607	A
11955	0.04075	0.04196	C
11956	0.04533	0.04652	A
11957	0.01387	0.01452	T
11958	0.02214	0.02269	A
11959	0.02591	0.0271	C
11960	0.01929	0.01993	T
11961	0.02082	0.0219	A
11962	0.00889	0.00921	G
11963	0.01409	0.01495	T
11964	0.02234	0.02277	C
11965	0.01932	0.02328	A
11966	0.02546	0.02773	C
11967	0.01754	0.02226	A
11968	0.01006	0.01171	G
11969	0.0786	0.07869	C
11970	0.02734	0.02755	C
11971	0.01713	0.01738	C
11972	0.0132	0.01417	T
11973	0.03717	0.03923	A
11974	0.01372	0.01476	T
11975	0.04543	0.04745	A
11976	0.02586	0.02855	C
11977	0.01473	0.01896	T
11978	0.01913	0.01948	C
11979	0.02018	0.02019	C
11980	0.01693	0.01811	C
11981	0.02403	0.02516	T
11982	0.04283	0.04419	C
11983	0.03131	0.03301	T
11984	0.02905	0.03045	A
11985	0.04753	0.04863	C
11986	0.02689	0.02974	A
11987	0.01513	0.01562	T
11988	0.02695	0.02817	A
11989	0.0167	0.01671	T
11990	0.01665	0.0167	T
11991	0.01315	0.01353	T
11992	0.03843	0.0429	A
11993	0.03481	0.03517	C
11994	0.02259	0.02331	C
11995	0.01932	0.0263	A
11996	0.03327	0.0369	C
11997	0.02721	0.02731	A
11998	0.0198	0.021	A
11999	0.03306	0.03746	C
