Position	Mismatches	Mismatches + Deletions	Base
4000	0.00844	0.00849	T
4001	0.02274	0.02838	A
4002	0.00483	0.00485	G
4003	0.00815	0.00815	G
4004	0.00853	0.00855	G
4005	0.02059	0.02692	A
4006	0.00999	0.01014	G
4007	0.02078	0.02124	A
4008	0.00698	0.00708	G
4009	0.01631	0.01669	C
4010	0.00934	0.01052	T
4011	0.00881	0.00889	G
4012	0.00963	0.00963	G
4013	0.01369	0.01372	G
4014	0.00969	0.00988	T
4015	0.01216	0.0125	T
4016	0.01412	0.01529	G
4017	0.01084	0.01087	T
4018	0.01242	0.01242	T
4019	0.01076	0.01083	T
4020	0.00898	0.00901	G
4021	0.00806	0.00806	G
4022	0.01316	0.0132	G
4023	0.00927	0.00938	T
4024	0.01129	0.01179	T
4025	0.01425	0.01539	G
4026	0.00905	0.01018	T
4027	0.01064	0.01065	G
4028	0.00882	0.00884	G
4029	0.01716	0.01746	C
4030	0.0062	0.00682	T
4031	0.01289	0.01308	C
4032	0.01997	0.02027	A
4033	0.01012	0.01021	G
4034	0.00534	0.00547	T
4035	0.01064	0.0108	G
4036	0.00642	0.0066	T
4037	0.00396	0.00406	C
4038	0.00932	0.00951	A
4039	0.01015	0.01025	G
4040	0.0073	0.00731	T
4041	0.00533	0.00534	T
4042	0.00485	0.00495	C
4043	0.00909	0.00923	G
4044	0.01271	0.01296	A
4045	0.00885	0.00897	G
4046	0.00985	0.01007	A
4047	0.00598	0.00782	T
4048	0.0163	0.0163	A
4049	0.01795	0.01853	A
4050	0.01067	0.01258	T
4051	0.01826	0.01826	A
4052	0.02032	0.02119	A
4053	0.02529	0.02648	C
4054	0.00516	0.00517	T
4055	0.00367	0.00369	T
4056	0.00354	0.00409	C
4057	0.00613	0.00613	T
4058	0.00416	0.00417	T
4059	0.00559	0.0056	G
4060	0.00764	0.00766	G
4061	0.0046	0.00464	T
4062	0.00469	0.00474	C
4063	0.00457	0.00517	T
4064	0.02272	0.02409	A
4065	0.00415	0.00415	G
4066	0.00763	0.00764	G
4067	0.00498	0.00509	C
4068	0.00941	0.0109	A
4069	0.00659	0.0068	C
4070	0.01519	0.01556	A
4071	0.00733	0.00751	T
4072	0.00667	0.00696	G
4073	0.01775	0.01793	A
4074	0.0175	0.01768	A
4075	0.0099	0.01008	T
4076	0.01975	0.02006	A
4077	0.00787	0.00787	T
4078	0.00743	0.00751	T
4079	0.00696	0.0077	G
4080	0.00701	0.00701	T
4081	0.01078	0.01085	T
4082	0.01266	0.01314	G
4083	0.01663	0.01782	T
4084	0.00923	0.00924	G
4085	0.00652	0.00653	G
4086	0.00899	0.009	G
4087	0.00825	0.00831	G
4088	0.02299	0.02326	A
4089	0.02666	0.02675	A
4090	0.00784	0.00841	G
4091	0.02827	0.02872	A
4092	0.00642	0.00658	G
4093	0.01848	0.01865	A
4094	0.01981	0.02014	C
4095	0.01171	0.01229	T
4096	0.00861	0.00908	G
4097	0.01585	0.01609	A
4098	0.00814	0.00963	T
4099	0.01986	0.01986	A
4100	0.01833	0.01913	A
4101	0.00915	0.0098	T
4102	0.01822	0.01822	A
4103	0.0226	0.02261	A
4104	0.02959	0.02997	A
4105	0.00691	0.00693	G
4106	0.01396	0.01406	G
4107	0.00803	0.00874	T
4108	0.0098	0.0098	G
4109	0.0099	0.00995	G
4110	0.01514	0.02218	A
4111	0.01218	0.01328	T
4112	0.00682	0.00804	G
4113	0.02041	0.0208	C
4114	0.01037	0.01047	G
4115	0.01724	0.0175	A
4116	0.02357	0.0239	C
4117	0.01956	0.01957	A
4118	0.02092	0.02114	A
4119	0.01047	0.0108	T
4120	0.00676	0.00679	G
4121	0.00592	0.00595	G
4122	0.01503	0.01585	A
4123	0.00666	0.0067	T
4124	0.00857	0.00859	T
4125	0.00741	0.00741	T
4126	0.00874	0.00876	T
4127	0.01557	0.02006	A
4128	0.02713	0.02736	C
4129	0.01743	0.01753	A
4130	0.0087	0.00969	T
4131	0.02188	0.02191	A
4132	0.02383	0.0253	A
4133	0.03364	0.03425	T
4134	0.01054	0.01056	G
4135	0.00564	0.0057	G
4136	0.00516	0.00518	G
4137	0.00618	0.00618	G
4138	0.01033	0.01037	G
4139	0.00791	0.00844	T
4140	0.01488	0.01555	A
4141	0.00776	0.00818	T
4142	0.00432	0.00458	G
4143	0.01341	0.01374	A
4144	0.00522	0.00563	G
4145	0.00217	0.00222	T
4146	0.00118	0.00121	T
4147	0.00098	0.00101	T
4148	0.0022	0.00221	T
4149	0.00331	0.00331	T
4150	0.00327	0.00327	T
4151	0.00405	0.00405	T
4152	0.00339	0.00339	T
4153	0.01056	0.01125	G
4154	0.00728	0.00728	T
4155	0.01012	0.01012	T
4156	0.02639	0.0302	A
4157	0.00379	0.00386	G
4158	0.00353	0.00355	G
4159	0.00636	0.00636	G
4160	0.00619	0.0062	T
4161	0.0092	0.00925	T
4162	0.01812	0.01814	A
4163	0.02772	0.02778	A
4164	0.038	0.0384	C
4165	0.0054	0.00575	G
4166	0.0218	0.02209	A
4167	0.00507	0.00507	G
4168	0.00501	0.00501	G
4169	0.00639	0.00645	G
4170	0.00467	0.00566	T
4171	0.00656	0.00656	G
4172	0.00559	0.00568	G
4173	0.00595	0.00631	T
4174	0.02102	0.02107	A
4175	0.02123	0.0213	A
4176	0.00447	0.00448	G
4177	0.00351	0.00351	G
4178	0.01979	0.02802	A
4179	0.00858	0.00891	T
4180	0.0044	0.00444	G
4181	0.00376	0.00379	G
4182	0.00396	0.00399	G
4183	0.0041	0.0041	G
4184	0.00656	0.00656	G
4185	0.00445	0.00445	G
4186	0.00939	0.00945	A
4187	0.01595	0.01596	A
4188	0.0083	0.00835	T
4189	0.00989	0.00991	T
4190	0.02646	0.02926	A
4191	0.00435	0.00437	G
4192	0.00442	0.00442	G
4193	0.00331	0.00332	G
4194	0.01409	0.01414	A
4195	0.01684	0.01686	A
4196	0.00512	0.00525	G
4197	0.00683	0.00689	T
4198	0.95889	0.96286	C
4199	0.02655	0.02717	A
4200	0.00389	0.00389	G
4201	0.00329	0.00329	G
4202	0.00469	0.0047	G
4203	0.00618	0.00619	T
4204	0.00784	0.00788	T
4205	0.02095	0.02394	A
4206	0.00334	0.00338	G
4207	0.00279	0.0028	G
4208	0.00501	0.00502	G
4209	0.00466	0.00606	T
4210	0.00457	0.00458	G
4211	0.00327	0.0033	G
4212	0.00343	0.00343	T
4213	0.0057	0.00576	T
4214	0.00998	0.01305	A
4215	0.00701	0.00704	T
4216	0.02398	0.02436	A
4217	0.00473	0.00482	G
4218	0.00591	0.00616	T
4219	0.01962	0.02	A
4220	0.00427	0.00433	G
4221	0.00513	0.00641	T
4222	0.00457	0.00469	G
4223	0.00498	0.00512	T
4224	0.00303	0.00339	G
4225	0.02045	0.02143	C
4226	0.01346	0.01362	A
4227	0.00591	0.00603	T
4228	0.00236	0.00236	G
4229	0.00247	0.00248	G
4230	0.00349	0.00349	T
4231	0.00464	0.00472	T
4232	0.00906	0.01166	A
4233	0.00653	0.00653	T
4234	0.00645	0.00654	T
4235	0.00733	0.01124	A
4236	0.01929	0.01949	C
4237	0.00276	0.00276	T
4238	0.00495	0.00496	T
4239	0.00504	0.00504	T
4240	0.00584	0.00586	T
4241	0.00718	0.01483	A
4242	0.00521	0.00521	T
4243	0.00699	0.00699	T
4244	0.00761	0.00762	T
4245	0.00227	0.00229	G
4246	0.00198	0.00202	G
4247	0.01401	0.01697	A
4248	0.00417	0.0042	G
4249	0.00549	0.00553	T
4250	0.00463	0.00465	T
4251	0.0034	0.00383	G
4252	0.01007	0.01028	C
4253	0.00962	0.00972	A
4254	0.00675	0.00675	C
4255	0.00778	0.00782	C
4256	0.00564	0.00564	A
4257	0.00402	0.00403	A
4258	0.01489	0.0149	A
4259	0.01702	0.01703	A
4260	0.00499	0.00506	T
4261	0.00425	0.00425	T
4262	0.91761	0.91761	T
4263	0.00563	0.00563	T
4264	0.01728	0.01728	T
4265	0.00317	0.00318	G
4266	0.00265	0.00266	G
4267	0.00302	0.00302	G
4268	0.00384	0.00384	G
4269	0.02387	0.0239	C
4270	0.00939	0.0094	C
4271	0.00902	0.00916	T
4272	0.01687	0.017	A
4273	0.028	0.02824	A
4274	0.00231	0.00255	G
4275	0.01462	0.01466	A
4276	0.01237	0.01238	C
4277	0.00875	0.00876	C
4278	0.01188	0.01189	A
4279	0.0135	0.01361	A
4280	0.00495	0.00502	T
4281	0.00235	0.00236	G
4282	0.00224	0.00225	G
4283	0.00531	0.00826	A
4284	0.0028	0.00285	T
4285	0.01269	0.01294	A
4286	0.00266	0.00276	G
4287	0.02129	0.02137	C
4288	0.00558	0.00561	T
4289	0.00371	0.00386	G
4290	0.00602	0.00602	T
4291	0.00343	0.00344	T
4292	0.00555	0.01006	A
4293	0.00166	0.0017	T
4294	0.0042	0.00421	C
4295	0.00326	0.00328	C
4296	0.00199	0.00199	T
4297	0.00342	0.00343	T
4298	0.00418	0.00418	T
4299	0.00951	0.00964	A
4300	0.01161	0.01162	A
4301	0.01555	0.01557	A
4302	0.01797	0.01798	A
4303	0.00257	0.00263	G
4304	0.00518	0.00518	T
4305	0.00643	0.00644	T
4306	0.0017	0.00174	G
4307	0.00648	0.00665	A
4308	0.00253	0.00259	G
4309	0.00665	0.00666	A
4310	0.00549	0.00549	A
4311	0.00509	0.00515	A
4312	0.00312	0.00316	G
4313	0.00144	0.00146	C
4314	0.00125	0.00126	C
4315	0.00308	0.00405	A
4316	0.00082	0.00082	T
4317	0.00307	0.0031	G
4318	0.00169	0.00169	T
4319	0.00226	0.00226	T
4320	0.00203	0.00221	G
4321	0.00211	0.00211	T
4322	0.00204	0.00204	T
4323	0.00664	0.00763	A
4324	0.00173	0.00175	G
4325	0.00814	0.00825	A
4326	0.00665	0.00676	C
4327	0.01616	0.0175	A
4328	0.03782	0.03835	T
4329	0.02798	0.02798	G
4330	0.0057	0.0057	G
4331	0.00328	0.00329	G
4332	0.00148	0.00148	G
4333	0.00324	0.00324	G
4334	0.00377	0.00404	C
4335	0.01111	0.01134	A
4336	0.00378	0.00385	T
4337	0.00172	0.00177	G
4338	0.01137	0.01149	A
4339	0.0038	0.0038	G
4340	0.00474	0.00475	T
4341	0.00512	0.00512	T
4342	0.00803	0.00882	A
4343	0.00266	0.00279	G
4344	0.00576	0.00583	C
4345	0.00978	0.01004	A
4346	0.00357	0.0036	G
4347	0.00191	0.00193	T
4348	0.00158	0.00158	T
4349	0.00467	0.00503	C
4350	0.00283	0.00283	T
4351	0.00289	0.00289	T
4352	0.00244	0.00256	G
4353	0.00175	0.00216	T
4354	0.00161	0.00173	G
4355	0.00778	0.0079	A
4356	0.00329	0.00331	G
4357	0.00511	0.0052	C
4358	0.00076	0.00076	T
4359	0.00112	0.00112	T
4360	0.00157	0.00157	T
4361	0.00358	0.00365	C
4362	0.00166	0.0018	T
4363	0.00548	0.00549	C
4364	0.00207	0.00207	G
4365	0.00413	0.00413	G
4366	0.00444	0.00454	T
4367	0.01165	0.01167	A
4368	0.0138	0.01385	A
4369	0.01576	0.01585	A
4370	0.00558	0.00611	T
4371	0.01956	0.01956	A
4372	0.01657	0.01697	A
4373	0.00355	0.00358	G
4374	0.00163	0.00163	G
4375	0.0023	0.0023	G
4376	0.00235	0.00235	G
4377	0.00218	0.00264	T
4378	0.01453	0.0146	C
4379	0.00497	0.00513	G
4380	0.00495	0.00659	T
4381	0.02207	0.02232	A
4382	0.0261	0.02615	A
4383	0.00221	0.00227	G
4384	0.0023	0.0023	C
4385	0.00133	0.00133	C
4386	0.00086	0.00095	T
4387	0.00338	0.00342	C
4388	0.00213	0.00215	T
4389	0.00301	0.00323	G
4390	0.00432	0.00432	T
4391	0.00484	0.00484	T
4392	0.00217	0.00224	G
4393	0.00171	0.00199	T
4394	0.0025	0.00251	C
4395	0.00479	0.0049	A
4396	0.00216	0.0022	G
4397	0.0044	0.00451	A
4398	0.00141	0.00141	T
4399	0.00382	0.00391	T
4400	0.02734	0.02789	C
4401	0.01664	0.01707	A
4402	0.03268	0.03346	C
4403	0.01575	0.01575	A
4404	0.02349	0.0239	A
4405	0.00075	0.00076	T
4406	0.0017	0.00171	C
4407	0.00108	0.00112	T
4408	0.00148	0.00155	G
4409	0.004	0.00425	A
4410	0.00189	0.00191	T
4411	0.00242	0.0025	G
4412	0.00214	0.00214	T
4413	0.00427	0.00427	T
4414	0.00803	0.00803	T
4415	0.00741	0.00741	T
4416	0.00262	0.00262	G
4417	0.00321	0.00322	G
4418	0.0052	0.0052	T
4419	0.00619	0.0062	T
4420	0.0157	0.01575	A
4421	0.01356	0.01358	A
4422	0.01485	0.01491	A
4423	0.01947	0.02003	C
4424	0.00787	0.00799	T
4425	0.01367	0.01414	A
4426	0.00546	0.00555	T
4427	0.00985	0.01013	A
4428	0.00474	0.00476	T
4429	0.00704	0.00704	T
4430	0.00465	0.00467	T
4431	0.0115	0.01322	A
4432	0.02008	0.02043	C
4433	0.02681	0.02681	A
4434	0.0275	0.02794	A
4435	0.00439	0.00473	G
4436	0.01838	0.01923	A
4437	0.00402	0.00402	G
4438	0.0054	0.00552	G
4439	0.01097	0.01103	A
4440	0.01132	0.01132	A
4441	0.02124	0.02126	A
4442	0.02006	0.02008	A
4443	0.00691	0.007	C
4444	0.00442	0.00444	C
4445	0.00613	0.00613	C
4446	0.00755	0.00758	G
4447	0.00836	0.00836	G
4448	0.00654	0.00753	T
4449	0.02305	0.02312	A
4450	0.02286	0.02309	A
4451	0.0123	0.0128	T
4452	0.00661	0.00725	G
4453	0.02415	0.02437	A
4454	0.00909	0.00932	T
4455	0.00974	0.00981	G
4456	0.00742	0.00771	T
4457	0.01356	0.01371	C
4458	0.00507	0.0051	G
4459	0.00272	0.00272	G
4460	0.00254	0.00254	G
4461	0.01336	0.01336	G
4462	0.01457	0.0146	T
4463	0.01251	0.01279	T
4464	0.01094	0.01131	G
4465	0.03198	0.03328	A
4466	0.01063	0.01063	G
4467	0.00842	0.00842	G
4468	0.01383	0.01383	G
4469	0.02289	0.02883	A
4470	0.0145	0.01532	T
4471	0.03107	0.03163	A
4472	0.00871	0.0089	G
4473	0.02499	0.02539	G
4474	0.01779	0.01977	A
4475	0.01531	0.01531	G
4476	0.0153	0.01573	G
4477	0.02008	0.02381	A
4478	0.01677	0.01848	G
4479	0.04192	0.04192	A
4480	0.02483	0.02526	A
4481	0.03256	0.03778	T
4482	0.01326	0.01433	G
4483	0.01682	0.01697	G
4484	0.02028	0.02028	G
4485	0.01852	0.01852	G
4486	0.02058	0.02058	G
4487	0.03138	0.03528	A
4488	0.03185	0.04553	T
4489	0.03047	0.03119	A
4490	0.00914	0.00923	G
4491	0.05636	0.0565	G
4492	0.01252	0.01269	T
4493	0.02436	0.02489	G
4494	0.02614	0.02766	T
4495	0.02151	0.02227	A
4496	0.02462	0.03746	T
4497	0.02022	0.02083	G
4498	0.01666	0.01678	A
4499	0.01228	0.01238	A
4500	0.0165	0.01659	C
4501	0.01124	0.0114	A
4502	0.01545	0.01629	T
4503	0.01406	0.01529	G
4504	0.01466	0.01522	A
4505	0.02018	0.0202	G
4506	0.01423	0.01423	G
4507	0.0314	0.03158	G
4508	0.01986	0.02059	T
4509	0.02576	0.02812	G
4510	0.01493	0.01495	T
4511	0.01418	0.01418	T
4512	0.01127	0.01127	T
4513	0.01592	0.01596	T
4514	0.00452	0.00499	C
4515	0.01164	0.01192	T
4516	0.00666	0.0067	C
4517	0.02736	0.02771	G
4518	0.01295	0.01327	T
4519	0.02323	0.02373	G
4520	0.01452	0.01561	T
4521	0.02168	0.02217	G
4522	0.01696	0.01736	A
4523	0.01693	0.01707	A
4524	0.01668	0.01707	T
4525	0.01561	0.01733	G
4526	0.01599	0.01679	A
4527	0.01542	0.01545	G
4528	0.01546	0.01547	G
4529	0.03011	0.03012	G
4530	0.02251	0.02328	T
4531	0.02011	0.02042	T
4532	0.01477	0.01483	T
4533	0.01482	0.015	T
4534	0.01051	0.01206	A
4535	0.01667	0.0171	T
4536	0.02692	0.02737	G
4537	0.01452	0.01452	T
4538	0.01447	0.01463	T
4539	0.02958	0.03022	G
4540	0.01497	0.01497	T
4541	0.0127	0.01275	T
4542	0.01506	0.01544	A
4543	0.01353	0.0137	A
4544	0.01463	0.01486	T
4545	0.02579	0.02655	G
4546	0.01053	0.01244	T
4547	0.02694	0.02697	G
4548	0.03585	0.03649	G
4549	0.01456	0.01738	T
4550	0.02119	0.02119	G
4551	0.03272	0.03272	G
4552	0.04032	0.04081	G
4553	0.02123	0.02547	T
4554	0.02608	0.02696	G
4555	0.03437	0.03511	A
4556	0.03242	0.03284	G
4557	0.01326	0.01378	T
4558	0.02606	0.02747	G
4559	0.00801	0.00821	A
4560	0.01036	0.01125	G
4561	0.00455	0.00459	C
4562	0.00209	0.00209	C
4563	0.00209	0.0021	C
4564	0.00472	0.00475	C
4565	0.00775	0.00827	A
4566	0.01198	0.01204	T
4567	0.01052	0.0111	T
4568	0.02821	0.02849	G
4569	0.01178	0.01197	T
4570	0.02894	0.03009	G
4571	0.01172	0.01172	T
4572	0.01417	0.01445	T
4573	0.01948	0.02063	G
4574	0.01306	0.01787	T
4575	0.02796	0.02796	G
4576	0.04486	0.04501	G
4577	0.02343	0.02538	T
4578	0.01946	0.01972	A
4579	0.0138	0.01384	A
4580	0.01071	0.01077	A
4581	0.00971	0.0102	T
4582	0.01335	0.01351	A
4583	0.01937	0.01948	T
4584	0.03578	0.03603	G
4585	0.015	0.01577	T
4586	0.01282	0.01306	A
4587	0.02255	0.02287	G
4588	0.01062	0.01166	A
4589	0.01158	0.01158	G
4590	0.01646	0.01646	G
4591	0.0207	0.02091	G
4592	0.01108	0.01224	A
4593	0.02769	0.02822	G
4594	0.02228	0.02342	T
4595	0.00635	0.00668	A
4596	0.01237	0.01301	T
4597	0.0059	0.00642	A
4598	0.00518	0.00654	G
4599	0.00769	0.00769	G
4600	0.01916	0.0192	G
4601	0.00521	0.0056	C
4602	0.01147	0.01651	T
4603	0.02972	0.03094	G
4604	0.01468	0.01755	T
4605	0.02091	0.02107	G
4606	0.0091	0.0094	A
4607	0.00332	0.00344	C
4608	0.01326	0.01368	T
4609	0.00897	0.00908	A
4610	0.02086	0.02097	G
4611	0.01434	0.01483	T
4612	0.00989	0.01017	A
4613	0.02156	0.022	T
4614	0.02673	0.02733	G
4615	0.0129	0.0129	T
4616	0.01363	0.01386	T
4617	0.02549	0.02599	G
4618	0.00954	0.00996	A
4619	0.03733	0.03757	G
4620	0.0145	0.01781	T
4621	0.00235	0.0025	C
4622	0.00248	0.00254	C
4623	0.01659	0.01681	T
4624	0.0288	0.02909	G
4625	0.01216	0.01935	T
4626	0.00989	0.0101	A
4627	0.0108	0.0109	A
4628	0.029	0.02955	G
4629	0.01542	0.01627	T
4630	0.0111	0.01163	A
4631	0.0102	0.01022	G
4632	0.0244	0.02486	G
4633	0.0084	0.00939	A
4634	0.0284	0.02889	G
4635	0.02262	0.02341	A
4636	0.02495	0.0254	G
4637	0.04926	0.05247	T
4638	0.03568	0.0361	G
4639	0.01871	0.0194	A
4640	0.02373	0.02425	T
4641	0.00869	0.0093	A
4642	0.01977	0.0198	T
4643	0.01693	0.01695	T
4644	0.01248	0.01253	T
4645	0.02549	0.02591	G
4646	0.00988	0.00996	A
4647	0.01499	0.01511	T
4648	0.0049	0.00525	C
4649	0.00594	0.00608	A
4650	0.0014	0.00142	G
4651	0.00137	0.0014	G
4652	0.00156	0.00184	A
4653	0.00582	0.00671	G
4654	0.00175	0.00175	A
4655	0.00172	0.00173	A
4656	0.00275	0.00276	C
4657	0.02505	0.02534	G
4658	0.01214	0.01373	T
4659	0.01884	0.01884	G
4660	0.03028	0.0303	G
4661	0.01834	0.01839	T
4662	0.01166	0.0118	T
4663	0.00837	0.01046	A
4664	0.00458	0.00466	C
4665	0.01369	0.01395	T
4666	0.02582	0.026	A
4667	0.02295	0.02326	G
4668	0.00398	0.00419	C
4669	0.01145	0.01181	A
4670	0.00464	0.00504	C
4671	0.00841	0.00865	A
4672	0.01506	0.01522	G
4673	0.00925	0.00936	A
4674	0.02302	0.02312	G
4675	0.00669	0.00675	A
4676	0.00678	0.00684	G
4677	0.00327	0.00329	T
4678	0.00493	0.00498	T
4679	0.00118	0.00141	C
4680	0.00425	0.00478	T
4681	0.00122	0.00122	C
4682	0.00072	0.00072	C
4683	0.00446	0.00448	C
4684	0.00845	0.00892	A
4685	0.02369	0.02375	G
4686	0.01319	0.01363	T
4687	0.01044	0.01078	A
4688	0.01994	0.01995	G
4689	0.03178	0.0318	G
4690	0.01497	0.01503	T
4691	0.00911	0.00929	T
4692	0.0123	0.01267	A
4693	0.01175	0.01199	A
4694	0.01316	0.01371	T
4695	0.01057	0.01064	A
4696	0.02292	0.02327	G
4697	0.01203	0.01483	T
4698	0.01875	0.01875	G
4699	0.02208	0.0221	G
4700	0.02381	0.02381	G
4701	0.02979	0.02981	G
4702	0.03018	0.03018	G
4703	0.02974	0.02976	G
4704	0.02831	0.03407	T
4705	0.02569	0.02695	A
4706	0.02174	0.02309	A
4707	0.02259	0.02304	G
4708	0.02513	0.02521	G
4709	0.0078	0.00857	C
4710	0.03564	0.03593	G
4711	0.01942	0.02152	A
4712	0.02273	0.02273	G
4713	0.03832	0.03844	G
4714	0.01656	0.01703	T
4715	0.01146	0.01168	T
4716	0.00899	0.00982	A
4717	0.01661	0.01702	G
4718	0.00666	0.00681	C
4719	0.02437	0.02478	G
4720	0.03025	0.03101	A
4721	0.01499	0.01499	G
4722	0.02777	0.02781	G
4723	0.00427	0.0045	C
4724	0.02215	0.02236	T
4725	0.01336	0.01352	T
4726	0.01603	0.01852	G
4727	0.00619	0.00639	C
4728	0.01538	0.0157	T
4729	0.00684	0.0074	A
4730	0.0181	0.01945	G
4731	0.01055	0.01058	A
4732	0.01024	0.01029	A
4733	0.0232	0.02332	G
4734	0.01754	0.01776	T
4735	0.00364	0.00403	C
4736	0.01029	0.01066	A
4737	0.0182	0.01899	T
4738	0.00445	0.00506	C
4739	0.00662	0.00669	A
4740	0.00912	0.0092	A
4741	0.00859	0.00859	A
4742	0.00631	0.00632	A
4743	0.00626	0.00628	A
4744	0.02125	0.0225	G
4745	0.00881	0.00892	C
4746	0.02156	0.02241	T
4747	0.01186	0.0124	A
4748	0.01683	0.01686	T
4749	0.01461	0.01512	T
4750	0.00959	0.01044	A
4751	0.02006	0.02045	G
4752	0.01206	0.01468	T
4753	0.02295	0.02295	G
4754	0.02708	0.02708	G
4755	0.03861	0.03893	G
4756	0.01874	0.01958	A
4757	0.02467	0.02507	G
4758	0.02829	0.0408	T
4759	0.02279	0.02359	A
4760	0.02357	0.02413	G
4761	0.01201	0.01243	A
4762	0.02326	0.02438	G
4763	0.02824	0.02854	T
4764	0.01761	0.0177	T
4765	0.0144	0.01441	T
4766	0.02121	0.02217	G
4767	0.01527	0.01533	A
4768	0.00867	0.0087	A
4769	0.02752	0.02759	G
4770	0.01181	0.01489	T
4771	0.00179	0.00186	C
4772	0.00189	0.00202	C
4773	0.01629	0.01632	T
4774	0.01264	0.0127	T
4775	0.02432	0.02514	G
4776	0.01256	0.01287	A
4777	0.02296	0.02344	G
4778	0.01103	0.01135	A
4779	0.02442	0.02483	G
4780	0.00684	0.0077	A
4781	0.01494	0.01494	G
4782	0.03888	0.03902	G
4783	0.01144	0.0123	A
4784	0.01704	0.0179	T
4785	0.01364	0.01633	T
4786	0.01068	0.01257	A
4787	0.01526	0.01632	T
4788	0.0209	0.02164	G
4789	0.01004	0.01027	A
4790	0.01546	0.01602	T
4791	0.01658	0.01797	G
4792	0.00471	0.00509	C
4793	0.03305	0.03318	G
4794	0.01513	0.01573	A
4795	0.00533	0.00562	C
4796	0.01839	0.01949	T
4797	0.03594	0.03616	G
4798	0.01059	0.0112	T
4799	0.0274	0.02769	G
4800	0.01081	0.01112	A
4801	0.02761	0.0279	G
4802	0.01435	0.01497	T
4803	0.02031	0.02079	G
4804	0.01057	0.01078	C
4805	0.041	0.04164	G
4806	0.01822	0.01831	T
4807	0.01375	0.01391	T
4808	0.00662	0.00729	C
4809	0.03927	0.0396	G
4810	0.01457	0.01495	T
4811	0.00888	0.00905	A
4812	0.02826	0.02925	G
4813	0.01829	0.01862	T
4814	0.01416	0.01423	T
4815	0.01457	0.01458	T
4816	0.02326	0.02436	G
4817	0.01292	0.01319	A
4818	0.03254	0.03375	G
4819	0.01496	0.01525	T
4820	0.01598	0.0161	T
4821	0.01289	0.01293	T
4822	0.02442	0.02557	G
4823	0.01435	0.01462	C
4824	0.02184	0.02237	T
4825	0.06001	0.06068	A
4826	0.0166	0.01665	G
4827	0.02606	0.02615	G
4828	0.01446	0.01472	C
4829	0.0762	0.0768	A
4830	0.02393	0.02613	G
4831	0.01107	0.01107	A
4832	0.01013	0.01021	A
4833	0.02167	0.02307	T
4834	0.01793	0.01799	A
4835	0.02902	0.02958	G
4836	0.01677	0.02869	T
4837	0.01225	0.01232	A
4838	0.01442	0.01461	A
4839	0.01648	0.01826	T
4840	0.01773	0.01875	G
4841	0.00982	0.01038	A
4842	0.01511	0.01513	G
4843	0.01736	0.01755	G
4844	0.00866	0.00927	A
4845	0.0242	0.02454	T
4846	0.02645	0.02751	G
4847	0.00998	0.01302	T
4848	0.0076	0.00778	A
4849	0.00647	0.00648	A
4850	0.01797	0.01809	G
4851	0.89258	0.89287	C
4852	0.0025	0.00251	C
4853	0.00429	0.00432	C
4854	0.03521	0.03587	G
4855	0.01776	0.02053	T
4856	0.02199	0.02199	G
4857	0.01231	0.01231	G
4858	0.01732	0.01738	G
4859	0.01269	0.01611	C
4860	0.02576	0.02648	G
4861	0.0308	0.03205	A
4862	0.01762	0.01824	T
4863	0.01336	0.01467	T
4864	0.01273	0.01364	A
4865	0.01265	0.01362	T
4866	0.02325	0.02387	G
4867	0.01489	0.0152	A
4868	0.04418	0.04744	G
4869	0.01611	0.01613	A
4870	0.01242	0.01249	A
4871	0.0175	0.01801	T
4872	0.02186	0.02208	G
4873	0.0101	0.01023	A
4874	0.00399	0.00411	C
4875	0.01656	0.01718	T
4876	0.04167	0.04228	G
4877	0.00491	0.00527	C
4878	0.01152	0.01173	G
4879	0.00391	0.00393	C
4880	0.00359	0.00366	C
4881	0.0418	0.04182	G
4882	0.03989	0.04005	G
4883	0.01783	0.01919	T
4884	0.01716	0.01798	G
4885	0.00871	0.00907	A
4886	0.00685	0.00692	A
4887	0.02148	0.0217	G
4888	0.00546	0.00565	C
4889	0.02408	0.02416	T
4890	0.01428	0.01431	T
4891	0.00461	0.00525	C
4892	0.01024	0.01123	A
4893	0.01682	0.01687	G
4894	0.01996	0.02	G
4895	0.02649	0.0265	G
4896	0.02817	0.02818	G
4897	0.0364	0.0364	G
4898	0.03569	0.03623	T
4899	0.03067	0.03128	T
4900	0.01292	0.01357	T
4901	0.02111	0.02119	G
4902	0.03328	0.03362	G
4903	0.01833	0.02048	A
4904	0.01739	0.01887	T
4905	0.02367	0.02521	G
4906	0.01398	0.01442	A
4907	0.02591	0.02748	G
4908	0.01236	0.01241	A
4909	0.01225	0.01235	A
4910	0.01913	0.02048	T
4911	0.02065	0.0207	G
4912	0.03369	0.03384	G
4913	0.00546	0.00552	C
4914	0.01706	0.01734	T
4915	0.02126	0.02159	G
4916	0.01767	0.01768	T
4917	0.01606	0.01632	T
4918	0.01577	0.01764	A
4919	0.0033	0.00337	C
4920	0.00756	0.00768	T
4921	0.0035	0.00366	A
4922	0.00294	0.00304	C
4923	0.018	0.01816	G
4924	0.00539	0.00582	A
4925	0.01939	0.0194	G
4926	0.0172	0.0172	G
4927	0.02728	0.02731	G
4928	0.00472	0.00505	C
4929	0.02586	0.02711	T
4930	0.00842	0.00994	A
4931	0.01604	0.01715	T
4932	0.03012	0.03075	G
4933	0.01087	0.01368	T
4934	0.02476	0.0248	G
4935	0.03115	0.03129	G
4936	0.0095	0.00984	C
4937	0.01922	0.02313	T
4938	0.02962	0.03009	G
4939	0.0116	0.01211	A
4940	0.01399	0.01458	T
4941	0.00888	0.00903	T
4942	0.01654	0.01697	G
4943	0.00805	0.00818	A
4944	0.01356	0.01366	A
4945	0.029	0.02929	G
4946	0.01026	0.01033	A
4947	0.03284	0.03314	G
4948	0.02732	0.02874	T
4949	0.01445	0.01487	A
4950	0.02013	0.02127	T
4951	0.03423	0.03494	G
4952	0.00497	0.00561	C
4953	0.00768	0.0078	A
4954	0.00692	0.00696	A
4955	0.0144	0.01526	T
4956	0.02774	0.02835	G
4957	0.00637	0.00645	A
4958	0.01744	0.01759	G
4959	0.00569	0.00591	C
4960	0.03131	0.03146	G
4961	0.00983	0.01096	A
4962	0.02194	0.0221	T
4963	0.01562	0.01569	T
4964	0.00867	0.00872	T
4965	0.01185	0.01189	T
4966	0.01175	0.0125	A
4967	0.02084	0.02094	G
4968	0.03844	0.03847	G
4969	0.0167	0.01699	T
4970	0.0059	0.00619	C
4971	0.02795	0.02986	T
4972	0.0346	0.03668	G
4973	0.01605	0.01605	T
4974	0.0184	0.01842	T
4975	0.02031	0.02046	T
4976	0.03289	0.03369	G
4977	0.01241	0.01276	T
4978	0.00392	0.00424	C
4979	0.02287	0.02308	G
4980	0.0126	0.01312	T
4981	0.00493	0.0054	A
4982	0.00705	0.00706	G
4983	0.02262	0.02268	G
4984	0.00414	0.00428	C
4985	0.00819	0.00864	A
4986	0.01875	0.01892	G
4987	0.00896	0.00931	A
4988	0.01582	0.01958	T
4989	0.01857	0.01865	G
4990	0.02512	0.02568	G
4991	0.01486	0.01533	A
4992	0.02728	0.02765	G
4993	0.00472	0.00509	C
4994	0.03341	0.0335	T
4995	0.01524	0.01605	T
4996	0.03266	0.0335	G
4997	0.01458	0.0146	T
4998	0.01465	0.01504	T
4999	0.01327	0.01534	A
5000	0.01025	0.01741	T
5001	0.00892	0.00896	A
5002	0.00816	0.00834	A
5003	0.01342	0.01346	T
5004	0.00577	0.00618	T
5005	0.00673	0.00737	A
5006	0.01473	0.01495	T
5007	0.01079	0.0109	G
5008	0.00232	0.00234	C
5009	0.00139	0.00141	C
5010	0.00797	0.00824	T
5011	0.01247	0.01296	C
5012	0.00755	0.00774	A
5013	0.0198	0.02038	T
5014	0.00657	0.00697	A
5015	0.01272	0.01273	G
5016	0.01481	0.01483	G
5017	0.0224	0.02244	G
5018	0.01148	0.01238	A
5019	0.01358	0.01644	T
5020	0.00731	0.0075	A
5021	0.01997	0.02021	G
5022	0.05664	0.05706	T
5023	0.01594	0.01627	A
5024	0.00462	0.00605	C
5025	0.01149	0.01152	A
5026	0.00816	0.00819	A
5027	0.02572	0.02574	G
5028	0.02337	0.02339	G
5029	0.00931	0.00937	A
5030	0.0119	0.01191	A
5031	0.02246	0.02259	G
5032	0.0184	0.01849	G
5033	0.03702	0.03704	G
5034	0.03206	0.03209	G
5035	0.03139	0.03329	T
5036	0.0222	0.02637	A
5037	0.01151	0.01156	G
5038	0.01933	0.01938	G
5039	0.00673	0.0072	C
5040	0.02993	0.03111	T
5041	0.01026	0.01218	A
5042	0.0121	0.01316	T
5043	0.01881	0.01908	G
5044	0.01107	0.01142	T
5045	0.02272	0.02653	G
5046	0.01076	0.01076	T
5047	0.01648	0.01648	T
5048	0.01052	0.01052	T
5049	0.01574	0.0158	T
5050	0.03302	0.03376	G
5051	0.01638	0.01656	T
5052	0.00596	0.00628	C
5053	0.01812	0.01963	A
5054	0.01567	0.01577	G
5055	0.015	0.01508	G
5056	0.02997	0.02999	G
5057	0.03322	0.03324	G
5058	0.05567	0.0557	G
5059	0.05117	0.05191	T
5060	0.02723	0.02852	T
5061	0.02743	0.02848	G
5062	0.01453	0.01519	A
5063	0.0328	0.03475	G
5064	0.01097	0.01108	A
5065	0.01075	0.01099	A
5066	0.02284	0.02394	T
5067	0.02651	0.02865	G
5068	0.01066	0.01076	A
5069	0.03523	0.0359	G
5070	0.01643	0.01678	T
5071	0.04463	0.04541	G
5072	0.01578	0.01784	T
5073	0.0243	0.02466	G
5074	0.01126	0.01342	A
5075	0.01158	0.01158	G
5076	0.01992	0.02012	G
5077	0.0093	0.00951	C
5078	0.04265	0.04302	G
5079	0.0265	0.02951	T
5080	0.00763	0.0085	A
5081	0.01553	0.01555	T
5082	0.01816	0.01966	T
5083	0.00522	0.00547	A
5084	0.0115	0.01174	T
5085	0.00388	0.0039	A
5086	0.00193	0.00196	C
5087	0.00125	0.00127	C
5088	0.00269	0.00273	A
5089	0.00571	0.0058	T
5090	0.00247	0.00255	A
5091	0.00427	0.00443	G
5092	0.00129	0.0013	C
5093	0.00077	0.00082	C
5094	0.10662	0.10804	G
5095	0.00227	0.00227	C
5096	0.00188	0.00188	C
5097	0.01567	0.01702	T
5098	0.00651	0.00664	A
5099	0.02528	0.02616	G
5100	0.01656	0.01663	T
5101	0.01318	0.01322	T
5102	0.0129	0.01291	T
5103	0.96216	0.96218	T
5104	0.00398	0.004	A
5105	0.00293	0.00293	A
5106	0.02251	0.02258	G
5107	0.00199	0.002	A
5108	0.00637	0.0064	G
5109	0.00316	0.00325	T
5110	0.00138	0.00143	A
5111	0.00143	0.00145	C
5112	0.01238	0.01294	T
5113	0.02177	0.02191	G
5114	0.00318	0.00397	C
5115	0.02083	0.02083	G
5116	0.01895	0.01897	G
5117	0.00286	0.00343	C
5118	0.00794	0.00796	A
5119	0.00217	0.00219	A
5120	0.00419	0.00422	G
5121	0.00235	0.00246	T
5122	0.0011	0.0011	A
5123	0.00127	0.00127	C
5124	0.00591	0.00606	T
5125	0.00663	0.00666	A
5126	0.00449	0.00449	T
5127	0.00393	0.00394	T
5128	0.00623	0.0063	G
5129	0.00208	0.00219	A
5130	0.00244	0.00244	C
5131	0.00082	0.00082	C
5132	0.00102	0.00105	C
5133	0.00193	0.00208	A
5134	0.00736	0.00753	G
5135	0.00329	0.00336	C
5136	0.00873	0.00874	G
5137	0.0035	0.00365	A
5138	0.0168	0.01923	T
5139	0.01462	0.01511	G
5140	0.02345	0.02369	G
5141	0.02828	0.02831	G
5142	0.01353	0.01354	G
5143	0.03176	0.03176	G
5144	0.01416	0.01472	C
5145	0.03316	0.03338	T
5146	0.01332	0.0145	T
5147	0.00323	0.0038	C
5148	0.00623	0.0063	G
5149	0.00904	0.00915	A
5150	0.00278	0.00287	C
5151	0.00614	0.00626	A
5152	0.0065	0.00845	T
5153	0.00482	0.00493	G
5154	0.00456	0.00459	G
5155	0.00843	0.00843	G
5156	0.00371	0.00387	C
5157	0.02182	0.02183	T
5158	0.01066	0.01069	T
5159	0.00641	0.00647	T
5160	0.00681	0.00751	A
5161	0.02264	0.02268	G
5162	0.02609	0.02611	G
5163	0.02865	0.0288	G
5164	0.0094	0.01005	A
5165	0.02761	0.02794	G
5166	0.02332	0.02405	T
5167	0.00439	0.00488	C
5168	0.0146	0.01514	A
5169	0.01347	0.02074	T
5170	0.01064	0.01069	A
5171	0.01055	0.01059	A
5172	0.06314	0.06375	G
5173	0.01192	0.01642	T
5174	0.01958	0.01959	G
5175	0.02633	0.02645	G
5176	0.01228	0.01253	A
5177	0.02739	0.02752	G
5178	0.01945	0.02233	T
5179	0.00321	0.00335	C
5180	0.00344	0.00353	C
5181	0.00775	0.00795	G
5182	0.00311	0.00347	T
5183	0.00247	0.00253	A
5184	0.00206	0.00208	A
5185	0.00317	0.00324	A
5186	0.00211	0.00218	G
5187	0.0027	0.00289	A
5188	0.00623	0.00625	G
5189	0.01375	0.01379	G
5190	0.01445	0.01466	T
5191	0.01595	0.01627	A
5192	0.03959	0.04106	T
5193	0.00178	0.00187	C
5194	0.00411	0.00412	T
5195	0.00363	0.00363	T
5196	0.0027	0.00274	T
5197	0.00141	0.00167	A
5198	0.00227	0.00233	C
5199	0.02149	0.02179	T
5200	0.00925	0.0093	A
5201	0.01057	0.01607	T
5202	0.00785	0.00786	A
5203	0.00762	0.00763	A
5204	0.00709	0.00709	A
5205	0.00372	0.00372	A
5206	0.01265	0.01297	G
5207	0.00244	0.00246	C
5208	0.01188	0.01217	T
5209	0.0086	0.00946	A
5210	0.01416	0.01416	T
5211	0.01492	0.01549	T
5212	0.03867	0.03929	G
5213	0.01376	0.01393	T
5214	0.02939	0.02963	G
5215	0.00918	0.01501	T
5216	0.00711	0.00725	A
5217	0.00573	0.00579	A
5218	0.01201	0.01214	G
5219	0.00282	0.00283	C
5220	0.011	0.01147	T
5221	0.00762	0.00774	A
5222	0.03547	0.03559	G
5223	0.0158	0.01604	T
5224	0.00431	0.00447	C
5225	0.0101	0.01026	A
5226	0.02236	0.02285	T
5227	0.00792	0.00815	A
5228	0.01847	0.01852	T
5229	0.01287	0.01303	T
5230	0.01071	0.01074	A
5231	0.00883	0.00897	A
5232	0.01891	0.01921	G
5233	0.00888	0.00906	T
5234	0.01033	0.01042	T
5235	0.02971	0.03054	G
5236	0.0138	0.0138	T
5237	0.01448	0.01457	T
5238	0.00755	0.00758	G
5239	0.00945	0.0095	G
5240	0.00319	0.00332	C
5241	0.00804	0.00842	T
5242	0.00347	0.00393	C
5243	0.00813	0.00848	A
5244	0.02057	0.02064	G
5245	0.01958	0.0197	G
5246	0.00758	0.00792	A
5247	0.02628	0.02718	G
5248	0.0181	0.01861	T
5249	0.01586	0.01598	T
5250	0.01585	0.01587	T
5251	0.0207	0.02136	G
5252	0.01311	0.01332	A
5253	0.01592	0.01604	T
5254	0.01074	0.01083	A
5255	0.03149	0.03176	G
5256	0.01632	0.01654	T
5257	0.01113	0.01138	T
5258	0.00309	0.0046	C
5259	0.01587	0.01587	T
5260	0.01044	0.01054	T
5261	0.02072	0.02081	G
5262	0.02307	0.02307	G
5263	0.02948	0.02949	G
5264	0.01154	0.01212	C
5265	0.06399	0.06556	A
5266	0.0199	0.02046	G
5267	0.01695	0.01851	T
5268	0.02118	0.02144	G
5269	0.02915	0.02952	A
5270	0.04778	0.0481	G
5271	0.01401	0.01421	A
5272	0.02495	0.02522	G
5273	0.0176	0.04304	T
5274	0.02298	0.02397	G
5275	0.04943	0.0498	A
5276	0.03111	0.03187	G
5277	0.01609	0.01811	T
5278	0.01181	0.01226	A
5279	0.02989	0.03043	G
5280	0.02818	0.03028	T
5281	0.01305	0.01335	A
5282	0.01844	0.01993	G
5283	0.01049	0.01049	A
5284	0.01215	0.01221	A
5285	0.02416	0.02447	T
5286	0.03922	0.04047	G
5287	0.01432	0.01435	T
5288	0.01228	0.01228	T
5289	0.01171	0.01186	T
5290	0.00788	0.00856	A
5291	0.03148	0.03166	G
5292	0.01047	0.01088	T
5293	0.00762	0.00786	G
5294	0.00866	0.00905	A
5295	0.01037	0.01048	G
5296	0.0045	0.00451	C
5297	0.00315	0.00319	C
5298	0.02081	0.02276	T
5299	0.0181	0.01852	A
5300	0.01453	0.01631	G
5301	0.02887	0.0289	G
5302	0.03348	0.03361	G
5303	0.02356	0.02464	T
5304	0.03345	0.03719	G
5305	0.02189	0.02205	T
5306	0.01747	0.0186	T
5307	0.03971	0.04119	G
5308	0.02175	0.02289	T
5309	0.02614	0.02662	G
5310	0.02425	0.02457	A
5311	0.04647	0.04704	G
5312	0.02132	0.02179	T
5313	0.03531	0.03564	G
5314	0.01759	0.01919	T
5315	0.00952	0.01003	A
5316	0.01208	0.01224	A
5317	0.00972	0.00977	A
5318	0.01438	0.01451	T
5319	0.01438	0.01461	T
5320	0.01437	0.01514	A
5321	0.04217	0.0426	G
5322	0.01702	0.01734	T
5323	0.02976	0.03015	G
5324	0.00843	0.00894	C
5325	0.03669	0.03698	G
5326	0.01363	0.01406	A
5327	0.01787	0.01895	T
5328	0.03265	0.03424	G
5329	0.00555	0.00567	A
5330	0.00763	0.00772	G
5331	0.00436	0.00472	T
5332	0.004	0.00428	A
5333	0.00358	0.00362	G
5334	0.00706	0.00707	G
5335	0.03625	0.03625	G
5336	0.02169	0.02169	G
5337	0.00986	0.01013	A
5338	0.01153	0.01163	A
5339	0.01987	0.02001	G
5340	0.03111	0.03112	G
5341	0.02897	0.02926	G
5342	0.02782	0.02862	A
5343	0.03505	0.03575	G
5344	0.0053	0.00538	C
5345	0.00551	0.00562	C
5346	0.006	0.00627	T
5347	0.0022	0.00234	A
5348	0.00261	0.00271	C
5349	0.00973	0.01038	T
5350	0.00913	0.00941	A
5351	0.01444	0.01446	G
5352	0.02664	0.02665	G
5353	0.03751	0.03756	G
5354	0.02209	0.02297	T
5355	0.03613	0.03694	G
5356	0.02154	0.02427	T
5357	0.01077	0.01237	A
5358	0.02268	0.02528	G
5359	0.01194	0.01211	A
5360	0.01064	0.0107	A
5361	0.02332	0.02509	T
5362	0.00926	0.0095	A
5363	0.01811	0.01816	G
5364	0.03714	0.03764	G
5365	0.00936	0.00938	A
5366	0.01092	0.01092	A
5367	0.03404	0.03442	G
5368	0.01653	0.01728	T
5369	0.01112	0.0113	A
5370	0.01351	0.01392	T
5371	0.03226	0.03251	G
5372	0.01274	0.01314	T
5373	0.00301	0.0031	G
5374	0.0015	0.00154	C
5375	0.0011	0.0011	C
5376	0.00197	0.00232	T
5377	0.00515	0.00562	G
5378	0.01247	0.01255	C
5379	0.04264	0.0431	G
5380	0.01713	0.01728	T
5381	0.02311	0.02314	T
5382	0.00248	0.00266	C
5383	0.00176	0.00186	A
5384	0.00092	0.00095	G
5385	0.00189	0.00189	G
5386	0.00281	0.00287	C
5387	0.02695	0.02785	G
5388	0.01677	0.01687	T
5389	0.0188	0.01926	T
5390	0.00552	0.00583	C
5391	0.01102	0.01435	T
5392	0.00722	0.0073	G
5393	0.00866	0.00866	G
5394	0.00304	0.00313	C
5395	0.0073	0.00931	T
5396	0.02045	0.02047	G
5397	0.02993	0.02993	G
5398	0.01405	0.0141	T
5399	0.01432	0.0144	T
5400	0.02017	0.02033	G
5401	0.00225	0.00234	C
5402	0.00148	0.0015	C
5403	0.00601	0.00616	T
5404	0.0039	0.00403	C
5405	0.00281	0.00288	A
5406	0.00486	0.00503	T
5407	0.00579	0.00589	C
5408	0.02627	0.02627	G
5409	0.0233	0.0233	G
5410	0.03002	0.03005	G
5411	0.01317	0.01366	T
5412	0.00595	0.00606	G
5413	0.00455	0.00481	A
5414	0.00433	0.00468	T
5415	0.00436	0.00444	G
5416	0.00699	0.00714	A
5417	0.01801	0.01825	T
5418	0.00538	0.00551	A
5419	0.00527	0.00534	G
5420	0.0017	0.0017	C
5421	0.00154	0.00154	C
5422	0.00903	0.00906	A
5423	0.0094	0.00941	A
5424	0.01572	0.01572	G
5425	0.02425	0.02457	G
5426	0.01181	0.01317	T
5427	0.01835	0.01835	G
5428	0.02072	0.02072	G
5429	0.02037	0.02037	G
5430	0.02585	0.0259	G
5431	0.01571	0.01763	A
5432	0.01258	0.02005	T
5433	0.0139	0.01392	A
5434	0.01572	0.01588	A
5435	0.03714	0.0379	G
5436	0.00833	0.00913	T
5437	0.04121	0.04232	G
5438	0.01304	0.02278	T
5439	0.03592	0.03597	G
5440	0.04783	0.0479	G
5441	0.02485	0.02518	T
5442	0.01751	0.01755	T
5443	0.01619	0.01625	T
5444	0.01251	0.01373	C
5445	0.03993	0.04217	G
5446	0.02546	0.02567	A
5447	0.01422	0.01435	A
5448	0.01904	0.02446	G
5449	0.01065	0.01066	A
5450	0.01092	0.01102	A
5451	0.02767	0.02821	G
5452	0.01412	0.01426	A
5453	0.018	0.01879	T
5454	0.01086	0.01109	A
5455	0.01202	0.01654	T
5456	0.00997	0.00997	A
5457	0.00882	0.00882	A
5458	0.00981	0.00981	A
5459	0.00909	0.00912	A
5460	0.01156	0.0132	T
5461	0.01265	0.01284	A
5462	0.01492	0.01554	T
5463	0.02369	0.02474	G
5464	0.01239	0.01253	A
5465	0.01244	0.01246	T
5466	0.00843	0.00872	T
5467	0.01064	0.01173	A
5468	0.02805	0.02837	G
5469	0.01414	0.01419	T
5470	0.01141	0.01159	T
5471	0.0078	0.00857	C
5472	0.01896	0.01917	T
5473	0.01532	0.01586	G
5474	0.01335	0.01724	T
5475	0.0306	0.0307	G
5476	0.04671	0.0469	G
5477	0.01582	0.01654	C
5478	0.01823	0.0238	T
5479	0.02697	0.02882	G
5480	0.0139	0.01617	T
5481	0.02143	0.02208	G
5482	0.01677	0.01703	A
5483	0.0105	0.0106	A
5484	0.01702	0.01735	T
5485	0.02686	0.02727	G
5486	0.01332	0.01338	T
5487	0.01733	0.01755	T
5488	0.01166	0.01403	A
5489	0.01184	0.01724	T
5490	0.01134	0.0116	A
5491	0.01221	0.01269	A
5492	0.01373	0.01376	T
5493	0.00748	0.00762	T
5494	0.01741	0.0175	A
5495	0.01604	0.01642	A
5496	0.02857	0.02873	G
5497	0.02113	0.02143	G
5498	0.01109	0.01303	A
5499	0.02332	0.02356	G
5500	0.01599	0.01744	A
5501	0.0145	0.01458	T
5502	0.01469	0.01469	T
5503	0.01026	0.01051	T
5504	0.03379	0.03428	G
5505	0.01418	0.01513	T
5506	0.01598	0.01682	A
5507	0.01716	0.01724	G
5508	0.02573	0.02578	G
5509	0.03589	0.03604	G
5510	0.01765	0.01979	A
5511	0.03162	0.03241	G
5512	0.02315	0.02439	A
5513	0.01665	0.01719	T
5514	0.01482	0.01531	T
5515	0.0131	0.01419	A
5516	0.02636	0.02709	G
5517	0.01514	0.01588	T
5518	0.01332	0.01378	A
5519	0.01497	0.01602	T
5520	0.01064	0.01089	A
5521	0.02109	0.02138	G
5522	0.01278	0.01295	A
5523	0.01473	0.015	G
5524	0.01146	0.01222	A
5525	0.01623	0.01624	G
5526	0.08367	0.08439	G
5527	0.01895	0.02095	T
5528	0.02527	0.02586	A
5529	0.02496	0.02542	G
5530	0.01225	0.01319	A
5531	0.02449	0.02648	G
5532	0.00861	0.00915	T
5533	0.00677	0.00706	T
5534	0.00698	0.00713	T
5535	0.01074	0.01076	T
5536	0.00455	0.00456	T
5537	0.00198	0.002	T
5538	0.00175	0.0018	T
5539	0.01149	0.01261	C
5540	0.02663	0.02717	G
5541	0.0094	0.00976	T
5542	0.01642	0.01674	G
5543	0.01325	0.01366	A
5544	0.01624	0.01656	T
5545	0.01294	0.01315	A
5546	0.02317	0.02357	G
5547	0.01055	0.01504	T
5548	0.01706	0.01708	G
5549	0.0408	0.04084	G
5550	0.01625	0.01637	T
5551	0.00942	0.00955	T
5552	0.00558	0.00659	C
5553	0.00851	0.0087	A
5554	0.00817	0.00822	C
5555	0.01711	0.01967	T
5556	0.01824	0.01824	G
5557	0.01915	0.01917	G
5558	0.00959	0.01166	A
5559	0.00717	0.01447	T
5560	0.01418	0.01418	A
5561	0.01771	0.0178	A
5562	0.04237	0.04253	G
5563	0.00641	0.00882	T
5564	0.00375	0.00375	G
5565	0.00373	0.00373	G
5566	0.00415	0.00428	C
5567	0.02754	0.02921	G
5568	0.01597	0.01603	T
5569	0.01272	0.01278	T
5570	0.02152	0.02156	G
5571	0.02299	0.02306	G
5572	0.0126	0.01335	C
5573	0.0178	0.01788	T
5574	0.01346	0.01383	T
5575	0.00595	0.00621	G
5576	0.00523	0.00533	C
5577	0.00286	0.00286	C
5578	0.00674	0.00736	A
5579	0.01793	0.02207	T
5580	0.0156	0.01576	G
5581	0.0181	0.01842	A
5582	0.0128	0.01288	T
5583	0.00914	0.00953	T
5584	0.02907	0.03022	G
5585	0.01289	0.01354	T
5586	0.01599	0.0165	G
5587	0.0139	0.01471	A
5588	0.01501	0.01501	G
5589	0.01326	0.01328	G
5590	0.02625	0.02625	G
5591	0.02886	0.02886	G
5592	0.01533	0.01757	T
5593	0.02276	0.02468	A
5594	0.0113	0.01133	G
5595	0.0205	0.0209	G
5596	0.01388	0.01607	A
5597	0.01996	0.02007	G
5598	0.01895	0.01991	T
5599	0.02085	0.02218	C
5600	0.0184	0.01943	A
5601	0.01654	0.01656	G
5602	0.02518	0.02523	G
5603	0.01422	0.01493	T
5604	0.01462	0.01505	A
5605	0.02046	0.02062	G
5606	0.01603	0.01623	T
5607	0.01171	0.0122	T
5608	0.01589	0.0177	A
5609	0.01793	0.01813	G
5610	0.00914	0.00943	T
5611	0.0104	0.01071	A
5612	0.00941	0.00941	T
5613	0.00971	0.00976	T
5614	0.01608	0.01734	A
5615	0.01026	0.01038	G
5616	0.01242	0.01257	G
5617	0.01179	0.01568	A
5618	0.01103	0.01103	G
5619	0.00995	0.00995	G
5620	0.01268	0.01268	G
5621	0.01995	0.01995	G
5622	0.01553	0.01553	G
5623	0.02071	0.02071	G
5624	0.01578	0.0162	T
5625	0.01205	0.013	T
5626	0.0137	0.0144	G
5627	0.01117	0.0112	T
5628	0.0127	0.01283	T
5629	0.02296	0.02471	A
5630	0.00799	0.00805	G
5631	0.01233	0.01233	G
5632	0.01504	0.01504	G
5633	0.01632	0.01632	G
5634	0.01531	0.01531	G
5635	0.02913	0.03004	T
5636	0.01494	0.01675	C
5637	0.01929	0.01931	G
5638	0.01247	0.01254	G
5639	0.01939	0.02233	A
5640	0.01495	0.01495	G
5641	0.01334	0.01351	G
5642	0.00958	0.00964	A
5643	0.01369	0.01374	A
5644	0.0156	0.0156	A
5645	0.01624	0.01624	A
5646	0.01122	0.01126	G
5647	0.02248	0.02257	G
5648	0.01105	0.01114	T
5649	0.00934	0.00941	T
5650	0.01432	0.01453	G
5651	0.01165	0.0117	G
5652	0.0166	0.01681	G
5653	0.01735	0.01738	G
5654	0.01457	0.01472	A
5655	0.01209	0.01218	A
5656	0.01171	0.01304	C
5657	0.01341	0.01352	A
5658	0.01473	0.01485	G
5659	0.00749	0.0076	C
5660	0.01093	0.01197	T
5661	0.00887	0.00898	A
5662	0.01201	0.01203	A
5663	0.01585	0.0159	A
5664	0.01355	0.01628	T
5665	0.01856	0.01879	A
5666	0.01015	0.0102	G
5667	0.0194	0.01946	G
5668	0.00921	0.0096	T
5669	0.00858	0.00881	T
5670	0.01775	0.01834	G
5671	0.00962	0.00966	T
5672	0.00842	0.00864	T
5673	0.01797	0.01861	G
5674	0.00978	0.00978	T
5675	0.01015	0.01026	T
5676	0.01585	0.01625	G
5677	0.01571	0.01655	A
5678	0.01136	0.01141	T
5679	0.02087	0.02096	T
5680	0.00959	0.00961	T
5681	0.01158	0.01177	G
5682	0.02041	0.02049	G
5683	0.00857	0.00859	T
5684	0.00963	0.00978	T
5685	0.00442	0.00485	A
5686	0.00333	0.00342	A
5687	0.01228	0.01233	A
5688	0.00654	0.00656	A
5689	0.00984	0.00984	A
5690	0.00701	0.00701	A
5691	0.00574	0.0069	T
5692	0.0144	0.01477	A
5693	0.01404	0.01529	G
5694	0.01035	0.01107	T
5695	0.02055	0.02089	A
5696	0.01429	0.01474	G
5697	0.02034	0.02108	A
5698	0.01063	0.0107	G
5699	0.01449	0.01451	G
5700	0.01456	0.01465	G
5701	0.01813	0.02115	A
5702	0.01527	0.01674	T
5703	0.01484	0.01638	G
5704	0.01569	0.01623	A
5705	0.01196	0.01234	T
5706	0.01387	0.01427	G
5707	0.01166	0.0118	C
5708	0.01124	0.01282	T
5709	0.01191	0.01214	A
5710	0.01149	0.01164	A
5711	0.00777	0.01124	T
5712	0.01305	0.01305	A
5713	0.01481	0.01577	A
5714	0.01005	0.01008	T
5715	0.00736	0.00739	T
5716	0.01299	0.01816	A
5717	0.00825	0.00825	G
5718	0.01601	0.01601	G
5719	0.01137	0.0117	C
5720	0.01004	0.01047	T
5721	0.01623	0.01753	G
5722	0.00918	0.011	T
5723	0.01591	0.01607	G
5724	0.01519	0.01519	G
5725	0.01694	0.01709	G
5726	0.00983	0.01229	T
5727	0.0122	0.0122	G
5728	0.01915	0.01943	G
5729	0.01276	0.01303	T
5730	0.01756	0.01882	T
5731	0.02622	0.02939	G
5732	0.01192	0.01256	T
5733	0.02013	0.02093	G
5734	0.01796	0.01797	T
5735	0.01255	0.01306	T
5736	0.01828	0.01881	G
5737	0.02087	0.02128	A
5738	0.01699	0.01699	T
5739	0.01342	0.01348	T
5740	0.01561	0.01653	C
5741	0.01147	0.01152	A
5742	0.01441	0.01453	A
5743	0.01191	0.01204	A
5744	0.01316	0.01332	T
5745	0.01076	0.01146	T
5746	0.01418	0.01895	A
5747	0.01504	0.01527	T
5748	0.01959	0.02001	G
5749	0.0093	0.00961	T
5750	0.01701	0.01921	G
5751	0.00389	0.00389	T
5752	0.00607	0.00607	T
5753	0.005	0.005	T
5754	0.00721	0.00721	T
5755	0.00738	0.00738	T
5756	0.00392	0.00396	T
5757	0.01829	0.01845	G
5758	0.01555	0.01567	G
5759	0.01077	0.01083	A
5760	0.0174	0.01745	A
5761	0.01347	0.01351	A
5762	0.03676	0.03711	G
5763	0.01386	0.01458	T
5764	0.01023	0.01058	C
5765	0.01438	0.01481	A
5766	0.03141	0.03202	T
5767	0.01902	0.01938	G
5768	0.01196	0.01226	T
5769	0.01404	0.01428	C
5770	0.01938	0.02025	A
5771	0.01401	0.01452	G
5772	0.01059	0.01235	T
5773	0.02581	0.02583	G
5774	0.03406	0.03424	G
5775	0.01879	0.01949	T
5776	0.02005	0.02044	A
5777	0.02223	0.0228	G
5778	0.01805	0.02324	T
5779	0.01346	0.01366	A
5780	0.01694	0.01728	A
5781	0.01361	0.0139	T
5782	0.00975	0.00992	A
5783	0.00915	0.01344	T
5784	0.01031	0.01031	A
5785	0.01059	0.01102	A
5786	0.01117	0.0112	T
5787	0.00723	0.00748	T
5788	0.01795	0.01882	G
5789	0.01385	0.01387	T
5790	0.02274	0.02278	T
5791	0.01869	0.01873	G
5792	0.02317	0.02318	G
5793	0.02497	0.02499	G
5794	0.09085	0.09211	A
5795	0.01579	0.01697	C
5796	0.03505	0.03546	G
5797	0.02637	0.02668	A
5798	0.01482	0.01501	T
5799	0.00914	0.00931	T
5800	0.01129	0.01237	A
5801	0.02058	0.02431	G
5802	0.01279	0.013	T
5803	0.01122	0.01148	T
5804	0.0096	0.00963	T
5805	0.0101	0.01014	T
5806	0.01072	0.01185	A
5807	0.02341	0.02371	G
5808	0.00693	0.00709	C
5809	0.01211	0.0124	A
5810	0.01436	0.01444	T
5811	0.01158	0.01168	T
5812	0.02022	0.02028	G
5813	0.03223	0.03267	G
5814	0.01678	0.01969	A
5815	0.03454	0.03501	G
5816	0.02453	0.0272	T
5817	0.02186	0.02317	A
5818	0.02602	0.02691	G
5819	0.05462	0.05482	G
5820	0.02018	0.02069	T
5821	0.01914	0.0195	T
5822	0.02021	0.02064	T
5823	0.01512	0.01872	A
5824	0.02348	0.02365	G
5825	0.04004	0.04026	G
5826	0.01554	0.01587	T
5827	0.01639	0.01761	T
5828	0.00963	0.01357	A
5829	0.02163	0.02265	T
5830	0.03037	0.03068	G
5831	0.00943	0.00959	T
5832	0.00949	0.00977	A
5833	0.00826	0.00841	C
5834	0.03034	0.03055	G
5835	0.00779	0.00803	T
5836	0.00721	0.00737	A
5837	0.01649	0.01654	G
5838	0.01339	0.01347	T
5839	0.00391	0.0041	C
5840	0.00691	0.00724	T
5841	0.00706	0.00774	A
5842	0.0091	0.00911	G
5843	0.00752	0.00752	G
5844	0.00203	0.00204	C
5845	0.00134	0.00138	C
5846	0.00444	0.00467	A
5847	0.00789	0.00811	T
5848	0.00386	0.00398	A
5849	0.00983	0.01002	T
5850	0.01356	0.01371	G
5851	0.0071	0.00724	T
5852	0.02077	0.02167	G
5853	0.01653	0.01653	T
5854	0.0137	0.0138	T
5855	0.03104	0.03119	G
5856	0.02439	0.02484	G
5857	0.01152	0.01224	A
5858	0.02797	0.02815	G
5859	0.00845	0.00862	A
5860	0.01206	0.01214	T
5861	0.01226	0.01239	T
5862	0.01803	0.01853	G
5863	0.0096	0.00982	A
5864	0.02495	0.02507	G
5865	0.00442	0.00448	A
5866	0.00172	0.00178	C
5867	0.00666	0.00696	T
5868	0.00203	0.00214	A
5869	0.00669	0.00669	G
5870	0.00787	0.00811	T
5871	0.00863	0.00883	A
5872	0.00602	0.00605	G
5873	0.00629	0.0063	G
5874	0.0111	0.0111	G
5875	0.00189	0.00196	C
5876	0.01335	0.01509	T
5877	0.00601	0.00677	A
5878	0.00695	0.00696	G
5879	0.00336	0.00336	G
5880	0.0016	0.0016	C
5881	0.00067	0.00067	C
5882	0.0007	0.0007	C
5883	0.00563	0.00601	A
5884	0.00171	0.00171	C
5885	0.00113	0.00116	C
5886	0.00465	0.0047	G
5887	0.00092	0.00092	C
5888	0.00539	0.00568	T
5889	0.00585	0.00591	G
5890	0.00249	0.00253	C
5891	0.01733	0.01737	T
5892	0.01325	0.01332	T
5893	0.00604	0.0068	C
5894	0.00644	0.00646	G
5895	0.00324	0.00335	C
5896	0.00396	0.00425	A
5897	0.00706	0.00706	G
5898	0.01635	0.01642	G
5899	0.00172	0.00201	C
5900	0.00378	0.00378	G
5901	0.00363	0.00365	G
5902	0.00411	0.00448	C
5903	0.00932	0.0094	A
5904	0.00711	0.00711	A
5905	0.00871	0.00873	A
5906	0.01492	0.01497	G
5907	0.00346	0.00348	A
5908	0.00121	0.00123	C
5909	0.0026	0.00273	T
5910	0.00155	0.00157	A
5911	0.00449	0.00452	G
5912	0.02239	0.02282	T
5913	0.00668	0.00694	A
5914	0.00682	0.01287	T
5915	0.01357	0.01362	G
5916	0.01961	0.01961	G
5917	0.00345	0.00373	C
5918	0.00686	0.0069	A
5919	0.00567	0.00576	A
5920	0.01023	0.01108	T
5921	0.01111	0.01132	A
5922	0.01175	0.01175	G
5923	0.01652	0.01653	G
5924	0.00251	0.00265	C
5925	0.00472	0.00523	A
5926	0.00268	0.0031	C
5927	0.00532	0.00532	A
5928	0.00665	0.00667	A
5929	0.01071	0.01099	T
5930	0.00796	0.00813	A
5931	0.01051	0.01051	T
5932	0.00724	0.00725	T
5933	0.01037	0.01042	G
5934	0.02326	0.02326	G
5935	0.00313	0.00321	C
5936	0.00889	0.01396	T
5937	0.01242	0.0126	A
5938	0.01239	0.01284	A
5939	0.0107	0.01096	G
5940	0.01454	0.015	A
5941	0.01259	0.01263	G
5942	0.01488	0.01488	G
5943	0.02234	0.02245	G
5944	0.01349	0.015	A
5945	0.0247	0.02864	G
5946	0.02204	0.02497	T
5947	0.02377	0.02377	G
5948	0.03164	0.03164	G
5949	0.04959	0.04987	G
5950	0.01496	0.01603	T
5951	0.02212	0.0246	G
5952	0.01628	0.0164	T
5953	0.01502	0.01538	T
5954	0.01646	0.01705	G
5955	0.01879	0.02265	A
5956	0.01328	0.01328	G
5957	0.01211	0.01211	G
5958	0.02025	0.02028	G
5959	0.01018	0.01034	T
5960	0.01265	0.01372	T
5961	0.01603	0.01973	A
5962	0.01603	0.01688	T
5963	0.01372	0.01408	G
5964	0.01554	0.01581	A
5965	0.01496	0.01507	G
5966	0.01562	0.01577	A
5967	0.01827	0.01849	G
5968	0.01137	0.01205	T
5969	0.01108	0.01129	A
5970	0.01729	0.01744	G
5971	0.00669	0.00691	C
5972	0.00995	0.01006	T
5973	0.01057	0.01086	A
5974	0.00837	0.01237	T
5975	0.01863	0.01863	A
5976	0.01708	0.01736	A
5977	0.01195	0.01211	T
5978	0.0105	0.01101	G
5979	0.01749	0.01755	A
5980	0.01672	0.01676	A
5981	0.01697	0.01769	C
5982	0.01184	0.0119	A
5983	0.0094	0.00954	G
5984	0.01129	0.01146	C
5985	0.0185	0.01859	G
5986	0.01262	0.0129	A
5987	0.01167	0.0129	T
5988	0.01523	0.01538	A
5989	0.01807	0.01824	G
5990	0.01132	0.01171	T
5991	0.00884	0.00895	A
5992	0.0082	0.0082	T
5993	0.00769	0.00792	T
5994	0.01107	0.01479	A
5995	0.00699	0.00699	T
5996	0.00486	0.00486	T
5997	0.0039	0.00393	C
5998	0.00247	0.00249	C
5999	0.00261	0.00261	T
6000	0.00355	0.00361	T
6001	0.00279	0.00323	C
6002	0.00304	0.00307	T
6003	0.01171	0.01226	A
6004	0.00339	0.00339	G
6005	0.00421	0.00421	G
6006	0.01832	0.01847	C
6007	0.01024	0.01037	A
6008	0.00482	0.00567	T
6009	0.01016	0.0103	A
6010	0.0073	0.00735	G
6011	0.00665	0.00707	T
6012	0.0163	0.01667	A
6013	0.00536	0.00536	G
6014	0.00984	0.00985	G
6015	0.0098	0.00984	G
6016	0.00847	0.00972	A
6017	0.00838	0.00838	G
6018	0.01051	0.01064	G
6019	0.00883	0.01197	A
6020	0.00909	0.0098	T
6021	0.01383	0.01467	A
6022	0.01032	0.01135	T
6023	0.00927	0.00987	G
6024	0.01757	0.01786	A
6025	0.00977	0.00977	G
6026	0.01293	0.013	G
6027	0.00591	0.00607	T
6028	0.01726	0.01763	G
6029	0.0074	0.00905	T
6030	0.02685	0.02736	G
6031	0.0132	0.01363	A
6032	0.01031	0.01053	G
6033	0.0113	0.01146	C
6034	0.01368	0.01378	G
6035	0.01342	0.01376	A
6036	0.006	0.00629	T
6037	0.00531	0.00551	A
6038	0.00316	0.00325	T
6039	0.00348	0.00355	A
6040	0.00179	0.00181	C
6041	0.00116	0.0012	T
6042	0.00232	0.00233	A
6043	0.00292	0.00295	G
6044	0.0028	0.0029	T
6045	0.00317	0.00369	A
6046	0.00241	0.00241	T
6047	0.00373	0.00373	T
6048	0.00523	0.00523	C
6049	0.00161	0.00167	C
6050	0.00269	0.00279	T
6051	0.01905	0.01936	A
6052	0.00329	0.00341	G
6053	0.01794	0.01794	A
6054	0.01967	0.01998	A
6055	0.00557	0.00573	G
6056	0.00949	0.00998	T
6057	0.00773	0.00784	G
6058	0.01784	0.01906	A
6059	0.01114	0.01135	G
6060	0.01508	0.01629	A
6061	0.0076	0.00821	T
6062	0.00511	0.00511	G
6063	0.00884	0.0089	G
6064	0.00482	0.00521	T
6065	0.00829	0.00837	A
6066	0.00555	0.0056	A
6067	0.00578	0.00578	A
6068	0.00352	0.00359	T
6069	0.00474	0.00479	G
6070	0.00271	0.00283	C
6071	0.00247	0.00261	T
6072	0.00329	0.00336	A
6073	0.00449	0.00459	G
6074	0.00278	0.0028	T
6075	0.00296	0.00306	A
6076	0.00185	0.0025	T
6077	0.00651	0.00653	A
6078	0.00878	0.00915	A
6079	0.00688	0.00699	T
6080	0.0103	0.01056	A
6081	0.00655	0.00655	T
6082	0.0067	0.0067	T
6083	0.0078	0.00783	T
6084	0.01331	0.01424	A
6085	0.00748	0.00755	T
6086	0.00627	0.00628	G
6087	0.00577	0.00629	T
6088	0.00799	0.00802	A
6089	0.01839	0.01843	A
6090	0.01914	0.01918	A
6091	0.01662	0.01788	T
6092	0.00928	0.01018	G
6093	0.06237	0.06468	A
6094	0.01024	0.01024	G
6095	0.00424	0.00424	G
6096	0.00396	0.00396	G
6097	0.00505	0.00505	G
6098	0.01293	0.0148	C
6099	0.01173	0.01205	A
6100	0.00344	0.00348	T
6101	0.00472	0.00472	T
6102	0.00357	0.00359	T
6103	0.00153	0.00155	G
6104	0.00221	0.00224	G
6105	0.00164	0.00173	T
6106	0.00495	0.00495	A
6107	0.00827	0.00829	A
6108	0.00888	0.00889	A
6109	0.00306	0.00326	T
6110	0.00743	0.00751	A
6111	0.00438	0.00444	T
6112	0.00173	0.00185	G
6113	0.0113	0.01137	A
6114	0.00276	0.00276	T
6115	0.00288	0.00288	T
6116	0.00591	0.00848	A
6117	0.00254	0.00289	T
6118	0.0063	0.00642	C
6119	0.00607	0.00625	A
6120	0.00292	0.00332	T
6121	0.00616	0.00616	A
6122	0.00684	0.00821	A
6123	0.00309	0.00309	T
6124	0.00436	0.00437	T
6125	0.00522	0.00522	T
6126	0.00777	0.00787	A
6127	0.00908	0.00911	A
6128	0.0049	0.00494	T
6129	0.00185	0.00197	G
6130	0.00807	0.00832	A
6131	0.00298	0.00302	G
6132	0.00415	0.00421	T
6133	0.01011	0.0102	C
6134	0.00278	0.0029	G
6135	0.00701	0.00713	A
6136	0.00717	0.0072	A
6137	0.00842	0.00843	A
6138	0.00226	0.00245	T
6139	0.00689	0.00696	C
6140	0.00682	0.00692	A
6141	0.00291	0.00291	T
6142	0.00261	0.00261	T
6143	0.02334	0.02417	C
6144	0.00224	0.00233	G
6145	0.00116	0.00116	T
6146	0.00255	0.00255	T
6147	0.00285	0.00285	T
6148	0.00311	0.00311	T
6149	0.00196	0.00242	G
6150	0.00505	0.00505	T
6151	0.00309	0.00309	T
6152	0.00257	0.00257	T
6153	0.00674	0.00678	A
6154	0.00735	0.00735	A
6155	0.01261	0.01263	A
6156	0.00946	0.00987	C
6157	0.00556	0.00561	T
6158	0.00817	0.00856	A
6159	0.00362	0.00368	T
6160	0.0132	0.01438	A
6161	0.00512	0.00517	T
6162	0.0085	0.00862	A
6163	0.00696	0.007	C
6164	0.00643	0.00644	C
6165	0.01028	0.01029	A
6166	0.02073	0.02079	A
6167	0.006	0.00602	T
6168	0.00638	0.00639	T
6169	0.02712	0.02797	C
6170	0.00332	0.00333	G
6171	0.00491	0.00493	G
6172	0.00429	0.00429	T
6173	0.0052	0.0052	T
6174	0.02513	0.02556	C
6175	0.02015	0.02071	A
6176	0.00272	0.00275	G
6177	0.00338	0.0035	T
6178	0.00817	0.00824	C
6179	0.00638	0.00705	T
6180	0.01151	0.01155	A
6181	0.01256	0.01275	A
6182	0.00239	0.00258	T
6183	0.00205	0.00205	C
6184	0.00215	0.00217	C
6185	0.00151	0.00151	T
6186	0.00147	0.00147	T
6187	0.00269	0.00269	T
6188	0.00233	0.00233	T
6189	0.00247	0.00247	T
6190	0.00343	0.00382	G
6191	0.00243	0.00258	T
6192	0.01	0.0102	A
6193	0.00333	0.00339	G
6194	0.00333	0.00365	T
6195	0.00265	0.00278	C
6196	0.00683	0.00699	A
6197	0.0147	0.01475	C
6198	0.00271	0.00327	T
6199	0.00392	0.00397	C
6200	0.00883	0.01001	A
6201	0.00461	0.00494	T
6202	0.01761	0.01875	A
6203	0.00256	0.00256	G
6204	0.00235	0.00235	G
6205	0.00548	0.00548	C
6206	0.00334	0.00338	C
6207	0.01776	0.03194	A
6208	0.00424	0.0043	G
6209	0.02478	0.02497	A
6210	0.0371	0.03732	C
6211	0.01094	0.01103	T
6212	0.01028	0.01031	T
6213	0.02453	0.03145	A
6214	0.00332	0.00338	G
6215	0.00219	0.00219	G
6216	0.00351	0.00351	G
6217	0.00297	0.00356	C
6218	0.00316	0.0034	T
6219	0.01925	0.0202	A
6220	0.00313	0.00313	G
6221	0.00292	0.00292	G
6222	0.0076	0.00947	A
6223	0.00552	0.00565	T
6224	0.00416	0.00448	G
6225	0.01758	0.01783	A
6226	0.00312	0.00325	T
6227	0.00375	0.00382	G
6228	0.00644	0.00658	A
6229	0.00321	0.00323	T
6230	0.00281	0.00282	T
6231	0.01247	0.01251	A
6232	0.01097	0.01107	A
6233	0.00414	0.00491	T
6234	0.00814	0.00814	A
6235	0.00809	0.00825	A
6236	0.00377	0.00389	G
6237	0.00799	0.00832	A
6238	0.00327	0.00327	G
6239	0.00366	0.00366	G
6240	0.00446	0.00447	G
6241	0.01034	0.01249	A
6242	0.01515	0.01638	T
6243	0.00491	0.00523	G
6244	0.01532	0.01547	A
6245	0.01229	0.01241	C
6246	0.02413	0.02475	A
6247	0.0078	0.00868	T
6248	0.01699	0.01699	A
6249	0.01341	0.01395	A
6250	0.02008	0.02066	C
6251	0.00502	0.0051	T
6252	0.02116	0.02185	A
6253	0.00749	0.0075	T
6254	0.00806	0.0081	T
6255	0.02505	0.02859	A
6256	0.00547	0.00562	G
6257	0.01417	0.01509	T
6258	0.00654	0.00654	G
6259	0.0121	0.01215	G
6260	0.02298	0.02334	C
6261	0.02859	0.0294	A
6262	0.00618	0.00618	G
6263	0.00802	0.00807	G
6264	0.0077	0.00773	T
6265	0.00741	0.0075	T
6266	0.02073	0.02233	A
6267	0.00666	0.00679	G
6268	0.00634	0.00635	T
6269	0.00685	0.00689	T
6270	0.0078	0.00889	G
6271	0.00637	0.00637	T
6272	0.00745	0.00745	T
6273	0.0086	0.00863	T
6274	0.008	0.00851	G
6275	0.01051	0.01132	T
6276	0.0299	0.03126	A
6277	0.00692	0.007	G
6278	0.00683	0.00684	G
6279	0.00907	0.00907	G
6280	0.02024	0.02277	C
6281	0.01355	0.01497	T
6282	0.02382	0.02468	C
6283	0.02625	0.02855	A
6284	0.00889	0.00982	T
6285	0.00668	0.00674	G
6286	0.00914	0.00915	G
6287	0.00933	0.00963	T
6288	0.02866	0.02968	A
6289	0.00863	0.00872	G
6290	0.00911	0.00911	G
6291	0.01141	0.01141	G
6292	0.02351	0.02351	G
6293	0.01456	0.01563	T
6294	0.02048	0.02063	A
6295	0.01463	0.01471	A
6296	0.02322	0.02324	A
6297	0.0228	0.0228	A
6298	0.01027	0.01032	G
6299	0.00865	0.00913	G
6300	0.02001	0.02316	A
6301	0.01355	0.01355	G
6302	0.01053	0.01053	G
6303	0.01813	0.01816	G
6304	0.02365	0.02559	C
6305	0.03166	0.03178	A
6306	0.0168	0.01681	A
6307	0.00849	0.00859	T
6308	0.00906	0.00906	T
6309	0.00735	0.00741	T
6310	0.0177	0.01867	C
6311	0.01718	0.0176	T
6312	0.01794	0.01869	A
6313	0.01363	0.01371	G
6314	0.01713	0.01723	A
6315	0.01028	0.01049	T
6316	0.01668	0.01743	C
6317	0.01027	0.01037	A
6318	0.01415	0.0143	A
6319	0.01181	0.012	A
6320	0.00973	0.01614	T
6321	0.01521	0.01521	A
6322	0.01412	0.01519	A
6323	0.01078	0.01463	T
6324	0.01591	0.01591	A
6325	0.0179	0.01814	A
6326	0.0134	0.01603	G
6327	0.01975	0.01975	A
6328	0.01751	0.0179	A
6329	0.01593	0.01596	G
6330	0.01646	0.01659	G
6331	0.00975	0.01208	T
6332	0.01422	0.01434	A
6333	0.01357	0.01391	A
6334	0.01461	0.01532	T
6335	0.01685	0.01697	A
6336	0.01049	0.01061	G
6337	0.005	0.00516	C
6338	0.00741	0.00767	T
6339	0.00671	0.007	A
6340	0.00556	0.00565	C
6341	0.01611	0.01841	T
6342	0.0167	0.01679	A
6343	0.00949	0.00964	A
6344	0.00605	0.00716	G
6345	0.00782	0.00786	A
6346	0.00905	0.00913	A
6347	0.00863	0.01114	G
6348	0.00501	0.00501	A
6349	0.0065	0.0065	A
6350	0.00817	0.00824	T
6351	0.00712	0.00715	T
6352	0.00605	0.00608	T
6353	0.00826	0.00848	T
6354	0.01511	0.02005	A
6355	0.01502	0.01696	T
6356	0.00997	0.01008	G
6357	0.01087	0.01103	G
6358	0.01352	0.01837	A
6359	0.01464	0.01547	G
6360	0.01497	0.01497	A
6361	0.02237	0.02237	A
6362	0.02115	0.02143	A
6363	0.01017	0.01017	G
6364	0.01422	0.01424	G
6365	0.01423	0.01424	G
6366	0.01418	0.01551	A
6367	0.01733	0.01779	C
6368	0.01136	0.01177	G
6369	0.0125	0.01327	C
6370	0.00834	0.00834	G
6371	0.00547	0.00547	G
6372	0.00805	0.00812	G
6373	0.01033	0.01171	C
6374	0.00865	0.00865	G
6375	0.00601	0.00602	G
6376	0.0228	0.0228	G
6377	0.01397	0.01397	G
6378	0.01378	0.01379	G
6379	0.00885	0.00986	A
6380	0.01241	0.013	T
6381	0.01447	0.01504	A
6382	0.01098	0.01154	T
6383	0.02547	0.02582	A
6384	0.01118	0.0113	G
6385	0.01263	0.01265	G
6386	0.01444	0.01444	G
6387	0.00869	0.00916	T
6388	0.01431	0.01449	C
6389	0.0166	0.01698	G
6390	0.01837	0.01861	A
6391	0.02062	0.02066	A
6392	0.01321	0.01335	G
6393	0.00236	0.00238	C
6394	0.00247	0.0025	C
6395	0.00553	0.00598	G
6396	0.00231	0.00241	C
6397	0.01046	0.01102	A
6398	0.00502	0.00506	C
6399	0.0067	0.00688	T
6400	0.00633	0.00633	C
6401	0.00778	0.00791	G
6402	0.00638	0.00832	T
6403	0.02028	0.02035	A
6404	0.01967	0.01973	A
6405	0.00886	0.0089	G
6406	0.00814	0.00814	G
6407	0.01185	0.01186	G
6408	0.01366	0.01368	G
6409	0.00726	0.01038	T
6410	0.01006	0.01006	G
6411	0.00892	0.009	G
6412	0.00498	0.00515	A
6413	0.00387	0.00389	T
6414	0.0052	0.00524	T
6415	0.00321	0.00321	T
6416	0.00542	0.00542	T
6417	0.00321	0.00321	T
6418	0.00858	0.0097	C
6419	0.00581	0.00584	T
6420	0.01753	0.01775	A
6421	0.00843	0.00849	T
6422	0.00772	0.00782	G
6423	0.00357	0.00404	T
6424	0.01103	0.01148	A
6425	0.0044	0.00455	G
6426	0.00424	0.0043	C
6427	0.01356	0.01356	C
6428	0.01032	0.01069	G
6429	0.00655	0.00657	T
6430	0.00678	0.00679	T
6431	0.00585	0.00609	G
6432	0.01519	0.01531	A
6433	0.00837	0.00854	G
6434	0.00726	0.00733	T
6435	0.00815	0.0082	T
6436	0.00912	0.00963	G
6437	0.00642	0.00702	T
6438	0.00812	0.00812	G
6439	0.00748	0.00753	G
6440	0.00642	0.00654	T
6441	0.01589	0.01635	A
6442	0.00778	0.00793	G
6443	0.00764	0.00793	T
6444	0.01595	0.01623	C
6445	0.01024	0.0103	A
6446	0.0087	0.00878	A
6447	0.01464	0.01474	A
6448	0.01045	0.01048	A
6449	0.00877	0.00944	T
6450	0.0063	0.00656	G
6451	0.00809	0.01007	T
6452	0.01572	0.01592	A
6453	0.01304	0.01342	A
6454	0.00847	0.00941	T
6455	0.01343	0.01343	A
6456	0.01527	0.01698	A
6457	0.00861	0.0087	T
6458	0.00722	0.00741	T
6459	0.00833	0.01982	A
6460	0.00808	0.00808	T
6461	0.00745	0.00749	T
6462	0.01787	0.02207	A
6463	0.0056	0.00566	G
6464	0.0066	0.00671	T
6465	0.02107	0.02132	A
6466	0.0072	0.00766	G
6467	0.00669	0.00843	T
6468	0.02232	0.02237	A
6469	0.02618	0.02652	A
6470	0.00339	0.00339	G
6471	0.00328	0.00328	G
6472	0.01502	0.01548	C
6473	0.00479	0.00484	T
6474	0.02013	0.02051	A
6475	0.00311	0.00318	G
6476	0.00322	0.00329	G
6477	0.01581	0.01918	A
6478	0.00416	0.00416	G
6479	0.00446	0.00448	G
6480	0.00581	0.00584	G
6481	0.00406	0.00469	T
6482	0.00517	0.00549	G
6483	0.00596	0.00598	T
6484	0.00562	0.00567	T
6485	0.00387	0.00406	G
6486	0.01531	0.01547	A
6487	0.00605	0.00608	T
6488	0.00666	0.0068	T
6489	0.00793	0.01556	A
6490	0.0067	0.0067	T
6491	0.00665	0.00686	T
6492	0.0076	0.0077	A
6493	0.00725	0.00737	A
6494	0.01526	0.01544	A
6495	0.01777	0.01779	A
6496	0.00618	0.00626	T
6497	0.01259	0.01266	T
6498	0.02786	0.02791	A
6499	0.03813	0.03832	A
6500	0.00435	0.00437	G
6501	0.00318	0.0032	G
6502	0.01797	0.01822	C
6503	0.00434	0.00458	G
6504	0.01742	0.01768	A
6505	0.0183	0.01832	A
6506	0.00402	0.00407	G
6507	0.00406	0.00413	T
6508	0.00468	0.0047	T
6509	0.00446	0.0045	T
6510	0.01471	0.01573	A
6511	0.00378	0.00378	T
6512	0.00255	0.00255	T
6513	0.00579	0.00742	A
6514	0.00464	0.00483	C
6515	0.00279	0.00296	T
6516	0.00196	0.00215	C
6517	0.00098	0.00098	T
6518	0.00074	0.00074	T
6519	0.00093	0.00093	T
6520	0.00237	0.00239	T
6521	0.00421	0.00421	T
6522	0.003	0.003	T
6523	0.0027	0.00312	G
6524	0.01795	0.018	A
6525	0.01223	0.01223	A
6526	0.00559	0.00559	T
6527	0.0038	0.00412	G
6528	0.00562	0.00567	T
6529	0.00694	0.00699	T
6530	0.00323	0.00341	G
6531	0.00502	0.00548	T
6532	0.02111	0.02128	C
6533	0.01583	0.01583	A
6534	0.01126	0.01128	A
6535	0.01301	0.01301	A
6536	0.00809	0.00809	A
6537	0.00758	0.00906	C
6538	0.00248	0.00258	T
6539	0.01468	0.01478	A
6540	0.00194	0.00194	G
6541	0.00255	0.00255	T
6542	0.00241	0.00241	T
6543	0.00455	0.00458	A
6544	0.00832	0.00834	A
6545	0.01519	0.01519	T
6546	0.014	0.014	T
6547	0.00346	0.00346	G
6548	0.00325	0.00325	G
6549	0.01125	0.01128	A
6550	0.01496	0.01498	A
6551	0.00363	0.00379	G
6552	0.00295	0.00295	T
6553	0.00383	0.00383	T
6554	0.0068	0.00683	A
6555	0.00713	0.00721	A
6556	0.01042	0.01048	C
6557	0.00369	0.00369	G
6558	0.00373	0.00385	G
6559	0.0022	0.00237	T
6560	0.01023	0.01029	A
6561	0.01305	0.01317	C
6562	0.00302	0.00305	T
6563	0.00806	0.00815	A
6564	0.00527	0.00527	T
6565	0.00508	0.00508	T
6566	0.00479	0.00479	T
6567	0.01289	0.01427	A
6568	0.00647	0.00654	T
6569	0.01468	0.01498	A
6570	0.01474	0.01507	C
6571	0.00479	0.00506	T
6572	0.00516	0.00522	A
6573	0.0047	0.0047	A
6574	0.00725	0.00725	A
6575	0.00782	0.00786	A
6576	0.00252	0.00252	G
6577	0.00598	0.00686	A
6578	0.00377	0.00398	G
6579	0.00259	0.00302	T
6580	0.00673	0.00676	A
6581	0.00874	0.00887	A
6582	0.00673	0.00695	G
6583	0.01929	0.01936	A
6584	0.01174	0.01177	C
6585	0.00543	0.00543	C
6586	0.00503	0.00503	C
6587	0.00856	0.00924	T
6588	0.00754	0.00806	C
6589	0.01371	0.01439	A
6590	0.00787	0.00826	T
6591	0.01322	0.01329	C
6592	0.02074	0.0208	A
6593	0.01868	0.0189	A
6594	0.00916	0.00941	T
6595	0.01947	0.0196	A
6596	0.00596	0.00615	G
6597	0.01381	0.014	A
6598	0.00934	0.03656	T
6599	0.0051	0.00513	G
6600	0.00554	0.00554	G
6601	0.01116	0.01932	A
6602	0.00464	0.00476	G
6603	0.01414	0.01526	A
6604	0.01509	0.01534	C
6605	0.01701	0.01741	A
6606	0.01263	0.01297	T
6607	0.0151	0.01546	A
6608	0.02392	0.02413	C
6609	0.02135	0.02161	A
6610	0.01415	0.01488	G
6611	0.01223	0.01223	A
6612	0.01553	0.01553	A
6613	0.01303	0.01308	A
6614	0.01717	0.01896	T
6615	0.0157	0.01595	A
6616	0.01022	0.01036	G
6617	0.0166	0.01689	T
6618	0.01052	0.01078	C
6619	0.01087	0.01096	A
6620	0.01702	0.01707	A
6621	0.0135	0.0135	A
6622	0.01177	0.01183	C
6623	0.00707	0.0071	C
6624	0.00981	0.0111	A
6625	0.00671	0.00694	C
6626	0.00692	0.00761	A
6627	0.00623	0.00632	T
6628	0.00577	0.00589	C
6629	0.0087	0.00894	T
6630	0.00894	0.00912	A
6631	0.01464	0.01506	C
6632	0.01041	0.01041	A
6633	0.00832	0.00832	A
6634	0.01125	0.01128	A
6635	0.01156	0.01156	A
6636	0.01691	0.01786	T
6637	0.00524	0.00542	G
6638	0.00446	0.00455	C
6639	0.0032	0.00326	C
6640	0.01617	0.01883	A
6641	0.02304	0.02334	G
6642	0.01257	0.0136	T
6643	0.0167	0.01691	A
6644	0.01818	0.01944	T
6645	0.01354	0.01387	C
6646	0.02356	0.02525	A
6647	0.00531	0.00543	G
6648	0.0067	0.00682	G
6649	0.0077	0.00826	C
6650	0.01315	0.01315	G
6651	0.01809	0.0183	G
6652	0.01506	0.01568	C
6653	0.01272	0.01272	G
6654	0.00657	0.0066	G
6655	0.0055	0.00615	C
6656	0.01035	0.0104	T
6657	0.00852	0.00866	T
6658	0.00934	0.00966	C
6659	0.02153	0.02217	G
6660	0.02435	0.02441	A
6661	0.01399	0.01405	A
6662	0.00994	0.00994	G
6663	0.00298	0.00298	C
6664	0.00176	0.00178	C
6665	0.00878	0.00878	A
6666	0.01216	0.01219	A
6667	0.01283	0.01286	A
6668	0.0242	0.0244	G
6669	0.01114	0.01167	T
6670	0.01846	0.01871	G
6671	0.01396	0.01471	A
6672	0.01518	0.01557	T
6673	0.02219	0.02398	G
6674	0.01307	0.01313	T
6675	0.01597	0.016	T
6676	0.01039	0.01044	T
6677	0.01632	0.01634	G
6678	0.01798	0.01837	G
6679	0.02513	0.02764	A
6680	0.01759	0.01799	T
6681	0.02144	0.02253	G
6682	0.01438	0.01659	T
6683	0.01185	0.01222	A
6684	0.01799	0.01805	A
6685	0.01385	0.01389	A
6686	0.01877	0.01902	G
6687	0.02737	0.02817	T
6688	0.02443	0.02567	G
6689	0.02124	0.0214	A
6690	0.01219	0.01223	A
6691	0.00814	0.00814	A
6692	0.02112	0.02231	T
6693	0.00953	0.00985	A
6694	0.01203	0.01203	T
6695	0.01059	0.01076	T
6696	0.00854	0.00928	A
6697	0.02371	0.02438	G
6698	0.00947	0.00949	T
6699	0.01332	0.01333	T
6700	0.01304	0.01307	G
6701	0.01966	0.0197	G
6702	0.05211	0.05261	C
6703	0.03017	0.03018	G
6704	0.02505	0.02525	G
6705	0.01981	0.02314	A
6706	0.0249	0.03522	T
6707	0.01651	0.01725	G
6708	0.01411	0.01421	A
6709	0.01379	0.01386	A
6710	0.03346	0.03363	G
6711	0.00841	0.00964	C
6712	0.01609	0.01659	A
6713	0.03016	0.03057	G
6714	0.01306	0.01363	A
6715	0.01844	0.0203	T
6716	0.01441	0.01455	A
6717	0.03824	0.0388	G
6718	0.01929	0.02037	T
6719	0.02438	0.02504	G
6720	0.02072	0.02378	A
6721	0.02746	0.02749	G
6722	0.02564	0.0259	G
6723	0.00963	0.00979	A
6724	0.01197	0.01203	A
6725	0.00773	0.00774	A
6726	0.03324	0.03389	G
6727	0.02141	0.02148	T
6728	0.01604	0.01611	T
6729	0.02603	0.02651	G
6730	0.01015	0.01042	A
6731	0.01998	0.02015	G
6732	0.00447	0.00478	C
6733	0.00499	0.00506	C
6734	0.01042	0.01044	A
6735	0.00818	0.00828	A
6736	0.01318	0.02202	T
6737	0.00784	0.00785	A
6738	0.00931	0.00944	A
6739	0.01714	0.01832	T
6740	0.01289	0.01293	G
6741	0.008	0.00807	A
6742	0.00531	0.00558	C
6743	0.0374	0.03776	G
6744	0.01311	0.01371	T
6745	0.02101	0.02178	G
6746	0.00991	0.00995	A
6747	0.00782	0.00786	A
6748	0.0324	0.03252	G
6749	0.00963	0.01133	T
6750	0.00174	0.0018	C
6751	0.00303	0.00303	C
6752	0.02001	0.02038	G
6753	0.01318	0.01515	T
6754	0.01992	0.01992	G
6755	0.01992	0.01994	G
6756	0.00554	0.00558	A
6757	0.00639	0.0064	A
6758	0.013	0.01324	G
6759	0.00289	0.00291	C
6760	0.00142	0.00144	C
6761	0.01295	0.01406	T
6762	0.03332	0.03452	G
6763	0.01646	0.02021	T
6764	0.00354	0.00354	G
6765	0.00274	0.00277	G
6766	0.00267	0.00277	C
6767	0.00685	0.00759	T
6768	0.00751	0.01012	A
6769	0.00304	0.00346	C
6770	0.00377	0.00377	A
6771	0.00473	0.00474	A
6772	0.00827	0.00827	A
6773	0.00511	0.00511	A
6774	0.0043	0.0043	A
6775	0.00319	0.00319	A
6776	0.00803	0.00872	T
6777	0.03464	0.035	G
6778	0.0104	0.01044	T
6779	0.01265	0.0128	T
6780	0.01442	0.01477	G
6781	0.00443	0.00476	A
6782	0.00771	0.00788	G
6783	0.00267	0.00271	C
6784	0.00244	0.00246	C
6785	0.03035	0.03071	G
6786	0.01929	0.02094	T
6787	0.00467	0.00489	A
6788	0.0123	0.01244	G
6789	0.00679	0.00693	A
6790	0.01767	0.01783	T
6791	0.02179	0.02211	G
6792	0.00206	0.00208	C
6793	0.00225	0.00228	C
6794	0.02247	0.02277	G
6795	0.01891	0.01939	T
6796	0.00451	0.00534	C
6797	0.01786	0.01788	G
6798	0.01633	0.01648	G
6799	0.00777	0.00783	A
6800	0.01169	0.01169	A
6801	0.00788	0.00791	A
6802	0.01756	0.01951	T
6803	0.0218	0.02191	G
6804	0.04333	0.04359	G
6805	0.01785	0.01824	T
6806	0.0439	0.04864	G
6807	0.01741	0.01795	A
6808	0.0113	0.01172	A
6809	0.02267	0.02269	G
6810	0.0244	0.02441	G
6811	0.02339	0.02373	G
6812	0.0111	0.01296	A
6813	0.01708	0.01733	G
6814	0.01636	0.01708	A
6815	0.00514	0.0057	C
6816	0.0242	0.025	T
6817	0.00466	0.00483	C
6818	0.01927	0.01996	G
6819	0.00803	0.00803	A
6820	0.00745	0.00748	A
6821	0.0223	0.02237	G
6822	0.01473	0.01526	T
6823	0.00904	0.00914	A
6824	0.00434	0.00448	C
6825	0.01827	0.01867	T
6826	0.00314	0.0032	C
6827	0.01454	0.01566	T
6828	0.01849	0.01878	G
6829	0.00617	0.00674	A
6830	0.00899	0.00903	G
6831	0.01428	0.01429	G
6832	0.00342	0.00359	C
6833	0.01431	0.01431	T
6834	0.01252	0.0131	T
6835	0.03237	0.03281	G
6836	0.01441	0.01478	T
6837	0.01514	0.01685	A
6838	0.01269	0.01275	G
6839	0.02178	0.02209	G
6840	0.00764	0.00915	A
6841	0.01375	0.01375	G
6842	0.01416	0.01419	G
6843	0.02931	0.02934	G
6844	0.02143	0.02411	T
6845	0.01176	0.01224	A
6846	0.01219	0.01227	A
6847	0.01059	0.01061	A
6848	0.00594	0.00594	A
6849	0.01623	0.01763	T
6850	0.00838	0.00852	A
6851	0.0208	0.02111	G
6852	0.0072	0.00753	A
6853	0.01643	0.01651	G
6854	0.00754	0.00807	A
6855	0.00299	0.00299	C
6856	0.00241	0.00241	C
6857	0.00269	0.00279	C
6858	0.01176	0.01229	A
6859	0.02624	0.0266	G
6860	0.01514	0.02102	T
6861	0.01018	0.01043	A
6862	0.00874	0.00885	A
6863	0.00765	0.00766	A
6864	0.00577	0.00577	A
6865	0.01708	0.0171	T
6866	0.01205	0.01239	T
6867	0.03869	0.03965	G
6868	0.01049	0.02007	T
6869	0.01188	0.01218	A
6870	0.01109	0.01153	A
6871	0.01306	0.01857	T
6872	0.00752	0.0076	A
6873	0.00666	0.00678	A
6874	0.01524	0.01546	G
6875	0.00341	0.00359	C
6876	0.01143	0.01177	A
6877	0.03607	0.03677	G
6878	0.01846	0.02025	T
6879	0.02509	0.02574	G
6880	0.00552	0.00613	C
6881	0.01834	0.01852	T
6882	0.01099	0.01107	T
6883	0.02584	0.02683	G
6884	0.01137	0.01163	A
6885	0.00873	0.00884	A
6886	0.01811	0.0183	T
6887	0.01344	0.01557	T
6888	0.00807	0.01086	A
6889	0.01505	0.01505	T
6890	0.01364	0.01366	T
6891	0.00678	0.00682	T
6892	0.02214	0.0225	G
6893	0.03491	0.0351	G
6894	0.01673	0.01684	T
6895	0.01558	0.0156	T
6896	0.01318	0.01326	T
6897	0.0078	0.01018	C
6898	0.02998	0.03008	G
6899	0.0344	0.0346	G
6900	0.03366	0.0342	T
6901	0.03346	0.03403	T
6902	0.02901	0.03418	G
6903	0.02319	0.0232	T
6904	0.02074	0.02074	T
6905	0.01346	0.01352	T
6906	0.01619	0.01628	T
6907	0.00463	0.00543	C
6908	0.02438	0.02464	T
6909	0.00963	0.01002	A
6910	0.01543	0.01543	T
6911	0.01485	0.01495	T
6912	0.00897	0.00973	A
6913	0.02017	0.02032	G
6914	0.01433	0.01479	A
6915	0.00489	0.00497	C
6916	0.02134	0.02228	T
6917	0.01059	0.01088	A
6918	0.01448	0.01741	T
6919	0.02452	0.02473	G
6920	0.03244	0.03255	G
6921	0.0164	0.01697	T
6922	0.02355	0.02383	G
6923	0.0098	0.01027	A
6924	0.01508	0.0153	G
6925	0.00408	0.00419	C
6926	0.01021	0.01061	T
6927	0.00202	0.00222	C
6928	0.01485	0.01523	A
6929	0.00616	0.00616	G
6930	0.01118	0.01121	G
6931	0.01598	0.01653	T
6932	0.0185	0.01865	G
6933	0.00892	0.00924	A
6934	0.01596	0.01613	T
6935	0.01475	0.01496	T
6936	0.02921	0.02949	G
6937	0.01808	0.01827	A
6938	0.02039	0.02053	T
6939	0.00595	0.00647	A
6940	0.00279	0.00285	C
6941	0.01983	0.02481	T
6942	0.00157	0.00159	C
6943	0.00085	0.00085	C
6944	0.00578	0.00607	T
6945	0.00883	0.00894	G
6946	0.0035	0.00352	A
6947	0.01787	0.01862	T
6948	0.00801	0.00866	G
6949	0.00483	0.0052	C
6950	0.01636	0.0166	G
6951	0.00969	0.00989	A
6952	0.02588	0.02629	G
6953	0.00959	0.01651	T
6954	0.01351	0.01357	A
6955	0.01356	0.01366	A
6956	0.01948	0.02007	T
6957	0.0097	0.01008	A
6958	0.00594	0.00691	C
6959	0.03147	0.03159	G
6960	0.02419	0.02428	G
6961	0.01237	0.01331	A
6962	0.01624	0.01772	T
6963	0.03186	0.03323	G
6964	0.01542	0.01714	T
6965	0.03261	0.03452	G
6966	0.01495	0.01498	T
6967	0.01718	0.0172	T
6968	0.01658	0.01661	T
6969	0.0068	0.00755	A
6970	0.01521	0.01529	G
6971	0.0233	0.02355	G
6972	0.00846	0.00889	A
6973	0.02961	0.03011	G
6974	0.01642	0.0202	T
6975	0.02349	0.02349	G
6976	0.02225	0.02227	G
6977	0.02374	0.02377	G
6978	0.01476	0.01586	A
6979	0.00819	0.00919	C
6980	0.01793	0.0181	T
6981	0.01513	0.01551	T
6982	0.00377	0.00393	C
6983	0.02774	0.02885	T
6984	0.00863	0.00922	A
6985	0.01913	0.01925	G
6986	0.0277	0.0277	G
6987	0.02095	0.02095	G
6988	0.02432	0.02436	G
6989	0.01407	0.01502	A
6990	0.01646	0.01656	T
6991	0.01579	0.01583	T
6992	0.01092	0.01097	T
6993	0.00719	0.00782	A
6994	0.02284	0.02321	G
6995	0.01026	0.01594	C
6996	0.03069	0.03072	G
6997	0.02266	0.02266	G
6998	0.02864	0.02866	G
6999	0.04378	0.04378	G
7000	0.02713	0.02988	T
7001	0.02446	0.02489	G
7002	0.02246	0.02388	A
7003	0.02097	0.02227	T
7004	0.0207	0.02119	G
7005	0.00561	0.00566	C
7006	0.0034	0.00343	C
7007	0.01685	0.01722	T
7008	0.03061	0.0311	G
7009	0.01327	0.01327	T
7010	0.01445	0.01466	T
7011	0.02156	0.02168	G
7012	0.01741	0.01748	G
7013	0.01964	0.01967	G
7014	0.01279	0.01279	G
7015	0.01609	0.01609	G
7016	0.00304	0.00306	C
7017	0.00389	0.00389	C
7018	0.01366	0.01383	A
7019	0.01752	0.01757	G
7020	0.01415	0.01432	T
7021	0.00895	0.00977	G
7022	0.00122	0.00122	C
7023	0.00067	0.00067	C
7024	0.00077	0.00077	C
7025	0.01706	0.01921	T
7026	0.00172	0.00172	C
7027	0.0009	0.0009	C
7028	0.01515	0.01663	T
7029	0.00607	0.00611	A
7030	0.00842	0.00842	A
7031	0.01419	0.01419	T
7032	0.01	0.01006	T
7033	0.01931	0.01934	G
7034	0.01566	0.01571	G
7035	0.01858	0.01859	G
7036	0.0211	0.0211	G
7037	0.0181	0.01811	G
7038	0.02445	0.02445	G
7039	0.04956	0.05067	T
7040	0.02851	0.03183	A
7041	0.01136	0.01152	G
7042	0.0105	0.0105	G
7043	0.00665	0.00668	G
7044	0.01767	0.01771	G
7045	0.01778	0.01836	C
7046	0.0997	0.10534	T
7047	0.03199	0.03573	A
7048	0.00884	0.00898	G
7049	0.01474	0.01483	G
7050	0.00978	0.01	C
7051	0.02533	0.03718	T
7052	0.02066	0.02077	G
7053	0.02263	0.02339	G
7054	0.03033	0.03407	A
7055	0.0363	0.03733	G
7056	0.02281	0.02917	T
7057	0.02784	0.02784	G
7058	0.04924	0.04929	G
7059	0.0198	0.02432	T
7060	0.01109	0.01147	A
7061	0.01001	0.01012	A
7062	0.0084	0.00845	A
7063	0.00435	0.00437	A
7064	0.02048	0.02049	G
7065	0.02298	0.02299	G
7066	0.00266	0.00277	C
7067	0.00756	0.00781	T
7068	0.00139	0.00183	C
7069	0.00277	0.00287	A
7070	0.00601	0.00677	G
7071	0.00125	0.00125	A
7072	0.00189	0.00189	A
7073	0.00121	0.00121	A
7074	0.00168	0.00169	A
7075	0.00138	0.00138	A
7076	0.00542	0.00574	T
7077	0.00293	0.00307	C
7078	0.00193	0.00198	C
7079	0.0218	0.0227	T
7080	0.03314	0.03391	G
7081	0.0057	0.00602	C
7082	0.04819	0.05014	G
7083	0.00931	0.00946	A
7084	0.00597	0.00603	A
7085	0.02372	0.03162	G
7086	0.00462	0.00466	A
7087	0.00543	0.00544	A
7088	0.00305	0.00305	A
7089	0.00321	0.00321	A
7090	0.00105	0.00106	A
7091	0.00076	0.00076	A
7092	0.00143	0.00143	A
7093	0.97215	0.97367	C
7094	0.00267	0.003	T
7095	0.00217	0.00219	T
7096	0.00288	0.00345	C
7097	0.0086	0.00924	T
7098	0.00859	0.00907	G
7099	0.00376	0.0041	A
7100	0.01085	0.01085	G
7101	0.05292	0.05312	G
7102	0.01696	0.02558	T
7103	0.01258	0.01302	A
7104	0.01142	0.01202	A
7105	0.02052	0.02481	T
7106	0.00844	0.00846	A
7107	0.00966	0.00966	A
7108	0.00785	0.00789	A
7109	0.0212	0.02253	T
7110	0.00601	0.00628	A
7111	0.01759	0.01763	G
7112	0.03313	0.03323	G
7113	0.00814	0.00865	A
7114	0.01825	0.01868	T
7115	0.01549	0.01825	T
7116	0.00836	0.00902	A
7117	0.01474	0.02113	T
7118	0.00218	0.00231	C
7119	0.00169	0.0017	C
7120	0.00307	0.00308	C
7121	0.03332	0.03359	G
7122	0.01852	0.01914	T
7123	0.00658	0.00668	A
7124	0.026	0.02651	T
7125	0.00365	0.00373	C
7126	0.02966	0.03122	G
7127	0.0043	0.00435	A
7128	0.00289	0.00293	A
7129	0.00369	0.0037	G
7130	0.00661	0.00662	G
7131	0.00141	0.00141	C
7132	0.00149	0.00151	C
7133	0.02001	0.02003	T
7134	0.01898	0.01901	T
7135	0.01308	0.01309	T
7136	0.01157	0.01157	T
7137	0.00178	0.00178	T
7138	0.02891	0.02909	G
7139	0.02356	0.02358	G
7140	0.00917	0.00946	A
7141	0.0043	0.00467	C
7142	0.01025	0.01112	A
7143	0.01374	0.01381	G
7144	0.03747	0.03801	G
7145	0.01893	0.02132	T
7146	0.03599	0.03602	G
7147	0.0388	0.04028	G
7148	0.01509	0.01617	T
7149	0.04076	0.0424	G
7150	0.01884	0.02063	T
7151	0.03185	0.03369	G
7152	0.01188	0.0262	T
7153	0.02378	0.02378	G
7154	0.0266	0.02716	G
7155	0.02002	0.029	T
7156	0.00394	0.00394	G
7157	0.01048	0.01053	G
7158	0.00731	0.00743	C
7159	0.00264	0.00272	C
7160	0.01493	0.01503	T
7161	0.00988	0.01008	T
7162	0.02177	0.02184	G
7163	0.03615	0.03623	G
7164	0.0185	0.01889	T
7165	0.00784	0.00826	A
7166	0.02045	0.02319	T
7167	0.03318	0.03374	G
7168	0.01488	0.01677	T
7169	0.03361	0.03412	G
7170	0.00483	0.00511	C
7171	0.02631	0.02634	T
7172	0.01748	0.01751	T
7173	0.01848	0.01866	T
7174	0.00401	0.00415	C
7175	0.02374	0.02405	T
7176	0.0045	0.00474	C
7177	0.04098	0.04124	G
7178	0.01952	0.01968	T
7179	0.02531	0.02587	G
7180	0.01585	0.01585	T
7181	0.01737	0.0175	T
7182	0.00632	0.0072	A
7183	0.00252	0.00257	C
7184	0.00575	0.0058	A
7185	0.01484	0.01521	T
7186	0.00341	0.00407	C
7187	0.02383	0.02421	G
7188	0.00444	0.00454	C
7189	0.02723	0.02768	G
7190	0.0048	0.0048	C
7191	0.00288	0.00293	C
7192	0.01098	0.01126	A
7193	0.01672	0.01714	T
7194	0.00203	0.00256	C
7195	0.00728	0.00751	A
7196	0.01575	0.01575	T
7197	0.0115	0.01153	T
7198	0.02449	0.0247	G
7199	0.02811	0.02823	G
7200	0.02139	0.02187	T
7201	0.01027	0.01065	A
7202	0.01933	0.02054	T
7203	0.00895	0.00932	A
7204	0.01296	0.01625	T
7205	0.02113	0.02134	G
7206	0.02352	0.0236	G
7207	0.02116	0.02119	T
7208	0.01938	0.01954	T
7209	0.01152	0.01208	A
7210	0.03347	0.03422	G
7211	0.01461	0.01492	T
7212	0.03593	0.03664	G
7213	0.02426	0.02476	T
7214	0.03537	0.0372	G
7215	0.01706	0.01709	T
7216	0.01446	0.01485	T
7217	0.02684	0.0269	G
7218	0.0391	0.03917	G
7219	0.01559	0.01561	T
7220	0.016	0.01612	T
7221	0.00991	0.01053	A
7222	0.02872	0.02892	G
7223	0.01331	0.01366	T
7224	0.00691	0.00733	A
7225	0.00331	0.00332	G
7226	0.0062	0.00626	G
7227	0.00219	0.00224	C
7228	0.00128	0.00129	C
7229	0.00364	0.00513	T
7230	0.00243	0.00268	A
7231	0.00529	0.00541	G
7232	0.02912	0.02955	T
7233	0.00335	0.00339	A
7234	0.00429	0.00531	T
7235	0.00704	0.00762	G
7236	0.00434	0.00478	A
7237	0.00899	0.009	G
7238	0.01633	0.01641	G
7239	0.006	0.00634	A
7240	0.02643	0.02682	G
7241	0.00537	0.00553	C
7242	0.03376	0.03424	G
7243	0.01989	0.02009	T
7244	0.01893	0.02141	T
7245	0.00861	0.0098	A
7246	0.01189	0.02001	T
7247	0.01759	0.01771	G
7248	0.01575	0.01603	G
7249	0.00759	0.00803	A
7250	0.01047	0.01075	G
7251	0.01758	0.02387	T
7252	0.03073	0.03073	G
7253	0.05673	0.05695	G
7254	0.01364	0.01414	A
7255	0.01369	0.01402	A
7256	0.02062	0.02102	G
7257	0.01218	0.0133	T
7258	0.02257	0.02337	G
7259	0.00889	0.00898	A
7260	0.00675	0.00675	A
7261	0.00351	0.00351	A
7262	0.01811	0.01835	T
7263	0.00159	0.00205	C
7264	0.00355	0.00371	A
7265	0.00209	0.00214	C
7266	0.00268	0.00272	A
7267	0.00444	0.0058	T
7268	0.01282	0.01283	G
7269	0.02715	0.02716	G
7270	0.00144	0.00147	C
7271	0.00291	0.00315	T
7272	0.00302	0.00314	A
7273	0.00251	0.00253	G
7274	0.00346	0.00346	G
7275	0.00301	0.00303	C
7276	0.00298	0.003	C
7277	0.02409	0.02409	G
7278	0.03075	0.03092	G
7279	0.008	0.0095	A
7280	0.02248	0.02248	G
7281	0.03057	0.03062	G
7282	0.01847	0.01863	T
7283	0.00436	0.00483	C
7284	0.01135	0.01176	A
7285	0.01536	0.01541	T
7286	0.01547	0.01555	T
7287	0.01127	0.01182	A
7288	0.01793	0.01795	G
7289	0.02236	0.02273	G
7290	0.00791	0.00966	A
7291	0.01471	0.01473	G
7292	0.01296	0.01296	G
7293	0.02806	0.02812	G
7294	0.00617	0.00647	C
7295	0.02671	0.02888	T
7296	0.02418	0.0249	G
7297	0.01072	0.01105	A
7298	0.01813	0.01827	G
7299	0.01081	0.01136	A
7300	0.02035	0.02035	G
7301	0.01133	0.01133	G
7302	0.01438	0.01438	G
7303	0.00346	0.00348	C
7304	0.00082	0.00082	C
7305	0.00081	0.00081	C
7306	0.00096	0.00096	C
7307	0.02016	0.02052	T
7308	0.0287	0.02886	G
7309	0.01559	0.01559	T
7310	0.01768	0.01784	T
7311	0.00672	0.00718	A
7312	0.00395	0.00399	G
7313	0.00532	0.00537	G
7314	0.00606	0.00606	G
7315	0.00632	0.00636	G
7316	0.01488	0.01501	T
7317	0.00243	0.00259	C
7318	0.00875	0.00907	A
7319	0.01163	0.01433	T
7320	0.01643	0.01656	G
7321	0.01802	0.01804	G
7322	0.02644	0.02644	G
7323	0.00905	0.00936	C
7324	0.01803	0.02124	T
7325	0.01423	0.01434	G
7326	0.01607	0.01607	G
7327	0.02996	0.02998	G
7328	0.0206	0.02116	T
7329	0.016	0.01612	T
7330	0.01094	0.01096	T
7331	0.0127	0.01281	T
7332	0.00974	0.011	A
7333	0.00742	0.00762	C
7334	0.01682	0.017	T
7335	0.00947	0.0098	A
7336	0.0122	0.01242	T
7337	0.00969	0.00995	A
7338	0.00888	0.00934	T
7339	0.01262	0.01297	G
7340	0.01106	0.01116	A
7341	0.01045	0.01076	T
7342	0.00984	0.01012	A
7343	0.0081	0.00817	G
7344	0.02197	0.02197	G
7345	0.00631	0.00639	C
7346	0.00964	0.00974	A
7347	0.00773	0.0084	T
7348	0.01763	0.01828	G
7349	0.00576	0.00603	T
7350	0.01128	0.01138	G
7351	0.00953	0.00994	A
7352	0.00866	0.00869	T
7353	0.0083	0.00832	T
7354	0.01447	0.01455	G
7355	0.01623	0.0164	G
7356	0.00939	0.01063	T
7357	0.0108	0.0108	G
7358	0.0129	0.0129	G
7359	0.01894	0.01894	G
7360	0.01513	0.01564	T
7361	0.00971	0.01062	C
7362	0.01382	0.01443	A
7363	0.0092	0.0092	T
7364	0.00942	0.00979	T
7365	0.00993	0.01183	A
7366	0.01261	0.01273	T
7367	0.01386	0.014	G
7368	0.00779	0.00796	T
7369	0.01597	0.01627	G
7370	0.00834	0.00834	T
7371	0.00981	0.00988	T
7372	0.01962	0.01976	G
7373	0.01089	0.01118	T
7374	0.00762	0.0078	C
7375	0.02249	0.02429	G
7376	0.01076	0.01121	T
7377	0.01823	0.0187	G
7378	0.01163	0.0119	C
7379	0.01683	0.01736	A
7380	0.01015	0.01015	G
7381	0.01643	0.01648	G
7382	0.01123	0.0117	T
7383	0.02054	0.02187	A
7384	0.01598	0.01729	G
7385	0.01198	0.01245	A
7386	0.00702	0.00702	G
7387	0.04572	0.04575	G
7388	0.01024	0.01137	C
7389	0.02555	0.0257	T
7390	0.05562	0.05681	T
7391	0.00563	0.00783	A
7392	0.00561	0.00564	C
7393	0.0149	0.01594	T
7394	0.01382	0.01404	A
7395	0.01406	0.01527	G
7396	0.01183	0.01183	A
7397	0.01573	0.01576	A
7398	0.0277	0.02837	G
7399	0.01071	0.0111	T
7400	0.02935	0.03011	G
7401	0.01847	0.0196	T
7402	0.04089	0.04546	G
7403	0.02718	0.0275	A
7404	0.01098	0.01106	A
7405	0.01132	0.01136	A
7406	0.00908	0.00911	A
7407	0.00982	0.01067	C
7408	0.02	0.02016	G
7409	0.00972	0.01035	T
7410	0.0089	0.00932	A
7411	0.01153	0.01154	G
7412	0.02065	0.02072	G
7413	0.00809	0.0085	C
7414	0.02646	0.02646	T
7415	0.01195	0.01208	T
7416	0.01231	0.01231	G
7417	0.0237	0.02377	G
7418	0.01567	0.01731	A
7419	0.01342	0.01351	T
7420	0.01132	0.01141	T
7421	0.01455	0.01467	A
7422	0.01108	0.01126	A
7423	0.0148	0.0148	G
7424	0.01885	0.0189	G
7425	0.00519	0.0054	C
7426	0.02718	0.02738	G
7427	0.02683	0.02879	A
7428	0.00686	0.00757	C
7429	0.01341	0.01362	A
7430	0.0183	0.01845	G
7431	0.01083	0.01104	C
7432	0.02723	0.02737	G
7433	0.01478	0.0151	A
7434	0.01644	0.01662	T
7435	0.01328	0.01332	T
7436	0.01097	0.01113	T
7437	0.00878	0.00908	C
7438	0.02296	0.02335	T
7439	0.01018	0.0105	A
7440	0.01806	0.01811	G
7441	0.02736	0.02746	G
7442	0.01033	0.01539	A
7443	0.01958	0.02094	T
7444	0.01082	0.01103	A
7445	0.04375	0.04386	G
7446	0.02772	0.028	T
7447	0.0094	0.01008	C
7448	0.02233	0.02248	A
7449	0.03062	0.03087	G
7450	0.02193	0.0227	T
7451	0.01628	0.01673	A
7452	0.02579	0.02836	G
7453	0.0131	0.01315	A
7454	0.01278	0.01285	A
7455	0.02398	0.02428	T
7456	0.01161	0.01221	T
7457	0.0125	0.01402	A
7458	0.02162	0.02654	G
7459	0.01232	0.01236	A
7460	0.01205	0.0121	A
7461	0.02088	0.02097	T
7462	0.0118	0.01299	T
7463	0.04666	0.04783	G
7464	0.01606	0.01647	T
7465	0.03834	0.03945	G
7466	0.01657	0.01692	A
7467	0.01175	0.0119	A
7468	0.03245	0.03345	G
7469	0.01649	0.0168	A
7470	0.01862	0.02178	T
7471	0.03104	0.03182	G
7472	0.0143	0.0149	A
7473	0.01534	0.0218	T
7474	0.01038	0.0104	A
7475	0.01508	0.01566	A
7476	0.03925	0.0397	G
7477	0.01158	0.01188	T
7478	0.03985	0.04026	G
7479	0.02085	0.02268	T
7480	0.01341	0.01368	A
7481	0.02747	0.02865	G
7482	0.01397	0.01498	A
7483	0.02059	0.02064	G
7484	0.02636	0.0264	G
7485	0.02506	0.02523	G
7486	0.01523	0.01537	A
7487	0.03014	0.03027	A
7488	0.0354	0.0355	G
7489	0.05379	0.05391	G
7490	0.02243	0.02261	T
7491	0.01198	0.01223	T
7492	0.01628	0.01663	A
7493	0.01773	0.01796	A
7494	0.01592	0.01925	T
7495	0.02138	0.02149	G
7496	0.04291	0.04302	G
7497	0.02774	0.02782	T
7498	0.01816	0.01826	T
7499	0.0334	0.03416	G
7500	0.01415	0.01476	A
7501	0.0215	0.02195	T
7502	0.0099	0.01044	A
7503	0.01859	0.01861	T
7504	0.02016	0.02031	T
7505	0.02985	0.03019	G
7506	0.0036	0.00372	C
7507	0.02406	0.02458	T
7508	0.00939	0.00981	A
7509	0.02205	0.0222	G
7510	0.02995	0.02998	G
7511	0.03999	0.04019	G
7512	0.01585	0.02326	T
7513	0.01852	0.01853	G
7514	0.02455	0.02465	G
7515	0.01007	0.01048	C
7516	0.02754	0.02785	G
7517	0.00887	0.01042	C
7518	0.02493	0.02516	T
7519	0.02219	0.02252	T
7520	0.00409	0.0041	C
7521	0.00247	0.00252	C
7522	0.00609	0.00611	A
7523	0.00594	0.00595	A
7524	0.01781	0.01785	T
7525	0.01165	0.01177	T
7526	0.00657	0.0068	A
7527	0.01425	0.01427	G
7528	0.03375	0.03385	G
7529	0.01484	0.01571	T
7530	0.03483	0.03548	G
7531	0.00563	0.0063	C
7532	0.01344	0.01368	A
7533	0.01518	0.01684	T
7534	0.02329	0.02499	G
7535	0.00937	0.00955	A
7536	0.02924	0.02956	G
7537	0.01633	0.01684	T
7538	0.00567	0.00593	A
7539	0.01336	0.01339	G
7540	0.02886	0.02908	G
7541	0.01099	0.01344	T
7542	0.00959	0.0096	G
7543	0.01087	0.01087	G
7544	0.00593	0.00602	C
7545	0.00405	0.00411	C
7546	0.02298	0.02517	T
7547	0.01609	0.01669	G
7548	0.00364	0.00415	C
7549	0.0084	0.00876	A
7550	0.03363	0.03379	G
7551	0.00952	0.01528	T
7552	0.00672	0.00673	A
7553	0.00975	0.0098	A
7554	0.01651	0.01675	T
7555	0.028	0.02835	G
7556	0.01935	0.01936	T
7557	0.01441	0.01452	T
7558	0.00615	0.00634	A
7559	0.01188	0.01212	G
7560	0.00281	0.00333	C
7561	0.03281	0.03283	G
7562	0.04548	0.04552	G
7563	0.02	0.02013	T
7564	0.01502	0.0152	T
7565	0.00608	0.00663	A
7566	0.00724	0.00729	G
7567	0.00896	0.00898	G
7568	0.00232	0.00235	C
7569	0.04246	0.04277	G
7570	0.01977	0.02097	T
7571	0.00664	0.00755	A
7572	0.00285	0.00377	C
7573	0.02529	0.02535	G
7574	0.00424	0.00429	G
7575	0.00213	0.00213	C
7576	0.0014	0.00144	C
7577	0.00669	0.0073	A
7578	0.02532	0.02535	G
7579	0.02565	0.02565	G
7580	0.02658	0.0266	G
7581	0.00406	0.00438	C
7582	0.02917	0.0307	T
7583	0.00879	0.00946	A
7584	0.02143	0.02143	T
7585	0.01314	0.01335	T
7586	0.02867	0.02912	G
7587	0.0355	0.03551	G
7588	0.02086	0.02088	T
7589	0.01673	0.01676	T
7590	0.02956	0.03026	G
7591	0.01048	0.01085	A
7592	0.01088	0.01104	A
7593	0.0195	0.01988	T
7594	0.02663	0.0286	G
7595	0.00993	0.01	A
7596	0.03022	0.03056	G
7597	0.01628	0.01726	T
7598	0.00929	0.00987	A
7599	0.01803	0.01805	G
7600	0.04433	0.04447	G
7601	0.00536	0.00572	C
7602	0.02722	0.0307	T
7603	0.02621	0.02703	G
7604	0.01592	0.02338	A
7605	0.02024	0.02824	T
7606	0.02014	0.02022	G
7607	0.04147	0.04154	G
7608	0.0219	0.02198	T
7609	0.02373	0.02375	T
7610	0.01411	0.01414	T
7611	0.00759	0.00883	C
7612	0.03741	0.03767	G
7613	0.01917	0.01952	A
7614	0.01332	0.02361	T
7615	0.01185	0.01187	A
7616	0.01149	0.01161	A
7617	0.01189	0.02041	T
7618	0.00905	0.00905	A
7619	0.0076	0.00767	A
7620	0.0028	0.00297	C
7621	0.01774	0.01826	T
7622	0.00714	0.00723	A
7623	0.02488	0.02499	G
7624	0.01624	0.01687	T
7625	0.00822	0.00853	A
7626	0.00975	0.01944	T
7627	0.02114	0.02143	G
7628	0.02495	0.02508	G
7629	0.03406	0.03407	G
7630	0.0347	0.03474	G
7631	0.01711	0.01806	A
7632	0.0126	0.02183	T
7633	0.01065	0.01073	A
7634	0.00796	0.00814	A
7635	0.02073	0.02077	G
7636	0.02212	0.02216	G
7637	0.03271	0.03272	G
7638	0.03672	0.03673	G
7639	0.0184	0.02007	T
7640	0.03754	0.03883	G
7641	0.02139	0.02323	T
7642	0.01443	0.01796	A
7643	0.01821	0.01866	G
7644	0.04064	0.04106	G
7645	0.01429	0.01485	T
7646	0.03928	0.04048	G
7647	0.02707	0.03134	T
7648	0.02615	0.02788	G
7649	0.00555	0.00581	C
7650	0.00335	0.00339	C
7651	0.02154	0.02155	T
7652	0.02066	0.02147	T
7653	0.02045	0.02108	G
7654	0.02043	0.02277	T
7655	0.02846	0.0285	G
7656	0.04397	0.04416	G
7657	0.01778	0.02511	T
7658	0.01654	0.01687	A
7659	0.01031	0.01072	A
7660	0.02478	0.02749	G
7661	0.0086	0.00869	A
7662	0.00844	0.00853	A
7663	0.03465	0.03515	G
7664	0.01318	0.01695	T
7665	0.03203	0.03207	G
7666	0.01843	0.01843	G
7667	0.02249	0.02259	G
7668	0.00483	0.00569	C
7669	0.0293	0.03587	T
7670	0.01568	0.02129	A
7671	0.01312	0.01319	G
7672	0.01234	0.01236	G
7673	0.02483	0.02494	G
7674	0.00821	0.00891	C
7675	0.0199	0.02032	A
7676	0.01433	0.0145	T
7677	0.01856	0.01862	T
7678	0.01056	0.01057	T
7679	0.01284	0.01284	T
7680	0.00204	0.00205	T
7681	0.00679	0.00699	A
7682	0.00747	0.00786	A
7683	0.02205	0.02212	T
7684	0.00297	0.00327	C
7685	0.00795	0.00795	T
7686	0.00559	0.00563	T
7687	0.00292	0.00311	A
7688	0.00536	0.00549	G
7689	0.00322	0.00325	A
7690	0.00413	0.00419	G
7691	0.00221	0.00233	C
7692	0.00638	0.00653	G
7693	0.00434	0.00442	A
7694	0.00452	0.00452	A
7695	0.00154	0.00155	A
7696	0.00498	0.00502	G
7697	0.00122	0.00122	C
7698	0.0017	0.00174	C
7699	0.01864	0.01918	T
7700	0.00818	0.00843	A
7701	0.01247	0.01968	T
7702	0.01079	0.01079	A
7703	0.00914	0.00916	A
7704	0.01817	0.01838	T
7705	0.00301	0.00329	C
7706	0.00891	0.00905	A
7707	0.0036	0.00362	C
7708	0.01432	0.01446	T
7709	0.01132	0.01139	G
7710	0.9033	0.90438	T
7711	0.0126	0.01266	G
7712	0.00101	0.00103	C
7713	0.00069	0.00069	C
7714	0.002	0.002	C
7715	0.0078	0.0079	G
7716	0.00295	0.00301	C
7717	0.00465	0.00485	T
7718	0.00157	0.0017	C
7719	0.00786	0.008	A
7720	0.00367	0.00643	T
7721	0.00467	0.00467	A
7722	0.00429	0.0043	A
7723	0.00552	0.00553	G
7724	0.01551	0.01551	G
7725	0.02158	0.02158	G
7726	0.01871	0.01871	G
7727	0.01026	0.01131	A
7728	0.0149	0.0186	T
7729	0.01347	0.01361	G
7730	0.02169	0.02182	G
7731	0.0035	0.00361	C
7732	0.00652	0.0066	C
7733	0.01438	0.01573	A
7734	0.01362	0.01805	T
7735	0.02091	0.02105	G
7736	0.02729	0.02729	G
7737	0.00468	0.00481	C
7738	0.02512	0.02597	T
7739	0.01337	0.01398	A
7740	0.00806	0.00814	G
7741	0.03737	0.03746	G
7742	0.01946	0.01967	T
7743	0.01369	0.01378	T
7744	0.01225	0.0126	T
7745	0.01105	0.01168	A
7746	0.01638	0.01677	T
7747	0.00797	0.00812	A
7748	0.01975	0.01988	G
7749	0.01566	0.01568	A
7750	0.01248	0.0128	T
7751	0.00919	0.00931	A
7752	0.01845	0.01879	G
7753	0.02451	0.02454	T
7754	0.01213	0.01234	T
7755	0.01804	0.0182	G
7756	0.01992	0.01993	G
7757	0.02899	0.02928	G
7758	0.01263	0.01658	T
7759	0.02129	0.0213	G
7760	0.0323	0.03245	G
7761	0.02237	0.02279	T
7762	0.02299	0.02346	T
7763	0.02321	0.02328	G
7764	0.03921	0.0399	G
7765	0.0137	0.01413	T
7766	0.03363	0.03428	G
7767	0.06413	0.06549	T
7768	0.01021	0.0116	A
7769	0.01551	0.01556	A
7770	0.01064	0.01067	A
7771	0.01117	0.01217	T
7772	0.01971	0.02103	G
7773	0.01406	0.01425	A
7774	0.03095	0.03114	G
7775	0.00995	0.01064	T
7776	0.02035	0.0208	G
7777	0.01005	0.01086	A
7778	0.01957	0.01958	G
7779	0.02481	0.02494	G
7780	0.00715	0.00755	C
7781	0.01523	0.01707	A
7782	0.01735	0.01741	G
7783	0.022	0.02219	G
7784	0.01327	0.01369	A
7785	0.02204	0.02234	G
7786	0.01859	0.02113	T
7787	0.00453	0.00464	C
7788	0.00653	0.00662	C
7789	0.02676	0.0273	G
7790	0.03233	0.03314	A
7791	0.02092	0.02092	G
7792	0.02052	0.0209	G
7793	0.0122	0.01336	A
7794	0.03756	0.03756	G
7795	0.03256	0.03261	G
7796	0.01697	0.0172	T
7797	0.01754	0.01867	T
7798	0.0126	0.01837	A
7799	0.02913	0.02996	G
7800	0.01351	0.01368	T
7801	0.01098	0.01123	T
7802	0.02574	0.02755	G
7803	0.01158	0.01538	T
7804	0.0268	0.02681	G
7805	0.03825	0.0383	G
7806	0.01075	0.01121	C
7807	0.02096	0.02107	A
7808	0.00997	0.0103	A
7809	0.01164	0.01693	T
7810	0.00794	0.00796	A
7811	0.01053	0.01053	A
7812	0.00839	0.00839	A
7813	0.00709	0.00709	A
7814	0.00543	0.00545	A
7815	0.01144	0.012	T
7816	0.0232	0.0246	G
7817	0.01479	0.01492	A
7818	0.01742	0.01747	T
7819	0.01014	0.01066	T
7820	0.00913	0.00922	A
7821	0.0066	0.00666	A
7822	0.0148	0.01485	G
7823	0.01362	0.01372	G
7824	0.00528	0.00656	A
7825	0.02967	0.03039	T
7826	0.0074	0.00834	A
7827	0.00559	0.00585	C
7828	0.02339	0.02402	T
7829	0.00867	0.00873	A
7830	0.02235	0.02251	G
7831	0.02167	0.02233	T
7832	0.01417	0.01438	A
7833	0.0129	0.02186	T
7834	0.01641	0.01645	A
7835	0.01756	0.01776	A
7836	0.02827	0.02865	G
7837	0.01705	0.01754	A
7838	0.0319	0.03211	G
7839	0.01592	0.01607	A
7840	0.01586	0.01635	T
7841	0.0079	0.00858	C
7842	0.01267	0.01332	A
7843	0.02299	0.02301	G
7844	0.03038	0.03043	G
7845	0.01588	0.01598	T
7846	0.01543	0.0156	T
7847	0.00651	0.00824	C
7848	0.0319	0.03213	G
7849	0.01495	0.01786	T
7850	0.0031	0.00317	C
7851	0.00453	0.00455	C
7852	0.01075	0.01077	T
7853	0.00919	0.00919	T
7854	0.00858	0.00863	T
7855	0.01168	0.01235	A
7856	0.02367	0.0239	G
7857	0.01166	0.01197	T
7858	0.02515	0.02632	G
7859	0.0124	0.01241	T
7860	0.01237	0.01284	T
7861	0.03315	0.03428	G
7862	0.01254	0.0129	T
7863	0.03117	0.03168	G
7864	0.01785	0.01838	T
7865	0.01218	0.01278	A
7866	0.00825	0.01819	T
7867	0.01904	0.01908	G
7868	0.02366	0.02384	G
7869	0.01574	0.01574	T
7870	0.01144	0.01185	T
7871	0.00896	0.01283	A
7872	0.02175	0.02213	T
7873	0.00597	0.00642	C
7874	0.00933	0.00977	A
7875	0.01226	0.01227	T
7876	0.01174	0.01176	T
7877	0.00894	0.00918	T
7878	0.02194	0.0262	G
7879	0.01178	0.01178	T
7880	0.01122	0.01122	T
7881	0.0102	0.0102	T
7882	0.01195	0.01195	T
7883	0.02449	0.02517	G
7884	0.01079	0.01164	A
7885	0.02355	0.02361	G
7886	0.03247	0.03268	G
7887	0.01606	0.01618	T
7888	0.01462	0.01495	T
7889	0.01513	0.01641	A
7890	0.03216	0.03449	G
7891	0.01525	0.01537	T
7892	0.01546	0.01552	T
7893	0.01562	0.01566	T
7894	0.02508	0.02564	G
7895	0.00946	0.00982	A
7896	0.01467	0.01468	T
7897	0.0111	0.01113	T
7898	0.00866	0.00921	A
7899	0.02594	0.0261	G
7900	0.01693	0.01712	T
7901	0.00347	0.00363	C
7902	0.0159	0.01614	A
7903	0.01198	0.01198	T
7904	0.01059	0.01081	T
7905	0.02298	0.02366	G
7906	0.0105	0.01052	T
7907	0.01069	0.0108	T
7908	0.01419	0.01428	G
7909	0.02046	0.02055	G
7910	0.02431	0.02466	G
7911	0.01148	0.01421	T
7912	0.02075	0.02076	G
7913	0.03499	0.03578	G
7914	0.01977	0.02092	T
7915	0.0436	0.04416	G
7916	0.02184	0.02239	A
7917	0.01175	0.01186	T
7918	0.01301	0.01332	T
7919	0.00839	0.00898	A
7920	0.02466	0.02478	G
7921	0.01262	0.014	T
7922	0.00879	0.01006	C
7923	0.03404	0.03406	G
7924	0.03281	0.03285	G
7925	0.01603	0.01653	T
7926	0.01587	0.01659	T
7927	0.03284	0.03377	G
7928	0.01694	0.01696	T
7929	0.01071	0.01075	T
7930	0.02694	0.02729	G
7931	0.01484	0.01536	A
7932	0.01471	0.01543	T
7933	0.01863	0.01958	G
7934	0.0145	0.01468	A
7935	0.02615	0.02637	G
7936	0.01508	0.0153	A
7937	0.01755	0.01828	T
7938	0.01208	0.01309	A
7939	0.01518	0.01518	T
7940	0.0119	0.01191	T
7941	0.00727	0.00728	T
7942	0.01649	0.01652	G
7943	0.01941	0.01958	G
7944	0.01203	0.01339	A
7945	0.02252	0.02252	G
7946	0.03656	0.03694	G
7947	0.0137	0.01721	T
7948	0.02437	0.02437	G
7949	0.03442	0.03442	G
7950	0.03529	0.03529	G
7951	0.02489	0.02502	G
7952	0.01879	0.02081	A
7953	0.01474	0.01628	T
7954	0.00781	0.00842	C
7955	0.01715	0.01729	A
7956	0.00835	0.00841	A
7957	0.01594	0.01681	T
7958	0.00908	0.00915	A
7959	0.01723	0.01757	G
7960	0.00836	0.00903	A
7961	0.01103	0.01106	G
7962	0.02443	0.02443	G
7963	0.03041	0.03042	G
7964	0.0434	0.0434	G
7965	0.05571	0.05571	G
7966	0.02526	0.02568	A
7967	0.01605	0.01621	A
7968	0.00686	0.00693	A
7969	0.02328	0.0263	T
7970	0.00714	0.00725	A
7971	0.02218	0.02559	G
7972	0.00911	0.00911	A
7973	0.00835	0.00838	A
7974	0.01742	0.01799	T
7975	0.01397	0.01421	G
7976	0.00755	0.00766	A
7977	0.00999	0.01024	T
7978	0.00406	0.00447	C
7979	0.01049	0.01058	A
7980	0.03426	0.03434	G
7981	0.01472	0.01507	T
7982	0.00939	0.00967	A
7983	0.0052	0.00526	C
7984	0.02071	0.0213	T
7985	0.01965	0.01986	G
7986	0.00514	0.00568	C
7987	0.00851	0.00852	G
7988	0.00729	0.00732	G
7989	0.00589	0.00614	C
7990	0.04034	0.04034	G
7991	0.02882	0.02882	G
7992	0.04171	0.04179	G
7993	0.01527	0.01747	T
7994	0.00855	0.00947	A
7995	0.0121	0.01236	G
7996	0.00855	0.00857	G
7997	0.00441	0.00451	C
7998	0.00431	0.00439	C
7999	0.02014	0.02245	T
