Position	Mismatches	Mismatches + Deletions	Base
1	0.0	0.0	C
2	0.0	0.0	T
3	0.0	0.0	G
4	0.01172	0.01172	A
5	0.00471	0.00471	T
6	0.00454	0.00528	G
7	0.00505	0.00575	T
8	0.00704	0.00706	T
9	0.02286	0.02545	C
10	0.00497	0.00507	G
11	0.04743	0.05152	C
12	0.04433	0.04498	C
13	0.00394	0.00559	G
14	0.03209	0.03281	A
15	0.06158	0.06159	C
16	0.03859	0.03879	C
17	0.00624	0.00718	G
18	0.0082	0.00836	T
19	0.01086	0.01097	T
20	0.003	0.00351	G
21	0.04529	0.04566	A
22	0.05178	0.05198	C
23	0.00901	0.00914	T
24	0.03549	0.03742	A
25	0.00933	0.00935	T
26	0.01301	0.01321	T
27	0.03161	0.04099	C
28	0.01069	0.01079	T
29	0.04141	0.04205	C
30	0.00905	0.00914	T
31	0.02868	0.02924	A
32	0.05102	0.05178	C
33	0.0241	0.02434	A
34	0.02418	0.02421	A
35	0.03624	0.03715	A
36	0.04044	0.04124	C
37	0.03072	0.03099	C
38	0.01443	0.02114	A
39	0.04803	0.04996	C
40	0.03394	0.03403	A
41	0.0324	0.03242	A
42	0.04172	0.04324	A
43	0.00497	0.00572	G
44	0.03667	0.0368	A
45	0.05146	0.05186	C
46	0.0407	0.04108	A
47	0.01034	0.01071	T
48	0.00875	0.00879	T
49	0.00435	0.0044	G
50	0.00476	0.00489	G
51	0.03174	0.03181	A
52	0.03837	0.0385	A
53	0.04792	0.04904	C
54	0.04096	0.04142	A
55	0.06523	0.06616	C
56	0.00848	0.00889	T
57	0.02527	0.03553	A
58	0.01206	0.01341	T
59	0.03392	0.0352	A
60	0.06117	0.06187	C
61	0.03383	0.03492	C
62	0.00758	0.00814	T
63	0.03318	0.03432	A
64	0.00907	0.0091	T
65	0.00954	0.0097	T
66	0.0127	0.04114	A
67	0.00885	0.00885	T
68	0.00735	0.00745	T
69	0.02695	0.02945	C
70	0.00392	0.00393	G
71	0.00355	0.00361	G
72	0.02287	0.02322	C
73	0.00593	0.00651	G
74	0.0253	0.0259	C
75	0.02081	0.02117	A
76	0.00407	0.00417	T
77	0.0018	0.00192	G
78	0.02298	0.02334	A
79	0.00307	0.00308	G
80	0.01014	0.01022	C
81	0.00132	0.00136	T
82	0.00298	0.00299	G
83	0.00183	0.00192	G
84	0.02756	0.03893	A
85	0.00525	0.00532	G
86	0.006	0.00617	T
87	0.0089	0.00893	C
88	0.00601	0.00603	C
89	0.00423	0.00448	T
90	0.03733	0.03893	A
91	0.00168	0.00169	G
92	0.00374	0.00376	G
93	0.00714	0.00745	C
94	0.02439	0.02737	A
95	0.00739	0.00752	C
96	0.00881	0.01026	A
97	0.00411	0.00419	G
98	0.00322	0.00325	C
99	0.0014	0.00149	T
100	0.00185	0.00189	C
101	0.00405	0.00472	T
102	0.01745	0.01777	A
103	0.05516	0.05544	A
104	0.00209	0.00233	G
105	0.02815	0.02817	C
106	0.00435	0.00439	C
107	0.00189	0.00343	T
108	0.025	0.02501	C
109	0.03406	0.03465	C
110	0.00759	0.00759	T
111	0.01314	0.01322	T
112	0.00957	0.04936	A
113	0.01182	0.01182	T
114	0.01097	0.01108	T
115	0.07191	0.07633	C
116	0.00344	0.00398	G
117	0.03087	0.03192	A
118	0.00426	0.00434	G
119	0.02007	0.02019	C
120	0.03116	0.03132	C
121	0.00409	0.00484	G
122	0.03036	0.03177	A
123	0.00384	0.00386	G
124	0.00785	0.00804	C
125	0.00205	0.00215	T
126	0.00254	0.00256	G
127	0.00279	0.00287	G
128	0.00369	0.00371	G
129	0.00883	0.00885	C
130	0.00985	0.00997	C
131	0.03337	0.04588	A
132	0.00476	0.00484	G
133	0.03773	0.03776	C
134	0.03305	0.03316	C
135	0.0232	0.03177	A
136	0.00151	0.00152	G
137	0.00454	0.00456	G
138	0.02955	0.03009	C
139	0.04822	0.04834	A
140	0.03048	0.03058	A
141	0.04365	0.04372	C
142	0.0325	0.03259	C
143	0.00622	0.00627	T
144	0.00945	0.0095	T
145	0.03672	0.04608	C
146	0.01	0.01004	T
147	0.03975	0.04122	A
148	0.00162	0.00163	G
149	0.00397	0.004	G
150	0.00309	0.00318	T
151	0.01424	0.01426	A
152	0.01256	0.01265	A
153	0.01615	0.01644	C
154	0.00499	0.00543	G
155	0.04818	0.04907	A
156	0.04472	0.04477	C
157	0.04791	0.04836	C
158	0.02542	0.03321	A
159	0.06159	0.06296	C
160	0.02722	0.03229	A
161	0.01391	0.01481	T
162	0.05563	0.05613	C
163	0.02045	0.02108	T
164	0.04475	0.04661	A
165	0.05727	0.05864	C
166	0.03323	0.03324	A
167	0.05092	0.05185	A
168	0.01749	0.01785	C
169	0.00521	0.00535	G
170	0.00372	0.00376	T
171	0.00399	0.00407	T
172	0.0083	0.02009	A
173	0.00341	0.00407	T
174	0.01539	0.01567	C
175	0.00644	0.00669	G
176	0.00874	0.00991	T
177	0.0424	0.04274	C
178	0.04133	0.0459	A
179	0.03189	0.03398	C
180	0.03108	0.0355	A
181	0.00546	0.00592	G
182	0.01487	0.01493	C
183	0.01202	0.01204	C
184	0.01139	0.0115	C
185	0.00922	0.01486	A
186	0.00774	0.00793	T
187	0.00298	0.00327	G
188	0.015	0.0153	C
189	0.03232	0.03297	A
190	0.00913	0.00921	T
191	0.00931	0.00939	T
192	0.0104	0.01044	T
193	0.00335	0.00407	G
194	0.01096	0.01157	T
195	0.03223	0.03326	A
196	0.02732	0.02769	A
197	0.01125	0.01149	T
198	0.03395	0.03429	A
199	0.02774	0.03448	A
200	0.01096	0.01194	T
201	0.06367	0.06655	C
202	0.0118	0.01181	T
203	0.01132	0.01153	T
204	0.02874	0.04705	C
205	0.01182	0.01183	T
206	0.01179	0.01227	T
207	0.0421	0.04494	C
208	0.04202	0.04312	A
209	0.01145	0.01193	T
210	0.0469	0.04827	A
211	0.00429	0.00541	G
212	0.01343	0.01421	T
213	0.04946	0.0498	A
214	0.0304	0.03296	A
215	0.01957	0.0227	T
216	0.04589	0.04821	A
217	0.06283	0.06682	C
218	0.03885	0.03921	C
219	0.02103	0.02113	C
220	0.02677	0.03406	A
221	0.01123	0.01371	T
222	0.03264	0.0337	C
223	0.02857	0.03097	A
224	0.00736	0.00784	T
225	0.02916	0.02922	A
226	0.02444	0.03017	A
227	0.00286	0.0036	T
228	0.00724	0.00765	C
229	0.00446	0.00459	G
230	0.00199	0.00205	G
231	0.01918	0.02673	A
232	0.00299	0.00299	G
233	0.00343	0.00348	G
234	0.0104	0.01075	C
235	0.00317	0.00318	T
236	0.00713	0.00717	T
237	0.00553	0.00553	T
238	0.00221	0.00222	G
239	0.0034	0.00342	G
240	0.04342	0.04404	C
241	0.01993	0.02	A
242	0.01468	0.01472	A
243	0.01327	0.01347	C
244	0.004	0.0041	T
245	0.00447	0.00541	G
246	0.03797	0.03821	A
247	0.05255	0.05329	C
248	0.01046	0.01054	T
249	0.03748	0.03923	A
250	0.00539	0.00579	G
251	0.00672	0.00687	T
252	0.00551	0.00561	T
253	0.0389	0.03907	C
254	0.02841	0.02846	C
255	0.02337	0.02345	C
256	0.01194	0.012	C
257	0.00697	0.00763	T
258	0.03288	0.03382	A
259	0.03497	0.03528	A
260	0.01052	0.01073	T
261	0.03545	0.03548	A
262	0.03423	0.04214	A
263	0.00618	0.00656	T
264	0.02458	0.02562	C
265	0.00314	0.00315	G
266	0.00346	0.00351	G
267	0.00542	0.00567	T
268	0.00522	0.00562	G
269	0.00788	0.00804	C
270	0.0033	0.00331	C
271	0.01503	0.01505	C
272	0.00592	0.00592	C
273	0.0056	0.00561	C
274	0.00354	0.00391	G
275	0.00841	0.00854	A
276	0.0024	0.00244	T
277	0.01943	0.0199	A
278	0.00553	0.00558	T
279	0.002	0.00202	G
280	0.00243	0.00245	G
281	0.04764	0.04788	C
282	0.00463	0.00484	G
283	0.00325	0.00339	T
284	0.01088	0.01092	T
285	0.01307	0.0131	T
286	0.04947	0.04982	C
287	0.05721	0.05727	C
288	0.04572	0.04575	C
289	0.04366	0.04372	C
290	0.00447	0.00663	G
291	0.04112	0.04151	C
292	0.02867	0.03112	A
293	0.01102	0.01274	T
294	0.03618	0.03625	A
295	0.02887	0.02896	A
296	0.03323	0.03363	A
297	0.0521	0.05714	C
298	0.02934	0.02936	A
299	0.02824	0.02924	A
300	0.04955	0.05127	C
301	0.04037	0.04284	A
302	0.01081	0.01415	T
303	0.03802	0.03803	A
304	0.03697	0.03936	A
305	0.00487	0.00671	G
306	0.04651	0.04799	C
307	0.01032	0.01036	T
308	0.01042	0.01051	T
309	0.03285	0.03805	C
310	0.01297	0.01324	T
311	0.00371	0.00661	G
312	0.0411	0.04214	A
313	0.03868	0.0391	C
314	0.00979	0.01012	T
315	0.04635	0.04829	C
316	0.01052	0.01059	T
317	0.01271	0.01322	T
318	0.01973	0.045	A
319	0.0515	0.05231	C
320	0.03085	0.03148	C
321	0.00867	0.01279	T
322	0.04372	0.0448	C
323	0.03142	0.03152	C
324	0.03029	0.03202	C
325	0.01132	0.01335	T
326	0.03818	0.0396	C
327	0.00746	0.00846	T
328	0.03252	0.03357	C
329	0.00693	0.00743	T
330	0.03931	0.03932	C
331	0.02141	0.02305	C
332	0.01079	0.01262	T
333	0.03814	0.04771	A
334	0.03301	0.03389	C
335	0.00798	0.00858	T
336	0.03116	0.03122	C
337	0.01897	0.02015	C
338	0.00994	0.01141	T
339	0.0038	0.00525	G
340	0.03584	0.0373	C
341	0.00996	0.01343	T
342	0.04941	0.05059	C
343	0.00892	0.01176	G
344	0.02244	0.02437	C
345	0.01863	0.01954	A
346	0.00772	0.00865	T
347	0.03301	0.03326	C
348	0.01679	0.01706	T
349	0.00255	0.00272	G
350	0.01605	0.01628	C
351	0.00608	0.00613	T
352	0.02233	0.02268	A
353	0.00886	0.00893	T
354	0.04014	0.04158	A
355	0.0033	0.00357	G
356	0.00468	0.00482	T
357	0.00303	0.00303	G
358	0.00215	0.00221	G
359	0.01392	0.01777	A
360	0.00364	0.00365	G
361	0.00398	0.00409	G
362	0.04269	0.04294	C
363	0.04624	0.04632	C
364	0.00423	0.00426	G
365	0.00207	0.00211	G
366	0.00513	0.00623	A
367	0.00526	0.00553	G
368	0.10416	0.10477	C
369	0.01126	0.01163	A
370	0.00269	0.00269	G
371	0.00326	0.00331	G
372	0.01479	0.01481	A
373	0.02892	0.029	A
374	0.05754	0.05835	C
375	0.03167	0.03195	A
376	0.00317	0.00321	G
377	0.00349	0.0035	G
378	0.00387	0.00389	T
379	0.00451	0.00455	T
380	0.00515	0.0054	G
381	0.0359	0.0361	A
382	0.03634	0.03638	A
383	0.07766	0.07823	C
384	0.04689	0.04777	A
385	0.00359	0.00372	G
386	0.00215	0.00224	T
387	0.0093	0.00952	C
388	0.00339	0.00458	T
389	0.01273	0.01415	A
390	0.01306	0.0131	C
391	0.04026	0.04047	C
392	0.02609	0.02631	C
393	0.00199	0.00345	T
394	0.00549	0.00549	C
395	0.00827	0.00827	C
396	0.01624	0.01644	C
397	0.00367	0.0037	T
398	0.00772	0.00773	T
399	0.03661	0.05811	A
400	0.00489	0.00558	G
401	0.05579	0.05705	C
402	0.02247	0.02296	A
403	0.00127	0.00128	G
404	0.00212	0.00216	G
405	0.00284	0.00286	G
406	0.01302	0.01312	A
407	0.03759	0.03766	A
408	0.05366	0.0551	C
409	0.00889	0.00939	T
410	0.06642	0.07092	A
411	0.02057	0.02125	C
412	0.00484	0.00537	T
413	0.01545	0.01547	C
414	0.01125	0.01125	C
415	0.0489	0.04928	C
416	0.02414	0.03846	A
417	0.05234	0.05234	C
418	0.03753	0.03753	C
419	0.03023	0.0318	C
420	0.00599	0.00675	T
421	0.00188	0.00191	G
422	0.00173	0.00184	G
423	0.01117	0.0149	A
424	0.00382	0.00387	G
425	0.06801	0.06834	C
426	0.01532	0.01539	C
427	0.00383	0.0054	T
428	0.03729	0.03731	C
429	0.04871	0.04878	C
430	0.00284	0.00328	G
431	0.0025	0.00275	T
432	0.01299	0.01374	A
433	0.00327	0.00336	G
434	0.01251	0.01277	A
435	0.01417	0.01423	C
436	0.00591	0.00612	C
437	0.0078	0.0085	T
438	0.02428	0.02474	A
439	0.02261	0.02287	A
440	0.0342	0.03434	C
441	0.01677	0.01689	C
442	0.0312	0.04014	A
443	0.00854	0.00928	T
444	0.03284	0.03318	C
445	0.00817	0.00834	T
446	0.01683	0.01709	T
447	0.02486	0.03596	C
448	0.00954	0.00983	T
449	0.02974	0.02976	C
450	0.01865	0.01927	C
451	0.00826	0.00828	T
452	0.02038	0.02057	T
453	0.01588	0.04277	A
454	0.01683	0.01725	C
455	0.01014	0.01087	A
456	0.01471	0.01475	C
457	0.01771	0.01784	C
458	0.00379	0.00416	T
459	0.03547	0.03671	A
460	0.00391	0.00454	G
461	0.0339	0.03431	C
462	0.02942	0.03008	A
463	0.00167	0.0017	G
464	0.00309	0.00324	G
465	0.00127	0.00134	T
466	0.00396	0.00423	G
467	0.00434	0.00501	T
468	0.05115	0.05148	C
469	0.00927	0.00959	T
470	0.03956	0.03967	C
471	0.02423	0.02495	C
472	0.01236	0.01374	T
473	0.04192	0.04369	C
474	0.00953	0.00985	T
475	0.03223	0.03422	A
476	0.01007	0.01052	T
477	0.05475	0.05526	C
478	0.01052	0.01052	T
479	0.01141	0.0116	T
480	0.01724	0.02388	A
481	0.00343	0.00346	G
482	0.00184	0.00186	G
483	0.00245	0.00249	G
484	0.00451	0.00461	G
485	0.05257	0.0528	C
486	0.02102	0.02116	C
487	0.02561	0.03063	A
488	0.01183	0.01243	T
489	0.04984	0.05035	C
490	0.02288	0.02314	A
491	0.03707	0.03784	A
492	0.00775	0.00785	T
493	0.01302	0.01314	T
494	0.01298	0.01329	T
495	0.04405	0.0483	C
496	0.03586	0.03708	A
497	0.01868	0.02074	T
498	0.09275	0.09717	C
499	0.03236	0.03343	A
500	0.06211	0.0709	C
501	0.0229	0.02308	A
502	0.0334	0.03391	A
503	0.06177	0.06567	C
504	0.02167	0.02177	A
505	0.02855	0.02923	A
506	0.01372	0.01429	T
507	0.01262	0.01288	T
508	0.01496	0.03791	A
509	0.0143	0.01535	T
510	0.05254	0.05425	C
511	0.03494	0.03805	A
512	0.02709	0.02871	A
513	0.0098	0.01044	T
514	0.0346	0.03673	A
515	0.01093	0.01224	T
516	0.0249	0.02495	A
517	0.01719	0.01721	A
518	0.03542	0.03543	A
519	0.04793	0.04829	A
520	0.03543	0.03754	C
521	0.02596	0.02607	C
522	0.02336	0.02341	C
523	0.02277	0.02279	C
524	0.02069	0.02075	C
525	0.01267	0.01409	T
526	0.00539	0.0057	G
527	0.05333	0.05342	C
528	0.0381	0.03826	C
529	0.01836	0.03938	A
530	0.01299	0.01736	T
531	0.03229	0.03259	A
532	0.02767	0.03388	A
533	0.06431	0.06513	C
534	0.06612	0.0664	C
535	0.03851	0.03866	C
536	0.01965	0.02022	A
537	0.03197	0.0329	A
538	0.01042	0.01265	T
539	0.04305	0.04377	A
540	0.05706	0.05764	C
541	0.03949	0.03984	C
542	0.01632	0.01653	A
543	0.03147	0.03189	A
544	0.03946	0.04127	A
545	0.09295	0.10612	C
546	0.00772	0.00976	G
547	0.0478	0.04793	C
548	0.02871	0.02877	C
549	0.03382	0.03393	C
550	0.032	0.03229	C
551	0.00987	0.01246	T
552	0.04849	0.04943	C
553	0.01301	0.0131	T
554	0.0144	0.01617	T
555	0.0452	0.04801	C
556	0.01357	0.01526	G
557	0.01275	0.01346	T
558	0.04572	0.04599	C
559	0.01427	0.01481	T
560	0.00435	0.00769	G
561	0.03683	0.0384	A
562	0.01485	0.01504	T
563	0.05695	0.05734	C
564	0.04804	0.04863	C
565	0.00527	0.01031	G
566	0.01263	0.01307	T
567	0.05531	0.0554	C
568	0.03176	0.03189	C
569	0.01225	0.01294	T
570	0.02806	0.02899	A
571	0.03681	0.03724	A
572	0.01201	0.01326	T
573	0.05681	0.05732	C
574	0.03656	0.03973	A
575	0.02256	0.02339	C
576	0.01596	0.01742	A
577	0.00473	0.0051	G
578	0.02023	0.02093	C
579	0.01669	0.01966	A
580	0.00433	0.00455	G
581	0.00745	0.00795	T
582	0.04648	0.04657	C
583	0.03111	0.03147	C
584	0.00805	0.0089	T
585	0.03091	0.03226	A
586	0.05262	0.05364	C
587	0.009	0.00915	T
588	0.01001	0.01031	T
589	0.0375	0.05547	C
590	0.01382	0.01409	T
591	0.08234	0.08237	C
592	0.03467	0.03842	C
593	0.01471	0.0163	T
594	0.03676	0.04263	A
595	0.01683	0.01762	T
596	0.05295	0.05438	C
597	0.01499	0.01816	T
598	0.05296	0.05562	C
599	0.01802	0.01932	T
600	0.08277	0.08314	C
601	0.0487	0.04872	C
602	0.02605	0.02646	C
603	0.02039	0.02974	A
604	0.00378	0.00394	G
605	0.00724	0.00748	T
606	0.03845	0.03848	C
607	0.0316	0.03172	C
608	0.00789	0.00843	T
609	0.04158	0.04308	A
610	0.00254	0.00266	G
611	0.01746	0.01787	C
612	0.00312	0.00315	T
613	0.00349	0.00369	G
614	0.00641	0.0067	C
615	0.00198	0.00208	T
616	0.00247	0.00249	G
617	0.00339	0.00359	G
618	0.07032	0.07134	C
619	0.03708	0.03743	A
620	0.01291	0.01449	T
621	0.0418	0.04224	C
622	0.05133	0.05167	A
623	0.05755	0.05851	C
624	0.00858	0.00898	T
625	0.03665	0.03874	A
626	0.01156	0.01227	T
627	0.04004	0.04102	A
628	0.05263	0.05538	C
629	0.0116	0.01276	T
630	0.03559	0.03665	A
631	0.04882	0.05266	C
632	0.00999	0.01088	T
633	0.03869	0.03905	A
634	0.03408	0.03552	A
635	0.03939	0.04059	C
636	0.0349	0.03847	A
637	0.00759	0.00827	G
638	0.02502	0.02564	A
639	0.03837	0.03859	C
640	0.03079	0.03164	C
641	0.00825	0.02013	G
642	0.04911	0.06315	C
643	0.0285	0.0312	A
644	0.03666	0.03689	A
645	0.06093	0.06109	C
646	0.03064	0.0314	C
647	0.01111	0.01338	T
648	0.04816	0.04911	C
649	0.03024	0.03286	A
650	0.03121	0.03162	A
651	0.04786	0.05218	C
652	0.0314	0.03277	A
653	0.05053	0.05063	C
654	0.03907	0.0404	C
655	0.03294	0.04291	A
656	0.00806	0.00806	C
657	0.00537	0.00545	C
658	0.00119	0.00128	T
659	0.00139	0.00141	T
660	0.00326	0.00525	C
661	0.00136	0.00138	T
662	0.00158	0.00165	T
663	0.0058	0.00619	C
664	0.00374	0.00452	G
665	0.03516	0.03605	A
666	0.01609	0.01617	C
667	0.02768	0.02789	C
668	0.02816	0.02822	C
669	0.03618	0.03637	C
670	0.00414	0.00522	G
671	0.02812	0.02812	C
672	0.00415	0.00417	C
673	0.00354	0.00355	G
674	0.00202	0.00205	G
675	0.00459	0.00522	A
676	0.00353	0.00353	G
677	0.00179	0.00182	G
678	0.00666	0.00796	A
679	0.0037	0.00371	G
680	0.00335	0.0035	G
681	0.03459	0.05869	A
682	0.00676	0.00814	G
683	0.04193	0.04402	A
684	0.05804	0.05894	C
685	0.03717	0.03724	C
686	0.03578	0.0358	C
687	0.02955	0.02958	C
688	0.02621	0.03036	A
689	0.00984	0.00994	T
690	0.01234	0.01245	T
691	0.03248	0.03918	C
692	0.00894	0.00931	T
693	0.02519	0.03416	A
694	0.01155	0.01312	T
695	0.03246	0.03328	A
696	0.05861	0.0594	C
697	0.03764	0.03803	C
698	0.03063	0.0312	A
699	0.03311	0.03373	A
700	0.05471	0.06151	C
701	0.03187	0.03377	A
702	0.06139	0.06171	C
703	0.01964	0.02038	C
704	0.00742	0.00809	T
705	0.04141	0.04399	A
706	0.00799	0.00806	T
707	0.00779	0.00788	T
708	0.03314	0.04091	C
709	0.01765	0.01772	T
710	0.01041	0.01137	G
711	0.0385	0.04172	A
712	0.002	0.00205	T
713	0.00274	0.00277	T
714	0.00245	0.00246	T
715	0.00674	0.00677	T
716	0.00729	0.0073	T
717	0.02317	0.02643	C
718	0.0062	0.00625	G
719	0.00463	0.00476	G
720	0.01249	0.02036	T
721	0.03708	0.03809	C
722	0.04277	0.04382	A
723	0.06762	0.06772	C
724	0.02473	0.02478	C
725	0.01418	0.01439	C
726	0.00581	0.00733	T
727	0.00338	0.00385	G
728	0.01464	0.01485	A
729	0.01772	0.01785	A
730	0.0031	0.00331	G
731	0.00554	0.00562	T
732	0.00612	0.00616	T
733	0.00897	0.00905	T
734	0.01989	0.02509	A
735	0.00976	0.01024	T
736	0.03205	0.03795	A
737	0.01357	0.01359	T
738	0.01173	0.012	T
739	0.04236	0.05374	C
740	0.01966	0.01966	T
741	0.01763	0.01796	T
742	0.00615	0.03063	A
743	0.01446	0.01479	T
744	0.05507	0.05598	C
745	0.02499	0.02556	C
746	0.01101	0.01233	T
747	0.03078	0.03218	A
748	0.04587	0.04595	C
749	0.04045	0.04074	C
750	0.02275	0.03249	A
751	0.00184	0.00191	G
752	0.00295	0.00296	G
753	0.03072	0.03141	C
754	0.00407	0.00414	T
755	0.00468	0.00469	T
756	0.01834	0.01924	C
757	0.00301	0.00304	G
758	0.00246	0.00251	G
759	0.02174	0.02184	A
760	0.02886	0.02896	A
761	0.01012	0.01042	T
762	0.03027	0.03033	A
763	0.02842	0.03202	A
764	0.00934	0.01057	T
765	0.04086	0.04373	C
766	0.01256	0.01342	T
767	0.05186	0.05208	C
768	0.04926	0.04933	C
769	0.04436	0.04517	C
770	0.02402	0.03259	A
771	0.01123	0.01167	T
772	0.02933	0.03013	A
773	0.01068	0.01069	T
774	0.01126	0.01143	T
775	0.00376	0.00488	G
776	0.02202	0.02648	T
777	0.03388	0.03438	A
778	0.02896	0.02923	A
779	0.04776	0.0491	C
780	0.01055	0.01074	T
781	0.01148	0.01188	T
782	0.01935	0.03959	A
783	0.04883	0.04997	C
784	0.00903	0.01005	T
785	0.03475	0.04032	A
786	0.04032	0.04207	C
787	0.00681	0.007	T
788	0.0242	0.02424	C
789	0.02148	0.02164	C
790	0.00284	0.00298	G
791	0.00675	0.00718	G
792	0.00076	0.0009	A
793	0.00068	0.00074	A
794	0.00206	0.00211	A
795	0.01494	0.01495	A
796	0.01433	0.01435	A
797	0.02225	0.02234	A
798	0.01566	0.01567	A
799	0.00603	0.00651	G
800	0.0168	0.01682	A
801	0.0382	0.03843	A
802	0.02488	0.02501	C
803	0.01432	0.01436	C
804	0.01914	0.02042	A
805	0.00408	0.00412	T
806	0.00472	0.00473	T
807	0.0049	0.00491	T
808	0.00199	0.00202	G
809	0.00297	0.003	G
810	0.00588	0.01899	A
811	0.00389	0.004	T
812	0.01013	0.01023	A
813	0.02019	0.02038	C
814	0.01262	0.01306	A
815	0.00275	0.00286	T
816	0.00961	0.00971	A
817	0.00189	0.00194	G
818	0.00291	0.00292	G
819	0.00432	0.00441	T
820	0.03715	0.03751	A
821	0.00822	0.00826	T
822	0.00288	0.0029	G
823	0.00192	0.00195	G
824	0.00419	0.00433	T
825	0.0172	0.01738	C
826	0.00471	0.00509	T
827	0.00369	0.00458	G
828	0.05279	0.05308	A
829	0.00432	0.00434	G
830	0.00974	0.00993	C
831	0.00192	0.00197	T
832	0.01036	0.0107	A
833	0.00317	0.00326	T
834	0.00202	0.00237	G
835	0.03649	0.0371	A
836	0.00442	0.00454	T
837	0.01771	0.01798	A
838	0.00436	0.00472	T
839	0.01922	0.01983	C
840	0.01648	0.01651	A
841	0.01784	0.01841	A
842	0.00398	0.00402	T
843	0.00406	0.00411	T
844	0.00218	0.00221	G
845	0.00251	0.00255	G
846	0.03483	0.03587	C
847	0.00303	0.00304	T
848	0.00299	0.00303	T
849	0.0197	0.01978	C
850	0.01547	0.01562	C
851	0.00553	0.00584	T
852	0.05075	0.05301	A
853	0.00186	0.00189	G
854	0.00224	0.00225	G
855	0.00393	0.00398	G
856	0.00485	0.00488	T
857	0.00631	0.00634	T
858	0.00813	0.00817	T
859	0.02543	0.02879	A
860	0.00486	0.005	T
861	0.03027	0.03054	C
862	0.00401	0.00413	G
863	0.00311	0.00339	T
864	0.0057	0.00595	G
865	0.01113	0.01262	T
866	0.00329	0.00357	G
867	0.03628	0.03798	A
868	0.00633	0.00701	G
869	0.03464	0.03657	C
870	0.03152	0.03909	A
871	0.03307	0.03428	C
872	0.02919	0.03056	A
873	0.04033	0.04041	C
874	0.03466	0.03539	C
875	0.02061	0.02727	A
876	0.00998	0.01039	T
877	0.02465	0.02558	A
878	0.00849	0.00867	T
879	0.01767	0.01825	A
880	0.00815	0.00817	T
881	0.01098	0.01099	T
882	0.01007	0.01017	T
883	0.0238	0.03005	A
884	0.05059	0.05074	C
885	0.03957	0.03987	A
886	0.00523	0.00551	G
887	0.00861	0.00906	T
888	0.03159	0.03231	A
889	0.00299	0.00304	G
890	0.00349	0.00355	G
891	0.02378	0.02389	A
892	0.03128	0.03162	A
893	0.00715	0.00757	T
894	0.03184	0.03275	A
895	0.00341	0.00364	G
896	0.02856	0.02888	A
897	0.04991	0.05039	C
898	0.00441	0.00458	G
899	0.00449	0.00544	T
900	0.03701	0.03813	A
901	0.00416	0.00436	G
902	0.0446	0.0458	A
903	0.02705	0.02813	C
904	0.02215	0.02318	A
905	0.02659	0.02829	C
906	0.01928	0.02026	A
907	0.03165	0.03284	C
908	0.00446	0.00495	G
909	0.02318	0.02369	A
910	0.00529	0.00633	G
911	0.05126	0.05191	C
912	0.03393	0.03457	A
913	0.01101	0.01131	T
914	0.03282	0.03383	A
915	0.00752	0.00754	T
916	0.01116	0.01117	T
917	0.01252	0.01262	T
918	0.04388	0.04631	C
919	0.03224	0.03278	A
920	0.06584	0.06609	C
921	0.04006	0.04062	C
922	0.0073	0.00948	T
923	0.04393	0.04394	C
924	0.05652	0.05734	C
925	0.00478	0.00763	G
926	0.03492	0.04017	C
927	0.00999	0.01087	T
928	0.03458	0.03523	A
929	0.05478	0.05482	C
930	0.04103	0.0415	C
931	0.01843	0.03481	A
932	0.0126	0.01373	T
933	0.03288	0.03292	A
934	0.03349	0.03982	A
935	0.00952	0.01139	T
936	0.03932	0.04052	C
937	0.03217	0.03427	A
938	0.01081	0.01159	T
939	0.04493	0.04605	C
940	0.00867	0.00895	G
941	0.02434	0.0251	C
942	0.00532	0.00581	T
943	0.0337	0.0367	A
944	0.00981	0.01032	T
945	0.02687	0.02739	C
946	0.01828	0.01852	C
947	0.03237	0.03243	C
948	0.03338	0.03348	C
949	0.02522	0.03041	A
950	0.05343	0.05343	C
951	0.03007	0.03029	C
952	0.00284	0.00292	G
953	0.00227	0.00228	G
954	0.01218	0.01231	C
955	0.00481	0.00486	G
956	0.00382	0.00432	T
957	0.02704	0.02816	C
958	0.03256	0.03268	A
959	0.03459	0.03463	A
960	0.02648	0.02651	A
961	0.00517	0.00553	G
962	0.00611	0.0067	T
963	0.03105	0.03166	A
964	0.01093	0.01094	T
965	0.01408	0.01409	T
966	0.01776	0.01784	T
967	0.0383	0.04693	A
968	0.00323	0.00331	G
969	0.02132	0.02167	C
970	0.00423	0.0043	T
971	0.00276	0.0034	G
972	0.04522	0.04641	A
973	0.03795	0.03841	C
974	0.00699	0.0074	T
975	0.02357	0.02423	C
976	0.00468	0.0051	G
977	0.0082	0.00821	C
978	0.00858	0.00871	C
979	0.01779	0.04637	A
980	0.05661	0.059	C
981	0.03098	0.03713	A
982	0.04616	0.0484	C
983	0.00838	0.00889	T
984	0.03827	0.03827	C
985	0.03455	0.03484	C
986	0.02533	0.03269	A
987	0.0667	0.06751	C
988	0.00366	0.00392	G
989	0.00329	0.00337	G
990	0.01306	0.01319	A
991	0.01893	0.01896	A
992	0.00453	0.00526	G
993	0.02438	0.02525	C
994	0.03195	0.03202	A
995	0.02736	0.02758	A
996	0.00878	0.00907	T
997	0.03435	0.03465	A
998	0.00767	0.00782	T
999	0.00317	0.00389	G
1000	0.01863	0.0187	A
1001	0.03867	0.03914	A
1002	0.02992	0.03064	A
1003	0.00759	0.00838	T
1004	0.00405	0.00573	G
1005	0.03076	0.03168	A
1006	0.00703	0.00735	T
1007	0.0437	0.04423	C
1008	0.00419	0.00432	T
1009	0.00366	0.00417	G
1010	0.01155	0.01197	C
1011	0.00256	0.00267	T
1012	0.00265	0.0029	G
1013	0.01735	0.0178	C
1014	0.01382	0.01518	A
1015	0.00369	0.00379	G
1016	0.00209	0.00226	T
1017	0.00372	0.00383	G
1018	0.00893	0.00909	C
1019	0.00359	0.00373	T
1020	0.03007	0.03026	C
1021	0.00682	0.0071	T
1022	0.00285	0.00435	G
1023	0.03443	0.03602	A
1024	0.00541	0.00573	G
1025	0.01576	0.01587	C
1026	0.0146	0.01464	C
1027	0.01792	0.01799	C
1028	0.00561	0.00589	T
1029	0.02199	0.02246	A
1030	0.00166	0.0017	G
1031	0.00191	0.00199	G
1032	0.02661	0.03251	A
1033	0.00759	0.00763	T
1034	0.00963	0.00978	T
1035	0.02862	0.03031	C
1036	0.02298	0.02473	A
1037	0.00772	0.00823	T
1038	0.0334	0.03468	C
1039	0.00448	0.0046	T
1040	0.01643	0.01647	T
1041	0.01981	0.02079	T
1042	0.03579	0.04619	C
1043	0.00631	0.00631	T
1044	0.00963	0.00963	T
1045	0.01651	0.01651	T
1046	0.01512	0.01519	T
1047	0.0408	0.05516	C
1048	0.03389	0.03438	A
1049	0.04512	0.04512	C
1050	0.017	0.01707	C
1051	0.005	0.00737	G
1052	0.00919	0.01019	T
1053	0.02236	0.0226	A
1054	0.00273	0.00276	G
1055	0.00384	0.00395	G
1056	0.00599	0.00618	T
1057	0.00322	0.00323	G
1058	0.00179	0.00184	G
1059	0.00591	0.00594	C
1060	0.0051	0.00521	C
1061	0.00315	0.00365	T
1062	0.00252	0.003	G
1063	0.04776	0.04814	A
1064	0.04754	0.04795	C
1065	0.00701	0.00712	T
1066	0.00314	0.00316	G
1067	0.00359	0.00361	G
1068	0.00485	0.00491	C
1069	0.01209	0.01228	A
1070	0.00357	0.00358	T
1071	0.00345	0.00346	T
1072	0.0039	0.00417	G
1073	0.00337	0.00356	T
1074	0.02847	0.02958	A
1075	0.01138	0.01138	T
1076	0.01402	0.01422	T
1077	0.01828	0.02614	A
1078	0.00609	0.00675	G
1079	0.01642	0.01816	C
1080	0.01931	0.01937	A
1081	0.02904	0.02921	A
1082	0.03461	0.03477	A
1083	0.05096	0.05581	C
1084	0.0087	0.01009	T
1085	0.03287	0.03345	C
1086	0.02477	0.02866	A
1087	0.01046	0.01272	T
1088	0.04336	0.04467	C
1089	0.0377	0.03845	A
1090	0.05609	0.05898	C
1091	0.00955	0.00998	T
1092	0.04463	0.04702	A
1093	0.00419	0.00451	G
1094	0.02691	0.02736	A
1095	0.02162	0.02239	C
1096	0.02104	0.02145	A
1097	0.00456	0.00489	T
1098	0.01625	0.01636	C
1099	0.00629	0.00646	G
1100	0.00315	0.00333	T
1101	0.0264	0.02729	A
1102	0.03005	0.03039	C
1103	0.00341	0.00391	T
1104	0.01415	0.0152	A
1105	0.01372	0.01414	C
1106	0.03186	0.03331	A
1107	0.05057	0.05146	C
1108	0.00573	0.00658	G
1109	0.04302	0.04411	A
1110	0.05866	0.05988	C
1111	0.02977	0.03024	A
1112	0.05517	0.05603	C
1113	0.00431	0.00453	G
1114	0.00442	0.00475	T
1115	0.01989	0.02011	A
1116	0.03549	0.03586	C
1117	0.0036	0.00381	T
1118	0.01306	0.01325	A
1119	0.01481	0.01501	C
1120	0.00347	0.00366	G
1121	0.0036	0.00364	T
1122	0.00345	0.00349	T
1123	0.00402	0.00437	G
1124	0.00326	0.00377	T
1125	0.03075	0.03159	A
1126	0.00593	0.00604	G
1127	0.04619	0.04657	C
1128	0.92635	0.92666	C
1129	0.03991	0.04061	C
1130	0.03021	0.03198	A
1131	0.04112	0.04234	C
1132	0.00911	0.01005	T
1133	0.00913	0.00921	T
1134	0.05143	0.05149	C
1135	0.03525	0.03561	C
1136	0.02499	0.04724	A
1137	0.045	0.04567	C
1138	0.00856	0.00895	T
1139	0.03596	0.03808	A
1140	0.01215	0.01263	T
1141	0.00428	0.0053	G
1142	0.01443	0.01473	T
1143	0.04364	0.04383	C
1144	0.02979	0.03014	C
1145	0.01224	0.01308	T
1146	0.03491	0.03549	A
1147	0.01417	0.01514	T
1148	0.03917	0.03958	C
1149	0.0333	0.03363	A
1150	0.05481	0.05652	A
1151	0.00388	0.00419	T
1152	0.01084	0.01137	A
1153	0.00183	0.00188	G
1154	0.00172	0.00174	G
1155	0.01858	0.02463	A
1156	0.00449	0.00455	G
1157	0.03723	0.03792	C
1158	0.00318	0.00327	T
1159	0.00477	0.005	G
1160	0.0029	0.00302	T
1161	0.01563	0.016	A
1162	0.00941	0.00941	T
1163	0.01216	0.01216	T
1164	0.00977	0.00983	T
1165	0.00291	0.00353	G
1166	0.00855	0.00858	C
1167	0.00334	0.00337	C
1168	0.03045	0.03762	A
1169	0.00612	0.00659	T
1170	0.04555	0.04577	C
1171	0.01229	0.01332	A
1172	0.00215	0.00229	T
1173	0.01058	0.01137	A
1174	0.00226	0.0024	G
1175	0.00227	0.0024	G
1176	0.02703	0.03769	A
1177	0.00237	0.00239	G
1178	0.00203	0.00209	G
1179	0.08593	0.09318	C
1180	0.00432	0.00443	T
1181	0.00426	0.00457	T
1182	0.01392	0.01459	C
1183	0.02048	0.02107	A
1184	0.00949	0.00964	T
1185	0.02396	0.02448	T
1186	0.07682	0.08169	C
1187	0.03888	0.03937	A
1188	0.06355	0.06436	C
1189	0.00947	0.00963	T
1190	0.00645	0.00806	G
1191	0.01794	0.01828	A
1192	0.00299	0.00301	T
1193	0.00637	0.00643	T
1194	0.00667	0.00669	T
1195	0.0105	0.01066	C
1196	0.01302	0.01304	C
1197	0.01217	0.01219	C
1198	0.00491	0.00492	C
1199	0.00178	0.00201	T
1200	0.00961	0.01041	A
1201	0.00278	0.00281	T
1202	0.00779	0.00789	T
1203	0.04386	0.05061	C
1204	0.01376	0.01958	T
1205	0.05123	0.05334	C
1206	0.04474	0.04738	A
1207	0.00175	0.00178	G
1208	0.00386	0.00391	G
1209	0.0087	0.0092	C
1210	0.00345	0.00384	T
1211	0.01616	0.0189	A
1212	0.0167	0.01736	C
1213	0.01422	0.01571	A
1214	0.02444	0.02452	C
1215	0.01491	0.01493	C
1216	0.01102	0.01121	C
1217	0.00327	0.00422	T
1218	0.01973	0.0235	A
1219	0.00533	0.00583	G
1220	0.04497	0.04581	A
1221	0.058	0.05816	C
1222	0.01598	0.0164	C
1223	0.01983	0.02049	A
1224	0.03067	0.03152	A
1225	0.03283	0.03296	A
1226	0.06379	0.06447	C
1227	0.04053	0.04158	C
1228	0.00373	0.00427	T
1229	0.00598	0.00774	A
1230	0.00747	0.00772	C
1231	0.00352	0.00389	G
1232	0.00598	0.006	C
1233	0.00597	0.00603	C
1234	0.01914	0.01937	A
1235	0.01591	0.01603	A
1236	0.03037	0.03068	A
1237	0.03098	0.0314	A
1238	0.0089	0.01267	T
1239	0.05197	0.05209	C
1240	0.03071	0.03105	C
1241	0.02873	0.03826	A
1242	0.00999	0.01028	T
1243	0.01749	0.0177	T
1244	0.04293	0.04306	T
1245	0.0617	0.06643	C
1246	0.03373	0.03459	A
1247	0.04618	0.04749	C
1248	0.02037	0.02122	T
1249	0.03402	0.03505	A
1250	0.01903	0.0222	T
1251	0.05785	0.06013	C
1252	0.03542	0.03967	A
1253	0.01329	0.01475	T
1254	0.03393	0.03814	A
1255	0.0097	0.00976	T
1256	0.0096	0.00987	T
1257	0.04749	0.05029	C
1258	0.04023	0.04117	A
1259	0.00886	0.00924	T
1260	0.04616	0.0474	C
1261	0.00286	0.00294	G
1262	0.00252	0.00261	G
1263	0.0069	0.00697	C
1264	0.00579	0.00599	G
1265	0.0018	0.0022	T
1266	0.00554	0.00566	A
1267	0.02808	0.02831	A
1268	0.03951	0.03977	A
1269	0.00559	0.00674	T
1270	0.04831	0.04886	C
1271	0.01566	0.01592	T
1272	0.04445	0.04469	A
1273	0.10188	0.10266	A
1274	0.02147	0.0233	C
1275	0.00194	0.00198	T
1276	0.00873	0.00927	T
1277	0.0042	0.00422	T
1278	0.04526	0.05109	C
1279	0.00603	0.00606	T
1280	0.01424	0.01473	T
1281	0.0495	0.04963	C
1282	0.04371	0.04397	C
1283	0.03904	0.03966	C
1284	0.01896	0.031	A
1285	0.05569	0.06	C
1286	0.03047	0.03107	A
1287	0.03505	0.03607	A
1288	0.05954	0.06482	C
1289	0.04334	0.04421	A
1290	0.07162	0.07468	C
1291	0.00415	0.00443	T
1292	0.01254	0.01259	T
1293	0.01547	0.01548	T
1294	0.02975	0.03131	C
1295	0.01136	0.01281	T
1296	0.03252	0.03398	C
1297	0.0064	0.00667	G
1298	0.00408	0.0041	G
1299	0.04406	0.04407	C
1300	0.01585	0.01659	C
1301	0.00751	0.0081	T
1302	0.04727	0.04894	A
1303	0.00694	0.00709	T
1304	0.02426	0.0244	C
1305	0.01805	0.01809	C
1306	0.00218	0.00218	G
1307	0.00305	0.00309	G
1308	0.02315	0.02333	A
1309	0.02835	0.02871	A
1310	0.01036	0.01147	T
1311	0.00536	0.00592	G
1312	0.03904	0.03917	C
1313	0.01731	0.01733	C
1314	0.02449	0.02452	C
1315	0.02627	0.02628	C
1316	0.00452	0.0057	G
1317	0.02836	0.02854	A
1318	0.05924	0.05945	C
1319	0.0063	0.00653	G
1320	0.00919	0.00957	T
1321	0.00991	0.00999	T
1322	0.02376	0.03836	A
1323	0.05075	0.05102	C
1324	0.00574	0.00589	T
1325	0.01209	0.01244	C
1326	0.00237	0.00241	G
1327	0.00235	0.00238	G
1328	0.0452	0.06038	A
1329	0.03657	0.03741	C
1330	0.00682	0.00808	T
1331	0.04534	0.04765	A
1332	0.0677	0.06783	C
1333	0.03785	0.03872	C
1334	0.01133	0.01135	C
1335	0.01204	0.01206	C
1336	0.00469	0.00565	G
1337	0.02318	0.02392	A
1338	0.01109	0.0113	T
1339	0.00399	0.00471	G
1340	0.0533	0.05494	C
1341	0.03766	0.039	A
1342	0.01221	0.01332	T
1343	0.03842	0.04006	A
1344	0.06504	0.06711	C
1345	0.03654	0.03739	A
1346	0.06426	0.06491	C
1347	0.03888	0.04116	C
1348	0.02471	0.03051	A
1349	0.05532	0.05742	C
1350	0.03239	0.03634	A
1351	0.01089	0.01161	T
1352	0.0043	0.00552	G
1353	0.0373	0.03751	A
1354	0.03515	0.03561	A
1355	0.04068	0.04112	A
1356	0.05025	0.05529	C
1357	0.03683	0.03758	A
1358	0.01036	0.01105	T
1359	0.03206	0.03221	C
1360	0.02004	0.02047	C
1361	0.00658	0.00717	T
1362	0.02416	0.02515	A
1363	0.01017	0.01197	T
1364	0.0402	0.04176	C
1365	0.03214	0.03405	A
1366	0.01026	0.01072	T
1367	0.04327	0.04407	C
1368	0.01217	0.01238	T
1369	0.00436	0.00543	G
1370	0.0067	0.00839	T
1371	0.01957	0.02134	A
1372	0.00226	0.00234	G
1373	0.00303	0.00318	G
1374	0.05592	0.05804	C
1375	0.00766	0.00878	T
1376	0.04428	0.04496	C
1377	0.03054	0.03581	A
1378	0.01036	0.01051	T
1379	0.00985	0.01003	T
1380	0.03298	0.03533	C
1381	0.0283	0.03016	A
1382	0.00581	0.00597	T
1383	0.01051	0.01062	T
1384	0.01086	0.01107	T
1385	0.03357	0.03645	C
1386	0.01209	0.01223	T
1387	0.0444	0.04557	C
1388	0.01203	0.01244	T
1389	0.03903	0.03979	A
1390	0.03276	0.03323	A
1391	0.05567	0.05866	C
1392	0.04271	0.04387	A
1393	0.00534	0.00678	G
1394	0.04815	0.0487	C
1395	0.03738	0.03831	A
1396	0.00454	0.00531	G
1397	0.01256	0.01371	T
1398	0.02626	0.02642	A
1399	0.0245	0.02524	A
1400	0.00911	0.00956	T
1401	0.02873	0.02945	A
1402	0.01205	0.01218	T
1403	0.01254	0.01327	T
1404	0.02183	0.02235	A
1405	0.03002	0.03175	A
1406	0.02008	0.02226	T
1407	0.0279	0.028	A
1408	0.02069	0.04048	A
1409	0.00656	0.00659	T
1410	0.00535	0.00562	T
1411	0.00953	0.00963	T
1412	0.01039	0.01044	T
1413	0.03687	0.0483	C
1414	0.03722	0.03762	A
1415	0.01233	0.01261	T
1416	0.00289	0.00349	G
1417	0.0378	0.03814	A
1418	0.00694	0.00695	T
1419	0.01041	0.01059	T
1420	0.00855	0.0086	T
1421	0.00256	0.00373	G
1422	0.04252	0.04318	A
1423	0.00467	0.00512	G
1424	0.0292	0.02922	A
1425	0.02564	0.02822	A
1426	0.00502	0.00569	G
1427	0.0296	0.03021	C
1428	0.02941	0.02943	C
1429	0.00364	0.00368	T
1430	0.00475	0.0048	T
1431	0.01651	0.01836	C
1432	0.00605	0.00647	G
1433	0.00676	0.00699	C
1434	0.00178	0.00181	T
1435	0.00601	0.00602	T
1436	0.0279	0.03024	C
1437	0.00486	0.00541	G
1438	0.02759	0.02771	A
1439	0.02667	0.02679	A
1440	0.00312	0.00347	G
1441	0.0252	0.02587	C
1442	0.0065	0.0068	G
1443	0.01938	0.01979	A
1444	0.02046	0.0205	A
1445	0.02975	0.02978	A
1446	0.04301	0.04305	A
1447	0.00437	0.00496	G
1448	0.00325	0.0033	T
1449	0.01019	0.0102	C
1450	0.00832	0.00834	C
1451	0.00336	0.00348	T
1452	0.04986	0.05038	A
1453	0.01576	0.01581	A
1454	0.00342	0.00349	T
1455	0.01507	0.01544	A
1456	0.00283	0.00306	G
1457	0.00399	0.00419	T
1458	0.04601	0.04656	A
1459	0.00575	0.00594	G
1460	0.04087	0.04092	A
1461	0.04322	0.04477	A
1462	0.00593	0.00972	G
1463	0.04182	0.04183	A
1464	0.04984	0.05293	A
1465	0.05606	0.05692	C
1466	0.01875	0.01881	C
1467	0.00184	0.00186	C
1468	0.00105	0.00121	T
1469	0.00267	0.00268	C
1470	0.00211	0.00215	C
1471	0.00939	0.01661	A
1472	0.00922	0.01091	T
1473	0.02449	0.02458	A
1474	0.02217	0.02238	A
1475	0.03801	0.04088	A
1476	0.07275	0.07382	C
1477	0.05164	0.05234	C
1478	0.00267	0.00297	T
1479	0.00183	0.00184	G
1480	0.00122	0.00124	G
1481	0.00695	0.00831	A
1482	0.00245	0.00248	G
1483	0.00439	0.00515	T
1484	0.00354	0.00366	G
1485	0.02361	0.0241	A
1486	0.01304	0.01314	C
1487	0.00252	0.00255	T
1488	0.01105	0.01243	A
1489	0.00306	0.00315	T
1490	0.04184	0.04336	A
1491	0.00619	0.00629	T
1492	0.00213	0.00219	G
1493	0.00252	0.00256	G
1494	0.01173	0.01923	A
1495	0.01476	0.01541	T
1496	0.0115	0.01265	G
1497	0.03657	0.03739	C
1498	0.02014	0.02039	C
1499	0.03217	0.03232	C
1500	0.03906	0.03908	C
1501	0.0433	0.04334	C
1502	0.03977	0.04035	C
1503	0.02779	0.03771	A
1504	0.06171	0.06173	C
1505	0.03996	0.03996	C
1506	0.02736	0.02827	C
1507	0.01712	0.01973	T
1508	0.03465	0.03609	A
1509	0.06332	0.06348	C
1510	0.03761	0.03815	C
1511	0.01115	0.04026	A
1512	0.05079	0.05328	C
1513	0.02297	0.02435	A
1514	0.04952	0.05231	C
1515	0.04301	0.04358	A
1516	0.00898	0.00919	T
1517	0.00899	0.00904	T
1518	0.03534	0.03798	C
1519	0.00653	0.0069	G
1520	0.02948	0.02962	A
1521	0.03479	0.03523	A
1522	0.00752	0.01068	G
1523	0.03707	0.03711	A
1524	0.03485	0.03625	A
1525	0.07317	0.07429	C
1526	0.03246	0.0325	C
1527	0.04296	0.04298	C
1528	0.00523	0.00664	G
1529	0.0089	0.01042	T
1530	0.04002	0.0406	A
1531	0.01144	0.01255	T
1532	0.0255	0.02582	A
1533	0.06476	0.06651	C
1534	0.0308	0.03123	A
1535	0.01429	0.01573	T
1536	0.02971	0.02971	A
1537	0.01375	0.01375	A
1538	0.02594	0.02594	A
1539	0.02548	0.02548	A
1540	0.01055	0.01318	T
1541	0.03091	0.03103	C
1542	0.01035	0.01035	T
1543	0.00076	0.00076	A
1544	0.0	0.0	G
1545	0.0	0.0	A
