Position	Mismatches	Mismatches + Deletions	Base
1	0	0	A
2	0	0	T
3	0.00491	0.00491	A
4	0.00189	0.00191	G
5	0.0022	0.0022	G
6	0.00136	0.00145	T
7	0.00187	0.00187	T
8	0.00161	0.00161	T
9	0.00243	0.00297	G
10	0.00223	0.00223	G
11	0.00118	0.00124	T
12	0.00664	0.00665	C
13	0.00214	0.00214	C
14	0.00153	0.00168	T
15	0.1263	0.1278	A
16	0.00104	0.00104	G
17	0.00336	0.00336	C
18	0.00354	0.00356	C
19	0.00093	0.00093	T
20	0.00138	0.00138	T
21	0.00141	0.00141	T
22	0.00481	0.00532	C
23	0.00171	0.00173	T
24	0.0053	0.00567	A
25	0.00236	0.00236	T
26	0.00249	0.00249	T
27	0.02151	0.02889	A
28	0.00157	0.00157	G
29	0.00645	0.00652	C
30	0.00155	0.00167	T
31	0.026	0.02607	C
32	0.00231	0.00231	T
33	0.00177	0.00178	T
34	0.00417	0.00565	A
35	0.0029	0.00293	G
36	0.0018	0.00205	T
37	0.00652	0.00652	A
38	0.00625	0.00634	A
39	0.00218	0.00223	G
40	0.01655	0.01694	A
41	0.00274	0.00274	T
42	0.00216	0.00218	T
43	0.00487	0.01006	A
44	0.00486	0.00502	C
45	0.00464	0.00605	A
46	0.00487	0.00551	C
47	0.00644	0.00779	A
48	0.00177	0.00209	T
49	0.00355	0.00387	G
50	0.0022	0.00267	C
51	0.00509	0.00509	A
52	0.00402	0.00402	A
53	0.00542	0.00631	G
54	0.00424	0.00486	C
55	0.00571	0.00615	A
56	0.0014	0.00151	T
57	0.00319	0.00319	C
58	0.00194	0.00197	C
59	0.00242	0.00242	C
60	0.00175	0.00175	C
61	0.01338	0.01486	G
62	0.01219	0.0122	T
63	0.02951	0.02952	T
64	0.00415	0.00415	C
65	0.0041	0.0041	C
66	0.0049	0.00601	A
67	0.00114	0.00114	G
68	0.00071	0.00072	T
69	0.00158	0.0016	G
70	0.00434	0.00444	A
71	0.0024	0.00249	G
72	0.00142	0.00145	T
73	0.00379	0.00397	T
74	0.02039	0.02196	C
75	0.01176	0.01195	A
76	0.0028	0.0028	C
77	0.00137	0.00137	C
78	0.00138	0.0014	C
79	0.00082	0.00088	T
80	0.00714	0.0072	C
81	0.00146	0.00157	T
82	0.0231	0.02336	A
83	0.12549	0.12632	A
84	0.00198	0.00206	A
85	0.00114	0.0023	T
86	0.0018	0.0019	C
87	0.04306	0.04343	A
88	0.04728	0.0473	C
89	0.03288	0.03422	C
90	0.03179	0.04197	A
91	0.07194	0.07304	C
92	0.00223	0.00265	G
93	0.00183	0.00197	A
94	0.00075	0.00085	T
95	0.00771	0.0079	C
96	0.00236	0.00238	A
97	0.03372	0.03382	A
98	0.1077	0.10784	A
99	0.00705	0.00708	A
100	0.0013	0.00134	G
101	0.00202	0.00203	G
102	0.88815	0.88823	A
103	0.03184	0.03288	A
104	0.03054	0.03254	C
105	0.00527	0.00528	A
106	0.00578	0.00623	A
107	0.00413	0.00448	G
108	0.00147	0.00155	C
109	0.00517	0.00559	A
110	0.00233	0.00264	T
111	0.00592	0.00604	C
112	0.00355	0.00359	A
113	0.00528	0.00535	A
114	0.04794	0.10414	G
115	0.00824	0.00951	C
116	0.39149	0.39891	A
117	0.00589	0.00605	C
118	0.00419	0.00527	G
119	0.00153	0.0018	C
120	0.00534	0.00565	A
121	0.00347	0.00377	G
122	0.07248	0.07481	C
123	0.02595	0.02602	A
124	0.03474	0.03646	A
125	0.00192	0.00218	T
126	0.00663	0.00757	G
127	0.00195	0.00216	C
128	0.00843	0.00881	A
129	0.007	0.00721	G
130	0.00151	0.00167	C
131	0.00099	0.00145	T
132	0.00933	0.00935	C
133	0.00421	0.00429	A
134	0.00657	0.0066	A
135	0.00532	0.00532	A
136	0.00452	0.00452	A
137	0.00618	0.00757	C
138	0.00358	0.00367	G
139	0.00136	0.0014	C
140	0.0014	0.00152	T
141	0.00111	0.00116	T
142	0.00879	0.02214	A
143	0.00404	0.00409	G
144	0.0048	0.00486	C
145	0.01469	0.01499	C
146	0.00284	0.00344	T
147	0.01721	0.01865	A
148	0.00615	0.00626	G
149	0.00337	0.00338	C
150	0.00287	0.00298	C
151	0.00359	0.00698	A
152	0.00493	0.00522	C
153	0.00302	0.00669	A
154	0.00355	0.00355	C
155	0.00262	0.00263	C
156	0.00327	0.00327	C
157	0.00656	0.00656	C
158	0.0066	0.0066	C
159	0.01715	0.02038	A
160	0.04587	0.04933	C
161	0.00154	0.00156	G
162	0.00288	0.00288	G
163	0.00439	0.0044	G
164	0.03604	0.03632	A
165	0.04418	0.04418	A
166	0.00906	0.00907	A
167	0.01535	0.0161	C
168	0.00726	0.00763	A
169	0.00413	0.00425	G
170	0.00165	0.00175	C
171	0.00266	0.0028	A
172	0.00183	0.00185	G
173	0.00075	0.00093	T
174	0.00237	0.00248	G
175	0.00949	0.01013	A
176	0.00179	0.00181	T
177	0.0018	0.00194	T
178	0.0093	0.00934	A
179	0.01442	0.01474	A
180	0.02432	0.02439	C
181	0.00596	0.00598	C
182	0.00087	0.00087	T
183	0.00168	0.00168	T
184	0.00667	0.00667	T
185	0.00324	0.00413	A
186	0.00132	0.00148	G
187	0.00278	0.00285	C
188	0.00433	0.00433	A
189	0.00193	0.00195	A
190	0.00078	0.00088	T
191	0.00149	0.00149	A
192	0.00094	0.00094	A
193	0.00098	0.00098	A
194	0.0019	0.00204	C
195	0.00278	0.00288	G
196	0.00456	0.00459	A
197	0.01611	0.01615	A
198	0.00604	0.00604	A
199	0.0032	0.00324	G
200	0.00046	0.00047	T
201	0.0006	0.0006	T
202	0.00054	0.00055	T
203	0.00142	0.00144	A
204	0.00399	0.00399	A
205	0.00248	0.00253	C
206	0.00068	0.0008	T
207	0.0035	0.00356	A
208	0.00327	0.00351	A
209	0.00136	0.00147	G
210	0.0021	0.00215	C
211	0.0007	0.00077	T
212	0.00306	0.0032	A
213	0.00136	0.00139	T
214	0.00304	0.00308	A
215	0.00274	0.00286	C
216	0.00209	0.00249	T
217	0.00296	0.00332	A
218	0.00568	0.00635	A
219	0.05577	0.05586	C
220	0.03805	0.03828	C
221	0.04667	0.04669	C
222	0.11906	0.11911	C
223	0.00359	0.00466	A
224	0.00148	0.00148	G
225	0.00184	0.00185	G
226	0.00305	0.00305	G
227	0.00073	0.00074	T
228	0.00051	0.00051	T
229	0.0022	0.0022	G
230	0.0011	0.0011	G
231	0.00951	0.00971	T
232	0.02034	0.02043	C
233	0.00586	0.0059	A
234	0.00651	0.00651	A
235	0.00076	0.00077	T
236	0.00145	0.00146	T
237	0.00148	0.00149	T
238	0.00582	0.00624	C
239	0.00339	0.0035	G
240	0.00114	0.00131	T
241	0.00267	0.00277	G
242	0.017	0.01706	C
243	0.00321	0.00326	C
244	0.00763	0.01342	A
245	0.00329	0.00334	G
246	0.00346	0.0035	C
247	0.00394	0.0041	C
248	0.00672	0.00877	A
249	0.01383	0.01385	C
250	0.00956	0.00969	C
251	0.00243	0.00267	G
252	0.00614	0.00634	C
253	0.00314	0.00315	G
254	0.00509	0.0055	G
255	0.00417	0.0044	T
256	0.03287	0.03305	C
257	0.00903	0.0094	A
258	0.01685	0.01698	C
259	0.00485	0.00502	A
260	0.00653	0.00657	C
261	0.00153	0.00154	G
262	0.004	0.00412	A
263	0.00128	0.00131	T
264	0.00166	0.00173	T
265	0.00279	0.00284	A
266	0.00193	0.00199	A
267	0.00225	0.00225	C
268	0.00175	0.00175	C
269	0.00162	0.00162	C
270	0.03997	0.04002	A
271	0.00395	0.00395	A
272	0.00197	0.0021	G
273	0.00104	0.00112	T
274	0.00389	0.00396	C
275	0.00318	0.0032	A
276	0.00316	0.00319	A
277	0.0016	0.00164	T
278	0.00574	0.00631	A
279	0.00352	0.00382	G
280	0.00871	0.00873	A
281	0.01932	0.0206	A
282	0.00555	0.00626	G
283	0.03502	0.03526	C
284	0.00588	0.00588	C
285	0.00321	0.00321	G
286	0.00214	0.00214	G
287	0.00257	0.0029	C
288	0.00378	0.00385	G
289	0.00375	0.00424	T
290	0.00518	0.0052	A
291	0.00697	0.00702	A
292	0.0071	0.00714	A
293	0.00299	0.0032	G
294	0.01287	0.01339	A
295	0.00184	0.00195	G
296	0.00158	0.00167	T
297	0.00244	0.0026	G
298	0.00145	0.00145	T
299	0.00144	0.00146	T
300	0.00183	0.00183	T
301	0.00459	0.00464	T
302	0.00317	0.00423	A
303	0.00383	0.00426	G
304	0.00962	0.00973	A
305	0.02494	0.02641	T
306	0.01961	0.02195	C
307	0.01632	0.01815	A
308	0.02332	0.02348	C
309	0.02771	0.02773	C
310	0.02292	0.02294	C
311	0.01728	0.01728	C
312	0.02471	0.02515	C
313	0.00909	0.0129	T
314	0.01851	0.01851	C
315	0.01461	0.01461	C
316	0.02261	0.02261	C
317	0.0096	0.0097	C
318	0.14819	0.1562	A
319	0.0022	0.00223	A
320	0.00078	0.00089	T
321	0.00131	0.00131	A
322	0.00244	0.00244	A
323	0.00385	0.0039	A
324	0.00455	0.00462	G
325	0.00326	0.00348	C
326	0.00136	0.00146	T
327	0.00353	0.00362	A
328	0.00404	0.00414	A
329	0.00528	0.00528	A
330	0.02727	0.02731	A
331	0.16983	0.2047	C
332	0.00337	0.00422	T
333	0.00131	0.00141	C
334	0.00218	0.00263	A
335	0.00461	0.00461	C
336	0.00192	0.00194	C
337	0.00131	0.00147	T
338	0.00292	0.00309	G
339	0.01208	0.01218	A
340	0.02782	0.02792	G
341	0.00161	0.00169	T
342	0.00109	0.00109	T
343	0.00317	0.00353	G
344	0.00282	0.00317	T
345	0.0037	0.00379	A
346	0.00281	0.00287	A
347	0.00745	0.00745	A
348	0.0048	0.0048	A
349	0.00246	0.00246	A
350	0.00105	0.00105	A
351	0.00256	0.00273	C
352	0.00265	0.00276	T
353	0.02983	0.02983	C
354	0.00796	0.008	C
355	0.00169	0.00276	A
356	0.00198	0.00208	G
357	0.00155	0.00155	T
358	0.00145	0.00145	T
359	0.00136	0.00154	G
360	0.00853	0.00865	A
361	0.01927	0.01998	C
362	0.00822	0.00843	A
363	0.04282	0.04541	C
364	0.00488	0.00488	A
365	0.00236	0.00236	A
366	0.02157	0.02157	A
367	0.00745	0.00747	A
368	0.00233	0.00287	T
369	0.00846	0.00878	A
370	0.00326	0.00349	G
371	0.03672	0.03692	A
372	0.01831	0.01873	C
373	0.07184	0.0723	T
374	0.00661	0.00695	A
375	0.01049	0.01083	C
376	0.00445	0.00486	G
377	0.00674	0.00677	A
378	0.00688	0.00693	A
379	0.00725	0.00725	A
380	0.00332	0.00343	G
381	0.00215	0.00237	T
382	0.00235	0.00235	G
383	0.0012	0.00122	G
384	0.00201	0.00211	C
385	0.00067	0.00067	T
386	0.00079	0.00079	T
387	0.00103	0.00103	T
388	0.00268	0.00269	A
389	0.01287	0.01291	A
390	0.02514	0.02529	C
391	0.00706	0.0072	A
392	0.00233	0.00248	T
393	0.02729	0.0275	A
394	0.00151	0.0016	T
395	0.00349	0.00349	C
396	0.00138	0.00142	T
397	0.0017	0.0019	G
398	0.00678	0.00687	A
399	0.00973	0.00979	A
400	0.01062	0.01077	C
401	0.01035	0.01063	A
402	0.00457	0.00478	C
403	0.00424	0.00488	A
404	0.00644	0.00672	C
405	0.00989	0.00989	A
406	0.00687	0.00707	A
407	0.00707	0.01265	T
408	0.01507	0.01518	A
409	0.00216	0.00218	G
410	0.00124	0.00132	C
411	0.00132	0.00152	T
412	0.00272	0.0028	A
413	0.00388	0.00398	A
414	0.00249	0.0026	G
415	0.0344	0.03474	A
416	0.00678	0.00682	C
417	0.01354	0.01354	C
418	0.00396	0.00401	C
419	0.00193	0.00195	A
420	0.0042	0.0042	A
421	0.02259	0.02259	A
422	0.19019	0.20265	C
423	0.00145	0.00158	T
424	0.00173	0.00173	G
425	0.00136	0.00136	G
426	0.00177	0.00177	G
427	0.01096	0.01425	A
428	0.0022	0.00223	T
429	0.00276	0.00277	T
430	0.01359	0.01761	A
431	0.00277	0.00287	G
432	0.01576	0.01641	A
433	0.0049	0.00515	T
434	0.02407	0.0243	A
435	0.02424	0.02473	C
436	0.00129	0.00131	C
437	0.00139	0.0014	C
438	0.00174	0.00174	C
439	0.00217	0.00379	A
440	0.00712	0.00723	C
441	0.00118	0.00139	T
442	0.00669	0.00708	A
443	0.00161	0.00167	T
444	0.00179	0.00186	G
445	0.0017	0.00175	C
446	0.00121	0.00124	T
447	0.00068	0.00071	T
448	0.00191	0.00283	A
449	0.00331	0.00337	G
450	0.00188	0.00189	C
451	0.00859	0.00859	C
452	0.00671	0.00672	C
453	0.00156	0.00206	T
454	0.00141	0.00166	A
455	0.00491	0.00493	A
456	0.00543	0.00545	A
457	0.01012	0.01015	C
458	0.0214	0.02149	C
459	0.00187	0.00224	T
460	0.02605	0.02629	C
461	0.0054	0.00568	A
462	0.01366	0.01368	A
463	0.00649	0.00654	C
464	0.00452	0.00462	A
465	0.00482	0.00494	G
466	0.00153	0.00162	T
467	0.00125	0.00137	T
468	0.01459	0.01478	A
469	0.03931	0.03956	A
470	0.0238	0.02393	A
471	0.01214	0.01361	T
472	0.03677	0.03741	C
473	0.00561	0.00562	A
474	0.0054	0.00546	A
475	0.01399	0.01486	C
476	0.01263	0.01268	A
477	0.01735	0.01735	A
478	0.00894	0.00895	A
479	0.00471	0.00481	A
480	0.00335	0.00463	C
481	0.00128	0.0014	T
482	0.00379	0.00392	G
483	0.00676	0.00689	C
484	0.00172	0.00192	T
485	0.00366	0.00385	C
486	0.00214	0.0022	G
487	0.00383	0.00383	C
488	0.00286	0.00286	C
489	0.01627	0.02584	A
490	0.00358	0.00404	G
491	0.0252	0.02561	A
492	0.00804	0.00823	A
493	0.0172	0.01773	C
494	0.01098	0.01129	A
495	0.01242	0.01314	C
496	0.00185	0.00199	T
497	0.01848	0.0188	A
498	0.01594	0.01615	C
499	0.00195	0.00228	G
500	0.00259	0.00278	A
501	0.00713	0.00784	G
502	0.00379	0.00382	C
503	0.04579	0.04607	C
504	0.13421	0.19697	A
505	0.09726	0.10077	C
506	0.01014	0.01272	A
507	0.00429	0.00462	G
508	0.00684	0.00727	C
509	0.00166	0.00168	T
510	0.00172	0.00173	T
511	0.00466	0.00475	A
512	0.00622	0.00622	A
513	0.01248	0.01248	A
514	0.01136	0.01136	A
515	0.01259	0.01599	C
516	0.00196	0.00245	T
517	0.00616	0.00676	C
518	0.00348	0.00368	A
519	0.00774	0.00777	A
520	0.64101	0.64116	A
521	0.00234	0.00236	G
522	0.00204	0.00204	G
523	0.00256	0.00285	A
524	0.00243	0.00246	C
525	0.00148	0.00148	C
526	0.00243	0.0028	T
527	0.00147	0.00148	G
528	0.00127	0.00127	G
529	0.00114	0.0012	C
530	0.00306	0.00306	G
531	0.00335	0.00344	G
532	0.00128	0.00134	T
533	0.00317	0.00321	G
534	0.0013	0.00133	C
535	0.00063	0.00064	T
536	0.00048	0.00048	T
537	0.00146	0.00147	C
538	0.00382	0.004	A
539	0.00423	0.0048	T
540	0.01819	0.01938	A
541	0.00321	0.00329	T
542	0.00134	0.00139	C
543	0.00089	0.00089	C
544	0.00331	0.00331	C
545	0.00279	0.00296	T
546	0.0021	0.00211	C
547	0.00148	0.00154	T
548	0.00228	0.0026	A
549	0.0022	0.00223	G
550	0.00747	0.0077	A
551	0.0027	0.0027	G
552	0.00328	0.0034	G
553	0.0127	0.01722	A
554	0.00154	0.00164	G
555	0.00411	0.0042	C
556	0.00295	0.00297	C
557	0.00168	0.00193	T
558	0.00403	0.00499	G
559	0.00175	0.00176	T
560	0.00238	0.00238	T
561	0.00663	0.00742	C
562	0.00181	0.00191	T
563	0.00376	0.00396	G
564	0.00193	0.00234	T
565	0.00747	0.00766	A
566	0.00503	0.00506	A
567	0.00238	0.00251	T
568	0.00696	0.00757	C
569	0.00223	0.00259	G
570	0.00731	0.00764	A
571	0.00269	0.00316	T
572	0.01006	0.01007	A
573	0.01577	0.01578	A
574	0.01912	0.01972	A
575	0.01345	0.01377	C
576	0.00647	0.00653	C
577	0.00466	0.00466	C
578	0.00259	0.00259	C
579	0.00422	0.00567	G
580	0.01724	0.01755	A
581	0.01014	0.01195	T
582	0.01198	0.01254	C
583	0.01821	0.0185	A
584	0.00589	0.006	A
585	0.00659	0.0066	C
586	0.00437	0.00446	C
587	0.00132	0.00173	T
588	0.00809	0.00812	C
589	0.01552	0.01649	A
590	0.00142	0.00142	C
591	0.0008	0.00083	C
592	0.00143	0.00205	A
593	0.00073	0.00073	C
594	0.00044	0.00044	C
595	0.00057	0.00063	T
596	0.00108	0.00111	C
597	0.00078	0.00078	T
598	0.01092	0.01107	T
599	0.00119	0.00153	G
600	0.00514	0.00517	C
601	0.00189	0.00294	T
602	0.03975	0.04104	C
603	0.00679	0.00758	A
604	0.00177	0.0018	G
605	0.00511	0.00511	C
606	0.03214	0.0322	C
607	0.00079	0.00096	T
608	0.00577	0.00611	A
609	0.00121	0.00126	T
610	0.00801	0.00841	A
611	0.00866	0.00901	T
612	0.00763	0.00789	A
613	0.00972	0.01001	C
614	0.00694	0.00707	C
615	0.00169	0.00184	G
616	0.00333	0.00333	C
617	0.00121	0.00121	C
618	0.0034	0.00474	A
619	0.00104	0.00118	T
620	0.00341	0.00342	C
621	0.00106	0.00107	T
622	0.00176	0.00176	T
623	0.00387	0.00443	C
624	0.00335	0.00343	A
625	0.00227	0.00257	G
626	0.00731	0.00863	C
627	0.01293	0.01313	A
628	0.08604	0.08662	A
629	0.01002	0.01008	A
630	0.00848	0.00864	C
631	0.00634	0.00639	C
632	0.00095	0.00095	C
633	0.00058	0.0008	T
634	0.00172	0.00206	G
635	0.00672	0.00677	A
636	0.00109	0.00116	T
637	0.00179	0.00209	G
638	0.00363	0.00366	A
639	0.00555	0.00556	A
640	0.00349	0.00352	G
641	0.00222	0.00229	G
642	0.02056	0.02189	C
643	0.00291	0.0033	T
644	0.00466	0.00481	A
645	0.33538	0.33677	C
646	0.01175	0.01175	A
647	0.01149	0.0115	A
648	0.00502	0.00504	A
649	0.00391	0.00403	G
650	0.00153	0.00199	T
651	0.02765	0.02768	A
652	0.07654	0.07705	A
653	0.00252	0.00279	G
654	0.00684	0.00703	C
655	0.00383	0.00394	G
656	0.07246	0.07579	C
657	0.03492	0.03495	A
658	0.01222	0.01224	A
659	0.00281	0.00305	G
660	0.00232	0.00268	T
661	0.005	0.00504	A
662	0.00816	0.00818	C
663	0.00696	0.00699	C
664	0.01561	0.01562	C
665	0.02775	0.03281	A
666	0.00678	0.00678	C
667	0.00289	0.00299	G
668	0.00143	0.00207	T
669	0.00806	0.00818	A
670	0.03744	0.03769	A
671	0.01687	0.017	A
672	0.00128	0.00134	G
673	0.00513	0.00521	A
674	0.04261	0.04266	C
675	0.0034	0.00343	G
676	0.00209	0.00211	T
677	0.00449	0.00451	T
678	0.02664	0.02989	A
679	0.00294	0.00295	G
680	0.00214	0.00214	G
681	0.00117	0.00515	T
682	0.00718	0.0073	C
683	0.03216	0.03217	A
684	0.03715	0.03719	A
685	0.00265	0.00265	G
686	0.00295	0.00295	G
687	0.00099	0.00101	T
688	0.00343	0.00354	G
689	0.00195	0.00228	T
690	0.00522	0.00555	A
691	0.00384	0.00395	G
692	0.00334	0.00337	C
693	0.01122	0.01122	C
694	0.02461	0.02462	C
695	0.00392	0.00513	A
696	0.00239	0.0024	T
697	0.00145	0.00147	G
698	0.00648	0.00654	A
699	0.00273	0.00274	G
700	0.00326	0.00326	G
701	0.00257	0.0027	T
702	0.00224	0.00224	G
703	0.00196	0.00197	G
704	0.10302	0.10398	C
705	0.033	0.033	A
706	0.01289	0.0129	A
707	0.00372	0.00424	G
708	0.01096	0.01096	A
709	0.01088	0.01088	A
710	0.00813	0.0082	A
711	0.00136	0.00152	T
712	0.00204	0.00205	G
713	0.001	0.001	G
714	0.00328	0.00328	G
715	0.00122	0.00137	C
716	0.00068	0.00076	T
717	0.0058	0.0061	A
718	0.00781	0.00781	C
719	0.00607	0.00624	A
720	0.00052	0.00052	T
721	0.00054	0.00054	T
722	0.00087	0.00087	T
723	0.00062	0.00062	T
724	0.00228	0.00292	C
725	0.00246	0.00305	T
726	0.02476	0.02748	A
727	0.09958	0.09962	C
728	0.0384	0.03875	C
729	0.03671	0.03683	C
730	0.00772	0.00772	C
731	0.00429	0.00603	A
732	0.00206	0.00224	G
733	0.00651	0.00653	A
734	0.00289	0.00289	A
735	0.10113	0.10113	A
736	0.03805	0.03817	A
737	0.0385	0.05586	C
738	0.00968	0.00978	T
739	0.01395	0.01429	A
740	0.01251	0.01261	C
741	0.00314	0.00325	G
742	0.04737	0.04885	A
743	0.00282	0.00302	T
744	0.04115	0.04177	A
745	0.00259	0.00269	G
746	0.0009	0.0009	C
747	0.00066	0.00066	C
748	0.00052	0.00053	C
749	0.00076	0.0008	T
750	0.00102	0.00104	T
751	0.00168	0.00437	A
752	0.00157	0.0017	T
753	0.00214	0.00288	G
754	0.01136	0.01138	A
755	0.00798	0.00806	A
756	0.00815	0.00825	A
757	0.03683	0.03908	C
758	0.00322	0.00322	T
759	0.00097	0.00098	T
760	0.0035	0.00354	A
761	0.00673	0.0068	A
762	0.00131	0.00131	G
763	0.00186	0.00187	G
764	0.00303	0.00303	G
765	0.00096	0.00112	T
766	0.0164	0.01656	C
767	0.00316	0.00357	G
768	0.01912	0.01925	A
769	0.01174	0.01176	A
770	0.00395	0.00397	G
771	0.00341	0.00342	G
772	0.00249	0.00255	T
773	0.00264	0.00264	G
774	0.0019	0.00193	G
775	0.01541	0.01801	A
776	0.00099	0.00099	T
777	0.00095	0.00095	T
778	0.00109	0.00109	T
779	0.00146	0.00173	A
780	0.00201	0.00203	G
781	0.01139	0.01139	C
782	0.01167	0.01169	A
783	0.00301	0.00303	G
784	0.00057	0.00065	T
785	0.00066	0.00068	A
786	0.00088	0.00089	A
787	0.02036	0.02039	A
788	0.00114	0.00122	C
789	0.00073	0.00075	T
790	0.89433	0.89439	A
791	0.00171	0.00229	A
792	0.00204	0.00204	G
793	0.0069	0.00721	A
794	0.00389	0.0039	G
795	0.00342	0.00404	T
796	0.01342	0.01372	A
797	0.00312	0.00322	G
798	0.01435	0.01584	A
799	0.00255	0.00261	G
800	0.00282	0.00288	T
801	0.00277	0.00285	G
802	0.00137	0.0014	C
803	0.00059	0.00061	T
804	0.00069	0.00069	T
805	0.00317	0.00422	A
806	0.00215	0.00219	G
807	0.00069	0.00071	T
808	0.0011	0.0011	T
809	0.00202	0.00214	G
810	0.00112	0.00115	A
811	0.00939	0.00942	A
812	0.01623	0.01649	C
813	0.02816	0.0293	A
814	0.00359	0.00374	G
815	0.00427	0.00441	G
816	0.00217	0.00217	G
817	0.00813	0.00819	C
818	0.01279	0.01279	C
819	0.01281	0.01281	C
820	0.00121	0.00403	T
821	0.00252	0.00276	G
822	0.00458	0.00458	A
823	0.00525	0.00525	A
824	0.00323	0.00347	G
825	0.0046	0.00491	C
826	0.004	0.00427	G
827	0.01371	0.0142	C
828	0.00462	0.00484	G
829	0.00363	0.00426	T
830	0.01073	0.01094	A
831	0.01392	0.01426	C
832	0.01749	0.0186	A
833	0.02665	0.02694	C
834	0.00612	0.00658	A
835	0.00439	0.00441	C
836	0.01916	0.0193	C
837	0.00425	0.00477	G
838	0.00184	0.00184	C
839	0.00421	0.00421	C
840	0.00812	0.00812	C
841	0.00227	0.00299	G
842	0.00305	0.00427	T
843	0.0055	0.00584	C
844	0.02183	0.02258	A
845	0.038	0.03806	C
846	0.00981	0.00981	C
847	0.00114	0.00122	C
848	0.00111	0.0021	T
849	0.0011	0.0011	C
850	0.00079	0.00079	C
851	0.00209	0.00302	T
852	0.0017	0.00226	C
853	0.00834	0.009	A
854	0.01898	0.01907	A
855	0.00261	0.00318	G
856	0.00206	0.00243	T
857	0.00483	0.00522	A
858	0.00126	0.00138	T
859	0.0043	0.00472	A
860	0.0165	0.0171	C
861	0.0019	0.00192	T
862	0.00127	0.00133	T
863	0.01013	0.0111	C
864	0.02309	0.02327	A
865	0.03227	0.03252	A
866	0.01451	0.01451	A
867	0.00429	0.00429	G
868	0.00319	0.0033	G
869	0.04233	0.06088	A
870	0.06225	0.06258	C
871	0.02266	0.02302	A
872	0.0096	0.00982	T
873	0.00523	0.00538	T
874	0.00611	0.00625	T
875	0.0356	0.03608	A
876	0.03393	0.03449	A
877	0.03152	0.03287	C
878	0.00481	0.00513	T
879	0.00739	0.00792	A
880	0.00731	0.00734	A
881	0.01701	0.01722	A
882	0.04845	0.04875	A
883	0.057	0.05858	C
884	0.02211	0.02223	C
885	0.00153	0.00156	C
886	0.00258	0.00264	C
887	0.00988	0.01067	T
888	0.0349	0.03643	A
889	0.07399	0.07451	C
890	0.00302	0.00332	G
891	0.02648	0.02701	C
892	0.00346	0.00373	A
893	0.00148	0.00148	T
894	0.00156	0.00156	T
895	0.00129	0.00129	T
896	0.00157	0.00192	A
897	0.00135	0.00142	T
898	0.01446	0.01498	A
899	0.0031	0.00334	T
900	0.14341	0.14422	A
901	0.0039	0.00404	G
902	0.01113	0.01142	A
903	0.00617	0.00617	G
904	0.00428	0.00442	G
905	0.00335	0.00459	A
906	0.00189	0.00217	G
907	0.02178	0.022	A
908	0.04715	0.04751	C
909	0.02398	0.02398	A
910	0.04451	0.04511	A
911	0.00392	0.00422	G
912	0.00231	0.00243	T
913	0.00755	0.00787	C
914	0.0026	0.00268	G
915	0.00401	0.0048	T
916	0.0099	0.01007	A
917	0.00739	0.00739	A
918	0.02087	0.02109	C
919	0.01239	0.0127	A
920	0.00693	0.00721	T
921	0.00244	0.00244	G
922	0.00114	0.00114	G
923	0.00081	0.00122	T
924	0.00218	0.00224	A
925	0.00125	0.00125	A
926	0.00132	0.00187	G
927	0.00023	0.00074	T
928	0.00139	0.00256	G
929	0.00035	0.00053	T
930	0.00059	0.00083	A
931	0.00084	0.0015	C
932	0.00042	0.00151	T
933	0.00134	0.00147	G
934	0.00258	0.00258	G
935	0.00291	0.00291	A
936	0.00411	0.00411	A
937	0.00069	0.00069	A
938	0.00133	0.00152	G
939	0.00045	0.00097	T
940	0.00099	0.00145	G
941	0.0008	0.00087	C
942	0.00088	0.00094	A
943	0.00034	0.00034	C
944	0.0007	0.0007	T
945	0.00064	0.00064	T
946	0.00056	0.00056	G
947	0.00032	0.00032	G
948	0.00734	0.00832	A
949	0.02078	0.02094	C
950	0.00116	0.00116	G
951	0.00017	0.00017	A
952	0	0	A
953	0	0	C