Position	Mismatches	Mismatches + Deletions	Base
1	0.0	0.0	A
2	0.0	0.0	T
3	0.0	0.0	G
4	0.02396	0.02396	A
5	0.00808	0.00808	T
6	0.00485	0.00487	G
7	0.00455	0.00558	T
8	0.02095	0.02137	A
9	0.00745	0.00746	T
10	0.00382	0.00394	G
11	0.0468	0.04717	C
12	0.00598	0.00598	T
13	0.00763	0.00779	T
14	0.00821	0.00823	T
15	0.00474	0.00562	G
16	0.00548	0.00548	T
17	0.00922	0.00922	T
18	0.00968	0.00972	T
19	0.03388	0.03584	C
20	0.01096	0.01102	T
21	0.00539	0.00702	G
22	0.00994	0.00994	T
23	0.01008	0.01017	T
24	0.00381	0.00407	G
25	0.02991	0.03038	A
26	0.00601	0.00604	G
27	0.00793	0.00874	T
28	0.00675	0.00746	G
29	0.00839	0.01028	T
30	0.00439	0.00439	G
31	0.00421	0.00421	G
32	0.00626	0.00628	G
33	0.00577	0.00577	T
34	0.00905	0.00906	T
35	0.00903	0.00907	T
36	0.02973	0.03442	A
37	0.00614	0.00625	G
38	0.00961	0.01038	T
39	0.03431	0.03455	A
40	0.03758	0.03777	A
41	0.0096	0.0103	T
42	0.0043	0.00436	G
43	0.00308	0.00309	G
44	0.00341	0.00341	G
45	0.00583	0.00584	G
46	0.00518	0.00527	T
47	0.00956	0.0096	T
48	0.00977	0.00986	T
49	0.00537	0.00621	G
50	0.00857	0.01046	T
51	0.00628	0.0063	G
52	0.00308	0.00309	G
53	0.00519	0.00519	G
54	0.00775	0.00778	G
55	0.00457	0.00467	T
56	0.00377	0.00381	T
57	0.00847	0.00847	T
58	0.00834	0.00838	T
59	0.02659	0.03627	C
60	0.00748	0.00748	T
61	0.00705	0.00712	T
62	0.01167	0.01613	C
63	0.00379	0.0047	T
64	0.00567	0.0062	A
65	0.01354	0.01356	A
66	0.00335	0.00376	G
67	0.01116	0.01117	C
68	0.00746	0.0075	C
69	0.00364	0.00369	T
70	0.00639	0.00653	T
71	0.01399	0.02075	C
72	0.00692	0.0073	T
73	0.03676	0.03677	C
74	0.02253	0.02393	C
75	0.00735	0.00769	T
76	0.03733	0.04135	A
77	0.00988	0.0099	T
78	0.01146	0.01146	T
79	0.01092	0.01101	T
80	0.01428	0.01673	A
81	0.01047	0.01089	T
82	0.00254	0.00261	G
83	0.00193	0.00194	G
84	0.00192	0.00192	G
85	0.00256	0.00256	G
86	0.00505	0.00505	G
87	0.00288	0.00288	T
88	0.00311	0.00314	T
89	0.00353	0.00355	T
90	0.01518	0.01665	A
91	0.00365	0.00367	G
92	0.00837	0.00942	T
93	0.03645	0.03723	A
94	0.0109	0.01091	T
95	0.01031	0.01035	T
96	0.00441	0.00513	G
97	0.04036	0.04162	A
98	0.01062	0.01071	T
99	0.01082	0.01113	T
100	0.0058	0.00777	G
101	0.00856	0.00858	T
102	0.01141	0.01151	T
103	0.0322	0.04494	A
104	0.00618	0.00647	G
105	0.04457	0.04509	C
106	0.00777	0.00779	G
107	0.0048	0.00525	G
108	0.00606	0.00652	T
109	0.00779	0.00821	G
110	0.01036	0.01106	T
111	0.00703	0.00704	G
112	0.00446	0.00466	G
113	0.01065	0.01167	T
114	0.05416	0.0549	C
115	0.00817	0.00824	G
116	0.00511	0.00518	G
117	0.00469	0.00478	G
118	0.00577	0.00764	T
119	0.00495	0.00514	G
120	0.00902	0.0095	T
121	0.0052	0.00541	G
122	0.00955	0.00957	T
123	0.00957	0.00967	T
124	0.0149	0.03587	A
125	0.01085	0.01085	T
126	0.00995	0.01018	T
127	0.01329	0.04321	A
128	0.01132	0.01132	T
129	0.01075	0.01094	T
130	0.04182	0.0499	C
131	0.01183	0.01196	T
132	0.00938	0.01048	G
133	0.02269	0.02323	A
134	0.03004	0.03174	A
135	0.00407	0.00409	T
136	0.0065	0.00652	T
137	0.01539	0.01544	T
138	0.02549	0.02554	T
139	0.0089	0.00914	G
140	0.00561	0.00562	G
141	0.00446	0.00446	G
142	0.00466	0.00467	G
143	0.0055	0.00555	G
144	0.02998	0.03687	A
145	0.00635	0.00636	G
146	0.00578	0.00587	G
147	0.00633	0.00646	T
148	0.01044	0.01058	T
149	0.01747	0.03055	A
150	0.01304	0.01346	T
151	0.06618	0.06909	A
152	0.02142	0.02213	T
153	0.00541	0.00551	G
154	0.00484	0.00486	G
155	0.00611	0.00614	G
156	0.00775	0.00791	T
157	0.00957	0.00959	T
158	0.01023	0.01037	T
159	0.03162	0.03223	A
160	0.03787	0.03858	A
161	0.01316	0.01368	T
162	0.02663	0.02778	A
163	0.00547	0.00693	G
164	0.00226	0.00238	T
165	0.00147	0.00153	T
166	0.002	0.00214	T
167	0.00537	0.00549	T
168	0.00841	0.00852	T
169	0.00732	0.00736	T
170	0.00717	0.00748	T
171	0.01413	0.01673	A
172	0.02306	0.02509	A
173	0.00838	0.00846	T
174	0.00841	0.00847	T
175	0.00756	0.00783	T
176	0.01146	0.0173	A
177	0.00768	0.00768	T
178	0.01025	0.01025	T
179	0.01631	0.01656	T
180	0.06942	0.0729	A
181	0.02512	0.02525	G
182	0.00897	0.009	G
183	0.00514	0.00517	G
184	0.00543	0.00543	G
185	0.00656	0.00656	G
186	0.03634	0.03681	A
187	0.0323	0.03254	A
188	0.01266	0.01333	T
189	0.00572	0.00808	G
190	0.04169	0.04245	A
191	0.01214	0.01265	T
192	0.00812	0.00821	G
193	0.00915	0.00939	G
194	0.0095	0.00961	T
195	0.00604	0.00625	T
196	0.00824	0.00912	G
197	0.00577	0.00624	T
198	0.00973	0.01021	C
199	0.00569	0.00569	T
200	0.00805	0.00805	T
201	0.00507	0.00514	T
202	0.00341	0.0035	G
203	0.00375	0.00385	G
204	0.00711	0.01183	A
205	0.005	0.00522	T
206	0.01212	0.01272	A
207	0.00792	0.00824	T
208	0.03474	0.03524	A
209	0.02963	0.03102	C
210	0.00744	0.00799	T
211	0.03274	0.03478	A
212	0.04173	0.04239	C
213	0.01856	0.0197	A
214	0.0054	0.00565	G
215	0.01779	0.01837	C
216	0.0103	0.0117	G
217	0.04076	0.04722	A
218	0.01593	0.01704	T
219	0.00882	0.00883	G
220	0.00626	0.00632	G
221	0.01076	0.01125	C
222	0.00553	0.00586	T
223	0.04186	0.04271	A
224	0.01032	0.01037	T
225	0.00964	0.00971	T
226	0.00761	0.00816	G
227	0.02236	0.02338	A
228	0.00464	0.00464	G
229	0.00464	0.00479	G
230	0.03096	0.04487	A
231	0.0089	0.00919	G
232	0.00422	0.00498	T
233	0.01236	0.0124	A
234	0.00309	0.00445	T
235	0.00872	0.00878	C
236	0.00708	0.0072	C
237	0.00498	0.00539	T
238	0.00375	0.00448	G
239	0.00988	0.01036	A
240	0.00632	0.00632	G
241	0.00661	0.00665	G
242	0.00992	0.01013	C
243	0.02188	0.02229	A
244	0.01572	0.01665	T
245	0.00613	0.00621	G
246	0.00627	0.0065	G
247	0.00624	0.00628	G
248	0.00596	0.00598	G
249	0.00784	0.00784	G
250	0.00994	0.01247	T
251	0.0578	0.05857	C
252	0.04374	0.04516	A
253	0.00599	0.00601	G
254	0.00495	0.00495	G
255	0.00804	0.00804	G
256	0.01062	0.01062	G
257	0.00999	0.01014	T
258	0.01095	0.01105	T
259	0.00625	0.00675	G
260	0.04018	0.04092	A
261	0.0094	0.00942	G
262	0.00783	0.00783	G
263	0.00955	0.00991	T
264	0.04657	0.04689	C
265	0.01163	0.01163	T
266	0.01113	0.01122	T
267	0.00722	0.00746	G
268	0.0077	0.00772	G
269	0.00576	0.0061	T
270	0.0053	0.0056	G
271	0.03168	0.03293	A
272	0.00698	0.00712	G
273	0.00807	0.00831	T
274	0.00531	0.006	G
275	0.00382	0.00383	T
276	0.00595	0.00595	T
277	0.00707	0.00707	T
278	0.00853	0.00855	T
279	0.03266	0.04516	A
280	0.00905	0.00927	G
281	0.01173	0.01374	T
282	0.0058	0.0058	G
283	0.00416	0.00418	G
284	0.00549	0.00549	G
285	0.00987	0.00993	G
286	0.01079	0.01084	T
287	0.02912	0.02953	T
288	0.03052	0.04347	A
289	0.00588	0.00598	G
290	0.04348	0.0448	C
291	0.0076	0.00887	G
292	0.0376	0.04032	A
293	0.01264	0.01315	T
294	0.00702	0.00706	G
295	0.00505	0.00521	G
296	0.02384	0.0286	A
297	0.00691	0.00693	G
298	0.00645	0.0065	G
299	0.00799	0.00851	T
300	0.03328	0.03378	A
301	0.00603	0.0061	G
302	0.00603	0.00605	G
303	0.04024	0.04895	A
304	0.01308	0.0132	T
305	0.0108	0.01084	T
306	0.00636	0.00643	G
307	0.00566	0.00571	G
308	0.00526	0.00547	T
309	0.00637	0.00658	G
310	0.05211	0.05294	C
311	0.01101	0.01122	T
312	0.0075	0.00868	G
313	0.01131	0.01236	T
314	0.00642	0.00653	G
315	0.00476	0.00479	G
316	0.00598	0.00603	G
317	0.00688	0.00824	T
318	0.00768	0.00841	G
319	0.03184	0.03222	A
320	0.0346	0.03465	A
321	0.04533	0.04534	A
322	0.00557	0.00587	G
323	0.04237	0.04282	A
324	0.00745	0.00776	G
325	0.00982	0.01074	T
326	0.03625	0.03651	A
327	0.01004	0.01027	T
328	0.00507	0.00752	G
329	0.05678	0.05815	A
330	0.0113	0.01161	T
331	0.00506	0.00511	G
332	0.00354	0.00363	G
333	0.0051	0.0051	G
334	0.00602	0.00604	G
335	0.00794	0.01109	T
336	0.00885	0.00885	G
337	0.00502	0.00527	G
338	0.00721	0.00763	T
339	0.00603	0.00603	G
340	0.00572	0.00596	G
341	0.01013	0.01018	T
342	0.01103	0.01122	T
343	0.0077	0.00861	G
344	0.01156	0.01214	T
345	0.00913	0.00913	G
346	0.00654	0.00662	G
347	0.00736	0.00754	T
348	0.0205	0.02059	A
349	0.01837	0.01838	A
350	0.01821	0.01821	A
351	0.03481	0.03687	C
352	0.0073	0.00734	T
353	0.0083	0.00836	T
354	0.00985	0.00999	T
355	0.02418	0.02479	A
356	0.0325	0.03259	A
357	0.00944	0.00958	T
358	0.02781	0.02874	A
359	0.00607	0.00676	G
360	0.00892	0.00912	T
361	0.00758	0.00831	G
362	0.01096	0.01172	T
363	0.02746	0.02822	A
364	0.00612	0.00612	G
365	0.00695	0.00703	G
366	0.02592	0.02622	A
367	0.05146	0.05159	A
368	0.00619	0.007	G
369	0.0313	0.03308	C
370	0.00838	0.00867	T
371	0.00604	0.00702	G
372	0.02826	0.02857	A
373	0.02456	0.02485	A
374	0.01096	0.01267	T
375	0.02391	0.02394	A
376	0.01895	0.0292	A
377	0.0095	0.00965	T
378	0.00934	0.00963	T
379	0.01021	0.01032	T
380	0.0182	0.02262	A
381	0.01045	0.01064	T
382	0.00545	0.00724	G
383	0.04783	0.04795	A
384	0.03597	0.03611	A
385	0.00564	0.0057	G
386	0.00539	0.00546	G
387	0.0296	0.04034	A
388	0.00768	0.00811	G
389	0.05269	0.05698	A
390	0.00714	0.00714	G
391	0.00494	0.00494	G
392	0.00603	0.00603	G
393	0.00716	0.00716	G
394	0.00802	0.01141	T
395	0.05624	0.05659	C
396	0.04433	0.04527	A
397	0.00565	0.00569	G
398	0.00468	0.00471	G
399	0.00674	0.00674	G
400	0.00778	0.00793	T
401	0.00913	0.00923	T
402	0.00604	0.00643	G
403	0.04152	0.04181	A
404	0.00995	0.00996	T
405	0.01001	0.01012	T
406	0.04852	0.05056	C
407	0.00743	0.00747	G
408	0.00778	0.00788	G
409	0.00476	0.00492	G
410	0.04126	0.04929	A
411	0.00832	0.00832	G
412	0.00545	0.0056	G
413	0.02094	0.03352	A
414	0.00701	0.00766	T
415	0.02793	0.02793	C
416	0.03131	0.03147	C
417	0.00761	0.00797	T
418	0.04119	0.04644	A
419	0.0113	0.01132	T
420	0.01315	0.01319	T
421	0.00708	0.00714	G
422	0.00552	0.00553	G
423	0.0116	0.01245	T
424	0.00879	0.00995	G
425	0.05409	0.05844	C
426	0.01208	0.01208	G
427	0.00422	0.00422	G
428	0.00544	0.00544	G
429	0.00598	0.00598	G
430	0.00615	0.00617	G
431	0.05462	0.05793	C
432	0.00592	0.00596	T
433	0.00661	0.00661	T
434	0.00742	0.00754	T
435	0.0042	0.00442	G
436	0.00563	0.00626	T
437	0.03307	0.03327	A
438	0.0066	0.00689	T
439	0.00497	0.0053	G
440	0.03984	0.041	A
441	0.00777	0.00781	T
442	0.01095	0.01123	T
443	0.02351	0.04201	A
444	0.02083	0.0221	T
445	0.00548	0.00557	G
446	0.00404	0.00406	G
447	0.00391	0.00393	G
448	0.03042	0.0359	C
449	0.01503	0.01566	G
450	0.01475	0.01497	T
451	0.00926	0.00945	T
452	0.00402	0.00422	G
453	0.03121	0.03159	A
454	0.00981	0.00985	T
455	0.00985	0.01	T
456	0.02994	0.043	A
457	0.0052	0.00546	G
458	0.00731	0.00838	T
459	0.03201	0.03279	A
460	0.00639	0.00771	G
461	0.01033	0.01096	T
462	0.03867	0.04058	A
463	0.00796	0.00851	G
464	0.01054	0.0107	T
465	0.00901	0.00962	T
466	0.01886	0.03254	A
467	0.04447	0.0449	C
468	0.00835	0.00882	T
469	0.0067	0.00676	G
470	0.00547	0.00551	G
471	0.00856	0.00864	T
472	0.01051	0.01056	T
473	0.00845	0.00889	G
474	0.02876	0.02928	A
475	0.02767	0.02779	A
476	0.04472	0.04536	C
477	0.03754	0.03799	A
478	0.01047	0.01075	T
479	0.01085	0.01095	T
480	0.00455	0.00564	G
481	0.00803	0.00803	T
482	0.01116	0.01116	T
483	0.00961	0.00974	T
484	0.00729	0.00863	G
485	0.01362	0.01362	T
486	0.01464	0.01473	T
487	0.00805	0.00811	G
488	0.00554	0.00563	G
489	0.00662	0.00676	T
490	0.00688	0.00725	G
491	0.01017	0.0106	T
492	0.02411	0.02485	A
493	0.01074	0.01085	T
494	0.02915	0.03005	A
495	0.00962	0.00996	T
496	0.03141	0.03226	A
497	0.01097	0.01097	T
498	0.00982	0.01001	T
499	0.00439	0.00515	G
500	0.01004	0.01067	T
501	0.03035	0.03106	A
502	0.03558	0.03578	A
503	0.01167	0.01173	T
504	0.01286	0.01301	T
505	0.00528	0.00581	G
506	0.03854	0.03928	A
507	0.00567	0.00577	G
508	0.035	0.03691	A
509	0.00865	0.00888	T
510	0.0115	0.01167	T
511	0.00713	0.00789	G
512	0.02992	0.03042	C
513	0.01505	0.01595	T
514	0.05747	0.05914	C
515	0.00895	0.00899	G
516	0.00724	0.00728	G
517	0.00456	0.00456	G
518	0.00449	0.00449	G
519	0.0049	0.0049	G
520	0.02803	0.02803	A
521	0.03073	0.03073	A
522	0.00927	0.00927	T
523	0.00095	0.00095	A
524	0.0	0.0	G
525	0.0	0.0	G
