Position	Mismatches	Mismatches + Deletions	Base
1	0.0	0.0	A
2	0.0	0.0	A
3	0.0	0.0	T
4	0.00305	0.00305	G
5	0.04886	0.05344	C
6	0.02317	0.02317	C
7	0.03243	0.03243	C
8	0.02856	0.02856	C
9	0.01353	0.0193	A
10	0.02602	0.02624	A
11	0.03856	0.03943	C
12	0.00865	0.00923	T
13	0.01795	0.01805	A
14	0.02764	0.02786	A
15	0.02381	0.02383	A
16	0.0129	0.01482	T
17	0.04306	0.04328	A
18	0.0619	0.06446	C
19	0.01341	0.01443	T
20	0.03641	0.03726	A
21	0.05032	0.05085	C
22	0.03276	0.03317	C
23	0.00662	0.01066	G
24	0.00435	0.00521	T
25	0.01532	0.01583	A
26	0.00553	0.0057	T
27	0.00256	0.00263	G
28	0.00251	0.00256	G
29	0.05078	0.05082	C
30	0.02866	0.0287	C
31	0.0283	0.02883	C
32	0.02147	0.03005	A
33	0.05075	0.05076	C
34	0.03704	0.03782	C
35	0.01595	0.0278	A
36	0.01645	0.01776	T
37	0.02397	0.02397	A
38	0.03181	0.03386	A
39	0.01294	0.01319	T
40	0.01302	0.01324	T
41	0.03095	0.03702	A
42	0.04693	0.04749	C
43	0.04124	0.04134	C
44	0.0533	0.05332	C
45	0.02594	0.02596	C
46	0.02283	0.02283	C
47	0.00832	0.02441	A
48	0.00794	0.00847	T
49	0.01958	0.02053	A
50	0.03176	0.03367	C
51	0.00901	0.00965	T
52	0.04868	0.04872	C
53	0.03349	0.0343	C
54	0.00896	0.00902	T
55	0.01324	0.01361	T
56	0.01425	0.03988	A
57	0.07713	0.0782	C
58	0.06372	0.06527	A
59	0.05804	0.05914	C
60	0.00779	0.00813	T
61	0.02661	0.04168	A
62	0.01254	0.01258	T
63	0.00903	0.00926	T
64	0.0425	0.04283	C
65	0.04332	0.04353	C
66	0.01373	0.01538	T
67	0.04877	0.05067	C
68	0.03096	0.03854	A
69	0.01512	0.02735	T
70	0.0533	0.05767	C
71	0.03636	0.038	A
72	0.0786	0.07925	C
73	0.05067	0.05072	C
74	0.04569	0.04723	C
75	0.01667	0.01712	A
76	0.02864	0.02874	A
77	0.05327	0.05652	C
78	0.01331	0.01638	T
79	0.00132	0.00151	A
80	0.01879	0.01906	A
81	0.01895	0.01907	A
82	0.02841	0.02853	A
83	0.0242	0.0244	A
84	0.01004	0.01195	T
85	0.03037	0.03082	A
86	0.01186	0.01209	T
87	0.0128	0.01346	T
88	0.0233	0.02347	A
89	0.0347	0.03514	A
90	0.02615	0.02639	A
91	0.05899	0.06543	C
92	0.02484	0.0262	A
93	0.06448	0.07275	C
94	0.04441	0.04445	A
95	0.03106	0.03108	A
96	0.02812	0.02852	A
97	0.04208	0.04759	C
98	0.01217	0.01293	T
99	0.04429	0.04511	A
100	0.05568	0.05605	C
101	0.03401	0.03469	C
102	0.02174	0.02964	A
103	0.05328	0.05351	C
104	0.02443	0.02574	C
105	0.00934	0.01215	T
106	0.0419	0.04346	A
107	0.06112	0.06169	C
108	0.03485	0.03777	C
109	0.0095	0.01507	T
110	0.04629	0.04631	C
111	0.02733	0.02736	C
112	0.02976	0.03111	C
113	0.01046	0.01295	T
114	0.03732	0.03827	C
115	0.02117	0.02438	A
116	0.05366	0.05366	C
117	0.03635	0.03686	C
118	0.01671	0.01711	A
119	0.02423	0.02458	A
120	0.03696	0.03761	A
121	0.00704	0.00803	G
122	0.05067	0.05096	C
123	0.04144	0.0417	C
124	0.03734	0.03795	C
125	0.0169	0.02035	A
126	0.01253	0.01508	T
127	0.00149	0.00152	A
128	0.01276	0.01284	A
129	0.01217	0.01224	A
130	0.02192	0.02193	A
131	0.01985	0.02029	A
132	0.0447	0.05124	T
133	0.00293	0.00294	A
134	0.00218	0.00219	A
135	0.01415	0.01416	A
136	0.01062	0.01062	A
137	0.01336	0.01336	A
138	0.01806	0.01842	A
139	0.01304	0.01381	T
140	0.01196	0.01328	T
141	0.01582	0.03558	A
142	0.01316	0.01498	T
143	0.04178	0.0418	A
144	0.03333	0.03478	A
145	0.0705	0.07304	C
146	0.03301	0.03301	A
147	0.03057	0.03058	A
148	0.03538	0.03981	A
149	0.06223	0.06337	C
150	0.04741	0.04803	C
151	0.03839	0.03862	C
152	0.00961	0.0112	T
153	0.00361	0.00403	G
154	0.04596	0.04784	A
155	0.007	0.00958	G
156	0.03223	0.03234	A
157	0.0352	0.03571	A
158	0.05902	0.05938	C
159	0.04866	0.04949	C
160	0.0147	0.01482	A
161	0.01774	0.01782	A
162	0.01675	0.01692	A
163	0.0119	0.01197	A
164	0.0033	0.0039	T
165	0.002	0.00231	G
166	0.01132	0.01134	A
167	0.01518	0.01527	A
168	0.02226	0.02303	C
169	0.00404	0.00449	G
170	0.01383	0.01388	A
171	0.0079	0.00806	A
172	0.03171	0.03196	A
173	0.03821	0.03832	A
174	0.00873	0.01137	T
175	0.0578	0.05801	C
176	0.01049	0.01054	T
177	0.00406	0.00777	G
178	0.00398	0.00398	T
179	0.00422	0.0043	T
180	0.01651	0.01785	C
181	0.00487	0.00507	G
182	0.06142	0.06294	C
183	0.00432	0.00456	T
184	0.00464	0.00489	T
185	0.01852	0.01927	C
186	0.01735	0.01779	A
187	0.00553	0.00567	T
188	0.00866	0.00876	T
189	0.03855	0.04069	C
190	0.03493	0.03584	A
191	0.01127	0.01138	T
192	0.01902	0.0196	T
193	0.0305	0.03252	G
194	0.0407	0.04088	C
195	0.01414	0.01423	C
196	0.04179	0.04187	C
197	0.03667	0.0367	C
198	0.04194	0.04206	C
199	0.02222	0.03049	A
200	0.0649	0.06685	C
201	0.02858	0.0288	A
202	0.0328	0.03423	A
203	0.01135	0.0127	T
204	0.05266	0.05278	C
205	0.02602	0.02654	C
206	0.00995	0.01113	T
207	0.03648	0.04415	A
208	0.00269	0.00276	G
209	0.00306	0.0031	G
210	0.01114	0.01121	C
211	0.01532	0.01567	C
212	0.00719	0.00957	T
213	0.03622	0.03789	A
214	0.07672	0.07706	C
215	0.05108	0.05196	C
216	0.0689	0.07142	C
217	0.00334	0.00417	G
218	0.01555	0.01555	C
219	0.01463	0.01476	C
220	0.00448	0.00781	G
221	0.05308	0.05361	C
222	0.04495	0.04618	A
223	0.00735	0.00742	G
224	0.01138	0.01192	T
225	0.03976	0.04034	A
226	0.06528	0.06552	C
227	0.01141	0.01161	T
228	0.00333	0.00489	G
229	0.02351	0.02392	A
230	0.00809	0.00918	T
231	0.02664	0.02703	C
232	0.03464	0.03557	A
233	0.01043	0.01047	T
234	0.01066	0.01093	T
235	0.03704	0.04874	C
236	0.00955	0.00992	T
237	0.03774	0.0435	A
238	0.00521	0.00522	T
239	0.01382	0.01383	T
240	0.02785	0.02823	T
241	0.06689	0.06813	C
242	0.05872	0.05948	C
243	0.05059	0.05075	C
244	0.04235	0.04245	C
245	0.02031	0.02035	C
246	0.00763	0.0083	T
247	0.03968	0.04027	C
248	0.0088	0.00893	T
249	0.03547	0.03758	A
250	0.01024	0.01024	T
251	0.01122	0.01132	T
252	0.00523	0.00715	G
253	0.02143	0.02225	A
254	0.01871	0.01983	T
255	0.03049	0.03098	C
256	0.06185	0.06225	C
257	0.05193	0.05204	C
258	0.07155	0.07203	C
259	0.02847	0.0352	A
260	0.06528	0.06531	C
261	0.03598	0.03686	C
262	0.00902	0.01158	T
263	0.04448	0.0445	C
264	0.039	0.03918	C
265	0.01539	0.01578	A
266	0.03095	0.0311	A
267	0.0344	0.03462	A
268	0.01087	0.0133	T
269	0.04034	0.0411	A
270	0.0153	0.01581	T
271	0.04733	0.04795	C
272	0.01225	0.01407	T
273	0.04144	0.04269	C
274	0.03262	0.03747	A
275	0.01373	0.01526	T
276	0.05751	0.05905	C
277	0.02983	0.03095	A
278	0.03297	0.03318	A
279	0.05508	0.05734	C
280	0.03144	0.03153	A
281	0.03338	0.0346	A
282	0.05834	0.05855	C
283	0.05512	0.05658	C
284	0.00407	0.00824	G
285	0.03313	0.03332	A
286	0.04687	0.04726	C
287	0.01095	0.01145	T
288	0.02971	0.02992	A
289	0.03083	0.03164	A
290	0.02065	0.02235	T
291	0.07597	0.07755	C
292	0.03191	0.0328	A
293	0.06874	0.06892	C
294	0.0334	0.03571	C
295	0.01935	0.02916	A
296	0.05121	0.05132	C
297	0.04702	0.04704	C
298	0.03669	0.03791	C
299	0.02106	0.0213	A
300	0.02941	0.02954	A
301	0.05445	0.05568	C
302	0.02819	0.02828	A
303	0.03151	0.03215	A
304	0.01595	0.01659	T
305	0.00331	0.0036	G
306	0.0406	0.04083	A
307	0.05379	0.05438	C
308	0.01112	0.0115	T
309	0.02303	0.02318	A
310	0.03404	0.03435	A
311	0.01137	0.01372	T
312	0.04911	0.05047	C
313	0.03368	0.03385	A
314	0.03111	0.03205	A
315	0.03597	0.03608	A
316	0.05471	0.06667	C
317	0.01391	0.01503	T
318	0.0312	0.03162	A
319	0.03219	0.03332	A
320	0.05843	0.05891	C
321	0.03861	0.04045	C
322	0.00969	0.01166	T
323	0.05047	0.05134	C
324	0.02874	0.03025	A
325	0.01809	0.01835	A
326	0.02952	0.02994	A
327	0.02564	0.02573	A
328	0.04206	0.05639	C
329	0.02047	0.02063	A
330	0.02864	0.02864	A
331	0.02903	0.02968	A
332	0.00893	0.01014	T
333	0.00374	0.00416	G
334	0.03876	0.03948	A
335	0.0082	0.01014	T
336	0.02834	0.02837	A
337	0.03875	0.04227	A
338	0.05522	0.05568	C
339	0.03425	0.03435	C
340	0.01024	0.03973	A
341	0.01203	0.01274	T
342	0.04173	0.04226	A
343	0.05935	0.06141	C
344	0.03572	0.03701	A
345	0.06488	0.06983	C
346	0.03026	0.03027	A
347	0.03166	0.03288	A
348	0.05142	0.05594	C
349	0.03241	0.03298	A
350	0.05496	0.05707	C
351	0.00897	0.00941	T
352	0.02174	0.02179	A
353	0.02855	0.0289	A
354	0.0264	0.02655	A
355	0.00323	0.00337	G
356	0.00252	0.00259	G
357	0.03106	0.04042	A
358	0.05271	0.05391	C
359	0.00872	0.01093	G
360	0.03512	0.0361	A
361	0.03823	0.03965	A
362	0.05415	0.05431	C
363	0.03353	0.03404	C
364	0.00808	0.00944	T
365	0.00367	0.00551	G
366	0.03413	0.03457	A
367	0.01247	0.01294	T
368	0.04511	0.04555	C
369	0.01161	0.01234	T
370	0.04591	0.0468	C
371	0.01474	0.01475	T
372	0.01396	0.01412	T
373	0.01046	0.03515	A
374	0.01303	0.01327	T
375	0.03503	0.0394	A
376	0.04367	0.04488	C
377	0.00785	0.008	T
378	0.04453	0.04595	A
379	0.00408	0.00485	G
380	0.00732	0.00934	T
381	0.0508	0.05188	A
382	0.00795	0.00814	T
383	0.03827	0.03853	C
384	0.02823	0.02868	C
385	0.00524	0.00528	T
386	0.00941	0.00976	T
387	0.01674	0.01798	A
388	0.03868	0.04058	A
389	0.01753	0.01781	T
390	0.04693	0.04867	C
391	0.01623	0.01867	A
392	0.00533	0.00535	T
393	0.00691	0.00699	T
394	0.0111	0.01119	T
395	0.01369	0.0137	T
396	0.01389	0.01392	T
397	0.01708	0.03121	A
398	0.01375	0.01375	T
399	0.02075	0.02093	T
400	0.00666	0.00772	G
401	0.06962	0.06977	C
402	0.04437	0.04487	C
403	0.02009	0.03712	A
404	0.04843	0.05264	C
405	0.0268	0.02685	A
406	0.037	0.03754	A
407	0.05538	0.06062	C
408	0.01179	0.01282	T
409	0.04612	0.04695	A
410	0.03766	0.03893	A
411	0.04709	0.0475	C
412	0.06168	0.0652	C
413	0.00799	0.01047	T
414	0.04634	0.04668	C
415	0.03499	0.03644	C
416	0.01106	0.01368	T
417	0.04173	0.04292	C
418	0.00466	0.00538	G
419	0.00372	0.00394	G
420	0.03454	0.0425	A
421	0.03553	0.0359	C
422	0.0076	0.00786	T
423	0.04649	0.04655	C
424	0.02731	0.02845	C
425	0.01062	0.01237	T
426	0.00388	0.00501	G
427	0.05249	0.05265	C
428	0.02686	0.02743	C
429	0.01041	0.01326	T
430	0.03701	0.03802	C
431	0.01612	0.01863	A
432	0.06181	0.06229	C
433	0.01276	0.01497	T
434	0.04207	0.04252	C
435	0.01843	0.02244	A
436	0.01117	0.01123	T
437	0.01598	0.01605	T
438	0.0135	0.01362	T
439	0.03549	0.0423	A
440	0.06782	0.06922	C
441	0.04231	0.04323	A
442	0.07788	0.07817	C
443	0.03734	0.03966	C
444	0.03323	0.03367	A
445	0.04423	0.04477	A
446	0.05837	0.06015	C
447	0.03609	0.03692	C
448	0.02224	0.03592	A
449	0.05453	0.0547	C
450	0.04361	0.04365	C
451	0.03687	0.03827	C
452	0.01962	0.01979	A
453	0.0579	0.05801	A
454	0.03866	0.03985	C
455	0.00782	0.00803	T
456	0.0308	0.03102	A
457	0.00875	0.00892	T
458	0.04405	0.04443	C
459	0.00791	0.00804	T
460	0.03647	0.038	A
461	0.01175	0.01257	T
462	0.02347	0.02367	A
463	0.02384	0.02401	A
464	0.04317	0.04478	A
465	0.06172	0.06239	C
466	0.01023	0.0106	C
467	0.01266	0.01328	T
468	0.04319	0.04453	A
469	0.00421	0.00437	G
470	0.0493	0.04935	C
471	0.03532	0.03537	C
472	0.02436	0.03655	A
473	0.01111	0.01179	T
474	0.00303	0.00309	G
475	0.00297	0.00302	G
476	0.03763	0.03769	C
477	0.01963	0.01985	C
478	0.02569	0.03463	A
479	0.00903	0.0099	T
480	0.03268	0.03288	C
481	0.04178	0.04189	C
482	0.03461	0.0347	C
483	0.01144	0.01145	C
484	0.00268	0.00274	T
485	0.0028	0.00283	T
486	0.00417	0.01273	A
487	0.01041	0.01047	T
488	0.00235	0.00256	G
489	0.00708	0.00731	A
490	0.00561	0.00566	G
491	0.00855	0.00887	C
492	0.00567	0.00568	G
493	0.00256	0.00256	G
494	0.00295	0.00298	G
495	0.01735	0.02087	C
496	0.98207	0.98291	A
497	0.0206	0.02069	C
498	0.03327	0.03419	A
499	0.00466	0.00471	G
500	0.01099	0.01156	T
501	0.00281	0.00305	G
502	0.03522	0.03718	A
503	0.01343	0.01344	T
504	0.01444	0.01459	T
505	0.01665	0.04157	A
506	0.01036	0.01092	T
507	0.03883	0.04191	A
508	0.00278	0.00294	G
509	0.0021	0.0021	G
510	0.00861	0.00883	C
511	0.00104	0.00105	T
512	0.00482	0.00482	T
513	0.00578	0.00581	T
514	0.01134	0.01218	C
515	0.00329	0.0034	G
516	0.00898	0.00906	C
517	0.00234	0.00236	T
518	0.01177	0.01196	C
519	0.00325	0.00333	T
520	0.01224	0.01232	A
521	0.01564	0.01571	A
522	0.00282	0.00359	G
523	0.04435	0.04493	A
524	0.00899	0.0091	T
525	0.00891	0.01118	T
526	0.00157	0.00162	A
527	0.0256	0.02596	A
528	0.01964	0.01977	A
529	0.03929	0.03954	A
530	0.03	0.03004	A
531	0.01056	0.01119	T
532	0.00691	0.00776	G
533	0.04235	0.0424	C
534	0.01848	0.01857	C
535	0.02055	0.02074	C
536	0.00791	0.00878	T
537	0.04611	0.05216	A
538	0.00517	0.00593	G
539	0.0328	0.03291	C
540	0.02445	0.02455	C
541	0.05488	0.05518	C
542	0.02154	0.03176	A
543	0.06417	0.06473	C
544	0.01002	0.0106	T
545	0.00996	0.01007	T
546	0.03713	0.04499	C
547	0.01378	0.01383	T
548	0.02175	0.02211	T
549	0.0215	0.04706	A
550	0.08613	0.0863	C
551	0.05138	0.05204	C
552	0.02814	0.0354	A
553	0.03602	0.03713	C
554	0.03154	0.03165	A
555	0.04101	0.04229	A
556	0.00511	0.00543	G
557	0.00433	0.00451	G
558	0.04368	0.04605	C
559	0.04393	0.05241	A
560	0.07277	0.07564	C
561	0.02665	0.0282	A
562	0.06842	0.06856	C
563	0.03128	0.03232	C
564	0.01736	0.02026	T
565	0.04703	0.05829	A
566	0.065	0.06821	C
567	0.02918	0.03788	A
568	0.05256	0.05272	C
569	0.05362	0.05415	C
570	0.0398	0.04002	C
571	0.03348	0.03376	C
572	0.00743	0.00779	T
573	0.0128	0.01321	T
574	0.01391	0.03441	A
575	0.01692	0.01786	T
576	0.0571	0.05934	C
577	0.05416	0.05453	C
578	0.04953	0.04968	C
579	0.0374	0.03755	C
580	0.01179	0.03813	A
581	0.01002	0.01045	T
582	0.0357	0.03617	A
583	0.04728	0.04854	C
584	0.009	0.00917	T
585	0.03779	0.03894	A
586	0.00336	0.00375	G
587	0.01093	0.01096	T
588	0.01183	0.01213	T
589	0.01454	0.04034	A
590	0.01324	0.01325	T
591	0.01298	0.01325	T
592	0.01587	0.04687	A
593	0.01658	0.0174	T
594	0.05867	0.06074	C
595	0.01123	0.01283	G
596	0.01554	0.01625	A
597	0.03179	0.03204	A
598	0.03799	0.03808	A
599	0.06013	0.0604	C
600	0.02702	0.02718	C
601	0.03068	0.0373	A
602	0.0169	0.02442	T
603	0.04189	0.04286	C
604	0.0414	0.05008	A
605	0.00652	0.00682	G
606	0.06924	0.06936	C
607	0.02412	0.02448	C
608	0.01028	0.01151	T
609	0.03109	0.03284	A
610	0.05286	0.05365	C
611	0.01184	0.01316	T
612	0.0485	0.05014	C
613	0.0297	0.03651	A
614	0.01242	0.01264	T
615	0.01102	0.01131	T
616	0.04793	0.0502	C
617	0.0326	0.03297	A
618	0.0422	0.04319	A
619	0.06196	0.06214	C
620	0.05307	0.05316	C
621	0.0253	0.02541	A
622	0.03792	0.03871	A
623	0.00949	0.01063	T
624	0.03581	0.03758	A
625	0.00423	0.00491	G
626	0.04196	0.04208	C
627	0.0379	0.03792	C
628	0.03696	0.03704	C
629	0.00492	0.00561	T
630	0.00247	0.00251	G
631	0.00261	0.00262	G
632	0.00587	0.00589	C
633	0.03897	0.039	C
634	0.00501	0.00774	G
635	0.00796	0.01024	T
636	0.03754	0.0403	A
637	0.07623	0.07687	C
638	0.00357	0.00368	G
639	0.01485	0.01495	C
640	0.01018	0.01027	C
641	0.00564	0.00637	T
642	0.02935	0.02984	A
643	0.03734	0.0376	A
644	0.07645	0.07663	C
645	0.05632	0.05673	C
646	0.0039	0.00528	G
647	0.01869	0.0193	C
648	0.00829	0.00867	T
649	0.03523	0.03554	A
650	0.04176	0.04198	A
651	0.05687	0.05742	C
652	0.03229	0.03326	A
653	0.01183	0.01242	T
654	0.00883	0.009	T
655	0.01416	0.03376	A
656	0.05628	0.05672	C
657	0.00759	0.00767	T
658	0.00382	0.00674	G
659	0.02838	0.02973	C
660	0.03993	0.04236	A
661	0.00245	0.00248	G
662	0.00413	0.00421	G
663	0.01497	0.01501	C
664	0.01155	0.0119	C
665	0.02123	0.02966	A
666	0.05011	0.05024	C
667	0.02107	0.02131	C
668	0.00529	0.00615	T
669	0.03534	0.03655	A
670	0.05358	0.05413	C
671	0.01305	0.017	T
672	0.04575	0.04869	C
673	0.02801	0.03509	A
674	0.0153	0.01583	T
675	0.00585	0.00865	G
676	0.05787	0.05968	C
677	0.03291	0.03345	A
678	0.06322	0.06361	C
679	0.02366	0.02384	C
680	0.00732	0.00769	T
681	0.02589	0.02628	A
682	0.03721	0.03749	A
683	0.00768	0.00776	T
684	0.00764	0.0077	T
685	0.00284	0.00288	G
686	0.00324	0.00331	G
687	0.03529	0.03555	A
688	0.03604	0.03629	A
689	0.00541	0.00623	G
690	0.04032	0.04213	C
691	0.00717	0.00769	G
692	0.04069	0.04077	C
693	0.02442	0.02486	C
694	0.02169	0.042	A
695	0.07042	0.07046	C
696	0.05235	0.05237	C
697	0.03615	0.03685	C
698	0.01101	0.01165	T
699	0.04745	0.04795	A
700	0.00396	0.00444	G
701	0.05321	0.05425	C
702	0.03672	0.03707	A
703	0.03917	0.03959	A
704	0.01454	0.0153	T
705	0.04289	0.04342	A
706	0.0157	0.01949	T
707	0.0582	0.06199	C
708	0.03464	0.03487	A
709	0.04624	0.04642	A
710	0.08378	0.08439	C
711	0.04099	0.04113	C
712	0.03001	0.03946	A
713	0.01726	0.01831	T
714	0.01199	0.01303	T
715	0.01649	0.01668	A
716	0.04175	0.04319	A
717	0.07579	0.07646	C
718	0.04805	0.04865	C
719	0.00948	0.00984	T
720	0.01232	0.01257	T
721	0.03893	0.03926	C
722	0.03893	0.03936	C
723	0.03192	0.03213	C
724	0.0098	0.01147	T
725	0.04521	0.04698	C
726	0.01292	0.01375	T
727	0.04451	0.04718	A
728	0.06482	0.06534	C
729	0.02423	0.02565	A
730	0.06168	0.06287	C
731	0.01691	0.01725	T
732	0.01235	0.01274	T
733	0.01745	0.0406	A
734	0.01484	0.01643	T
735	0.05098	0.05216	C
736	0.0319	0.03388	A
737	0.01402	0.01469	T
738	0.05086	0.053	C
739	0.01089	0.01097	T
740	0.0162	0.01699	T
741	0.06342	0.0673	C
742	0.03388	0.03518	A
743	0.08042	0.08258	C
744	0.02363	0.02418	A
745	0.03946	0.04055	A
746	0.01036	0.01066	T
747	0.01143	0.0116	T
748	0.03222	0.04725	C
749	0.01372	0.01413	T
750	0.01838	0.01966	A
751	0.04174	0.04254	A
752	0.01115	0.01122	T
753	0.01077	0.01114	T
754	0.0402	0.05133	C
755	0.01851	0.01881	T
756	0.03981	0.04144	A
757	0.04954	0.05019	C
758	0.01765	0.01801	T
759	0.00392	0.00534	G
760	0.0547	0.05508	A
761	0.07647	0.07829	C
762	0.01062	0.01112	T
763	0.03726	0.04012	A
764	0.01121	0.01155	T
765	0.057	0.05744	C
766	0.03171	0.03234	C
767	0.0099	0.0103	T
768	0.04678	0.04829	A
769	0.00441	0.00458	G
770	0.01741	0.01751	A
771	0.02347	0.02357	A
772	0.03463	0.03491	A
773	0.01274	0.01398	T
774	0.04014	0.04053	C
775	0.00702	0.00714	G
776	0.02741	0.02783	C
777	0.00822	0.00847	T
778	0.00473	0.00575	G
779	0.01654	0.0211	T
780	0.04936	0.05022	C
781	0.00637	0.00649	G
782	0.03904	0.03905	C
783	0.02666	0.02684	C
784	0.00835	0.00842	T
785	0.01326	0.01336	T
786	0.01903	0.01986	A
787	0.02936	0.02944	A
788	0.01214	0.0127	T
789	0.0514	0.05179	C
790	0.02466	0.02492	C
791	0.02079	0.02099	A
792	0.04347	0.04385	A
793	0.0044	0.00538	G
794	0.04318	0.04323	C
795	0.01808	0.01825	C
796	0.00645	0.00717	T
797	0.02879	0.0291	A
798	0.04267	0.04302	C
799	0.00442	0.00635	G
800	0.00503	0.00506	T
801	0.00601	0.00604	T
802	0.0102	0.01026	T
803	0.01879	0.01881	T
804	0.07634	0.09396	C
805	0.04259	0.04352	A
806	0.06661	0.06763	C
807	0.02732	0.02796	A
808	0.05607	0.05692	C
809	0.01141	0.01163	T
810	0.00756	0.0076	T
811	0.02778	0.03422	C
812	0.00678	0.00683	T
813	0.03284	0.03422	A
814	0.00354	0.00365	G
815	0.00471	0.00664	T
816	0.01896	0.01947	A
817	0.02787	0.02998	A
818	0.0061	0.00831	G
819	0.13666	0.13822	C
820	0.0145	0.01462	C
821	0.00605	0.00715	T
822	0.04037	0.04144	C
823	0.01008	0.0109	T
824	0.02914	0.03054	A
825	0.05352	0.05361	C
826	0.02556	0.02633	C
827	0.01128	0.01218	T
828	0.00447	0.00518	G
829	0.04148	0.04198	C
830	0.03273	0.0342	A
831	0.05749	0.05797	C
832	0.00648	0.00717	G
833	0.03327	0.03368	A
834	0.04978	0.05053	C
835	0.02997	0.02997	A
836	0.02162	0.02171	A
837	0.04125	0.04233	C
838	0.0178	0.01795	A
839	0.04026	0.04026	C
840	0.00194	0.00194	A
841	0.0	0.0	T
842	0.0	0.0	A
