Position	Mismatches	Mismatches + Deletions	Base
1	0.0	0.0	A
2	0.0	0.0	T
3	0.0	0.0	G
4	0.0249	0.0249	A
5	0.03987	0.04267	C
6	0.02819	0.02819	C
7	0.01877	0.01877	C
8	0.01773	0.02456	A
9	0.04324	0.04396	C
10	0.0408	0.04103	C
11	0.01533	0.01535	A
12	0.02462	0.02486	A
13	0.00745	0.00815	T
14	0.03751	0.03769	C
15	0.02489	0.02635	A
16	0.04397	0.04659	C
17	0.0214	0.02381	A
18	0.00958	0.01006	T
19	0.00278	0.00283	G
20	0.06111	0.06113	C
21	0.02064	0.02075	C
22	0.00668	0.00712	T
23	0.02666	0.02697	A
24	0.00804	0.00868	T
25	0.03978	0.04097	C
26	0.02641	0.02819	A
27	0.01247	0.01292	T
28	0.03404	0.03615	A
29	0.00801	0.00822	T
30	0.04663	0.04765	A
31	0.00333	0.0041	G
32	0.00831	0.00921	T
33	0.03215	0.0322	A
34	0.01716	0.0172	A
35	0.03108	0.03118	A
36	0.04342	0.04371	A
37	0.06325	0.0657	C
38	0.03412	0.03417	C
39	0.02756	0.02759	C
40	0.02953	0.03994	A
41	0.00526	0.00578	G
42	0.05111	0.05117	C
43	0.03369	0.03374	C
44	0.03834	0.03861	C
45	0.02306	0.03415	A
46	0.01092	0.01159	T
47	0.00297	0.0035	G
48	0.04269	0.04348	A
49	0.00792	0.00796	C
50	0.00872	0.00874	C
51	0.00856	0.00856	C
52	0.00541	0.00542	C
53	0.00418	0.00444	T
54	0.04235	0.0426	A
55	0.03483	0.03492	A
56	0.06504	0.06565	C
57	0.04668	0.04802	A
58	0.00152	0.00161	G
59	0.0015	0.00152	G
60	0.0017	0.0017	G
61	0.00396	0.00397	G
62	0.02228	0.02234	C
63	0.01825	0.01826	C
64	0.03839	0.03839	C
65	0.00812	0.01049	T
66	0.04238	0.0426	C
67	0.01109	0.01539	T
68	0.05013	0.0512	C
69	0.04293	0.04617	A
70	0.0082	0.00866	G
71	0.05075	0.0508	C
72	0.0191	0.01917	C
73	0.02354	0.02381	C
74	0.0073	0.00918	T
75	0.04639	0.0464	C
76	0.03063	0.03172	C
77	0.00977	0.01009	T
78	0.03191	0.03255	A
79	0.03263	0.03285	A
80	0.01527	0.01581	T
81	0.00439	0.00532	G
82	0.04167	0.04197	A
83	0.05412	0.05436	C
84	0.03228	0.03253	C
85	0.0069	0.00958	T
86	0.05564	0.05577	C
87	0.03544	0.03582	C
88	0.00489	0.00509	G
89	0.00224	0.00225	G
90	0.00647	0.00647	C
91	0.00398	0.00405	C
92	0.00136	0.00162	T
93	0.00726	0.00764	A
94	0.00198	0.00201	G
95	0.05332	0.05335	C
96	0.02564	0.02567	C
97	0.00907	0.01292	A
98	0.00243	0.00245	T
99	0.0021	0.00211	G
100	0.0033	0.00351	T
101	0.0021	0.00219	G
102	0.03498	0.03638	A
103	0.00414	0.00415	T
104	0.0078	0.00789	T
105	0.01076	0.01077	T
106	0.04493	0.04774	C
107	0.02534	0.02651	A
108	0.03567	0.03664	C
109	0.01222	0.0127	T
110	0.01162	0.01185	T
111	0.09843	0.09857	C
112	0.04965	0.05099	C
113	0.02566	0.04179	A
114	0.02021	0.02063	C
115	0.00597	0.00677	T
116	0.03484	0.03484	C
117	0.03392	0.03431	C
118	0.02015	0.04282	A
119	0.01022	0.01179	T
120	0.03652	0.03676	A
121	0.03072	0.03761	A
122	0.06666	0.06967	C
123	0.00586	0.00626	G
124	0.05029	0.05098	C
125	0.00597	0.0062	T
126	0.03089	0.03093	C
127	0.01504	0.01524	C
128	0.00296	0.00488	T
129	0.01585	0.01609	C
130	0.00722	0.01016	A
131	0.00341	0.00351	T
132	0.06521	0.06633	A
133	0.01073	0.01115	C
134	0.00287	0.00309	T
135	0.00785	0.01076	A
136	0.00149	0.0016	G
137	0.00242	0.00245	G
138	0.00935	0.00937	C
139	0.00382	0.004	C
140	0.00609	0.007	T
141	0.0255	0.02592	A
142	0.0498	0.05147	C
143	0.01046	0.01155	T
144	0.03108	0.03151	A
145	0.03329	0.0345	A
146	0.07434	0.07445	C
147	0.05015	0.05053	C
148	0.02722	0.02762	A
149	0.03067	0.03086	A
150	0.06037	0.06231	C
151	0.04357	0.04612	A
152	0.05817	0.06236	C
153	0.02522	0.02581	A
154	0.05029	0.05275	C
155	0.01231	0.0137	T
156	0.03085	0.03109	A
157	0.03776	0.03835	A
158	0.04382	0.04398	C
159	0.03456	0.0348	C
160	0.02251	0.03	A
161	0.00863	0.00909	T
162	0.03108	0.0338	A
163	0.01101	0.0121	T
164	0.04116	0.0418	A
165	0.05249	0.0531	C
166	0.04127	0.04172	C
167	0.02255	0.02259	A
168	0.02944	0.03012	A
169	0.0082	0.00841	T
170	0.0031	0.00454	G
171	0.02718	0.02781	A
172	0.01031	0.01071	T
173	0.00322	0.00329	G
174	0.00356	0.00371	G
175	0.04467	0.04582	C
176	0.00568	0.00586	G
177	0.03656	0.03763	C
178	0.00524	0.00567	G
179	0.02492	0.02662	A
180	0.00816	0.00822	T
181	0.00452	0.00469	G
182	0.00768	0.00907	T
183	0.03263	0.03274	A
184	0.02787	0.02813	A
185	0.04423	0.04558	C
186	0.03294	0.03328	A
187	0.06477	0.06575	C
188	0.0052	0.00569	G
189	0.0412	0.04195	A
190	0.00543	0.00567	G
191	0.03299	0.03324	A
192	0.03207	0.03215	A
193	0.04261	0.04335	A
194	0.00614	0.00734	G
195	0.05775	0.05943	C
196	0.02928	0.03248	A
197	0.05758	0.05934	C
198	0.03472	0.04019	A
199	0.00908	0.01006	T
200	0.03678	0.03695	A
201	0.05644	0.05681	C
202	0.03467	0.03509	C
203	0.01738	0.01742	A
204	0.01573	0.01651	A
205	0.00206	0.00247	G
206	0.00255	0.0026	G
207	0.0068	0.00693	C
208	0.00344	0.00392	C
209	0.02596	0.04199	A
210	0.05115	0.05123	C
211	0.03658	0.03897	C
212	0.0143	0.05181	A
213	0.05129	0.05621	C
214	0.03163	0.04254	A
215	0.06571	0.07064	C
216	0.02411	0.02661	A
217	0.05949	0.05952	C
218	0.05332	0.05793	C
219	0.02233	0.02887	A
220	0.06517	0.06518	C
221	0.01731	0.01833	C
222	0.00892	0.00997	T
223	0.00393	0.00452	G
224	0.01071	0.01088	T
225	0.03876	0.03882	C
226	0.05501	0.0551	C
227	0.00095	0.00109	A
228	0.01946	0.0195	A
229	0.02596	0.02598	A
230	0.04003	0.04005	A
231	0.03544	0.03546	A
232	0.00246	0.00253	G
233	0.00252	0.00256	G
234	0.00899	0.00901	C
235	0.0041	0.00412	C
236	0.00159	0.00161	T
237	0.00397	0.00398	T
238	0.04993	0.05408	C
239	0.00716	0.00734	G
240	0.04262	0.04356	A
241	0.00898	0.00927	T
242	0.03928	0.03992	A
243	0.05754	0.0599	C
244	0.00355	0.00358	G
245	0.00246	0.00251	G
246	0.00296	0.00301	G
247	0.02352	0.03972	A
248	0.00983	0.0108	T
249	0.02728	0.02747	A
250	0.02747	0.0377	A
251	0.00982	0.0105	T
252	0.05553	0.05683	C
253	0.0262	0.02694	C
254	0.00677	0.00722	T
255	0.03281	0.03534	A
256	0.00983	0.00989	T
257	0.01179	0.01179	T
258	0.01188	0.01202	T
259	0.02727	0.03223	A
260	0.01251	0.01252	T
261	0.01361	0.01524	T
262	0.02239	0.05126	A
263	0.09156	0.09327	C
264	0.01315	0.01376	C
265	0.00304	0.00466	T
266	0.0122	0.01237	C
267	0.01143	0.01289	A
268	0.00325	0.00425	G
269	0.00281	0.00302	A
270	0.00386	0.00405	A
271	0.9602	0.97853	G
272	0.0164	0.01861	T
273	0.00249	0.00388	T
274	0.00254	0.00277	T
275	0.00418	0.00421	T
276	0.00422	0.00423	T
277	0.00754	0.00755	T
278	0.00557	0.00557	T
279	0.02005	0.03342	C
280	0.00793	0.00793	T
281	0.0135	0.01378	T
282	0.08297	0.09173	C
283	0.00708	0.00838	G
284	0.06093	0.06241	C
285	0.03764	0.03817	A
286	0.00248	0.00263	G
287	0.00355	0.00374	G
288	0.00748	0.00816	A
289	0.00108	0.0011	T
290	0.00116	0.00116	T
291	0.00093	0.00094	T
292	0.00191	0.00191	T
293	0.0019	0.00191	T
294	0.00596	0.00763	C
295	0.0032	0.00343	T
296	0.0026	0.00321	G
297	0.01218	0.01246	A
298	0.00359	0.00369	G
299	0.03614	0.03622	C
300	0.0344	0.03468	C
301	0.00489	0.00491	T
302	0.00969	0.00972	T
303	0.01091	0.01092	T
304	0.01444	0.01449	T
305	0.03221	0.04473	A
306	0.08642	0.08657	C
307	0.0417	0.0418	C
308	0.02132	0.03291	A
309	0.05165	0.05227	C
310	0.00798	0.00871	T
311	0.04311	0.04313	C
312	0.03501	0.03537	C
313	0.03226	0.0455	A
314	0.00249	0.00277	G
315	0.02024	0.02026	C
316	0.00826	0.00846	C
317	0.00619	0.00731	T
318	0.05407	0.05778	A
319	0.01008	0.01073	G
320	0.02583	0.0261	C
321	0.00644	0.00653	C
322	0.01702	0.0171	C
323	0.0197	0.02011	C
324	0.01045	0.01399	T
325	0.03252	0.0394	A
326	0.01424	0.01431	C
327	0.01777	0.0182	C
328	0.02369	0.02453	C
329	0.02605	0.02626	C
330	0.0296	0.02964	C
331	0.03561	0.03567	C
332	0.01808	0.0184	A
333	0.03143	0.03144	A
334	0.01153	0.01156	T
335	0.00864	0.00865	T
336	0.03134	0.03949	A
337	0.00175	0.00176	G
338	0.00206	0.00211	G
339	0.03134	0.03744	A
340	0.00227	0.00227	G
341	0.00155	0.00155	G
342	0.00345	0.00345	G
343	0.0128	0.01505	C
344	0.03759	0.03837	A
345	0.0394	0.03965	C
346	0.00474	0.00487	T
347	0.00394	0.00394	G
348	0.00404	0.00407	G
349	0.01865	0.01866	C
350	0.01477	0.0148	C
351	0.02929	0.0293	C
352	0.03506	0.03506	C
353	0.04346	0.04346	C
354	0.02766	0.02801	A
355	0.02944	0.02969	A
356	0.06098	0.06205	C
357	0.03226	0.03464	A
358	0.00317	0.00328	G
359	0.00559	0.00564	G
360	0.03472	0.03557	C
361	0.04366	0.04462	A
362	0.01283	0.01753	T
363	0.04236	0.04442	C
364	0.03212	0.03384	A
365	0.06863	0.06882	C
366	0.04107	0.04111	C
367	0.03241	0.03242	C
368	0.04101	0.04108	C
369	0.01046	0.0122	G
370	0.04204	0.04259	C
371	0.00784	0.00803	T
372	0.01705	0.01724	A
373	0.02642	0.02652	A
374	0.02669	0.02696	A
375	0.0128	0.01444	T
376	0.03468	0.03509	C
377	0.03145	0.03148	C
378	0.04474	0.04475	C
379	0.03286	0.03287	C
380	0.00813	0.00846	T
381	0.04965	0.05057	A
382	0.00401	0.00416	G
383	0.02783	0.02788	A
384	0.03057	0.03178	A
385	0.00663	0.00868	G
386	0.0136	0.01527	T
387	0.0303	0.03039	C
388	0.03591	0.03599	C
389	0.03281	0.03298	C
390	0.02026	0.02674	A
391	0.04638	0.04707	C
392	0.00823	0.0089	T
393	0.03921	0.03923	C
394	0.02266	0.02361	C
395	0.00835	0.00933	T
396	0.02993	0.0306	A
397	0.03318	0.03342	A
398	0.0259	0.02612	A
399	0.05169	0.05659	C
400	0.03127	0.03477	A
401	0.05067	0.05436	C
402	0.02828	0.03174	A
403	0.0134	0.01446	T
404	0.03908	0.0392	C
405	0.04932	0.04955	C
406	0.00393	0.00619	G
407	0.00907	0.01018	T
408	0.03677	0.03783	A
409	0.01479	0.01482	T
410	0.01375	0.0142	T
411	0.0125	0.03167	A
412	0.04035	0.041	C
413	0.00905	0.01175	T
414	0.02944	0.03011	C
415	0.0077	0.00932	G
416	0.0158	0.01807	C
417	0.03614	0.0368	A
418	0.00354	0.00426	T
419	0.01553	0.01563	C
420	0.01386	0.01428	A
421	0.00147	0.00149	G
422	0.00178	0.00182	G
423	0.02768	0.03844	A
424	0.00486	0.00492	G
425	0.00644	0.00751	T
426	0.04431	0.04461	A
427	0.02083	0.02146	T
428	0.05822	0.05872	C
429	0.03349	0.03381	A
430	0.03365	0.03519	A
431	0.00807	0.01054	T
432	0.0318	0.03245	C
433	0.03246	0.03294	A
434	0.0198	0.01999	C
435	0.01051	0.01065	C
436	0.00382	0.00424	T
437	0.00275	0.00328	G
438	0.01968	0.02033	A
439	0.00493	0.005	G
440	0.02586	0.02661	C
441	0.00967	0.01192	T
442	0.04632	0.04676	C
443	0.03025	0.03143	A
444	0.06355	0.06356	C
445	0.04321	0.04391	C
446	0.02451	0.03237	A
447	0.01007	0.01092	T
448	0.04061	0.04146	A
449	0.0034	0.00401	G
450	0.01493	0.01552	T
451	0.03732	0.03758	C
452	0.00964	0.01	T
453	0.03219	0.03242	A
454	0.03421	0.03453	A
455	0.01263	0.01457	T
456	0.0469	0.04744	A
457	0.00585	0.0079	G
458	0.03519	0.03527	A
459	0.02085	0.02086	A
460	0.04274	0.04275	A
461	0.03324	0.03347	A
462	0.04091	0.06004	C
463	0.04226	0.04226	A
464	0.04672	0.04794	A
465	0.05548	0.05582	C
466	0.04397	0.04474	C
467	0.00761	0.01164	G
468	0.01637	0.01729	A
469	0.02384	0.02418	A
470	0.03539	0.03551	A
471	0.05715	0.05745	C
472	0.03819	0.03904	C
473	0.0131	0.01335	A
474	0.02889	0.02916	A
475	0.03147	0.0321	A
476	0.00981	0.01418	T
477	0.03024	0.03025	A
478	0.02897	0.03899	A
479	0.00934	0.00949	T
480	0.01168	0.01212	T
481	0.04903	0.05189	C
482	0.02738	0.02746	A
483	0.03342	0.03366	A
484	0.00533	0.00739	G
485	0.03885	0.04025	C
486	0.03894	0.04341	A
487	0.05846	0.05983	C
488	0.01128	0.01204	T
489	0.0029	0.00319	G
490	0.03202	0.03244	C
491	0.00669	0.00676	T
492	0.00748	0.0076	T
493	0.01412	0.03384	A
494	0.0126	0.01269	T
495	0.0125	0.01381	T
496	0.01256	0.04391	A
497	0.07003	0.07354	C
498	0.02165	0.02179	A
499	0.03166	0.03312	A
500	0.00599	0.00606	T
501	0.00909	0.00912	T
502	0.01175	0.01187	T
503	0.01172	0.01175	T
504	0.0281	0.04746	A
505	0.05275	0.05325	C
506	0.0088	0.00898	T
507	0.00217	0.00219	G
508	0.00281	0.00281	G
509	0.00332	0.00336	G
510	0.00545	0.0063	T
511	0.02416	0.02433	C
512	0.00827	0.00834	T
513	0.04765	0.04901	C
514	0.0098	0.00988	T
515	0.03559	0.03704	A
516	0.00669	0.00669	T
517	0.01382	0.01382	T
518	0.01372	0.01373	T
519	0.01537	0.01542	T
520	0.02183	0.02822	A
521	0.047	0.04721	C
522	0.01882	0.01893	C
523	0.01763	0.01778	C
524	0.00531	0.00766	T
525	0.04555	0.04557	C
526	0.02158	0.02317	C
527	0.00813	0.00877	T
528	0.04034	0.04246	A
529	0.06956	0.07035	C
530	0.03251	0.03321	A
531	0.02808	0.02983	A
532	0.00267	0.00331	G
533	0.03116	0.03118	C
534	0.01149	0.01156	C
535	0.00462	0.00821	T
536	0.03984	0.03996	C
537	0.02949	0.03274	A
538	0.00252	0.00264	G
539	0.03639	0.03721	A
540	0.00612	0.00626	G
541	0.01195	0.01231	T
542	0.03141	0.03179	A
543	0.04108	0.0414	C
544	0.00678	0.00681	T
545	0.00926	0.00929	T
546	0.03489	0.03835	C
547	0.00649	0.00684	G
548	0.04201	0.043	A
549	0.00479	0.00492	G
550	0.00791	0.01033	T
551	0.01981	0.02023	C
552	0.00952	0.01078	T
553	0.04767	0.04791	C
554	0.0489	0.04895	C
555	0.03339	0.03464	C
556	0.0093	0.00952	T
557	0.01328	0.01353	T
558	0.06654	0.08499	C
559	0.03565	0.03867	A
560	0.083	0.08303	C
561	0.04012	0.04084	C
562	0.02921	0.03521	A
563	0.00583	0.0059	T
564	0.00946	0.00953	T
565	0.00601	0.00603	T
566	0.03113	0.03119	C
567	0.03103	0.0312	C
568	0.00394	0.00525	G
569	0.03097	0.03165	A
570	0.04081	0.04223	C
571	0.00361	0.00364	G
572	0.00394	0.00399	G
573	0.0422	0.04341	C
574	0.03947	0.03993	A
575	0.00655	0.00669	T
576	0.02513	0.02529	C
577	0.00509	0.00541	T
578	0.0408	0.04715	A
579	0.0573	0.0579	C
580	0.00228	0.00236	G
581	0.00306	0.00315	G
582	0.01039	0.01104	C
583	0.003	0.00395	T
584	0.02812	0.02859	C
585	0.03103	0.03206	A
586	0.02318	0.02334	A
587	0.06776	0.06957	C
588	0.00906	0.00955	A
589	0.00121	0.00132	T
590	0.00308	0.00309	T
591	0.00618	0.00619	T
592	0.01038	0.01038	T
593	0.0087	0.0087	T
594	0.0047	0.0047	T
595	0.00357	0.00473	G
596	0.01049	0.01376	T
597	0.01235	0.0137	A
598	0.00501	0.0051	G
599	0.00355	0.00356	C
600	0.00269	0.00274	C
601	0.04082	0.05555	A
602	0.06434	0.0666	C
603	0.02823	0.03629	A
604	0.00157	0.00167	G
605	0.00246	0.00247	G
606	0.02039	0.02087	C
607	0.00475	0.00477	T
608	0.00449	0.00452	T
609	0.04395	0.04396	C
610	0.03876	0.03889	C
611	0.03442	0.0433	A
612	0.03743	0.03801	C
613	0.00351	0.004	G
614	0.00256	0.00259	G
615	0.01863	0.02524	A
616	0.05326	0.05347	C
617	0.00705	0.00715	T
618	0.01087	0.01116	T
619	0.04018	0.04496	C
620	0.03223	0.03385	A
621	0.07132	0.07185	C
622	0.00378	0.00496	G
623	0.00772	0.0121	T
624	0.02589	0.02604	C
625	0.03671	0.03726	A
626	0.0107	0.01071	T
627	0.00923	0.00935	T
628	0.0157	0.04701	A
629	0.01043	0.01044	T
630	0.01153	0.01164	T
631	0.00315	0.00321	G
632	0.0041	0.00417	G
633	0.03088	0.03189	C
634	0.00955	0.0112	T
635	0.0526	0.0535	C
636	0.03606	0.03769	A
637	0.04819	0.04832	A
638	0.06537	0.06772	C
639	0.00444	0.00458	T
640	0.01322	0.01339	T
641	0.00943	0.00947	T
642	0.04948	0.04988	C
643	0.03886	0.03925	C
644	0.01867	0.02299	T
645	0.04747	0.04836	C
646	0.03454	0.03999	A
647	0.06591	0.0678	C
648	0.01337	0.01386	T
649	0.03472	0.03711	A
650	0.0116	0.01236	T
651	0.05501	0.05597	C
652	0.01446	0.01478	T
653	0.00355	0.00461	G
654	0.05494	0.05589	C
655	0.01374	0.01376	T
656	0.01159	0.01186	T
657	0.02537	0.02666	C
658	0.02313	0.02473	A
659	0.01107	0.01233	T
660	0.05735	0.05771	C
661	0.0707	0.07294	C
662	0.00402	0.00635	G
663	0.05081	0.05084	C
664	0.0287	0.02887	C
665	0.01223	0.01262	A
666	0.026	0.02605	A
667	0.06067	0.06271	C
668	0.00875	0.00889	T
669	0.02832	0.02863	A
670	0.02694	0.02755	A
671	0.00879	0.00904	T
672	0.0377	0.03898	A
673	0.00605	0.00606	T
674	0.01051	0.01059	T
675	0.02433	0.02447	T
676	0.05044	0.05399	C
677	0.0755	0.07595	A
678	0.03742	0.03798	C
679	0.00813	0.00823	T
680	0.01747	0.01752	T
681	0.01255	0.0126	T
682	0.02565	0.0311	A
683	0.03637	0.0384	C
684	0.02661	0.02719	A
685	0.01403	0.01535	T
686	0.04031	0.0407	C
687	0.03264	0.03313	C
688	0.01516	0.01543	A
689	0.03199	0.03291	A
690	0.03177	0.03185	A
691	0.04495	0.05358	C
692	0.03425	0.03565	A
693	0.0134	0.01532	T
694	0.04275	0.04403	C
695	0.0317	0.03224	A
696	0.05639	0.05829	C
697	0.00715	0.00726	T
698	0.0087	0.00872	T
699	0.00787	0.00788	T
700	0.00156	0.00159	G
701	0.00283	0.00285	G
702	0.01546	0.01571	C
703	0.00359	0.0036	T
704	0.00896	0.00898	T
705	0.05376	0.0568	C
706	0.00521	0.00589	G
707	0.02433	0.02458	A
708	0.02026	0.02045	A
709	0.00403	0.0043	G
710	0.00728	0.00739	C
711	0.0249	0.02502	C
712	0.00569	0.00684	G
713	0.04897	0.04898	C
714	0.02684	0.02725	C
715	0.00545	0.00739	G
716	0.0157	0.01571	C
717	0.00974	0.00981	C
718	0.00455	0.00549	T
719	0.00317	0.00485	G
720	0.04366	0.04416	A
721	0.01057	0.01079	T
722	0.03445	0.0354	A
723	0.06102	0.06216	C
724	0.00933	0.00947	T
725	0.00236	0.00238	G
726	0.00283	0.0029	G
727	0.0096	0.00978	C
728	0.0382	0.03857	A
729	0.00285	0.00286	T
730	0.0076	0.00761	T
731	0.00867	0.00867	T
732	0.00922	0.00922	T
733	0.0025	0.00374	G
734	0.00735	0.0075	T
735	0.02624	0.02672	A
736	0.00359	0.00363	G
737	0.01758	0.01792	A
738	0.0056	0.00569	T
739	0.00284	0.00298	G
740	0.00904	0.00972	T
741	0.00268	0.00268	G
742	0.00342	0.00361	G
743	0.00727	0.00727	T
744	0.01175	0.01177	T
745	0.01079	0.0108	T
746	0.00351	0.00464	G
747	0.05382	0.05449	A
748	0.02904	0.0294	C
749	0.00586	0.00596	T
750	0.04105	0.04501	A
751	0.00512	0.00513	T
752	0.0122	0.0122	T
753	0.01702	0.01705	T
754	0.04394	0.04603	C
755	0.01462	0.01468	T
756	0.00432	0.00519	G
757	0.0077	0.00813	T
758	0.02546	0.02624	A
759	0.01085	0.01093	T
760	0.00445	0.00483	G
761	0.0036	0.00417	T
762	0.00767	0.00799	C
763	0.00539	0.00563	T
764	0.02048	0.02054	C
765	0.01188	0.01228	C
766	0.00839	0.01239	A
767	0.00391	0.00406	T
768	0.02402	0.02425	C
769	0.00543	0.00553	T
770	0.02344	0.02466	A
771	0.00606	0.00606	T
772	0.01032	0.01035	T
773	0.00493	0.00547	G
774	0.02833	0.0288	A
775	0.02588	0.02616	T
776	0.01116	0.01345	G
777	0.03933	0.04043	A
778	0.00816	0.00816	G
779	0.0052	0.0052	G
780	0.00419	0.00419	G
781	0.00534	0.00592	T
782	0.01818	0.01828	C
783	0.02064	0.02064	T
784	0.0005	0.0005	T
785	0.0	0.0	A
786	0.0	0.0	A
