Position	Mismatches	Mismatches + Deletions	Base
1	0.0	0.0	A
2	0.0	0.0	C
3	0.0	0.0	A
4	0.00732	0.00732	T
5	0.02422	0.02422	A
6	0.05627	0.05668	C
7	0.03579	0.03579	C
8	0.02623	0.02623	C
9	0.01893	0.02646	A
10	0.00742	0.00777	T
11	0.00398	0.00399	G
12	0.00341	0.00341	G
13	0.04746	0.0475	C
14	0.03106	0.03124	C
15	0.01794	0.01827	A
16	0.02901	0.02905	A
17	0.05227	0.05231	C
18	0.03171	0.03241	C
19	0.00644	0.00836	T
20	0.04934	0.04934	C
21	0.02916	0.03038	C
22	0.01	0.0117	T
23	0.03057	0.03668	A
24	0.05289	0.05388	C
25	0.01015	0.01055	T
26	0.04577	0.04578	C
27	0.03594	0.03706	C
28	0.01076	0.01226	T
29	0.03753	0.03807	C
30	0.02854	0.03473	A
31	0.01194	0.01195	T
32	0.01248	0.01262	T
33	0.00603	0.00785	G
34	0.01409	0.01687	T
35	0.04336	0.04585	A
36	0.1065	0.10683	C
37	0.03277	0.03285	C
38	0.02795	0.02809	C
39	0.0274	0.03213	A
40	0.00892	0.009	T
41	0.00878	0.00882	T
42	0.02927	0.03828	C
43	0.01229	0.0127	T
44	0.02054	0.02137	A
45	0.04266	0.04301	A
46	0.00846	0.00935	T
47	0.04184	0.04297	C
48	0.00504	0.00526	G
49	0.04554	0.04703	C
50	0.0285	0.02858	A
51	0.02981	0.02995	A
52	0.00859	0.009	T
53	0.00183	0.00186	G
54	0.00397	0.00403	G
55	0.03883	0.0396	C
56	0.02358	0.02571	A
57	0.00641	0.00642	T
58	0.00707	0.0072	T
59	0.04794	0.04797	C
60	0.03326	0.03335	C
61	0.00943	0.01052	T
62	0.01186	0.01321	A
63	0.01701	0.01714	A
64	0.00436	0.00445	T
65	0.00205	0.0022	G
66	0.01295	0.01316	C
67	0.0036	0.00363	T
68	0.00627	0.00643	T
69	0.01253	0.03663	A
70	0.06341	0.06345	C
71	0.03152	0.03167	C
72	0.00536	0.00685	G
73	0.02327	0.02357	A
74	0.03358	0.03367	A
75	0.06336	0.06586	C
76	0.00702	0.00952	G
77	0.00204	0.00214	A
78	0.02283	0.02323	A
79	0.01071	0.01076	A
80	0.0276	0.02766	A
81	0.04632	0.04635	A
82	0.00914	0.00968	T
83	0.00968	0.00975	T
84	0.0339	0.04093	C
85	0.0084	0.00864	T
86	0.03946	0.04301	A
87	0.00185	0.00186	G
88	0.00311	0.00316	G
89	0.01818	0.01906	C
90	0.00472	0.00483	T
91	0.0318	0.03322	A
92	0.00938	0.00986	T
93	0.04238	0.04405	A
94	0.01175	0.01348	T
95	0.03589	0.03644	A
96	0.06255	0.06598	C
97	0.02572	0.02575	A
98	0.03666	0.03727	A
99	0.0461	0.04849	C
100	0.00834	0.0087	T
101	0.03765	0.03961	A
102	0.05394	0.0543	C
103	0.00446	0.00472	G
104	0.01771	0.01906	C
105	0.02167	0.02176	A
106	0.02091	0.02104	A
107	0.02554	0.02561	A
108	0.00393	0.00398	G
109	0.00447	0.00449	G
110	0.03444	0.03447	C
111	0.01605	0.01608	C
112	0.04424	0.04426	C
113	0.04141	0.04146	C
114	0.01906	0.01961	A
115	0.02673	0.02674	A
116	0.05648	0.05673	C
117	0.00367	0.0037	G
118	0.00095	0.00096	T
119	0.0009	0.0009	T
120	0.00224	0.00232	G
121	0.0009	0.00101	T
122	0.00504	0.00542	A
123	0.00267	0.00268	G
124	0.00264	0.00264	G
125	0.00249	0.00249	C
126	0.00084	0.00084	C
127	0.00264	0.00264	C
128	0.04565	0.04568	C
129	0.01097	0.01218	T
130	0.0458	0.04708	A
131	0.06119	0.06159	C
132	0.00201	0.00208	G
133	0.00166	0.00166	G
134	0.00273	0.00273	G
135	0.00289	0.00375	C
136	0.00448	0.0045	T
137	0.03363	0.03402	A
138	0.00948	0.00952	C
139	0.00097	0.00098	T
140	0.00464	0.00477	A
141	0.00492	0.00511	C
142	0.00424	0.00424	A
143	0.00457	0.0057	A
144	0.00666	0.00667	C
145	0.02572	0.02581	C
146	0.02227	0.02228	C
147	0.00347	0.00351	T
148	0.00489	0.0049	T
149	0.03708	0.04022	C
150	0.00331	0.00346	G
151	0.01659	0.01694	C
152	0.00617	0.00645	T
153	0.00369	0.00521	G
154	0.05345	0.05656	A
155	0.0635	0.06406	C
156	0.00356	0.00367	G
157	0.02301	0.02304	C
158	0.02264	0.02277	C
159	0.02408	0.03933	A
160	0.00939	0.01014	T
161	0.03315	0.03321	A
162	0.01623	0.01629	A
163	0.03739	0.03742	A
164	0.06412	0.06557	A
165	0.01527	0.02039	C
166	0.00372	0.00409	T
167	0.01934	0.01955	C
168	0.00439	0.00441	T
169	0.00662	0.00702	T
170	0.03608	0.04412	C
171	0.03761	0.03994	A
172	0.0751	0.07511	C
173	0.05336	0.05375	C
174	0.01517	0.01522	A
175	0.02235	0.02267	A
176	0.02093	0.02114	A
177	0.00482	0.00539	G
178	0.02013	0.02188	A
179	0.00954	0.01016	G
180	0.06426	0.06482	C
181	0.02658	0.02668	C
182	0.04298	0.04303	C
183	0.03736	0.03745	C
184	0.01205	0.01309	T
185	0.02606	0.02799	A
186	0.0163	0.01646	A
187	0.03326	0.03348	A
188	0.03762	0.03774	A
189	0.05031	0.05226	C
190	0.04112	0.04124	C
191	0.05669	0.05736	C
192	0.00571	0.00941	G
193	0.05932	0.05934	C
194	0.0593	0.05954	C
195	0.02517	0.03203	A
196	0.06388	0.06531	C
197	0.02629	0.02928	A
198	0.01462	0.01562	T
199	0.04114	0.04223	C
200	0.01718	0.01933	T
201	0.03849	0.03968	A
202	0.09963	0.09972	C
203	0.03686	0.03736	C
204	0.0405	0.05087	A
205	0.01519	0.02101	T
206	0.04207	0.04484	C
207	0.02711	0.03077	A
208	0.05853	0.05886	C
209	0.05687	0.05704	C
210	0.01748	0.01816	C
211	0.00706	0.00808	T
212	0.03965	0.0403	C
213	0.00757	0.00785	T
214	0.03285	0.0347	A
215	0.04953	0.04985	C
216	0.03745	0.03995	A
217	0.01337	0.01524	T
218	0.04442	0.04651	C
219	0.03367	0.03546	A
220	0.0572	0.05734	C
221	0.04978	0.05137	C
222	0.00556	0.00846	G
223	0.0506	0.05061	C
224	0.02359	0.02359	C
225	0.032	0.03201	C
226	0.08675	0.08738	C
227	0.00333	0.00682	G
228	0.03019	0.03049	A
229	0.04877	0.04878	C
230	0.03583	0.03592	C
231	0.00975	0.00997	T
232	0.01297	0.01304	T
233	0.0317	0.04447	A
234	0.00436	0.00453	G
235	0.04303	0.04357	C
236	0.01072	0.01112	T
237	0.05317	0.05466	C
238	0.01242	0.01475	T
239	0.04751	0.04921	C
240	0.02475	0.02626	A
241	0.06545	0.06546	C
242	0.04158	0.0427	C
243	0.02648	0.03315	A
244	0.01558	0.01704	T
245	0.06331	0.06392	C
246	0.00718	0.00852	G
247	0.04504	0.04579	C
248	0.01133	0.0119	T
249	0.05299	0.0536	C
250	0.01043	0.0106	T
251	0.0106	0.01072	T
252	0.036	0.04497	C
253	0.01187	0.01198	T
254	0.04122	0.04244	A
255	0.05243	0.05501	C
256	0.01042	0.0108	T
257	0.04351	0.04568	A
258	0.01668	0.01883	T
259	0.02787	0.0334	G
260	0.02672	0.02777	A
261	0.04542	0.04643	A
262	0.04268	0.06476	C
263	0.02249	0.02263	C
264	0.03318	0.03325	C
265	0.0334	0.03342	C
266	0.02915	0.02917	C
267	0.02482	0.02511	C
268	0.01623	0.0191	T
269	0.0336	0.03361	C
270	0.03404	0.03406	C
271	0.0399	0.0399	C
272	0.02967	0.02977	C
273	0.01395	0.03527	A
274	0.01588	0.01789	T
275	0.02759	0.02814	A
276	0.05657	0.05708	C
277	0.03637	0.0367	C
278	0.04125	0.04258	C
279	0.01781	0.01879	A
280	0.02241	0.0248	A
281	0.02436	0.02446	C
282	0.02768	0.02804	C
283	0.01936	0.01973	C
284	0.02086	0.02096	C
285	0.01783	0.01785	C
286	0.00589	0.01008	T
287	0.00286	0.00293	G
288	0.00628	0.00632	G
289	0.00629	0.00879	T
290	0.02587	0.02661	C
291	0.02192	0.02212	A
292	0.03812	0.03826	A
293	0.05666	0.05673	C
294	0.03458	0.03515	C
295	0.00841	0.01512	T
296	0.03956	0.04301	C
297	0.0177	0.02236	A
298	0.03283	0.03287	A
299	0.04541	0.04545	C
300	0.00393	0.00401	C
301	0.00313	0.00349	T
302	0.00675	0.00849	A
303	0.00188	0.00196	G
304	0.00202	0.00206	G
305	0.00704	0.00708	C
306	0.02118	0.02144	C
307	0.00553	0.00752	T
308	0.05342	0.05346	C
309	0.02434	0.02517	C
310	0.00666	0.00719	T
311	0.0191	0.02112	A
312	0.00849	0.0085	T
313	0.01148	0.01149	T
314	0.01338	0.01347	T
315	0.03061	0.03636	A
316	0.01666	0.01666	T
317	0.01479	0.01494	T
318	0.04604	0.05631	C
319	0.01961	0.02037	T
320	0.04063	0.04519	A
321	0.00715	0.00777	G
322	0.08512	0.08538	C
323	0.04655	0.0474	C
324	0.02747	0.0391	A
325	0.04702	0.04707	C
326	0.02457	0.02508	C
327	0.00966	0.01129	T
328	0.03971	0.04136	C
329	0.0086	0.00888	T
330	0.05445	0.05979	A
331	0.00194	0.00198	G
332	0.0089	0.00892	C
333	0.00371	0.0038	C
334	0.00239	0.00264	T
335	0.00749	0.00831	A
336	0.00202	0.00213	G
337	0.05472	0.05474	C
338	0.04012	0.04017	C
339	0.00559	0.00618	G
340	0.00634	0.00642	T
341	0.00954	0.00958	T
342	0.01088	0.01094	T
343	0.03551	0.03917	A
344	0.06326	0.06368	C
345	0.01381	0.01454	T
346	0.06113	0.06306	C
347	0.02838	0.0303	A
348	0.03486	0.03545	A
349	0.01012	0.01089	T
350	0.05252	0.05265	C
351	0.03391	0.03486	C
352	0.00725	0.00827	T
353	0.03329	0.03346	C
354	0.00443	0.00461	T
355	0.00241	0.00283	G
356	0.00498	0.00506	A
357	0.00089	0.00144	T
358	0.00317	0.00318	C
359	0.00456	0.00472	A
360	0.00088	0.00089	G
361	0.00146	0.00147	G
362	0.00302	0.00312	G
363	0.00359	0.00491	T
364	0.00247	0.00272	G
365	0.03048	0.03132	A
366	0.00668	0.00724	G
367	0.04687	0.04856	C
368	0.03471	0.035	A
369	0.01011	0.01144	T
370	0.05142	0.05202	C
371	0.03539	0.03551	A
372	0.03417	0.03508	A
373	0.0445	0.04461	A
374	0.03951	0.04383	C
375	0.00835	0.01101	T
376	0.03347	0.03458	C
377	0.03167	0.0328	A
378	0.04193	0.04225	A
379	0.04034	0.04058	A
380	0.04196	0.04686	C
381	0.00597	0.00669	T
382	0.0431	0.05012	A
383	0.02921	0.02969	C
384	0.00423	0.00452	G
385	0.00819	0.0082	C
386	0.00495	0.00495	C
387	0.00966	0.00972	C
388	0.00273	0.00324	T
389	0.00345	0.00537	G
390	0.01756	0.01782	A
391	0.00396	0.00402	T
392	0.04255	0.04311	C
393	0.00278	0.0028	G
394	0.00337	0.0034	G
395	0.04421	0.04461	C
396	0.00504	0.0053	G
397	0.04324	0.04381	C
398	0.02345	0.02428	A
399	0.02511	0.02534	C
400	0.00329	0.00349	T
401	0.00314	0.00419	G
402	0.04456	0.04584	C
403	0.00492	0.00539	G
404	0.04024	0.04072	A
405	0.00478	0.00541	G
406	0.04035	0.04074	C
407	0.02562	0.026	A
408	0.00579	0.00593	G
409	0.00474	0.00656	T
410	0.04782	0.05051	A
411	0.00661	0.00717	G
412	0.02569	0.02606	C
413	0.025	0.02509	C
414	0.03123	0.03131	C
415	0.0105	0.01135	A
416	0.03855	0.03889	A
417	0.03555	0.0356	A
418	0.05846	0.06792	C
419	0.02898	0.02898	A
420	0.0424	0.04333	A
421	0.01137	0.01296	T
422	0.04375	0.04404	C
423	0.0108	0.0128	T
424	0.04262	0.04293	C
425	0.0381	0.04285	A
426	0.01375	0.0141	T
427	0.05108	0.05373	A
428	0.01247	0.01269	T
429	0.00419	0.00552	G
430	0.03512	0.03524	A
431	0.04623	0.04653	A
432	0.00766	0.00892	G
433	0.01982	0.0288	T
434	0.04413	0.04557	C
435	0.03759	0.03923	A
436	0.06489	0.06526	C
437	0.05588	0.05596	C
438	0.01545	0.01576	C
439	0.01184	0.01257	T
440	0.03205	0.03419	A
441	0.00421	0.00447	G
442	0.03232	0.03241	C
443	0.01128	0.01145	C
444	0.01789	0.023	A
445	0.00962	0.0108	T
446	0.03663	0.03736	C
447	0.03719	0.03953	A
448	0.01061	0.01069	T
449	0.00923	0.00963	T
450	0.04445	0.05583	C
451	0.01342	0.01374	T
452	0.04633	0.04732	A
453	0.04617	0.04892	C
454	0.01446	0.01538	T
455	0.03119	0.0334	A
456	0.01369	0.01518	T
457	0.06005	0.06248	C
458	0.02681	0.02705	A
459	0.03882	0.03915	A
460	0.04491	0.04628	C
461	0.03183	0.03269	A
462	0.01728	0.01859	T
463	0.01506	0.01533	T
464	0.01296	0.03756	A
465	0.04878	0.04981	C
466	0.0082	0.00843	T
467	0.0303	0.03065	A
468	0.03001	0.03075	A
469	0.00742	0.00767	T
470	0.03966	0.03966	A
471	0.0437	0.04598	A
472	0.003	0.00336	G
473	0.00392	0.00429	T
474	0.00233	0.00233	G
475	0.00192	0.002	G
476	0.04032	0.04329	C
477	0.00545	0.00571	T
478	0.05063	0.05077	C
479	0.03238	0.03347	C
480	0.00753	0.00757	T
481	0.00961	0.00973	T
482	0.01389	0.01397	T
483	0.02336	0.0245	A
484	0.03592	0.03605	A
485	0.13707	0.13738	C
486	0.02537	0.02555	C
487	0.01737	0.01916	T
488	0.03091	0.03135	C
489	0.0086	0.0097	T
490	0.04007	0.04016	C
491	0.03477	0.03535	C
492	0.01086	0.02668	A
493	0.09013	0.09014	C
494	0.03743	0.03743	C
495	0.0292	0.03008	C
496	0.0086	0.00884	T
497	0.00804	0.00814	T
498	0.01757	0.0347	A
499	0.01233	0.01407	T
500	0.05076	0.05152	C
501	0.04229	0.04308	A
502	0.05001	0.05324	C
503	0.02729	0.02737	A
504	0.02378	0.02444	A
505	0.03673	0.03939	C
506	0.03217	0.03276	A
507	0.05849	0.06101	C
508	0.02924	0.02925	A
509	0.0503	0.05171	A
510	0.004	0.00634	G
511	0.03297	0.03298	A
512	0.03479	0.0355	A
513	0.04026	0.04404	C
514	0.03703	0.03795	A
515	0.06613	0.0664	C
516	0.03639	0.03698	C
517	0.01013	0.01208	T
518	0.05041	0.05051	C
519	0.01084	0.01162	T
520	0.00337	0.00446	G
521	0.04204	0.04244	A
522	0.01297	0.013	T
523	0.01129	0.01159	T
524	0.01776	0.03904	A
525	0.05243	0.05304	C
526	0.00898	0.00925	T
527	0.05787	0.05798	C
528	0.0263	0.02757	C
529	0.00812	0.00907	T
530	0.00294	0.00309	G
531	0.01292	0.01295	C
532	0.00606	0.00616	C
533	0.03959	0.04976	A
534	0.00968	0.01075	T
535	0.04578	0.0461	C
536	0.03572	0.03757	A
537	0.01974	0.02065	T
538	0.00345	0.00559	G
539	0.03672	0.03701	A
540	0.06315	0.0634	C
541	0.04733	0.04744	C
542	0.02877	0.02883	C
543	0.01117	0.0112	T
544	0.00868	0.00872	T
545	0.00243	0.00246	G
546	0.00292	0.00295	G
547	0.01234	0.01239	C
548	0.06423	0.06435	C
549	0.01549	0.02664	A
550	0.00854	0.00887	T
551	0.02872	0.02877	A
552	0.03051	0.03456	A
553	0.00839	0.0086	T
554	0.0371	0.03838	A
555	0.00974	0.00995	T
556	0.00273	0.00318	G
557	0.03554	0.03592	A
558	0.00921	0.00922	T
559	0.01198	0.01215	T
560	0.01314	0.01319	T
561	0.02728	0.03055	A
562	0.01653	0.01721	T
563	0.05116	0.05242	C
564	0.01169	0.01266	T
565	0.05404	0.05426	C
566	0.03611	0.03677	C
567	0.01431	0.03663	A
568	0.05294	0.05454	C
569	0.03524	0.03832	A
570	0.05722	0.05946	C
571	0.00889	0.00938	T
572	0.02062	0.02153	A
573	0.00484	0.00572	G
574	0.01655	0.01672	C
575	0.04404	0.04479	A
576	0.00237	0.00249	G
577	0.00557	0.00708	A
578	0.00239	0.0025	G
579	0.00605	0.00624	A
580	0.00469	0.0048	C
581	0.01565	0.01578	C
582	0.021	0.02111	A
583	0.02854	0.02868	A
584	0.03684	0.03692	C
585	0.004	0.00403	C
586	0.00475	0.00511	G
587	0.01938	0.02012	A
588	0.00371	0.00495	A
589	0.00233	0.00233	C
590	0.00124	0.00125	C
591	0.00164	0.00166	C
592	0.00172	0.00172	C
593	0.00258	0.00258	C
594	0.00071	0.00073	T
595	0.00064	0.00064	T
596	0.00166	0.00179	C
597	0.00301	0.00326	G
598	0.03977	0.03993	A
599	0.03029	0.03032	C
600	0.03872	0.03893	C
601	0.00796	0.00811	T
602	0.0139	0.01394	T
603	0.00377	0.00456	G
604	0.02768	0.02771	C
605	0.00241	0.00242	C
606	0.00364	0.00378	G
607	0.00453	0.00469	A
608	0.00444	0.00449	A
609	0.00198	0.00199	G
610	0.00135	0.00135	G
611	0.00179	0.00179	G
612	0.00144	0.00145	G
613	0.01379	0.01512	A
614	0.00318	0.0033	G
615	0.00104	0.00114	T
616	0.00869	0.00871	C
617	0.00288	0.00289	C
618	0.00487	0.00516	G
619	0.01901	0.01909	A
620	0.03497	0.03499	A
621	0.05194	0.05385	C
622	0.00384	0.0039	T
623	0.06391	0.06497	A
624	0.00104	0.00105	G
625	0.0013	0.00469	T
626	0.00245	0.00247	C
627	0.00718	0.01818	T
628	0.00448	0.00468	C
629	0.0603	0.06335	A
630	0.00268	0.00268	G
631	0.00314	0.00314	G
632	0.00595	0.00615	C
633	0.00325	0.00325	T
634	0.00926	0.00928	T
635	0.05206	0.05485	C
636	0.03748	0.03796	A
637	0.03773	0.03788	A
638	0.05785	0.05869	C
639	0.04051	0.04076	A
640	0.01309	0.01368	T
641	0.05599	0.05638	C
642	0.0087	0.00911	G
643	0.04108	0.04128	A
644	0.02844	0.02909	A
645	0.00959	0.01025	T
646	0.04057	0.04296	A
647	0.07016	0.0734	C
648	0.00769	0.00793	G
649	0.03711	0.03726	C
650	0.02724	0.02758	C
651	0.00573	0.01118	G
652	0.04645	0.05082	C
653	0.03409	0.03791	A
654	0.0034	0.00359	G
655	0.00509	0.0055	G
656	0.02097	0.021	C
657	0.04158	0.0416	C
658	0.04667	0.04671	C
659	0.04534	0.04536	C
660	0.00606	0.00626	T
661	0.00835	0.00877	T
662	0.05562	0.0617	C
663	0.00492	0.00592	G
664	0.06382	0.06385	C
665	0.04467	0.04472	C
666	0.02642	0.02658	C
667	0.00731	0.00803	T
668	0.03131	0.03323	A
669	0.00807	0.00809	T
670	0.00913	0.00916	T
671	0.02791	0.04297	C
672	0.00921	0.00922	T
673	0.0114	0.01187	T
674	0.04699	0.05024	C
675	0.03833	0.04161	A
676	0.01386	0.01608	T
677	0.04485	0.05008	A
678	0.00417	0.00514	G
679	0.07975	0.07992	C
680	0.04242	0.04255	C
681	0.00556	0.00696	G
682	0.03533	0.03587	A
683	0.02515	0.02553	A
684	0.01288	0.01356	T
685	0.0402	0.04075	A
686	0.05755	0.05979	C
687	0.02155	0.02253	A
688	0.06017	0.06651	C
689	0.04137	0.04156	A
690	0.0281	0.02815	A
691	0.02634	0.02703	A
692	0.03737	0.04516	C
693	0.02721	0.02768	A
694	0.01398	0.01474	T
695	0.00932	0.00947	T
696	0.01088	0.03263	A
697	0.01172	0.01177	T
698	0.0119	0.01268	T
699	0.0113	0.03495	A
700	0.0119	0.01273	T
701	0.0362	0.03632	A
702	0.02689	0.03074	A
703	0.01231	0.01388	T
704	0.04269	0.0427	A
705	0.0352	0.03522	A
706	0.05041	0.05352	A
707	0.05296	0.05938	C
708	0.03477	0.03577	A
709	0.06435	0.06466	C
710	0.02532	0.02535	C
711	0.02721	0.02805	C
712	0.03487	0.03703	T
713	0.06942	0.07002	C
714	0.02484	0.02791	A
715	0.07087	0.0709	C
716	0.0384	0.03981	C
717	0.01407	0.03218	A
718	0.05035	0.05234	C
719	0.01068	0.01182	T
720	0.035	0.03572	A
721	0.05645	0.05734	C
722	0.03219	0.03223	A
723	0.03449	0.03562	A
724	0.01017	0.01175	T
725	0.04613	0.04721	C
726	0.01003	0.01008	T
727	0.00961	0.00985	T
728	0.04436	0.04445	C
729	0.02963	0.02981	C
730	0.00851	0.00887	T
731	0.04426	0.04645	A
732	0.00314	0.00318	G
733	0.00391	0.004	G
734	0.05823	0.05831	A
735	0.03025	0.0305	A
736	0.04162	0.0434	C
737	0.02429	0.0243	A
738	0.0223	0.02267	A
739	0.0401	0.04123	C
740	0.02612	0.02656	A
741	0.00743	0.008	T
742	0.02498	0.02536	A
743	0.01297	0.01322	T
744	0.00338	0.00473	G
745	0.03844	0.03966	A
746	0.07595	0.0767	C
747	0.01572	0.01653	G
748	0.04726	0.05001	C
749	0.04448	0.04542	A
750	0.04137	0.04258	C
751	0.01208	0.01562	T
752	0.1117	0.11666	C
753	0.01269	0.0148	T
754	0.06942	0.06942	C
755	0.05564	0.05564	C
756	0.04492	0.04492	C
757	0.02822	0.02844	C
758	0.01027	0.01197	T
759	0.00474	0.00572	G
760	0.03229	0.03278	A
761	0.0436	0.04388	A
762	0.0471	0.0482	C
763	0.00896	0.00909	T
764	0.04184	0.04259	C
765	0.00972	0.01006	T
766	0.03767	0.03903	A
767	0.05949	0.06029	C
768	0.03248	0.03389	A
769	0.05618	0.05889	C
770	0.03347	0.03352	A
771	0.04388	0.04433	A
772	0.03405	0.03576	C
773	0.02309	0.02386	A
774	0.0072	0.00772	T
775	0.01736	0.01771	A
776	0.00397	0.00399	T
777	0.00582	0.00583	T
778	0.00779	0.0078	T
779	0.00874	0.00874	T
780	0.00232	0.00309	G
781	0.00686	0.00837	T
782	0.02288	0.02309	C
783	0.03446	0.0349	A
784	0.04785	0.04789	C
785	0.03168	0.03195	C
786	0.02864	0.02876	A
787	0.04962	0.05129	A
788	0.00358	0.00472	G
789	0.04284	0.04376	A
790	0.05022	0.05056	C
791	0.05355	0.05384	C
792	0.03771	0.03799	C
793	0.01087	0.01204	T
794	0.03162	0.03295	A
795	0.05275	0.0538	C
796	0.01101	0.01117	T
797	0.0149	0.01523	T
798	0.04284	0.06096	C
799	0.01527	0.01622	T
800	0.03558	0.03841	A
801	0.03859	0.03922	A
802	0.06343	0.06381	C
803	0.02989	0.03143	C
804	0.00703	0.0101	T
805	0.04694	0.04805	C
806	0.07767	0.07771	C
807	0.01104	0.0113	C
808	0.00306	0.00337	T
809	0.00189	0.00267	G
810	0.00303	0.00303	T
811	0.0021	0.00211	T
812	0.00816	0.00964	C
813	0.00687	0.00688	T
814	0.00954	0.00962	T
815	0.01832	0.05338	A
816	0.01589	0.01616	T
817	0.00581	0.00785	G
818	0.03204	0.03226	A
819	0.04676	0.04838	A
820	0.00966	0.00969	T
821	0.00942	0.00964	T
822	0.04433	0.04782	C
823	0.00445	0.00466	G
824	0.01396	0.01399	A
825	0.01157	0.01165	A
826	0.01408	0.01495	C
827	0.01374	0.01398	A
828	0.00647	0.00759	G
829	0.10618	0.10882	C
830	0.04389	0.04758	A
831	0.02616	0.02914	T
832	0.03993	0.04154	A
833	0.04978	0.05045	C
834	0.06658	0.06716	C
835	0.03126	0.0314	C
836	0.04249	0.04255	C
837	0.05086	0.05086	C
838	0.00492	0.00707	G
839	0.03565	0.03679	A
840	0.01097	0.01107	T
841	0.00748	0.00755	T
842	0.05765	0.05774	C
843	0.0685	0.06876	C
844	0.00484	0.00657	G
845	0.03159	0.03333	C
846	0.00866	0.00909	T
847	0.0357	0.03713	A
848	0.06751	0.06855	C
849	0.0061	0.00753	G
850	0.03423	0.03527	A
851	0.0566	0.05667	C
852	0.03771	0.03801	C
853	0.01882	0.01896	A
854	0.02851	0.02858	A
855	0.05019	0.05136	C
856	0.01164	0.01657	T
857	0.03833	0.03893	C
858	0.03356	0.03648	A
859	0.01362	0.01491	T
860	0.04334	0.04574	A
861	0.05986	0.06206	C
862	0.03109	0.03161	A
863	0.06372	0.06486	C
864	0.03099	0.03209	C
865	0.00786	0.00949	T
866	0.04571	0.04572	C
867	0.03669	0.03895	C
868	0.00764	0.0082	T
869	0.03127	0.03407	A
870	0.01153	0.01228	T
871	0.00448	0.00534	G
872	0.00136	0.0015	A
873	0.00592	0.00606	A
874	0.02136	0.02165	A
875	0.01995	0.02014	A
876	0.02343	0.02353	A
877	0.0161	0.01616	A
878	0.04963	0.05405	C
879	0.01105	0.01126	T
880	0.01038	0.01045	T
881	0.0398	0.03994	C
882	0.02921	0.02956	C
883	0.0201	0.02337	T
884	0.04186	0.04371	A
885	0.10607	0.10626	C
886	0.04165	0.04234	C
887	0.02119	0.03522	A
888	0.03707	0.04323	C
889	0.06208	0.06942	T
890	0.03842	0.04051	C
891	0.02185	0.02488	A
892	0.07081	0.07083	C
893	0.05049	0.05049	C
894	0.03147	0.03232	C
895	0.01115	0.01187	T
896	0.0492	0.05046	A
897	0.00814	0.00893	G
898	0.05098	0.05175	C
899	0.03734	0.03882	A
900	0.01456	0.01488	T
901	0.0199	0.0205	T
902	0.00651	0.02085	A
903	0.04812	0.04931	C
904	0.00869	0.0088	T
905	0.00934	0.00986	T
906	0.01243	0.03443	A
907	0.01117	0.01158	T
908	0.03273	0.035	A
909	0.00986	0.00997	T
910	0.0041	0.00528	G
911	0.0314	0.03207	A
912	0.01138	0.01161	T
913	0.02885	0.03006	A
914	0.0127	0.01298	T
915	0.00489	0.00523	G
916	0.01529	0.01708	T
917	0.02064	0.02092	C
918	0.01444	0.01596	T
919	0.04514	0.0452	C
920	0.03218	0.03255	C
921	0.01778	0.03956	A
922	0.01763	0.01959	T
923	0.02991	0.03156	A
924	0.06242	0.06281	C
925	0.04871	0.04887	C
926	0.02333	0.02345	C
927	0.01467	0.03045	A
928	0.01352	0.01366	T
929	0.0106	0.01074	T
930	0.01318	0.02827	A
931	0.05777	0.05899	C
932	0.02779	0.0279	A
933	0.02937	0.02979	A
934	0.01592	0.01656	T
935	0.04356	0.04409	C
936	0.01276	0.01297	T
937	0.04858	0.04858	C
938	0.02874	0.02888	C
939	0.0224	0.02996	A
940	0.00682	0.00695	G
941	0.03836	0.03922	C
942	0.03045	0.03155	A
943	0.01274	0.01297	T
944	0.04886	0.05093	T
945	0.0353	0.03539	C
946	0.02951	0.02951	C
947	0.0219	0.02195	C
948	0.01192	0.01192	C
949	0.01404	0.01404	C
950	0.0069	0.00778	T
951	0.02068	0.02114	C
952	0.01262	0.01298	A
953	0.02319	0.02319	A
954	0.01094	0.01094	A
955	0.01777	0.01777	C
956	0.01632	0.01632	C
957	0.0004	0.0004	T
958	0.0	0.0	A
959	0.0	0.0	A
