Position	Mismatches	Mismatches + Deletions	Base
1	0.0	0.0	A
2	0.0	0.0	T
3	0.0	0.0	A
4	0.02068	0.02068	A
5	0.02867	0.02867	A
6	0.05696	0.05908	C
7	0.00805	0.00955	T
8	0.01071	0.01071	T
9	0.04704	0.05687	C
10	0.00409	0.00436	G
11	0.0655	0.06556	C
12	0.03062	0.03062	C
13	0.00834	0.00848	T
14	0.01644	0.01657	T
15	0.00459	0.00492	A
16	0.01404	0.01494	A
17	0.00607	0.00609	T
18	0.00945	0.00949	T
19	0.01144	0.01148	T
20	0.01334	0.01338	T
21	0.01509	0.01741	A
22	0.02731	0.02757	A
23	0.01397	0.01457	T
24	0.03804	0.03823	A
25	0.0338	0.03951	A
26	0.01318	0.01438	T
27	0.04921	0.0504	C
28	0.03941	0.03952	A
29	0.03991	0.04051	A
30	0.04759	0.05092	C
31	0.03408	0.0348	A
32	0.07234	0.07242	C
33	0.03501	0.03506	C
34	0.03992	0.04111	C
35	0.00979	0.01132	T
36	0.05327	0.05327	C
37	0.01156	0.01337	C
38	0.01048	0.01142	T
39	0.0327	0.03672	A
40	0.00322	0.00363	G
41	0.0549	0.05496	C
42	0.02954	0.02976	C
43	0.01155	0.01173	T
44	0.01385	0.01407	T
45	0.0144	0.03319	A
46	0.05901	0.0598	C
47	0.01217	0.0126	T
48	0.03081	0.03154	A
49	0.04943	0.05135	C
50	0.00892	0.00932	T
51	0.02475	0.02501	A
52	0.02133	0.02227	A
53	0.01109	0.01182	T
54	0.01912	0.01912	A
55	0.02181	0.02834	A
56	0.00959	0.00964	T
57	0.01064	0.01071	T
58	0.01389	0.03732	A
59	0.01603	0.01604	T
60	0.01642	0.01711	T
61	0.01565	0.05404	A
62	0.049	0.05043	C
63	0.02663	0.02757	A
64	0.00663	0.0067	T
65	0.00809	0.00812	T
66	0.0095	0.00957	T
67	0.01141	0.01144	T
68	0.00297	0.00424	G
69	0.05052	0.05074	A
70	0.04914	0.04955	C
71	0.01152	0.012	T
72	0.04667	0.04778	A
73	0.06726	0.06745	C
74	0.04461	0.04508	C
75	0.02301	0.03837	A
76	0.05829	0.0612	C
77	0.03551	0.03561	A
78	0.03705	0.03853	A
79	0.05418	0.05694	C
80	0.01258	0.01439	T
81	0.04063	0.04153	C
82	0.02843	0.03052	A
83	0.0324	0.03258	A
84	0.05701	0.05929	C
85	0.00408	0.00418	G
86	0.00474	0.00477	G
87	0.01575	0.01695	C
88	0.00576	0.00592	T
89	0.00902	0.00967	A
90	0.02692	0.02707	C
91	0.05796	0.05921	A
92	0.00877	0.00979	T
93	0.02336	0.02351	A
94	0.0032	0.00438	G
95	0.00197	0.00197	A
96	0.01552	0.01552	A
97	0.00994	0.00994	A
98	0.02527	0.02527	A
99	0.02155	0.02161	A
100	0.00993	0.01106	T
101	0.05005	0.05058	C
102	0.03611	0.03711	C
103	0.01256	0.03425	A
104	0.05024	0.05036	C
105	0.05134	0.05136	C
106	0.03839	0.03839	C
107	0.03552	0.03581	C
108	0.00948	0.00964	T
109	0.01088	0.01093	T
110	0.01582	0.03971	A
111	0.03241	0.03265	C
112	0.00278	0.00284	G
113	0.03328	0.03472	A
114	0.00347	0.0036	G
115	0.00772	0.00843	T
116	0.00247	0.00272	G
117	0.01227	0.01312	C
118	0.00328	0.00328	G
119	0.00293	0.00303	G
120	0.04756	0.04841	C
121	0.00935	0.00944	T
122	0.01066	0.01071	T
123	0.06238	0.06489	C
124	0.00427	0.00546	G
125	0.03108	0.0318	A
126	0.04441	0.04445	C
127	0.0506	0.05079	C
128	0.03939	0.0395	C
129	0.01651	0.01766	T
130	0.02731	0.02915	A
131	0.013	0.01387	T
132	0.04856	0.05222	A
133	0.0143	0.01534	T
134	0.03994	0.0409	C
135	0.03787	0.03799	C
136	0.06229	0.0624	C
137	0.01705	0.01707	C
138	0.01995	0.02002	C
139	0.00565	0.00633	G
140	0.0235	0.0235	C
141	0.01089	0.01089	C
142	0.02323	0.02348	C
143	0.00332	0.00436	G
144	0.03442	0.03689	C
145	0.00525	0.0071	G
146	0.00958	0.01135	T
147	0.05079	0.05081	C
148	0.06579	0.06586	C
149	0.04147	0.0416	C
150	0.00359	0.00361	T
151	0.01182	0.01184	T
152	0.01147	0.01151	T
153	0.04974	0.05237	C
154	0.01541	0.01575	T
155	0.05291	0.05303	C
156	0.03989	0.04016	C
157	0.02258	0.03599	A
158	0.01282	0.01488	T
159	0.02479	0.02499	A
160	0.00951	0.00959	A
161	0.03122	0.03132	A
162	0.03172	0.03502	A
163	0.00756	0.0079	T
164	0.00758	0.0077	T
165	0.02197	0.03884	C
166	0.0064	0.0064	T
167	0.00587	0.00601	T
168	0.01671	0.02311	C
169	0.00652	0.00652	T
170	0.00639	0.00641	T
171	0.05697	0.08648	A
172	0.00364	0.00388	G
173	0.01082	0.01302	T
174	0.02174	0.02245	A
175	0.00303	0.00334	G
176	0.02775	0.02874	C
177	0.00683	0.00709	T
178	0.04672	0.04896	A
179	0.01447	0.01468	T
180	0.01458	0.01562	T
181	0.01548	0.03693	A
182	0.06407	0.06509	C
183	0.05177	0.05286	C
184	0.00874	0.00896	T
185	0.00974	0.00984	T
186	0.03432	0.0494	C
187	0.01087	0.01091	T
188	0.0109	0.01104	T
189	0.01068	0.0414	A
190	0.01264	0.01265	T
191	0.01435	0.01474	T
192	0.01152	0.04869	A
193	0.01045	0.01045	T
194	0.01657	0.01657	T
195	0.01494	0.01505	T
196	0.00421	0.00826	G
197	0.03929	0.03948	A
198	0.01632	0.01648	T
199	0.04946	0.05014	C
200	0.01257	0.01281	T
201	0.04851	0.04992	A
202	0.00707	0.00752	G
203	0.01247	0.01254	A
204	0.02325	0.02336	A
205	0.02807	0.02835	A
206	0.01379	0.0143	T
207	0.02596	0.02615	T
208	0.01104	0.01277	G
209	0.07005	0.0704	C
210	0.02748	0.02767	C
211	0.04357	0.04394	C
212	0.00895	0.01297	T
213	0.03233	0.03237	C
214	0.03612	0.0402	C
215	0.00483	0.00485	T
216	0.00986	0.00997	T
217	0.01496	0.01499	T
218	0.02134	0.02176	T
219	0.03803	0.04186	A
220	0.08968	0.08977	C
221	0.05076	0.05085	C
222	0.03554	0.0356	C
223	0.0232	0.02329	C
224	0.01162	0.01234	T
225	0.03396	0.03445	A
226	0.05045	0.0505	C
227	0.03467	0.03483	C
228	0.02814	0.03765	A
229	0.0186	0.01961	T
230	0.0071	0.01183	G
231	0.04623	0.04891	A
232	0.01001	0.01081	G
233	0.05041	0.05062	C
234	0.03159	0.03168	C
235	0.02533	0.02559	C
236	0.01028	0.01097	T
237	0.02755	0.02781	A
238	0.05459	0.05576	C
239	0.03693	0.03807	A
240	0.02685	0.02688	A
241	0.02428	0.02448	A
242	0.04247	0.04911	C
243	0.01817	0.01819	A
244	0.0228	0.0232	A
245	0.03785	0.04136	C
246	0.00855	0.00943	T
247	0.0355	0.03587	A
248	0.03536	0.03601	A
249	0.05819	0.05855	C
250	0.02784	0.029	C
251	0.02785	0.0309	T
252	0.00772	0.00832	G
253	0.09616	0.09621	C
254	0.0275	0.02776	C
255	0.02639	0.04061	A
256	0.02136	0.02175	C
257	0.00904	0.00968	T
258	0.025	0.02517	A
259	0.03195	0.03219	A
260	0.00946	0.00959	T
261	0.02683	0.02709	A
262	0.00414	0.0049	G
263	0.00815	0.00817	T
264	0.0081	0.00817	T
265	0.02114	0.03536	A
266	0.01238	0.01267	T
267	0.0046	0.00477	G
268	0.01156	0.01273	T
269	0.04136	0.04257	C
270	0.03096	0.03449	A
271	0.01779	0.0204	T
272	0.04664	0.0474	C
273	0.03297	0.03358	C
274	0.02962	0.03007	C
275	0.00766	0.0086	T
276	0.04105	0.04175	C
277	0.00914	0.00914	T
278	0.01001	0.01012	T
279	0.00824	0.03199	A
280	0.01038	0.01038	T
281	0.01321	0.01346	T
282	0.01845	0.01889	A
283	0.03473	0.03487	A
284	0.01437	0.01565	T
285	0.03899	0.04012	C
286	0.03421	0.03592	A
287	0.01217	0.01532	T
288	0.03505	0.03736	C
289	0.02591	0.02801	A
290	0.0101	0.01082	T
291	0.03098	0.03169	C
292	0.01368	0.01413	C
293	0.01234	0.01342	T
294	0.03584	0.04316	A
295	0.00565	0.00642	G
296	0.03171	0.03191	C
297	0.01396	0.014	C
298	0.0194	0.01944	C
299	0.00889	0.01008	T
300	0.02735	0.02753	A
301	0.03029	0.03047	A
302	0.00552	0.00579	G
303	0.00795	0.00859	T
304	0.02786	0.028	C
305	0.01081	0.01212	T
306	0.0032	0.00335	G
307	0.00336	0.0034	G
308	0.01944	0.01944	C
309	0.01712	0.01736	C
310	0.00609	0.00648	T
311	0.02384	0.02438	A
312	0.00907	0.00947	T
313	0.00294	0.00338	G
314	0.04065	0.0411	A
315	0.01165	0.01185	G
316	0.01447	0.01638	T
317	0.00434	0.00454	G
318	0.02457	0.02508	A
319	0.03352	0.0343	C
320	0.01091	0.01165	T
321	0.02063	0.02085	A
322	0.04779	0.04912	C
323	0.0024	0.0024	A
324	0.01335	0.01335	A
325	0.01993	0.01993	A
326	0.03048	0.03048	A
327	0.02142	0.02142	A
328	0.00287	0.00293	G
329	0.00448	0.00448	G
330	0.01203	0.01988	A
331	0.00865	0.00865	T
332	0.00845	0.00852	T
333	0.02299	0.03164	A
334	0.00682	0.00682	G
335	0.02088	0.02088	A
336	0.03197	0.03197	C
337	0.01056	0.0109	T
338	0.00964	0.01197	G
339	0.02889	0.02925	A
340	0.02107	0.02107	A
341	0.04412	0.04412	C
342	0.02823	0.02823	C
343	0.00985	0.01072	G
344	0.01223	0.01223	A
345	0.01628	0.01628	A
346	0.00102	0.00102	T
347	0.0	0.0	A
348	0.0	0.0	A
