Position	Mismatches	Mismatches + Deletions	Base
1	0.0	0.0	C
2	0.0	0.0	T
3	0.0	0.0	G
4	0.0117	0.0117	A
5	0.0046	0.0046	T
6	0.00367	0.00451	G
7	0.00481	0.00556	T
8	0.00643	0.00644	T
9	0.02272	0.02508	C
10	0.00407	0.00415	G
11	0.04664	0.05041	C
12	0.04203	0.0427	C
13	0.00322	0.0045	G
14	0.03078	0.0315	A
15	0.06179	0.06179	C
16	0.03757	0.03776	C
17	0.00615	0.00695	G
18	0.00782	0.00801	T
19	0.01022	0.01028	T
20	0.00289	0.00317	G
21	0.0451	0.04548	A
22	0.04976	0.04989	C
23	0.00837	0.00847	T
24	0.03497	0.03687	A
25	0.00929	0.00932	T
26	0.01234	0.01251	T
27	0.02999	0.04022	C
28	0.00974	0.00985	T
29	0.04091	0.04146	C
30	0.00931	0.00938	T
31	0.02871	0.02917	A
32	0.04901	0.04985	C
33	0.02337	0.02354	A
34	0.02215	0.0222	A
35	0.03637	0.03731	A
36	0.04069	0.04132	C
37	0.03159	0.03181	C
38	0.01591	0.02264	A
39	0.04887	0.0506	C
40	0.03273	0.03281	A
41	0.03239	0.03241	A
42	0.04	0.04139	A
43	0.00415	0.00484	G
44	0.03729	0.03741	A
45	0.05075	0.05109	C
46	0.04188	0.04216	A
47	0.00963	0.01003	T
48	0.00873	0.00875	T
49	0.00376	0.00379	G
50	0.00443	0.00449	G
51	0.03001	0.03008	A
52	0.03778	0.03789	A
53	0.04681	0.0478	C
54	0.03883	0.03924	A
55	0.06849	0.06924	C
56	0.00821	0.00859	T
57	0.02462	0.03453	A
58	0.01128	0.01248	T
59	0.03209	0.0332	A
60	0.06092	0.06155	C
61	0.03278	0.0337	C
62	0.00731	0.00785	T
63	0.03279	0.03386	A
64	0.00861	0.00864	T
65	0.00935	0.00947	T
66	0.01121	0.03997	A
67	0.00824	0.00824	T
68	0.00716	0.00725	T
69	0.02702	0.02925	C
70	0.00401	0.00402	G
71	0.00291	0.00292	G
72	0.02186	0.0222	C
73	0.00478	0.0053	G
74	0.02284	0.02345	C
75	0.01896	0.01931	A
76	0.00362	0.00369	T
77	0.00156	0.00165	G
78	0.0234	0.0237	A
79	0.00241	0.00242	G
80	0.00926	0.00932	C
81	0.00125	0.00129	T
82	0.00245	0.00245	G
83	0.00178	0.00184	G
84	0.02557	0.03625	A
85	0.00465	0.0047	G
86	0.00576	0.00588	T
87	0.00822	0.00824	C
88	0.00568	0.00569	C
89	0.00354	0.00375	T
90	0.03676	0.03827	A
91	0.00156	0.00157	G
92	0.00302	0.00304	G
93	0.00667	0.00692	C
94	0.02315	0.02583	A
95	0.00711	0.00721	C
96	0.00802	0.00936	A
97	0.00341	0.00348	G
98	0.00297	0.003	C
99	0.00134	0.00141	T
100	0.00193	0.00195	C
101	0.00351	0.00406	T
102	0.01605	0.01631	A
103	0.05429	0.05452	A
104	0.00194	0.00212	G
105	0.02815	0.02817	C
106	0.00355	0.00358	C
107	0.00129	0.00274	T
108	0.02359	0.0236	C
109	0.03233	0.03278	C
110	0.00688	0.00688	T
111	0.01248	0.01254	T
112	0.00782	0.04826	A
113	0.01119	0.01119	T
114	0.01063	0.01071	T
115	0.07251	0.07668	C
116	0.00315	0.00366	G
117	0.03001	0.03102	A
118	0.00356	0.00361	G
119	0.01994	0.02001	C
120	0.03054	0.03068	C
121	0.00366	0.00429	G
122	0.02937	0.03074	A
123	0.00333	0.00334	G
124	0.00719	0.00735	C
125	0.00188	0.00197	T
126	0.00217	0.00218	G
127	0.00253	0.00259	G
128	0.00323	0.00324	G
129	0.00847	0.0085	C
130	0.00931	0.00944	C
131	0.03345	0.04583	A
132	0.00406	0.00413	G
133	0.03731	0.03734	C
134	0.03262	0.03274	C
135	0.02242	0.0308	A
136	0.00133	0.00133	G
137	0.00391	0.00393	G
138	0.02858	0.02898	C
139	0.04947	0.04958	A
140	0.03099	0.0311	A
141	0.04345	0.04352	C
142	0.03169	0.03178	C
143	0.0058	0.00584	T
144	0.00845	0.00849	T
145	0.03531	0.04498	C
146	0.00952	0.00956	T
147	0.03897	0.04025	A
148	0.00152	0.00153	G
149	0.0033	0.00332	G
150	0.00261	0.00269	T
151	0.01321	0.01322	A
152	0.01163	0.01169	A
153	0.01431	0.01454	C
154	0.00406	0.00441	G
155	0.04583	0.04653	A
156	0.04266	0.0427	C
157	0.04838	0.04873	C
158	0.02431	0.0316	A
159	0.05694	0.05806	C
160	0.02581	0.03073	A
161	0.01254	0.01328	T
162	0.05527	0.05563	C
163	0.01859	0.01911	T
164	0.0449	0.04651	A
165	0.0572	0.0583	C
166	0.03316	0.03316	A
167	0.04867	0.04952	A
168	0.01671	0.01701	C
169	0.00413	0.00425	G
170	0.00319	0.00321	T
171	0.00357	0.00365	T
172	0.00712	0.01786	A
173	0.00287	0.00341	T
174	0.01403	0.01427	C
175	0.00537	0.00557	G
176	0.00842	0.00957	T
177	0.04227	0.0425	C
178	0.04189	0.04619	A
179	0.03011	0.03186	C
180	0.02862	0.03271	A
181	0.00432	0.00471	G
182	0.01388	0.01391	C
183	0.01142	0.01144	C
184	0.01069	0.01076	C
185	0.00876	0.01379	A
186	0.00704	0.00718	T
187	0.00252	0.00278	G
188	0.01429	0.01455	C
189	0.03268	0.0332	A
190	0.00838	0.0084	T
191	0.00885	0.00893	T
192	0.00973	0.00975	T
193	0.00292	0.00357	G
194	0.01053	0.01109	T
195	0.03144	0.0323	A
196	0.02684	0.02707	A
197	0.01109	0.01132	T
198	0.03324	0.03348	A
199	0.02708	0.03384	A
200	0.01048	0.01144	T
201	0.06207	0.06484	C
202	0.01107	0.01108	T
203	0.01071	0.01092	T
204	0.02759	0.04575	C
205	0.01144	0.01144	T
206	0.01164	0.01211	T
207	0.04255	0.04543	C
208	0.04263	0.04375	A
209	0.01183	0.01228	T
210	0.04715	0.04845	A
211	0.0042	0.00534	G
212	0.01349	0.01429	T
213	0.05061	0.05088	A
214	0.03129	0.03359	A
215	0.01987	0.02297	T
216	0.04516	0.04736	A
217	0.06162	0.06557	C
218	0.03879	0.03908	C
219	0.02052	0.02059	C
220	0.02709	0.03483	A
221	0.011	0.01334	T
222	0.03192	0.03295	C
223	0.02874	0.03101	A
224	0.00705	0.00751	T
225	0.02876	0.0288	A
226	0.02387	0.02988	A
227	0.00295	0.00365	T
228	0.00715	0.00754	C
229	0.00407	0.00417	G
230	0.00191	0.00196	G
231	0.019	0.02653	A
232	0.00268	0.00268	G
233	0.00302	0.00304	G
234	0.01022	0.01056	C
235	0.00299	0.003	T
236	0.0069	0.00691	T
237	0.00562	0.00562	T
238	0.00202	0.00204	G
239	0.00302	0.00304	G
240	0.0436	0.04414	C
241	0.01988	0.01992	A
242	0.0138	0.01384	A
243	0.01271	0.01291	C
244	0.00364	0.00372	T
245	0.0042	0.00513	G
246	0.03814	0.03834	A
247	0.05325	0.05387	C
248	0.00984	0.00992	T
249	0.03541	0.03703	A
250	0.00483	0.0052	G
251	0.00597	0.00613	T
252	0.00498	0.0051	T
253	0.03744	0.03759	C
254	0.0269	0.02695	C
255	0.02293	0.02299	C
256	0.01201	0.01207	C
257	0.00661	0.00728	T
258	0.03455	0.03551	A
259	0.03569	0.03593	A
260	0.01052	0.01072	T
261	0.0344	0.03442	A
262	0.03381	0.0423	A
263	0.00602	0.00642	T
264	0.02542	0.02659	C
265	0.00283	0.00284	G
266	0.00304	0.00307	G
267	0.00524	0.00545	T
268	0.00435	0.00474	G
269	0.00745	0.00757	C
270	0.00278	0.00278	C
271	0.01441	0.01441	C
272	0.00569	0.00569	C
273	0.00552	0.00552	C
274	0.00309	0.00343	G
275	0.00837	0.00848	A
276	0.00219	0.00222	T
277	0.01837	0.01872	A
278	0.00538	0.0054	T
279	0.00185	0.00186	G
280	0.00223	0.00225	G
281	0.04661	0.04681	C
282	0.00396	0.00412	G
283	0.00296	0.00308	T
284	0.01045	0.01048	T
285	0.0127	0.0127	T
286	0.04931	0.04966	C
287	0.0574	0.05744	C
288	0.04496	0.04498	C
289	0.04435	0.04437	C
290	0.00407	0.0062	G
291	0.04193	0.04233	C
292	0.02901	0.03145	A
293	0.01021	0.01191	T
294	0.03582	0.03586	A
295	0.02917	0.02928	A
296	0.03372	0.03413	A
297	0.05098	0.05639	C
298	0.02995	0.02997	A
299	0.0298	0.03079	A
300	0.0491	0.05073	C
301	0.03866	0.04087	A
302	0.01076	0.01391	T
303	0.03845	0.03845	A
304	0.03761	0.03987	A
305	0.00446	0.00615	G
306	0.04707	0.04829	C
307	0.00971	0.00974	T
308	0.00997	0.01004	T
309	0.03277	0.03812	C
310	0.01286	0.01308	T
311	0.00343	0.00606	G
312	0.04018	0.04107	A
313	0.03713	0.03748	C
314	0.00907	0.00926	T
315	0.04511	0.04685	C
316	0.01022	0.01024	T
317	0.01188	0.01227	T
318	0.01842	0.04446	A
319	0.05006	0.05075	C
320	0.02956	0.03006	C
321	0.00792	0.01193	T
322	0.04169	0.04288	C
323	0.02999	0.03007	C
324	0.02925	0.03075	C
325	0.01047	0.01244	T
326	0.03777	0.03898	C
327	0.00687	0.00792	T
328	0.03219	0.03312	C
329	0.00638	0.00681	T
330	0.03841	0.03841	C
331	0.0207	0.02234	C
332	0.01015	0.01176	T
333	0.03782	0.04738	A
334	0.03187	0.03255	C
335	0.00715	0.00772	T
336	0.03031	0.03037	C
337	0.01737	0.01849	C
338	0.00868	0.01014	T
339	0.00346	0.00479	G
340	0.03464	0.03601	C
341	0.00899	0.01229	T
342	0.0492	0.05032	C
343	0.00814	0.01078	G
344	0.02225	0.02429	C
345	0.01806	0.01897	A
346	0.00693	0.00779	T
347	0.03367	0.03391	C
348	0.01638	0.0166	T
349	0.00228	0.00239	G
350	0.01637	0.01661	C
351	0.006	0.00606	T
352	0.02209	0.02242	A
353	0.00853	0.0086	T
354	0.03968	0.04103	A
355	0.0031	0.00338	G
356	0.00444	0.00456	T
357	0.0026	0.0026	G
358	0.00207	0.00213	G
359	0.01335	0.01672	A
360	0.00304	0.00304	G
361	0.00333	0.0034	G
362	0.04219	0.04243	C
363	0.0452	0.04526	C
364	0.00351	0.00353	G
365	0.0018	0.00184	G
366	0.00518	0.00624	A
367	0.0043	0.0046	G
368	0.10362	0.10423	C
369	0.01119	0.01155	A
370	0.0022	0.0022	G
371	0.00302	0.00305	G
372	0.01425	0.01426	A
373	0.0281	0.02814	A
374	0.05636	0.0571	C
375	0.03048	0.03073	A
376	0.0028	0.00284	G
377	0.00291	0.00291	G
378	0.00352	0.00352	T
379	0.00431	0.00434	T
380	0.00435	0.00457	G
381	0.03588	0.03606	A
382	0.03634	0.03637	A
383	0.07608	0.07653	C
384	0.04607	0.04687	A
385	0.00319	0.00331	G
386	0.00212	0.00219	T
387	0.00883	0.00897	C
388	0.00326	0.00458	T
389	0.01272	0.01407	A
390	0.01302	0.01306	C
391	0.03927	0.03947	C
392	0.02503	0.02527	C
393	0.00189	0.00336	T
394	0.00534	0.00534	C
395	0.00827	0.00828	C
396	0.01741	0.01757	C
397	0.00342	0.00345	T
398	0.0075	0.00752	T
399	0.03534	0.05757	A
400	0.00432	0.00495	G
401	0.05527	0.05655	C
402	0.02243	0.02284	A
403	0.00113	0.00113	G
404	0.00177	0.0018	G
405	0.00239	0.0024	G
406	0.01305	0.01313	A
407	0.0373	0.03734	A
408	0.05297	0.05414	C
409	0.00842	0.00878	T
410	0.06508	0.06918	A
411	0.02045	0.02099	C
412	0.00475	0.00519	T
413	0.0159	0.01591	C
414	0.01125	0.01125	C
415	0.04834	0.04868	C
416	0.02455	0.0394	A
417	0.05281	0.05281	C
418	0.0369	0.03691	C
419	0.03016	0.03187	C
420	0.0059	0.00663	T
421	0.00179	0.00181	G
422	0.0017	0.00179	G
423	0.01075	0.01464	A
424	0.00323	0.00326	G
425	0.06724	0.06756	C
426	0.01422	0.01425	C
427	0.00332	0.00465	T
428	0.03703	0.03705	C
429	0.04755	0.04761	C
430	0.00248	0.00291	G
431	0.0025	0.00276	T
432	0.01303	0.01372	A
433	0.00283	0.00291	G
434	0.01293	0.01317	A
435	0.0145	0.01456	C
436	0.00579	0.00595	C
437	0.00748	0.008	T
438	0.02332	0.02371	A
439	0.02282	0.02303	A
440	0.0344	0.03453	C
441	0.01711	0.01723	C
442	0.03114	0.04043	A
443	0.00817	0.00882	T
444	0.03254	0.03281	C
445	0.00758	0.00775	T
446	0.02484	0.02506	T
447	0.02378	0.03512	C
448	0.0089	0.00911	T
449	0.02911	0.02913	C
450	0.01757	0.01812	C
451	0.00809	0.00811	T
452	0.02834	0.02851	T
453	0.01414	0.04156	A
454	0.01644	0.01676	C
455	0.01017	0.01092	A
456	0.01445	0.01449	C
457	0.01746	0.01759	C
458	0.00375	0.0041	T
459	0.03667	0.03785	A
460	0.00365	0.00428	G
461	0.03441	0.03482	C
462	0.03056	0.03119	A
463	0.0016	0.0016	G
464	0.00267	0.00276	G
465	0.00108	0.00113	T
466	0.00341	0.00362	G
467	0.00389	0.00446	T
468	0.05097	0.05123	C
469	0.0083	0.00861	T
470	0.03982	0.03992	C
471	0.02457	0.02514	C
472	0.01121	0.01261	T
473	0.04242	0.0441	C
474	0.00915	0.00945	T
475	0.03284	0.03483	A
476	0.00996	0.01032	T
477	0.057	0.05751	C
478	0.01023	0.01023	T
479	0.01098	0.01118	T
480	0.01694	0.02374	A
481	0.00366	0.00369	G
482	0.00186	0.00188	G
483	0.00223	0.00224	G
484	0.0037	0.00374	G
485	0.05103	0.0512	C
486	0.02058	0.02069	C
487	0.02669	0.03186	A
488	0.01168	0.01222	T
489	0.05213	0.05259	C
490	0.02121	0.02142	A
491	0.03862	0.03934	A
492	0.0068	0.00688	T
493	0.01305	0.01315	T
494	0.01243	0.01265	T
495	0.04433	0.04829	C
496	0.03649	0.03751	A
497	0.01851	0.02045	T
498	0.09188	0.09557	C
499	0.03364	0.03462	A
500	0.05865	0.0668	C
501	0.02356	0.02368	A
502	0.03266	0.03309	A
503	0.05771	0.06123	C
504	0.02102	0.0211	A
505	0.02963	0.03026	A
506	0.01334	0.01381	T
507	0.01323	0.01346	T
508	0.01429	0.0386	A
509	0.01365	0.01462	T
510	0.05219	0.05383	C
511	0.03579	0.03896	A
512	0.02831	0.02985	A
513	0.00936	0.00998	T
514	0.03492	0.03688	A
515	0.01016	0.01147	T
516	0.02531	0.02534	A
517	0.02029	0.02031	A
518	0.04369	0.0437	A
519	0.04983	0.05015	A
520	0.03618	0.03808	C
521	0.02418	0.02425	C
522	0.02168	0.02172	C
523	0.02078	0.02079	C
524	0.0193	0.01933	C
525	0.01539	0.01692	T
526	0.0057	0.00597	G
527	0.05091	0.05095	C
528	0.03641	0.03654	C
529	0.01749	0.03729	A
530	0.0118	0.01602	T
531	0.03013	0.03031	A
532	0.02615	0.03252	A
533	0.06351	0.06428	C
534	0.06635	0.06661	C
535	0.03898	0.03909	C
536	0.01947	0.01998	A
537	0.03136	0.0321	A
538	0.00952	0.01163	T
539	0.04296	0.04351	A
540	0.05588	0.05636	C
541	0.03839	0.03861	C
542	0.0157	0.01585	A
543	0.03067	0.03106	A
544	0.03778	0.03951	A
545	0.09106	0.10389	C
546	0.00693	0.00861	G
547	0.04723	0.04728	C
548	0.02559	0.02564	C
549	0.03233	0.03239	C
550	0.03163	0.03184	C
551	0.009	0.01152	T
552	0.049	0.04992	C
553	0.01205	0.01214	T
554	0.01386	0.01578	T
555	0.04491	0.04772	C
556	0.01203	0.01379	G
557	0.01164	0.0123	T
558	0.04485	0.04507	C
559	0.01361	0.01402	T
560	0.00376	0.00681	G
561	0.03486	0.0362	A
562	0.01317	0.0133	T
563	0.05506	0.05544	C
564	0.04673	0.04722	C
565	0.00448	0.00943	G
566	0.01139	0.01175	T
567	0.05414	0.05421	C
568	0.0319	0.032	C
569	0.01135	0.01193	T
570	0.02908	0.03	A
571	0.03765	0.03796	A
572	0.01146	0.01278	T
573	0.05685	0.05729	C
574	0.03802	0.04095	A
575	0.02246	0.02333	C
576	0.01444	0.01579	A
577	0.00428	0.00458	G
578	0.01985	0.02049	C
579	0.01636	0.0191	A
580	0.00367	0.00383	G
581	0.00677	0.00725	T
582	0.0444	0.04451	C
583	0.02978	0.03011	C
584	0.00735	0.00801	T
585	0.03036	0.03159	A
586	0.05225	0.05312	C
587	0.00827	0.0084	T
588	0.00917	0.00941	T
589	0.03585	0.05446	C
590	0.01234	0.0126	T
591	0.08185	0.08186	C
592	0.03398	0.03753	C
593	0.01332	0.01476	T
594	0.03683	0.04223	A
595	0.01492	0.01553	T
596	0.05272	0.05387	C
597	0.01408	0.01691	T
598	0.05108	0.05325	C
599	0.01606	0.01718	T
600	0.07927	0.07957	C
601	0.04826	0.04828	C
602	0.02556	0.02593	C
603	0.01988	0.02864	A
604	0.00348	0.00362	G
605	0.00646	0.00666	T
606	0.03673	0.03676	C
607	0.03125	0.03135	C
608	0.00735	0.00787	T
609	0.0403	0.04147	A
610	0.00232	0.00242	G
611	0.01686	0.01722	C
612	0.00295	0.00296	T
613	0.00298	0.00318	G
614	0.0063	0.00658	C
615	0.00195	0.00203	T
616	0.00213	0.00215	G
617	0.003	0.00315	G
618	0.0683	0.06913	C
619	0.03703	0.03726	A
620	0.01215	0.01353	T
621	0.04234	0.04268	C
622	0.05139	0.0517	A
623	0.05832	0.05914	C
624	0.00841	0.00871	T
625	0.03694	0.03883	A
626	0.01124	0.01186	T
627	0.03902	0.03983	A
628	0.05357	0.05607	C
629	0.01108	0.01214	T
630	0.03633	0.03736	A
631	0.04949	0.05318	C
632	0.00982	0.01066	T
633	0.03941	0.0397	A
634	0.03552	0.03688	A
635	0.03916	0.04019	C
636	0.03402	0.03734	A
637	0.00867	0.0093	G
638	0.02401	0.02454	A
639	0.03755	0.03774	C
640	0.03052	0.03196	C
641	0.0092	0.02128	G
642	0.04801	0.06215	C
643	0.02833	0.03113	A
644	0.03694	0.03713	A
645	0.05905	0.05919	C
646	0.02967	0.03041	C
647	0.01007	0.01213	T
648	0.04767	0.04851	C
649	0.0306	0.03307	A
650	0.0344	0.0347	A
651	0.04612	0.05025	C
652	0.03137	0.03251	A
653	0.04866	0.04874	C
654	0.03646	0.03757	C
655	0.03394	0.04348	A
656	0.00799	0.00799	C
657	0.00554	0.00561	C
658	0.00122	0.00129	T
659	0.00132	0.00134	T
660	0.00334	0.00543	C
661	0.00127	0.00129	T
662	0.00152	0.00158	T
663	0.00586	0.00624	C
664	0.00339	0.00401	G
665	0.03395	0.03465	A
666	0.01556	0.01563	C
667	0.02814	0.02835	C
668	0.02738	0.02745	C
669	0.03593	0.0361	C
670	0.00369	0.00476	G
671	0.02802	0.02802	C
672	0.00422	0.00423	C
673	0.00307	0.00307	G
674	0.00185	0.00188	G
675	0.00486	0.00558	A
676	0.00326	0.00326	G
677	0.00185	0.00186	G
678	0.00674	0.00805	A
679	0.00334	0.00335	G
680	0.00342	0.00353	G
681	0.03306	0.05659	A
682	0.00603	0.0073	G
683	0.04198	0.04407	A
684	0.05687	0.05773	C
685	0.03679	0.03685	C
686	0.03523	0.03524	C
687	0.02809	0.02812	C
688	0.02576	0.02973	A
689	0.00957	0.00962	T
690	0.01217	0.01229	T
691	0.03518	0.04178	C
692	0.00854	0.00884	T
693	0.02487	0.03336	A
694	0.01085	0.01227	T
695	0.03236	0.03312	A
696	0.05875	0.05938	C
697	0.03763	0.03797	C
698	0.03449	0.03504	A
699	0.03318	0.03373	A
700	0.05357	0.06012	C
701	0.03265	0.0345	A
702	0.06091	0.0612	C
703	0.01968	0.02023	C
704	0.00704	0.00764	T
705	0.03964	0.04172	A
706	0.00753	0.00756	T
707	0.00736	0.00743	T
708	0.03223	0.04011	C
709	0.0179	0.01796	T
710	0.00846	0.00931	G
711	0.03859	0.04143	A
712	0.00185	0.0019	T
713	0.00251	0.00253	T
714	0.0023	0.00231	T
715	0.00686	0.00687	T
716	0.00718	0.00719	T
717	0.02318	0.02679	C
718	0.00602	0.00604	G
719	0.00398	0.00406	G
720	0.0115	0.01938	T
721	0.03438	0.0351	C
722	0.04203	0.04285	A
723	0.06557	0.06566	C
724	0.02385	0.02387	C
725	0.01409	0.01428	C
726	0.0056	0.00706	T
727	0.00302	0.00338	G
728	0.01327	0.01342	A
729	0.01801	0.01808	A
730	0.00279	0.00294	G
731	0.00504	0.0051	T
732	0.00625	0.00627	T
733	0.00919	0.00924	T
734	0.0187	0.02412	A
735	0.00948	0.00999	T
736	0.02976	0.03614	A
737	0.01311	0.01312	T
738	0.01097	0.01123	T
739	0.04191	0.05336	C
740	0.01874	0.01874	T
741	0.01709	0.01734	T
742	0.00516	0.03032	A
743	0.01368	0.01397	T
744	0.0546	0.0555	C
745	0.02423	0.02475	C
746	0.01011	0.01127	T
747	0.03101	0.03237	A
748	0.04552	0.04557	C
749	0.0393	0.03951	C
750	0.02189	0.03097	A
751	0.00159	0.00165	G
752	0.00272	0.00273	G
753	0.03025	0.03085	C
754	0.00407	0.00411	T
755	0.00435	0.00435	T
756	0.01814	0.0191	C
757	0.00264	0.00265	G
758	0.00228	0.0023	G
759	0.02138	0.02147	A
760	0.02915	0.0292	A
761	0.01004	0.01025	T
762	0.02979	0.02985	A
763	0.02767	0.03128	A
764	0.00828	0.00951	T
765	0.04056	0.04308	C
766	0.01141	0.01216	T
767	0.05129	0.05156	C
768	0.04904	0.04907	C
769	0.04414	0.04481	C
770	0.02324	0.03132	A
771	0.0104	0.01077	T
772	0.02809	0.02869	A
773	0.01053	0.01054	T
774	0.01123	0.01134	T
775	0.00329	0.00413	G
776	0.02085	0.02515	T
777	0.03392	0.03436	A
778	0.02964	0.02986	A
779	0.04876	0.04995	C
780	0.00982	0.00995	T
781	0.01077	0.01101	T
782	0.0176	0.03886	A
783	0.04912	0.0501	C
784	0.00832	0.00911	T
785	0.0345	0.0398	A
786	0.03913	0.04063	C
787	0.00609	0.00626	T
788	0.02454	0.02456	C
789	0.02177	0.02188	C
790	0.00235	0.0024	G
791	0.00546	0.0057	G
792	0.00076	0.00094	A
793	0.00068	0.00074	A
794	0.00211	0.00217	A
795	0.01651	0.01652	A
796	0.01656	0.01657	A
797	0.02549	0.02556	A
798	0.01713	0.01713	A
799	0.00454	0.00496	G
800	0.01622	0.01623	A
801	0.03885	0.03912	A
802	0.02427	0.0244	C
803	0.01369	0.01373	C
804	0.01895	0.02022	A
805	0.0037	0.00374	T
806	0.00453	0.00453	T
807	0.00471	0.00471	T
808	0.00189	0.0019	G
809	0.00273	0.00275	G
810	0.00527	0.01879	A
811	0.00374	0.00383	T
812	0.01024	0.01034	A
813	0.01982	0.01998	C
814	0.01228	0.01265	A
815	0.00256	0.00266	T
816	0.00939	0.0095	A
817	0.00164	0.0017	G
818	0.00253	0.00253	G
819	0.00424	0.0043	T
820	0.03657	0.03686	A
821	0.00818	0.00823	T
822	0.00263	0.00265	G
823	0.00177	0.00179	G
824	0.00398	0.00409	T
825	0.01694	0.01712	C
826	0.00454	0.00486	T
827	0.00333	0.00417	G
828	0.0514	0.05162	A
829	0.00369	0.0037	G
830	0.00976	0.00991	C
831	0.00176	0.0018	T
832	0.01005	0.01031	A
833	0.00313	0.00319	T
834	0.00182	0.00216	G
835	0.03592	0.03642	A
836	0.00401	0.00409	T
837	0.01782	0.01803	A
838	0.00413	0.00442	T
839	0.01894	0.01952	C
840	0.01665	0.01668	A
841	0.01744	0.01798	A
842	0.00358	0.0036	T
843	0.0039	0.00394	T
844	0.00191	0.00193	G
845	0.00222	0.00224	G
846	0.03356	0.03453	C
847	0.00273	0.00274	T
848	0.00278	0.00281	T
849	0.01875	0.01882	C
850	0.01525	0.01534	C
851	0.00515	0.00543	T
852	0.04991	0.05205	A
853	0.0017	0.00172	G
854	0.00203	0.00205	G
855	0.00343	0.00347	G
856	0.00443	0.00447	T
857	0.0064	0.00643	T
858	0.00792	0.00795	T
859	0.02457	0.02785	A
860	0.00456	0.00466	T
861	0.02938	0.0296	C
862	0.0036	0.00368	G
863	0.00283	0.0031	T
864	0.0049	0.00511	G
865	0.01356	0.0151	T
866	0.00293	0.00319	G
867	0.03598	0.03758	A
868	0.00561	0.00638	G
869	0.03375	0.03553	C
870	0.03084	0.03917	A
871	0.03227	0.03343	C
872	0.02957	0.03115	A
873	0.03931	0.03935	C
874	0.03579	0.03641	C
875	0.02055	0.02746	A
876	0.00946	0.00981	T
877	0.02468	0.02547	A
878	0.00853	0.00867	T
879	0.01752	0.01806	A
880	0.00807	0.00808	T
881	0.01025	0.01026	T
882	0.00976	0.00984	T
883	0.02518	0.03166	A
884	0.0497	0.04984	C
885	0.04033	0.04062	A
886	0.0047	0.00498	G
887	0.00777	0.00818	T
888	0.03125	0.0319	A
889	0.00287	0.0029	G
890	0.00328	0.00332	G
891	0.02323	0.02333	A
892	0.03095	0.03121	A
893	0.00689	0.00727	T
894	0.03098	0.03177	A
895	0.00307	0.0033	G
896	0.0285	0.02879	A
897	0.04965	0.05008	C
898	0.00405	0.00418	G
899	0.00432	0.00528	T
900	0.03895	0.03988	A
901	0.00416	0.00436	G
902	0.04486	0.04591	A
903	0.02674	0.02766	C
904	0.02121	0.02212	A
905	0.02624	0.02771	C
906	0.01869	0.01964	A
907	0.03101	0.03205	C
908	0.00426	0.0047	G
909	0.023	0.02349	A
910	0.00489	0.00582	G
911	0.05289	0.05351	C
912	0.03482	0.03534	A
913	0.01019	0.01045	T
914	0.03272	0.03362	A
915	0.00708	0.00708	T
916	0.01028	0.01029	T
917	0.0116	0.01166	T
918	0.04237	0.04467	C
919	0.03337	0.03381	A
920	0.06379	0.06403	C
921	0.03869	0.03911	C
922	0.00672	0.00863	T
923	0.04309	0.04311	C
924	0.05582	0.05653	C
925	0.00416	0.00685	G
926	0.0351	0.04056	C
927	0.00904	0.00992	T
928	0.03533	0.03594	A
929	0.05556	0.0556	C
930	0.04144	0.04187	C
931	0.01845	0.03463	A
932	0.01181	0.01287	T
933	0.03357	0.0336	A
934	0.03332	0.04014	A
935	0.00917	0.01106	T
936	0.03875	0.03989	C
937	0.03269	0.0349	A
938	0.01049	0.01122	T
939	0.04428	0.04538	C
940	0.00789	0.00815	G
941	0.02478	0.02538	C
942	0.00506	0.0055	T
943	0.03154	0.03431	A
944	0.00939	0.00983	T
945	0.02621	0.02671	C
946	0.0176	0.01778	C
947	0.03146	0.03151	C
948	0.03226	0.03233	C
949	0.02674	0.03181	A
950	0.05346	0.05346	C
951	0.02954	0.02973	C
952	0.00273	0.0028	G
953	0.00208	0.00209	G
954	0.01197	0.01208	C
955	0.00419	0.00425	G
956	0.00358	0.0041	T
957	0.02673	0.02801	C
958	0.03413	0.03418	A
959	0.03531	0.03535	A
960	0.02661	0.02665	A
961	0.00432	0.00466	G
962	0.00612	0.00669	T
963	0.03066	0.0312	A
964	0.01035	0.01037	T
965	0.01332	0.01333	T
966	0.01772	0.01783	T
967	0.03793	0.04656	A
968	0.00305	0.00312	G
969	0.02106	0.02142	C
970	0.00386	0.00393	T
971	0.00252	0.00315	G
972	0.04491	0.04615	A
973	0.03733	0.03774	C
974	0.00648	0.00684	T
975	0.02303	0.02373	C
976	0.00417	0.0046	G
977	0.00831	0.00833	C
978	0.00824	0.00839	C
979	0.01737	0.04719	A
980	0.05395	0.05614	C
981	0.03048	0.03698	A
982	0.04516	0.04719	C
983	0.00771	0.00823	T
984	0.03775	0.03775	C
985	0.03347	0.03373	C
986	0.02646	0.03415	A
987	0.06606	0.06677	C
988	0.00317	0.00343	G
989	0.00285	0.00291	G
990	0.01289	0.01301	A
991	0.01884	0.01887	A
992	0.00388	0.00461	G
993	0.02339	0.02429	C
994	0.03218	0.03224	A
995	0.02779	0.02793	A
996	0.00816	0.00841	T
997	0.03428	0.03449	A
998	0.00755	0.00769	T
999	0.00302	0.00373	G
1000	0.01878	0.01883	A
1001	0.03954	0.04	A
1002	0.02969	0.03032	A
1003	0.00745	0.00811	T
1004	0.00377	0.00554	G
1005	0.03114	0.03193	A
1006	0.0065	0.00676	T
1007	0.04384	0.0443	C
1008	0.00394	0.00409	T
1009	0.00313	0.00364	G
1010	0.01163	0.01206	C
1011	0.00256	0.00269	T
1012	0.00232	0.00254	G
1013	0.01707	0.01748	C
1014	0.01388	0.01514	A
1015	0.00322	0.00329	G
1016	0.00203	0.00217	T
1017	0.00317	0.00328	G
1018	0.00905	0.0092	C
1019	0.00337	0.00345	T
1020	0.02983	0.02998	C
1021	0.00645	0.00669	T
1022	0.00252	0.00394	G
1023	0.03371	0.03518	A
1024	0.00493	0.00519	G
1025	0.01539	0.01547	C
1026	0.01305	0.01307	C
1027	0.01722	0.01725	C
1028	0.00558	0.00584	T
1029	0.02126	0.02163	A
1030	0.00145	0.00146	G
1031	0.00183	0.00187	G
1032	0.02633	0.03199	A
1033	0.00691	0.00695	T
1034	0.00916	0.00927	T
1035	0.02726	0.02871	C
1036	0.0212	0.02262	A
1037	0.00705	0.00758	T
1038	0.03212	0.03308	C
1039	0.00444	0.00455	T
1040	0.01653	0.01655	T
1041	0.01934	0.02035	T
1042	0.03018	0.04077	C
1043	0.0063	0.0063	T
1044	0.009	0.009	T
1045	0.01572	0.01572	T
1046	0.01517	0.01525	T
1047	0.03838	0.05395	C
1048	0.0349	0.03534	A
1049	0.04313	0.04314	C
1050	0.01581	0.01587	C
1051	0.00421	0.0064	G
1052	0.00881	0.00982	T
1053	0.02275	0.02295	A
1054	0.00239	0.00241	G
1055	0.00346	0.00353	G
1056	0.00551	0.00572	T
1057	0.00277	0.00277	G
1058	0.00165	0.0017	G
1059	0.00559	0.00562	C
1060	0.00466	0.00474	C
1061	0.0029	0.00336	T
1062	0.00238	0.00276	G
1063	0.04816	0.04847	A
1064	0.04849	0.04886	C
1065	0.00654	0.00663	T
1066	0.00268	0.00269	G
1067	0.00294	0.00295	G
1068	0.00463	0.00469	C
1069	0.01234	0.01253	A
1070	0.00353	0.00354	T
1071	0.0033	0.0033	T
1072	0.00334	0.0036	G
1073	0.00352	0.00371	T
1074	0.02837	0.02938	A
1075	0.01135	0.01135	T
1076	0.01446	0.01463	T
1077	0.01762	0.02563	A
1078	0.00563	0.0062	G
1079	0.01645	0.01814	C
1080	0.01911	0.01916	A
1081	0.02941	0.02954	A
1082	0.03436	0.03452	A
1083	0.05153	0.05617	C
1084	0.00849	0.01008	T
1085	0.03357	0.03404	C
1086	0.02467	0.02879	A
1087	0.01009	0.01218	T
1088	0.0433	0.0444	C
1089	0.03937	0.04008	A
1090	0.05582	0.05853	C
1091	0.00921	0.00958	T
1092	0.04432	0.04648	A
1093	0.00379	0.00405	G
1094	0.02738	0.02772	A
1095	0.02181	0.02248	C
1096	0.0208	0.0212	A
1097	0.00436	0.00469	T
1098	0.01622	0.01631	C
1099	0.00534	0.00548	G
1100	0.00301	0.00319	T
1101	0.0269	0.02774	A
1102	0.03	0.03033	C
1103	0.00327	0.0037	T
1104	0.01424	0.01523	A
1105	0.01421	0.01458	C
1106	0.03218	0.03351	A
1107	0.05084	0.05154	C
1108	0.00506	0.00576	G
1109	0.04249	0.04334	A
1110	0.05979	0.06078	C
1111	0.03062	0.03105	A
1112	0.05489	0.05562	C
1113	0.00356	0.00372	G
1114	0.00417	0.0044	T
1115	0.01978	0.01994	A
1116	0.03505	0.03532	C
1117	0.00358	0.00371	T
1118	0.01305	0.01321	A
1119	0.01475	0.0149	C
1120	0.00297	0.00318	G
1121	0.00339	0.00342	T
1122	0.00334	0.00338	T
1123	0.00347	0.00378	G
1124	0.00321	0.0037	T
1125	0.02976	0.03052	A
1126	0.00509	0.00518	G
1127	0.04582	0.04617	C
1128	0.95208	0.95229	C
1129	0.03871	0.03918	C
1130	0.02961	0.03124	A
1131	0.04139	0.04257	C
1132	0.00811	0.00878	T
1133	0.00818	0.00824	T
1134	0.05181	0.05187	C
1135	0.03606	0.03635	C
1136	0.02524	0.04872	A
1137	0.04496	0.04542	C
1138	0.00812	0.00843	T
1139	0.03528	0.03704	A
1140	0.01146	0.01188	T
1141	0.00361	0.00439	G
1142	0.01366	0.01396	T
1143	0.04413	0.04429	C
1144	0.03068	0.03103	C
1145	0.01208	0.01293	T
1146	0.03527	0.03588	A
1147	0.01322	0.01421	T
1148	0.04011	0.04046	C
1149	0.03463	0.035	A
1150	0.05591	0.05747	A
1151	0.00363	0.00387	T
1152	0.01081	0.01129	A
1153	0.00167	0.00173	G
1154	0.00155	0.00157	G
1155	0.01824	0.02403	A
1156	0.00371	0.00375	G
1157	0.03696	0.03755	C
1158	0.00278	0.00285	T
1159	0.00384	0.00397	G
1160	0.00286	0.00298	T
1161	0.01493	0.01525	A
1162	0.00883	0.00883	T
1163	0.01113	0.01114	T
1164	0.00899	0.00902	T
1165	0.00254	0.00311	G
1166	0.00795	0.00796	C
1167	0.00288	0.0029	C
1168	0.03103	0.03858	A
1169	0.0059	0.00636	T
1170	0.04519	0.04537	C
1171	0.01278	0.01376	A
1172	0.00199	0.00211	T
1173	0.01045	0.01123	A
1174	0.00213	0.00222	G
1175	0.00206	0.00218	G
1176	0.0267	0.03711	A
1177	0.00216	0.00217	G
1178	0.00179	0.00185	G
1179	0.08413	0.09118	C
1180	0.00401	0.00412	T
1181	0.00395	0.00423	T
1182	0.01405	0.01463	C
1183	0.0196	0.02011	A
1184	0.00869	0.00884	T
1185	0.02239	0.02288	T
1186	0.07885	0.08377	C
1187	0.03888	0.03927	A
1188	0.06552	0.06629	C
1189	0.00892	0.00907	T
1190	0.00608	0.00787	G
1191	0.01746	0.01773	A
1192	0.00262	0.00262	T
1193	0.00566	0.00572	T
1194	0.00624	0.00627	T
1195	0.00991	0.01004	C
1196	0.01281	0.01282	C
1197	0.0111	0.01111	C
1198	0.00466	0.00466	C
1199	0.00158	0.00177	T
1200	0.00947	0.01021	A
1201	0.00258	0.00261	T
1202	0.00717	0.00725	T
1203	0.04329	0.04995	C
1204	0.01281	0.01838	T
1205	0.04935	0.05141	C
1206	0.04307	0.04529	A
1207	0.00145	0.00146	G
1208	0.0032	0.00324	G
1209	0.00804	0.00849	C
1210	0.00328	0.00367	T
1211	0.01667	0.01937	A
1212	0.01638	0.01682	C
1213	0.01359	0.01513	A
1214	0.02442	0.02448	C
1215	0.01446	0.01448	C
1216	0.0113	0.01144	C
1217	0.00324	0.00403	T
1218	0.01989	0.02339	A
1219	0.005	0.00543	G
1220	0.0466	0.04742	A
1221	0.05934	0.05946	C
1222	0.01653	0.01694	C
1223	0.01891	0.01951	A
1224	0.03174	0.03265	A
1225	0.03336	0.03345	A
1226	0.06547	0.06603	C
1227	0.04162	0.0425	C
1228	0.00351	0.00396	T
1229	0.00558	0.00724	A
1230	0.00732	0.00748	C
1231	0.00328	0.00357	G
1232	0.00585	0.00585	C
1233	0.00583	0.00585	C
1234	0.01921	0.01936	A
1235	0.01626	0.01634	A
1236	0.02977	0.03	A
1237	0.03083	0.03118	A
1238	0.00834	0.01158	T
1239	0.05224	0.05235	C
1240	0.02943	0.02968	C
1241	0.02842	0.03745	A
1242	0.00941	0.00966	T
1243	0.0164	0.01657	T
1244	0.04146	0.04157	T
1245	0.06092	0.06546	C
1246	0.03188	0.03256	A
1247	0.04633	0.04743	C
1248	0.01963	0.02031	T
1249	0.03404	0.0351	A
1250	0.01839	0.02115	T
1251	0.05747	0.05966	C
1252	0.03472	0.03878	A
1253	0.01259	0.01394	T
1254	0.03486	0.03903	A
1255	0.00915	0.0092	T
1256	0.00914	0.00941	T
1257	0.04743	0.05008	C
1258	0.04047	0.04124	A
1259	0.00874	0.00906	T
1260	0.04762	0.04886	C
1261	0.00248	0.00253	G
1262	0.00216	0.0022	G
1263	0.00621	0.00625	C
1264	0.00454	0.00466	G
1265	0.00161	0.00195	T
1266	0.0052	0.00525	A
1267	0.02707	0.0272	A
1268	0.03796	0.03812	A
1269	0.00487	0.0057	T
1270	0.04861	0.04894	C
1271	0.01491	0.01508	T
1272	0.04441	0.04462	A
1273	0.10195	0.10246	A
1274	0.02115	0.02257	C
1275	0.00171	0.00173	T
1276	0.00762	0.00808	T
1277	0.00383	0.00385	T
1278	0.04301	0.04843	C
1279	0.00641	0.00642	T
1280	0.01791	0.01838	T
1281	0.04944	0.04955	C
1282	0.04328	0.04353	C
1283	0.03867	0.03919	C
1284	0.0191	0.03142	A
1285	0.05431	0.05832	C
1286	0.02983	0.0304	A
1287	0.03524	0.03617	A
1288	0.05938	0.06463	C
1289	0.04204	0.04281	A
1290	0.07097	0.07375	C
1291	0.00365	0.00386	T
1292	0.01163	0.01167	T
1293	0.01404	0.01405	T
1294	0.02783	0.0296	C
1295	0.01093	0.01227	T
1296	0.03381	0.0352	C
1297	0.00598	0.00621	G
1298	0.00331	0.00333	G
1299	0.04259	0.0426	C
1300	0.01524	0.01599	C
1301	0.00669	0.00723	T
1302	0.04788	0.04944	A
1303	0.00639	0.00653	T
1304	0.02376	0.0239	C
1305	0.01868	0.01871	C
1306	0.00216	0.00217	G
1307	0.00279	0.00282	G
1308	0.02293	0.02311	A
1309	0.02819	0.02848	A
1310	0.01027	0.01143	T
1311	0.00511	0.00557	G
1312	0.03812	0.03824	C
1313	0.016	0.01601	C
1314	0.02431	0.02433	C
1315	0.02616	0.02617	C
1316	0.00393	0.00507	G
1317	0.0281	0.02822	A
1318	0.05904	0.05921	C
1319	0.00555	0.00578	G
1320	0.00862	0.00891	T
1321	0.00957	0.00965	T
1322	0.02177	0.03716	A
1323	0.05057	0.05075	C
1324	0.00556	0.00575	T
1325	0.01346	0.01375	C
1326	0.00223	0.00226	G
1327	0.00192	0.00194	G
1328	0.04483	0.05994	A
1329	0.03509	0.03581	C
1330	0.00645	0.00772	T
1331	0.04432	0.0463	A
1332	0.0691	0.06918	C
1333	0.03718	0.03803	C
1334	0.01158	0.0116	C
1335	0.0118	0.01181	C
1336	0.00409	0.00485	G
1337	0.02273	0.0234	A
1338	0.01063	0.0108	T
1339	0.0035	0.00403	G
1340	0.0522	0.05392	C
1341	0.03699	0.03812	A
1342	0.01149	0.0124	T
1343	0.03721	0.0387	A
1344	0.06455	0.06609	C
1345	0.03606	0.03685	A
1346	0.0634	0.06407	C
1347	0.03828	0.04018	C
1348	0.02594	0.03173	A
1349	0.05341	0.05526	C
1350	0.03137	0.03541	A
1351	0.01062	0.0113	T
1352	0.00382	0.005	G
1353	0.03796	0.03812	A
1354	0.03504	0.03544	A
1355	0.03993	0.04025	A
1356	0.04843	0.05333	C
1357	0.03613	0.03675	A
1358	0.00922	0.00981	T
1359	0.0324	0.03252	C
1360	0.02118	0.02161	C
1361	0.00625	0.00675	T
1362	0.02482	0.02566	A
1363	0.00981	0.01147	T
1364	0.04063	0.04218	C
1365	0.03277	0.03454	A
1366	0.00985	0.01023	T
1367	0.04294	0.04368	C
1368	0.01178	0.01197	T
1369	0.00383	0.00479	G
1370	0.00662	0.0083	T
1371	0.01951	0.02113	A
1372	0.00215	0.00219	G
1373	0.00266	0.00276	G
1374	0.05371	0.05536	C
1375	0.00678	0.00784	T
1376	0.04348	0.04395	C
1377	0.02955	0.03458	A
1378	0.00979	0.00991	T
1379	0.00967	0.00984	T
1380	0.03285	0.035	C
1381	0.02808	0.02959	A
1382	0.00552	0.00563	T
1383	0.01008	0.01021	T
1384	0.01006	0.01026	T
1385	0.03238	0.03517	C
1386	0.01167	0.0118	T
1387	0.04361	0.04444	C
1388	0.01225	0.01265	T
1389	0.0406	0.04119	A
1390	0.03285	0.03328	A
1391	0.0557	0.05855	C
1392	0.04153	0.04255	A
1393	0.00503	0.00625	G
1394	0.04596	0.04638	C
1395	0.03693	0.03771	A
1396	0.0039	0.0044	G
1397	0.01157	0.0127	T
1398	0.02351	0.0236	A
1399	0.02332	0.02375	A
1400	0.00851	0.0088	T
1401	0.02526	0.0257	A
1402	0.01095	0.01102	T
1403	0.01187	0.01251	T
1404	0.01809	0.0185	A
1405	0.02829	0.02956	A
1406	0.01874	0.02068	T
1407	0.0236	0.02363	A
1408	0.02068	0.03938	A
1409	0.00618	0.0062	T
1410	0.00527	0.00553	T
1411	0.009	0.00907	T
1412	0.0101	0.01014	T
1413	0.03594	0.04815	C
1414	0.03667	0.03698	A
1415	0.01107	0.0113	T
1416	0.00251	0.00292	G
1417	0.03615	0.03642	A
1418	0.00614	0.00616	T
1419	0.01023	0.01042	T
1420	0.00821	0.00824	T
1421	0.00228	0.00337	G
1422	0.0408	0.04131	A
1423	0.00407	0.00442	G
1424	0.02693	0.02695	A
1425	0.02443	0.02682	A
1426	0.00445	0.00503	G
1427	0.02871	0.0292	C
1428	0.02783	0.02784	C
1429	0.0034	0.00342	T
1430	0.00435	0.00439	T
1431	0.01711	0.01917	C
1432	0.0053	0.00563	G
1433	0.00671	0.00692	C
1434	0.00175	0.00177	T
1435	0.00552	0.00553	T
1436	0.02647	0.02876	C
1437	0.0043	0.00472	G
1438	0.02621	0.02631	A
1439	0.02662	0.02672	A
1440	0.00306	0.00337	G
1441	0.02517	0.02574	C
1442	0.00575	0.00595	G
1443	0.01925	0.01962	A
1444	0.01952	0.01956	A
1445	0.027	0.02703	A
1446	0.04086	0.04088	A
1447	0.00374	0.0043	G
1448	0.003	0.00303	T
1449	0.01044	0.01045	C
1450	0.00837	0.00838	C
1451	0.00302	0.00316	T
1452	0.05014	0.05064	A
1453	0.01637	0.01641	A
1454	0.00353	0.00361	T
1455	0.01513	0.01549	A
1456	0.00278	0.003	G
1457	0.00403	0.00422	T
1458	0.04474	0.04521	A
1459	0.0053	0.00545	G
1460	0.04041	0.04044	A
1461	0.04294	0.04445	A
1462	0.00513	0.00838	G
1463	0.04015	0.04016	A
1464	0.04754	0.05021	A
1465	0.05489	0.0556	C
1466	0.01765	0.01768	C
1467	0.00165	0.00168	C
1468	0.00088	0.00102	T
1469	0.00245	0.00245	C
1470	0.00194	0.00197	C
1471	0.00861	0.01529	A
1472	0.00832	0.00982	T
1473	0.02257	0.02265	A
1474	0.01999	0.02014	A
1475	0.03581	0.03875	A
1476	0.07217	0.07306	C
1477	0.05042	0.05105	C
1478	0.00256	0.0028	T
1479	0.0017	0.00171	G
1480	0.00117	0.00118	G
1481	0.00673	0.00808	A
1482	0.00223	0.00226	G
1483	0.00426	0.00512	T
1484	0.00313	0.00323	G
1485	0.02429	0.0248	A
1486	0.01374	0.01382	C
1487	0.00245	0.00248	T
1488	0.01166	0.01305	A
1489	0.00298	0.00305	T
1490	0.03916	0.04066	A
1491	0.00589	0.00595	T
1492	0.00202	0.00207	G
1493	0.00255	0.00258	G
1494	0.0113	0.01856	A
1495	0.0199	0.02051	T
1496	0.01126	0.01226	G
1497	0.03735	0.03809	C
1498	0.01974	0.01991	C
1499	0.03363	0.03372	C
1500	0.0377	0.03772	C
1501	0.04248	0.04252	C
1502	0.03883	0.0394	C
1503	0.03	0.04089	A
1504	0.06154	0.06157	C
1505	0.03884	0.03884	C
1506	0.0274	0.02818	C
1507	0.0183	0.02063	T
1508	0.03562	0.03705	A
1509	0.06416	0.06426	C
1510	0.0374	0.03775	C
1511	0.01005	0.03886	A
1512	0.0489	0.05121	C
1513	0.02255	0.02402	A
1514	0.04902	0.05166	C
1515	0.04367	0.04418	A
1516	0.00861	0.00887	T
1517	0.00873	0.00877	T
1518	0.0343	0.03677	C
1519	0.00689	0.00725	G
1520	0.02973	0.02987	A
1521	0.03481	0.03519	A
1522	0.00791	0.01066	G
1523	0.03483	0.03484	A
1524	0.0349	0.03631	A
1525	0.07281	0.0739	C
1526	0.03172	0.03176	C
1527	0.04254	0.04255	C
1528	0.00552	0.0067	G
1529	0.00877	0.01031	T
1530	0.04131	0.04191	A
1531	0.01079	0.01194	T
1532	0.0234	0.02371	A
1533	0.06342	0.06501	C
1534	0.03132	0.03169	A
1535	0.01198	0.01333	T
1536	0.02981	0.02981	A
1537	0.01378	0.01378	A
1538	0.02554	0.02554	A
1539	0.02664	0.02664	A
1540	0.01052	0.01311	T
1541	0.03221	0.03234	C
1542	0.01043	0.01043	T
1543	0.00076	0.00076	A
1544	0.0	0.0	G
1545	0.0	0.0	A
