Position	Mismatches	Mismatches + Deletions	Base
1	0.0	0.0	A
2	0.0	0.0	T
3	0.0	0.0	A
4	0.02299	0.02299	A
5	0.04241	0.04404	C
6	0.02738	0.02738	C
7	0.01147	0.01715	A
8	0.00825	0.00841	T
9	0.00325	0.00418	G
10	0.04581	0.04726	C
11	0.03607	0.03727	A
12	0.03669	0.03711	C
13	0.02569	0.02618	A
14	0.03824	0.03903	C
15	0.00741	0.00755	T
16	0.02433	0.02475	A
17	0.05249	0.0533	C
18	0.00818	0.0084	T
19	0.02349	0.02626	A
20	0.00957	0.01137	T
21	0.02817	0.02821	A
22	0.03229	0.03408	A
23	0.04956	0.05018	C
24	0.02555	0.0258	C
25	0.02614	0.05261	A
26	0.05401	0.05403	C
27	0.04236	0.04237	C
28	0.01639	0.01683	C
29	0.01386	0.01627	T
30	0.01865	0.01946	A
31	0.03283	0.0334	A
32	0.06733	0.0674	C
33	0.05067	0.05091	C
34	0.03212	0.03297	C
35	0.01258	0.01337	T
36	0.98642	0.98932	G
37	0.02954	0.03	A
38	0.05497	0.056	C
39	0.01021	0.01051	T
40	0.01127	0.01138	T
41	0.04162	0.04163	C
42	0.05419	0.05434	C
43	0.04446	0.04453	C
44	0.01605	0.01718	T
45	0.03225	0.03328	A
46	0.04326	0.04442	A
47	0.00999	0.01036	T
48	0.00753	0.00824	T
49	0.02147	0.02177	C
50	0.04064	0.041	C
51	0.03685	0.03695	C
52	0.06196	0.06217	C
53	0.04959	0.04963	C
54	0.02929	0.02933	C
55	0.02563	0.03481	A
56	0.01519	0.01586	T
57	0.04893	0.049	C
58	0.02826	0.02831	C
59	0.01075	0.01089	T
60	0.0134	0.01398	T
61	0.01921	0.04123	A
62	0.07047	0.07078	C
63	0.04501	0.04628	C
64	0.02166	0.03501	A
65	0.06673	0.06682	C
66	0.04698	0.04701	C
67	0.03376	0.03507	C
68	0.00798	0.00926	T
69	0.05365	0.05383	C
70	0.0041	0.00475	G
71	0.01116	0.01153	T
72	0.01946	0.02013	T
73	0.03247	0.0332	A
74	0.02652	0.02665	A
75	0.08527	0.08542	C
76	0.04505	0.04529	C
77	0.02513	0.02561	C
78	0.01178	0.01499	T
79	0.02687	0.03008	A
80	0.02263	0.02288	A
81	0.04638	0.05134	C
82	0.00095	0.00118	A
83	0.00052	0.00063	A
84	0.00032	0.00034	A
85	0.0067	0.00673	A
86	0.02454	0.02458	A
87	0.01164	0.01166	A
88	0.01831	0.01832	A
89	0.01728	0.01732	A
90	0.05323	0.06186	C
91	0.01407	0.01671	T
92	0.04832	0.04958	C
93	0.03682	0.04371	A
94	0.01989	0.02228	T
95	0.03047	0.03759	A
96	0.05781	0.05881	C
97	0.0418	0.04234	C
98	0.04272	0.04287	C
99	0.04197	0.04207	C
100	0.03061	0.03067	C
101	0.01998	0.03155	A
102	0.01138	0.01147	T
103	0.01072	0.01093	T
104	0.01182	0.02855	A
105	0.0105	0.01055	T
106	0.00364	0.00407	G
107	0.01509	0.01593	T
108	0.03034	0.03039	A
109	0.01455	0.01465	A
110	0.02735	0.02764	A
111	0.03441	0.03465	A
112	0.01059	0.01299	T
113	0.05419	0.05446	C
114	0.04187	0.04206	C
115	0.03402	0.0381	A
116	0.01422	0.01423	T
117	0.01294	0.01307	T
118	0.00534	0.00656	G
119	0.01522	0.01943	T
120	0.07285	0.07344	C
121	0.01305	0.01435	G
122	0.03114	0.04807	C
123	0.02589	0.02763	A
124	0.01444	0.01514	T
125	0.07005	0.07049	C
126	0.03764	0.04021	C
127	0.01982	0.03041	A
128	0.10441	0.10461	C
129	0.02639	0.0266	C
130	0.00669	0.0072	T
131	0.01202	0.01212	T
132	0.00814	0.00821	T
133	0.01689	0.02327	A
134	0.00969	0.0097	T
135	0.01027	0.01042	T
136	0.01544	0.04062	A
137	0.01163	0.01418	T
138	0.0486	0.0493	C
139	0.04626	0.04751	A
140	0.00919	0.00997	G
141	0.01753	0.01842	T
142	0.0266	0.02686	C
143	0.00903	0.0099	T
144	0.04622	0.0496	C
145	0.01175	0.01181	T
146	0.01264	0.01375	T
147	0.05314	0.05328	C
148	0.04207	0.04263	C
149	0.04349	0.04357	C
150	0.02803	0.02821	C
151	0.01489	0.02193	A
152	0.05062	0.05292	C
153	0.02557	0.02594	A
154	0.03087	0.03145	A
155	0.05644	0.05862	C
156	0.0369	0.03691	A
157	0.03438	0.03489	A
158	0.01456	0.01524	T
159	0.04313	0.0441	A
160	0.01192	0.01192	T
161	0.0133	0.01339	T
162	0.04038	0.04226	C
163	0.0368	0.03722	A
164	0.01556	0.016	T
165	0.00476	0.00637	G
166	0.00984	0.01093	T
167	0.00416	0.00425	G
168	0.04192	0.04208	C
169	0.01938	0.01947	C
170	0.00805	0.00943	T
171	0.02282	0.02879	A
172	0.00405	0.00419	G
173	0.03243	0.03258	A
174	0.05116	0.05121	C
175	0.03701	0.03707	C
176	0.02136	0.02139	A
177	0.04081	0.04131	A
178	0.00287	0.00395	G
179	0.02497	0.02497	A
180	0.02891	0.02943	A
181	0.00431	0.00479	G
182	0.00853	0.00881	T
183	0.00909	0.00941	T
184	0.01854	0.03847	A
185	0.0113	0.0113	T
186	0.01511	0.01542	T
187	0.01814	0.04124	A
188	0.01162	0.01201	T
189	0.04448	0.04632	C
190	0.01272	0.01342	T
191	0.04876	0.04998	C
192	0.00713	0.00771	G
193	0.03465	0.03485	A
194	0.0346	0.03471	A
195	0.04439	0.0454	C
196	0.01253	0.0129	T
197	0.00484	0.00599	G
198	0.03754	0.03781	A
199	0.05669	0.05763	C
200	0.03552	0.03613	A
201	0.04986	0.05056	C
202	0.01074	0.01201	T
203	0.00467	0.00607	G
204	0.02484	0.02569	A
205	0.00644	0.00679	G
206	0.0405	0.04064	C
207	0.04112	0.04175	C
208	0.02086	0.03535	A
209	0.05697	0.06417	C
210	0.02544	0.02556	A
211	0.02878	0.03368	A
212	0.05266	0.05281	C
213	0.03858	0.03938	C
214	0.03755	0.03794	C
215	0.01218	0.01295	A
216	0.02964	0.02992	A
217	0.0311	0.03129	A
218	0.05987	0.06867	C
219	0.02811	0.02844	A
220	0.03316	0.03639	A
221	0.05595	0.0561	C
222	0.04757	0.04905	C
223	0.0378	0.03785	C
224	0.03249	0.04203	A
225	0.00519	0.00536	G
226	0.0194	0.01982	C
227	0.00613	0.00891	T
228	0.03824	0.03899	C
229	0.0107	0.01308	T
230	0.0511	0.05113	C
231	0.04291	0.04291	C
232	0.01177	0.01201	C
233	0.0085	0.00959	T
234	0.03159	0.03218	A
235	0.03532	0.0354	A
236	0.00319	0.00397	G
237	0.03284	0.03374	C
238	0.00652	0.0066	T
239	0.00909	0.00912	T
240	0.03488	0.03759	C
241	0.03334	0.03351	A
242	0.02809	0.02813	A
243	0.03675	0.03678	A
244	0.03966	0.04474	C
245	0.00809	0.00828	T
246	0.03546	0.03685	A
247	0.00431	0.00462	G
248	0.04386	0.04429	A
249	0.04702	0.0481	C
250	0.00958	0.00993	T
251	0.03033	0.03219	A
252	0.0548	0.05628	C
253	0.01075	0.01087	T
254	0.01151	0.01171	T
255	0.02726	0.04205	C
256	0.01174	0.0121	T
257	0.05742	0.05743	C
258	0.04035	0.04081	C
259	0.02027	0.03511	A
260	0.01292	0.01382	T
261	0.03601	0.03619	A
262	0.02815	0.03338	A
263	0.01148	0.01194	T
264	0.03924	0.04207	A
265	0.01111	0.01115	T
266	0.01126	0.01148	T
267	0.04988	0.05212	C
268	0.03806	0.0399	A
269	0.01045	0.01088	T
270	0.02723	0.02752	C
271	0.01196	0.01212	C
272	0.01315	0.01319	C
273	0.00279	0.00301	T
274	0.00292	0.00351	G
275	0.00276	0.00319	T
276	0.01053	0.01085	A
277	0.00423	0.00498	G
278	0.01112	0.0114	C
279	0.04225	0.04279	A
280	0.01178	0.01186	T
281	0.01462	0.01465	T
282	0.00424	0.00782	G
283	0.01171	0.01173	T
284	0.01068	0.01073	T
285	0.04127	0.04292	C
286	0.00501	0.00505	G
287	0.00275	0.00276	T
288	0.00254	0.00259	T
289	0.00489	0.00823	A
290	0.01165	0.01181	C
291	0.01214	0.01221	A
292	0.00951	0.00967	T
293	0.00276	0.00282	G
294	0.00263	0.00267	G
295	0.00938	0.00976	T
296	0.05549	0.05559	C
297	0.02903	0.02936	C
298	0.0243	0.0284	A
299	0.00822	0.01044	T
300	0.02947	0.02974	C
301	0.02726	0.02946	A
302	0.00884	0.00961	T
303	0.03219	0.03408	A
304	0.00483	0.00573	G
305	0.037	0.03703	A
306	0.04214	0.04346	A
307	0.01037	0.01057	T
308	0.01315	0.01348	T
309	0.04904	0.05765	C
310	0.01473	0.01748	T
311	0.04663	0.04753	C
312	0.03041	0.03143	A
313	0.03554	0.03579	C
314	0.00716	0.00727	T
315	0.0049	0.00523	G
316	0.00646	0.00667	T
317	0.0032	0.00404	G
318	0.01732	0.01813	A
319	0.00744	0.00757	T
320	0.02836	0.02911	A
321	0.01053	0.01093	T
322	0.03255	0.03345	A
323	0.01155	0.01235	T
324	0.02821	0.02823	A
325	0.02784	0.02786	A
326	0.03181	0.03305	A
327	0.0465	0.04985	C
328	0.01512	0.01762	T
329	0.04678	0.04729	C
330	0.04992	0.05606	A
331	0.01636	0.01783	G
332	0.04005	0.04085	A
333	0.04751	0.0477	C
334	0.03441	0.03452	C
335	0.03019	0.03039	C
336	0.01174	0.01219	A
337	0.02832	0.02858	A
338	0.02401	0.02414	A
339	0.0423	0.05064	C
340	0.03305	0.03379	A
341	0.01182	0.01239	T
342	0.01244	0.01256	T
343	0.01885	0.01921	A
344	0.03682	0.037	A
345	0.01468	0.01579	T
346	0.03772	0.03817	C
347	0.03385	0.03476	A
348	0.01086	0.01157	G
349	0.01025	0.01035	T
350	0.00957	0.00969	T
351	0.03383	0.0431	C
352	0.01134	0.01148	T
353	0.01338	0.01346	T
354	0.05009	0.05394	C
355	0.0247	0.02499	A
356	0.03014	0.03022	A
357	0.02918	0.02936	A
358	0.01027	0.01308	T
359	0.03146	0.03222	A
360	0.01295	0.01325	T
361	0.04871	0.04922	C
362	0.01161	0.01203	T
363	0.03536	0.03775	A
364	0.28642	0.28995	C
365	0.014	0.01524	T
366	0.04723	0.04954	C
367	0.02507	0.03043	A
368	0.01406	0.0152	T
369	0.05207	0.05352	C
370	0.01145	0.01145	T
371	0.01085	0.01122	T
372	0.05134	0.05137	C
373	0.03162	0.03169	C
374	0.0133	0.0139	T
375	0.02394	0.02489	A
376	0.02636	0.02673	A
377	0.01403	0.01418	T
378	0.01782	0.01791	T
379	0.02134	0.05145	A
380	0.0748	0.07541	C
381	0.04409	0.04457	C
382	0.01342	0.03829	A
383	0.01395	0.01446	T
384	0.02747	0.02809	A
385	0.05003	0.05239	C
386	0.01146	0.01198	T
387	0.02383	0.02392	A
388	0.02925	0.03082	A
389	0.00876	0.0092	T
390	0.04553	0.04629	C
391	0.00918	0.00918	T
392	0.00897	0.00902	T
393	0.03362	0.05884	A
394	0.00331	0.00341	G
395	0.00851	0.00858	T
396	0.01611	0.01629	T
397	0.02443	0.04741	A
398	0.06818	0.0684	C
399	0.06122	0.0614	C
400	0.00414	0.0055	G
401	0.02554	0.02612	C
402	0.00664	0.00695	T
403	0.03508	0.03559	A
404	0.03036	0.03064	A
405	0.05092	0.05172	C
406	0.02945	0.02969	A
407	0.0317	0.03294	A
408	0.06279	0.06289	C
409	0.03348	0.03431	C
410	0.00919	0.01029	T
411	0.02842	0.03858	A
412	0.01367	0.01376	T
413	0.01283	0.01294	T
414	0.05331	0.05355	C
415	0.05385	0.05407	C
416	0.02269	0.02277	A
417	0.05053	0.05081	A
418	0.03819	0.03894	C
419	0.00721	0.00735	T
420	0.00384	0.00562	G
421	0.00625	0.00625	T
422	0.00744	0.00747	T
423	0.02364	0.02434	C
424	0.01979	0.02025	A
425	0.00587	0.0064	T
426	0.02415	0.02442	C
427	0.0031	0.00319	G
428	0.00335	0.00336	G
429	0.00509	0.00521	C
430	0.00167	0.00174	T
431	0.00282	0.0031	G
432	0.03016	0.03181	A
433	0.00398	0.00408	G
434	0.04887	0.05013	A
435	0.00279	0.00279	G
436	0.00246	0.00246	G
437	0.00265	0.00265	G
438	0.00682	0.00833	C
439	0.00554	0.00568	G
440	0.00201	0.00228	T
441	0.00823	0.00831	A
442	0.00199	0.00199	G
443	0.00417	0.00421	G
444	0.0121	0.01212	A
445	0.03334	0.0335	A
446	0.00795	0.00798	T
447	0.01252	0.01258	T
448	0.01881	0.04328	A
449	0.00943	0.01074	T
450	0.04185	0.04796	A
451	0.006	0.00625	T
452	0.02114	0.02151	C
453	0.01651	0.01666	C
454	0.00655	0.00657	T
455	0.00693	0.00697	T
456	0.02489	0.0327	C
457	0.0108	0.0108	T
458	0.01004	0.01018	T
459	0.00323	0.00449	G
460	0.04395	0.04413	C
461	0.01164	0.01282	T
462	0.01893	0.0192	C
463	0.02422	0.02806	A
464	0.00617	0.00622	T
465	0.96866	0.98382	C
466	0.03875	0.03933	A
467	0.0033	0.00475	G
468	0.01113	0.01115	T
469	0.00857	0.00882	T
470	0.00293	0.00332	G
471	0.01846	0.01882	A
472	0.006	0.00659	T
473	0.00339	0.00383	G
474	0.03272	0.03385	A
475	0.00575	0.00592	T
476	0.01582	0.01657	A
477	0.01933	0.01996	C
478	0.00415	0.00431	G
479	0.02534	0.02535	C
480	0.01621	0.01623	C
481	0.01913	0.01936	C
482	0.00397	0.00503	G
483	0.03626	0.0368	A
484	0.00504	0.00534	G
485	0.02413	0.02448	C
486	0.03588	0.037	A
487	0.00409	0.00449	G
488	0.02848	0.03115	A
489	0.00818	0.00874	T
490	0.00366	0.00382	G
491	0.07072	0.07076	C
492	0.03871	0.03898	C
493	0.0318	0.03204	A
494	0.03292	0.03297	A
495	0.06781	0.07005	C
496	0.0415	0.04653	A
497	0.069	0.07358	C
498	0.05014	0.05437	A
499	0.00797	0.0119	G
500	0.03393	0.03855	C
501	0.02694	0.03049	A
502	0.0046	0.00478	G
503	0.04354	0.04424	C
504	0.02592	0.0264	C
505	0.03503	0.03933	A
506	0.01297	0.01322	T
507	0.00961	0.00964	T
508	0.05157	0.05323	C
509	0.03554	0.03561	A
510	0.04985	0.05044	A
511	0.00466	0.00611	G
512	0.04703	0.05019	C
513	0.02427	0.0244	A
514	0.03251	0.03388	A
515	0.01068	0.01159	T
516	0.07881	0.07891	C
517	0.02507	0.02554	C
518	0.00875	0.00942	T
519	0.03895	0.04057	A
520	0.00922	0.01092	T
521	0.03625	0.03698	A
522	0.0536	0.05693	C
523	0.02509	0.02528	A
524	0.03137	0.03327	A
525	0.02289	0.02297	C
526	0.01961	0.02028	C
527	0.00501	0.00702	G
528	0.00495	0.00627	T
529	0.03506	0.03559	A
530	0.01063	0.01124	T
531	0.0429	0.04336	C
532	0.00395	0.00396	G
533	0.00241	0.00243	G
534	0.01407	0.01425	C
535	0.00369	0.00373	G
536	0.01871	0.02023	A
537	0.00594	0.00616	T
538	0.0324	0.03315	A
539	0.01509	0.01538	T
540	0.02605	0.02647	C
541	0.00315	0.00316	G
542	0.00391	0.00391	G
543	0.00334	0.00334	T
544	0.01062	0.01067	T
545	0.01257	0.01289	T
546	0.20131	0.20455	C
547	0.0305	0.03183	A
548	0.01019	0.01063	T
549	0.03776	0.03785	C
550	0.0215	0.02202	C
551	0.00469	0.00568	T
552	0.01905	0.01928	C
553	0.00364	0.00447	G
554	0.01422	0.01422	C
555	0.01037	0.01044	C
556	0.01001	0.01008	T
557	0.01417	0.01422	T
558	0.02856	0.04841	A
559	0.00686	0.00759	G
560	0.05335	0.05414	C
561	0.03675	0.03717	A
562	0.01265	0.01313	T
563	0.00312	0.00352	G
564	0.03387	0.03422	A
565	0.00954	0.00958	T
566	0.00927	0.00934	T
567	0.01156	0.0116	T
568	0.02851	0.0312	A
569	0.01039	0.01129	T
570	0.04771	0.04851	C
571	0.02767	0.02816	C
572	0.01065	0.01177	T
573	0.05116	0.0526	A
574	0.05809	0.05929	C
575	0.03639	0.04114	A
576	0.04351	0.04483	C
577	0.00825	0.00972	T
578	0.04362	0.04364	C
579	0.0317	0.03216	C
580	0.01902	0.0201	A
581	0.02856	0.02877	A
582	0.04028	0.04162	C
583	0.00773	0.0106	T
584	0.03911	0.0394	C
585	0.02973	0.03567	A
586	0.0085	0.00876	T
587	0.00524	0.00577	G
588	0.03761	0.04153	A
589	0.00886	0.0096	G
590	0.02051	0.0219	A
591	0.02818	0.02851	C
592	0.03489	0.03503	C
593	0.03454	0.03478	C
594	0.01801	0.02707	A
595	0.0575	0.06058	C
596	0.02894	0.02948	A
597	0.02607	0.02625	A
598	0.05068	0.05318	C
599	0.01501	0.01504	A
600	0.03387	0.03388	A
601	0.03077	0.03125	A
602	0.01145	0.01321	T
603	0.03902	0.04085	A
604	0.00574	0.00648	G
605	0.05629	0.05645	C
606	0.0158	0.0158	C
607	0.01485	0.01489	C
608	0.00498	0.00501	T
609	0.00573	0.00578	T
610	0.01706	0.02444	C
611	0.00606	0.00641	T
612	0.01231	0.01292	A
613	0.03064	0.03067	A
614	0.03773	0.03775	A
615	0.06802	0.07477	C
616	0.00399	0.0041	G
617	0.0204	0.02068	C
618	0.00558	0.00634	T
619	0.01238	0.01269	A
620	0.03052	0.03069	A
621	0.00986	0.01041	T
622	0.04957	0.04987	C
623	0.02563	0.02583	C
624	0.02586	0.02604	A
625	0.04356	0.04381	A
626	0.0062	0.00724	G
627	0.01253	0.01254	C
628	0.00766	0.00776	C
629	0.00595	0.01616	T
630	0.02389	0.02471	C
631	0.01465	0.02929	A
632	0.03631	0.03634	C
633	0.02469	0.0247	C
634	0.03495	0.03495	C
635	0.03116	0.03143	C
636	0.02381	0.05299	A
637	0.01042	0.01053	C
638	0.0021	0.00224	T
639	0.03223	0.03255	A
640	0.00955	0.00977	C
641	0.0019	0.00208	T
642	0.00668	0.00873	A
643	0.00097	0.00115	G
644	0.00194	0.00227	G
645	0.19259	0.19274	C
646	0.00963	0.00982	C
647	0.01109	0.01567	T
648	0.03267	0.03286	C
649	0.02244	0.02325	C
650	0.00387	0.0047	T
651	0.00666	0.00666	C
652	0.00403	0.00433	C
653	0.00187	0.00203	T
654	0.0084	0.00912	A
655	0.00257	0.00335	G
656	0.02106	0.0219	C
657	0.01342	0.01405	A
658	0.00482	0.00662	G
659	0.04553	0.04805	C
660	0.03336	0.03464	A
661	0.0066	0.00798	G
662	0.04607	0.05011	C
663	0.0182	0.01909	A
664	0.00197	0.00198	G
665	0.00241	0.00245	G
666	0.00806	0.00853	C
667	0.01471	0.01485	A
668	0.02587	0.02594	A
669	0.03025	0.03032	A
670	0.0093	0.01466	T
671	0.04215	0.04314	C
672	0.02957	0.03148	A
673	0.00531	0.00571	G
674	0.03251	0.03256	C
675	0.02576	0.02585	C
676	0.04769	0.04779	C
677	0.01503	0.01509	A
678	0.03269	0.03273	A
679	0.00863	0.00866	T
680	0.0088	0.0088	T
681	0.02801	0.0358	A
682	0.00272	0.00276	G
683	0.0035	0.00351	G
684	0.00623	0.00658	T
685	0.00965	0.0098	C
686	0.00696	0.00828	T
687	0.03334	0.03337	C
688	0.04142	0.04213	C
689	0.01112	0.02696	A
690	0.04675	0.04676	C
691	0.0326	0.0326	C
692	0.0313	0.0313	C
693	0.02117	0.02143	C
694	0.00651	0.00763	T
695	0.00338	0.00537	G
696	0.03371	0.03586	A
697	0.03454	0.03599	C
698	0.00794	0.01059	T
699	0.04025	0.04069	C
700	0.03642	0.03651	C
701	0.02768	0.02771	C
702	0.038	0.03841	C
703	0.00709	0.01087	T
704	0.03761	0.03882	C
705	0.01908	0.02794	A
706	0.00326	0.00342	G
707	0.01638	0.01638	C
708	0.02479	0.02485	C
709	0.03289	0.05882	A
710	0.00596	0.00624	T
711	0.02788	0.02805	A
712	0.00323	0.0035	G
713	0.02463	0.02466	A
714	0.0246	0.02586	A
715	0.00354	0.00365	G
716	0.00398	0.00403	G
717	0.01476	0.01489	C
718	0.0344	0.03446	C
719	0.04241	0.04252	C
720	0.04126	0.04229	C
721	0.01655	0.02951	A
722	0.05624	0.05631	C
723	0.0459	0.0459	C
724	0.04413	0.04414	C
725	0.04893	0.04916	C
726	0.03204	0.04395	A
727	0.00422	0.00437	G
728	0.00691	0.00817	T
729	0.02706	0.0272	C
730	0.00901	0.01331	T
731	0.03022	0.03133	C
732	0.03408	0.0374	A
733	0.00831	0.00874	G
734	0.05136	0.05146	C
735	0.03174	0.03184	C
736	0.03062	0.03088	C
737	0.00879	0.01167	T
738	0.0236	0.02848	A
739	0.07672	0.07832	C
740	0.00983	0.01063	T
741	0.05661	0.05663	C
742	0.03217	0.03284	C
743	0.01731	0.02817	A
744	0.04054	0.04149	C
745	0.00947	0.01241	T
746	0.0415	0.04402	C
747	0.0292	0.03127	A
748	0.04539	0.04585	A
749	0.00655	0.01157	G
750	0.03746	0.03783	C
751	0.04011	0.04057	A
752	0.05044	0.05171	C
753	0.00758	0.00772	T
754	0.03301	0.03408	A
755	0.00997	0.01008	T
756	0.03334	0.03415	A
757	0.00347	0.0042	G
758	0.00708	0.00711	T
759	0.00681	0.00683	T
760	0.0034	0.00392	G
761	0.00791	0.00896	T
762	0.03016	0.03077	A
763	0.00645	0.00753	G
764	0.04237	0.0429	C
765	0.03498	0.03579	A
766	0.00336	0.00338	G
767	0.00392	0.00408	G
768	0.02153	0.02155	A
769	0.03376	0.03409	A
770	0.00936	0.01006	T
771	0.0467	0.04727	C
772	0.00971	0.00974	T
773	0.01062	0.01097	T
774	0.0481	0.05886	C
775	0.01775	0.01775	T
776	0.01745	0.01764	T
777	0.01464	0.04387	A
778	0.06565	0.06624	C
779	0.01755	0.01915	T
780	0.04557	0.04814	C
781	0.02505	0.03227	A
782	0.01083	0.01185	T
783	0.04774	0.04798	C
784	0.08957	0.09265	C
785	0.00554	0.01003	G
786	0.03981	0.04517	C
787	0.0082	0.0088	T
788	0.01413	0.01501	T
789	0.07069	0.07148	C
790	0.04197	0.04263	C
791	0.01812	0.03872	A
792	0.02447	0.02449	C
793	0.045	0.04504	C
794	0.03972	0.03972	C
795	0.04709	0.0471	C
796	0.03114	0.03126	C
797	0.00895	0.00946	T
798	0.03718	0.03804	A
799	0.00417	0.00495	G
800	0.03611	0.03712	C
801	0.03288	0.03383	A
802	0.0053	0.00567	G
803	0.02312	0.02313	A
804	0.01491	0.01494	A
805	0.03333	0.03339	A
806	0.02261	0.02269	A
807	0.00951	0.01163	T
808	0.04026	0.04264	A
809	0.00723	0.0084	G
810	0.03017	0.0303	C
811	0.02101	0.02106	C
812	0.02126	0.02135	C
813	0.02954	0.04033	A
814	0.04096	0.04159	C
815	0.00802	0.00843	T
816	0.00848	0.00874	A
817	0.02174	0.02211	A
818	0.00833	0.00908	T
819	0.04394	0.0445	C
820	0.04381	0.04405	C
821	0.01397	0.01415	A
822	0.02993	0.03033	A
823	0.05226	0.05249	A
824	0.04076	0.04607	C
825	0.0099	0.0103	T
826	0.03616	0.03716	C
827	0.01855	0.01963	T
828	0.04503	0.04573	A
829	0.02681	0.02753	A
830	0.07302	0.07494	C
831	0.0442	0.04504	A
832	0.04234	0.04491	C
833	0.00809	0.00842	T
834	0.03031	0.0332	A
835	0.00896	0.0092	T
836	0.00268	0.00305	G
837	0.05323	0.05428	C
838	0.00638	0.00638	T
839	0.00668	0.00682	T
840	0.02269	0.03384	A
841	0.00182	0.00184	G
842	0.00208	0.00211	G
843	0.08675	0.08773	C
844	0.00355	0.00358	G
845	0.01253	0.01281	C
846	0.00335	0.00346	T
847	0.02214	0.02294	A
848	0.00642	0.00738	T
849	0.05281	0.05441	C
850	0.04247	0.04338	A
851	0.06999	0.07001	C
852	0.0417	0.0432	C
853	0.01999	0.0315	A
854	0.04327	0.04474	C
855	0.00489	0.00511	T
856	0.02063	0.02075	C
857	0.00414	0.0042	T
858	0.00305	0.00514	G
859	0.00626	0.00626	T
860	0.01072	0.01094	T
861	0.04549	0.048	C
862	0.0055	0.00714	G
863	0.02006	0.0213	C
864	0.01909	0.01952	A
865	0.0064	0.00825	G
866	0.05514	0.05631	C
867	0.03733	0.03879	A
868	0.00431	0.00439	G
869	0.00664	0.00762	T
870	0.02403	0.02409	C
871	0.00364	0.00371	T
872	0.00217	0.00331	G
873	0.0069	0.00717	C
874	0.00563	0.0062	G
875	0.08368	0.08376	C
876	0.02296	0.02297	C
877	0.03925	0.03933	C
878	0.00846	0.00854	T
879	0.01043	0.01096	T
880	0.01391	0.03159	A
881	0.05726	0.05854	C
882	0.02599	0.02653	A
883	0.06916	0.07615	C
884	0.02546	0.02551	A
885	0.01717	0.01719	A
886	0.02731	0.02733	A
887	0.03824	0.0384	A
888	0.01545	0.01798	T
889	0.00597	0.0072	G
890	0.04102	0.04174	A
891	0.05763	0.0592	C
892	0.03609	0.03633	A
893	0.0191	0.0219	T
894	0.02958	0.03477	C
895	0.00146	0.00155	A
896	0.00089	0.00093	A
897	0.00148	0.00154	A
898	0.02023	0.02043	A
899	0.0104	0.01043	A
900	0.0181	0.01814	A
901	0.02256	0.02262	A
902	0.0099	0.01207	T
903	0.04363	0.04398	C
904	0.01048	0.01095	G
905	0.00736	0.00998	T
906	0.02894	0.02973	A
907	0.0045	0.00474	G
908	0.03866	0.03902	C
909	0.02707	0.02713	C
910	0.00748	0.00762	T
911	0.01266	0.01286	T
912	0.03792	0.06005	C
913	0.00973	0.0106	T
914	0.0646	0.06464	C
915	0.03818	0.03871	C
916	0.01903	0.03337	A
917	0.05221	0.05284	C
918	0.00782	0.00826	T
919	0.00917	0.00921	T
920	0.04395	0.04694	C
921	0.03481	0.03503	A
922	0.03473	0.03491	A
923	0.00279	0.0032	G
924	0.00679	0.00804	T
925	0.03215	0.03257	C
926	0.03209	0.03211	A
927	0.03867	0.03874	A
928	0.04182	0.04311	C
929	0.00737	0.00748	T
930	0.04354	0.04456	A
931	0.00309	0.00322	G
932	0.00219	0.00222	G
933	0.0144	0.01999	A
934	0.02024	0.02039	C
935	0.00482	0.00705	T
936	0.03629	0.03647	C
937	0.01834	0.02085	A
938	0.00784	0.00818	T
939	0.02505	0.02506	A
940	0.02224	0.02657	A
941	0.00792	0.00808	T
942	0.02881	0.02976	A
943	0.00374	0.00431	G
944	0.00882	0.00885	T
945	0.00991	0.01012	T
946	0.01408	0.03601	A
947	0.06604	0.06689	C
948	0.0309	0.03092	A
949	0.03635	0.03699	A
950	0.01299	0.01469	T
951	0.04699	0.0478	C
952	0.00522	0.00527	G
953	0.00448	0.00457	G
954	0.02397	0.02526	C
955	0.04173	0.04265	A
956	0.01082	0.01531	T
957	0.04712	0.04901	C
958	0.03038	0.03116	A
959	0.03919	0.03936	A
960	0.05134	0.05164	C
961	0.03994	0.0402	C
962	0.01671	0.01796	A
963	0.03102	0.0315	A
964	0.05029	0.05077	C
965	0.05	0.05138	C
966	0.01556	0.0311	A
967	0.05933	0.06431	C
968	0.02658	0.0313	A
969	0.0598	0.05981	C
970	0.02544	0.02628	C
971	0.00911	0.0099	T
972	0.04236	0.04309	A
973	0.0038	0.00399	G
974	0.04673	0.04815	C
975	0.03206	0.03505	A
976	0.00831	0.00846	T
977	0.00616	0.0062	T
978	0.03791	0.03796	C
979	0.02066	0.02095	C
980	0.00764	0.00866	T
981	0.00389	0.0046	G
982	0.02552	0.02603	C
983	0.03926	0.04117	A
984	0.05599	0.05684	C
985	0.02546	0.02685	A
986	0.01071	0.01144	T
987	0.04037	0.04152	C
988	0.00868	0.00877	T
989	0.01758	0.01988	G
990	0.00883	0.01051	T
991	0.02592	0.02764	A
992	0.05154	0.05165	C
993	0.03713	0.03721	C
994	0.02583	0.02593	C
995	0.02743	0.0325	A
996	0.07466	0.07545	C
997	0.00465	0.00568	G
998	0.04134	0.04138	C
999	0.02855	0.02861	C
1000	0.00819	0.00844	T
1001	0.00993	0.01002	T
1002	0.02594	0.04442	C
1003	0.0103	0.01034	T
1004	0.01127	0.01155	T
1005	0.04741	0.05216	C
1006	0.03329	0.03401	A
1007	0.03643	0.03652	A
1008	0.02904	0.0291	A
1009	0.00358	0.00382	G
1010	0.01793	0.01797	C
1011	0.01376	0.01386	C
1012	0.00753	0.0235	A
1013	0.00574	0.00611	T
1014	0.01988	0.02011	A
1015	0.06249	0.06492	C
1016	0.00809	0.00831	T
1017	0.02649	0.02798	A
1018	0.00778	0.0078	T
1019	0.00904	0.00905	T
1020	0.0057	0.00572	T
1021	0.00516	0.00587	A
1022	0.00279	0.00284	T
1023	0.00215	0.00226	G
1024	0.00959	0.00999	T
1025	0.0041	0.00431	G
1026	0.01914	0.01963	C
1027	0.00375	0.00403	T
1028	0.03957	0.03958	C
1029	0.03224	0.03234	C
1030	0.00229	0.00231	G
1031	0.0027	0.00272	G
1032	0.00451	0.00454	G
1033	0.00609	0.00678	T
1034	0.03949	0.03963	C
1035	0.02322	0.02341	C
1036	0.03028	0.03563	A
1037	0.01218	0.01473	T
1038	0.04185	0.04348	C
1039	0.02621	0.03012	A
1040	0.01393	0.01529	T
1041	0.05357	0.05442	C
1042	0.0422	0.04363	C
1043	0.01938	0.03567	A
1044	0.04861	0.05805	C
1045	0.02165	0.02174	A
1046	0.03119	0.03249	A
1047	0.04488	0.04497	C
1048	0.03346	0.03411	C
1049	0.00898	0.00931	T
1050	0.01242	0.01254	T
1051	0.01942	0.0196	A
1052	0.02823	0.02834	A
1053	0.05953	0.06038	C
1054	0.03153	0.032	A
1055	0.03239	0.03302	A
1056	0.01094	0.01142	T
1057	0.00531	0.00658	G
1058	0.02616	0.02626	A
1059	0.03213	0.03263	A
1060	0.05525	0.05666	C
1061	0.03664	0.0367	A
1062	0.04065	0.04177	A
1063	0.00499	0.00583	G
1064	0.03303	0.0335	A
1065	0.01069	0.01113	T
1066	0.03851	0.04027	A
1067	0.009	0.00904	T
1068	0.00989	0.01026	T
1069	0.04335	0.04619	C
1070	0.00649	0.00796	G
1071	0.00287	0.00299	A
1072	0.02046	0.02057	A
1073	0.01111	0.01112	A
1074	0.03245	0.03247	A
1075	0.0308	0.03083	A
1076	0.00939	0.00997	T
1077	0.04517	0.04547	A
1078	0.00256	0.00265	G
1079	0.00226	0.00231	G
1080	0.01137	0.01285	A
1081	0.0039	0.00391	G
1082	0.00321	0.00331	G
1083	0.03731	0.05341	A
1084	0.04347	0.04453	C
1085	0.00743	0.00811	T
1086	0.02963	0.03093	A
1087	0.04183	0.04248	C
1088	0.01097	0.01289	T
1089	0.06077	0.06244	C
1090	0.03487	0.03565	A
1091	0.02242	0.02289	A
1092	0.02399	0.02416	A
1093	0.03648	0.03662	A
1094	0.04515	0.04789	C
1095	0.03112	0.03139	C
1096	0.0167	0.04127	A
1097	0.01761	0.01852	T
1098	0.04299	0.04419	A
1099	0.06251	0.06334	C
1100	0.0283	0.02885	C
1101	0.00845	0.01035	T
1102	0.04127	0.04235	C
1103	0.01502	0.01755	T
1104	0.04881	0.04947	C
1105	0.03135	0.03304	A
1106	0.06055	0.06125	C
1107	0.01021	0.01047	T
1108	0.01157	0.01181	T
1109	0.05131	0.05398	C
1110	0.03395	0.03519	A
1111	0.0433	0.04359	A
1112	0.0387	0.03881	C
1113	0.02028	0.02087	C
1114	0.00694	0.01061	T
1115	0.0283	0.02831	C
1116	0.01754	0.01757	C
1117	0.03557	0.03674	C
1118	0.01111	0.01339	T
1119	0.0445	0.04553	C
1120	0.02291	0.02622	A
1121	0.06486	0.06486	C
1122	0.03526	0.03569	C
1123	0.03346	0.03876	A
1124	0.01119	0.01132	T
1125	0.0118	0.01183	T
1126	0.0049	0.00493	G
1127	0.00418	0.00428	G
1128	0.0456	0.047	C
1129	0.0466	0.04784	A
1130	0.00705	0.00718	G
1131	0.03353	0.03368	C
1132	0.01617	0.01655	C
1133	0.00736	0.00787	T
1134	0.0411	0.04153	A
1135	0.0064	0.00697	G
1136	0.03212	0.03236	C
1137	0.04198	0.04291	A
1138	0.00968	0.00988	T
1139	0.01091	0.01098	T
1140	0.03215	0.04526	A
1141	0.00338	0.0039	G
1142	0.02932	0.02944	C
1143	0.01398	0.01454	A
1144	0.00232	0.00233	G
1145	0.00272	0.00277	G
1146	0.01815	0.01823	A
1147	0.02205	0.02224	A
1148	0.01003	0.01197	T
1149	0.04267	0.04298	A
1150	0.07098	0.07155	C
1151	0.03741	0.03761	C
1152	0.00317	0.00318	T
1153	0.00845	0.00847	T
1154	0.00617	0.00619	T
1155	0.02853	0.0288	C
1156	0.02256	0.0227	C
1157	0.0065	0.01019	T
1158	0.04826	0.04931	C
1159	0.02465	0.0299	A
1160	0.06815	0.06873	C
1161	0.0384	0.04001	A
1162	0.00202	0.00214	G
1163	0.00398	0.00398	G
1164	0.00193	0.00194	T
1165	0.00311	0.00311	T
1166	0.0035	0.00351	T
1167	0.01368	0.01431	C
1168	0.00653	0.00707	T
1169	0.03292	0.04383	A
1170	0.05739	0.05837	C
1171	0.01027	0.01134	T
1172	0.04773	0.04776	C
1173	0.04019	0.04087	C
1174	0.02364	0.02414	A
1175	0.03008	0.03011	A
1176	0.05054	0.05086	A
1177	0.01186	0.01263	G
1178	0.04418	0.04512	A
1179	0.06058	0.06091	C
1180	0.0419	0.04222	C
1181	0.02529	0.03168	A
1182	0.03952	0.04061	C
1183	0.03115	0.03408	A
1184	0.0111	0.01406	T
1185	0.04408	0.04517	C
1186	0.04168	0.04425	A
1187	0.0096	0.0101	T
1188	0.04771	0.04921	C
1189	0.00438	0.00478	G
1190	0.00913	0.00933	A
1191	0.01139	0.01153	A
1192	0.01412	0.01421	A
1193	0.01831	0.01865	C
1194	0.02247	0.02269	C
1195	0.00556	0.00897	G
1196	0.05722	0.06491	C
1197	0.03369	0.03484	A
1198	0.03184	0.03228	A
1199	0.02911	0.02914	A
1200	0.0564	0.06333	C
1201	0.03354	0.03447	A
1202	0.01273	0.01365	T
1203	0.03331	0.03361	A
1204	0.01292	0.01574	T
1205	0.04887	0.05146	C
1206	0.0439	0.04667	A
1207	0.01516	0.01639	T
1208	0.04021	0.04225	A
1209	0.06137	0.06502	C
1210	0.02635	0.02721	A
1211	0.05794	0.06303	C
1212	0.03467	0.03468	A
1213	0.03028	0.03029	A
1214	0.03619	0.03792	A
1215	0.05738	0.06746	C
1216	0.00754	0.00777	G
1217	0.04468	0.0447	C
1218	0.02917	0.02942	C
1219	0.00865	0.01038	T
1220	0.00431	0.00611	G
1221	0.02701	0.02949	A
1222	0.00736	0.00796	G
1223	0.09762	0.09812	C
1224	0.03922	0.03938	C
1225	0.02304	0.02335	C
1226	0.00986	0.01076	T
1227	0.03472	0.03535	A
1228	0.01376	0.01404	T
1229	0.04081	0.04155	C
1230	0.0106	0.0111	T
1231	0.03608	0.03852	A
1232	0.03321	0.03321	T
1233	0.01521	0.01624	T
1234	0.01543	0.04232	A
1235	0.04803	0.04906	C
1236	0.00961	0.01036	T
1237	0.0437	0.04515	C
1238	0.00956	0.01144	T
1239	0.0407	0.04204	C
1240	0.03106	0.0359	A
1241	0.01199	0.01298	T
1242	0.06078	0.06147	C
1243	0.00663	0.00699	G
1244	0.02688	0.03152	C
1245	0.01091	0.01163	T
1246	0.04778	0.04985	A
1247	0.06958	0.07028	C
1248	0.03536	0.03837	C
1249	0.01415	0.02162	T
1250	0.04656	0.04657	C
1251	0.0417	0.04172	C
1252	0.03291	0.03368	C
1253	0.00971	0.01149	T
1254	0.00356	0.004	G
1255	0.03481	0.03501	A
1256	0.06242	0.06305	C
1257	0.04361	0.0446	A
1258	0.0373	0.03836	A
1259	0.00378	0.00508	G
1260	0.03173	0.03288	C
1261	0.00585	0.00601	G
1262	0.0702	0.07021	C
1263	0.02832	0.02851	C
1264	0.00848	0.0095	T
1265	0.03018	0.03645	A
1266	0.01177	0.01206	T
1267	0.04654	0.04768	A
1268	0.0058	0.00642	G
1269	0.03985	0.04118	C
1270	0.03859	0.04128	A
1271	0.05269	0.05346	C
1272	0.01012	0.01112	T
1273	0.05279	0.0531	C
1274	0.0095	0.01001	G
1275	0.02991	0.0301	A
1276	0.02842	0.02848	A
1277	0.01086	0.01165	T
1278	0.02218	0.02226	A
1279	0.02448	0.03285	A
1280	0.01007	0.01031	T
1281	0.91424	0.91595	T
1282	0.04463	0.04552	C
1283	0.00985	0.00987	T
1284	0.01164	0.01312	T
1285	0.04367	0.04963	C
1286	0.01859	0.02635	T
1287	0.05167	0.05475	C
1288	0.02429	0.02658	A
1289	0.05459	0.05477	C
1290	0.035	0.035	C
1291	0.02065	0.02105	C
1292	0.008	0.00929	T
1293	0.03989	0.04034	A
1294	0.0381	0.0383	A
1295	0.06844	0.06965	C
1296	0.05102	0.05323	A
1297	0.00215	0.0024	G
1298	0.00537	0.00551	G
1299	0.00937	0.01281	T
1300	0.08493	0.08778	C
1301	0.03307	0.03324	A
1302	0.03946	0.03987	A
1303	0.06394	0.06407	C
1304	0.03443	0.03521	C
1305	0.0083	0.01019	T
1306	0.06783	0.06813	C
1307	0.00575	0.00784	G
1308	0.03064	0.03363	C
1309	0.01144	0.01177	T
1310	0.01093	0.01167	T
1311	0.06832	0.06852	C
1312	0.04212	0.04269	C
1313	0.04666	0.04683	C
1314	0.02253	0.02338	C
1315	0.01437	0.02742	A
1316	0.05987	0.05987	C
1317	0.03645	0.03646	C
1318	0.03392	0.03446	C
1319	0.00986	0.01022	T
1320	0.01159	0.0118	T
1321	0.01185	0.02856	A
1322	0.05773	0.05864	C
1323	0.01326	0.01423	T
1324	0.03377	0.03418	A
1325	0.02793	0.02877	A
1326	0.06057	0.06176	C
1327	0.03606	0.0377	A
1328	0.01274	0.01313	T
1329	0.01585	0.01623	T
1330	0.01938	0.01949	A
1331	0.03494	0.03563	A
1332	0.06925	0.07113	C
1333	0.0083	0.00957	G
1334	0.02842	0.02861	A
1335	0.01624	0.01641	A
1336	0.03245	0.03274	A
1337	0.03109	0.03129	A
1338	0.01802	0.02399	T
1339	0.03543	0.03559	A
1340	0.03528	0.03855	A
1341	0.06152	0.06604	C
1342	0.04028	0.04074	C
1343	0.04723	0.04743	C
1344	0.02934	0.02969	C
1345	0.02231	0.03141	A
1346	0.05825	0.05828	C
1347	0.04597	0.04601	C
1348	0.0297	0.03049	C
1349	0.00804	0.00917	T
1350	0.02911	0.03091	A
1351	0.04483	0.0458	C
1352	0.01062	0.01166	T
1353	0.01377	0.01425	A
1354	0.02377	0.02478	A
1355	0.03816	0.03871	A
1356	0.06302	0.06437	C
1357	0.0416	0.04221	C
1358	0.04055	0.04063	C
1359	0.03232	0.03235	C
1360	0.02761	0.03566	A
1361	0.01	0.01008	T
1362	0.01139	0.01154	T
1363	0.01866	0.01891	A
1364	0.02956	0.03018	A
1365	0.03961	0.04023	A
1366	0.06669	0.07462	C
1367	0.00528	0.00545	G
1368	0.03332	0.03334	C
1369	0.02312	0.0232	C
1370	0.00558	0.00651	T
1371	0.00332	0.00342	G
1372	0.00333	0.00374	G
1373	0.0202	0.02143	C
1374	0.19478	0.19931	A
1375	0.00423	0.0044	G
1376	0.0274	0.028	C
1377	0.03088	0.03215	C
1378	0.00413	0.00414	G
1379	0.00263	0.00281	G
1380	0.01843	0.01877	A
1381	0.02819	0.02834	A
1382	0.00349	0.00392	G
1383	0.04076	0.0409	C
1384	0.01748	0.01753	C
1385	0.00668	0.00731	T
1386	0.03606	0.04007	A
1387	0.00925	0.0093	T
1388	0.00947	0.00968	T
1389	0.04914	0.05235	C
1390	0.00816	0.00924	G
1391	0.04124	0.04212	C
1392	0.03464	0.03562	A
1393	0.00317	0.00321	G
1394	0.00406	0.00423	G
1395	0.04502	0.05728	A
1396	0.00506	0.00507	T
1397	0.01087	0.01087	T
1398	0.01212	0.01215	T
1399	0.0462	0.0484	C
1400	0.01826	0.02228	T
1401	0.04663	0.04767	C
1402	0.03791	0.04041	A
1403	0.01957	0.01965	T
1404	0.01662	0.01736	T
1405	0.01423	0.03796	A
1406	0.06083	0.06201	C
1407	0.0182	0.02002	T
1408	0.03546	0.03575	A
1409	0.03128	0.03269	A
1410	0.06316	0.06598	C
1411	0.03457	0.03463	A
1412	0.04223	0.04298	A
1413	0.05616	0.05867	C
1414	0.03934	0.04155	A
1415	0.00705	0.00753	T
1416	0.01542	0.0156	T
1417	0.02099	0.02115	T
1418	0.04159	0.04221	C
1419	0.06575	0.0659	C
1420	0.04277	0.04284	C
1421	0.0366	0.03663	C
1422	0.05893	0.05898	C
1423	0.00693	0.00998	G
1424	0.03327	0.04224	C
1425	0.03125	0.04404	A
1426	0.02244	0.02607	T
1427	0.04157	0.04188	C
1428	0.04286	0.04312	C
1429	0.05038	0.05091	C
1430	0.03801	0.03811	C
1431	0.03758	0.03771	C
1432	0.01955	0.01992	T
1433	0.0133	0.01347	T
1434	0.04073	0.04074	C
1435	0.03894	0.03925	C
1436	0.01677	0.01739	A
1437	0.02896	0.02913	A
1438	0.02821	0.02879	A
1439	0.05499	0.06315	C
1440	0.0312	0.03124	A
1441	0.03439	0.03483	A
1442	0.06109	0.0644	C
1443	0.02827	0.02838	A
1444	0.03848	0.03964	A
1445	0.02391	0.02946	T
1446	0.03428	0.03484	C
1447	0.03641	0.03684	C
1448	0.04061	0.0407	C
1449	0.06788	0.06796	C
1450	0.02451	0.02457	C
1451	0.00888	0.01008	T
1452	0.04156	0.04271	C
1453	0.01049	0.01108	T
1454	0.03087	0.03255	A
1455	0.0514	0.0517	C
1456	0.03392	0.03475	C
1457	0.01359	0.01515	T
1458	0.02183	0.02245	A
1459	0.0171	0.01738	A
1460	0.03622	0.03638	A
1461	0.03203	0.03215	A
1462	0.04699	0.05772	C
1463	0.01462	0.01687	T
1464	0.05356	0.05396	C
1465	0.02238	0.02622	A
1466	0.01908	0.01989	C
1467	0.0122	0.01646	A
1468	0.00745	0.00823	G
1469	0.02078	0.02094	C
1470	0.02443	0.02444	C
1471	0.03286	0.03296	C
1472	0.00971	0.01101	T
1473	0.06247	0.06258	C
1474	0.00336	0.00357	G
1475	0.01023	0.01035	C
1476	0.00356	0.00366	T
1477	0.0051	0.00545	G
1478	0.01196	0.01275	T
1479	0.09569	0.09589	C
1480	0.02869	0.02891	A
1481	0.06944	0.07073	C
1482	0.00452	0.00457	T
1483	0.01154	0.01157	T
1484	0.00982	0.00982	T
1485	0.05148	0.05158	C
1486	0.00556	0.00556	C
1487	0.00164	0.00173	T
1488	0.00507	0.00561	A
1489	0.00159	0.00159	G
1490	0.00204	0.00205	G
1491	0.0104	0.01557	A
1492	0.00449	0.00451	C
1493	0.00155	0.00158	T
1494	0.00618	0.00622	T
1495	0.03937	0.05336	C
1496	0.01203	0.01253	T
1497	0.04565	0.04705	A
1498	0.02428	0.02459	A
1499	0.05119	0.05254	C
1500	0.01002	0.01128	A
1501	0.00494	0.00524	G
1502	0.00937	0.00938	C
1503	0.00305	0.00306	C
1504	0.00267	0.00269	C
1505	0.00137	0.0015	T
1506	0.00484	0.00644	A
1507	0.00425	0.00441	G
1508	0.06879	0.06903	A
1509	0.06413	0.06415	C
1510	0.03899	0.03921	C
1511	0.00959	0.01185	T
1512	0.05812	0.05955	C
1513	0.02672	0.02854	A
1514	0.04079	0.04088	A
1515	0.06021	0.06204	C
1516	0.0159	0.01722	T
1517	0.03582	0.03652	A
1518	0.06418	0.06449	C
1519	0.00853	0.01092	C
1520	0.02958	0.03172	T
1521	0.03258	0.03335	A
1522	0.03131	0.03178	A
1523	0.06511	0.06532	C
1524	0.04456	0.04589	C
1525	0.02162	0.02202	A
1526	0.02606	0.02651	A
1527	0.05783	0.06092	C
1528	0.02913	0.02925	A
1529	0.02506	0.02507	A
1530	0.01656	0.01724	A
1531	0.05194	0.05828	C
1532	0.00927	0.01061	T
1533	0.00899	0.00988	T
1534	0.01095	0.01131	A
1535	0.01465	0.01476	A
1536	0.02785	0.02884	A
1537	0.02875	0.02913	A
1538	0.00829	0.01369	T
1539	0.0244	0.0244	A
1540	0.01561	0.01561	A
1541	0.02926	0.02931	A
1542	0.02874	0.03174	A
1543	0.02482	0.02811	T
1544	0.06017	0.06144	C
1545	0.03432	0.0344	C
1546	0.04015	0.04023	C
1547	0.02995	0.03001	C
1548	0.02116	0.03647	A
1549	0.03524	0.03575	C
1550	0.00854	0.00895	T
1551	0.03071	0.03222	A
1552	0.01123	0.01149	T
1553	0.92189	0.92618	G
1554	0.05786	0.06201	C
1555	0.02212	0.0241	A
1556	0.04348	0.04443	C
1557	0.01924	0.02009	A
1558	0.00947	0.0095	T
1559	0.01069	0.01076	T
1560	0.01088	0.01093	T
1561	0.01218	0.01223	T
1562	0.0133	0.02557	A
1563	0.00632	0.00632	T
1564	0.01074	0.01074	T
1565	0.01093	0.01132	T
1566	0.03703	0.03994	C
1567	0.0125	0.01328	T
1568	0.05481	0.05486	C
1569	0.03686	0.03723	C
1570	0.02587	0.02802	A
1571	0.03403	0.03434	A
1572	0.0568	0.05775	C
1573	0.04079	0.04504	A
1574	0.01277	0.01411	T
1575	0.03529	0.03591	A
1576	0.05362	0.05497	C
1577	0.00993	0.01156	T
1578	0.04536	0.04604	C
1579	0.00627	0.0064	G
1580	0.00398	0.0041	G
1581	0.02979	0.03666	A
1582	0.01271	0.01273	T
1583	0.01059	0.01072	T
1584	0.04144	0.04834	C
1585	0.01546	0.02743	T
1586	0.03755	0.04221	A
1587	0.069	0.06921	C
1588	0.0415	0.04201	C
1589	0.03396	0.03482	C
1590	0.01312	0.01377	T
1591	0.05453	0.05593	A
1592	0.00744	0.00835	G
1593	0.06972	0.07205	C
1594	0.04328	0.04437	A
1595	0.01702	0.0193	T
1596	0.06075	0.06298	C
1597	0.04271	0.04417	A
1598	0.06901	0.07397	C
1599	0.03213	0.03461	A
1600	0.05599	0.06181	C
1601	0.03204	0.03367	A
1602	0.06221	0.06222	C
1603	0.05043	0.05154	C
1604	0.00575	0.00914	G
1605	0.04882	0.04934	C
1606	0.03128	0.03279	A
1607	0.0707	0.07197	C
1608	0.02728	0.02753	A
1609	0.02891	0.0298	A
1610	0.01372	0.01607	T
1611	0.05267	0.05278	C
1612	0.042	0.04211	C
1613	0.05677	0.05687	C
1614	0.02733	0.02739	C
1615	0.00949	0.01048	T
1616	0.03859	0.03902	A
1617	0.0093	0.00947	T
1618	0.03951	0.03989	C
1619	0.0076	0.00788	T
1620	0.02613	0.03264	A
1621	0.00161	0.00166	G
1622	0.0027	0.00274	G
1623	0.03851	0.03852	C
1624	0.01558	0.01564	C
1625	0.00638	0.00638	T
1626	0.0092	0.00924	T
1627	0.03628	0.04502	C
1628	0.01171	0.01173	T
1629	0.01095	0.011	T
1630	0.01917	0.04292	A
1631	0.07067	0.07205	C
1632	0.00348	0.00419	G
1633	0.03762	0.03866	A
1634	0.00495	0.00572	G
1635	0.04481	0.0449	C
1636	0.03063	0.03082	C
1637	0.02042	0.02119	A
1638	0.01877	0.01885	A
1639	0.03626	0.03637	A
1640	0.04174	0.04175	A
1641	0.0499	0.05268	C
1642	0.03026	0.03075	C
1643	0.01571	0.01853	T
1644	0.00753	0.00902	G
1645	0.06874	0.06884	C
1646	0.02629	0.02659	C
1647	0.05391	0.05418	C
1648	0.03237	0.03265	C
1649	0.01073	0.01295	T
1650	0.03494	0.04057	A
1651	0.05062	0.05178	C
1652	0.00999	0.01101	T
1653	0.05009	0.05014	C
1654	0.03641	0.0386	C
1655	0.00839	0.00987	T
1656	0.04721	0.04721	C
1657	0.02571	0.02737	C
1658	0.00702	0.00839	T
1659	0.02454	0.03221	A
1660	0.00473	0.00503	G
1661	0.03817	0.0384	A
1662	0.06411	0.06431	C
1663	0.00606	0.00685	C
1664	0.01364	0.01487	T
1665	0.02897	0.02953	A
1666	0.03695	0.03749	A
1667	0.06976	0.07007	C
1668	0.03728	0.03794	C
1669	0.01046	0.01246	T
1670	0.00417	0.00481	G
1671	0.04437	0.04461	A
1672	0.04446	0.04512	C
1673	0.00987	0.0103	T
1674	0.03611	0.03708	A
1675	0.00516	0.00554	G
1676	0.04749	0.04753	A
1677	0.03011	0.03047	A
1678	0.0337	0.03378	A
1679	0.0418	0.0422	A
1680	0.0046	0.00573	G
1681	0.0455	0.04666	C
1682	0.00963	0.01021	T
1683	0.03714	0.03872	A
1684	0.0147	0.01489	T
1685	0.02115	0.02271	T
1686	0.01409	0.0388	A
1687	0.07055	0.07122	C
1688	0.0366	0.03754	C
1689	0.01371	0.01591	T
1690	0.02102	0.02168	A
1691	0.01586	0.01622	A
1692	0.03304	0.03341	A
1693	0.04157	0.04218	A
1694	0.0406	0.06242	C
1695	0.02372	0.02386	A
1696	0.0388	0.039	A
1697	0.00645	0.00683	T
1698	0.01116	0.01128	T
1699	0.01284	0.01286	T
1700	0.04532	0.04864	C
1701	0.0319	0.03558	A
1702	0.05784	0.05898	C
1703	0.03488	0.03817	A
1704	0.01068	0.01277	G
1705	0.05427	0.05593	C
1706	0.03737	0.03873	A
1707	0.06778	0.0679	C
1708	0.03243	0.03295	C
1709	0.0141	0.01418	A
1710	0.03194	0.03267	A
1711	0.03298	0.03328	A
1712	0.01305	0.01757	T
1713	0.04082	0.04132	C
1714	0.01155	0.01243	T
1715	0.04935	0.04944	C
1716	0.03855	0.03942	C
1717	0.02191	0.02953	A
1718	0.05873	0.05884	C
1719	0.03838	0.03968	C
1720	0.00862	0.01119	T
1721	0.04499	0.045	C
1722	0.03193	0.03249	C
1723	0.02737	0.03546	A
1724	0.02446	0.02546	T
1725	0.0451	0.0471	C
1726	0.03435	0.03946	A
1727	0.01739	0.02045	T
1728	0.06677	0.07158	C
1729	0.03744	0.03879	A
1730	0.05843	0.0585	C
1731	0.04578	0.04658	C
1732	0.00889	0.01362	T
1733	0.04788	0.05066	C
1734	0.0242	0.0281	A
1735	0.04045	0.04111	A
1736	0.04932	0.0494	C
1737	0.03061	0.03079	C
1738	0.03306	0.03386	C
1739	0.00193	0.00221	A
1740	0.01866	0.01877	A
1741	0.02399	0.02407	A
1742	0.04115	0.04119	A
1743	0.02927	0.02931	A
1744	0.00362	0.00379	G
1745	0.00377	0.00387	G
1746	0.0823	0.0831	C
1747	0.03208	0.03242	A
1748	0.01053	0.01152	T
1749	0.02114	0.02115	A
1750	0.03213	0.03752	A
1751	0.00768	0.00785	T
1752	0.01001	0.01048	T
1753	0.01468	0.01488	A
1754	0.02735	0.02784	A
1755	0.08006	0.08168	A
1756	0.02775	0.0299	C
1757	0.00678	0.00684	T
1758	0.01199	0.01218	T
1759	0.00816	0.00825	T
1760	0.0226	0.02899	A
1761	0.04233	0.04313	C
1762	0.00888	0.00898	T
1763	0.01045	0.0106	T
1764	0.05468	0.05574	C
1765	0.03916	0.03978	C
1766	0.01282	0.01563	T
1767	0.05151	0.05498	C
1768	0.01466	0.0156	T
1769	0.05438	0.05681	C
1770	0.0077	0.00772	T
1771	0.01689	0.01689	T
1772	0.01638	0.01664	T
1773	0.03744	0.04285	C
1774	0.01721	0.01723	T
1775	0.0152	0.01543	T
1776	0.03837	0.05683	C
1777	0.01282	0.01282	T
1778	0.01611	0.01714	T
1779	0.06272	0.06282	C
1780	0.0661	0.06697	C
1781	0.04331	0.04382	C
1782	0.02298	0.03409	A
1783	0.06032	0.06098	C
1784	0.01711	0.02145	T
1785	0.0409	0.04382	C
1786	0.02529	0.03533	A
1787	0.0131	0.01419	T
1788	0.058	0.05844	C
1789	0.01559	0.01629	C
1790	0.01823	0.02129	T
1791	0.01993	0.02116	A
1792	0.03985	0.04076	A
1793	0.06452	0.06474	C
1794	0.04865	0.04905	C
1795	0.03372	0.03449	C
1796	0.01217	0.01627	T
1797	0.02764	0.03428	A
1798	0.05567	0.05726	C
1799	0.01236	0.01292	T
1800	0.05806	0.05807	C
1801	0.02355	0.02432	C
1802	0.01121	0.01165	T
1803	0.02477	0.02536	A
1804	0.03533	0.03537	A
1805	0.01421	0.01472	T
1806	0.05268	0.05285	C
1807	0.02358	0.02365	A
1808	0.05928	0.05933	C
1809	0.0365	0.0365	A
1810	0.00025	0.00025	T
1811	0.0	0.0	A
1812	0.0	0.0	A
