Position	Mismatches	Mismatches + Deletions	Base
1	0.0	0.0	A
2	0.0	0.0	T
3	0.0	0.0	G
4	0.02098	0.02098	A
5	0.02221	0.02394	C
6	0.01769	0.01769	C
7	0.02178	0.02178	C
8	0.02169	0.02169	C
9	0.01294	0.02499	A
10	0.01643	0.01651	A
11	0.00851	0.00938	T
12	0.02629	0.02666	A
13	0.07071	0.07142	C
14	0.0056	0.00585	G
15	0.05637	0.05822	C
16	0.01516	0.01529	A
17	0.0077	0.0077	A
18	0.02365	0.0237	A
19	0.02872	0.02872	A
20	0.97503	0.99237	C
21	0.01035	0.01145	T
22	0.02324	0.02372	A
23	0.01177	0.01503	A
24	0.0234	0.02377	C
25	0.02554	0.02559	C
26	0.02931	0.02931	C
27	0.03182	0.03182	C
28	0.02272	0.02294	C
29	0.00787	0.00842	T
30	0.01993	0.02052	A
31	0.02044	0.02083	A
32	0.00951	0.01055	T
33	0.01782	0.01813	A
34	0.00922	0.00923	A
35	0.01949	0.0195	A
36	0.02947	0.03064	A
37	0.00748	0.0079	T
38	0.01356	0.01394	T
39	0.01809	0.01854	A
40	0.03389	0.03404	A
41	0.01308	0.01353	T
42	0.01506	0.01537	T
43	0.0171	0.01724	A
44	0.04395	0.04488	A
45	0.05473	0.05572	C
46	0.0434	0.04367	C
47	0.98264	0.98854	A
48	0.04374	0.04393	C
49	0.01169	0.01347	T
50	0.04673	0.04713	C
51	0.03503	0.04054	A
52	0.01256	0.01296	T
53	0.01298	0.01321	T
54	0.0392	0.04211	C
55	0.03464	0.03554	A
56	0.0157	0.02093	T
57	0.045	0.04594	C
58	0.01093	0.01193	G
59	0.03578	0.03612	A
60	0.05225	0.05232	C
61	0.02554	0.02591	C
62	0.00513	0.01006	T
63	0.03501	0.03503	C
64	0.03983	0.03987	C
65	0.04379	0.04381	C
66	0.03431	0.03521	C
67	0.01325	0.02266	A
68	0.05713	0.05713	C
69	0.06004	0.06004	C
70	0.03744	0.03745	C
71	0.0273	0.02754	C
72	0.02303	0.03047	A
73	0.01232	0.01305	T
74	0.04989	0.05001	C
75	0.03832	0.03873	C
76	0.02984	0.03011	A
77	0.05239	0.05258	A
78	0.0484	0.04998	C
79	0.03254	0.03399	A
80	0.01087	0.01199	T
81	0.03621	0.03646	C
82	0.00829	0.00916	T
83	0.04457	0.04457	C
84	0.04424	0.04448	C
85	0.00564	0.00932	G
86	0.03255	0.03397	C
87	0.03695	0.041	A
88	0.00565	0.00581	T
89	0.00224	0.00249	G
90	0.01425	0.01463	A
91	0.0032	0.00349	T
92	0.00223	0.00278	G
93	0.01791	0.01798	A
94	0.01467	0.01487	A
95	0.01956	0.01966	A
96	0.08226	0.08389	C
97	0.00667	0.0067	T
98	0.00665	0.00667	T
99	0.03157	0.03669	C
100	0.00318	0.00321	G
101	0.00356	0.00361	G
102	0.02383	0.02472	C
103	0.00678	0.00863	T
104	0.04897	0.05142	C
105	0.02645	0.02863	A
106	0.056	0.05689	C
107	0.00879	0.00899	T
108	0.04767	0.04768	C
109	0.0384	0.03981	C
110	0.00805	0.00807	T
111	0.00612	0.00618	T
112	0.00155	0.00157	G
113	0.00222	0.00229	G
114	0.01005	0.01041	C
115	0.00506	0.00511	G
116	0.01451	0.01451	C
117	0.00571	0.00582	C
118	0.0029	0.00347	T
119	0.00228	0.00237	G
120	0.04856	0.04858	C
121	0.02696	0.02714	C
122	0.00365	0.00501	T
123	0.00274	0.0041	G
124	0.02448	0.02542	A
125	0.00588	0.00617	T
126	0.03648	0.03662	C
127	0.02304	0.02326	C
128	0.00755	0.01025	T
129	0.04992	0.05	C
130	0.03841	0.03877	C
131	0.01517	0.01588	A
132	0.03267	0.03292	A
133	0.0304	0.03114	A
134	0.01068	0.01294	T
135	0.05807	0.05879	C
136	0.03571	0.03637	A
137	0.06021	0.06074	C
138	0.03773	0.03912	C
139	0.0295	0.03895	A
140	0.04699	0.04841	C
141	0.0187	0.02233	A
142	0.00225	0.0024	G
143	0.00201	0.00203	G
144	0.02329	0.03591	A
145	0.06291	0.06334	C
146	0.00735	0.00766	T
147	0.0292	0.049	A
148	0.00994	0.00998	T
149	0.00723	0.00733	T
150	0.03208	0.03223	C
151	0.00811	0.00832	C
152	0.00663	0.00717	T
153	0.03721	0.03961	A
154	0.00414	0.0043	G
155	0.04159	0.04162	C
156	0.03088	0.03092	C
157	0.02279	0.03591	A
158	0.01123	0.01165	T
159	0.00438	0.00502	G
160	0.05829	0.05913	C
161	0.04296	0.04375	A
162	0.0521	0.05314	C
163	0.00914	0.00951	T
164	0.03459	0.03595	A
165	0.05086	0.05177	C
166	0.00771	0.00979	T
167	0.03199	0.0358	C
168	0.02013	0.02097	A
169	0.08566	0.08566	C
170	0.01325	0.01366	C
171	0.008	0.01489	A
172	0.00283	0.00314	G
173	0.01864	0.01932	A
174	0.01933	0.0198	C
175	0.00397	0.00416	G
176	0.01363	0.01364	C
177	0.00671	0.00682	C
178	0.00457	0.00822	T
179	0.06066	0.06252	C
180	0.03036	0.03392	A
181	0.04404	0.04432	A
182	0.05134	0.05154	C
183	0.04267	0.04389	C
184	0.0041	0.00539	G
185	0.02321	0.02321	C
186	0.01583	0.01605	C
187	0.00254	0.00258	T
188	0.00357	0.00359	T
189	0.00477	0.00479	T
190	0.00549	0.0055	T
191	0.01188	0.01791	C
192	0.02045	0.02085	A
193	0.00631	0.00691	T
194	0.02105	0.02137	C
195	0.02049	0.02091	A
196	0.03091	0.03236	A
197	0.01362	0.0151	T
198	0.06498	0.06716	C
199	0.01054	0.01101	G
200	0.04255	0.04265	C
201	0.03758	0.03761	C
202	0.04233	0.04267	C
203	0.02891	0.03569	A
204	0.05821	0.05976	C
205	0.03766	0.04183	A
206	0.01593	0.01852	T
207	0.05183	0.05312	C
208	0.03549	0.03688	A
209	0.05281	0.05498	C
210	0.00952	0.00981	T
211	0.03826	0.03836	C
212	0.00455	0.00475	G
213	0.0105	0.01163	A
214	0.00336	0.0035	G
215	0.01293	0.01305	A
216	0.01238	0.01267	C
217	0.00421	0.00431	G
218	0.00218	0.00319	T
219	0.01003	0.0101	A
220	0.02298	0.0231	A
221	0.02971	0.02979	A
222	0.00616	0.0062	T
223	0.00768	0.00772	T
224	0.01634	0.04284	A
225	0.00581	0.00594	T
226	0.00161	0.00165	G
227	0.0021	0.00211	G
228	0.00685	0.00701	C
229	0.0025	0.00255	T
230	0.00471	0.00507	G
231	0.02071	0.02141	A
232	0.0249	0.02495	A
233	0.01225	0.01448	T
234	0.04039	0.04209	C
235	0.03059	0.03343	A
236	0.0168	0.01813	T
237	0.06443	0.06566	C
238	0.09513	0.09861	C
239	0.00397	0.00629	G
240	0.04774	0.05419	C
241	0.01981	0.02099	T
242	0.0447	0.04514	A
243	0.05137	0.05143	C
244	0.03256	0.03396	C
245	0.00617	0.00624	T
246	0.00799	0.00833	T
247	0.01696	0.0188	C
248	0.02008	0.02362	A
249	0.05321	0.05341	C
250	0.00328	0.00345	G
251	0.00477	0.00477	C
252	0.00529	0.00531	C
253	0.0153	0.01542	A
254	0.03325	0.03338	A
255	0.00625	0.00643	T
256	0.00293	0.00296	G
257	0.00189	0.00193	G
258	0.00719	0.00743	C
259	0.0043	0.00436	G
260	0.01655	0.01657	C
261	0.00576	0.00582	C
262	0.00236	0.00353	T
263	0.01193	0.01207	C
264	0.03372	0.03465	A
265	0.03144	0.03187	A
266	0.01032	0.01042	T
267	0.0387	0.04025	A
268	0.01083	0.01087	T
269	0.01409	0.01424	T
270	0.03436	0.05287	C
271	0.00899	0.009	T
272	0.01098	0.01098	T
273	0.01204	0.01207	T
274	0.01937	0.02293	A
275	0.00889	0.00982	T
276	0.04704	0.04792	C
277	0.00919	0.00935	T
278	0.00272	0.00306	G
279	0.01427	0.01433	C
280	0.00271	0.00287	C
281	0.00172	0.0023	T
282	0.00745	0.00805	C
283	0.00322	0.00322	T
284	0.00514	0.00535	T
285	0.01068	0.01071	C
286	0.00647	0.00658	C
287	0.00594	0.0067	T
288	0.04353	0.04494	A
289	0.06205	0.06331	C
290	0.03428	0.03733	A
291	0.06418	0.06651	C
292	0.03356	0.03582	A
293	0.01014	0.01106	T
294	0.04513	0.04782	C
295	0.00196	0.00197	G
296	0.00172	0.00173	G
297	0.00181	0.00182	G
298	0.21253	0.24438	C
299	0.00254	0.00291	G
300	0.00712	0.00876	A
301	0.00277	0.00277	G
302	0.00262	0.00265	G
303	0.01248	0.01248	C
304	0.03505	0.03523	C
305	0.00718	0.00758	T
306	0.021	0.02114	A
307	0.00878	0.00882	T
308	0.03032	0.03078	A
309	0.01241	0.01241	T
310	0.01252	0.01309	T
311	0.019	0.04176	A
312	0.06108	0.06236	C
313	0.00672	0.00678	G
314	0.00385	0.0039	G
315	0.02847	0.03713	A
316	0.0154	0.01662	T
317	0.04266	0.04351	C
318	0.04668	0.04823	A
319	0.00793	0.00806	T
320	0.00992	0.01009	T
321	0.01365	0.01372	T
322	0.03585	0.03904	C
323	0.00951	0.00982	T
324	0.04663	0.04726	C
325	0.01064	0.01088	T
326	0.03246	0.03523	A
327	0.04627	0.04697	C
328	0.00929	0.0119	T
329	0.0426	0.04446	C
330	0.02957	0.03122	A
331	0.00554	0.0062	G
332	0.02771	0.02778	A
333	0.03204	0.03215	A
334	0.04377	0.04463	A
335	0.0464	0.04687	C
336	0.0251	0.02531	C
337	0.00729	0.00849	T
338	0.00373	0.00475	G
339	0.0427	0.04291	A
340	0.04156	0.04163	A
341	0.0359	0.03596	A
342	0.04581	0.05067	C
343	0.03616	0.03695	A
344	0.0151	0.017	T
345	0.0478	0.04891	C
346	0.00525	0.0053	G
347	0.00429	0.00433	G
348	0.0485	0.0489	C
349	0.03963	0.03982	A
350	0.01298	0.01306	T
351	0.01028	0.01042	T
352	0.01127	0.03675	A
353	0.00914	0.00966	T
354	0.03469	0.03564	C
355	0.03049	0.03071	C
356	0.00576	0.00785	T
357	0.04261	0.04265	C
358	0.02434	0.02589	C
359	0.00682	0.00775	T
360	0.00235	0.00265	G
361	0.02872	0.03039	C
362	0.00528	0.00529	T
363	0.00684	0.00703	T
364	0.00281	0.00374	G
365	0.03993	0.04355	C
366	0.03499	0.03519	A
367	0.04741	0.04742	A
368	0.04426	0.04514	C
369	0.00916	0.00927	T
370	0.02598	0.03393	A
371	0.01073	0.01093	T
372	0.03439	0.03483	A
373	0.00342	0.00419	G
374	0.02572	0.02687	C
375	0.03074	0.03076	A
376	0.03222	0.03299	A
377	0.04749	0.04925	C
378	0.01916	0.02021	A
379	0.00286	0.0029	G
380	0.0128	0.0128	C
381	0.00463	0.00464	C
382	0.00169	0.00174	T
383	0.00778	0.00783	T
384	0.04887	0.05133	C
385	0.03889	0.04128	A
386	0.0092	0.01101	T
387	0.01858	0.02082	A
388	0.0018	0.00187	G
389	0.00267	0.00267	G
390	0.00687	0.00712	C
391	0.00266	0.00269	T
392	0.03751	0.03784	A
393	0.0086	0.00865	T
394	0.00301	0.00313	G
395	0.00574	0.00591	T
396	0.01268	0.0127	C
397	0.01198	0.01202	C
398	0.00299	0.00468	T
399	0.01796	0.01798	C
400	0.04149	0.04149	C
401	0.04056	0.04068	C
402	0.00268	0.00449	G
403	0.00915	0.01038	T
404	0.00251	0.0028	G
405	0.01502	0.01621	A
406	0.00242	0.00242	G
407	0.00209	0.0021	G
408	0.03293	0.03297	C
409	0.02725	0.02735	C
410	0.01498	0.01503	A
411	0.0294	0.02941	A
412	0.02965	0.02979	A
413	0.00913	0.01058	T
414	0.03895	0.03929	A
415	0.01081	0.01156	T
416	0.04636	0.04737	C
417	0.04254	0.04336	A
418	0.00899	0.00901	T
419	0.00729	0.00757	T
420	0.02847	0.03334	C
421	0.00832	0.0084	T
422	0.00311	0.00425	G
423	0.03518	0.03577	A
424	0.00393	0.00393	G
425	0.00252	0.00252	G
426	0.00395	0.00395	G
427	0.00436	0.00436	G
428	0.0133	0.01335	C
429	0.02679	0.02712	C
430	0.02767	0.03682	A
431	0.04536	0.04544	C
432	0.0187	0.01956	A
433	0.0045	0.00459	G
434	0.00467	0.0049	T
435	0.01117	0.01119	A
436	0.01775	0.01778	A
437	0.00762	0.00775	T
438	0.01063	0.01075	T
439	0.01027	0.03244	A
440	0.06631	0.06877	C
441	0.03981	0.03988	A
442	0.03172	0.0319	A
443	0.02836	0.02932	A
444	0.05781	0.06415	C
445	0.0069	0.00722	T
446	0.00657	0.00669	T
447	0.00986	0.02526	A
448	0.03015	0.03107	C
449	0.00582	0.00616	T
450	0.03771	0.04092	A
451	0.00835	0.0095	T
452	0.05216	0.0531	C
453	0.05638	0.0572	C
454	0.00339	0.00515	G
455	0.03644	0.03644	C
456	0.0193	0.01941	C
457	0.02897	0.043	A
458	0.01177	0.01258	T
459	0.02288	0.02297	C
460	0.01951	0.01959	C
461	0.01856	0.01892	C
462	0.00656	0.03136	A
463	0.00878	0.00913	T
464	0.03401	0.03442	A
465	0.05754	0.05817	C
466	0.0395	0.04002	A
467	0.00904	0.00915	T
468	0.007	0.00713	T
469	0.00193	0.00194	G
470	0.00124	0.00124	G
471	0.00142	0.00142	G
472	0.96754	0.97545	A
473	0.03355	0.03406	C
474	0.02713	0.03028	A
475	0.00449	0.00459	G
476	0.02592	0.02617	A
477	0.05434	0.05442	C
478	0.04106	0.04114	C
479	0.00664	0.00698	T
480	0.02848	0.02976	A
481	0.00437	0.00446	G
482	0.00698	0.00703	T
483	0.00965	0.00967	T
484	0.0502	0.05121	C
485	0.03446	0.03464	A
486	0.03004	0.0301	A
487	0.00728	0.00747	T
488	0.00285	0.0031	G
489	0.01488	0.01507	A
490	0.01527	0.01584	A
491	0.00368	0.00379	T
492	0.01164	0.01181	C
493	0.00319	0.00322	T
494	0.00269	0.00296	G
495	0.01604	0.01633	A
496	0.00276	0.00276	G
497	0.00237	0.00248	G
498	0.02383	0.03248	A
499	0.00268	0.00268	G
500	0.00295	0.00297	G
501	0.01916	0.02056	C
502	0.00322	0.00339	T
503	0.02475	0.02569	A
504	0.02766	0.02773	C
505	0.00682	0.00961	T
506	0.02842	0.02863	C
507	0.04408	0.04512	A
508	0.0058	0.00588	G
509	0.0113	0.01231	T
510	0.03107	0.03213	A
511	0.00333	0.00342	G
512	0.03364	0.03427	A
513	0.0644	0.06473	C
514	0.02911	0.03031	A
515	0.00415	0.00476	G
516	0.00995	0.01114	T
517	0.02525	0.02539	C
518	0.02012	0.02026	C
519	0.0212	0.02163	C
520	0.03119	0.04942	A
521	0.05466	0.0547	C
522	0.00709	0.00711	C
523	0.00724	0.00756	C
524	0.00355	0.01003	T
525	0.01192	0.0121	C
526	0.02051	0.02813	A
527	0.0674	0.06886	C
528	0.03664	0.0374	A
529	0.05913	0.06024	C
530	0.00324	0.00341	G
531	0.01784	0.01804	A
532	0.00398	0.00409	T
533	0.00485	0.00487	T
534	0.01295	0.01804	C
535	0.00689	0.0069	T
536	0.01039	0.0104	T
537	0.01487	0.01503	T
538	0.03771	0.05017	A
539	0.0702	0.07044	C
540	0.04781	0.04797	C
541	0.00516	0.00528	T
542	0.01322	0.01343	T
543	0.01922	0.01928	T
544	0.0485	0.05407	C
545	0.03509	0.03683	A
546	0.05773	0.05894	C
547	0.00992	0.01069	T
548	0.01045	0.01274	T
549	0.04458	0.05006	C
550	0.03943	0.0428	A
551	0.00939	0.01026	T
552	0.03046	0.03132	C
553	0.00938	0.00941	T
554	0.01582	0.01615	T
555	0.00441	0.00585	G
556	0.0577	0.05815	C
557	0.02106	0.02118	C
558	0.01796	0.01805	C
559	0.00652	0.00671	T
560	0.01139	0.01144	T
561	0.03781	0.04082	C
562	0.02958	0.0299	A
563	0.01276	0.01277	T
564	0.00875	0.00887	T
565	0.01219	0.031	A
566	0.01062	0.01062	T
567	0.01163	0.01185	T
568	0.00541	0.01077	G
569	0.04147	0.04698	C
570	0.04581	0.04884	A
571	0.00759	0.00818	G
572	0.03474	0.03483	C
573	0.02339	0.0236	C
574	0.02477	0.02485	C
575	0.00808	0.00852	T
576	0.04817	0.0496	A
577	0.00423	0.00545	G
578	0.03529	0.03619	C
579	0.036	0.03651	A
580	0.91805	0.9192	A
581	0.05033	0.05099	C
582	0.03171	0.03812	A
583	0.05847	0.05933	C
584	0.01096	0.01224	T
585	0.04433	0.04439	C
586	0.03581	0.03653	C
587	0.02285	0.02859	A
588	0.0564	0.05642	C
589	0.03793	0.03972	C
590	0.00663	0.00857	T
591	0.05527	0.05528	C
592	0.02922	0.03093	C
593	0.00922	0.00971	T
594	0.03239	0.03558	A
595	0.00887	0.00888	T
596	0.008	0.00807	T
597	0.02862	0.03502	C
598	0.01284	0.01284	T
599	0.01261	0.01268	T
600	0.00394	0.0058	G
601	0.04412	0.04495	C
602	0.03793	0.0384	A
603	0.05785	0.05859	C
604	0.00614	0.00695	G
605	0.02236	0.02265	A
606	0.03114	0.03164	A
607	0.03693	0.03708	A
608	0.05282	0.0579	C
609	0.00341	0.00343	G
610	0.00276	0.0028	G
611	0.00286	0.00293	G
612	0.02391	0.02927	A
613	0.00857	0.01037	T
614	0.04819	0.04935	C
615	0.0439	0.04423	A
616	0.03587	0.03676	A
617	0.03403	0.03434	A
618	0.06221	0.07043	C
619	0.03178	0.03183	A
620	0.02601	0.03924	A
621	0.0248	0.02503	C
622	0.02083	0.02163	C
623	0.01982	0.02002	C
624	0.02679	0.02682	C
625	0.0282	0.02824	C
626	0.00744	0.00777	T
627	0.0419	0.0425	A
628	0.00194	0.00198	G
629	0.00317	0.00323	G
630	0.01856	0.01869	A
631	0.02775	0.0279	A
632	0.00906	0.01038	T
633	0.0493	0.04984	C
634	0.03837	0.03901	A
635	0.06039	0.0605	C
636	0.03294	0.03364	C
637	0.00756	0.01126	T
638	0.05217	0.05221	C
639	0.04684	0.04684	C
640	0.03297	0.03352	C
641	0.03276	0.03755	A
642	0.0088	0.00891	T
643	0.00586	0.0059	T
644	0.03253	0.0326	C
645	0.03747	0.03754	C
646	0.00633	0.00823	G
647	0.03933	0.03992	A
648	0.01151	0.01241	T
649	0.02627	0.02654	A
650	0.0152	0.01539	A
651	0.02934	0.02941	A
652	0.0414	0.04231	A
653	0.01436	0.01918	T
654	0.04481	0.04583	C
655	0.04023	0.04062	A
656	0.1171	0.11759	C
657	0.03991	0.04036	C
658	0.01748	0.02432	T
659	0.01359	0.01402	T
660	0.05819	0.05841	C
661	0.04172	0.04277	C
662	0.01299	0.03107	A
663	0.1037	0.10377	C
664	0.04162	0.0417	C
665	0.02587	0.02694	C
666	0.01131	0.01189	T
667	0.01044	0.01075	T
668	0.01915	0.04195	A
669	0.05241	0.05359	C
670	0.011	0.01282	T
671	0.05478	0.05741	A
672	0.06411	0.06656	C
673	0.02634	0.02815	A
674	0.06274	0.06566	C
675	0.02929	0.02937	A
676	0.04337	0.04427	A
677	0.01252	0.01422	T
678	0.05583	0.05647	C
679	0.03475	0.03483	A
680	0.03552	0.0365	A
681	0.03862	0.0395	A
682	0.00534	0.00606	G
683	0.0426	0.04371	A
684	0.05706	0.05866	C
685	0.00766	0.00792	G
686	0.02242	0.02243	C
687	0.00999	0.01001	C
688	0.03413	0.03427	C
689	0.00823	0.01042	T
690	0.05933	0.05994	C
691	0.00332	0.00382	G
692	0.0041	0.00411	G
693	0.0211	0.02165	C
694	0.00951	0.00959	T
695	0.01159	0.01172	T
696	0.01828	0.03725	A
697	0.06601	0.06665	C
698	0.01099	0.01106	T
699	0.01342	0.01356	T
700	0.03588	0.04681	C
701	0.00999	0.0111	T
702	0.05199	0.05662	C
703	0.01367	0.01368	T
704	0.0123	0.01291	T
705	0.05353	0.05371	C
706	0.04634	0.04759	C
707	0.01155	0.01172	T
708	0.02435	0.02462	T
709	0.04801	0.05857	C
710	0.01041	0.01201	T
711	0.05366	0.05668	C
712	0.01506	0.01551	T
713	0.04735	0.04737	C
714	0.03166	0.03299	C
715	0.00967	0.00968	T
716	0.01232	0.01244	T
717	0.0165	0.01769	A
718	0.02895	0.02905	A
719	0.01236	0.01329	T
720	0.94139	0.94452	G
721	0.0291	0.03196	A
722	0.05756	0.06214	C
723	0.03599	0.03648	A
724	0.01253	0.01269	T
725	0.01464	0.0154	T
726	0.02638	0.02677	A
727	0.02923	0.03014	A
728	0.0632	0.0655	C
729	0.06415	0.06449	A
730	0.06671	0.06879	C
731	0.00767	0.00804	T
732	0.03922	0.04145	A
733	0.00872	0.00882	T
734	0.01063	0.01083	T
735	0.04147	0.04689	C
736	0.01164	0.01446	T
737	0.04253	0.04479	C
738	0.02738	0.02927	A
739	0.06699	0.06702	C
740	0.02675	0.02733	C
741	0.03517	0.063	A
742	0.00567	0.0065	G
743	0.03893	0.03914	A
744	0.06889	0.06901	C
745	0.02885	0.02951	C
746	0.00645	0.00828	T
747	0.04402	0.04405	C
748	0.01546	0.01623	C
749	0.00567	0.00616	T
750	0.02218	0.02482	A
751	0.00201	0.00203	G
752	0.00296	0.00303	G
753	0.02802	0.02881	C
754	0.00562	0.0073	G
755	0.0295	0.03406	A
756	0.06221	0.06238	C
757	0.04211	0.04233	C
758	0.04427	0.04453	C
759	0.01911	0.04366	A
760	0.0046	0.00491	G
761	0.04015	0.04036	A
762	0.07463	0.07563	C
763	0.02565	0.02571	A
764	0.03085	0.03119	A
765	0.01215	0.01229	T
766	0.01287	0.01304	T
767	0.01916	0.04588	A
768	0.02202	0.0246	T
769	0.04283	0.04728	A
770	0.07061	0.07204	C
771	0.03197	0.03208	C
772	0.0104	0.01048	C
773	0.00876	0.00971	T
774	0.0322	0.03343	A
775	0.00578	0.00625	G
776	0.07669	0.07701	C
777	0.04282	0.04518	C
778	0.02014	0.0209	A
779	0.02732	0.03121	A
780	0.04302	0.04329	C
781	0.04463	0.04529	C
782	0.03474	0.03519	C
783	0.03263	0.03284	C
784	0.00806	0.00829	T
785	0.01006	0.01027	T
786	0.02503	0.02556	A
787	0.03363	0.03385	A
788	0.06189	0.0627	A
789	0.06171	0.06873	C
790	0.03983	0.04677	A
791	0.07257	0.07271	C
792	0.04134	0.04144	C
793	0.03099	0.03106	C
794	0.02999	0.03039	C
795	0.01091	0.01554	T
796	0.04326	0.04331	C
797	0.03493	0.03493	C
798	0.04241	0.04241	C
799	0.04028	0.04069	C
800	0.01891	0.02249	A
801	0.04111	0.0417	C
802	0.02859	0.03093	A
803	0.01074	0.01219	T
804	0.04782	0.0483	C
805	0.03219	0.03233	A
806	0.04891	0.0508	A
807	0.00521	0.00707	G
808	0.05369	0.05379	C
809	0.03273	0.03277	C
810	0.04028	0.04032	C
811	0.00845	0.01018	G
812	0.02433	0.02447	A
813	0.02863	0.02886	A
814	0.00988	0.01014	T
815	0.00317	0.00447	G
816	0.03442	0.035	A
817	0.01	0.01013	T
818	0.03699	0.0379	A
819	0.00627	0.00629	T
820	0.01265	0.01276	T
821	0.01012	0.01017	T
822	0.05974	0.06008	C
823	0.04004	0.04014	C
824	0.00889	0.00952	T
825	0.04276	0.04786	A
826	0.00899	0.00901	T
827	0.01026	0.01069	T
828	0.04049	0.05091	C
829	0.00594	0.00636	G
830	0.06679	0.06692	C
831	0.0211	0.02133	C
832	0.00845	0.00984	T
833	0.03662	0.03763	A
834	0.06225	0.06418	C
835	0.033	0.03461	A
836	0.07184	0.07397	C
837	0.03106	0.0312	A
838	0.04806	0.04851	A
839	0.01113	0.0115	T
840	0.0114	0.01148	T
841	0.03996	0.05411	C
842	0.0118	0.01223	T
843	0.06367	0.06369	C
844	0.05079	0.05118	C
845	0.0057	0.00983	G
846	0.0316	0.03292	A
847	0.01004	0.01021	T
848	0.05212	0.05223	C
849	0.03445	0.03496	C
850	0.00422	0.00676	G
851	0.00942	0.01067	T
852	0.02199	0.02203	C
853	0.03092	0.03099	C
854	0.02035	0.02044	C
855	0.00699	0.00753	T
856	0.02302	0.02349	A
857	0.02577	0.02605	A
858	0.05407	0.05511	C
859	0.03268	0.03303	A
860	0.03017	0.03018	A
861	0.04485	0.04566	A
862	0.0362	0.04039	C
863	0.00339	0.00343	T
864	0.01199	0.01219	A
865	0.00158	0.00164	G
866	0.00184	0.00186	G
867	0.02479	0.03057	A
868	0.00226	0.00227	G
869	0.00223	0.00227	G
870	0.02133	0.02163	C
871	0.00642	0.00649	G
872	0.00828	0.00876	T
873	0.04716	0.04719	C
874	0.04093	0.04102	C
875	0.01045	0.01057	T
876	0.01785	0.01793	T
877	0.00536	0.00677	G
878	0.05759	0.05775	C
879	0.03509	0.03513	C
880	0.04098	0.04102	C
881	0.00784	0.00863	T
882	0.03077	0.03268	A
883	0.01723	0.01731	T
884	0.01462	0.0153	T
885	0.02913	0.06881	A
886	0.05256	0.05394	C
887	0.01055	0.01157	T
888	0.03417	0.03681	A
889	0.01512	0.01588	T
890	0.06366	0.06453	C
891	0.03217	0.03278	C
892	0.02285	0.03507	A
893	0.01638	0.01722	T
894	0.0487	0.04901	C
895	0.04339	0.04463	C
896	0.01235	0.01748	T
897	0.04476	0.04893	C
898	0.01649	0.03317	A
899	0.01414	0.0147	T
900	0.05163	0.05204	C
901	0.0287	0.02978	C
902	0.01192	0.01261	T
903	0.03936	0.0405	A
904	0.0038	0.00431	G
905	0.07263	0.07373	C
906	0.03451	0.03492	A
907	0.03458	0.03506	A
908	0.01327	0.01397	T
909	0.03076	0.03086	A
910	0.02827	0.03518	A
911	0.02385	0.02632	T
912	0.08064	0.08439	C
913	0.06579	0.06607	C
914	0.04954	0.04978	C
915	0.0329	0.0331	C
916	0.0284	0.04112	A
917	0.04258	0.04349	T
918	0.04378	0.04398	C
919	0.0265	0.02723	C
920	0.00888	0.01123	T
921	0.04596	0.04609	C
922	0.04093	0.04164	C
923	0.0206	0.02886	A
924	0.01227	0.01264	T
925	0.04329	0.04521	A
926	0.01017	0.01237	T
927	0.03009	0.03156	A
928	0.01595	0.01722	T
929	0.05689	0.05812	C
930	0.04297	0.04346	C
931	0.01614	0.01661	A
932	0.03086	0.03121	A
933	0.03013	0.03026	A
934	0.05696	0.06563	C
935	0.02822	0.02829	A
936	0.02852	0.02915	A
937	0.05923	0.06331	C
938	0.02948	0.02948	A
939	0.03003	0.03004	A
940	0.04465	0.04561	A
941	0.0059	0.00761	G
942	0.05113	0.05183	C
943	0.03392	0.03446	A
944	0.01174	0.01215	T
945	0.03607	0.03609	A
946	0.03259	0.03632	A
947	0.01051	0.01085	T
948	0.03999	0.04194	A
949	0.00462	0.00464	T
950	0.00956	0.00963	T
951	0.01421	0.01426	T
952	0.0601	0.06458	C
953	0.01015	0.01058	G
954	0.05909	0.05915	C
955	0.03463	0.03466	C
956	0.02909	0.02936	C
957	0.02067	0.02888	A
958	0.04295	0.04369	C
959	0.00944	0.01028	T
960	0.01537	0.01565	A
961	0.0394	0.04184	A
962	0.00373	0.0049	G
963	0.05702	0.05707	C
964	0.05493	0.05505	C
965	0.01705	0.01723	A
966	0.03593	0.03644	A
967	0.01445	0.01698	T
968	0.04334	0.04348	C
969	0.03809	0.03868	A
970	0.0611	0.06335	C
971	0.00735	0.00747	T
972	0.0117	0.01178	T
973	0.00999	0.01002	T
974	0.02111	0.02598	A
975	0.01118	0.01118	T
976	0.01322	0.0133	T
977	0.00423	0.00527	G
978	0.04117	0.04225	A
979	0.03789	0.03819	C
980	0.01165	0.01208	T
981	0.05202	0.05223	C
982	0.02047	0.02199	C
983	0.012	0.01286	T
984	0.04088	0.04589	A
985	0.00549	0.00579	G
986	0.05207	0.05216	C
987	0.04678	0.04695	C
988	0.00452	0.00814	G
989	0.05155	0.05302	C
990	0.03884	0.04252	A
991	0.0045	0.00465	G
992	0.04524	0.04638	A
993	0.0076	0.00763	C
994	0.0056	0.00574	C
995	0.00122	0.00158	T
996	0.0037	0.0037	C
997	0.00424	0.00436	C
998	0.00324	0.00438	T
999	0.04662	0.04719	C
1000	0.014	0.01857	A
1001	0.00342	0.00342	T
1002	0.00463	0.0047	T
1003	0.03115	0.04306	C
1004	0.01292	0.01368	T
1005	0.03263	0.03368	A
1006	0.03902	0.03939	A
1007	0.07369	0.07384	C
1008	0.03925	0.03982	C
1009	0.00599	0.00688	T
1010	0.00362	0.00373	G
1011	0.01038	0.01054	A
1012	0.01318	0.01329	A
1013	0.00342	0.00363	T
1014	0.08554	0.08577	C
1015	0.0025	0.00253	G
1016	0.00163	0.00168	G
1017	0.00732	0.0081	A
1018	0.00341	0.00341	G
1019	0.00284	0.00292	G
1020	0.02488	0.04438	A
1021	0.04898	0.05385	C
1022	0.03348	0.0335	A
1023	0.04075	0.04112	A
1024	0.05623	0.05627	C
1025	0.03702	0.03702	C
1026	0.03186	0.0426	A
1027	0.00638	0.00668	G
1028	0.00735	0.00952	T
1029	0.0425	0.04255	A
1030	0.04563	0.04624	A
1031	0.00264	0.00295	G
1032	0.01211	0.01335	C
1033	0.0035	0.00482	T
1034	0.01579	0.01622	A
1035	0.02505	0.02537	C
1036	0.02276	0.02294	C
1037	0.03332	0.03342	C
1038	0.00444	0.00447	T
1039	0.00988	0.00993	T
1040	0.01246	0.01254	T
1041	0.01718	0.01723	T
1042	0.03791	0.05389	A
1043	0.05792	0.05805	C
1044	0.02824	0.02847	C
1045	0.02281	0.02703	A
1046	0.01431	0.01541	T
1047	0.04472	0.04535	C
1048	0.03981	0.04187	A
1049	0.01382	0.01385	T
1050	0.01442	0.01473	T
1051	0.0028	0.00282	G
1052	0.0023	0.00234	G
1053	0.0281	0.042	A
1054	0.06538	0.06589	C
1055	0.03509	0.0351	A
1056	0.05107	0.05214	A
1057	0.0039	0.00419	G
1058	0.00321	0.00394	T
1059	0.01605	0.01632	A
1060	0.0269	0.02787	G
1061	0.01585	0.01793	C
1062	0.0569	0.05944	A
1063	0.00871	0.00896	T
1064	0.04311	0.04316	C
1065	0.04613	0.04633	C
1066	0.00568	0.01012	G
1067	0.01218	0.01275	T
1068	0.046	0.04625	A
1069	0.05258	0.05363	C
1070	0.00988	0.0105	T
1071	0.04261	0.0451	A
1072	0.0141	0.01487	T
1073	0.03265	0.03409	A
1074	0.05773	0.06113	C
1075	0.01247	0.01262	T
1076	0.01743	0.01796	T
1077	0.05007	0.05359	C
1078	0.03156	0.0328	A
1079	0.06433	0.06939	C
1080	0.02799	0.02851	A
1081	0.03339	0.03413	A
1082	0.0608	0.06434	C
1083	0.02692	0.0271	A
1084	0.0368	0.03839	A
1085	0.01369	0.01503	T
1086	0.0522	0.05232	C
1087	0.03547	0.03617	C
1088	0.01225	0.01417	T
1089	0.01192	0.01352	A
1090	0.03084	0.03161	A
1091	0.01437	0.01486	T
1092	0.05488	0.05538	C
1093	0.03051	0.0311	C
1094	0.01054	0.01134	T
1095	0.03173	0.03266	A
1096	0.02629	0.02727	A
1097	0.01812	0.02033	T
1098	0.02773	0.02842	A
1099	0.07679	0.07825	C
1100	0.04124	0.04152	C
1101	0.01637	0.01653	A
1102	0.03839	0.03859	A
1103	0.03007	0.03117	C
1104	0.00908	0.00938	T
1105	0.027	0.02852	A
1106	0.0146	0.01554	T
1107	0.03741	0.03914	C
1108	0.02775	0.02916	T
1109	0.03437	0.03488	C
1110	0.04431	0.04435	C
1111	0.02747	0.02794	C
1112	0.00978	0.01018	T
1113	0.01552	0.0164	A
1114	0.02636	0.02668	A
1115	0.01094	0.01101	T
1116	0.01064	0.01083	T
1117	0.00695	0.00778	G
1118	0.02569	0.02576	A
1119	0.01871	0.01881	A
1120	0.02234	0.02241	A
1121	0.02077	0.0209	A
1122	0.03198	0.04939	C
1123	0.02286	0.02286	A
1124	0.01387	0.01387	A
1125	0.02289	0.02289	A
1126	0.02537	0.02542	A
1127	0.00604	0.00847	T
1128	0.01533	0.01548	A
1129	0.03121	0.03203	C
1130	0.00774	0.00787	T
1131	0.03872	0.03904	C
1132	0.00694	0.00709	A
1133	0.01599	0.01603	A
1134	0.03968	0.03968	A
1135	0.09308	0.10237	T
1136	0.02553	0.02553	G
1137	0.00632	0.00632	G
1138	0.00344	0.00344	G
1139	0.01559	0.01559	C
1140	0.01058	0.01058	C
1141	0.00029	0.00029	T
1142	0.0	0.0	A
1143	0.0	0.0	A
