Position	Mismatches	Mismatches + Deletions	Base
7585	0.00161	0.00162	A
7586	0.00045	0.00048	T
7587	0.00072	0.00072	G
7588	0.00329	0.0033	G
7589	0.02525	0.0253	C
7590	0.03409	0.03446	A
7591	0.03764	0.04279	C
7592	0.02153	0.02191	A
7593	0.00817	0.00834	T
7594	0.00348	0.00452	G
7595	0.04027	0.04244	C
7596	0.02809	0.02871	A
7597	0.00431	0.00444	G
7598	0.04649	0.04713	C
7599	0.00536	0.00549	G
7600	0.05189	0.05528	C
7601	0.00794	0.00795	A
7602	0.00733	0.00733	A
7603	0.00241	0.00249	G
7604	0.00098	0.00101	T
7605	0.00301	0.00311	A
7606	0.00211	0.00211	G
7607	0.00243	0.00243	G
7608	0.00087	0.00091	T
7609	0.00153	0.00161	C
7610	0.00301	0.00309	T
7611	0.03806	0.03859	A
7612	0.06899	0.06918	C
7613	0.03842	0.03842	A
7614	0.0319	0.03349	A
7615	0.00194	0.00201	G
7616	0.00541	0.0056	A
7617	0.00415	0.0042	C
7618	0.00478	0.00486	G
7619	0.0027	0.00275	C
7620	0.00097	0.00098	T
7621	0.00333	0.00347	A
7622	0.00372	0.00386	C
7623	0.00132	0.00134	T
7624	0.00224	0.00231	T
7625	0.03138	0.03138	C
7626	0.03272	0.03279	C
7627	0.042	0.04206	C
7628	0.0248	0.0248	C
7629	0.00677	0.0074	T
7630	0.03149	0.03183	A
7631	0.00739	0.00958	T
7632	0.03088	0.03123	C
7633	0.02822	0.02943	A
7634	0.00757	0.00802	T
7635	0.04261	0.04495	A
7636	0.00373	0.00418	G
7637	0.03132	0.03132	A
7638	0.03215	0.03346	A
7639	0.00277	0.00347	G
7640	0.0404	0.04156	A
7641	0.00416	0.00437	G
7642	0.03862	0.03978	C
7643	0.0074	0.0075	T
7644	0.01197	0.01207	T
7645	0.02415	0.03904	A
7646	0.01086	0.01295	T
7647	0.05487	0.05662	C
7648	0.04914	0.04969	A
7649	0.05819	0.05821	C
7650	0.02928	0.02943	C
7651	0.00557	0.00577	T
7652	0.00714	0.00725	T
7653	0.00759	0.00763	T
7654	0.03051	0.03327	C
7655	0.02764	0.02791	A
7656	0.00755	0.00781	T
7657	0.00269	0.00397	G
7658	0.02483	0.0253	A
7659	0.00716	0.00907	T
7660	0.05742	0.05879	C
7661	0.03692	0.04054	A
7662	0.06854	0.07199	C
7663	0.00506	0.00602	G
7664	0.08024	0.08039	C
7665	0.01883	0.01889	C
7666	0.0411	0.04184	C
7667	0.00933	0.01224	T
7668	0.04215	0.04254	C
7669	0.02049	0.02378	A
7670	0.01161	0.01229	T
7671	0.02752	0.02773	A
7672	0.03364	0.03723	A
7673	0.02154	0.02228	T
7674	0.04892	0.0503	C
7675	0.03408	0.03465	A
7676	0.00856	0.00859	T
7677	0.00586	0.00597	T
7678	0.01288	0.01305	T
7679	0.01184	0.01191	T
7680	0.03947	0.04027	C
7681	0.04815	0.04824	C
7682	0.01209	0.01213	T
7683	0.01557	0.01573	T
7684	0.01391	0.04223	A
7685	0.01346	0.01471	T
7686	0.05194	0.05439	C
7687	0.01659	0.01687	T
7688	0.00456	0.00755	G
7689	0.05614	0.06203	C
7690	0.01502	0.01506	T
7691	0.01542	0.01551	T
7692	0.0535	0.05359	C
7693	0.04285	0.04312	C
7694	0.01102	0.01311	T
7695	0.03128	0.04633	A
7696	0.00462	0.00478	G
7697	0.01081	0.01106	T
7698	0.06422	0.06434	C
7699	0.03577	0.03605	C
7700	0.00998	0.01103	T
7701	0.00445	0.00551	G
7702	0.00853	0.0111	T
7703	0.03167	0.03414	A
7704	0.01618	0.01691	T
7705	0.00775	0.00864	G
7706	0.07531	0.07765	C
7707	0.03735	0.03742	C
7708	0.03976	0.04006	C
7709	0.00459	0.00465	T
7710	0.0049	0.00493	T
7711	0.01124	0.01135	T
7712	0.01031	0.01032	T
7713	0.04122	0.04177	C
7714	0.03005	0.03011	C
7715	0.01354	0.01505	T
7716	0.03733	0.03838	A
7717	0.02919	0.02951	A
7718	0.06226	0.06335	C
7719	0.02987	0.03099	A
7720	0.05695	0.05951	C
7721	0.01594	0.01852	T
7722	0.05468	0.05567	C
7723	0.02545	0.02749	A
7724	0.06452	0.06944	C
7725	0.02809	0.02911	A
7726	0.03309	0.03387	A
7727	0.06232	0.06613	C
7728	0.02605	0.02633	A
7729	0.02235	0.02244	A
7730	0.02678	0.02693	A
7731	0.03156	0.03178	A
7732	0.03814	0.05913	C
7733	0.01429	0.01519	T
7734	0.0294	0.02959	A
7735	0.02711	0.02803	A
7736	0.05231	0.0555	C
7737	0.01086	0.01141	T
7738	0.02897	0.02933	A
7739	0.02747	0.02848	A
7740	0.0127	0.01354	T
7741	0.04107	0.04144	A
7742	0.06223	0.06599	C
7743	0.01328	0.01502	T
7744	0.04045	0.04067	A
7745	0.03965	0.04169	A
7746	0.06044	0.06262	C
7747	0.04042	0.04345	A
7748	0.01199	0.01308	T
7749	0.04252	0.04292	C
7750	0.00367	0.005	T
7751	0.0081	0.00831	C
7752	0.01068	0.01274	A
7753	0.00164	0.00175	G
7754	0.00771	0.00788	A
7755	0.00827	0.00835	C
7756	0.00626	0.00652	G
7757	0.04546	0.04584	C
7758	0.00586	0.00755	T
7759	0.03239	0.0325	C
7760	0.03938	0.04054	A
7761	0.00288	0.00289	G
7762	0.00478	0.00485	G
7763	0.01089	0.01094	A
7764	0.03686	0.03696	A
7765	0.03435	0.03476	A
7766	0.01292	0.01447	T
7767	0.0419	0.04231	A
7768	0.00383	0.0042	G
7769	0.03177	0.03178	A
7770	0.02798	0.02798	A
7771	0.03506	0.03567	A
7772	0.07723	0.07808	C
7773	0.009	0.00903	C
7774	0.00306	0.00339	G
7775	0.00181	0.0019	T
7776	0.00502	0.00504	C
7777	0.00194	0.00198	T
7778	0.00324	0.00379	G
7779	0.01311	0.01319	A
7780	0.04067	0.04076	A
7781	0.06227	0.06368	C
7782	0.00797	0.00825	T
7783	0.03852	0.03949	A
7784	0.00839	0.0086	T
7785	0.05185	0.05201	C
7786	0.02626	0.02673	C
7787	0.00861	0.01018	T
7788	0.00513	0.00604	G
7789	0.04911	0.04914	C
7790	0.02713	0.02734	C
7791	0.04151	0.04187	C
7792	0.00518	0.00783	G
7793	0.03887	0.03888	C
7794	0.01247	0.01257	C
7795	0.03073	0.03817	A
7796	0.01133	0.01449	T
7797	0.05348	0.05527	C
7798	0.03466	0.03938	A
7799	0.01147	0.01198	T
7800	0.04912	0.05025	C
7801	0.03672	0.03738	C
7802	0.00903	0.01042	T
7803	0.04316	0.05726	A
7804	0.00483	0.00501	G
7805	0.01112	0.01157	T
7806	0.02593	0.02606	C
7807	0.03621	0.03636	C
7808	0.00931	0.01059	T
7809	0.03285	0.03407	C
7810	0.02079	0.02698	A
7811	0.01472	0.01742	T
7812	0.06624	0.06813	C
7813	0.01133	0.01232	G
7814	0.05731	0.05749	C
7815	0.02595	0.02598	C
7816	0.02398	0.02443	C
7817	0.01033	0.01453	T
7818	0.03954	0.0396	C
7819	0.04808	0.0481	C
7820	0.02987	0.03053	C
7821	0.03117	0.0404	A
7822	0.01825	0.01957	T
7823	0.04863	0.04872	C
7824	0.04368	0.04383	C
7825	0.02372	0.0239	C
7826	0.0104	0.01178	T
7827	0.05234	0.05442	A
7828	0.0708	0.07142	C
7829	0.00681	0.0094	G
7830	0.0261	0.03826	C
7831	0.02009	0.02191	A
7832	0.01265	0.01301	T
7833	0.08373	0.08382	C
7834	0.0323	0.03258	C
7835	0.01097	0.01102	T
7836	0.02324	0.02333	T
7837	0.00823	0.0083	T
7838	0.027	0.03302	A
7839	0.05357	0.05409	C
7840	0.03594	0.03686	A
7841	0.01134	0.01338	T
7842	0.03978	0.03986	A
7843	0.02917	0.03132	A
7844	0.05859	0.06053	C
7845	0.04123	0.04262	A
7846	0.00292	0.00309	G
7847	0.03577	0.03603	A
7848	0.07747	0.07791	C
7849	0.00342	0.0035	G
7850	0.01392	0.01434	A
7851	0.00334	0.00334	G
7852	0.00268	0.00271	G
7853	0.00552	0.00661	T
7854	0.03042	0.03093	C
7855	0.03231	0.03236	A
7856	0.03495	0.03513	A
7857	0.0592	0.06023	C
7858	0.00618	0.0069	G
7859	0.03241	0.03376	A
7860	0.01004	0.01063	T
7861	0.05991	0.06	C
7862	0.02147	0.0216	C
7863	0.02001	0.02032	C
7864	0.00505	0.00916	T
7865	0.03809	0.03809	C
7866	0.05257	0.05258	C
7867	0.0273	0.02801	C
7868	0.00916	0.00929	T
7869	0.01253	0.0128	T
7870	0.01224	0.02939	A
7871	0.05635	0.05646	C
7872	0.02654	0.02694	C
7873	0.02223	0.02771	A
7874	0.01107	0.01165	T
7875	0.04925	0.04986	C
7876	0.02272	0.02303	A
7877	0.02991	0.03148	A
7878	0.03477	0.0362	A
7879	0.00954	0.01157	T
7880	0.04879	0.04949	C
7881	0.03381	0.0342	A
7882	0.03762	0.03928	A
7883	0.01481	0.01489	T
7884	0.01859	0.01867	T
7885	0.0075	0.00797	G
7886	0.00327	0.00329	G
7887	0.02433	0.02437	C
7888	0.01092	0.0111	C
7889	0.02111	0.02984	A
7890	0.03615	0.0362	C
7891	0.02685	0.02719	C
7892	0.02037	0.02039	A
7893	0.02658	0.02721	A
7894	0.00709	0.00722	T
7895	0.00315	0.00316	G
7896	0.00312	0.00315	G
7897	0.00305	0.00317	T
7898	0.02455	0.02485	A
7899	0.0417	0.04193	C
7900	0.00939	0.00969	T
7901	0.00482	0.00596	G
7902	0.03367	0.03434	A
7903	0.0295	0.02964	A
7904	0.05377	0.05387	C
7905	0.02594	0.02627	C
7906	0.00824	0.00909	T
7907	0.03654	0.03698	A
7908	0.05211	0.05238	C
7909	0.00252	0.0026	G
7910	0.02109	0.0218	A
7911	0.00437	0.00452	G
7912	0.00503	0.00541	T
7913	0.02018	0.02101	A
7914	0.02509	0.02565	C
7915	0.03916	0.03944	A
7916	0.04016	0.04021	C
7917	0.02978	0.02997	C
7918	0.00332	0.00468	G
7919	0.0405	0.04073	A
7920	0.03369	0.03387	C
7921	0.00605	0.00631	T
7922	0.03316	0.03582	A
7923	0.04765	0.04787	C
7924	0.00345	0.00359	G
7925	0.00268	0.00272	G
7926	0.02264	0.02287	C
7927	0.00415	0.00415	G
7928	0.00218	0.00229	G
7929	0.0278	0.03685	A
7930	0.04316	0.04356	C
7931	0.00744	0.00765	T
7932	0.02801	0.02814	A
7933	0.0271	0.02735	A
7934	0.00899	0.00954	T
7935	0.05548	0.05596	C
7936	0.01146	0.01148	T
7937	0.01243	0.01268	T
7938	0.06087	0.06494	C
7939	0.03252	0.0337	A
7940	0.03912	0.03969	A
7941	0.04735	0.05309	C
7942	0.01075	0.01128	T
7943	0.05591	0.05595	C
7944	0.02617	0.02792	C
7945	0.01071	0.0117	T
7946	0.03355	0.03532	A
7947	0.05797	0.05871	C
7948	0.03659	0.03904	A
7949	0.01428	0.01507	T
7950	0.04183	0.04287	A
7951	0.06192	0.06701	C
7952	0.01078	0.01101	T
7953	0.0205	0.02137	T
7954	0.0318	0.03206	C
7955	0.03699	0.03751	C
7956	0.05569	0.05622	C
7957	0.05368	0.05383	C
7958	0.03174	0.03187	C
7959	0.02056	0.03297	A
7960	0.01073	0.01088	T
7961	0.00894	0.00916	T
7962	0.014	0.03217	A
7963	0.01196	0.01201	T
7964	0.00965	0.00978	T
7965	0.0464	0.04691	C
7966	0.03078	0.03088	C
7967	0.00944	0.00981	T
7968	0.04211	0.04335	A
7969	0.0053	0.00701	G
7970	0.03274	0.03287	A
7971	0.04072	0.04142	A
7972	0.05756	0.05801	C
7973	0.03695	0.03704	C
7974	0.02862	0.03985	A
7975	0.00242	0.00248	G
7976	0.00372	0.00378	G
7977	0.03781	0.03825	C
7978	0.00653	0.00686	G
7979	0.03091	0.03268	A
7980	0.04441	0.04449	C
7981	0.02434	0.0246	C
7982	0.00774	0.00889	T
7983	0.00226	0.00269	G
7984	0.03994	0.04037	C
7985	0.00554	0.00601	G
7986	0.03553	0.03743	A
7987	0.02844	0.02866	C
7988	0.00708	0.00723	T
7989	0.04012	0.04013	C
7990	0.03299	0.03343	C
7991	0.00759	0.0076	T
7992	0.00926	0.00932	T
7993	0.00235	0.00281	G
7994	0.02963	0.02972	A
7995	0.04481	0.04491	C
7996	0.00519	0.00523	G
7997	0.00587	0.00597	T
7998	0.00628	0.00637	T
7999	0.00286	0.00316	G
8000	0.063	0.06353	A
8001	0.02063	0.02095	C
8002	0.01239	0.01241	A
8003	0.01353	0.0139	A
8004	0.00215	0.00235	T
8005	0.01233	0.0124	C
8006	0.00373	0.00377	G
8007	0.02356	0.02401	A
8008	0.00397	0.00403	G
8009	0.00615	0.0065	T
8010	0.04194	0.04298	A
8011	0.00557	0.00644	G
8012	0.00813	0.009	T
8013	0.03872	0.04045	A
8014	0.03142	0.03205	C
8015	0.00428	0.00482	T
8016	0.01732	0.01732	C
8017	0.02301	0.02302	C
8018	0.0131	0.01314	C
8019	0.00239	0.00331	G
8020	0.0119	0.01211	A
8021	0.0029	0.00296	T
8022	0.00271	0.00273	T
8023	0.00372	0.00414	G
8024	0.04374	0.04391	A
8025	0.05235	0.05338	A
8026	0.01167	0.0128	G
8027	0.03291	0.03329	C
8028	0.01094	0.01102	C
8029	0.03751	0.03752	C
8030	0.03713	0.03715	C
8031	0.02927	0.02934	C
8032	0.03516	0.03741	A
8033	0.01054	0.01061	T
8034	0.00893	0.00895	T
8035	0.04145	0.04297	C
8036	0.00385	0.00418	G
8037	0.00841	0.0092	T
8038	0.02402	0.02468	A
8039	0.01038	0.01096	T
8040	0.03052	0.03088	A
8041	0.02623	0.03081	A
8042	0.01229	0.01298	T
8043	0.02563	0.02567	A
8044	0.03088	0.03597	A
8045	0.0123	0.01253	T
8046	0.01274	0.0129	T
8047	0.01581	0.03933	A
8048	0.05447	0.05603	C
8049	0.03984	0.04037	A
8050	0.0123	0.01378	T
8051	0.04663	0.04847	C
8052	0.03475	0.03549	A
8053	0.05906	0.06127	C
8054	0.04125	0.04148	A
8055	0.02145	0.02299	A
8056	0.00208	0.00223	G
8057	0.00732	0.00742	A
8058	0.00492	0.00497	C
8059	0.00348	0.0035	G
8060	0.00111	0.00122	T
8061	0.00336	0.00339	C
8062	0.00228	0.00229	T
8063	0.0027	0.00271	T
8064	0.00227	0.00302	G
8065	0.00864	0.00893	C
8066	0.01246	0.01302	A
8067	0.02656	0.02666	C
8068	0.00432	0.00719	T
8069	0.04089	0.04117	C
8070	0.03433	0.04087	A
8071	0.00739	0.00767	T
8072	0.00278	0.00312	G
8073	0.01272	0.01293	A
8074	0.00236	0.00243	G
8075	0.00736	0.00749	C
8076	0.00368	0.00384	T
8077	0.00556	0.00725	G
8078	0.01358	0.01498	T
8079	0.0286	0.02879	C
8080	0.03015	0.03029	C
8081	0.03681	0.03688	C
8082	0.04368	0.04383	C
8083	0.01933	0.02276	A
8084	0.04737	0.04778	C
8085	0.03298	0.03496	A
8086	0.01101	0.01123	T
8087	0.01274	0.01287	T
8088	0.0259	0.04864	A
8089	0.00175	0.00179	G
8090	0.00154	0.00156	G
8091	0.01084	0.01132	C
8092	0.00237	0.00244	T
8093	0.00297	0.00314	T
8094	0.00382	0.00405	A
8095	0.02487	0.02495	A
8096	0.01581	0.01584	A
8097	0.03616	0.03617	A
8098	0.02941	0.02943	A
8099	0.05489	0.05934	C
8100	0.024	0.0278	A
8101	0.00326	0.00348	G
8102	0.03678	0.03756	A
8103	0.00274	0.00278	T
8104	0.00247	0.00267	G
8105	0.00927	0.00948	C
8106	0.02051	0.02059	A
8107	0.03724	0.03772	A
8108	0.00841	0.00848	T
8109	0.01005	0.01013	T
8110	0.04784	0.04791	C
8111	0.05167	0.05175	C
8112	0.05643	0.05646	C
8113	0.00224	0.00231	G
8114	0.00185	0.0019	G
8115	0.00726	0.00845	A
8116	0.00583	0.0059	C
8117	0.00451	0.00456	G
8118	0.00188	0.00201	T
8119	0.00653	0.00659	C
8120	0.00357	0.0042	T
8121	0.00738	0.00764	A
8122	0.03033	0.03047	A
8123	0.03631	0.03639	A
8124	0.06303	0.06319	C
8125	0.02805	0.02823	C
8126	0.01901	0.01941	A
8127	0.03123	0.03196	A
8128	0.04017	0.04022	A
8129	0.06987	0.07069	C
8130	0.04118	0.04166	C
8131	0.02142	0.03211	A
8132	0.0687	0.07039	C
8133	0.0061	0.00654	T
8134	0.01193	0.01214	T
8135	0.01614	0.01621	T
8136	0.05421	0.05888	C
8137	0.03894	0.04102	A
8138	0.06553	0.06556	C
8139	0.06066	0.06158	C
8140	0.00534	0.00798	G
8141	0.04119	0.04253	C
8142	0.01184	0.01271	T
8143	0.04425	0.04624	A
8144	0.05147	0.05226	C
8145	0.03636	0.0386	A
8146	0.04957	0.05066	C
8147	0.00491	0.00592	G
8148	0.02736	0.02778	A
8149	0.04209	0.04217	C
8150	0.03039	0.03091	C
8151	0.0045	0.00451	G
8152	0.00124	0.00124	G
8153	0.00153	0.00153	G
8154	0.00213	0.00214	G
8155	0.00349	0.0035	G
8156	0.00198	0.0022	T
8157	0.01919	0.01944	A
8158	0.00514	0.00517	T
8159	0.03535	0.03545	A
8160	0.02837	0.02889	C
8161	0.00231	0.00267	T
8162	0.0166	0.01694	A
8163	0.04654	0.04717	C
8164	0.00342	0.00344	G
8165	0.00213	0.00213	G
8166	0.00209	0.00236	T
8167	0.01561	0.01584	C
8168	0.01904	0.01907	A
8169	0.01482	0.0149	A
8170	0.00369	0.00381	T
8171	0.00276	0.00286	G
8172	0.02647	0.02658	C
8173	0.00392	0.00398	T
8174	0.03768	0.03783	C
8175	0.00249	0.00252	T
8176	0.00236	0.0025	G
8177	0.00389	0.00394	A
8178	0.00575	0.0058	A
8179	0.00639	0.0064	A
8180	0.01	0.01125	T
8181	0.00552	0.00557	C
8182	0.0012	0.00121	T
8183	0.00382	0.00392	G
8184	0.00095	0.00101	T
8185	0.0021	0.00211	G
8186	0.0018	0.00187	G
8187	0.06264	0.08082	A
8188	0.00578	0.00614	G
8189	0.06072	0.0674	C
8190	0.01675	0.01681	A
8191	0.03232	0.03267	A
8192	0.05468	0.05475	A
8193	0.00264	0.00267	C
8194	0.00161	0.00162	C
8195	0.00409	0.00556	A
8196	0.00368	0.00368	C
8197	0.00425	0.00489	A
8198	0.00391	0.00399	G
8199	0.00056	0.00057	T
8200	0.00101	0.00101	T
8201	0.00107	0.00107	T
8202	0.0043	0.00447	C
8203	0.01727	0.01853	A
8204	0.00821	0.00845	T
8205	0.00249	0.00283	G
8206	0.02342	0.02345	C
8207	0.02839	0.02841	C
8208	0.01192	0.01195	C
8209	0.02268	0.02697	A
8210	0.00455	0.00504	T
8211	0.04533	0.04561	C
8212	0.00388	0.00448	G
8213	0.0037	0.00379	T
8214	0.01266	0.01266	C
8215	0.01089	0.01094	C
8216	0.00374	0.0039	T
8217	0.0201	0.02059	A
8218	0.0039	0.00417	G
8219	0.03266	0.03279	A
8220	0.03206	0.03238	A
8221	0.00877	0.00906	T
8222	0.00926	0.00959	T
8223	0.02026	0.0205	A
8224	0.03524	0.03619	A
8225	0.01389	0.01407	T
8226	0.01952	0.0199	T
8227	0.05131	0.05315	C
8228	0.03266	0.03295	C
8229	0.02653	0.02679	C
8230	0.01791	0.018	C
8231	0.01119	0.01219	T
8232	0.00241	0.00281	A
8233	0.02197	0.02241	A
8234	0.01868	0.01892	A
8235	0.03184	0.03207	A
8236	0.02914	0.02946	A
8237	0.00686	0.00783	T
8238	0.03538	0.03597	C
8239	0.0065	0.0065	T
8240	0.00866	0.00868	T
8241	0.00747	0.00749	T
8242	0.00296	0.00377	G
8243	0.01135	0.01139	A
8244	0.03049	0.0306	A
8245	0.02512	0.02515	A
8246	0.00543	0.00584	T
8247	0.04041	0.04124	A
8248	0.00321	0.00329	G
8249	0.00245	0.00247	G
8250	0.00339	0.0034	G
8251	0.03594	0.036	C
8252	0.04615	0.04619	C
8253	0.03996	0.03996	C
8254	0.00457	0.00581	G
8255	0.01258	0.01397	T
8256	0.01624	0.01651	A
8257	0.00991	0.00991	T
8258	0.00979	0.00979	T
8259	0.0098	0.00987	T
8260	0.04792	0.0526	A
8261	0.01957	0.01963	C
8262	0.01506	0.01508	C
8263	0.01268	0.01269	C
8264	0.00456	0.00491	T
8265	0.01531	0.01808	A
8266	0.01301	0.01478	T
8267	0.03404	0.03479	A
8268	0.06214	0.06623	G
