Position	Mismatches	Mismatches + Deletions	Base
1	0.0	0.0	A
2	0.0	0.0	G
3	0.0	0.0	A
4	0.01385	0.01385	T
5	0.01411	0.01784	A
6	0.00628	0.00628	A
7	0.02514	0.02514	A
8	0.0366	0.0366	A
9	0.00528	0.00798	T
10	0.00997	0.01004	T
11	0.00971	0.00971	T
12	0.0034	0.00417	G
13	0.01371	0.01372	A
14	0.03414	0.03414	A
15	0.02805	0.02805	A
16	0.00349	0.00379	T
17	0.01445	0.01453	C
18	0.00268	0.00278	T
19	0.00208	0.00213	G
20	0.0024	0.00242	G
21	0.00332	0.00332	T
22	0.00423	0.00428	T
23	0.05126	0.08094	A
24	0.00175	0.00175	G
25	0.00199	0.002	G
26	0.0183	0.0189	C
27	0.00486	0.00491	T
28	0.00342	0.00342	G
29	0.00315	0.00316	G
30	0.00499	0.00505	T
31	0.00436	0.00454	G
32	0.00589	0.00589	T
33	0.00725	0.00731	T
34	0.03753	0.04707	A
35	0.00256	0.00258	G
36	0.00208	0.00208	G
37	0.00414	0.00415	G
38	0.00444	0.00444	T
39	0.0033	0.00331	T
40	0.01516	0.01905	C
41	0.00303	0.00303	T
42	0.00432	0.00432	T
43	0.00387	0.00387	T
44	0.00308	0.00372	G
45	0.00171	0.00171	T
46	0.00248	0.00248	T
47	0.00344	0.00344	T
48	0.00563	0.00563	T
49	0.00774	0.00775	T
50	0.00283	0.00287	G
51	0.00188	0.00188	G
52	0.00262	0.00263	G
53	0.00413	0.00413	G
54	0.00316	0.00317	T
55	0.00531	0.00531	T
56	0.00496	0.00496	T
57	0.00187	0.00189	G
58	0.00242	0.00243	G
59	0.01414	0.01442	C
60	0.0197	0.02011	A
61	0.00386	0.00399	G
62	0.02085	0.02219	A
63	0.00401	0.00409	G
64	0.03574	0.03704	A
65	0.00794	0.00815	T
66	0.00358	0.00369	G
67	0.00717	0.00754	T
68	0.09785	0.09823	G
69	0.0076	0.00761	T
70	0.00931	0.00931	T
71	0.00952	0.00955	T
72	0.03519	0.03547	A
73	0.03986	0.04017	A
74	0.00434	0.00523	G
75	0.0089	0.0093	T
76	0.00385	0.00394	G
77	0.01765	0.01789	C
78	0.00326	0.00338	T
79	0.00412	0.00502	G
80	0.00901	0.01171	T
81	0.00355	0.00356	G
82	0.00251	0.00257	G
83	0.01002	0.01006	C
84	0.01177	0.012	C
85	0.01924	0.0267	A
86	0.00401	0.00455	G
87	0.0304	0.03061	A
88	0.04394	0.04546	A
89	0.00529	0.00536	G
90	0.04122	0.0436	C
91	0.00027	0.00027	G
92	0.00032	0.00032	G
93	0.00051	0.00051	G
94	0.00123	0.00125	G
95	0.00119	0.00131	G
96	0.04867	0.05079	A
97	0.00074	0.00074	G
98	0.00036	0.00036	G
99	0.00035	0.00036	G
100	0.00042	0.00042	G
101	0.00051	0.00052	G
102	0.00082	0.00082	G
103	0.0009	0.00096	G
104	0.00654	0.00666	T
105	0.00716	0.00724	T
106	0.00594	0.00621	T
107	0.00429	0.00433	G
108	0.00339	0.00371	G
109	0.00727	0.00758	T
110	0.00554	0.00555	G
111	0.00591	0.00607	G
112	0.00565	0.00568	A
113	0.01123	0.01124	A
114	0.00612	0.00616	A
115	0.00121	0.00125	T
116	0.00206	0.00206	T
117	0.00489	0.00489	T
118	0.00936	0.00936	T
119	0.01168	0.01169	T
120	0.00868	0.00869	T
121	0.00402	0.00521	G
122	0.00977	0.00977	T
123	0.00973	0.00978	T
124	0.02721	0.04394	A
125	0.00855	0.00867	T
126	0.00283	0.00332	G
127	0.0102	0.01072	A
128	0.00175	0.00177	T
129	0.00168	0.00171	G
130	0.00092	0.00093	T
131	0.00163	0.00165	C
132	0.00114	0.00114	T
133	0.00282	0.00287	G
134	0.0014	0.0016	T
135	0.00349	0.0036	G
136	0.00471	0.0051	T
137	0.003	0.00301	G
138	0.00247	0.00252	G
139	0.01893	0.01909	A
140	0.02322	0.0233	A
141	0.02069	0.02072	A
142	0.00259	0.00304	G
143	0.60882	0.61002	T
144	0.00226	0.00226	G
145	0.00204	0.00204	G
146	0.00533	0.00557	C
147	0.00202	0.00209	T
148	0.00339	0.00365	G
149	0.00292	0.00296	T
150	0.0021	0.00224	G
151	0.0037	0.00376	C
152	0.00477	0.00498	A
153	0.00163	0.00166	G
154	0.00522	0.00529	A
155	0.00279	0.00282	C
156	0.00558	0.00561	A
157	0.00367	0.0037	T
158	0.00492	0.00493	T
159	0.03053	0.0307	C
160	0.0188	0.01888	A
161	0.04097	0.04099	A
162	0.0126	0.01263	T
163	0.0096	0.00961	T
164	0.00358	0.00437	G
165	0.01165	0.01165	T
166	0.00917	0.00917	T
167	0.01147	0.02557	A
168	0.01213	0.01213	T
169	0.00843	0.00843	T
170	0.00186	0.00186	A
171	0.0	0.0	T
172	0.0	0.0	T
