Position	Mismatches	Mismatches + Deletions	Base
1	0.0	0.0	A
2	0.0	0.0	T
3	0.0	0.0	G
4	0.0434	0.0434	C
5	0.02034	0.02034	C
6	0.02176	0.02176	C
7	0.03351	0.03351	C
8	0.00823	0.00931	T
9	0.0295	0.02958	C
10	0.00975	0.01288	A
11	0.01034	0.01034	T
12	0.01087	0.01088	T
13	0.01129	0.0113	T
14	0.01886	0.02204	A
15	0.05146	0.05188	C
16	0.02355	0.02376	A
17	0.01115	0.01246	T
18	0.02016	0.02016	A
19	0.02356	0.02356	A
20	0.02377	0.02535	A
21	0.0091	0.01152	T
22	0.03169	0.03209	A
23	0.00993	0.01006	T
24	0.00702	0.00716	T
25	0.00829	0.02394	A
26	0.00613	0.00636	T
27	0.01959	0.02128	A
28	0.02977	0.03068	C
29	0.00658	0.00673	T
30	0.02684	0.0274	A
31	0.00361	0.00434	G
32	0.03533	0.03567	C
33	0.0229	0.02374	A
34	0.00798	0.0081	T
35	0.00862	0.00865	T
36	0.01153	0.01161	T
37	0.03765	0.04565	A
38	0.06778	0.06796	C
39	0.03071	0.03094	C
40	0.02738	0.0356	A
41	0.01201	0.0131	T
42	0.06515	0.06558	C
43	0.01252	0.01632	T
44	0.05023	0.05057	C
45	0.03508	0.03674	A
46	0.01583	0.01636	C
47	0.00436	0.00443	T
48	0.00318	0.00322	T
49	0.0067	0.00815	C
50	0.00277	0.00278	T
51	0.01005	0.01052	A
52	0.00096	0.00097	G
53	0.00146	0.00147	G
54	0.01594	0.01597	A
55	0.01276	0.01291	A
56	0.00341	0.00357	T
57	0.01907	0.01936	A
58	0.01983	0.02013	C
59	0.0011	0.00115	T
60	0.00431	0.00448	A
61	0.00139	0.00147	G
62	0.00218	0.00224	T
63	0.01572	0.01628	A
64	0.00481	0.00513	T
65	0.02397	0.0252	A
66	0.01037	0.01089	T
67	0.06281	0.06401	C
68	0.00656	0.00678	G
69	0.04638	0.04752	C
70	0.01387	0.01947	T
71	0.13231	0.13491	C
72	0.0321	0.03914	A
73	0.07833	0.08081	C
74	0.03248	0.03356	A
75	0.05843	0.05844	C
76	0.03353	0.0345	C
77	0.0103	0.0135	T
78	0.04438	0.04477	C
79	0.03098	0.03635	A
80	0.01038	0.01471	T
81	0.03488	0.03936	A
82	0.01054	0.01082	T
83	0.05291	0.0536	C
84	0.02648	0.02699	C
85	0.00789	0.01207	T
86	0.04869	0.04892	C
87	0.04894	0.04899	C
88	0.02401	0.02527	C
89	0.00557	0.00602	T
90	0.02225	0.02346	A
91	0.03189	0.03249	C
92	0.00495	0.0053	T
93	0.01083	0.01932	A
94	0.00742	0.0077	T
95	0.00225	0.00243	G
96	0.01303	0.0131	C
97	0.00536	0.00539	C
98	0.00171	0.00179	T
99	0.0091	0.00931	A
100	0.0017	0.00177	G
101	0.01379	0.01381	A
102	0.01013	0.01038	A
103	0.0025	0.00251	G
104	0.00375	0.00382	G
105	0.02175	0.02181	A
106	0.0316	0.03175	A
107	0.01358	0.01438	T
108	0.03812	0.03814	A
109	0.0281	0.03275	A
110	0.01243	0.01302	T
111	0.04784	0.04897	A
112	0.06365	0.0674	C
113	0.01085	0.01152	T
114	0.03582	0.04338	A
115	0.01341	0.0148	T
116	0.06029	0.06179	C
117	0.01309	0.01339	G
118	0.0281	0.02829	C
119	0.00756	0.0077	T
120	0.00488	0.00778	G
121	0.01275	0.01276	T
122	0.01535	0.01544	T
123	0.04601	0.04753	C
124	0.04169	0.04222	A
125	0.0127	0.0127	T
126	0.01152	0.01169	T
127	0.0136	0.03545	A
128	0.01719	0.01767	T
129	0.03204	0.03527	A
130	0.0053	0.00589	G
131	0.04294	0.04382	C
132	0.01527	0.01618	T
133	0.04008	0.04234	A
134	0.06064	0.06224	C
135	0.01207	0.01363	T
136	0.05058	0.05228	C
137	0.01349	0.01683	T
138	0.0553	0.05596	C
139	0.03958	0.04295	A
140	0.01808	0.02517	T
141	0.03775	0.03787	A
142	0.02773	0.03558	A
143	0.06507	0.06625	C
144	0.03301	0.03318	C
145	0.03049	0.03077	C
146	0.01428	0.01703	T
147	0.05084	0.05183	C
148	0.04331	0.07094	A
149	0.04444	0.04558	A
150	0.0596	0.06564	C
151	0.03079	0.03201	A
152	0.08246	0.08263	C
153	0.05712	0.05722	C
154	0.03822	0.03949	C
155	0.01862	0.02436	A
156	0.03817	0.03947	C
157	0.00914	0.01118	T
158	0.05537	0.05537	C
159	0.03789	0.0379	C
160	0.04341	0.04424	C
161	0.00649	0.00782	T
162	0.02623	0.02662	C
163	0.00625	0.00643	T
164	0.00854	0.00857	T
165	0.0181	0.04661	A
166	0.00337	0.00349	G
167	0.05197	0.05201	C
168	0.02308	0.02315	C
169	0.01703	0.01709	A
170	0.03022	0.03028	A
171	0.00607	0.00629	T
172	0.02802	0.02836	A
173	0.00877	0.00877	T
174	0.0088	0.00884	T
175	0.00361	0.00421	G
176	0.00591	0.0066	T
177	0.0031	0.0032	G
178	0.03986	0.04002	C
179	0.02683	0.02688	C
180	0.00613	0.00667	T
181	0.02266	0.02634	A
182	0.00689	0.0069	T
183	0.00857	0.00878	T
184	0.00238	0.00273	G
185	0.05222	0.0523	C
186	0.03066	0.03074	C
187	0.00949	0.03247	A
188	0.00553	0.00566	T
189	0.07765	0.07834	A
190	0.00688	0.0071	C
191	0.00101	0.00105	T
192	0.00481	0.00524	A
193	0.00123	0.00132	G
194	0.00132	0.00156	T
195	0.03196	0.03208	C
196	0.00965	0.00965	T
197	0.00715	0.00716	T
198	0.01073	0.01078	T
199	0.00269	0.0035	G
200	0.00272	0.00274	C
201	0.00252	0.00252	C
202	0.00359	0.00408	G
203	0.0343	0.03431	C
204	0.0117	0.01174	C
205	0.00186	0.00224	T
206	0.00227	0.0024	G
207	0.00928	0.00956	C
208	0.00608	0.00859	G
209	0.04344	0.04523	A
210	0.04697	0.04702	A
211	0.00477	0.0057	G
212	0.00854	0.00896	C
213	0.01247	0.01282	A
214	0.00218	0.0022	G
215	0.00559	0.00564	C
216	0.00286	0.00286	G
217	0.0028	0.00288	G
218	0.00307	0.00312	T
219	0.0026	0.0026	G
220	0.00194	0.00194	G
221	0.00268	0.00268	G
222	0.0033	0.00331	C
223	0.01563	0.01573	C
224	0.00523	0.00624	T
225	0.03955	0.04539	A
226	0.00351	0.00363	G
227	0.02155	0.02157	C
228	0.00828	0.00829	C
229	0.00929	0.00936	C
230	0.00453	0.00525	T
231	0.01749	0.01784	A
232	0.01241	0.01268	C
233	0.00216	0.00222	T
234	0.01422	0.01512	A
235	0.00181	0.0019	G
236	0.00473	0.00528	T
237	0.04151	0.04164	C
238	0.00757	0.00879	T
239	0.03775	0.03823	C
240	0.02547	0.02681	A
241	0.02379	0.02435	A
242	0.00762	0.00824	T
243	0.05509	0.05552	C
244	0.01038	0.01115	T
245	0.05254	0.05266	C
246	0.06124	0.06189	C
247	0.0307	0.03233	A
248	0.04437	0.04446	A
249	0.03562	0.03721	C
250	0.01485	0.01554	A
251	0.03077	0.03276	C
252	0.0224	0.02318	A
253	0.00445	0.00501	T
254	0.01963	0.02061	A
255	0.00422	0.00437	T
256	0.0016	0.00165	G
257	0.00162	0.00163	G
258	0.01198	0.01199	C
259	0.01827	0.01832	C
260	0.00302	0.00323	T
261	0.01444	0.01522	A
262	0.00302	0.00309	G
263	0.0185	0.01863	A
264	0.03446	0.03473	C
265	0.00662	0.00684	T
266	0.02129	0.02177	A
267	0.05921	0.0597	C
268	0.00566	0.00608	G
269	0.00872	0.00946	T
270	0.02349	0.02409	A
271	0.07162	0.07235	C
272	0.04371	0.04642	A
273	0.00901	0.01558	T
274	0.03659	0.03663	A
275	0.03079	0.03678	A
276	0.07064	0.07216	C
277	0.03892	0.04052	C
278	0.01149	0.01548	T
279	0.00883	0.0099	A
280	0.03252	0.03327	A
281	0.03535	0.03598	A
282	0.07893	0.07999	C
283	0.03576	0.03788	C
284	0.02257	0.02465	T
285	0.02925	0.036	A
286	0.04833	0.05087	C
287	0.01088	0.01176	T
288	0.05779	0.05785	C
289	0.03284	0.03324	C
290	0.02339	0.02524	A
291	0.03301	0.03318	A
292	0.01142	0.01219	T
293	0.00419	0.00465	G
294	0.05153	0.05241	C
295	0.01177	0.01249	T
296	0.02187	0.02217	A
297	0.02043	0.02054	A
298	0.02889	0.02928	A
299	0.03549	0.03571	A
300	0.04099	0.054	C
301	0.00972	0.01018	T
302	0.01231	0.01249	A
303	0.02419	0.0245	A
304	0.01077	0.01343	T
305	0.08366	0.08561	C
306	0.0114	0.0134	G
307	0.02437	0.0259	T
308	0.05616	0.05635	C
309	0.06239	0.06276	C
310	0.04522	0.04567	C
311	0.01887	0.0193	A
312	0.02464	0.02484	A
313	0.05492	0.05643	C
314	0.01797	0.01808	A
315	0.02808	0.02854	A
316	0.00969	0.00988	T
317	0.00942	0.00955	T
318	0.01322	0.03432	A
319	0.00884	0.00907	T
320	0.03174	0.03541	A
321	0.01766	0.01768	T
322	0.01472	0.01549	T
323	0.02613	0.05035	A
324	0.04444	0.04954	C
325	0.01566	0.01735	T
326	0.04736	0.04931	A
327	0.07948	0.08022	C
328	0.05088	0.05157	C
329	0.02342	0.03343	A
330	0.03286	0.0334	C
331	0.00927	0.01013	T
332	0.00398	0.00449	G
333	0.03945	0.04049	A
334	0.04951	0.0505	C
335	0.08379	0.086	A
336	0.01304	0.01416	T
337	0.00422	0.00536	G
338	0.04735	0.04802	A
339	0.08811	0.09133	C
340	0.0066	0.00673	T
341	0.01201	0.01235	T
342	0.00987	0.00992	T
343	0.04318	0.04332	C
344	0.06111	0.06144	C
345	0.00164	0.00197	A
346	0.00682	0.00695	A
347	0.01967	0.01974	A
348	0.01467	0.01477	A
349	0.02515	0.02526	A
350	0.01396	0.014	A
351	0.0496	0.05819	C
352	0.02224	0.02319	A
353	0.06177	0.06342	C
354	0.03016	0.03108	A
355	0.01444	0.01668	T
356	0.02367	0.02368	A
357	0.03059	0.03781	A
358	0.00882	0.00888	T
359	0.01218	0.01274	T
360	0.01296	0.01301	T
361	0.00609	0.00768	G
362	0.03864	0.03882	A
363	0.03911	0.03918	A
364	0.01741	0.01892	T
365	0.05234	0.05384	C
366	0.03627	0.03651	A
367	0.03775	0.03907	A
368	0.05353	0.05626	C
369	0.02971	0.03193	A
370	0.07115	0.0904	C
371	0.02616	0.02616	A
372	0.05229	0.05738	A
373	0.06531	0.06706	C
374	0.03279	0.03433	C
375	0.02325	0.0358	A
376	0.06012	0.06027	C
377	0.05661	0.05676	C
378	0.0465	0.04858	C
379	0.0198	0.02857	A
380	0.0454	0.04947	C
381	0.02917	0.039	A
382	0.0044	0.00472	G
383	0.05465	0.05474	C
384	0.02283	0.02297	C
385	0.00964	0.01015	T
386	0.01659	0.01678	A
387	0.02749	0.02761	A
388	0.01045	0.01052	T
389	0.01039	0.01045	T
390	0.00868	0.0384	A
391	0.01164	0.01166	T
392	0.01265	0.01286	T
393	0.02786	0.04374	A
394	0.00728	0.0084	G
395	0.05104	0.05362	C
396	0.04302	0.0437	A
397	0.01396	0.01573	T
398	0.04865	0.05132	C
399	0.03248	0.03798	A
400	0.0172	0.01907	T
401	0.05338	0.05505	C
402	0.04584	0.04686	C
403	0.0303	0.03069	C
404	0.00901	0.01036	T
405	0.04394	0.04515	C
406	0.01112	0.01152	T
407	0.03916	0.04117	A
408	0.04258	0.04738	C
409	0.01299	0.01378	T
410	0.00477	0.00618	A
411	0.00135	0.00145	T
412	0.00138	0.0014	T
413	0.00542	0.00544	T
414	0.01025	0.01026	T
415	0.01009	0.01009	T
416	0.01333	0.01342	T
417	0.02511	0.02753	A
418	0.03799	0.03834	A
419	0.07814	0.07873	C
420	0.04013	0.0405	C
421	0.01558	0.01587	A
422	0.02988	0.03034	A
423	0.03493	0.03567	A
424	0.01247	0.01571	T
425	0.05829	0.05991	C
426	0.03247	0.03282	A
427	0.03275	0.03298	A
428	0.06229	0.0679	C
429	0.02798	0.02805	A
430	0.03219	0.03362	A
431	0.05911	0.06313	C
432	0.03435	0.03438	A
433	0.03944	0.04086	A
434	0.06865	0.06893	C
435	0.0347	0.03608	C
436	0.00858	0.00911	T
437	0.03282	0.03447	A
438	0.00951	0.00957	T
439	0.01095	0.01096	T
440	0.02036	0.02054	T
441	0.0395	0.04823	A
442	0.00686	0.00705	G
443	0.0441	0.04429	C
444	0.0112	0.01144	T
445	0.0051	0.01029	G
446	0.01745	0.01752	T
447	0.00899	0.00923	T
448	0.04818	0.04853	C
449	0.05214	0.05223	C
450	0.04179	0.04185	C
451	0.04682	0.04769	C
452	0.01934	0.02159	A
453	0.03776	0.03804	A
454	0.07212	0.07218	C
455	0.04047	0.04058	C
456	0.00436	0.00453	T
457	0.00589	0.00591	T
458	0.0147	0.01478	T
459	0.01092	0.01094	T
460	0.03803	0.03863	C
461	0.03911	0.0394	C
462	0.01197	0.01503	T
463	0.05983	0.06002	C
464	0.07458	0.07538	C
465	0.00825	0.01477	G
466	0.04687	0.05106	A
467	0.02835	0.02851	C
468	0.03988	0.04016	C
469	0.04298	0.04353	C
470	0.04309	0.04321	C
471	0.02529	0.02537	C
472	0.01013	0.01114	T
473	0.03391	0.03469	A
474	0.02721	0.02826	A
475	0.06019	0.06283	C
476	0.03459	0.03502	A
477	0.03636	0.04699	A
478	0.03825	0.04136	C
479	0.02804	0.02885	C
480	0.03694	0.03753	C
481	0.03234	0.03246	C
482	0.02697	0.02703	C
483	0.03015	0.03033	C
484	0.0089	0.01028	T
485	0.04027	0.04027	C
486	0.0258	0.02628	C
487	0.0095	0.0101	T
488	0.02363	0.02446	A
489	0.02294	0.02319	A
490	0.01105	0.01231	T
491	0.03697	0.03729	A
492	0.06248	0.06469	C
493	0.01699	0.01835	T
494	0.0387	0.03906	A
495	0.0363	0.03764	A
496	0.05256	0.05625	C
497	0.01544	0.01636	T
498	0.04351	0.04601	A
499	0.06418	0.06464	C
500	0.03742	0.03887	C
501	0.0184	0.02041	T
502	0.00452	0.00693	G
503	0.03904	0.04145	A
504	0.03732	0.03819	C
505	0.0112	0.01199	T
506	0.05165	0.05204	C
507	0.02487	0.0264	C
508	0.02278	0.02739	T
509	0.03132	0.03775	A
510	0.06712	0.06722	C
511	0.05079	0.05211	C
512	0.0261	0.02664	C
513	0.02731	0.02792	C
514	0.01213	0.01435	T
515	0.04073	0.04123	C
516	0.02399	0.02634	A
517	0.06506	0.06775	C
518	0.02598	0.02666	A
519	0.03465	0.03544	A
520	0.01101	0.01425	T
521	0.04546	0.04598	C
522	0.05744	0.06733	A
523	0.00741	0.00767	T
524	0.00264	0.00288	G
525	0.00336	0.00347	G
526	0.01281	0.01508	C
527	0.03342	0.03389	A
528	0.04418	0.04466	A
529	0.00549	0.00682	G
530	0.05441	0.05462	C
531	0.05087	0.05129	C
532	0.02642	0.02677	A
533	0.03989	0.04022	A
534	0.06549	0.06985	C
535	0.0038	0.00405	G
536	0.01162	0.01164	C
537	0.00544	0.00549	C
538	0.01568	0.02606	A
539	0.09882	0.09957	C
540	0.01067	0.0115	T
541	0.01146	0.0116	T
542	0.0088	0.03504	A
543	0.01105	0.01146	T
544	0.05427	0.05456	C
545	0.04295	0.04302	C
546	0.03428	0.04594	A
547	0.0047	0.00491	G
548	0.00689	0.00766	T
549	0.00547	0.0068	G
550	0.02183	0.02371	A
551	0.04554	0.04575	A
552	0.09716	0.09751	C
553	0.03836	0.0386	C
554	0.02037	0.04024	A
555	0.05094	0.05184	C
556	0.01123	0.01222	T
557	0.04156	0.04258	A
558	0.01274	0.01396	T
559	0.03676	0.03866	C
560	0.02594	0.02637	A
561	0.05972	0.062	C
562	0.01092	0.01268	G
563	0.00154	0.00188	A
564	0.00071	0.00091	A
565	0.00716	0.00723	A
566	0.02682	0.02693	A
567	0.01657	0.01665	A
568	0.01691	0.01703	A
569	0.02244	0.02252	A
570	0.04789	0.05797	C
571	0.01225	0.01342	T
572	0.03967	0.04144	C
573	0.01295	0.01485	T
574	0.04092	0.04414	A
575	0.17464	0.1769	C
576	0.02709	0.02989	C
577	0.00991	0.01144	T
578	0.02847	0.03137	C
579	0.00834	0.00853	T
580	0.04598	0.04707	C
581	0.00724	0.00746	T
582	0.03522	0.03869	A
583	0.01237	0.01321	T
584	0.03879	0.04082	A
585	0.06018	0.06436	C
586	0.01426	0.01508	T
587	0.03469	0.03507	A
588	0.03336	0.03655	A
589	0.01717	0.02067	T
590	0.06285	0.06615	C
591	0.02102	0.0224	T
592	0.06353	0.06451	C
593	0.05094	0.05106	C
594	0.03207	0.03344	C
595	0.01138	0.01245	T
596	0.03463	0.03585	A
597	0.06173	0.06257	C
598	0.02136	0.02177	A
599	0.02995	0.03033	A
600	0.03029	0.0315	A
601	0.01227	0.01435	T
602	0.04849	0.04937	C
603	0.01227	0.01263	T
604	0.04922	0.04934	C
605	0.05289	0.05454	C
606	0.01039	0.01051	T
607	0.01638	0.01674	T
608	0.00978	0.01092	A
609	0.02967	0.02985	A
610	0.01103	0.01117	T
611	0.01164	0.01179	T
612	0.01508	0.03828	A
613	0.02148	0.02296	T
614	0.04066	0.04071	A
615	0.03245	0.03406	A
616	0.06333	0.06519	C
617	0.03785	0.03825	A
618	0.01117	0.01159	T
619	0.01243	0.01295	T
620	0.04952	0.0528	C
621	0.03135	0.03721	A
622	0.03224	0.03596	C
623	0.03723	0.04167	A
624	0.01355	0.01476	G
625	0.09631	0.09658	C
626	0.05547	0.05626	C
627	0.02974	0.04864	A
628	0.02787	0.02883	C
629	0.03777	0.04114	A
630	0.00556	0.00657	G
631	0.03085	0.03095	A
632	0.03608	0.03664	A
633	0.05573	0.05721	C
634	0.01011	0.01058	T
635	0.01479	0.01488	A
636	0.0306	0.03093	A
637	0.0115	0.01276	T
638	0.05337	0.05552	C
639	0.02636	0.02811	A
640	0.01172	0.01209	T
641	0.01597	0.01698	A
642	0.00706	0.00709	T
643	0.01006	0.01013	T
644	0.0113	0.01131	T
645	0.01195	0.01199	T
646	0.01891	0.03131	A
647	0.01295	0.01335	T
648	0.03338	0.035	A
649	0.01216	0.01284	T
650	0.05038	0.05147	C
651	0.01026	0.01026	T
652	0.00943	0.00965	T
653	0.03132	0.05325	C
654	0.0113	0.01131	T
655	0.0169	0.01704	T
656	0.06141	0.06924	C
657	0.00778	0.00901	G
658	0.01738	0.01803	A
659	0.03001	0.03027	A
660	0.05049	0.05058	A
661	0.07093	0.07163	C
662	0.04598	0.04635	C
663	0.01418	0.0362	A
664	0.05597	0.05692	C
665	0.02471	0.02785	A
666	0.08424	0.08564	C
667	0.01271	0.01316	T
668	0.01257	0.01278	T
669	0.0115	0.03333	A
670	0.01413	0.01476	T
671	0.05162	0.05328	C
672	0.04319	0.04353	C
673	0.04567	0.04571	C
674	0.04146	0.04162	C
675	0.02574	0.03191	A
676	0.06098	0.06098	C
677	0.03098	0.03122	C
678	0.00722	0.00771	T
679	0.00581	0.00581	T
680	0.00172	0.00173	G
681	0.00191	0.00196	G
682	0.0074	0.00772	C
683	0.00201	0.00208	T
684	0.04652	0.04666	A
685	0.00268	0.00305	T
686	0.00995	0.01016	C
687	0.01021	0.01093	A
688	0.00281	0.00576	T
689	0.01114	0.01184	C
690	0.04315	0.04394	A
691	0.06889	0.06898	C
692	0.05361	0.05364	C
693	0.05609	0.05619	C
694	0.00199	0.00231	G
695	0.01048	0.01092	A
696	0.00284	0.00293	T
697	0.00197	0.00245	G
698	0.01687	0.01729	A
699	0.00286	0.00286	G
700	0.00426	0.00429	G
701	0.04163	0.04232	C
702	0.04057	0.04097	A
703	0.04205	0.04236	A
704	0.0716	0.07188	C
705	0.04433	0.0444	C
706	0.01597	0.0228	A
707	0.00281	0.00292	G
708	0.01733	0.01736	C
709	0.01231	0.01239	C
710	0.02089	0.03397	A
711	0.00605	0.00735	G
712	0.04736	0.04776	A
713	0.04078	0.04251	A
714	0.05217	0.05552	C
715	0.00456	0.00462	G
716	0.00153	0.00154	C
717	0.00091	0.00092	C
718	0.00075	0.00087	T
719	0.00366	0.00425	G
720	0.06096	0.06126	A
721	0.0426	0.04271	A
722	0.08114	0.08271	C
723	0.00677	0.0071	G
724	0.00812	0.00938	C
725	0.0041	0.00438	A
726	0.00186	0.00187	G
727	0.00395	0.004	G
728	0.003	0.0031	C
729	0.02421	0.026	A
730	0.07358	0.07415	C
731	0.02591	0.02779	A
732	0.0139	0.0144	T
733	0.03568	0.03601	A
734	0.06392	0.06586	C
735	0.01058	0.01072	T
736	0.00944	0.00947	T
737	0.06505	0.06512	C
738	0.03026	0.03066	C
739	0.00929	0.01001	T
740	0.04401	0.05016	A
741	0.01263	0.01265	T
742	0.01213	0.01244	T
743	0.03972	0.04943	C
744	0.01299	0.01451	T
745	0.04545	0.05324	A
746	0.0594	0.06188	C
747	0.04229	0.04718	A
748	0.0707	0.0708	C
749	0.04861	0.04868	C
750	0.02866	0.02882	C
751	0.00805	0.00835	T
752	0.01804	0.0188	A
753	0.00191	0.002	G
754	0.00153	0.00186	T
755	0.00848	0.0089	A
756	0.00231	0.00234	G
757	0.00475	0.00494	G
758	0.04965	0.05206	C
759	0.03345	0.03472	T
760	0.05042	0.05056	C
761	0.06183	0.06184	C
762	0.03352	0.03528	C
763	0.00777	0.00798	T
764	0.00889	0.00919	T
765	0.04058	0.04063	C
766	0.07171	0.07217	C
767	0.01091	0.01099	C
768	0.00573	0.00575	C
769	0.00185	0.00218	T
770	0.00718	0.0078	A
771	0.01008	0.01029	C
772	0.00546	0.00736	T
773	0.07045	0.07244	C
774	0.03302	0.03948	A
775	0.0156	0.0174	T
776	0.06411	0.0655	C
777	0.01216	0.01307	G
778	0.05753	0.05836	C
779	0.03645	0.03676	A
780	0.07509	0.07601	C
781	0.01724	0.01865	T
782	0.02668	0.02686	A
783	0.02513	0.02546	A
784	0.01227	0.01239	T
785	0.01767	0.01791	T
786	0.01374	0.01383	T
787	0.03351	0.03954	A
788	0.07379	0.07483	C
789	0.03356	0.03418	A
790	0.06896	0.07049	C
791	0.03599	0.03864	T
792	0.04445	0.04519	C
793	0.02818	0.03097	A
794	0.06467	0.06869	C
795	0.03227	0.03373	A
796	0.03678	0.03906	A
797	0.05169	0.0576	C
798	0.03605	0.03791	A
799	0.06325	0.0634	C
800	0.04769	0.0479	C
801	0.02162	0.02216	C
802	0.00836	0.00875	T
803	0.0455	0.04683	A
804	0.00199	0.00203	G
805	0.00299	0.00303	G
806	0.01272	0.01315	C
807	0.00389	0.00518	T
808	0.01158	0.01178	C
809	0.02213	0.02267	A
810	0.06887	0.06957	C
811	0.00808	0.00892	T
812	0.02829	0.02863	A
813	0.02922	0.02962	A
814	0.02753	0.02782	A
815	0.05149	0.05756	C
816	0.04786	0.04909	A
817	0.00852	0.00877	T
818	0.0077	0.00778	T
819	0.03498	0.04228	C
820	0.01063	0.01092	T
821	0.0529	0.0548	A
822	0.05785	0.06065	C
823	0.01208	0.01365	T
824	0.03424	0.03811	A
825	0.05454	0.0578	C
826	0.02365	0.02639	T
827	0.04635	0.05055	C
828	0.0228	0.02415	A
829	0.04297	0.04469	C
830	0.01233	0.01311	T
831	0.09854	0.10165	C
832	0.03141	0.03305	T
833	0.0518	0.05277	C
834	0.02717	0.02884	A
835	0.03624	0.03764	C
836	0.01913	0.02007	T
837	0.00812	0.00894	G
838	0.06214	0.06217	C
839	0.04424	0.04428	C
840	0.04104	0.0412	C
841	0.02062	0.02087	A
842	0.03292	0.03302	A
843	0.00461	0.00662	G
844	0.02759	0.02764	A
845	0.03304	0.03357	A
846	0.05523	0.05659	C
847	0.00823	0.00856	T
848	0.0421	0.04265	A
849	0.01128	0.01278	T
850	0.05342	0.05421	C
851	0.04022	0.04038	A
852	0.03252	0.03352	A
853	0.03639	0.03651	A
854	0.04853	0.05559	C
855	0.007	0.00722	T
856	0.04784	0.04789	C
857	0.03818	0.03901	C
858	0.00853	0.00987	T
859	0.00224	0.00332	G
860	0.01327	0.01371	A
861	0.00403	0.00418	G
862	0.01522	0.01534	C
863	0.01326	0.01344	C
864	0.03273	0.03302	A
865	0.03393	0.03403	A
866	0.06662	0.06923	C
867	0.02437	0.02444	A
868	0.02295	0.02322	A
869	0.04878	0.05116	C
870	0.00934	0.00992	T
871	0.01208	0.0122	T
872	0.02392	0.02418	A
873	0.0382	0.03859	A
874	0.00951	0.0097	T
875	0.04382	0.04505	A
876	0.01236	0.01263	T
877	0.00405	0.00447	G
878	0.03898	0.03929	A
879	0.06944	0.07013	C
880	0.00894	0.00906	T
881	0.0266	0.02731	A
882	0.00331	0.00349	G
883	0.02194	0.02251	C
884	0.00547	0.00566	T
885	0.00596	0.00609	T
886	0.01459	0.03718	A
887	0.06156	0.06241	C
888	0.03226	0.0328	A
889	0.07564	0.07721	C
890	0.0343	0.03438	A
891	0.03126	0.03219	A
892	0.0085	0.01025	T
893	0.02421	0.02466	A
894	0.00243	0.00277	G
895	0.02525	0.02577	C
896	0.00246	0.00248	T
897	0.00713	0.00715	T
898	0.00869	0.00872	T
899	0.00942	0.00944	T
900	0.01471	0.02687	A
901	0.01134	0.01141	T
902	0.04374	0.04486	A
903	0.00271	0.00279	G
904	0.00141	0.00165	T
905	0.00562	0.00565	A
906	0.00772	0.00774	A
907	0.0075	0.00765	A
908	0.00241	0.00261	G
909	0.07854	0.08446	A
910	0.02214	0.0228	T
911	0.03361	0.03386	A
912	0.02843	0.02886	C
913	0.01241	0.0125	C
914	0.00175	0.00207	T
915	0.0041	0.00416	C
916	0.00111	0.00112	T
917	0.00161	0.00162	T
918	0.00224	0.00226	T
919	0.00475	0.00611	A
920	0.01185	0.012	C
921	0.00415	0.00419	G
922	0.00464	0.00479	G
923	0.0395	0.04987	A
924	0.0378	0.03818	C
925	0.01065	0.0113	T
926	0.05277	0.05305	C
927	0.03144	0.03172	C
928	0.0217	0.03555	A
929	0.10677	0.10849	C
930	0.0111	0.01157	T
931	0.01188	0.01198	T
932	0.01629	0.03915	A
933	0.01294	0.01312	T
934	0.00427	0.00498	G
935	0.04331	0.04416	A
936	0.03715	0.038	C
937	0.00963	0.01138	T
938	0.05317	0.05365	C
939	0.04897	0.049	C
940	0.03889	0.0393	C
941	0.00688	0.00767	T
942	0.01161	0.01203	A
943	0.01812	0.01823	A
944	0.04657	0.04668	A
945	0.00463	0.00497	G
946	0.01201	0.01205	C
947	0.00731	0.00731	C
948	0.00801	0.00802	C
949	0.00845	0.01296	A
950	0.00803	0.00814	T
951	0.00269	0.00275	G
952	0.01272	0.01299	T
953	0.01112	0.01123	C
954	0.00535	0.00639	G
955	0.02014	0.02055	A
956	0.06071	0.06205	A
957	0.01447	0.01561	G
958	0.0402	0.0406	C
959	0.01266	0.01273	C
960	0.03677	0.03681	C
961	0.04017	0.04018	C
962	0.02368	0.0237	C
963	0.03399	0.04174	A
964	0.00334	0.00347	T
965	0.01395	0.014	C
966	0.00384	0.0039	G
967	0.01093	0.01129	C
968	0.00168	0.00171	T
969	0.00103	0.00103	G
970	0.00133	0.00134	G
971	0.00231	0.00231	G
972	0.00149	0.00187	T
973	0.016	0.01604	C
974	0.01296	0.01297	A
975	0.01326	0.01326	A
976	0.00392	0.00399	T
977	0.01325	0.01366	A
978	0.00318	0.00326	G
979	0.00122	0.00126	T
980	0.00476	0.00488	A
981	0.00556	0.00562	C
982	0.00245	0.00245	T
983	0.00987	0.0099	T
984	0.00376	0.00446	G
985	0.03318	0.03321	C
986	0.02493	0.02495	C
987	0.00471	0.00764	G
988	0.04472	0.04495	C
989	0.02887	0.02973	A
990	0.004	0.00407	G
991	0.00141	0.00158	T
992	0.00657	0.00676	A
993	0.00805	0.00814	C
994	0.00201	0.00212	T
995	0.03535	0.03571	C
996	0.00367	0.00368	T
997	0.00527	0.00532	T
998	0.98177	0.98183	A
999	0.0401	0.04013	A
1000	0.03007	0.03013	A
1001	0.03681	0.03686	A
1002	0.0469	0.0506	C
1003	0.00883	0.00916	T
1004	0.03136	0.03341	A
1005	0.00286	0.00308	G
1006	0.00332	0.00336	G
1007	0.16778	0.17157	C
1008	0.00216	0.00216	G
1009	0.00331	0.00337	G
1010	0.0073	0.00763	C
1011	0.00313	0.00339	T
1012	0.01149	0.01167	A
1013	0.00395	0.00396	T
1014	0.00234	0.00235	G
1015	0.00245	0.00247	G
1016	0.00488	0.00499	T
1017	0.02328	0.02359	A
1018	0.00817	0.00841	T
1019	0.0385	0.03857	A
1020	0.02506	0.03074	A
1021	0.00913	0.01019	T
1022	0.04183	0.04639	A
1023	0.06759	0.07395	C
1024	0.021	0.02143	G
1025	0.03104	0.03109	C
1026	0.00972	0.0099	C
1027	0.00782	0.01457	T
1028	0.03595	0.0365	C
1029	0.02707	0.03365	A
1030	0.07354	0.07602	C
1031	0.03127	0.03244	A
1032	0.06191	0.06392	C
1033	0.01222	0.01329	T
1034	0.04609	0.04705	C
1035	0.03724	0.04427	A
1036	0.01218	0.01233	T
1037	0.01186	0.01229	T
1038	0.04595	0.05342	C
1039	0.01364	0.01539	T
1040	0.04686	0.05035	C
1041	0.02735	0.02869	A
1042	0.03887	0.04261	A
1043	0.04334	0.04363	C
1044	0.04113	0.04193	C
1045	0.03929	0.03964	C
1046	0.0268	0.02688	C
1047	0.02564	0.0257	C
1048	0.01221	0.01373	T
1049	0.00334	0.00384	G
1050	0.03399	0.03434	A
1051	0.06073	0.06374	C
1052	0.0349	0.03535	A
1053	0.01908	0.01923	A
1054	0.03306	0.03311	A
1055	0.02069	0.02075	A
1056	0.03735	0.0486	C
1057	0.02094	0.02171	A
1058	0.03052	0.03128	C
1059	0.02091	0.02359	A
1060	0.01141	0.01428	T
1061	0.02927	0.03018	A
1062	0.00461	0.00491	G
1063	0.02506	0.02521	C
1064	0.01402	0.01436	C
1065	0.01167	0.01507	T
1066	0.03616	0.04086	A
1067	0.0463	0.04663	C
1068	0.05437	0.05543	C
1069	0.03357	0.03392	C
1070	0.03584	0.03651	C
1071	0.01066	0.01101	T
1072	0.00995	0.01006	T
1073	0.04699	0.04702	C
1074	0.04578	0.04586	C
1075	0.00661	0.00664	T
1076	0.01011	0.01025	T
1077	0.00416	0.00588	G
1078	0.01924	0.01986	T
1079	0.12205	0.12573	A
1080	0.03357	0.03431	C
1081	0.00682	0.00746	T
1082	0.02216	0.02955	A
1083	0.00905	0.00988	T
1084	0.04748	0.04798	C
1085	0.03158	0.03163	C
1086	0.02763	0.02783	C
1087	0.00828	0.0089	T
1088	0.04168	0.04252	A
1089	0.00942	0.00952	T
1090	0.01012	0.01111	G
1091	0.013	0.01345	A
1092	0.00186	0.00188	G
1093	0.00279	0.0029	G
1094	0.02052	0.0209	C
1095	0.02852	0.02894	A
1096	0.00962	0.00998	T
1097	0.01335	0.01336	A
1098	0.02597	0.02888	A
1099	0.01002	0.01022	T
1100	0.01182	0.01195	T
1101	0.01271	0.0361	A
1102	0.01726	0.01828	T
1103	0.03365	0.03366	A
1104	0.03211	0.03356	A
1105	0.05777	0.05913	C
1106	0.03111	0.03112	A
1107	0.03863	0.04002	A
1108	0.00434	0.00593	G
1109	0.04622	0.04716	C
1110	0.01133	0.01168	T
1111	0.04963	0.04966	C
1112	0.03108	0.03148	C
1113	0.03175	0.04221	A
1114	0.01	0.01087	T
1115	0.03255	0.03289	C
1116	0.00735	0.00779	T
1117	0.00333	0.00363	G
1118	0.04089	0.04095	C
1119	0.01036	0.01067	C
1120	0.00539	0.00593	T
1121	0.028	0.02952	A
1122	0.04173	0.04216	C
1123	0.00554	0.00638	G
1124	0.0317	0.03212	A
1125	0.05726	0.06012	C
1126	0.03887	0.03934	A
1127	0.03685	0.03692	A
1128	0.03391	0.0344	A
1129	0.05238	0.06006	C
1130	0.04603	0.04978	A
1131	0.00617	0.00682	G
1132	0.03566	0.03587	A
1133	0.06576	0.06591	C
1134	0.03452	0.03488	C
1135	0.01397	0.01475	T
1136	0.02131	0.02151	A
1137	0.01327	0.01335	A
1138	0.03154	0.03174	A
1139	0.04372	0.04387	A
1140	0.00883	0.01177	T
1141	0.05216	0.05278	C
1142	0.00725	0.00753	G
1143	0.03173	0.03201	C
1144	0.0067	0.00767	T
1145	0.0535	0.05388	C
1146	0.02791	0.03176	A
1147	0.00863	0.00869	T
1148	0.00846	0.00864	T
1149	0.00283	0.0044	G
1150	0.0613	0.06353	C
1151	0.0385	0.04043	A
1152	0.01583	0.01654	T
1153	0.05364	0.05637	A
1154	0.05375	0.05583	C
1155	0.01057	0.0114	T
1156	0.05242	0.05355	C
1157	0.01536	0.0154	T
1158	0.00843	0.00858	T
1159	0.03362	0.03481	C
1160	0.021	0.02162	A
1161	0.02911	0.02966	A
1162	0.01034	0.01849	T
1163	0.05117	0.05227	C
1164	0.03503	0.03662	A
1165	0.00542	0.00605	G
1166	0.05893	0.05922	C
1167	0.04538	0.04614	C
1168	0.02235	0.02977	A
1169	0.05606	0.05766	C
1170	0.03478	0.04182	A
1171	0.01023	0.01256	T
1172	0.04254	0.04417	A
1173	0.00502	0.00571	G
1174	0.04678	0.04689	C
1175	0.02355	0.02359	C
1176	0.03486	0.03493	C
1177	0.00406	0.00478	T
1178	0.03651	0.03659	C
1179	0.00318	0.00348	G
1180	0.00379	0.00399	T
1181	0.01793	0.01822	A
1182	0.00483	0.00537	G
1183	0.02294	0.02648	T
1184	0.04262	0.04273	A
1185	0.04236	0.04314	A
1186	0.03707	0.03833	C
1187	0.029	0.02952	A
1188	0.00505	0.00551	G
1189	0.0675	0.0677	C
1190	0.0382	0.03857	C
1191	0.03496	0.03927	A
1192	0.01356	0.01393	T
1193	0.01114	0.01129	T
1194	0.04269	0.04938	C
1195	0.01577	0.01824	T
1196	0.04348	0.04723	C
1197	0.02763	0.0328	A
1198	0.01758	0.01963	T
1199	0.06044	0.06131	C
1200	0.04009	0.04097	C
1201	0.01692	0.01724	A
1202	0.03266	0.0348	A
1203	0.04129	0.04343	A
1204	0.033	0.0341	C
1205	0.03853	0.03903	C
1206	0.0409	0.04172	C
1207	0.04347	0.04361	C
1208	0.03171	0.03175	C
1209	0.00659	0.00814	T
1210	0.00313	0.00452	G
1211	0.03797	0.03833	A
1212	0.04798	0.0481	A
1213	0.00498	0.00586	G
1214	0.03668	0.03763	C
1215	0.00576	0.00581	T
1216	0.00787	0.00807	T
1217	0.03212	0.036	C
1218	0.03401	0.03519	A
1219	0.0695	0.06951	C
1220	0.0625	0.06279	C
1221	0.00367	0.00372	G
1222	0.00404	0.00408	G
1223	0.01608	0.01624	C
1224	0.00731	0.0087	G
1225	0.07801	0.0802	C
1226	0.03622	0.03728	A
1227	0.00437	0.00449	G
1228	0.0111	0.01186	T
1229	0.04414	0.04462	C
1230	0.03569	0.03606	A
1231	0.01313	0.01323	T
1232	0.01727	0.01756	T
1233	0.08201	0.096	C
1234	0.01936	0.02264	T
1235	0.05066	0.05231	C
1236	0.02961	0.03271	A
1237	0.01536	0.01608	T
1238	0.02995	0.03038	A
1239	0.03364	0.039	A
1240	0.01465	0.01606	T
1241	0.04278	0.04589	C
1242	0.0076	0.00786	G
1243	0.02946	0.0295	C
1244	0.0177	0.01773	C
1245	0.04157	0.04179	C
1246	0.03661	0.04607	A
1247	0.06251	0.06391	C
1248	0.0053	0.00638	G
1249	0.00196	0.00199	G
1250	0.94187	0.9419	G
1251	0.03504	0.03512	C
1252	0.0071	0.00721	T
1253	0.01009	0.01565	T
1254	0.01649	0.03469	A
1255	0.05309	0.05589	C
1256	0.05544	0.05621	A
1257	0.01001	0.01047	T
1258	0.03127	0.03149	C
1259	0.02549	0.02581	C
1260	0.00988	0.01483	T
1261	0.04184	0.04245	C
1262	0.02931	0.03386	A
1263	0.01769	0.01772	T
1264	0.01317	0.01359	T
1265	0.02251	0.06264	A
1266	0.05174	0.05309	C
1267	0.01184	0.01243	T
1268	0.04339	0.04852	A
1269	0.01158	0.01159	T
1270	0.01182	0.01197	T
1271	0.03717	0.04762	C
1272	0.01595	0.01618	T
1273	0.00525	0.00589	G
1274	0.05303	0.05318	C
1275	0.02769	0.0287	C
1276	0.01257	0.01386	T
1277	0.04886	0.05053	A
1278	0.00602	0.00682	G
1279	0.0484	0.05285	C
1280	0.03094	0.03156	A
1281	0.03389	0.03417	A
1282	0.03311	0.03325	A
1283	0.0579	0.06322	C
1284	0.01264	0.01615	T
1285	0.04937	0.05123	C
1286	0.03519	0.03659	A
1287	0.03335	0.03375	A
1288	0.0365	0.03672	A
1289	0.04722	0.05222	C
1290	0.00983	0.01015	T
1291	0.0339	0.03473	A
1292	0.06516	0.066	C
1293	0.00812	0.00928	G
1294	0.02872	0.02905	A
1295	0.04074	0.04271	A
1296	0.07105	0.07256	C
1297	0.01009	0.01094	G
1298	0.03373	0.03559	C
1299	0.02939	0.03002	A
1300	0.05013	0.05079	C
1301	0.01251	0.0148	T
1302	0.05362	0.0541	C
1303	0.02412	0.02619	A
1304	0.06376	0.0644	C
1305	0.03374	0.03661	A
1306	0.00499	0.00558	G
1307	0.01543	0.01792	T
1308	0.06263	0.06306	C
1309	0.00669	0.00748	G
1310	0.03377	0.039	C
1311	0.03381	0.03435	A
1312	0.01171	0.01436	T
1313	0.04526	0.04639	C
1314	0.0383	0.0396	A
1315	0.01304	0.01376	T
1316	0.02881	0.029	A
1317	0.03021	0.04434	A
1318	0.0084	0.00906	T
1319	0.0727	0.07536	C
1320	0.02021	0.02061	C
1321	0.00605	0.00732	T
1322	0.04725	0.04786	C
1323	0.00786	0.00891	T
1324	0.05133	0.05212	C
1325	0.01021	0.01223	T
1326	0.05541	0.05659	C
1327	0.03526	0.03751	A
1328	0.03296	0.03305	A
1329	0.00303	0.00307	G
1330	0.0028	0.0029	G
1331	0.02479	0.03615	A
1332	0.05205	0.05274	C
1333	0.00859	0.00871	T
1334	0.01242	0.01248	T
1335	0.04424	0.04772	C
1336	0.03441	0.03496	A
1337	0.03283	0.033	A
1338	0.0638	0.06403	A
1339	0.04342	0.04818	C
1340	0.00788	0.00829	T
1341	0.04603	0.04686	C
1342	0.00999	0.01056	T
1343	0.02642	0.03103	A
1344	0.03872	0.04115	C
1345	0.01328	0.01451	T
1346	0.07642	0.07645	C
1347	0.05366	0.0539	C
1348	0.04064	0.04206	C
1349	0.02045	0.02974	A
1350	0.03795	0.03862	C
1351	0.00784	0.00819	T
1352	0.03585	0.0361	A
1353	0.03485	0.0357	A
1354	0.01433	0.01569	T
1355	0.04039	0.0411	A
1356	0.00927	0.01017	G
1357	0.04768	0.04823	C
1358	0.00425	0.00429	T
1359	0.00535	0.00537	T
1360	0.00986	0.00988	T
1361	0.01003	0.01003	T
1362	0.00951	0.00951	T
1363	0.00313	0.00444	G
1364	0.0411	0.04212	A
1365	0.01222	0.01295	T
1366	0.00408	0.00438	G
1367	0.04044	0.04154	A
1368	0.04074	0.04199	C
1369	0.00928	0.0093	T
1370	0.01077	0.01087	T
1371	0.03535	0.04265	C
1372	0.01033	0.01063	T
1373	0.03293	0.03458	A
1374	0.00441	0.00468	G
1375	0.03186	0.03688	C
1376	0.02773	0.02796	A
1377	0.03388	0.0369	A
1378	0.00528	0.00613	G
1379	0.05204	0.05222	C
1380	0.01949	0.01997	C
1381	0.00829	0.00967	T
1382	0.04775	0.04807	C
1383	0.00495	0.00576	G
1384	0.03714	0.03842	C
1385	0.00956	0.01016	T
1386	0.02875	0.02941	A
1387	0.0357	0.03586	A
1388	0.06514	0.06529	C
1389	0.02956	0.03036	C
1390	0.01394	0.01809	T
1391	0.06461	0.06711	C
1392	0.00488	0.00865	G
1393	0.06209	0.0621	C
1394	0.0376	0.03786	C
1395	0.01706	0.01736	T
1396	0.02399	0.02635	T
1397	0.02952	0.03955	A
1398	0.03322	0.03337	C
1399	0.03604	0.0366	C
1400	0.03043	0.03104	C
1401	0.04036	0.04065	C
1402	0.05307	0.05316	C
1403	0.03432	0.03439	C
1404	0.01878	0.02836	A
1405	0.04936	0.04974	C
1406	0.00746	0.00769	T
1407	0.03366	0.0345	A
1408	0.01228	0.01234	T
1409	0.0147	0.01522	T
1410	0.01498	0.01515	A
1411	0.03498	0.03572	A
1412	0.07101	0.07135	C
1413	0.03631	0.03662	C
1414	0.00974	0.01052	T
1415	0.03268	0.03387	A
1416	0.04838	0.04884	C
1417	0.00851	0.0086	T
1418	0.00164	0.00165	G
1419	0.00117	0.00117	G
1420	0.00158	0.00159	G
1421	0.00648	0.00738	A
1422	0.00379	0.00392	G
1423	0.01331	0.01334	A
1424	0.01037	0.01062	A
1425	0.0141	0.01465	C
1426	0.00451	0.00488	T
1427	0.04951	0.04969	C
1428	0.00843	0.00854	T
1429	0.03139	0.03151	C
1430	0.00766	0.00783	T
1431	0.00399	0.00494	G
1432	0.01446	0.01484	T
1433	0.00458	0.00477	G
1434	0.05166	0.05295	C
1435	0.04074	0.04083	T
1436	0.03301	0.03359	A
1437	0.00367	0.00387	G
1438	0.01081	0.01419	T
1439	0.02405	0.02415	A
1440	0.04189	0.04226	A
1441	0.05727	0.05761	C
1442	0.03701	0.03708	C
1443	0.02475	0.03038	A
1444	0.05089	0.05123	C
1445	0.00298	0.00307	G
1446	0.00102	0.00102	T
1447	0.00093	0.00093	T
1448	0.00859	0.01163	C
1449	0.00064	0.00067	T
1450	0.00154	0.00155	C
1451	0.00118	0.0012	C
1452	0.00152	0.00183	T
1453	0.00192	0.00292	G
1454	0.03161	0.03173	A
1455	0.01009	0.01032	T
1456	0.05508	0.0554	C
1457	0.02901	0.0291	A
1458	0.03471	0.03542	A
1459	0.03868	0.03893	A
1460	0.00905	0.011	T
1461	0.04644	0.04727	A
1462	0.01906	0.02138	T
1463	0.05805	0.05962	C
1464	0.07925	0.08096	A
1465	0.04312	0.04567	C
1466	0.01226	0.01314	T
1467	0.05146	0.0522	C
1468	0.00665	0.00697	T
1469	0.04847	0.0485	C
1470	0.01669	0.01867	C
1471	0.00753	0.0082	T
1472	0.02972	0.03199	A
1473	0.0546	0.05575	C
1474	0.01028	0.01048	T
1475	0.01125	0.01231	T
1476	0.01805	0.04945	A
1477	0.05255	0.05289	C
1478	0.0312	0.03256	A
1479	0.00375	0.00414	G
1480	0.0035	0.00361	G
1481	0.02281	0.03175	A
1482	0.06829	0.06867	C
1483	0.01071	0.01224	T
1484	0.05128	0.05244	C
1485	0.03037	0.03164	A
1486	0.03151	0.03206	A
1487	0.05135	0.05202	C
1488	0.04511	0.04665	A
1489	0.01193	0.01322	T
1490	0.03243	0.03275	A
1491	0.04689	0.04833	C
1492	0.01128	0.0117	T
1493	0.02985	0.03148	A
1494	0.00361	0.00384	G
1495	0.01237	0.01343	T
1496	0.03632	0.03694	C
1497	0.02837	0.03204	A
1498	0.055	0.05892	C
1499	0.01718	0.02239	A
1500	0.00478	0.00532	G
1501	0.03982	0.03984	C
1502	0.01215	0.0122	C
1503	0.00971	0.00979	C
1504	0.00281	0.0031	T
1505	0.02297	0.02398	A
1506	0.0063	0.00701	T
1507	0.03894	0.0409	A
1508	0.05027	0.05325	C
1509	0.00842	0.0096	T
1510	0.04076	0.04149	C
1511	0.02881	0.02884	C
1512	0.02222	0.02313	C
1513	0.0069	0.00823	T
1514	0.04877	0.04993	C
1515	0.01123	0.01178	T
1516	0.03531	0.03648	A
1517	0.07496	0.07531	C
1518	0.02686	0.02852	A
1519	0.01388	0.01417	T
1520	0.01402	0.01446	A
1521	0.00942	0.00945	T
1522	0.01801	0.01808	T
1523	0.02427	0.02454	T
1524	0.04375	0.05039	A
1525	0.08148	0.08194	C
1526	0.04524	0.04552	C
1527	0.02196	0.03903	A
1528	0.03357	0.03604	C
1529	0.028	0.02813	A
1530	0.02318	0.02389	A
1531	0.05289	0.05651	C
1532	0.02964	0.0302	A
1533	0.05722	0.06141	C
1534	0.02948	0.0295	A
1535	0.02464	0.0255	A
1536	0.00679	0.00715	T
1537	0.00208	0.00209	G
1538	0.0014	0.0014	G
1539	0.00191	0.00194	G
1540	0.00341	0.00346	G
1541	0.01413	0.0177	C
1542	0.00829	0.0095	T
1543	0.05625	0.0582	C
1544	0.02297	0.02418	A
1545	0.06322	0.06424	C
1546	0.04971	0.05481	T
1547	0.04636	0.0483	C
1548	0.01938	0.0214	A
1549	0.06865	0.06867	C
1550	0.06042	0.06046	C
1551	0.03334	0.03509	C
1552	0.02343	0.03392	A
1553	0.06679	0.06681	C
1554	0.04586	0.04832	C
1555	0.01928	0.02394	A
1556	0.04577	0.0479	C
1557	0.02642	0.02907	A
1558	0.01147	0.01193	T
1559	0.01589	0.0165	T
1560	0.0222	0.02231	A
1561	0.03352	0.03441	A
1562	0.06185	0.06405	C
1563	0.03105	0.03111	A
1564	0.03209	0.03316	A
1565	0.05378	0.05659	C
1566	0.03481	0.03583	A
1567	0.01188	0.01409	T
1568	0.02826	0.02832	A
1569	0.01747	0.01747	A
1570	0.03728	0.03729	A
1571	0.045	0.04647	A
1572	0.05081	0.05374	C
1573	0.02606	0.02627	C
1574	0.02945	0.02965	C
1575	0.00986	0.01166	T
1576	0.036	0.03636	C
1577	0.03002	0.03667	A
1578	0.01123	0.01146	T
1579	0.01629	0.01726	T
1580	0.04509	0.04765	C
1581	0.0355	0.03781	A
1582	0.05035	0.0527	C
1583	0.03185	0.0328	A
1584	0.05843	0.06006	C
1585	0.00394	0.00435	G
1586	0.0269	0.02747	A
1587	0.00408	0.00464	G
1588	0.03533	0.03543	A
1589	0.01929	0.01946	A
1590	0.03442	0.0345	A
1591	0.03638	0.03667	A
1592	0.04952	0.06127	C
1593	0.03522	0.03587	A
1594	0.07217	0.07233	C
1595	0.0279	0.02792	C
1596	0.0394	0.04043	C
1597	0.00839	0.01016	T
1598	0.03639	0.03662	C
1599	0.02559	0.03075	A
1600	0.01339	0.01355	T
1601	0.00458	0.00549	G
1602	0.0113	0.01139	T
1603	0.0119	0.01199	T
1604	0.05153	0.05282	C
1605	0.0514	0.05255	A
1606	0.014	0.01496	T
1607	0.03594	0.03851	A
1608	0.0577	0.06064	C
1609	0.0329	0.0332	A
1610	0.15105	0.1527	C
1611	0.01512	0.01559	C
1612	0.01174	0.01288	T
1613	0.03504	0.04082	A
1614	0.0307	0.03364	T
1615	0.03884	0.03941	C
1616	0.03447	0.03473	C
1617	0.05991	0.06022	C
1618	0.06629	0.06634	C
1619	0.03326	0.0333	C
1620	0.04501	0.05065	A
1621	0.012	0.01238	T
1622	0.02941	0.03404	T
1623	0.03611	0.04532	C
1624	0.01408	0.01478	T
1625	0.04841	0.04846	C
1626	0.03676	0.03886	C
1627	0.00916	0.0113	T
1628	0.08227	0.08227	C
1629	0.01725	0.02008	C
1630	0.01334	0.01454	T
1631	0.0262	0.03385	A
1632	0.02931	0.03045	T
1633	0.04831	0.04871	C
1634	0.02508	0.02516	C
1635	0.02937	0.02957	C
1636	0.01402	0.01644	T
1637	0.04074	0.04339	C
1638	0.02107	0.02601	A
1639	0.03065	0.0315	A
1640	0.04532	0.04541	C
1641	0.00623	0.00629	C
1642	0.00667	0.00667	C
1643	0.01508	0.0151	C
1644	0.004	0.00485	G
1645	0.03059	0.03085	A
1646	0.03901	0.03923	C
1647	0.02875	0.02947	A
1648	0.01409	0.01614	T
1649	0.03912	0.03966	C
1650	0.03163	0.03296	A
1651	0.01329	0.01329	T
1652	0.01372	0.01425	T
1653	0.02122	0.03821	A
1654	0.04927	0.04965	C
1655	0.02309	0.02312	C
1656	0.00205	0.00205	G
1657	0.00121	0.00121	G
1658	0.00245	0.00245	G
1659	0.00151	0.00151	T
1660	0.00226	0.00226	T
1661	0.01199	0.01199	T
1662	0.00888	0.00888	T
1663	0.06418	0.06422	C
1664	0.0159	0.01594	C
1665	0.00619	0.00656	T
1666	0.0169	0.01712	C
1667	0.02004	0.02004	T
1668	0.00061	0.00061	T
1669	0.0	0.0	A
1670	0.0	0.0	A
