Position	Mismatches	Mismatches + Deletions	Base
1	0.0	0.0	A
2	0.0	0.0	T
3	0.0	0.0	T
4	0.02911	0.02911	A
5	0.02115	0.02115	A
6	0.01255	0.01324	T
7	0.03669	0.04232	C
8	0.03463	0.03473	C
9	0.03822	0.03822	C
10	0.02335	0.02335	C
11	0.00672	0.00785	T
12	0.00209	0.00214	G
13	0.0026	0.00263	G
14	0.02974	0.02977	C
15	0.02791	0.02791	C
16	0.03556	0.03562	C
17	0.02085	0.0213	A
18	0.03166	0.03185	A
19	0.05168	0.05174	C
20	0.03517	0.03534	C
21	0.04879	0.04907	C
22	0.00359	0.00552	G
23	0.01081	0.01223	T
24	0.03245	0.03261	C
25	0.03417	0.03555	A
26	0.01148	0.01187	T
27	0.03579	0.03612	C
28	0.00811	0.00853	T
29	0.0647	0.0697	A
30	0.03239	0.03347	C
31	0.00774	0.00802	T
32	0.03091	0.03442	C
33	0.01049	0.01095	T
34	0.04376	0.0464	A
35	0.06291	0.06316	C
36	0.03337	0.03373	C
37	0.02334	0.03114	A
38	0.00912	0.00939	T
39	0.03402	0.03425	C
40	0.00676	0.0068	T
41	0.0087	0.00871	T
42	0.00808	0.00811	T
43	0.00246	0.00463	G
44	0.02907	0.03169	C
45	0.01492	0.0153	A
46	0.00168	0.00169	G
47	0.00386	0.00394	G
48	0.00618	0.0064	C
49	0.0281	0.02998	A
50	0.0265	0.02719	C
51	0.01519	0.01675	A
52	0.01734	0.0179	C
53	0.00348	0.00492	T
54	0.01562	0.01611	C
55	0.02343	0.02644	A
56	0.01037	0.01179	T
57	0.08079	0.08235	C
58	0.03956	0.04377	A
59	0.04883	0.05164	C
60	0.02795	0.03194	A
61	0.00363	0.00391	G
62	0.01941	0.01964	C
63	0.00508	0.00524	G
64	0.02973	0.03081	C
65	0.00978	0.01036	T
66	0.03672	0.03698	A
67	0.04437	0.04471	A
68	0.00321	0.0043	G
69	0.03182	0.0334	C
70	0.00606	0.00694	T
71	0.0308	0.0311	C
72	0.00401	0.00481	G
73	0.01035	0.01055	C
74	0.02856	0.02893	A
75	0.03806	0.03829	C
76	0.00586	0.00594	T
77	0.00293	0.00315	G
78	0.00461	0.00475	A
79	0.00056	0.00059	T
80	0.00232	0.00232	T
81	0.0071	0.00711	T
82	0.0104	0.01041	T
83	0.01405	0.01407	T
84	0.01299	0.013	T
85	0.03448	0.0436	A
86	0.06421	0.06425	C
87	0.03693	0.03704	C
88	0.00359	0.00416	T
89	0.00201	0.00209	G
90	0.00935	0.00949	A
91	0.00318	0.00324	G
92	0.0018	0.00243	T
93	0.02976	0.0324	A
94	0.00207	0.00208	G
95	0.00193	0.00198	G
96	0.01627	0.01632	C
97	0.0065	0.00657	C
98	0.00327	0.00341	T
99	0.0417	0.04198	A
100	0.00285	0.00302	G
101	0.01934	0.01941	A
102	0.02933	0.02941	A
103	0.02506	0.0252	A
104	0.00922	0.01105	T
105	0.03364	0.03365	A
106	0.02961	0.02961	A
107	0.03627	0.03685	A
108	0.05267	0.05987	C
109	0.03268	0.03311	A
110	0.01069	0.0111	T
111	0.00496	0.00518	G
112	0.03733	0.03941	C
113	0.00934	0.00957	T
114	0.03359	0.03462	A
115	0.00449	0.00472	G
116	0.05046	0.05162	C
117	0.00426	0.00436	T
118	0.00745	0.00757	T
119	0.01001	0.01003	T
120	0.00866	0.00889	T
121	0.0167	0.03036	A
122	0.01216	0.01217	T
123	0.01073	0.01095	T
124	0.06256	0.06493	C
125	0.04562	0.04608	C
126	0.02978	0.0419	A
127	0.00808	0.00846	G
128	0.00984	0.0099	T
129	0.01173	0.01193	T
130	0.04453	0.05398	C
131	0.0179	0.02031	T
132	0.02983	0.03154	A
133	0.03517	0.0356	A
134	0.0539	0.05399	C
135	0.05112	0.05409	C
136	0.00207	0.00248	A
137	0.00091	0.00107	A
138	0.00127	0.00146	A
139	0.02414	0.02425	A
140	0.01282	0.01285	A
141	0.02032	0.02041	A
142	0.02005	0.02034	A
143	0.02633	0.03133	T
144	0.02599	0.02599	A
145	0.02684	0.02685	A
146	0.03865	0.03985	A
147	0.05727	0.05904	C
148	0.0333	0.03336	C
149	0.03514	0.03526	C
150	0.01556	0.01727	T
151	0.05028	0.05056	C
152	0.00523	0.00711	G
153	0.0113	0.01138	T
154	0.01027	0.01055	T
155	0.05412	0.05429	C
156	0.0457	0.04604	C
157	0.01944	0.0306	A
158	0.05042	0.05077	C
159	0.03772	0.04335	A
160	0.00399	0.00508	G
161	0.02838	0.02838	A
162	0.03249	0.03449	A
163	0.00398	0.00487	G
164	0.0276	0.03386	C
165	0.00896	0.00906	T
166	0.00377	0.00383	G
167	0.04345	0.04348	C
168	0.01388	0.01398	C
169	0.02074	0.02522	A
170	0.01105	0.01175	T
171	0.04043	0.04063	C
172	0.03196	0.03203	A
173	0.06133	0.0622	A
174	0.00325	0.0042	G
175	0.00859	0.00899	T
176	0.02553	0.02624	A
177	0.00619	0.00622	T
178	0.01596	0.01597	T
179	0.0083	0.00835	T
180	0.03103	0.0312	C
181	0.03112	0.0312	C
182	0.01143	0.01743	T
183	0.04293	0.04428	C
184	0.01315	0.01988	A
185	0.06382	0.06459	C
186	0.00559	0.00734	G
187	0.02785	0.03551	C
188	0.02563	0.02586	A
189	0.04076	0.04095	A
190	0.00624	0.00857	G
191	0.04695	0.05462	C
192	0.02857	0.02873	A
193	0.03457	0.0349	A
194	0.05381	0.05414	C
195	0.06294	0.06376	C
196	0.00732	0.01675	G
197	0.02863	0.04061	C
198	0.02465	0.03304	A
199	0.01346	0.01396	T
200	0.05176	0.05201	C
201	0.0399	0.04031	C
202	0.02189	0.03657	A
203	0.0155	0.01646	T
204	0.02753	0.02785	A
205	0.02427	0.03581	A
206	0.01319	0.01408	T
207	0.0531	0.05465	C
208	0.03271	0.03307	C
209	0.01064	0.01068	T
210	0.01198	0.01203	T
211	0.03145	0.04359	C
212	0.01085	0.01105	T
213	0.03363	0.03512	A
214	0.03061	0.03163	A
215	0.015	0.01696	T
216	0.04338	0.04455	A
217	0.00515	0.00629	G
218	0.05678	0.05908	C
219	0.01208	0.01293	T
220	0.03762	0.03912	A
221	0.01228	0.01288	T
222	0.05761	0.05826	C
223	0.03457	0.03529	C
224	0.00796	0.00941	T
225	0.04471	0.04564	C
226	0.01083	0.01084	T
227	0.01203	0.01213	T
228	0.05107	0.05474	C
229	0.02798	0.02871	A
230	0.04249	0.04272	A
231	0.03361	0.03492	C
232	0.03386	0.03397	A
233	0.03799	0.03846	A
234	0.00977	0.01023	T
235	0.0397	0.04046	A
236	0.01079	0.01151	T
237	0.03712	0.03777	A
238	0.04718	0.04916	C
239	0.00888	0.00961	T
240	0.03519	0.03629	C
241	0.00944	0.00982	T
242	0.04499	0.04501	C
243	0.03704	0.0373	C
244	0.00361	0.00369	G
245	0.00329	0.00335	G
246	0.021	0.03469	A
247	0.05337	0.05401	C
248	0.03443	0.0346	A
249	0.03989	0.0406	A
250	0.02132	0.02209	T
251	0.00453	0.00673	G
252	0.03179	0.03195	A
253	0.03133	0.03161	A
254	0.04935	0.0496	C
255	0.02742	0.02751	C
256	0.01458	0.04109	A
257	0.00844	0.01271	T
258	0.02959	0.02968	A
259	0.02934	0.03162	A
260	0.05761	0.058	C
261	0.04086	0.04112	C
262	0.02076	0.02088	A
263	0.02893	0.02953	A
264	0.0135	0.01467	T
265	0.03878	0.03913	A
266	0.05462	0.057	C
267	0.01461	0.01621	T
268	0.03915	0.0397	A
269	0.05906	0.05962	C
270	0.05517	0.05563	C
271	0.01674	0.01686	A
272	0.03135	0.03186	A
273	0.01423	0.01549	T
274	0.04993	0.0508	C
275	0.04021	0.04064	A
276	0.0294	0.03155	A
277	0.01285	0.01363	T
278	0.03006	0.03187	A
279	0.05454	0.05657	C
280	0.01188	0.01325	T
281	0.04103	0.04246	C
282	0.02635	0.03245	A
283	0.0147	0.01634	T
284	0.0407	0.04156	C
285	0.02636	0.02763	A
286	0.01162	0.01168	T
287	0.01115	0.01155	T
288	0.01899	0.01961	A
289	0.02745	0.02775	A
290	0.01233	0.01279	T
291	0.02993	0.02995	A
292	0.0327	0.04096	A
293	0.01162	0.01559	T
294	0.05544	0.05714	C
295	0.03811	0.03957	A
296	0.01166	0.01209	T
297	0.03685	0.03691	A
298	0.02481	0.03099	A
299	0.0086	0.00917	T
300	0.9768	0.97738	A
301	0.00238	0.00244	G
302	0.00734	0.00741	C
303	0.00209	0.00224	T
304	0.00992	0.01298	A
305	0.00392	0.0041	T
306	0.04252	0.04323	A
307	0.00429	0.00468	G
308	0.039	0.03969	C
309	0.03188	0.03191	A
310	0.03014	0.03056	A
311	0.01731	0.01825	T
312	0.03856	0.03862	A
313	0.01161	0.01161	A
314	0.02459	0.02459	A
315	0.03974	0.04092	A
316	0.02681	0.03839	C
317	0.00715	0.00725	T
318	0.03402	0.03458	A
319	0.00301	0.00312	G
320	0.00433	0.00434	G
321	0.02788	0.02791	A
322	0.01687	0.01706	A
323	0.00348	0.00379	T
324	0.01199	0.0127	A
325	0.00618	0.00659	G
326	0.00626	0.00641	C
327	0.00348	0.00351	C
328	0.07023	0.07025	C
329	0.04542	0.04544	C
330	0.04925	0.04926	C
331	0.00424	0.00443	T
332	0.01067	0.01075	T
333	0.01444	0.01447	T
334	0.04546	0.04912	C
335	0.03065	0.03157	A
336	0.05499	0.05559	C
337	0.00754	0.00765	T
338	0.00805	0.0081	T
339	0.02748	0.03338	C
340	0.00775	0.00785	T
341	0.0028	0.00372	G
342	0.05036	0.05206	A
343	0.00516	0.00527	G
344	0.00845	0.009	T
345	0.04393	0.04402	C
346	0.03491	0.03494	C
347	0.01067	0.01067	C
348	0.00638	0.00996	A
349	0.00166	0.00167	G
350	0.00844	0.00859	A
351	0.00231	0.00233	G
352	0.00318	0.00319	G
353	0.00559	0.00563	T
354	0.00867	0.00883	T
355	0.01978	0.04832	A
356	0.06214	0.06218	C
357	0.04367	0.04372	C
358	0.03721	0.03727	C
359	0.03128	0.03141	A
360	0.03556	0.03571	A
361	0.00383	0.00398	G
362	0.00479	0.00517	G
363	0.02322	0.02449	C
364	0.05016	0.05488	A
365	0.05184	0.05216	C
366	0.04209	0.04211	C
367	0.01008	0.01008	C
368	0.01069	0.01073	C
369	0.00265	0.00316	T
370	0.01264	0.01273	C
371	0.00599	0.00631	T
372	0.00265	0.00299	G
373	0.04347	0.0437	A
374	0.06068	0.06212	C
375	0.03608	0.03689	A
376	0.01065	0.01127	T
377	0.04026	0.04039	C
378	0.04462	0.04484	C
379	0.00329	0.00331	G
380	0.00334	0.00335	G
381	0.02634	0.02636	C
382	0.00997	0.01015	C
383	0.00436	0.00519	T
384	0.00367	0.00428	G
385	0.04566	0.04632	C
386	0.0067	0.00673	T
387	0.0097	0.00973	T
388	0.02848	0.03991	C
389	0.00924	0.00924	T
390	0.01169	0.01185	T
391	0.05686	0.06481	C
392	0.01168	0.01278	T
393	0.04781	0.04911	C
394	0.02413	0.02597	A
395	0.05955	0.06085	C
396	0.04067	0.04247	A
397	0.02397	0.02531	T
398	0.00474	0.00543	G
399	0.03825	0.03869	A
400	0.08127	0.08565	C
401	0.01349	0.01353	A
402	0.0239	0.02416	A
403	0.01836	0.01847	A
404	0.02961	0.02965	A
405	0.02985	0.02996	A
406	0.04007	0.05094	C
407	0.01457	0.01575	T
408	0.05858	0.06278	A
409	0.01939	0.022	G
410	0.04578	0.04601	C
411	0.01967	0.01992	C
412	0.05972	0.06008	C
413	0.05293	0.05305	C
414	0.03132	0.03144	C
415	0.02162	0.0302	A
416	0.01307	0.0137	T
417	0.04424	0.0445	C
418	0.01013	0.01125	T
419	0.0535	0.0545	C
420	0.02356	0.025	A
421	0.03607	0.03657	A
422	0.01176	0.0136	T
423	0.05384	0.05531	C
424	0.03208	0.03446	A
425	0.01224	0.01293	T
426	0.03849	0.04359	A
427	0.01311	0.01458	T
428	0.03736	0.03812	A
429	0.07352	0.07465	C
430	0.0518	0.05223	C
431	0.0145	0.01459	A
432	0.03338	0.03379	A
433	0.03306	0.03381	A
434	0.01671	0.01931	T
435	0.04068	0.04132	C
436	0.01348	0.01578	T
437	0.04398	0.04553	C
438	0.01477	0.01611	T
439	0.05859	0.05872	C
440	0.03292	0.03295	C
441	0.03924	0.04051	C
442	0.01826	0.02083	T
443	0.0366	0.03697	C
444	0.02211	0.0241	A
445	0.04595	0.04667	C
446	0.01114	0.01218	T
447	0.01256	0.01283	A
448	0.03161	0.03222	A
449	0.03442	0.03456	A
450	0.06811	0.07306	C
451	0.00612	0.00638	G
452	0.00956	0.01261	T
453	0.03137	0.03158	A
454	0.03951	0.03983	A
455	0.00399	0.00506	G
456	0.05263	0.05287	C
457	0.02777	0.02785	C
458	0.00577	0.00597	T
459	0.00912	0.00924	T
460	0.02854	0.04207	C
461	0.00634	0.00762	T
462	0.03233	0.03236	C
463	0.03257	0.03359	C
464	0.01079	0.01374	T
465	0.0311	0.03232	C
466	0.01847	0.02264	A
467	0.03729	0.03812	C
468	0.0086	0.00899	T
469	0.02915	0.02996	C
470	0.00719	0.00791	T
471	0.0342	0.03478	C
472	0.00824	0.01044	T
473	0.04149	0.04244	C
474	0.03013	0.03254	A
475	0.03512	0.03559	A
476	0.01128	0.01293	T
477	0.04169	0.04201	C
478	0.01098	0.01109	T
479	0.01029	0.0105	T
480	0.00433	0.02482	A
481	0.01301	0.01336	T
482	0.05955	0.06011	C
483	0.02505	0.0257	C
484	0.02147	0.02657	A
485	0.0127	0.01402	T
486	0.02934	0.02982	C
487	0.0321	0.03676	A
488	0.00933	0.00993	T
489	0.03288	0.03515	A
490	0.00621	0.00749	G
491	0.04086	0.04334	C
492	0.02576	0.02663	A
493	0.00181	0.00181	G
494	0.0021	0.00216	G
495	0.03175	0.03198	C
496	0.01635	0.01653	A
497	0.00377	0.00381	G
498	0.00362	0.00366	T
499	0.00385	0.00388	T
500	0.00315	0.00328	G
501	0.0102	0.01026	A
502	0.00322	0.00322	G
503	0.00236	0.00239	G
504	0.00468	0.00475	T
505	0.00236	0.00236	G
506	0.00254	0.00257	G
507	0.01802	0.03053	A
508	0.00861	0.00862	T
509	0.01073	0.01101	T
510	0.02403	0.02431	A
511	0.02631	0.02703	A
512	0.03656	0.03671	A
513	0.05858	0.05926	C
514	0.03243	0.03268	C
515	0.01694	0.01721	A
516	0.03106	0.03168	A
517	0.03312	0.03328	A
518	0.05776	0.05862	C
519	0.04107	0.04125	C
520	0.03667	0.03673	C
521	0.03209	0.04143	A
522	0.00355	0.00397	G
523	0.02166	0.02248	C
524	0.00417	0.00464	T
525	0.02104	0.02207	A
526	0.0558	0.05616	C
527	0.00541	0.00594	G
528	0.05979	0.06176	C
529	0.0298	0.03043	A
530	0.02171	0.02179	A
531	0.02909	0.02916	A
532	0.03645	0.03651	A
533	0.00712	0.01101	T
534	0.03523	0.0355	C
535	0.00814	0.00819	T
536	0.00815	0.00824	T
537	0.01637	0.02754	A
538	0.00884	0.0109	G
539	0.02723	0.02798	C
540	0.04755	0.04881	A
541	0.01025	0.01122	T
542	0.04104	0.04316	A
543	0.04033	0.04312	C
544	0.00529	0.00552	T
545	0.01841	0.01844	C
546	0.01401	0.01441	C
547	0.00538	0.00621	T
548	0.03728	0.03782	C
549	0.01626	0.01784	A
550	0.02196	0.02212	A
551	0.01277	0.01317	T
552	0.01305	0.01332	T
553	0.0127	0.03827	A
554	0.0473	0.04755	C
555	0.03128	0.0315	C
556	0.03177	0.03186	C
557	0.02044	0.02504	A
558	0.04523	0.04596	C
559	0.0348	0.04132	A
560	0.00829	0.009	T
561	0.02918	0.02953	A
562	0.00199	0.00206	G
563	0.00195	0.00202	G
564	0.01363	0.02113	A
565	0.00538	0.00542	T
566	0.00258	0.00317	G
567	0.02971	0.02994	A
568	0.02452	0.02492	A
569	0.00811	0.00837	T
570	0.03118	0.03119	A
571	0.02805	0.03276	A
572	0.01019	0.01104	T
573	0.02817	0.02952	A
574	0.00389	0.00482	G
575	0.03224	0.03277	C
576	0.02813	0.0291	A
577	0.00703	0.00726	G
578	0.00799	0.00842	T
579	0.00943	0.0095	T
580	0.0284	0.03048	C
581	0.0112	0.01152	T
582	0.04434	0.04596	A
583	0.06196	0.06205	C
584	0.05494	0.05541	C
585	0.00957	0.01382	G
586	0.01588	0.01686	T
587	0.03603	0.03653	A
588	0.07273	0.07649	C
589	0.03288	0.03367	A
590	0.03515	0.04023	A
591	0.06343	0.06383	C
592	0.04663	0.04809	C
593	0.02834	0.02893	C
594	0.01167	0.01346	T
595	0.03243	0.03305	A
596	0.03005	0.03057	A
597	0.05248	0.05321	C
598	0.03613	0.0406	A
599	0.01119	0.01974	T
600	0.02754	0.02763	A
601	0.0327	0.03714	A
602	0.07041	0.07152	C
603	0.03153	0.03233	C
604	0.02658	0.0304	A
605	0.01529	0.01569	T
606	0.00971	0.01009	T
607	0.0388	0.04823	C
608	0.01098	0.01131	T
609	0.0147	0.01505	T
610	0.01055	0.01159	A
611	0.02487	0.02554	A
612	0.00724	0.00759	T
613	0.01025	0.01068	T
614	0.01818	0.01836	T
615	0.02164	0.02235	A
616	0.0665	0.06913	A
617	0.03148	0.03348	C
618	0.00619	0.00636	T
619	0.02481	0.02679	A
620	0.00736	0.00762	T
621	0.01018	0.01028	T
622	0.00808	0.00817	T
623	0.01435	0.01892	A
624	0.00963	0.00999	T
625	0.03232	0.03444	A
626	0.01239	0.01242	T
627	0.01108	0.0116	T
628	0.01166	0.03969	A
629	0.01088	0.01126	T
630	0.05374	0.05556	C
631	0.02233	0.02267	C
632	0.01381	0.0151	T
633	0.03509	0.03569	A
634	0.03288	0.03329	A
635	0.0587	0.06159	C
636	0.01385	0.01857	T
637	0.04577	0.04779	A
638	0.0614	0.06753	C
639	0.02052	0.02315	T
640	0.03985	0.04602	A
641	0.0505	0.05172	C
642	0.0531	0.05496	C
643	0.00537	0.00947	G
644	0.0441	0.04677	C
645	0.03302	0.03675	A
646	0.01437	0.0145	T
647	0.01137	0.01145	T
648	0.0523	0.0524	C
649	0.03539	0.03576	C
650	0.0125	0.01367	T
651	0.04253	0.04389	A
652	0.05455	0.05754	C
653	0.014	0.016	T
654	0.03035	0.03293	A
655	0.06262	0.06652	C
656	0.0129	0.01456	T
657	0.05357	0.05685	C
658	0.02628	0.02808	A
659	0.02846	0.02865	A
660	0.05152	0.05346	C
661	0.01074	0.01108	T
662	0.01217	0.0124	T
663	0.01463	0.0149	A
664	0.02918	0.02937	A
665	0.03475	0.03498	A
666	0.05137	0.05461	C
667	0.00934	0.00978	T
668	0.04709	0.04715	C
669	0.03074	0.03107	C
670	0.03125	0.04313	A
671	0.00569	0.00687	G
672	0.05956	0.06083	C
673	0.02699	0.02791	A
674	0.04358	0.04369	C
675	0.02084	0.02176	C
676	0.01651	0.02176	A
677	0.05693	0.05898	C
678	0.00393	0.0048	G
679	0.02934	0.03038	A
680	0.02926	0.02929	C
681	0.02981	0.03	C
682	0.04419	0.04444	C
683	0.00698	0.00805	T
684	0.03035	0.03189	A
685	0.04969	0.05256	C
686	0.01539	0.01638	T
687	0.08524	0.08815	A
688	0.04003	0.0447	C
689	0.0064	0.00662	T
690	0.0384	0.0421	A
691	0.00561	0.00621	T
692	0.03003	0.03054	C
693	0.00533	0.00673	T
694	0.0482	0.04901	C
695	0.00618	0.00739	G
696	0.03305	0.03447	C
697	0.0249	0.02524	A
698	0.04525	0.04525	C
699	0.0375	0.03773	C
700	0.00967	0.01175	T
701	0.00376	0.00495	G
702	0.04248	0.0426	A
703	0.03607	0.03618	A
704	0.03248	0.03255	A
705	0.05629	0.06237	C
706	0.03498	0.03526	A
707	0.04014	0.04204	A
708	0.00454	0.00565	G
709	0.04922	0.05076	C
710	0.01143	0.01175	T
711	0.03303	0.0331	A
712	0.03126	0.03141	A
713	0.0492	0.04975	C
714	0.03829	0.03933	A
715	0.02305	0.02383	T
716	0.00344	0.00375	G
717	0.03932	0.0398	A
718	0.04972	0.05049	C
719	0.01277	0.01412	T
720	0.03645	0.03747	A
721	0.02921	0.03081	A
722	0.06165	0.06422	C
723	0.03275	0.04009	A
724	0.07559	0.07593	C
725	0.04624	0.04641	C
726	0.038	0.03864	C
727	0.00911	0.00922	T
728	0.01312	0.01319	T
729	0.02046	0.02098	A
730	0.03755	0.03781	A
731	0.00895	0.00909	T
732	0.01251	0.0127	T
733	0.04968	0.05026	C
734	0.02828	0.02865	C
735	0.02782	0.03767	A
736	0.01372	0.01428	T
737	0.05025	0.05055	C
738	0.03359	0.03541	C
739	0.02446	0.0367	A
740	0.07655	0.07661	C
741	0.00398	0.00399	C
742	0.00336	0.00376	C
743	0.00121	0.00182	T
744	0.00386	0.00386	C
745	0.00252	0.00274	C
746	0.00267	0.01283	T
747	0.22908	0.2336	C
748	0.0252	0.03351	T
749	0.04607	0.04607	C
750	0.03258	0.03258	C
751	0.02413	0.02467	C
752	0.00601	0.00626	T
753	0.01169	0.01217	A
754	0.00154	0.00155	G
755	0.00117	0.00121	G
756	0.00471	0.00568	A
757	0.00228	0.00228	G
758	0.00254	0.00258	G
759	0.07206	0.07214	C
760	0.03139	0.03153	C
761	0.01005	0.01158	T
762	0.00743	0.0082	G
763	0.03199	0.03203	C
764	0.01557	0.01563	C
765	0.03145	0.0315	C
766	0.03923	0.03926	C
767	0.04121	0.04121	C
768	0.00504	0.0073	G
769	0.04102	0.04173	C
770	0.00957	0.00993	T
771	0.03408	0.03442	A
772	0.03679	0.03692	A
773	0.06808	0.06823	C
774	0.04887	0.04926	C
775	0.00202	0.00204	G
776	0.00335	0.00343	G
777	0.04063	0.04097	C
778	0.00204	0.00204	T
779	0.00427	0.00428	T
780	0.00903	0.00904	T
781	0.01082	0.01083	T
782	0.01017	0.01018	T
783	0.00174	0.00202	G
784	0.00396	0.00396	C
785	0.003	0.00302	C
786	0.01098	0.01098	C
787	0.01241	0.01245	A
788	0.03378	0.03381	A
789	0.03663	0.03665	A
790	0.01134	0.01293	T
791	0.00167	0.00171	G
792	0.0019	0.00191	G
793	0.00284	0.00285	G
794	0.01304	0.01305	C
795	0.05917	0.05919	C
796	0.0162	0.02622	A
797	0.01114	0.01115	T
798	0.00868	0.0087	T
799	0.01503	0.03915	A
800	0.0106	0.01105	T
801	0.05064	0.05136	C
802	0.00809	0.00876	G
803	0.03896	0.03914	A
804	0.04916	0.04939	A
805	0.00562	0.01117	G
806	0.03753	0.03758	A
807	0.04126	0.04172	A
808	0.01354	0.01395	T
809	0.02039	0.02123	T
810	0.04478	0.04732	C
811	0.02954	0.03034	A
812	0.05947	0.06828	C
813	0.00259	0.00263	A
814	0.0081	0.00814	A
815	0.02477	0.02489	A
816	0.01898	0.01908	A
817	0.03	0.03008	A
818	0.02047	0.02055	A
819	0.04096	0.05121	C
820	0.03526	0.03526	A
821	0.03513	0.03567	A
822	0.013	0.01432	T
823	0.04973	0.051	A
824	0.00554	0.00651	G
825	0.06076	0.06092	C
826	0.03226	0.03256	C
827	0.01191	0.01356	T
828	0.0458	0.04642	C
829	0.02864	0.03403	A
830	0.01543	0.01777	T
831	0.04398	0.04581	C
832	0.02652	0.03282	A
833	0.02438	0.02601	T
834	0.05745	0.05874	C
835	0.03928	0.04079	C
836	0.04246	0.04266	C
837	0.03445	0.03499	C
838	0.02328	0.03036	A
839	0.06372	0.06374	C
840	0.03483	0.03566	C
841	0.02658	0.03204	A
842	0.01147	0.01313	T
843	0.03981	0.04017	C
844	0.03385	0.03959	A
845	0.0177	0.02035	T
846	0.04035	0.04378	A
847	0.00818	0.00903	G
848	0.06629	0.06688	C
849	0.03065	0.03132	C
850	0.02581	0.03814	A
851	0.06316	0.06336	C
852	0.03053	0.03141	C
853	0.04787	0.05601	A
854	0.01846	0.02409	T
855	0.04613	0.04827	C
856	0.02863	0.03164	A
857	0.06672	0.06697	C
858	0.04146	0.04153	C
859	0.03533	0.0365	C
860	0.00642	0.00901	T
861	0.04608	0.04609	C
862	0.03595	0.03696	C
863	0.00385	0.0039	T
864	0.012	0.01229	T
865	0.00902	0.00999	A
866	0.03173	0.03183	A
867	0.2246	0.22484	C
868	0.01906	0.02001	C
869	0.00363	0.00378	T
870	0.93036	0.93975	C
871	0.00552	0.00604	T
872	0.02355	0.02455	A
873	0.03664	0.03777	C
874	0.00937	0.00944	T
875	0.01342	0.01363	T
876	0.04082	0.0517	C
877	0.0141	0.01448	T
878	0.04401	0.04564	A
879	0.07106	0.07127	C
880	0.02736	0.02977	C
881	0.01514	0.02058	T
882	0.02694	0.04114	A
883	0.09761	0.10081	C
884	0.00695	0.01077	G
885	0.08274	0.08286	C
886	0.02648	0.02686	C
887	0.014	0.01488	T
888	0.02721	0.02783	A
889	0.03104	0.03154	A
890	0.01565	0.01619	T
891	0.04938	0.05041	C
892	0.02261	0.02336	T
893	0.02825	0.03557	A
894	0.05128	0.05279	C
895	0.01195	0.01281	T
896	0.05742	0.05749	C
897	0.03463	0.03553	C
898	0.02027	0.02798	A
899	0.05721	0.05723	C
900	0.04082	0.04204	C
901	0.00864	0.01048	T
902	0.04875	0.04947	C
903	0.02662	0.02912	A
904	0.03701	0.03751	A
905	0.01547	0.01994	T
906	0.0498	0.05074	C
907	0.03845	0.03954	A
908	0.07188	0.07552	C
909	0.04055	0.04204	A
910	0.05914	0.06096	C
911	0.01286	0.01451	T
912	0.03606	0.04208	A
913	0.05464	0.05759	C
914	0.01437	0.01643	T
915	0.05055	0.05059	C
916	0.04336	0.04342	C
917	0.05052	0.05053	C
918	0.04026	0.04065	C
919	0.02069	0.03194	A
920	0.01165	0.01239	T
921	0.03063	0.0312	A
922	0.01047	0.01079	T
923	0.04808	0.04844	C
924	0.01268	0.0134	T
925	0.03444	0.03472	A
926	0.0353	0.03555	A
927	0.06182	0.06373	C
928	0.02714	0.02716	A
929	0.03049	0.03093	A
930	0.06673	0.06813	C
931	0.00964	0.01089	G
932	0.00911	0.01059	T
933	0.00163	0.00212	A
934	0.02204	0.02267	A
935	0.01541	0.01545	A
936	0.02628	0.02806	A
937	0.0287	0.02905	A
938	0.01321	0.01681	T
939	0.0241	0.0241	A
940	0.01542	0.01545	A
941	0.02601	0.02602	A
942	0.03589	0.03764	A
943	0.01521	0.01748	T
944	0.00427	0.00489	G
945	0.03995	0.0402	A
946	0.06359	0.06403	C
947	0.04398	0.04417	A
948	0.00927	0.0095	G
949	0.00855	0.00868	T
950	0.01128	0.01139	T
951	0.01237	0.01242	T
952	0.00726	0.01011	G
953	0.03592	0.03604	A
954	0.0294	0.02949	A
955	0.06535	0.06608	C
956	0.04018	0.04208	A
957	0.01181	0.01328	T
958	0.02407	0.02476	A
959	0.06778	0.07095	C
960	0.0411	0.04111	A
961	0.01723	0.01723	A
962	0.06147	0.06147	A
963	0.03336	0.03388	A
964	0.05146	0.05471	C
965	0.05547	0.05594	C
966	0.03165	0.03208	C
967	0.02626	0.04127	A
968	0.06263	0.06288	C
969	0.05802	0.05807	C
970	0.05195	0.05197	C
971	0.02871	0.02926	C
972	0.03573	0.03988	A
973	0.01419	0.02745	T
974	0.01498	0.01635	T
975	0.05107	0.0513	C
976	0.03091	0.03143	C
977	0.01406	0.02029	T
978	0.05048	0.05056	C
979	0.03838	0.03839	C
980	0.05003	0.05006	C
981	0.03706	0.03742	C
982	0.01288	0.02672	A
983	0.05015	0.05131	C
984	0.02247	0.02502	A
985	0.06537	0.06631	C
986	0.01006	0.01156	T
987	0.0306	0.03174	C
988	0.02255	0.02642	A
989	0.01415	0.01624	T
990	0.13011	0.13313	C
991	0.0081	0.00891	G
992	0.07331	0.07348	C
993	0.03685	0.03685	C
994	0.0253	0.0255	C
995	0.01417	0.01452	T
996	0.01007	0.01016	T
997	0.02009	0.03728	A
998	0.05903	0.0591	C
999	0.03226	0.03271	C
1000	0.02644	0.03538	A
1001	0.07897	0.08013	C
1002	0.00553	0.00629	G
1003	0.05461	0.05552	C
1004	0.01317	0.01458	T
1005	0.03313	0.04099	A
1006	0.06114	0.06276	C
1007	0.01517	0.01541	T
1008	0.05499	0.05502	C
1009	0.02552	0.02801	C
1010	0.01061	0.01295	T
1011	0.0299	0.03228	A
1012	0.10772	0.10796	C
1013	0.03427	0.03759	C
1014	0.00831	0.00928	T
1015	0.02636	0.03022	A
1016	0.01357	0.01462	T
1017	0.06162	0.06416	C
1018	0.02005	0.02332	T
1019	0.04086	0.04123	C
1020	0.04604	0.04612	C
1021	0.02465	0.02484	C
1022	0.02821	0.02883	C
1023	0.00494	0.00528	T
1024	0.00827	0.00827	T
1025	0.01067	0.01067	T
1026	0.01122	0.01122	T
1027	0.02551	0.03351	A
1028	0.00968	0.0101	T
1029	0.01935	0.02047	A
1030	0.03285	0.03372	C
1031	0.01015	0.01026	T
1032	0.02064	0.02089	A
1033	0.02288	0.02307	A
1034	0.01139	0.01152	T
1035	0.02103	0.02103	A
1036	0.00824	0.00871	A
1037	0.00642	0.00649	T
1038	0.01683	0.01741	C
1039	0.02089	0.02089	T
1040	0.00854	0.00854	T
1041	0.00211	0.00211	A
1042	0.00012	0.00012	T
1043	0.0	0.0	A
1044	0.0	0.0	G
