Position	Mismatches	Mismatches + Deletions	Base
1	0.0	0.0	A
2	0.0	0.0	T
3	0.0	0.0	A
4	0.02377	0.02377	A
5	0.04279	0.0444	C
6	0.02778	0.02778	C
7	0.01183	0.01782	A
8	0.00881	0.00894	T
9	0.00382	0.00489	G
10	0.04542	0.04676	C
11	0.03842	0.03964	A
12	0.03732	0.03775	C
13	0.02646	0.02692	A
14	0.03775	0.0385	C
15	0.00742	0.00767	T
16	0.02381	0.02424	A
17	0.05101	0.05184	C
18	0.00877	0.00906	T
19	0.02474	0.02742	A
20	0.00961	0.01139	T
21	0.02848	0.02851	A
22	0.03244	0.0342	A
23	0.05097	0.05154	C
24	0.02633	0.02653	C
25	0.02734	0.05293	A
26	0.05333	0.05337	C
27	0.04339	0.0434	C
28	0.01652	0.01695	C
29	0.01458	0.01715	T
30	0.02003	0.02089	A
31	0.03296	0.03343	A
32	0.06748	0.06764	C
33	0.05109	0.05134	C
34	0.03216	0.03313	C
35	0.01326	0.01415	T
36	0.98609	0.98943	G
37	0.03072	0.03129	A
38	0.05546	0.05655	C
39	0.01076	0.01108	T
40	0.01203	0.01222	T
41	0.04136	0.0414	C
42	0.05533	0.05557	C
43	0.04469	0.04483	C
44	0.01642	0.01747	T
45	0.03225	0.03339	A
46	0.04231	0.04363	A
47	0.01014	0.01044	T
48	0.00821	0.00894	T
49	0.02228	0.02261	C
50	0.04115	0.04152	C
51	0.03648	0.03668	C
52	0.06129	0.06151	C
53	0.05056	0.05061	C
54	0.03069	0.03075	C
55	0.026	0.03511	A
56	0.01599	0.01684	T
57	0.04817	0.04827	C
58	0.02777	0.02785	C
59	0.01138	0.01154	T
60	0.01438	0.01515	T
61	0.02051	0.04233	A
62	0.07157	0.07184	C
63	0.0454	0.04665	C
64	0.02159	0.03518	A
65	0.06797	0.06804	C
66	0.04867	0.04871	C
67	0.03432	0.03584	C
68	0.00834	0.00964	T
69	0.05356	0.05373	C
70	0.00415	0.00493	G
71	0.01145	0.01188	T
72	0.01981	0.0206	T
73	0.03371	0.03448	A
74	0.02743	0.02761	A
75	0.08505	0.08521	C
76	0.04591	0.04614	C
77	0.02543	0.02595	C
78	0.01221	0.01563	T
79	0.02739	0.03052	A
80	0.02259	0.02288	A
81	0.04585	0.05094	C
82	0.00094	0.00118	A
83	0.00059	0.00069	A
84	0.0004	0.00045	A
85	0.00623	0.00626	A
86	0.02251	0.02256	A
87	0.01103	0.01105	A
88	0.01717	0.01718	A
89	0.0163	0.01636	A
90	0.05415	0.06233	C
91	0.0148	0.01741	T
92	0.0485	0.04991	C
93	0.03691	0.0441	A
94	0.01969	0.02233	T
95	0.03197	0.03859	A
96	0.06029	0.06141	C
97	0.04213	0.04276	C
98	0.04262	0.04279	C
99	0.04332	0.04345	C
100	0.03069	0.03076	C
101	0.0203	0.03197	A
102	0.01177	0.01188	T
103	0.01076	0.01104	T
104	0.0124	0.0291	A
105	0.01081	0.01089	T
106	0.00398	0.00446	G
107	0.01552	0.01637	T
108	0.03065	0.03074	A
109	0.01434	0.01446	A
110	0.02853	0.02889	A
111	0.03454	0.03486	A
112	0.01149	0.01418	T
113	0.05517	0.05546	C
114	0.04171	0.04191	C
115	0.03439	0.03871	A
116	0.01537	0.01539	T
117	0.0134	0.01355	T
118	0.00571	0.00714	G
119	0.01616	0.02006	T
120	0.07333	0.07402	C
121	0.01277	0.0143	G
122	0.0314	0.04884	C
123	0.02578	0.02764	A
124	0.01507	0.01591	T
125	0.06942	0.07005	C
126	0.03897	0.04164	C
127	0.02079	0.0316	A
128	0.10428	0.10452	C
129	0.0261	0.02639	C
130	0.007	0.00759	T
131	0.0122	0.01236	T
132	0.00832	0.00841	T
133	0.01696	0.02309	A
134	0.01014	0.01016	T
135	0.01098	0.01113	T
136	0.01659	0.04118	A
137	0.01176	0.01459	T
138	0.04802	0.04891	C
139	0.0464	0.04786	A
140	0.00982	0.01078	G
141	0.01846	0.01948	T
142	0.02809	0.0284	C
143	0.00941	0.0103	T
144	0.04702	0.0504	C
145	0.01209	0.01216	T
146	0.01271	0.01395	T
147	0.05403	0.05427	C
148	0.04238	0.04292	C
149	0.0449	0.04504	C
150	0.02874	0.02895	C
151	0.0153	0.02227	A
152	0.05064	0.05302	C
153	0.0261	0.0265	A
154	0.03016	0.03074	A
155	0.05575	0.05805	C
156	0.03717	0.03722	A
157	0.03434	0.03477	A
158	0.0146	0.01532	T
159	0.04329	0.04434	A
160	0.01208	0.01209	T
161	0.01325	0.01338	T
162	0.04101	0.04303	C
163	0.03724	0.03769	A
164	0.01608	0.0165	T
165	0.0049	0.00658	G
166	0.01025	0.0114	T
167	0.00439	0.0045	G
168	0.04246	0.04268	C
169	0.01979	0.01987	C
170	0.00793	0.00934	T
171	0.02283	0.029	A
172	0.00446	0.0047	G
173	0.03231	0.03254	A
174	0.05094	0.05101	C
175	0.03735	0.03745	C
176	0.02131	0.02135	A
177	0.04048	0.04097	A
178	0.00313	0.00432	G
179	0.02583	0.02583	A
180	0.02981	0.0304	A
181	0.00456	0.00506	G
182	0.00883	0.00914	T
183	0.00948	0.00979	T
184	0.01942	0.03894	A
185	0.01181	0.01182	T
186	0.01577	0.01614	T
187	0.01944	0.0424	A
188	0.01195	0.01234	T
189	0.04424	0.0461	C
190	0.01339	0.01411	T
191	0.04905	0.05016	C
192	0.00741	0.00802	G
193	0.03421	0.03445	A
194	0.03461	0.03471	A
195	0.04436	0.04531	C
196	0.01288	0.01322	T
197	0.0046	0.00573	G
198	0.03828	0.03855	A
199	0.05675	0.0577	C
200	0.03497	0.03563	A
201	0.04875	0.04947	C
202	0.01094	0.01215	T
203	0.00468	0.00605	G
204	0.02487	0.02573	A
205	0.00667	0.00701	G
206	0.04052	0.04069	C
207	0.04253	0.04318	C
208	0.02086	0.03502	A
209	0.05674	0.06405	C
210	0.02568	0.0258	A
211	0.02855	0.03316	A
212	0.05259	0.05274	C
213	0.03847	0.03928	C
214	0.03753	0.03796	C
215	0.01235	0.01316	A
216	0.0293	0.0296	A
217	0.03102	0.03129	A
218	0.06072	0.06918	C
219	0.02805	0.02837	A
220	0.03255	0.03556	A
221	0.05658	0.05678	C
222	0.04767	0.04925	C
223	0.03787	0.03793	C
224	0.03271	0.04282	A
225	0.00543	0.00559	G
226	0.01931	0.01973	C
227	0.00695	0.00984	T
228	0.03908	0.03998	C
229	0.01133	0.01397	T
230	0.05183	0.05188	C
231	0.04241	0.04242	C
232	0.01165	0.01196	C
233	0.00878	0.00988	T
234	0.03172	0.03236	A
235	0.03529	0.03539	A
236	0.00331	0.00409	G
237	0.03237	0.0332	C
238	0.00658	0.00666	T
239	0.00908	0.00913	T
240	0.03474	0.03733	C
241	0.03293	0.03313	A
242	0.02704	0.02709	A
243	0.03665	0.0367	A
244	0.0401	0.0454	C
245	0.00822	0.00852	T
246	0.03566	0.03716	A
247	0.00433	0.00466	G
248	0.04328	0.04379	A
249	0.04729	0.04853	C
250	0.01058	0.011	T
251	0.03017	0.03232	A
252	0.05319	0.05489	C
253	0.01103	0.0112	T
254	0.01166	0.01184	T
255	0.02773	0.04281	C
256	0.01253	0.01291	T
257	0.05646	0.05649	C
258	0.04099	0.04145	C
259	0.0203	0.03498	A
260	0.0127	0.01359	T
261	0.03569	0.03593	A
262	0.02857	0.03372	A
263	0.01229	0.01272	T
264	0.03905	0.04201	A
265	0.01106	0.01111	T
266	0.01171	0.01199	T
267	0.05066	0.05304	C
268	0.03834	0.04035	A
269	0.01118	0.01178	T
270	0.02685	0.02723	C
271	0.01182	0.01197	C
272	0.01351	0.01355	C
273	0.00292	0.00317	T
274	0.00318	0.00378	G
275	0.00284	0.00324	T
276	0.0104	0.01077	A
277	0.00433	0.00503	G
278	0.01115	0.01144	C
279	0.04163	0.04225	A
280	0.01201	0.01208	T
281	0.01497	0.01501	T
282	0.00455	0.00823	G
283	0.01212	0.01215	T
284	0.01097	0.011	T
285	0.04065	0.0423	C
286	0.00556	0.00562	G
287	0.00306	0.00306	T
288	0.00273	0.00278	T
289	0.0053	0.0085	A
290	0.01133	0.01152	C
291	0.01237	0.01246	A
292	0.00964	0.00984	T
293	0.00303	0.00311	G
294	0.00283	0.00287	G
295	0.00986	0.0103	T
296	0.05543	0.05556	C
297	0.02923	0.0296	C
298	0.02382	0.02779	A
299	0.00845	0.0107	T
300	0.02906	0.02941	C
301	0.02703	0.02937	A
302	0.0088	0.00959	T
303	0.0319	0.03382	A
304	0.00521	0.0061	G
305	0.03669	0.03674	A
306	0.04078	0.04216	A
307	0.0103	0.01052	T
308	0.0139	0.01429	T
309	0.04787	0.05631	C
310	0.01522	0.01784	T
311	0.04748	0.04839	C
312	0.02979	0.03079	A
313	0.03523	0.03553	C
314	0.00713	0.00726	T
315	0.00518	0.00559	G
316	0.00652	0.00675	T
317	0.00344	0.00442	G
318	0.0175	0.01836	A
319	0.0075	0.00768	T
320	0.02821	0.02904	A
321	0.01048	0.01092	T
322	0.03238	0.03336	A
323	0.01134	0.01219	T
324	0.02739	0.02741	A
325	0.0275	0.02753	A
326	0.03096	0.0322	A
327	0.04677	0.05033	C
328	0.01465	0.01748	T
329	0.04642	0.047	C
330	0.04887	0.0546	A
331	0.0147	0.01614	G
332	0.04111	0.042	A
333	0.0484	0.04858	C
334	0.0351	0.03525	C
335	0.03006	0.03028	C
336	0.01181	0.01225	A
337	0.02792	0.02818	A
338	0.02381	0.02393	A
339	0.04161	0.0494	C
340	0.03305	0.03383	A
341	0.01203	0.01262	T
342	0.01261	0.01275	T
343	0.019	0.01937	A
344	0.03676	0.03696	A
345	0.01494	0.01634	T
346	0.03774	0.0382	C
347	0.03371	0.03476	A
348	0.01115	0.0119	G
349	0.01065	0.01074	T
350	0.01009	0.01021	T
351	0.0337	0.04285	C
352	0.01168	0.0118	T
353	0.01345	0.01354	T
354	0.04927	0.0531	C
355	0.02413	0.02447	A
356	0.03022	0.03038	A
357	0.02955	0.02981	A
358	0.01072	0.01362	T
359	0.03243	0.03334	A
360	0.01298	0.0133	T
361	0.04743	0.04809	C
362	0.01146	0.0119	T
363	0.03508	0.03756	A
364	0.28345	0.28738	C
365	0.01456	0.01588	T
366	0.04755	0.05004	C
367	0.02588	0.03149	A
368	0.01467	0.01583	T
369	0.05196	0.05348	C
370	0.01126	0.01128	T
371	0.01134	0.01171	T
372	0.05056	0.05061	C
373	0.03196	0.03215	C
374	0.0134	0.014	T
375	0.02461	0.0256	A
376	0.02664	0.02709	A
377	0.01385	0.01401	T
378	0.01733	0.01746	T
379	0.02174	0.05101	A
380	0.0743	0.07491	C
381	0.0431	0.04369	C
382	0.01304	0.03797	A
383	0.01421	0.01478	T
384	0.02835	0.02903	A
385	0.05025	0.05277	C
386	0.01161	0.01225	T
387	0.02422	0.02437	A
388	0.02985	0.03153	A
389	0.00926	0.00975	T
390	0.04541	0.04621	C
391	0.00921	0.00921	T
392	0.00899	0.00905	T
393	0.03476	0.05877	A
394	0.00351	0.00365	G
395	0.00888	0.00895	T
396	0.01634	0.01658	T
397	0.02524	0.04806	A
398	0.06877	0.06902	C
399	0.0611	0.06129	C
400	0.00435	0.00579	G
401	0.02433	0.02493	C
402	0.00698	0.00731	T
403	0.03481	0.03532	A
404	0.03063	0.03092	A
405	0.05126	0.05216	C
406	0.02997	0.03022	A
407	0.03097	0.03216	A
408	0.06352	0.06368	C
409	0.03448	0.03535	C
410	0.00969	0.01085	T
411	0.02933	0.04	A
412	0.01353	0.01364	T
413	0.01322	0.01333	T
414	0.05422	0.05446	C
415	0.05409	0.05432	C
416	0.02363	0.02375	A
417	0.05078	0.05108	A
418	0.03857	0.03949	C
419	0.00732	0.00746	T
420	0.00433	0.00619	G
421	0.00642	0.00642	T
422	0.00785	0.00787	T
423	0.02382	0.02453	C
424	0.02036	0.02088	A
425	0.00629	0.00683	T
426	0.02402	0.02428	C
427	0.00324	0.00331	G
428	0.00367	0.00368	G
429	0.00518	0.00531	C
430	0.00184	0.00189	T
431	0.00309	0.00339	G
432	0.03001	0.03179	A
433	0.00411	0.0042	G
434	0.05019	0.05151	A
435	0.00296	0.00296	G
436	0.00248	0.00248	G
437	0.00289	0.00289	G
438	0.00728	0.00886	C
439	0.00587	0.00599	G
440	0.00214	0.00242	T
441	0.0085	0.00858	A
442	0.0022	0.00221	G
443	0.00445	0.00449	G
444	0.01227	0.01229	A
445	0.0329	0.03304	A
446	0.00819	0.00824	T
447	0.01254	0.01261	T
448	0.01984	0.04429	A
449	0.00964	0.01115	T
450	0.04195	0.04814	A
451	0.00652	0.00684	T
452	0.02161	0.02194	C
453	0.01736	0.01755	C
454	0.00672	0.00674	T
455	0.00701	0.00706	T
456	0.02558	0.03318	C
457	0.01116	0.01116	T
458	0.0102	0.01034	T
459	0.00343	0.00474	G
460	0.04325	0.04343	C
461	0.01205	0.01319	T
462	0.01892	0.01917	C
463	0.02433	0.02806	A
464	0.00641	0.00644	T
465	0.96313	0.97821	C
466	0.03824	0.03886	A
467	0.00326	0.00466	G
468	0.01148	0.01151	T
469	0.00887	0.00911	T
470	0.00303	0.00336	G
471	0.0186	0.01895	A
472	0.00624	0.00682	T
473	0.00375	0.00427	G
474	0.03334	0.03457	A
475	0.00597	0.00618	T
476	0.01664	0.0174	A
477	0.01959	0.02027	C
478	0.00463	0.00482	G
479	0.02603	0.02605	C
480	0.01686	0.01688	C
481	0.01957	0.01977	C
482	0.00434	0.0054	G
483	0.03626	0.03685	A
484	0.00504	0.00543	G
485	0.02444	0.02482	C
486	0.03558	0.03681	A
487	0.00435	0.00474	G
488	0.02892	0.03163	A
489	0.00846	0.00903	T
490	0.00378	0.00394	G
491	0.07028	0.07032	C
492	0.03909	0.03935	C
493	0.03085	0.03116	A
494	0.03241	0.03248	A
495	0.06828	0.07065	C
496	0.04109	0.04626	A
497	0.06767	0.07221	C
498	0.04946	0.05378	A
499	0.00821	0.01213	G
500	0.03391	0.03868	C
501	0.02642	0.02998	A
502	0.00486	0.00508	G
503	0.04363	0.04433	C
504	0.0268	0.02726	C
505	0.03457	0.03888	A
506	0.0132	0.0135	T
507	0.01004	0.01008	T
508	0.05194	0.05369	C
509	0.03499	0.03508	A
510	0.04909	0.04972	A
511	0.00503	0.00655	G
512	0.04721	0.05044	C
513	0.02482	0.02494	A
514	0.03272	0.03407	A
515	0.01065	0.0116	T
516	0.07829	0.07842	C
517	0.02479	0.02531	C
518	0.00905	0.00973	T
519	0.03874	0.04045	A
520	0.00959	0.01129	T
521	0.03652	0.03735	A
522	0.05366	0.05704	C
523	0.0251	0.02528	A
524	0.03125	0.03311	A
525	0.02308	0.02315	C
526	0.01918	0.01975	C
527	0.0053	0.00735	G
528	0.00513	0.00653	T
529	0.03507	0.0356	A
530	0.01052	0.01111	T
531	0.04335	0.04378	C
532	0.0039	0.00391	G
533	0.0024	0.00243	G
534	0.01347	0.01363	C
535	0.00386	0.00391	G
536	0.01854	0.02011	A
537	0.00609	0.0063	T
538	0.03302	0.03372	A
539	0.01523	0.0155	T
540	0.02599	0.02643	C
541	0.00333	0.00334	G
542	0.00431	0.00432	G
543	0.00342	0.00343	T
544	0.01104	0.01109	T
545	0.01322	0.01356	T
546	0.20056	0.20376	C
547	0.03082	0.03219	A
548	0.01044	0.01085	T
549	0.03808	0.03818	C
550	0.02127	0.0218	C
551	0.00482	0.00593	T
552	0.0188	0.01901	C
553	0.00377	0.00462	G
554	0.01382	0.01382	C
555	0.01051	0.0106	C
556	0.01006	0.01017	T
557	0.0139	0.01395	T
558	0.02882	0.04841	A
559	0.007	0.00774	G
560	0.0541	0.05491	C
561	0.0364	0.03688	A
562	0.01285	0.01332	T
563	0.00324	0.00367	G
564	0.03429	0.03478	A
565	0.0096	0.00963	T
566	0.00956	0.00965	T
567	0.01189	0.01195	T
568	0.02884	0.03172	A
569	0.01013	0.01101	T
570	0.04857	0.04941	C
571	0.02799	0.02855	C
572	0.01094	0.01212	T
573	0.05063	0.05214	A
574	0.05847	0.05989	C
575	0.03735	0.04235	A
576	0.04386	0.04535	C
577	0.0089	0.01016	T
578	0.04467	0.04469	C
579	0.03168	0.03224	C
580	0.01879	0.01986	A
581	0.02912	0.02936	A
582	0.04045	0.04175	C
583	0.00824	0.01117	T
584	0.03912	0.03944	C
585	0.03029	0.03633	A
586	0.00838	0.00864	T
587	0.0047	0.00522	G
588	0.03733	0.0413	A
589	0.00823	0.00911	G
590	0.02061	0.02203	A
591	0.02872	0.02907	C
592	0.03543	0.03559	C
593	0.03511	0.03543	C
594	0.01775	0.02687	A
595	0.05717	0.06035	C
596	0.02827	0.02877	A
597	0.02589	0.02613	A
598	0.05209	0.05437	C
599	0.01466	0.01468	A
600	0.0333	0.03331	A
601	0.03085	0.03136	A
602	0.01173	0.01354	T
603	0.03995	0.0418	A
604	0.00588	0.00667	G
605	0.05794	0.05815	C
606	0.01625	0.01626	C
607	0.01526	0.01533	C
608	0.00525	0.00528	T
609	0.00579	0.00583	T
610	0.01733	0.02427	C
611	0.00599	0.00643	T
612	0.0126	0.01327	A
613	0.0315	0.03153	A
614	0.03785	0.03788	A
615	0.06877	0.07555	C
616	0.00436	0.00449	G
617	0.02079	0.02113	C
618	0.00589	0.00682	T
619	0.01335	0.01374	A
620	0.03091	0.0311	A
621	0.01015	0.01076	T
622	0.04989	0.05023	C
623	0.02592	0.02611	C
624	0.02529	0.0255	A
625	0.04398	0.04424	A
626	0.00604	0.00697	G
627	0.01252	0.01255	C
628	0.00825	0.00834	C
629	0.00604	0.01649	T
630	0.02415	0.02513	C
631	0.01546	0.02999	A
632	0.03741	0.03743	C
633	0.02563	0.02564	C
634	0.03564	0.03564	C
635	0.03188	0.03214	C
636	0.0244	0.05352	A
637	0.01011	0.01024	C
638	0.00221	0.00234	T
639	0.03251	0.03284	A
640	0.00976	0.01001	C
641	0.00212	0.00233	T
642	0.00668	0.00871	A
643	0.00115	0.00138	G
644	0.00221	0.00259	G
645	0.19656	0.19675	C
646	0.01077	0.01104	C
647	0.01221	0.01692	T
648	0.03315	0.03335	C
649	0.02281	0.02363	C
650	0.00406	0.00485	T
651	0.00672	0.00672	C
652	0.0041	0.00439	C
653	0.00189	0.00208	T
654	0.00843	0.00911	A
655	0.00276	0.00362	G
656	0.02133	0.02219	C
657	0.0135	0.01409	A
658	0.00542	0.00733	G
659	0.04555	0.04804	C
660	0.03405	0.03535	A
661	0.0069	0.00824	G
662	0.0464	0.05032	C
663	0.01835	0.01934	A
664	0.002	0.00201	G
665	0.00268	0.00271	G
666	0.00799	0.00845	C
667	0.01503	0.01515	A
668	0.02546	0.02552	A
669	0.03071	0.03079	A
670	0.00952	0.01524	T
671	0.0421	0.04316	C
672	0.03028	0.03218	A
673	0.00564	0.00603	G
674	0.03306	0.03312	C
675	0.02629	0.02638	C
676	0.04768	0.04779	C
677	0.01497	0.01502	A
678	0.03357	0.03361	A
679	0.00873	0.00878	T
680	0.00915	0.00917	T
681	0.0283	0.03578	A
682	0.00287	0.00291	G
683	0.00376	0.00378	G
684	0.00601	0.00634	T
685	0.0105	0.01066	C
686	0.00737	0.00873	T
687	0.03349	0.03352	C
688	0.04181	0.04254	C
689	0.01153	0.02751	A
690	0.04641	0.04642	C
691	0.03193	0.03193	C
692	0.03152	0.03152	C
693	0.02117	0.02142	C
694	0.00653	0.00762	T
695	0.00354	0.00553	G
696	0.03379	0.03603	A
697	0.036	0.03749	C
698	0.00834	0.01099	T
699	0.04053	0.04093	C
700	0.03684	0.03695	C
701	0.02777	0.0278	C
702	0.03732	0.03768	C
703	0.00742	0.01126	T
704	0.03712	0.03844	C
705	0.0198	0.02874	A
706	0.00338	0.00356	G
707	0.01612	0.01612	C
708	0.02551	0.02557	C
709	0.03266	0.05786	A
710	0.00598	0.00625	T
711	0.02733	0.02753	A
712	0.00318	0.00345	G
713	0.02443	0.02447	A
714	0.02475	0.02596	A
715	0.00366	0.00374	G
716	0.00369	0.00377	G
717	0.01484	0.01496	C
718	0.03453	0.03456	C
719	0.0418	0.0419	C
720	0.04024	0.04114	C
721	0.0166	0.02928	A
722	0.05583	0.05588	C
723	0.04575	0.04576	C
724	0.04407	0.04408	C
725	0.04763	0.04787	C
726	0.03226	0.04412	A
727	0.00433	0.00448	G
728	0.00702	0.00829	T
729	0.02643	0.02662	C
730	0.00918	0.01359	T
731	0.03028	0.03137	C
732	0.03419	0.03767	A
733	0.00825	0.00877	G
734	0.05148	0.05158	C
735	0.0324	0.0325	C
736	0.03103	0.03133	C
737	0.00894	0.01192	T
738	0.0236	0.02861	A
739	0.07748	0.07908	C
740	0.01005	0.01079	T
741	0.0575	0.05753	C
742	0.03253	0.03323	C
743	0.01723	0.02784	A
744	0.04026	0.04129	C
745	0.00989	0.01292	T
746	0.04097	0.04354	C
747	0.0284	0.03059	A
748	0.04472	0.04518	A
749	0.00654	0.01149	G
750	0.03694	0.03738	C
751	0.04014	0.04061	A
752	0.05095	0.05222	C
753	0.00787	0.00804	T
754	0.03294	0.03403	A
755	0.00996	0.01007	T
756	0.03344	0.03428	A
757	0.00365	0.00433	G
758	0.00729	0.00731	T
759	0.00702	0.00706	T
760	0.00379	0.0043	G
761	0.00796	0.00917	T
762	0.0302	0.03085	A
763	0.00667	0.00787	G
764	0.04227	0.04285	C
765	0.03525	0.03614	A
766	0.00376	0.0038	G
767	0.00404	0.00419	G
768	0.0216	0.02166	A
769	0.03446	0.03481	A
770	0.00974	0.01055	T
771	0.0463	0.04684	C
772	0.00961	0.00964	T
773	0.01093	0.01127	T
774	0.04779	0.05876	C
775	0.01767	0.01768	T
776	0.01766	0.01789	T
777	0.0153	0.04377	A
778	0.06556	0.06621	C
779	0.01835	0.01999	T
780	0.04639	0.04922	C
781	0.02564	0.03278	A
782	0.01113	0.01236	T
783	0.04816	0.04844	C
784	0.08922	0.09221	C
785	0.00569	0.01018	G
786	0.0391	0.04414	C
787	0.00871	0.00929	T
788	0.01397	0.01491	T
789	0.06919	0.06986	C
790	0.04196	0.04273	C
791	0.01835	0.0392	A
792	0.02531	0.02535	C
793	0.04596	0.04602	C
794	0.03966	0.03968	C
795	0.0486	0.0486	C
796	0.03177	0.03187	C
797	0.00902	0.00949	T
798	0.03724	0.03814	A
799	0.00438	0.00516	G
800	0.03522	0.03624	C
801	0.03273	0.0336	A
802	0.00541	0.00578	G
803	0.02209	0.02212	A
804	0.01417	0.01423	A
805	0.03242	0.03245	A
806	0.02209	0.02218	A
807	0.00878	0.01106	T
808	0.03802	0.04021	A
809	0.00728	0.00837	G
810	0.03045	0.03056	C
811	0.02256	0.02261	C
812	0.02143	0.02154	C
813	0.0299	0.04087	A
814	0.04147	0.04212	C
815	0.00818	0.00867	T
816	0.00937	0.00968	A
817	0.02155	0.02206	A
818	0.00904	0.00989	T
819	0.04464	0.04521	C
820	0.04421	0.04451	C
821	0.01419	0.01444	A
822	0.03077	0.03119	A
823	0.05257	0.05282	A
824	0.04021	0.04549	C
825	0.01044	0.0109	T
826	0.0362	0.03727	C
827	0.01891	0.02009	T
828	0.04456	0.04527	A
829	0.02621	0.02695	A
830	0.07382	0.07584	C
831	0.04449	0.0454	A
832	0.0426	0.04532	C
833	0.00835	0.00879	T
834	0.03045	0.03334	A
835	0.00931	0.00957	T
836	0.00287	0.00322	G
837	0.05414	0.05517	C
838	0.00665	0.00665	T
839	0.00702	0.00717	T
840	0.02372	0.03485	A
841	0.00192	0.00194	G
842	0.00222	0.00227	G
843	0.08632	0.0874	C
844	0.00398	0.00402	G
845	0.01205	0.01233	C
846	0.00364	0.00376	T
847	0.02182	0.02266	A
848	0.00704	0.00809	T
849	0.05296	0.05472	C
850	0.0425	0.04346	A
851	0.07104	0.07106	C
852	0.04241	0.04389	C
853	0.01976	0.03078	A
854	0.04339	0.04487	C
855	0.00528	0.00548	T
856	0.02034	0.02047	C
857	0.00422	0.00426	T
858	0.00337	0.00533	G
859	0.00662	0.00663	T
860	0.01128	0.0115	T
861	0.04511	0.04763	C
862	0.0059	0.00749	G
863	0.01962	0.02083	C
864	0.01902	0.01943	A
865	0.00676	0.00864	G
866	0.05548	0.05675	C
867	0.0369	0.0384	A
868	0.00486	0.00493	G
869	0.00694	0.0079	T
870	0.0241	0.02418	C
871	0.00348	0.00357	T
872	0.00238	0.00356	G
873	0.00662	0.00697	C
874	0.00631	0.00696	G
875	0.0826	0.08266	C
876	0.02329	0.02332	C
877	0.03926	0.0394	C
878	0.00892	0.00898	T
879	0.01079	0.01133	T
880	0.01535	0.03291	A
881	0.05819	0.05946	C
882	0.02576	0.0263	A
883	0.07367	0.08048	C
884	0.02434	0.0244	A
885	0.01681	0.01681	A
886	0.02644	0.02646	A
887	0.03694	0.03716	A
888	0.01519	0.01765	T
889	0.00666	0.00811	G
890	0.04125	0.04201	A
891	0.06014	0.06194	C
892	0.03555	0.0358	A
893	0.01993	0.02281	T
894	0.02985	0.03529	C
895	0.00136	0.00144	A
896	0.00078	0.00081	A
897	0.00134	0.00139	A
898	0.0182	0.01834	A
899	0.00945	0.00948	A
900	0.01616	0.0162	A
901	0.02023	0.02033	A
902	0.01065	0.01284	T
903	0.04391	0.0443	C
904	0.01146	0.01199	G
905	0.00753	0.01033	T
906	0.03046	0.03133	A
907	0.00485	0.00508	G
908	0.03891	0.03931	C
909	0.02765	0.02772	C
910	0.0079	0.00808	T
911	0.01311	0.01338	T
912	0.03855	0.05989	C
913	0.01042	0.01129	T
914	0.06597	0.06601	C
915	0.03981	0.04044	C
916	0.01934	0.03326	A
917	0.05116	0.05182	C
918	0.00813	0.00861	T
919	0.00946	0.00949	T
920	0.045	0.04776	C
921	0.03389	0.03413	A
922	0.03481	0.035	A
923	0.00314	0.00362	G
924	0.00715	0.00843	T
925	0.03287	0.03331	C
926	0.03113	0.03117	A
927	0.03748	0.03757	A
928	0.04227	0.04372	C
929	0.00736	0.00747	T
930	0.04394	0.04501	A
931	0.00344	0.00362	G
932	0.00245	0.00248	G
933	0.01434	0.01992	A
934	0.02029	0.02043	C
935	0.0049	0.00703	T
936	0.03655	0.03672	C
937	0.01844	0.02089	A
938	0.00826	0.00865	T
939	0.02426	0.02427	A
940	0.0219	0.02621	A
941	0.00818	0.00838	T
942	0.02815	0.02917	A
943	0.00382	0.00441	G
944	0.00902	0.00907	T
945	0.01035	0.01058	T
946	0.01501	0.0358	A
947	0.06618	0.06704	C
948	0.03059	0.03062	A
949	0.03652	0.03713	A
950	0.01311	0.01472	T
951	0.04709	0.04797	C
952	0.00517	0.00522	G
953	0.00469	0.00478	G
954	0.02369	0.02489	C
955	0.04122	0.04213	A
956	0.01108	0.01568	T
957	0.04681	0.04869	C
958	0.03022	0.03109	A
959	0.03893	0.03912	A
960	0.05246	0.05271	C
961	0.04061	0.0409	C
962	0.01626	0.01751	A
963	0.03065	0.03109	A
964	0.05031	0.05073	C
965	0.04947	0.05087	C
966	0.01649	0.03259	A
967	0.059	0.06406	C
968	0.02614	0.03081	A
969	0.05925	0.05927	C
970	0.02573	0.0266	C
971	0.00962	0.01047	T
972	0.04251	0.04324	A
973	0.00409	0.00427	G
974	0.04648	0.04808	C
975	0.03169	0.03462	A
976	0.00905	0.00921	T
977	0.00668	0.00673	T
978	0.03788	0.03794	C
979	0.02119	0.02148	C
980	0.00762	0.00856	T
981	0.00404	0.00474	G
982	0.02546	0.02604	C
983	0.03887	0.04088	A
984	0.05654	0.05738	C
985	0.02493	0.02622	A
986	0.01111	0.01178	T
987	0.04057	0.04151	C
988	0.00928	0.00941	T
989	0.01617	0.01865	G
990	0.00948	0.01117	T
991	0.02631	0.02811	A
992	0.05168	0.0518	C
993	0.03757	0.03769	C
994	0.02598	0.02608	C
995	0.0283	0.03365	A
996	0.07542	0.07633	C
997	0.00467	0.00589	G
998	0.04218	0.04227	C
999	0.02949	0.02958	C
1000	0.00864	0.00891	T
1001	0.01042	0.0105	T
1002	0.02624	0.04468	C
1003	0.0104	0.01045	T
1004	0.01148	0.01181	T
1005	0.04787	0.0527	C
1006	0.03378	0.03466	A
1007	0.03675	0.03689	A
1008	0.02986	0.02994	A
1009	0.00378	0.00407	G
1010	0.01789	0.01796	C
1011	0.01396	0.01406	C
1012	0.00779	0.02327	A
1013	0.00565	0.00601	T
1014	0.02036	0.02061	A
1015	0.06191	0.06461	C
1016	0.008	0.0083	T
1017	0.02708	0.02879	A
1018	0.00802	0.00804	T
1019	0.00898	0.009	T
1020	0.00574	0.00578	T
1021	0.00525	0.00599	A
1022	0.00275	0.0028	T
1023	0.00225	0.00236	G
1024	0.01015	0.01058	T
1025	0.00451	0.00471	G
1026	0.01906	0.01956	C
1027	0.00393	0.00421	T
1028	0.03951	0.03953	C
1029	0.032	0.03209	C
1030	0.00247	0.00249	G
1031	0.00303	0.00307	G
1032	0.00508	0.00513	G
1033	0.00622	0.00696	T
1034	0.04089	0.04106	C
1035	0.02314	0.02335	C
1036	0.02969	0.03496	A
1037	0.01261	0.01518	T
1038	0.04183	0.04352	C
1039	0.02653	0.03028	A
1040	0.01427	0.01572	T
1041	0.05395	0.0549	C
1042	0.04203	0.0436	C
1043	0.01915	0.03503	A
1044	0.04841	0.05788	C
1045	0.02207	0.02216	A
1046	0.03119	0.03237	A
1047	0.04443	0.04451	C
1048	0.03349	0.0342	C
1049	0.00913	0.0095	T
1050	0.01258	0.01276	T
1051	0.02006	0.0203	A
1052	0.02789	0.02801	A
1053	0.05986	0.06079	C
1054	0.03139	0.0318	A
1055	0.03254	0.0332	A
1056	0.01139	0.01196	T
1057	0.00604	0.00744	G
1058	0.02616	0.02632	A
1059	0.03186	0.03236	A
1060	0.05763	0.0591	C
1061	0.03592	0.036	A
1062	0.0396	0.04075	A
1063	0.0056	0.00652	G
1064	0.0329	0.03347	A
1065	0.01105	0.0116	T
1066	0.03859	0.04034	A
1067	0.00918	0.00924	T
1068	0.0101	0.01049	T
1069	0.0438	0.04657	C
1070	0.00699	0.00868	G
1071	0.0029	0.003	A
1072	0.0196	0.01971	A
1073	0.01068	0.0107	A
1074	0.03081	0.03084	A
1075	0.02992	0.02994	A
1076	0.00983	0.01038	T
1077	0.04499	0.04533	A
1078	0.00264	0.00272	G
1079	0.00238	0.00243	G
1080	0.01164	0.01327	A
1081	0.00434	0.00436	G
1082	0.00332	0.00344	G
1083	0.0367	0.05315	A
1084	0.04397	0.04511	C
1085	0.00779	0.00852	T
1086	0.02973	0.0311	A
1087	0.04158	0.04224	C
1088	0.01106	0.01302	T
1089	0.06065	0.06234	C
1090	0.03493	0.0358	A
1091	0.02185	0.02228	A
1092	0.02368	0.02384	A
1093	0.03614	0.03633	A
1094	0.04547	0.04813	C
1095	0.03116	0.03149	C
1096	0.01707	0.04188	A
1097	0.01767	0.01879	T
1098	0.04323	0.04449	A
1099	0.06343	0.06435	C
1100	0.02911	0.02973	C
1101	0.0087	0.01062	T
1102	0.04162	0.04278	C
1103	0.01558	0.01806	T
1104	0.04847	0.0491	C
1105	0.03098	0.03272	A
1106	0.06012	0.06098	C
1107	0.01029	0.01055	T
1108	0.01176	0.012	T
1109	0.05214	0.05481	C
1110	0.03316	0.03445	A
1111	0.04279	0.0431	A
1112	0.03944	0.03959	C
1113	0.02065	0.0213	C
1114	0.00681	0.01053	T
1115	0.02875	0.02877	C
1116	0.01796	0.01802	C
1117	0.03573	0.03691	C
1118	0.01141	0.01376	T
1119	0.04458	0.04567	C
1120	0.02305	0.02631	A
1121	0.06427	0.06427	C
1122	0.03522	0.03576	C
1123	0.0329	0.03841	A
1124	0.01136	0.01148	T
1125	0.01151	0.01153	T
1126	0.00477	0.00479	G
1127	0.00419	0.00433	G
1128	0.04559	0.04705	C
1129	0.04742	0.0487	A
1130	0.00717	0.00731	G
1131	0.03401	0.03419	C
1132	0.01649	0.01693	C
1133	0.00733	0.00778	T
1134	0.04142	0.04185	A
1135	0.00655	0.00707	G
1136	0.03204	0.03234	C
1137	0.04099	0.04197	A
1138	0.0102	0.01041	T
1139	0.01081	0.01088	T
1140	0.03189	0.0453	A
1141	0.00355	0.004	G
1142	0.02939	0.02956	C
1143	0.01393	0.01446	A
1144	0.00235	0.00236	G
1145	0.00284	0.00289	G
1146	0.01864	0.01874	A
1147	0.02186	0.02207	A
1148	0.01052	0.0124	T
1149	0.04371	0.04415	A
1150	0.07121	0.07181	C
1151	0.03657	0.03685	C
1152	0.00335	0.00337	T
1153	0.00867	0.0087	T
1154	0.00655	0.00658	T
1155	0.0289	0.02918	C
1156	0.02309	0.02322	C
1157	0.00685	0.01048	T
1158	0.04871	0.04991	C
1159	0.02516	0.03029	A
1160	0.06784	0.06856	C
1161	0.03854	0.04025	A
1162	0.00229	0.0024	G
1163	0.004	0.00402	G
1164	0.00207	0.0021	T
1165	0.00331	0.00332	T
1166	0.00363	0.00366	T
1167	0.01391	0.01459	C
1168	0.00686	0.00744	T
1169	0.03304	0.04401	A
1170	0.05787	0.05889	C
1171	0.01051	0.01161	T
1172	0.04753	0.04756	C
1173	0.04089	0.0415	C
1174	0.02336	0.02388	A
1175	0.02919	0.02924	A
1176	0.04921	0.04967	A
1177	0.01078	0.01161	G
1178	0.04488	0.04581	A
1179	0.06219	0.06252	C
1180	0.04187	0.04225	C
1181	0.0245	0.03087	A
1182	0.04042	0.04157	C
1183	0.0311	0.03393	A
1184	0.01157	0.01457	T
1185	0.04516	0.04638	C
1186	0.04129	0.04382	A
1187	0.00964	0.0102	T
1188	0.04746	0.04898	C
1189	0.00479	0.0053	G
1190	0.0094	0.00965	A
1191	0.01185	0.01204	A
1192	0.0144	0.01449	A
1193	0.01857	0.01891	C
1194	0.02212	0.02239	C
1195	0.00611	0.00979	G
1196	0.05732	0.06506	C
1197	0.03403	0.03516	A
1198	0.03172	0.03222	A
1199	0.02913	0.02917	A
1200	0.05674	0.06345	C
1201	0.03335	0.03444	A
1202	0.01343	0.01449	T
1203	0.03281	0.03313	A
1204	0.01328	0.01626	T
1205	0.04917	0.05195	C
1206	0.04299	0.04574	A
1207	0.01563	0.01691	T
1208	0.04077	0.04284	A
1209	0.06182	0.06576	C
1210	0.02578	0.02673	A
1211	0.05857	0.06381	C
1212	0.03467	0.0347	A
1213	0.03065	0.03067	A
1214	0.03694	0.03874	A
1215	0.05805	0.06806	C
1216	0.00806	0.00831	G
1217	0.0448	0.04484	C
1218	0.03056	0.03084	C
1219	0.00914	0.01103	T
1220	0.00449	0.00652	G
1221	0.02712	0.02983	A
1222	0.0079	0.00862	G
1223	0.09731	0.09782	C
1224	0.04044	0.04061	C
1225	0.02304	0.02343	C
1226	0.00997	0.01095	T
1227	0.03445	0.03515	A
1228	0.01417	0.01446	T
1229	0.04035	0.04111	C
1230	0.01053	0.0111	T
1231	0.0358	0.03828	A
1232	0.03407	0.03409	T
1233	0.01555	0.01677	T
1234	0.01619	0.04259	A
1235	0.0491	0.05026	C
1236	0.01008	0.01083	T
1237	0.04365	0.04504	C
1238	0.00982	0.01177	T
1239	0.04053	0.04196	C
1240	0.03081	0.03555	A
1241	0.0124	0.01334	T
1242	0.06129	0.062	C
1243	0.0071	0.00755	G
1244	0.02729	0.03191	C
1245	0.01123	0.01215	T
1246	0.04815	0.05033	A
1247	0.06982	0.07057	C
1248	0.03574	0.03887	C
1249	0.01507	0.02274	T
1250	0.0475	0.04751	C
1251	0.04317	0.0432	C
1252	0.03313	0.03389	C
1253	0.00988	0.01163	T
1254	0.00375	0.00424	G
1255	0.03467	0.03487	A
1256	0.06221	0.06295	C
1257	0.04345	0.04446	A
1258	0.03738	0.03846	A
1259	0.00415	0.00551	G
1260	0.03213	0.03322	C
1261	0.00636	0.00653	G
1262	0.07031	0.07032	C
1263	0.02974	0.02994	C
1264	0.00821	0.00922	T
1265	0.02985	0.03608	A
1266	0.01202	0.01228	T
1267	0.0472	0.04857	A
1268	0.00637	0.00708	G
1269	0.04054	0.04186	C
1270	0.03971	0.0425	A
1271	0.05269	0.05352	C
1272	0.01033	0.0113	T
1273	0.05362	0.05391	C
1274	0.00995	0.0105	G
1275	0.02919	0.02939	A
1276	0.02866	0.02881	A
1277	0.01124	0.01212	T
1278	0.02282	0.02292	A
1279	0.02476	0.03265	A
1280	0.01084	0.01105	T
1281	0.91038	0.91212	T
1282	0.04359	0.04445	C
1283	0.01027	0.01028	T
1284	0.0116	0.0132	T
1285	0.0447	0.05081	C
1286	0.01905	0.02663	T
1287	0.05226	0.05554	C
1288	0.02478	0.02703	A
1289	0.05476	0.05501	C
1290	0.03544	0.03544	C
1291	0.02079	0.0212	C
1292	0.00805	0.00927	T
1293	0.03916	0.03968	A
1294	0.03798	0.0382	A
1295	0.06909	0.07041	C
1296	0.05062	0.05289	A
1297	0.00241	0.00265	G
1298	0.00501	0.0052	G
1299	0.00955	0.01294	T
1300	0.08459	0.08748	C
1301	0.03364	0.03382	A
1302	0.03924	0.0396	A
1303	0.06435	0.06455	C
1304	0.03429	0.03507	C
1305	0.00832	0.01036	T
1306	0.06753	0.06786	C
1307	0.00602	0.00832	G
1308	0.03118	0.03421	C
1309	0.01199	0.01233	T
1310	0.01112	0.01189	T
1311	0.06893	0.06912	C
1312	0.04374	0.0443	C
1313	0.04726	0.04741	C
1314	0.02367	0.0245	C
1315	0.01446	0.02724	A
1316	0.06049	0.06049	C
1317	0.03701	0.03701	C
1318	0.03346	0.03398	C
1319	0.00997	0.01032	T
1320	0.01179	0.01208	T
1321	0.01254	0.02927	A
1322	0.05702	0.05795	C
1323	0.0135	0.0146	T
1324	0.03419	0.03462	A
1325	0.02835	0.02918	A
1326	0.061	0.06214	C
1327	0.03667	0.03837	A
1328	0.01311	0.01358	T
1329	0.01626	0.01678	T
1330	0.02005	0.02016	A
1331	0.035	0.03571	A
1332	0.06949	0.07141	C
1333	0.00859	0.00986	G
1334	0.02823	0.02838	A
1335	0.01589	0.01604	A
1336	0.03093	0.0312	A
1337	0.03126	0.03151	A
1338	0.01761	0.02385	T
1339	0.035	0.03517	A
1340	0.03316	0.03661	A
1341	0.06118	0.06535	C
1342	0.04095	0.04148	C
1343	0.04619	0.04638	C
1344	0.02961	0.02996	C
1345	0.02227	0.03119	A
1346	0.06005	0.0601	C
1347	0.04737	0.04742	C
1348	0.02954	0.03038	C
1349	0.00856	0.00967	T
1350	0.02866	0.03041	A
1351	0.04537	0.04653	C
1352	0.01081	0.01204	T
1353	0.01477	0.01529	A
1354	0.02441	0.02568	A
1355	0.03847	0.03913	A
1356	0.06337	0.06478	C
1357	0.04243	0.04302	C
1358	0.04151	0.0416	C
1359	0.03252	0.03257	C
1360	0.02777	0.03558	A
1361	0.01073	0.01089	T
1362	0.01171	0.01189	T
1363	0.01949	0.01976	A
1364	0.02964	0.03025	A
1365	0.03943	0.04007	A
1366	0.06759	0.0754	C
1367	0.00571	0.00588	G
1368	0.0333	0.03331	C
1369	0.02332	0.0234	C
1370	0.00534	0.00629	T
1371	0.00341	0.00352	G
1372	0.00314	0.00353	G
1373	0.02027	0.02162	C
1374	0.19501	0.19963	A
1375	0.00478	0.00492	G
1376	0.02776	0.02833	C
1377	0.03169	0.03294	C
1378	0.00455	0.00457	G
1379	0.00287	0.00309	G
1380	0.01804	0.0184	A
1381	0.02822	0.02836	A
1382	0.00385	0.00419	G
1383	0.04057	0.04075	C
1384	0.01734	0.01739	C
1385	0.00677	0.00737	T
1386	0.03473	0.03884	A
1387	0.00888	0.00894	T
1388	0.00994	0.01017	T
1389	0.04869	0.05175	C
1390	0.00827	0.00956	G
1391	0.04077	0.04171	C
1392	0.03428	0.0353	A
1393	0.00315	0.0032	G
1394	0.00433	0.00444	G
1395	0.04532	0.05778	A
1396	0.00536	0.0054	T
1397	0.01073	0.01074	T
1398	0.01288	0.01291	T
1399	0.0458	0.04807	C
1400	0.01843	0.02242	T
1401	0.04766	0.04885	C
1402	0.03678	0.03942	A
1403	0.0196	0.01967	T
1404	0.01712	0.01778	T
1405	0.01466	0.03772	A
1406	0.06144	0.06262	C
1407	0.01881	0.02064	T
1408	0.03519	0.0355	A
1409	0.03123	0.03256	A
1410	0.06387	0.06666	C
1411	0.03346	0.03353	A
1412	0.04154	0.04236	A
1413	0.05762	0.06014	C
1414	0.03894	0.0412	A
1415	0.00708	0.00766	T
1416	0.01513	0.01535	T
1417	0.01948	0.01963	T
1418	0.04129	0.0419	C
1419	0.06569	0.06587	C
1420	0.04388	0.04394	C
1421	0.03699	0.03704	C
1422	0.0595	0.05955	C
1423	0.00708	0.01007	G
1424	0.03381	0.04196	C
1425	0.03083	0.04247	A
1426	0.02249	0.02616	T
1427	0.04243	0.04281	C
1428	0.04394	0.04423	C
1429	0.05319	0.05372	C
1430	0.0392	0.03933	C
1431	0.03524	0.0354	C
1432	0.01705	0.01741	T
1433	0.01372	0.01395	T
1434	0.04159	0.04163	C
1435	0.04012	0.04039	C
1436	0.01656	0.0172	A
1437	0.02852	0.02877	A
1438	0.02815	0.02874	A
1439	0.05578	0.06377	C
1440	0.0299	0.02995	A
1441	0.03354	0.03415	A
1442	0.06086	0.06421	C
1443	0.02947	0.02959	A
1444	0.03771	0.03901	A
1445	0.02277	0.02812	T
1446	0.03578	0.03636	C
1447	0.03773	0.03816	C
1448	0.0413	0.0415	C
1449	0.06813	0.06827	C
1450	0.02456	0.02462	C
1451	0.00881	0.01034	T
1452	0.04199	0.04328	C
1453	0.01104	0.01181	T
1454	0.03177	0.03347	A
1455	0.05241	0.05272	C
1456	0.03385	0.03481	C
1457	0.01389	0.01551	T
1458	0.02229	0.02302	A
1459	0.01735	0.01753	A
1460	0.03473	0.03484	A
1461	0.0326	0.03271	A
1462	0.04748	0.05818	C
1463	0.01505	0.01721	T
1464	0.05391	0.05433	C
1465	0.02235	0.02643	A
1466	0.01911	0.02016	C
1467	0.01205	0.01625	A
1468	0.00729	0.00807	G
1469	0.02073	0.02086	C
1470	0.02556	0.02562	C
1471	0.03421	0.03434	C
1472	0.01021	0.01163	T
1473	0.06298	0.06312	C
1474	0.00318	0.00343	G
1475	0.01004	0.01015	C
1476	0.00396	0.00408	T
1477	0.00555	0.00592	G
1478	0.01258	0.01344	T
1479	0.09596	0.09613	C
1480	0.02873	0.02909	A
1481	0.06894	0.0701	C
1482	0.0046	0.00469	T
1483	0.01206	0.01211	T
1484	0.00996	0.00996	T
1485	0.05174	0.05183	C
1486	0.00572	0.00573	C
1487	0.00158	0.00171	T
1488	0.00552	0.00603	A
1489	0.00144	0.00147	G
1490	0.00217	0.00218	G
1491	0.0106	0.01552	A
1492	0.00459	0.00466	C
1493	0.00155	0.00157	T
1494	0.00612	0.00619	T
1495	0.03884	0.05141	C
1496	0.01249	0.01302	T
1497	0.04335	0.04487	A
1498	0.02436	0.02464	A
1499	0.05323	0.05483	C
1500	0.0104	0.01167	A
1501	0.00539	0.00566	G
1502	0.00929	0.00932	C
1503	0.00313	0.00314	C
1504	0.00267	0.00271	C
1505	0.00141	0.00164	T
1506	0.0048	0.00637	A
1507	0.00424	0.00441	G
1508	0.06867	0.06896	A
1509	0.06368	0.0638	C
1510	0.03946	0.0397	C
1511	0.01049	0.01264	T
1512	0.05612	0.05779	C
1513	0.02622	0.02787	A
1514	0.04161	0.0417	A
1515	0.06011	0.06227	C
1516	0.01623	0.01745	T
1517	0.03641	0.03724	A
1518	0.06502	0.06543	C
1519	0.00818	0.01068	C
1520	0.02522	0.02762	T
1521	0.03226	0.03324	A
1522	0.03166	0.0322	A
1523	0.06654	0.06682	C
1524	0.04667	0.048	C
1525	0.02145	0.0219	A
1526	0.02694	0.02746	A
1527	0.05954	0.06251	C
1528	0.02917	0.02931	A
1529	0.02607	0.02614	A
1530	0.01931	0.01994	A
1531	0.05158	0.05815	C
1532	0.00931	0.01084	T
1533	0.00985	0.01091	T
1534	0.01204	0.01247	A
1535	0.01429	0.01439	A
1536	0.02732	0.02842	A
1537	0.02915	0.02967	A
1538	0.00875	0.01408	T
1539	0.02422	0.02422	A
1540	0.01496	0.01498	A
1541	0.02874	0.02879	A
1542	0.02946	0.03241	A
1543	0.02337	0.02643	T
1544	0.06255	0.06393	C
1545	0.0347	0.03491	C
1546	0.04115	0.04127	C
1547	0.02996	0.03008	C
1548	0.02128	0.03667	A
1549	0.03655	0.0374	C
1550	0.00857	0.00905	T
1551	0.0315	0.03347	A
1552	0.0115	0.01177	T
1553	0.91647	0.92122	G
1554	0.05749	0.06202	C
1555	0.02344	0.02568	A
1556	0.04482	0.04589	C
1557	0.01953	0.02071	A
1558	0.00946	0.00951	T
1559	0.01111	0.01117	T
1560	0.01171	0.01176	T
1561	0.01258	0.01272	T
1562	0.01439	0.02651	A
1563	0.00702	0.00702	T
1564	0.01115	0.01116	T
1565	0.012	0.01241	T
1566	0.0377	0.04038	C
1567	0.01296	0.01363	T
1568	0.0556	0.0557	C
1569	0.03624	0.03666	C
1570	0.02525	0.02754	A
1571	0.03316	0.03342	A
1572	0.05717	0.05827	C
1573	0.04147	0.04596	A
1574	0.01316	0.01476	T
1575	0.03647	0.03725	A
1576	0.05451	0.05618	C
1577	0.01036	0.0121	T
1578	0.04471	0.04548	C
1579	0.00668	0.00682	G
1580	0.00435	0.00446	G
1581	0.03078	0.03794	A
1582	0.01228	0.01232	T
1583	0.01091	0.01103	T
1584	0.0418	0.04892	C
1585	0.01499	0.02415	T
1586	0.03826	0.04307	A
1587	0.07004	0.07027	C
1588	0.04036	0.04088	C
1589	0.03462	0.03549	C
1590	0.01333	0.01403	T
1591	0.05438	0.05582	A
1592	0.00791	0.00873	G
1593	0.07001	0.07253	C
1594	0.04309	0.04418	A
1595	0.01793	0.02054	T
1596	0.0605	0.06302	C
1597	0.04284	0.04444	A
1598	0.06877	0.07425	C
1599	0.03244	0.03512	A
1600	0.05693	0.063	C
1601	0.03257	0.03431	A
1602	0.06188	0.06189	C
1603	0.05026	0.0514	C
1604	0.00582	0.00911	G
1605	0.04895	0.04957	C
1606	0.0314	0.03288	A
1607	0.0701	0.0717	C
1608	0.02726	0.02763	A
1609	0.02916	0.03012	A
1610	0.01393	0.01634	T
1611	0.05236	0.05252	C
1612	0.0427	0.04283	C
1613	0.05629	0.05638	C
1614	0.0274	0.02745	C
1615	0.01018	0.01105	T
1616	0.0381	0.03856	A
1617	0.00973	0.00991	T
1618	0.03936	0.03973	C
1619	0.00777	0.00816	T
1620	0.02767	0.03453	A
1621	0.00177	0.00183	G
1622	0.00294	0.00297	G
1623	0.03958	0.03959	C
1624	0.01601	0.01612	C
1625	0.00665	0.00672	T
1626	0.00905	0.00911	T
1627	0.03541	0.0441	C
1628	0.01146	0.01147	T
1629	0.01148	0.01155	T
1630	0.02111	0.04488	A
1631	0.07154	0.07308	C
1632	0.00376	0.00452	G
1633	0.03859	0.03957	A
1634	0.0052	0.00591	G
1635	0.04486	0.04495	C
1636	0.0305	0.03063	C
1637	0.02006	0.02093	A
1638	0.01811	0.01821	A
1639	0.03622	0.03635	A
1640	0.04055	0.04057	A
1641	0.05034	0.05317	C
1642	0.03055	0.03118	C
1643	0.01634	0.01946	T
1644	0.00821	0.00976	G
1645	0.07008	0.07017	C
1646	0.02865	0.02901	C
1647	0.05413	0.05443	C
1648	0.03295	0.03327	C
1649	0.01102	0.01352	T
1650	0.03441	0.04027	A
1651	0.05119	0.05244	C
1652	0.01085	0.01187	T
1653	0.05116	0.05124	C
1654	0.03685	0.03904	C
1655	0.00884	0.01051	T
1656	0.048	0.04801	C
1657	0.02567	0.02725	C
1658	0.00713	0.00848	T
1659	0.02558	0.0333	A
1660	0.00478	0.0052	G
1661	0.03864	0.03888	A
1662	0.06371	0.06392	C
1663	0.00633	0.00726	C
1664	0.01394	0.01522	T
1665	0.02937	0.02997	A
1666	0.03706	0.03767	A
1667	0.06985	0.0702	C
1668	0.03695	0.03767	C
1669	0.0108	0.01279	T
1670	0.00424	0.00501	G
1671	0.04445	0.04476	A
1672	0.04388	0.04464	C
1673	0.01	0.01053	T
1674	0.0364	0.03753	A
1675	0.00567	0.00608	G
1676	0.04799	0.04806	A
1677	0.02993	0.03027	A
1678	0.03386	0.03394	A
1679	0.0418	0.04225	A
1680	0.00475	0.00593	G
1681	0.04541	0.04662	C
1682	0.01	0.01059	T
1683	0.03663	0.0383	A
1684	0.01544	0.01565	T
1685	0.02148	0.02322	T
1686	0.01484	0.03895	A
1687	0.07053	0.0712	C
1688	0.03691	0.0379	C
1689	0.01405	0.01637	T
1690	0.02196	0.02267	A
1691	0.01616	0.01658	A
1692	0.03307	0.03345	A
1693	0.04119	0.04168	A
1694	0.04224	0.06276	C
1695	0.02357	0.02373	A
1696	0.03873	0.03901	A
1697	0.00711	0.00745	T
1698	0.01129	0.01143	T
1699	0.01312	0.01316	T
1700	0.04558	0.04873	C
1701	0.03197	0.03572	A
1702	0.05769	0.05898	C
1703	0.03508	0.03847	A
1704	0.01055	0.01272	G
1705	0.05543	0.05718	C
1706	0.0381	0.03952	A
1707	0.06888	0.06902	C
1708	0.03303	0.03355	C
1709	0.0138	0.01391	A
1710	0.03206	0.03279	A
1711	0.03368	0.03403	A
1712	0.01284	0.01678	T
1713	0.04098	0.0415	C
1714	0.01206	0.01294	T
1715	0.04906	0.04918	C
1716	0.03933	0.04028	C
1717	0.02206	0.02932	A
1718	0.0601	0.06021	C
1719	0.03846	0.03988	C
1720	0.00891	0.01154	T
1721	0.04593	0.04594	C
1722	0.03099	0.03163	C
1723	0.02714	0.03509	A
1724	0.02151	0.02252	T
1725	0.04566	0.0477	C
1726	0.03433	0.03936	A
1727	0.01815	0.0213	T
1728	0.0675	0.07226	C
1729	0.03763	0.03914	A
1730	0.05855	0.05864	C
1731	0.04623	0.04706	C
1732	0.00937	0.01428	T
1733	0.04896	0.05189	C
1734	0.02516	0.02894	A
1735	0.04059	0.04138	A
1736	0.0505	0.05059	C
1737	0.03103	0.0312	C
1738	0.03243	0.03316	C
1739	0.00206	0.0023	A
1740	0.01833	0.01843	A
1741	0.02309	0.02317	A
1742	0.04088	0.04094	A
1743	0.02963	0.02967	A
1744	0.00411	0.00428	G
1745	0.0041	0.00423	G
1746	0.08414	0.08494	C
1747	0.03164	0.03213	A
1748	0.01126	0.01227	T
1749	0.02138	0.0214	A
1750	0.03188	0.03704	A
1751	0.00806	0.00827	T
1752	0.01045	0.01097	T
1753	0.01555	0.01575	A
1754	0.02758	0.02806	A
1755	0.08115	0.08284	A
1756	0.02833	0.03054	C
1757	0.00672	0.00676	T
1758	0.01184	0.01208	T
1759	0.00859	0.00871	T
1760	0.02385	0.03012	A
1761	0.04209	0.04299	C
1762	0.00924	0.00937	T
1763	0.01111	0.01125	T
1764	0.05568	0.05684	C
1765	0.03958	0.04022	C
1766	0.01363	0.01656	T
1767	0.05205	0.05527	C
1768	0.015	0.01608	T
1769	0.05469	0.05718	C
1770	0.00828	0.00833	T
1771	0.01743	0.01745	T
1772	0.01653	0.01687	T
1773	0.03738	0.04258	C
1774	0.01784	0.01785	T
1775	0.01621	0.01655	T
1776	0.03868	0.05752	C
1777	0.01337	0.01339	T
1778	0.01692	0.01812	T
1779	0.06328	0.06342	C
1780	0.06829	0.06913	C
1781	0.04516	0.04576	C
1782	0.02345	0.03475	A
1783	0.06035	0.06108	C
1784	0.01775	0.02224	T
1785	0.04328	0.04635	C
1786	0.02637	0.03665	A
1787	0.01381	0.01496	T
1788	0.05928	0.0597	C
1789	0.01639	0.01712	C
1790	0.01931	0.02277	T
1791	0.0208	0.02229	A
1792	0.04107	0.04209	A
1793	0.06563	0.06592	C
1794	0.04956	0.04999	C
1795	0.0348	0.03588	C
1796	0.01364	0.0178	T
1797	0.02988	0.03678	A
1798	0.05712	0.05922	C
1799	0.01386	0.0147	T
1800	0.06007	0.06015	C
1801	0.02468	0.02593	C
1802	0.01261	0.01353	T
1803	0.02653	0.02745	A
1804	0.03765	0.03825	A
1805	0.01577	0.01755	T
1806	0.0547	0.05557	C
1807	0.02599	0.02713	A
1808	0.06311	0.06575	C
1809	0.03856	0.04148	A
1810	0.01164	0.01833	T
1811	0.03361	0.03364	A
1812	0.03081	0.03545	A
1813	0.09923	0.10066	C
1814	0.03579	0.03647	C
1815	0.0092	0.01031	T
1816	0.0329	0.03936	A
1817	0.01339	0.01372	T
1818	0.01684	0.01739	T
1819	0.04235	0.04279	C
1820	0.04646	0.0467	C
1821	0.04478	0.04493	C
1822	0.04466	0.04471	C
1823	0.04661	0.04666	C
1824	0.00534	0.00723	G
1825	0.03729	0.03788	A
1826	0.00789	0.00845	G
1827	0.06681	0.06915	C
1828	0.02811	0.02833	A
1829	0.03424	0.03473	A
1830	0.0139	0.01442	T
1831	0.04828	0.04869	C
1832	0.01057	0.01116	T
1833	0.0467	0.04729	C
1834	0.0186	0.01905	A
1835	0.03069	0.031	A
1836	0.01474	0.01518	T
1837	0.01143	0.0117	T
1838	0.00955	0.02815	A
1839	0.05293	0.05476	C
1840	0.0313	0.03166	A
1841	0.02378	0.02447	A
1842	0.01231	0.01293	T
1843	0.02398	0.0256	A
1844	0.01168	0.0123	T
1845	0.03965	0.04137	A
1846	0.0135	0.01558	T
1847	0.04125	0.04332	A
1848	0.05889	0.06134	C
1849	0.02998	0.03067	A
1850	0.06086	0.06126	C
1851	0.03836	0.04064	C
1852	0.02071	0.02093	A
1853	0.0252	0.02534	A
1854	0.05195	0.05501	C
1855	0.03639	0.03643	A
1856	0.0295	0.02956	A
1857	0.02665	0.02702	A
1858	0.05408	0.06462	C
1859	0.03014	0.03014	A
1860	0.02489	0.02542	A
1861	0.01051	0.01095	T
1862	0.0064	0.00733	G
1863	0.01033	0.01043	T
1864	0.01085	0.01092	T
1865	0.04647	0.04758	C
1866	0.02707	0.02723	A
1867	0.03554	0.03563	A
1868	0.05448	0.05467	C
1869	0.03713	0.03721	C
1870	0.02907	0.03914	A
1871	0.00679	0.00734	G
1872	0.01164	0.01464	T
1873	0.02817	0.02828	A
1874	0.0288	0.0291	A
1875	0.0517	0.05376	C
1876	0.01478	0.01597	T
1877	0.04562	0.04751	A
1878	0.0572	0.06065	C
1879	0.01949	0.02094	T
1880	0.03555	0.0376	A
1881	0.0385	0.04194	C
1882	0.01017	0.01104	T
1883	0.02521	0.02554	A
1884	0.03777	0.03888	A
1885	0.01292	0.0144	T
1886	0.04676	0.04795	C
1887	0.02946	0.02969	A
1888	0.03447	0.03579	A
1889	0.07275	0.07704	C
1890	0.01074	0.01143	G
1891	0.06248	0.06258	C
1892	0.04305	0.04307	C
1893	0.04238	0.04268	C
1894	0.01622	0.02926	A
1895	0.01186	0.01311	T
1896	0.02301	0.02312	A
1897	0.03157	0.03576	A
1898	0.0131	0.01833	T
1899	0.05196	0.05424	C
1900	0.03847	0.04081	A
1901	0.0128	0.01354	T
1902	0.03119	0.03243	A
1903	0.05676	0.0578	C
1904	0.03292	0.03293	A
1905	0.03194	0.03195	A
1906	0.04438	0.04702	A
1907	0.01603	0.01772	G
1908	0.05042	0.05071	C
1909	0.02238	0.02247	C
1910	0.04452	0.04456	C
1911	0.03849	0.03855	C
1912	0.06603	0.06616	C
1913	0.00759	0.00969	G
1914	0.0495	0.05086	C
1915	0.03058	0.03253	A
1916	0.0567	0.0567	C
1917	0.04442	0.04461	C
1918	0.02232	0.0224	A
1919	0.03733	0.03766	A
1920	0.01278	0.01358	T
1921	0.04588	0.04631	A
1922	0.00459	0.00476	G
1923	0.00477	0.00485	G
1924	0.03448	0.04635	A
1925	0.01167	0.01239	T
1926	0.05164	0.05183	C
1927	0.03688	0.03721	C
1928	0.0105	0.01574	T
1929	0.05169	0.05173	C
1930	0.05412	0.05419	C
1931	0.05319	0.05396	C
1932	0.01001	0.01203	G
1933	0.03248	0.03284	A
1934	0.03756	0.03792	A
1935	0.01483	0.01764	T
1936	0.05905	0.06157	C
1937	0.02986	0.03051	A
1938	0.04009	0.04103	A
1939	0.0666	0.06684	C
1940	0.04843	0.04894	C
1941	0.03337	0.0337	C
1942	0.01627	0.01961	T
1943	0.00803	0.012	G
1944	0.03997	0.04262	A
1945	0.04885	0.04933	C
1946	0.04889	0.04951	C
1947	0.0422	0.04287	C
1948	0.03248	0.03309	C
1949	0.01104	0.01505	T
1950	0.05003	0.05135	C
1951	0.01115	0.0125	T
1952	0.05144	0.05145	C
1953	0.02859	0.03004	C
1954	0.01093	0.01104	T
1955	0.01303	0.01317	T
1956	0.04148	0.04399	C
1957	0.02918	0.02992	A
1958	0.01475	0.01663	T
1959	0.01261	0.01279	A
1960	0.0184	0.01846	A
1961	0.03106	0.03616	A
1962	0.0109	0.01112	T
1963	0.01228	0.01261	T
1964	0.01168	0.04513	A
1965	0.01132	0.01142	T
1966	0.0133	0.0135	T
1967	0.04178	0.04834	C
1968	0.04771	0.04863	A
1969	0.01544	0.01596	G
1970	0.04639	0.05184	C
1971	0.01211	0.01249	T
1972	0.01245	0.01263	T
1973	0.0539	0.05412	C
1974	0.02918	0.02978	C
1975	0.01385	0.01512	T
1976	0.03764	0.039	A
1977	0.05983	0.06079	C
1978	0.03279	0.03548	A
1979	0.05574	0.05738	C
1980	0.00882	0.00924	T
1981	0.03585	0.03768	A
1982	0.01078	0.01086	T
1983	0.01302	0.0133	T
1984	0.01964	0.01984	A
1985	0.02741	0.02805	A
1986	0.04951	0.05003	A
1987	0.00731	0.00764	G
1988	0.0127	0.0128	T
1989	0.02034	0.02041	T
1990	0.01742	0.01752	T
1991	0.04085	0.04639	A
1992	0.0692	0.06947	C
1993	0.04247	0.04298	C
1994	0.01646	0.03036	A
1995	0.05	0.06097	C
1996	0.02381	0.02401	A
1997	0.0574	0.05882	A
1998	0.05998	0.06076	C
1999	0.04187	0.04354	C
2000	0.0255	0.03411	A
2001	0.05744	0.05762	C
2002	0.03579	0.03953	C
2003	0.01961	0.03542	A
2004	0.05829	0.05831	C
2005	0.07138	0.0715	C
2006	0.05083	0.05083	C
2007	0.025	0.0254	C
2008	0.02455	0.03036	A
2009	0.01116	0.01377	T
2010	0.04391	0.04471	C
2011	0.03751	0.04319	A
2012	0.02069	0.02175	T
2013	0.08205	0.08708	A
2014	0.03808	0.04022	C
2015	0.00803	0.00829	T
2016	0.04911	0.04997	C
2017	0.00549	0.0055	T
2018	0.01232	0.01238	T
2019	0.01848	0.0186	T
2020	0.04835	0.05265	C
2021	0.03427	0.03561	A
2022	0.07688	0.077	C
2023	0.05032	0.05034	C
2024	0.03979	0.0409	C
2025	0.02372	0.03084	A
2026	0.05364	0.05492	C
2027	0.03495	0.04181	A
2028	0.00905	0.01162	G
2029	0.06109	0.06292	C
2030	0.04411	0.04548	A
2031	0.07434	0.07443	C
2032	0.02832	0.02884	C
2033	0.01987	0.02003	A
2034	0.03502	0.03626	A
2035	0.01282	0.01379	T
2036	0.0678	0.06799	C
2037	0.03857	0.03988	C
2038	0.01804	0.02051	T
2039	0.03777	0.03915	A
2040	0.077	0.0777	C
2041	0.03432	0.03737	C
2042	0.00983	0.01239	T
2043	0.04772	0.04774	C
2044	0.03847	0.03915	C
2045	0.02683	0.03662	A
2046	0.01663	0.01748	T
2047	0.06257	0.06331	C
2048	0.00742	0.00798	G
2049	0.03806	0.03932	C
2050	0.01576	0.01759	T
2051	0.03297	0.03477	A
2052	0.02573	0.02663	A
2053	0.07885	0.07922	C
2054	0.04204	0.04228	C
2055	0.04136	0.04148	C
2056	0.03157	0.03166	C
2057	0.0204	0.02802	A
2058	0.05006	0.051	C
2059	0.01057	0.01204	T
2060	0.02197	0.02232	A
2061	0.01744	0.01789	A
2062	0.03569	0.0361	A
2063	0.03337	0.03366	A
2064	0.04717	0.0595	C
2065	0.03393	0.03454	A
2066	0.06444	0.06795	C
2067	0.01741	0.01983	T
2068	0.04382	0.0444	C
2069	0.02688	0.02827	A
2070	0.08011	0.08011	C
2071	0.05276	0.05386	C
2072	0.02672	0.02703	A
2073	0.04625	0.04809	A
2074	0.00513	0.00752	G
2075	0.04536	0.04581	A
2076	0.04872	0.04888	C
2077	0.03329	0.03404	C
2078	0.01025	0.01445	T
2079	0.04428	0.04789	C
2080	0.02183	0.02487	A
2081	0.03994	0.04232	A
2082	0.07509	0.07539	C
2083	0.04802	0.04872	C
2084	0.02917	0.02926	C
2085	0.01503	0.01525	C
2086	0.0132	0.01514	T
2087	0.00554	0.00857	G
2088	0.04757	0.05008	A
2089	0.03873	0.03895	C
2090	0.03523	0.03588	C
2091	0.04502	0.04594	C
2092	0.05111	0.05121	C
2093	0.03756	0.03762	C
2094	0.02883	0.04242	A
2095	0.01586	0.01635	T
2096	0.00494	0.0052	G
2097	0.05857	0.05864	C
2098	0.03467	0.03472	C
2099	0.00482	0.00896	T
2100	0.03235	0.03248	C
2101	0.04273	0.04683	A
2102	0.00201	0.00203	G
2103	0.00242	0.00244	G
2104	0.01373	0.03996	A
2105	0.00635	0.00667	T
2106	0.02536	0.0264	A
2107	0.04156	0.04376	C
2108	0.006	0.00629	T
2109	0.03885	0.03885	C
2110	0.02769	0.02816	C
2111	0.00689	0.00846	T
2112	0.0489	0.04924	C
2113	0.03608	0.03944	A
2114	0.03154	0.03183	A
2115	0.01274	0.014	T
2116	0.04198	0.04546	A
2117	0.00451	0.00524	G
2118	0.04766	0.04833	C
2119	0.04942	0.04958	C
2120	0.03235	0.04065	A
2121	0.02403	0.02529	T
2122	0.04809	0.04927	C
2123	0.00802	0.00849	G
2124	0.025	0.02525	C
2125	0.00644	0.00651	T
2126	0.00491	0.0052	G
2127	0.01111	0.01155	T
2128	0.03129	0.03189	A
2129	0.00421	0.00529	G
2130	0.0093	0.00969	T
2131	0.04553	0.04885	A
2132	0.00703	0.00877	T
2133	0.0299	0.03219	A
2134	0.00871	0.00987	T
2135	0.03626	0.03691	C
2136	0.02913	0.02932	C
2137	0.0221	0.0222	A
2138	0.03644	0.0365	A
2139	0.03572	0.03601	A
2140	0.00513	0.00598	G
2141	0.04197	0.04288	A
2142	0.05652	0.0638	C
2143	0.03456	0.0346	A
2144	0.04015	0.04141	A
2145	0.06877	0.06955	C
2146	0.03261	0.03287	C
2147	0.03045	0.03651	A
2148	0.01746	0.01854	T
2149	0.04264	0.04369	C
2150	0.04007	0.04473	A
2151	0.01257	0.01404	T
2152	0.01864	0.02126	T
2153	0.0428	0.04328	C
2154	0.05328	0.05427	C
2155	0.05538	0.05583	C
2156	0.04854	0.04907	C
2157	0.02103	0.02158	C
2158	0.00905	0.01046	T
2159	0.00968	0.01048	A
2160	0.01763	0.0189	A
2161	0.02241	0.02331	A
2162	0.01205	0.01482	T
2163	0.01226	0.01238	A
2164	0.01527	0.01546	A
2165	0.02484	0.03027	A
2166	0.01131	0.01189	T
2167	0.01788	0.0231	T
2168	0.00149	0.00189	A
2169	0.00086	0.00103	A
2170	0.00606	0.00627	A
2171	0.02109	0.02149	A
2172	0.01691	0.01718	A
2173	0.01602	0.01625	A
2174	0.01751	0.01769	A
2175	0.04428	0.05361	C
2176	0.00834	0.00917	T
2177	0.03185	0.03283	A
2178	0.01256	0.01272	T
2179	0.01356	0.01392	T
2180	0.01954	0.01996	A
2181	0.03639	0.03706	A
2182	0.03491	0.03546	A
2183	0.06861	0.06951	C
2184	0.04151	0.04157	C
2185	0.03229	0.03247	C
2186	0.02391	0.03132	A
2187	0.01338	0.01378	T
2188	0.03099	0.03234	A
2189	0.01141	0.01383	T
2190	0.03062	0.03072	A
2191	0.03129	0.03332	A
2192	0.05633	0.05736	C
2193	0.04581	0.04669	C
2194	0.02009	0.02715	T
2195	0.03511	0.03528	C
2196	0.033	0.03303	C
2197	0.03885	0.03887	C
2198	0.03726	0.03729	C
2199	0.04437	0.04458	C
2200	0.01132	0.0121	A
2201	0.00596	0.00597	A
2202	0.01973	0.01981	A
2203	0.03164	0.03172	A
2204	0.00936	0.00978	T
2205	0.01256	0.01258	T
2206	0.04804	0.04963	C
2207	0.04299	0.04346	A
2208	0.0077	0.00838	G
2209	0.03046	0.03048	A
2210	0.02743	0.0277	A
2211	0.01142	0.0121	T
2212	0.0362	0.03631	A
2213	0.02843	0.03174	A
2214	0.01599	0.01783	T
2215	0.0378	0.03784	A
2216	0.03793	0.04031	A
2217	0.0568	0.05981	C
2218	0.04053	0.04479	A
2219	0.05276	0.05748	C
2220	0.03489	0.03779	A
2221	0.05887	0.05893	C
2222	0.0365	0.03651	C
2223	0.04594	0.0465	C
2224	0.00708	0.01028	G
2225	0.03492	0.0358	A
2226	0.04642	0.04646	C
2227	0.03756	0.0379	C
2228	0.0174	0.03324	A
2229	0.07371	0.07752	C
2230	0.02974	0.03433	A
2231	0.06429	0.06433	C
2232	0.05348	0.05464	C
2233	0.00592	0.00864	G
2234	0.04045	0.04154	C
2235	0.0106	0.0111	T
2236	0.03717	0.03752	A
2237	0.02722	0.02733	A
2238	0.06449	0.06521	C
2239	0.02618	0.02628	A
2240	0.03304	0.03351	A
2241	0.01181	0.01341	T
2242	0.04695	0.04767	C
2243	0.03798	0.03855	A
2244	0.03303	0.03505	A
2245	0.01096	0.01177	T
2246	0.04328	0.04466	A
2247	0.03421	0.03569	C
2248	0.0077	0.00852	T
2249	0.00965	0.01011	A
2250	0.01985	0.02082	A
2251	0.03754	0.03818	A
2252	0.02912	0.0298	C
2253	0.01793	0.01832	C
2254	0.02214	0.02219	C
2255	0.02004	0.02006	C
2256	0.02117	0.02121	C
2257	0.01981	0.03232	A
2258	0.00958	0.0105	T
2259	0.01068	0.01073	A
2260	0.0296	0.02961	A
2261	0.03989	0.04354	A
2262	0.01209	0.01335	T
2263	0.04588	0.04721	A
2264	0.00234	0.00248	G
2265	0.00277	0.00286	G
2266	0.03106	0.03916	A
2267	0.00482	0.00523	G
2268	0.03758	0.03758	A
2269	0.03607	0.03828	A
2270	0.00359	0.00364	G
2271	0.00283	0.00289	G
2272	0.0317	0.03316	C
2273	0.00422	0.00431	T
2274	0.00554	0.00561	T
2275	0.01954	0.02693	A
2276	0.00438	0.00473	G
2277	0.0454	0.04546	A
2278	0.04586	0.04756	A
2279	0.0064	0.00913	G
2280	0.02945	0.02948	A
2281	0.02026	0.02026	A
2282	0.03335	0.03336	A
2283	0.03323	0.03349	A
2284	0.0527	0.05572	C
2285	0.02942	0.02963	C
2286	0.02775	0.02783	C
2287	0.02978	0.02989	C
2288	0.01673	0.022	A
2289	0.04929	0.0519	C
2290	0.02444	0.02506	A
2291	0.0279	0.02811	A
2292	0.03714	0.03933	A
2293	0.05998	0.06163	C
2294	0.0386	0.03945	C
2295	0.03683	0.03691	C
2296	0.02924	0.02939	C
2297	0.01807	0.03377	A
2298	0.01699	0.02037	T
2299	0.01388	0.01416	T
2300	0.01559	0.03453	A
2301	0.075	0.07709	C
2302	0.01495	0.02132	T
2303	0.0106	0.0109	A
2304	0.09415	0.09488	A
2305	0.02813	0.02863	A
2306	0.05303	0.05365	C
2307	0.04277	0.04309	C
2308	0.0335	0.03363	C
2309	0.01732	0.03318	A
2310	0.05859	0.06034	C
2311	0.02003	0.02313	A
2312	0.04445	0.04575	C
2313	0.00896	0.00994	T
2314	0.03026	0.03095	C
2315	0.02037	0.02128	A
2316	0.01555	0.01582	A
2317	0.03	0.03073	C
2318	0.07743	0.07921	A
2319	0.00683	0.00859	G
2320	0.02945	0.02946	A
2321	0.03165	0.03168	A
2322	0.02136	0.02164	A
2323	0.0529	0.05803	C
2324	0.02452	0.02454	A
2325	0.02248	0.0225	A
2326	0.03901	0.03989	A
2327	0.00828	0.01082	G
2328	0.05223	0.05421	C
2329	0.03368	0.03479	A
2330	0.01166	0.01249	T
2331	0.0228	0.02363	A
2332	0.05047	0.05121	C
2333	0.02693	0.02745	A
2334	0.01106	0.01417	T
2335	0.03739	0.03882	C
2336	0.03069	0.03211	A
2337	0.01016	0.01017	T
2338	0.00527	0.00548	T
2339	0.00639	0.01673	A
2340	0.00343	0.00344	T
2341	0.00274	0.00276	T
2342	0.00586	0.00688	C
2343	0.00247	0.00309	T
2344	0.00967	0.00974	C
2345	0.00525	0.00596	G
2346	0.00719	0.00774	C
2347	0.00671	0.00725	A
2348	0.00904	0.00921	C
2349	0.00387	0.00387	G
2350	0.00155	0.00155	G
2351	0.00702	0.00829	A
2352	0.00517	0.00521	C
2353	0.00225	0.0023	T
2354	0.00338	0.00355	A
2355	0.00578	0.00598	C
2356	0.00376	0.00376	A
2357	0.0059	0.00617	A
2358	0.00459	0.0046	C
2359	0.00688	0.00688	C
2360	0.00436	0.00534	A
2361	0.00673	0.00694	C
2362	0.00347	0.00352	G
2363	0.00516	0.00521	A
2364	0.00559	0.00559	C
2365	0.00674	0.00675	C
2366	0.0026	0.0026	A
2367	0.00419	0.00426	A
2368	0.0027	0.00273	T
2369	0.00199	0.00209	G
2370	0.00979	0.00986	A
2371	0.0031	0.00316	T
2372	0.00796	0.00804	A
2373	0.00418	0.0042	T
2374	0.00261	0.00262	G
2375	0.0049	0.0049	A
2376	0.00607	0.00607	A
2377	0.00044	0.00044	A
2378	0.0	0.0	A
2379	0.0	0.0	A
