Position	Mismatches	Mismatches + Deletions	Base
1	0.0	0.0	A
2	0.0	0.0	T
3	0.0	0.0	G
4	0.00344	0.00344	G
5	0.02591	0.02591	C
6	0.03432	0.03441	A
7	0.03802	0.04307	C
8	0.0224	0.02255	A
9	0.00826	0.00843	T
10	0.00357	0.00466	G
11	0.04106	0.04318	C
12	0.02825	0.02952	A
13	0.00473	0.00484	G
14	0.04708	0.04766	C
15	0.00566	0.00578	G
16	0.0524	0.05562	C
17	0.00768	0.00769	A
18	0.00764	0.00766	A
19	0.00255	0.00262	G
20	0.00095	0.00098	T
21	0.00308	0.00317	A
22	0.00215	0.00215	G
23	0.00265	0.00266	G
24	0.00094	0.00099	T
25	0.00156	0.00164	C
26	0.00322	0.0033	T
27	0.03753	0.03811	A
28	0.06882	0.06903	C
29	0.03885	0.03886	A
30	0.03317	0.0348	A
31	0.00195	0.00203	G
32	0.00555	0.00575	A
33	0.00425	0.00431	C
34	0.00483	0.0049	G
35	0.00275	0.00281	C
36	0.00097	0.00099	T
37	0.00356	0.00371	A
38	0.00389	0.00404	C
39	0.00134	0.00135	T
40	0.00226	0.00234	T
41	0.03266	0.03267	C
42	0.03406	0.03414	C
43	0.04254	0.04258	C
44	0.02522	0.02523	C
45	0.00711	0.00775	T
46	0.03119	0.03157	A
47	0.00776	0.01001	T
48	0.03117	0.03156	C
49	0.02837	0.02958	A
50	0.00782	0.00829	T
51	0.04325	0.0456	A
52	0.00386	0.00433	G
53	0.03212	0.03213	A
54	0.03295	0.03433	A
55	0.00294	0.00368	G
56	0.04096	0.04213	A
57	0.0044	0.0046	G
58	0.03903	0.04031	C
59	0.00779	0.00789	T
60	0.01238	0.01252	T
61	0.02531	0.03971	A
62	0.01127	0.0135	T
63	0.05595	0.05787	C
64	0.05019	0.05085	A
65	0.05855	0.05857	C
66	0.0293	0.02948	C
67	0.00583	0.00605	T
68	0.00746	0.00759	T
69	0.00781	0.00784	T
70	0.031	0.03369	C
71	0.02819	0.0285	A
72	0.00771	0.00804	T
73	0.00308	0.00439	G
74	0.02556	0.02614	A
75	0.00743	0.00941	T
76	0.05949	0.06096	C
77	0.03741	0.0412	A
78	0.07049	0.07413	C
79	0.00544	0.00644	G
80	0.08023	0.0804	C
81	0.01997	0.02004	C
82	0.04229	0.0431	C
83	0.00958	0.01231	T
84	0.04144	0.04186	C
85	0.02026	0.02343	A
86	0.01217	0.01291	T
87	0.02828	0.02852	A
88	0.03386	0.03743	A
89	0.02249	0.02329	T
90	0.04906	0.05043	C
91	0.03393	0.03458	A
92	0.00869	0.00875	T
93	0.00592	0.00603	T
94	0.01319	0.01336	T
95	0.01238	0.01246	T
96	0.04037	0.04118	C
97	0.04876	0.04884	C
98	0.01239	0.01245	T
99	0.01584	0.01603	T
100	0.01471	0.04268	A
101	0.01376	0.01504	T
102	0.05194	0.05438	C
103	0.01713	0.01746	T
104	0.00475	0.0078	G
105	0.05577	0.0616	C
106	0.01559	0.01563	T
107	0.0159	0.01599	T
108	0.05383	0.05393	C
109	0.0431	0.04339	C
110	0.01124	0.01348	T
111	0.03242	0.04787	A
112	0.00496	0.00514	G
113	0.01144	0.01174	T
114	0.0648	0.06493	C
115	0.036	0.03634	C
116	0.01026	0.01131	T
117	0.00485	0.006	G
118	0.00879	0.01134	T
119	0.0319	0.03455	A
120	0.01642	0.0172	T
121	0.00817	0.00909	G
122	0.07588	0.07825	C
123	0.03806	0.03817	C
124	0.03859	0.039	C
125	0.00486	0.00493	T
126	0.00507	0.00511	T
127	0.01148	0.0116	T
128	0.01073	0.01075	T
129	0.04129	0.04185	C
130	0.02986	0.02993	C
131	0.01382	0.01544	T
132	0.03743	0.03858	A
133	0.02945	0.0298	A
134	0.06241	0.06372	C
135	0.03087	0.03208	A
136	0.05703	0.05979	C
137	0.01594	0.01843	T
138	0.05626	0.05742	C
139	0.02583	0.02797	A
140	0.06502	0.0703	C
141	0.02815	0.02926	A
142	0.03305	0.03396	A
143	0.0667	0.0706	C
144	0.0272	0.02748	A
145	0.02205	0.02216	A
146	0.02735	0.0275	A
147	0.03243	0.03268	A
148	0.03874	0.06007	C
149	0.01499	0.01606	T
150	0.03042	0.03066	A
151	0.02773	0.02872	A
152	0.05288	0.05633	C
153	0.01136	0.012	T
154	0.03015	0.03054	A
155	0.02765	0.02871	A
156	0.01298	0.01389	T
157	0.04201	0.04248	A
158	0.06289	0.06696	C
159	0.01359	0.01544	T
160	0.04092	0.04115	A
161	0.03952	0.04165	A
162	0.06052	0.0628	C
163	0.04085	0.044	A
164	0.01268	0.01379	T
165	0.04254	0.04296	C
166	0.00371	0.00515	T
167	0.00792	0.00815	C
168	0.01092	0.0131	A
169	0.00179	0.00192	G
170	0.00773	0.00791	A
171	0.00806	0.00815	C
172	0.00658	0.00684	G
173	0.04624	0.04666	C
174	0.00617	0.00807	T
175	0.03267	0.03281	C
176	0.04032	0.0416	A
177	0.00305	0.00307	G
178	0.00506	0.00516	G
179	0.01117	0.01122	A
180	0.03706	0.03718	A
181	0.03464	0.03507	A
182	0.01324	0.01476	T
183	0.0429	0.04334	A
184	0.00402	0.00446	G
185	0.03183	0.03184	A
186	0.02875	0.02875	A
187	0.03572	0.0364	A
188	0.0787	0.07967	C
189	0.0088	0.00883	C
190	0.00329	0.00364	G
191	0.00187	0.00195	T
192	0.00503	0.00504	C
193	0.00191	0.00194	T
194	0.0034	0.00394	G
195	0.01284	0.01294	A
196	0.04158	0.04168	A
197	0.06401	0.06578	C
198	0.00851	0.00881	T
199	0.03937	0.04054	A
200	0.00877	0.00901	T
201	0.05315	0.05337	C
202	0.02703	0.02758	C
203	0.00876	0.0104	T
204	0.00527	0.00622	G
205	0.04952	0.04956	C
206	0.02877	0.029	C
207	0.04163	0.042	C
208	0.00551	0.00822	G
209	0.03889	0.03889	C
210	0.01294	0.01303	C
211	0.03017	0.03756	A
212	0.01176	0.01497	T
213	0.05469	0.05654	C
214	0.03528	0.03984	A
215	0.01197	0.01255	T
216	0.04886	0.04996	C
217	0.03647	0.03713	C
218	0.00947	0.01102	T
219	0.04483	0.05919	A
220	0.0052	0.00543	G
221	0.0118	0.01232	T
222	0.02696	0.02711	C
223	0.03688	0.03706	C
224	0.0098	0.01109	T
225	0.03358	0.03494	C
226	0.021	0.02735	A
227	0.01487	0.01769	T
228	0.06701	0.0692	C
229	0.01173	0.01275	G
230	0.05829	0.05847	C
231	0.02684	0.02689	C
232	0.02482	0.02532	C
233	0.01081	0.01502	T
234	0.04021	0.04028	C
235	0.04796	0.04799	C
236	0.03004	0.03073	C
237	0.03023	0.03946	A
238	0.01821	0.01958	T
239	0.04836	0.04845	C
240	0.04346	0.04362	C
241	0.02322	0.02342	C
242	0.0109	0.01238	T
243	0.05277	0.05497	A
244	0.07086	0.07155	C
245	0.00722	0.00981	G
246	0.02684	0.03889	C
247	0.0205	0.02238	A
248	0.01317	0.01354	T
249	0.08347	0.08357	C
250	0.03172	0.03207	C
251	0.01122	0.01128	T
252	0.02359	0.02372	T
253	0.0084	0.00849	T
254	0.02601	0.0318	A
255	0.05314	0.0537	C
256	0.03632	0.03721	A
257	0.01167	0.01372	T
258	0.03906	0.03915	A
259	0.02855	0.03055	A
260	0.05825	0.06026	C
261	0.04215	0.04365	A
262	0.00311	0.00328	G
263	0.03595	0.03623	A
264	0.07714	0.07764	C
265	0.00356	0.00367	G
266	0.01423	0.01466	A
267	0.00355	0.00356	G
268	0.00285	0.00291	G
269	0.00575	0.00687	T
270	0.03113	0.0317	C
271	0.03142	0.03147	A
272	0.03453	0.03471	A
273	0.05938	0.06048	C
274	0.00637	0.00712	G
275	0.03247	0.03392	A
276	0.01017	0.01077	T
277	0.0602	0.0603	C
278	0.02156	0.0217	C
279	0.02046	0.02082	C
280	0.00544	0.00973	T
281	0.03836	0.03837	C
282	0.05297	0.05298	C
283	0.02663	0.02742	C
284	0.00962	0.00977	T
285	0.01285	0.01317	T
286	0.01294	0.02991	A
287	0.0566	0.05672	C
288	0.02693	0.02736	C
289	0.02228	0.02788	A
290	0.01161	0.01222	T
291	0.04944	0.05013	C
292	0.02221	0.02253	A
293	0.02968	0.03137	A
294	0.03479	0.03618	A
295	0.00994	0.01205	T
296	0.04843	0.04916	C
297	0.03296	0.03339	A
298	0.03721	0.03892	A
299	0.01373	0.01382	T
300	0.01745	0.01753	T
301	0.00692	0.00733	G
302	0.00346	0.00349	G
303	0.02457	0.02462	C
304	0.01173	0.0119	C
305	0.02073	0.02925	A
306	0.03604	0.0361	C
307	0.02651	0.02687	C
308	0.01962	0.01963	A
309	0.02597	0.02657	A
310	0.00712	0.00725	T
311	0.00344	0.00345	G
312	0.00334	0.00338	G
313	0.00311	0.00323	T
314	0.02477	0.02508	A
315	0.04152	0.04179	C
316	0.00925	0.00957	T
317	0.00531	0.0065	G
318	0.03355	0.03422	A
319	0.02881	0.02895	A
320	0.05367	0.05376	C
321	0.02642	0.02675	C
322	0.00855	0.00938	T
323	0.03603	0.03647	A
324	0.05149	0.05179	C
325	0.00256	0.00266	G
326	0.02099	0.02171	A
327	0.0048	0.00497	G
328	0.00507	0.00549	T
329	0.02019	0.02106	A
330	0.02539	0.02601	C
331	0.03878	0.03906	A
332	0.04118	0.04123	C
333	0.03058	0.03079	C
334	0.0035	0.00483	G
335	0.0411	0.04135	A
336	0.03399	0.03419	C
337	0.0063	0.00658	T
338	0.03296	0.03574	A
339	0.04802	0.04827	C
340	0.00372	0.00385	G
341	0.00286	0.0029	G
342	0.02301	0.02323	C
343	0.00462	0.00463	G
344	0.00232	0.00242	G
345	0.02778	0.03676	A
346	0.04289	0.04334	C
347	0.00772	0.00796	T
348	0.02866	0.02883	A
349	0.02775	0.02802	A
350	0.00952	0.01006	T
351	0.05646	0.05699	C
352	0.01164	0.01165	T
353	0.01288	0.01312	T
354	0.06146	0.06551	C
355	0.03235	0.03367	A
356	0.03964	0.04025	A
357	0.04782	0.05367	C
358	0.01144	0.01204	T
359	0.05611	0.05616	C
360	0.02671	0.02845	C
361	0.01108	0.01208	T
362	0.03283	0.03465	A
363	0.05849	0.05929	C
364	0.03626	0.03887	A
365	0.01464	0.01554	T
366	0.04113	0.04234	A
367	0.06151	0.0667	C
368	0.01075	0.011	T
369	0.01942	0.02033	T
370	0.032	0.03229	C
371	0.03728	0.03779	C
372	0.05644	0.05697	C
373	0.05404	0.05418	C
374	0.03137	0.03154	C
375	0.02017	0.03197	A
376	0.01118	0.01133	T
377	0.00934	0.00955	T
378	0.01456	0.03299	A
379	0.012	0.01205	T
380	0.01011	0.01027	T
381	0.04639	0.04702	C
382	0.03099	0.03111	C
383	0.00983	0.01018	T
384	0.04187	0.04313	A
385	0.00561	0.00745	G
386	0.03192	0.03205	A
387	0.04107	0.04176	A
388	0.05713	0.05762	C
389	0.0368	0.0369	C
390	0.02878	0.04027	A
391	0.00254	0.00263	G
392	0.00366	0.00371	G
393	0.0376	0.03805	C
394	0.0068	0.00716	G
395	0.03094	0.03271	A
396	0.04479	0.04487	C
397	0.02487	0.02516	C
398	0.00782	0.00899	T
399	0.00239	0.00285	G
400	0.03997	0.04046	C
401	0.00578	0.00626	G
402	0.03593	0.03786	A
403	0.0295	0.02977	C
404	0.00745	0.00765	T
405	0.04077	0.04079	C
406	0.03325	0.03374	C
407	0.00788	0.0079	T
408	0.00948	0.00955	T
409	0.00255	0.00304	G
410	0.02966	0.02975	A
411	0.04462	0.04473	C
412	0.00554	0.00558	G
413	0.00603	0.00615	T
414	0.00647	0.00655	T
415	0.00298	0.0033	G
416	0.06242	0.06291	A
417	0.02008	0.02041	C
418	0.01212	0.01215	A
419	0.0132	0.0136	A
420	0.00217	0.00236	T
421	0.01171	0.01178	C
422	0.00376	0.00381	G
423	0.02283	0.02327	A
424	0.00422	0.00429	G
425	0.00607	0.00642	T
426	0.04158	0.04262	A
427	0.00582	0.00668	G
428	0.00829	0.00921	T
429	0.03882	0.04058	A
430	0.03201	0.0327	C
431	0.00448	0.00504	T
432	0.01703	0.01703	C
433	0.02338	0.02339	C
434	0.01267	0.01271	C
435	0.00246	0.00336	G
436	0.01144	0.01167	A
437	0.00286	0.00295	T
438	0.00278	0.0028	T
439	0.0039	0.00434	G
440	0.04417	0.04436	A
441	0.05192	0.05301	A
442	0.01179	0.01297	G
443	0.03272	0.03315	C
444	0.01156	0.01165	C
445	0.03845	0.03849	C
446	0.03827	0.03831	C
447	0.03012	0.03022	C
448	0.03415	0.03642	A
449	0.01067	0.01077	T
450	0.00896	0.009	T
451	0.04099	0.0426	C
452	0.00398	0.0043	G
453	0.00853	0.00937	T
454	0.02381	0.02453	A
455	0.01052	0.01112	T
456	0.03103	0.03143	A
457	0.02648	0.03102	A
458	0.01275	0.01343	T
459	0.02628	0.02633	A
460	0.03097	0.03623	A
461	0.01241	0.01264	T
462	0.01286	0.01304	T
463	0.01647	0.03911	A
464	0.05504	0.05668	C
465	0.03931	0.03989	A
466	0.01283	0.01438	T
467	0.04728	0.0492	C
468	0.03414	0.03497	A
469	0.0587	0.06103	C
470	0.04162	0.04187	A
471	0.02157	0.02314	A
472	0.00208	0.00224	G
473	0.00744	0.00756	A
474	0.00496	0.005	C
475	0.00369	0.00371	G
476	0.00117	0.00127	T
477	0.00331	0.00334	C
478	0.00228	0.00229	T
479	0.00275	0.00276	T
480	0.0023	0.0031	G
481	0.00877	0.00907	C
482	0.01252	0.01313	A
483	0.02699	0.02709	C
484	0.0044	0.00741	T
485	0.04084	0.04121	C
486	0.03496	0.04141	A
487	0.00768	0.00797	T
488	0.00278	0.00316	G
489	0.01303	0.01327	A
490	0.00237	0.00244	G
491	0.00758	0.00773	C
492	0.00373	0.0039	T
493	0.0058	0.00754	G
494	0.01358	0.01504	T
495	0.02837	0.02856	C
496	0.03102	0.03118	C
497	0.03799	0.03807	C
498	0.04447	0.04463	C
499	0.01868	0.02211	A
500	0.04725	0.04774	C
501	0.03315	0.03528	A
502	0.01123	0.01147	T
503	0.01325	0.01339	T
504	0.02678	0.04986	A
505	0.00184	0.00188	G
506	0.00156	0.00159	G
507	0.0108	0.01127	C
508	0.0025	0.00257	T
509	0.00307	0.00325	T
510	0.00392	0.00412	A
511	0.02474	0.02482	A
512	0.01562	0.01565	A
513	0.03547	0.03549	A
514	0.02879	0.02882	A
515	0.0578	0.06227	C
516	0.02406	0.02772	A
517	0.00349	0.00373	G
518	0.03712	0.03792	A
519	0.00285	0.00291	T
520	0.00261	0.00282	G
521	0.00927	0.00952	C
522	0.02049	0.02059	A
523	0.03704	0.03753	A
524	0.00863	0.00871	T
525	0.0105	0.01061	T
526	0.04872	0.04881	C
527	0.05238	0.05248	C
528	0.0564	0.05643	C
529	0.0024	0.00248	G
530	0.0019	0.00198	G
531	0.0074	0.00864	A
532	0.00609	0.00616	C
533	0.0048	0.00487	G
534	0.00204	0.00218	T
535	0.00646	0.00653	C
536	0.00368	0.00438	T
537	0.00807	0.0084	A
538	0.03014	0.03029	A
539	0.03621	0.0363	A
540	0.06225	0.06243	C
541	0.02711	0.02732	C
542	0.01938	0.01982	A
543	0.03117	0.03191	A
544	0.04013	0.04019	A
545	0.06942	0.07029	C
546	0.04093	0.04149	C
547	0.02094	0.03133	A
548	0.0678	0.06953	C
549	0.00636	0.00684	T
550	0.01263	0.01286	T
551	0.01635	0.01642	T
552	0.05349	0.058	C
553	0.03789	0.03994	A
554	0.06498	0.06501	C
555	0.06137	0.06219	C
556	0.0058	0.00845	G
557	0.04096	0.04241	C
558	0.01232	0.01319	T
559	0.04326	0.04518	A
560	0.05179	0.05258	C
561	0.03651	0.03879	A
562	0.05065	0.05178	C
563	0.00517	0.00622	G
564	0.02685	0.02732	A
565	0.04236	0.04242	C
566	0.03014	0.03067	C
567	0.0049	0.00492	G
568	0.00136	0.00137	G
569	0.00165	0.00165	G
570	0.00229	0.0023	G
571	0.00378	0.00379	G
572	0.002	0.00222	T
573	0.01886	0.01913	A
574	0.00513	0.00518	T
575	0.0352	0.03531	A
576	0.02886	0.02942	C
577	0.00243	0.00275	T
578	0.01662	0.01695	A
579	0.04762	0.04824	C
580	0.0038	0.00382	G
581	0.00233	0.00233	G
582	0.00216	0.00244	T
583	0.01569	0.01594	C
584	0.01909	0.01914	A
585	0.01492	0.01503	A
586	0.00384	0.00396	T
587	0.003	0.00313	G
588	0.02679	0.0269	C
589	0.00414	0.0042	T
590	0.03764	0.0378	C
591	0.00261	0.00265	T
592	0.00244	0.00256	G
593	0.00374	0.00379	A
594	0.00589	0.00594	A
595	0.00648	0.00649	A
596	0.01032	0.01164	T
597	0.0056	0.00565	C
598	0.0012	0.00122	T
599	0.00396	0.00407	G
600	0.00103	0.00112	T
601	0.00237	0.00237	G
602	0.00189	0.00196	G
603	0.06279	0.08122	A
604	0.00621	0.00656	G
605	0.06055	0.06745	C
606	0.01721	0.01727	A
607	0.03223	0.03259	A
608	0.05451	0.05459	A
609	0.00274	0.00276	C
610	0.00163	0.00163	C
611	0.00402	0.00551	A
612	0.0037	0.00372	C
613	0.00422	0.0049	A
614	0.00418	0.00426	G
615	0.0006	0.0006	T
616	0.00108	0.00108	T
617	0.00111	0.00111	T
618	0.00419	0.00436	C
619	0.01701	0.0183	A
620	0.00841	0.00865	T
621	0.00268	0.00304	G
622	0.02357	0.0236	C
623	0.02994	0.02996	C
624	0.01213	0.01216	C
625	0.023	0.02747	A
626	0.00469	0.00523	T
627	0.04565	0.04595	C
628	0.00407	0.00466	G
629	0.00391	0.00401	T
630	0.01318	0.01318	C
631	0.01118	0.01124	C
632	0.00383	0.00399	T
633	0.01957	0.02012	A
634	0.00417	0.00443	G
635	0.03217	0.03232	A
636	0.03257	0.03292	A
637	0.00908	0.00937	T
638	0.00959	0.00999	T
639	0.02051	0.02079	A
640	0.03504	0.036	A
641	0.0136	0.01379	T
642	0.01928	0.01968	T
643	0.05142	0.05347	C
644	0.03484	0.0352	C
645	0.02772	0.02804	C
646	0.01855	0.01871	C
647	0.01232	0.01346	T
648	0.00223	0.00264	A
649	0.02208	0.02254	A
650	0.01867	0.01897	A
651	0.03129	0.03162	A
652	0.02864	0.02902	A
653	0.0074	0.00841	T
654	0.03576	0.0364	C
655	0.00655	0.00656	T
656	0.00877	0.00879	T
657	0.00733	0.00736	T
658	0.00307	0.00391	G
659	0.01127	0.0113	A
660	0.0295	0.02959	A
661	0.02391	0.02394	A
662	0.00525	0.00566	T
663	0.04039	0.04122	A
664	0.00324	0.0033	G
665	0.00259	0.00261	G
666	0.00348	0.00349	G
667	0.03546	0.03554	C
668	0.04618	0.04621	C
669	0.03914	0.03914	C
670	0.00473	0.00594	G
671	0.01249	0.01384	T
672	0.01622	0.01646	A
673	0.00954	0.00955	T
674	0.0095	0.0095	T
675	0.00948	0.00954	T
676	0.04755	0.05251	A
677	0.0185	0.01855	C
678	0.01424	0.01426	C
679	0.01216	0.01217	C
680	0.00446	0.00482	T
681	0.01522	0.01812	A
682	0.01141	0.013	T
683	0.03308	0.03387	A
684	0.05434	0.05807	G
685	0.0465	0.04993	C
686	0.03321	0.0358	A
687	0.03217	0.03218	C
688	0.02832	0.02834	C
689	0.02343	0.02344	C
690	0.02274	0.02274	C
691	0.02098	0.02099	C
692	0.01195	0.01391	T
693	0.0326	0.03363	C
694	0.02201	0.03723	T
695	0.02957	0.03291	A
696	0.02526	0.02545	C
697	0.03457	0.03508	C
698	0.0167	0.01676	C
699	0.01233	0.01233	C
700	0.0176	0.0176	C
701	0.0049	0.00506	T
702	0.02618	0.02629	C
703	0.00786	0.0079	T
704	0.05646	0.06218	A
705	0.01494	0.01494	G
706	0.00134	0.00134	A
707	0.0	0.0	G
708	0.0	0.0	C
