Position	Mismatches	Mismatches + Deletions	Base
19	6e-05	6e-05	G
20	0.00115	0.00115	A
21	0.00279	0.00279	A
22	0.00052	0.00055	T
23	0.00184	0.00192	G
24	0.00199	0.00202	C
25	0.00072	0.00072	C
26	0.00354	0.00354	C
27	0.007	0.007	C
28	0.00647	0.00651	A
29	0.00689	0.00689	A
30	0.00872	0.00888	C
31	0.00088	0.00094	T
32	0.00497	0.00499	A
33	0.00685	0.00686	A
34	0.00552	0.00553	A
35	0.00104	0.00111	T
36	0.00877	0.00888	A
37	0.00776	0.00795	C
38	0.00086	0.00096	T
39	0.01179	0.01192	A
40	0.00857	0.0086	C
41	0.00452	0.00455	C
42	0.00321	0.00332	G
43	0.00063	0.0007	T
44	0.00218	0.0023	A
45	0.0005	0.00059	T
46	0.00161	0.00163	G
47	0.00172	0.00173	G
48	0.0045	0.0045	C
49	0.00241	0.00242	C
50	0.0039	0.00394	C
51	0.0043	0.0051	A
52	0.00578	0.00579	C
53	0.00418	0.00419	C
54	0.00334	0.00418	A
55	0.00107	0.00114	T
56	0.00427	0.00429	A
57	0.00476	0.00485	A
58	0.00071	0.00072	T
59	0.0006	0.00061	T
60	0.00692	0.00787	A
61	0.00411	0.00414	C
62	0.00257	0.00258	C
63	0.00323	0.00323	C
64	0.00207	0.00208	C
65	0.00226	0.00226	C
66	0.00235	0.00329	A
67	0.0008	0.00084	T
68	0.00409	0.00416	A
69	0.00237	0.00243	C
70	0.00069	0.00073	T
71	0.00302	0.00302	C
72	0.00333	0.00335	C
73	0.0008	0.0008	T
74	0.0011	0.00111	T
75	0.00508	0.00671	A
76	0.00652	0.0067	C
77	0.00799	0.00804	A
78	0.00599	0.00605	C
79	0.00072	0.00077	T
80	0.00519	0.00608	A
81	0.00108	0.00109	T
82	0.00055	0.00056	T
83	0.00326	0.00329	C
84	0.00243	0.00245	C
85	0.00094	0.00101	T
86	0.00154	0.00164	C
87	0.00239	0.00254	A
88	0.00089	0.00104	T
89	0.00213	0.0022	C
90	0.00332	0.00339	A
91	0.00213	0.00214	C
92	0.00246	0.00246	C
93	0.00592	0.00593	C
94	0.00425	0.00427	A
95	0.00473	0.00474	A
96	0.00749	0.00765	C
97	0.00123	0.00139	T
98	0.00179	0.0018	A
99	0.00566	0.00568	A
100	0.00537	0.00538	A
101	0.00697	0.00698	A
102	0.00568	0.00569	A
103	0.0015	0.00166	T
104	0.00643	0.0066	A
105	0.00119	0.00121	T
106	0.00092	0.00099	T
107	0.00842	0.00845	A
108	0.00699	0.00703	A
109	0.00759	0.00761	A
110	0.00876	0.00923	C
111	0.00809	0.00834	A
112	0.00758	0.00811	C
113	0.00663	0.00664	A
114	0.00603	0.00603	A
115	0.00766	0.0077	A
116	0.00772	0.00807	C
117	0.00145	0.00151	T
118	0.0082	0.00834	A
119	0.00687	0.0069	C
120	0.00545	0.00549	C
121	0.00872	0.01028	A
122	0.00556	0.00557	C
123	0.00431	0.00438	C
124	0.0019	0.00211	T
125	0.00961	0.00973	A
126	0.00487	0.00489	C
127	0.0044	0.00445	C
128	0.00162	0.0018	T
129	0.00456	0.00456	C
130	0.00292	0.00292	C
131	0.00458	0.00462	C
132	0.00144	0.00164	T
133	0.00571	0.00584	C
134	0.00745	0.00775	A
135	0.00376	0.00376	C
136	0.00279	0.00283	C
137	0.00439	0.00441	A
138	0.00284	0.00285	A
139	0.00354	0.00355	A
140	0.00239	0.00257	G
141	0.00323	0.00324	C
142	0.00266	0.00266	C
143	0.00755	0.00758	C
144	0.00663	0.00705	A
145	0.0025	0.00272	T
146	0.00324	0.00324	A
147	0.0058	0.00581	A
148	0.00497	0.00498	A
149	0.0077	0.0077	A
150	0.00708	0.0071	A
151	0.01179	0.013	T
152	0.00212	0.00213	A
153	0.00175	0.00175	A
154	0.00524	0.00524	A
155	0.00348	0.00349	A
156	0.00483	0.00483	A
157	0.00486	0.00487	A
158	0.00226	0.00229	T
159	0.0012	0.00133	T
160	0.00384	0.00577	A
161	0.00151	0.00162	T
162	0.00535	0.00535	A
163	0.00653	0.00666	A
164	0.00568	0.00582	C
165	0.00412	0.00413	A
166	0.00408	0.00408	A
167	0.00541	0.00561	A
168	0.00518	0.00522	C
169	0.00339	0.00341	C
170	0.00468	0.00471	C
171	0.00188	0.00197	T
172	0.00168	0.00183	G
173	0.00922	0.00952	A
174	0.00261	0.00278	G
175	0.00816	0.00817	A
176	0.00989	0.00996	A
177	0.01092	0.011	C
178	0.00925	0.00937	C
179	0.00463	0.00467	A
180	0.00421	0.00422	A
181	0.00515	0.00518	A
182	0.00492	0.00493	A
183	0.00099	0.00106	T
184	0.0016	0.00175	G
185	0.00332	0.00334	A
186	0.00511	0.00513	A
187	0.00437	0.00449	C
188	0.00255	0.00268	G
189	0.00422	0.00424	A
190	0.00279	0.00282	A
191	0.00953	0.00956	A
192	0.01059	0.0106	A
193	0.00114	0.00127	T
194	0.0102	0.01029	C
195	0.00154	0.00161	T
196	0.00242	0.00263	G
197	0.00205	0.00205	T
198	0.00049	0.0005	T
199	0.00223	0.00234	C
200	0.00268	0.00274	G
201	0.01054	0.01069	C
202	0.00096	0.00099	T
203	0.00091	0.00092	T
204	0.00187	0.00197	C
205	0.00346	0.00356	A
206	0.00098	0.00099	T
207	0.0007	0.00072	T
208	0.00696	0.00715	C
209	0.0058	0.00599	A
210	0.00116	0.00117	T
211	0.00122	0.00123	T
212	0.00323	0.00339	G
213	0.00523	0.00526	C
214	0.00173	0.00174	C
215	0.00563	0.00564	C
216	0.0059	0.00591	C
217	0.00851	0.00858	C
218	0.00642	0.00749	A
219	0.01297	0.01323	C
220	0.00672	0.00676	A
221	0.00712	0.00727	A
222	0.00129	0.00136	T
223	0.00851	0.00852	C
224	0.00596	0.00599	C
225	0.00153	0.00165	T
226	0.00841	0.00941	A
227	0.00112	0.00113	G
228	0.00182	0.00183	G
229	0.0025	0.00252	C
230	0.0026	0.00264	C
231	0.00142	0.00161	T
232	0.00811	0.00839	A
233	0.01252	0.01254	C
234	0.00834	0.00842	C
235	0.01323	0.0134	C
236	0.00357	0.00371	G
237	0.00259	0.0026	C
238	0.00289	0.0029	C
239	0.00448	0.00466	G
240	0.00654	0.00667	C
241	0.00591	0.00603	A
242	0.00274	0.0028	G
243	0.00148	0.00157	T
244	0.00529	0.00535	A
245	0.00587	0.00598	C
246	0.00121	0.00128	T
247	0.00205	0.00218	G
248	0.00493	0.00504	A
249	0.00142	0.00157	T
250	0.00497	0.00507	C
251	0.00623	0.00635	A
252	0.00178	0.00179	T
253	0.00112	0.00113	T
254	0.00404	0.00459	C
255	0.00131	0.00144	T
256	0.00544	0.00573	A
257	0.0016	0.00161	T
258	0.00155	0.00155	T
259	0.00148	0.00149	T
260	0.00616	0.00619	C
261	0.00473	0.00474	C
262	0.00693	0.00694	C
263	0.00607	0.00609	C
264	0.00638	0.00639	C
265	0.00145	0.00155	T
266	0.00658	0.0067	C
267	0.00123	0.0013	T
268	0.00852	0.00875	A
269	0.00165	0.00165	T
270	0.00134	0.00135	T
271	0.00215	0.00231	G
272	0.0052	0.00536	A
273	0.00134	0.00144	T
274	0.00514	0.00517	C
275	0.00359	0.00361	C
276	0.0031	0.00311	C
277	0.00418	0.00419	C
278	0.00568	0.0061	A
279	0.00419	0.00421	C
280	0.00305	0.00308	C
281	0.00152	0.00158	T
282	0.00357	0.00357	C
283	0.00248	0.00249	C
284	0.00582	0.00585	A
285	0.00452	0.00454	A
286	0.0045	0.00451	A
287	0.00151	0.00158	T
288	0.00543	0.00553	A
289	0.00117	0.00125	T
290	0.00493	0.00505	C
291	0.0012	0.00135	T
292	0.00488	0.00501	C
293	0.00695	0.00727	A
294	0.00163	0.00177	T
295	0.00663	0.00672	C
296	0.00908	0.00914	A
297	0.00764	0.00767	A
298	0.01078	0.01097	C
299	0.0086	0.00861	A
300	0.00956	0.00968	A
301	0.01104	0.01105	C
302	0.00672	0.00676	C
303	0.00208	0.00224	G
304	0.01048	0.01051	A
305	0.00607	0.00619	C
306	0.00161	0.00168	T
307	0.00447	0.00448	A
308	0.004	0.00404	A
309	0.00121	0.00132	T
310	0.0051	0.00518	C
311	0.00669	0.00674	A
312	0.0028	0.0028	C
313	0.00237	0.00241	C
314	0.00395	0.00471	A
315	0.0037	0.0037	C
316	0.00308	0.00308	C
317	0.00408	0.00409	C
318	0.00462	0.00463	A
319	0.00458	0.00458	A
320	0.00668	0.00681	C
321	0.00608	0.00608	A
322	0.00541	0.00544	A
323	0.00177	0.00181	T
324	0.00165	0.00171	G
325	0.00724	0.00729	A
326	0.00563	0.00571	C
327	0.00153	0.00158	T
328	0.00439	0.0044	A
329	0.00517	0.00519	A
330	0.00128	0.00146	T
331	0.00398	0.00404	C
332	0.00557	0.00559	A
333	0.00406	0.00408	A
334	0.0066	0.00661	A
335	0.00423	0.00457	C
336	0.00128	0.00134	T
337	0.00473	0.00474	A
338	0.00424	0.00429	A
339	0.004	0.00402	C
340	0.00311	0.00316	C
341	0.00114	0.00127	T
342	0.00521	0.0053	C
343	0.00596	0.00607	A
344	0.00376	0.0038	A
345	0.0057	0.00573	A
346	0.00863	0.00864	A
347	0.00722	0.00821	C
348	0.00393	0.00394	A
349	0.00535	0.00535	A
350	0.00542	0.00545	A
351	0.0016	0.00168	T
352	0.00181	0.00192	G
353	0.00495	0.00507	A
354	0.00156	0.00167	T
355	0.00452	0.00454	A
356	0.00503	0.00517	A
357	0.00362	0.00365	C
358	0.00269	0.00272	C
359	0.00257	0.00442	A
360	0.00144	0.0015	T
361	0.00538	0.00544	A
362	0.00497	0.00516	C
363	0.00606	0.00622	A
364	0.00653	0.0067	C
365	0.00631	0.00631	A
366	0.00745	0.00752	A
367	0.00784	0.00801	C
368	0.00714	0.00724	A
369	0.00541	0.00555	C
370	0.00101	0.0011	T
371	0.00478	0.00479	A
372	0.00527	0.0053	A
373	0.00457	0.00458	A
374	0.0019	0.00192	G
375	0.00163	0.00163	G
376	0.00653	0.00734	A
377	0.00496	0.00516	C
378	0.00387	0.00401	G
379	0.00345	0.00351	A
380	0.00454	0.0046	A
381	0.00333	0.00334	C
382	0.0025	0.00253	C
383	0.00135	0.0014	T
384	0.00232	0.00239	G
385	0.00324	0.00327	A
386	0.00134	0.0014	T
387	0.0039	0.00397	C
388	0.00084	0.0009	T
389	0.00383	0.00391	C
390	0.00111	0.00111	T
391	0.00129	0.00131	T
392	0.00304	0.00462	A
393	0.00113	0.00119	T
394	0.00512	0.00527	A
395	0.00337	0.00342	C
396	0.00066	0.00069	T
397	0.00329	0.00336	A
398	0.00077	0.00083	G
399	0.00155	0.00161	T
400	0.00304	0.00311	A
401	0.00079	0.00084	T
402	0.00343	0.00344	C
403	0.00346	0.00348	C
404	0.0012	0.0012	T
405	0.00142	0.00143	T
406	0.00377	0.00382	A
407	0.00568	0.00576	A
408	0.00166	0.00172	T
409	0.00588	0.00603	C
410	0.00346	0.00364	A
411	0.00145	0.00145	T
412	0.00079	0.00079	T
413	0.00076	0.00077	T
414	0.00076	0.00076	T
415	0.00089	0.0009	T
416	0.00343	0.00466	A
417	0.00254	0.00255	T
418	0.00358	0.00359	T
419	0.00238	0.00249	G
420	0.00431	0.00434	C
421	0.00389	0.00394	C
422	0.00633	0.00919	A
423	0.01103	0.01153	C
424	0.00661	0.00664	A
425	0.00979	0.00986	A
426	0.00898	0.00932	C
427	0.00135	0.00146	T
428	0.0078	0.00784	A
429	0.0084	0.00847	A
430	0.0069	0.00691	C
431	0.00453	0.00465	C
432	0.00104	0.00115	T
433	0.00528	0.00529	C
434	0.00639	0.00644	C
435	0.00187	0.00197	T
436	0.00925	0.0094	C
437	0.00167	0.00171	G
438	0.00157	0.00161	G
439	0.0064	0.00699	A
440	0.00511	0.00523	C
441	0.00091	0.00101	T
442	0.00375	0.00376	C
443	0.00283	0.00287	C
444	0.00164	0.00182	T
445	0.00168	0.00182	G
446	0.00329	0.00329	C
447	0.00205	0.00207	C
448	0.00102	0.00118	T
449	0.00535	0.00548	C
450	0.00443	0.00458	A
451	0.00682	0.00695	C
452	0.00118	0.00134	T
453	0.00588	0.00598	C
454	0.00428	0.00455	A
455	0.00151	0.00153	T
456	0.00138	0.00139	T
457	0.00117	0.00119	T
458	0.01068	0.01131	A
459	0.00751	0.00771	C
460	0.01238	0.0125	A
461	0.0064	0.00641	C
462	0.00466	0.00472	C
463	0.00464	0.00466	A
464	0.00591	0.00594	A
465	0.00416	0.00416	C
466	0.00275	0.0028	C
467	0.00352	0.00449	A
468	0.00435	0.00436	C
469	0.00346	0.00348	C
470	0.00621	0.00625	C
471	0.00485	0.00487	A
472	0.00549	0.0055	A
473	0.01084	0.011	C
474	0.00124	0.00131	T
475	0.00734	0.00741	A
476	0.0016	0.00165	T
477	0.00935	0.00946	C
478	0.00143	0.0015	T
479	0.00987	0.01016	A
480	0.00198	0.00215	T
481	0.00879	0.00881	A
482	0.00833	0.00835	A
483	0.01105	0.01119	A
484	0.01253	0.0126	C
485	0.0036	0.00364	C
486	0.00119	0.00133	T
487	0.01175	0.01204	A
488	0.00135	0.00142	G
489	0.00528	0.00531	C
490	0.00384	0.00385	C
491	0.00509	0.00619	A
492	0.00157	0.00172	T
493	0.00217	0.00221	G
494	0.00178	0.00182	G
495	0.00475	0.00477	C
496	0.00633	0.00636	C
497	0.0069	0.00812	A
498	0.00173	0.00184	T
499	0.00845	0.00847	C
500	0.00878	0.00879	C
501	0.00843	0.00845	C
502	0.00453	0.00454	C
503	0.00128	0.00129	T
504	0.00169	0.00171	T
505	0.00447	0.00653	A
506	0.00177	0.00185	T
507	0.00132	0.00143	G
508	0.00359	0.00368	A
509	0.00139	0.00147	G
510	0.00542	0.00559	C
511	0.00381	0.00381	G
512	0.00242	0.00242	G
513	0.00413	0.00414	G
514	0.00325	0.00351	C
515	0.00575	0.00591	A
516	0.00655	0.00664	C
517	0.00657	0.00672	A
518	0.00188	0.00193	G
519	0.00139	0.00149	T
520	0.00211	0.00218	G
521	0.00712	0.00742	A
522	0.0011	0.00112	T
523	0.001	0.00103	T
524	0.00678	0.01016	A
525	0.00085	0.00092	T
526	0.00664	0.00694	A
527	0.0009	0.00091	G
528	0.00134	0.00136	G
529	0.00378	0.0039	C
530	0.00081	0.00083	T
531	0.00114	0.00115	T
532	0.00079	0.0008	T
533	0.00335	0.00348	C
534	0.00216	0.00224	G
535	0.00284	0.00292	C
536	0.00069	0.00075	T
537	0.00286	0.00294	C
538	0.00129	0.00136	T
539	0.00525	0.00532	A
540	0.00744	0.00749	A
541	0.00099	0.00114	G
542	0.01119	0.01135	A
543	0.00144	0.00146	T
544	0.00165	0.00183	T
545	0.00144	0.00149	A
546	0.00655	0.0066	A
547	0.0056	0.00566	A
548	0.00867	0.00873	A
549	0.00667	0.00668	A
550	0.0012	0.00125	T
551	0.0021	0.00228	G
552	0.00488	0.00492	C
553	0.00175	0.00178	C
554	0.00227	0.0023	C
555	0.00113	0.00127	T
556	0.00427	0.00466	A
557	0.00175	0.00189	G
558	0.00331	0.00332	C
559	0.00333	0.00334	C
560	0.00606	0.00609	C
561	0.00317	0.00375	A
562	0.00552	0.00564	C
563	0.00102	0.00104	T
564	0.00087	0.00088	T
565	0.0045	0.00486	C
566	0.00223	0.00225	T
567	0.00201	0.00205	T
568	0.00543	0.00775	A
569	0.00675	0.00677	C
570	0.00524	0.00527	C
571	0.00673	0.00775	A
572	0.01054	0.01075	C
573	0.00812	0.00813	A
574	0.0089	0.00904	A
575	0.00151	0.00153	G
576	0.00168	0.0017	G
577	0.00744	0.00769	C
578	0.00819	0.00929	A
579	0.01048	0.01075	C
580	0.00581	0.00606	A
581	0.00885	0.00886	C
582	0.0051	0.00514	C
583	0.00171	0.00201	T
584	0.00915	0.01051	A
585	0.00828	0.00853	C
586	0.008	0.00881	A
587	0.00524	0.00525	C
588	0.00393	0.00394	C
589	0.00305	0.00306	C
590	0.00283	0.00285	C
591	0.00146	0.00148	T
592	0.0013	0.00132	T
593	0.00217	0.00283	A
594	0.00121	0.00129	T
595	0.00243	0.00245	C
596	0.00241	0.00242	C
597	0.00434	0.00435	C
598	0.00622	0.00623	C
599	0.0026	0.00435	A
600	0.00127	0.00133	T
601	0.00497	0.00507	A
602	0.00604	0.00613	C
603	0.00076	0.00081	T
604	0.00654	0.00667	A
605	0.00062	0.00067	G
606	0.00206	0.00207	T
607	0.00107	0.0011	T
608	0.00424	0.00706	A
609	0.0018	0.00181	T
610	0.00109	0.00112	T
611	0.00531	0.00833	A
612	0.00124	0.00128	T
613	0.00767	0.00784	C
614	0.00292	0.00304	G
615	0.00408	0.00415	A
616	0.00608	0.00609	A
617	0.00765	0.00766	A
618	0.00553	0.00555	C
619	0.00297	0.003	C
620	0.00442	0.00493	A
621	0.00163	0.00197	T
622	0.00504	0.00521	C
623	0.00545	0.00574	A
624	0.0016	0.00171	G
625	0.0023	0.00231	C
626	0.00125	0.00126	C
627	0.001	0.00107	T
628	0.00327	0.00337	A
629	0.0035	0.00358	C
630	0.00071	0.00077	T
631	0.00313	0.00325	C
632	0.00392	0.00422	A
633	0.00128	0.00129	T
634	0.00103	0.00104	T
635	0.00749	0.00758	C
636	0.00877	0.00879	A
637	0.00879	0.00885	A
638	0.01089	0.0109	C
639	0.00879	0.00879	C
640	0.00807	0.00807	A
641	0.00804	0.0081	A
642	0.00148	0.00161	T
643	0.00826	0.0086	A
644	0.0018	0.00189	G
645	0.00477	0.00478	C
646	0.00515	0.00515	C
647	0.00604	0.00605	C
648	0.00089	0.00095	T
649	0.00291	0.00292	G
650	0.00182	0.00184	G
651	0.00204	0.00206	C
652	0.00627	0.00628	C
653	0.00433	0.00449	G
654	0.00136	0.00151	T
655	0.00735	0.00757	A
656	0.00946	0.00961	C
657	0.00282	0.00288	G
658	0.00262	0.00263	C
659	0.00183	0.00187	C
660	0.00105	0.00124	T
661	0.00664	0.0067	A
662	0.00841	0.00845	A
663	0.01168	0.01172	C
664	0.01115	0.01121	C
665	0.00371	0.00388	G
666	0.00515	0.00534	C
667	0.00172	0.00183	T
668	0.0093	0.00938	A
669	0.01279	0.01283	A
670	0.01006	0.01019	C
671	0.00894	0.00907	A
672	0.00142	0.00145	T
673	0.00085	0.00088	T
674	0.00752	0.01039	A
675	0.00716	0.00726	C
676	0.00111	0.00122	T
677	0.00286	0.00326	G
678	0.00538	0.00564	C
679	0.00697	0.00737	A
680	0.00152	0.00154	G
681	0.00277	0.0028	G
682	0.00345	0.00347	C
683	0.00282	0.00289	C
684	0.00484	0.00583	A
685	0.00694	0.00695	C
686	0.00378	0.00381	C
687	0.00094	0.00106	T
688	0.0047	0.00481	A
689	0.00555	0.00571	C
690	0.00122	0.00157	T
691	0.00482	0.00496	C
692	0.0053	0.00572	A
693	0.00272	0.00281	T
694	0.00267	0.00303	G
695	0.00598	0.00616	C
696	0.00797	0.00808	A
697	0.00863	0.00863	C
698	0.00516	0.00517	C
699	0.00159	0.00168	T
700	0.00678	0.00681	A
701	0.00792	0.00799	A
702	0.00133	0.00134	T
703	0.00109	0.00111	T
704	0.00151	0.00153	G
705	0.00104	0.00106	G
706	0.00591	0.00594	A
707	0.00485	0.00489	A
708	0.00257	0.00272	G
709	0.00386	0.00397	C
710	0.00383	0.00394	G
711	0.00302	0.00304	C
712	0.00222	0.00227	C
713	0.00285	0.00429	A
714	0.00537	0.00541	C
715	0.00359	0.0036	C
716	0.00326	0.0033	C
717	0.00125	0.00133	T
718	0.00464	0.0047	A
719	0.00117	0.00125	G
720	0.00493	0.00503	C
721	0.00462	0.00464	A
722	0.0037	0.00372	A
723	0.00075	0.0008	T
724	0.00488	0.00495	A
725	0.00097	0.00131	T
726	0.00574	0.00586	C
727	0.00622	0.00623	A
728	0.00747	0.00748	A
729	0.00744	0.00746	C
730	0.00385	0.00386	C
731	0.005	0.00565	A
732	0.00124	0.00125	T
733	0.00091	0.00093	T
734	0.00351	0.00353	A
735	0.00481	0.00486	A
736	0.00403	0.00405	C
737	0.00241	0.00244	C
738	0.0009	0.0009	T
739	0.00082	0.00083	T
740	0.00267	0.00267	C
741	0.0017	0.00171	C
742	0.00319	0.00319	C
743	0.00088	0.00093	T
744	0.0034	0.00345	C
745	0.00104	0.00112	T
746	0.00369	0.00378	A
747	0.00421	0.00429	C
748	0.0038	0.00386	A
749	0.00289	0.00293	C
750	0.00104	0.00106	T
751	0.00088	0.00088	T
752	0.00185	0.00242	A
753	0.00075	0.00082	T
754	0.00198	0.00203	C
755	0.00201	0.00209	A
756	0.00065	0.0007	T
757	0.00141	0.00147	C
758	0.00089	0.0009	T
759	0.00072	0.00075	T
760	0.00205	0.00213	C
761	0.00279	0.00283	A
762	0.00421	0.00427	C
763	0.00254	0.00255	A
764	0.00284	0.00288	A
765	0.00078	0.00079	T
766	0.00055	0.00057	T
767	0.00293	0.00338	C
768	0.00133	0.00139	T
769	0.00408	0.00414	A
770	0.00461	0.00464	A
771	0.00081	0.00082	T
772	0.00053	0.00056	T
773	0.00377	0.00414	C
774	0.001	0.00104	T
775	0.00747	0.0076	A
776	0.00764	0.00774	C
777	0.00146	0.0015	T
778	0.00096	0.0011	G
779	0.00676	0.00683	A
780	0.00765	0.00782	C
781	0.00094	0.00102	T
782	0.00722	0.00753	A
783	0.00097	0.00104	T
784	0.00874	0.00877	C
785	0.00524	0.00533	C
786	0.00112	0.00127	T
787	0.00763	0.00782	A
788	0.00101	0.00114	G
789	0.00437	0.00437	A
790	0.00512	0.00513	A
791	0.00432	0.00435	A
792	0.00053	0.00064	T
793	0.00344	0.0035	C
794	0.00293	0.00298	G
795	0.00313	0.0032	C
796	0.00083	0.00087	T
797	0.00303	0.00309	G
798	0.00076	0.00087	T
799	0.00954	0.00969	C
800	0.00193	0.00199	G
801	0.00309	0.00309	C
802	0.00184	0.00185	C
803	0.00103	0.00104	T
804	0.00101	0.00102	T
805	0.00489	0.00497	A
806	0.00514	0.00517	A
807	0.00071	0.00079	T
808	0.00712	0.00715	C
809	0.00509	0.00511	C
810	0.00441	0.00445	A
811	0.00505	0.00508	A
812	0.00202	0.00206	G
813	0.00278	0.00278	C
814	0.00125	0.00125	C
815	0.00082	0.00088	T
816	0.00564	0.00571	A
817	0.00877	0.00884	C
818	0.00179	0.00187	G
819	0.00053	0.00053	T
820	0.00048	0.00048	T
821	0.0007	0.0007	T
822	0.00104	0.00104	T
823	0.00456	0.00518	C
824	0.01015	0.01028	A
825	0.01279	0.0129	C
826	0.00945	0.00955	A
827	0.00961	0.0097	C
828	0.00091	0.00091	T
829	0.00072	0.00072	T
830	0.00511	0.00588	C
831	0.00086	0.0009	T
832	0.00579	0.00593	A
833	0.00089	0.00093	G
834	0.00132	0.00158	T
835	0.00579	0.0058	A
836	0.00552	0.0056	A
837	0.00071	0.00073	G
838	0.00618	0.00621	C
839	0.00185	0.00186	C
840	0.0006	0.00063	T
841	0.00386	0.00395	C
842	0.00087	0.00087	T
843	0.00497	0.00506	A
844	0.00447	0.00447	C
845	0.00299	0.00299	C
846	0.00311	0.00327	T
847	0.00253	0.00258	G
848	0.00709	0.00724	C
849	0.00501	0.00518	A
850	0.00499	0.00505	C
851	0.00364	0.00364	G
852	0.00463	0.00513	A
853	0.00691	0.00706	C
854	0.00589	0.00589	A
855	0.00564	0.00564	A
856	0.00784	0.00793	C
857	0.00594	0.00629	A
858	0.0056	0.00577	C
859	0.00945	0.00945	A
860	0.00047	0.00047	T
