Position	Mismatches	Mismatches + Deletions	Base
1	0.0	0.0	T
2	0.0	0.0	A
3	0.0	0.0	A
4	0.07143	0.07143	T
5	0.0	0.0	A
6	0.0	0.0	C
7	0.0	0.0	G
8	0.0	0.0	A
9	0.02899	0.02899	C
10	0.01408	0.01408	T
11	0.07407	0.07407	C
12	0.0	0.0	A
13	0.0	0.0	C
14	0.01987	0.02649	T
15	0.00098	0.00098	A
16	0.03614	0.03614	T
17	0.0115	0.01309	A
18	3e-05	3e-05	G
19	9e-05	9e-05	G
20	0.00108	0.00108	A
21	0.00235	0.00235	A
22	0.00045	0.00048	T
23	0.00184	0.00193	G
24	0.00193	0.00194	C
25	0.0007	0.0007	C
26	0.0029	0.0029	C
27	0.00581	0.00581	C
28	0.00602	0.00602	A
29	0.00628	0.00629	A
30	0.00734	0.00744	C
31	0.00082	0.00088	T
32	0.0044	0.00441	A
33	0.00612	0.00613	A
34	0.00473	0.00473	A
35	0.00075	0.00082	T
36	0.00738	0.00747	A
37	0.00695	0.00715	C
38	0.00072	0.00083	T
39	0.01015	0.01027	A
40	0.00733	0.00736	C
41	0.00377	0.00378	C
42	0.00349	0.00356	G
43	0.00075	0.00087	T
44	0.00193	0.00206	A
45	0.00045	0.00048	T
46	0.00159	0.0016	G
47	0.00151	0.00153	G
48	0.00392	0.00393	C
49	0.00188	0.00189	C
50	0.00324	0.00324	C
51	0.00392	0.00449	A
52	0.005	0.00502	C
53	0.0035	0.0035	C
54	0.00293	0.0037	A
55	0.00086	0.00097	T
56	0.00382	0.00383	A
57	0.00416	0.00424	A
58	0.00065	0.00067	T
59	0.00059	0.0006	T
60	0.00579	0.00648	A
61	0.00336	0.00337	C
62	0.00212	0.00212	C
63	0.00291	0.00292	C
64	0.00176	0.00177	C
65	0.00219	0.00219	C
66	0.00201	0.00296	A
67	0.00081	0.00087	T
68	0.00367	0.00376	A
69	0.00223	0.00229	C
70	0.00068	0.00073	T
71	0.00253	0.00253	C
72	0.00278	0.00279	C
73	0.00084	0.00084	T
74	0.00106	0.00108	T
75	0.00409	0.00558	A
76	0.00565	0.00582	C
77	0.00649	0.00655	A
78	0.00507	0.00513	C
79	0.00059	0.00064	T
80	0.00425	0.0051	A
81	0.00104	0.00104	T
82	0.00058	0.00059	T
83	0.00277	0.0028	C
84	0.00209	0.00211	C
85	0.00093	0.00102	T
86	0.00142	0.00148	C
87	0.00213	0.00222	A
88	0.00085	0.00098	T
89	0.00173	0.00178	C
90	0.00256	0.00266	A
91	0.00193	0.00194	C
92	0.00229	0.00229	C
93	0.00488	0.00489	C
94	0.00365	0.00367	A
95	0.00385	0.00385	A
96	0.0063	0.00644	C
97	0.0012	0.0013	T
98	0.00143	0.00143	A
99	0.0046	0.00463	A
100	0.00477	0.00479	A
101	0.00598	0.00599	A
102	0.00496	0.00496	A
103	0.00115	0.00126	T
104	0.00529	0.00552	A
105	0.0009	0.0009	T
106	0.00091	0.00099	T
107	0.00669	0.0067	A
108	0.0059	0.00592	A
109	0.00639	0.00641	A
110	0.00756	0.00792	C
111	0.00688	0.00707	A
112	0.00668	0.00707	C
113	0.00568	0.00569	A
114	0.00568	0.0057	A
115	0.00651	0.00655	A
116	0.0068	0.00714	C
117	0.00104	0.00109	T
118	0.00664	0.00674	A
119	0.00632	0.00637	C
120	0.00418	0.00421	C
121	0.00752	0.00877	A
122	0.00482	0.00484	C
123	0.00363	0.00368	C
124	0.00176	0.00195	T
125	0.00802	0.0081	A
126	0.00438	0.00438	C
127	0.0033	0.00336	C
128	0.00152	0.00167	T
129	0.00396	0.00396	C
130	0.00257	0.00258	C
131	0.00377	0.00382	C
132	0.0012	0.00132	T
133	0.00453	0.0046	C
134	0.00595	0.00619	A
135	0.00346	0.00346	C
136	0.00234	0.00237	C
137	0.00338	0.00339	A
138	0.0025	0.00252	A
139	0.0033	0.0033	A
140	0.00208	0.00223	G
141	0.00292	0.00293	C
142	0.0024	0.00241	C
143	0.00596	0.00597	C
144	0.00481	0.00511	A
145	0.00173	0.00188	T
146	0.00234	0.00234	A
147	0.00438	0.00439	A
148	0.00416	0.00416	A
149	0.00683	0.00683	A
150	0.00569	0.00572	A
151	0.00891	0.00973	T
152	0.00166	0.00167	A
153	0.00146	0.00146	A
154	0.00413	0.00413	A
155	0.00286	0.00286	A
156	0.00405	0.00407	A
157	0.00383	0.00385	A
158	0.00184	0.00188	T
159	0.00097	0.00105	T
160	0.003	0.00483	A
161	0.00123	0.00138	T
162	0.00464	0.00465	A
163	0.0051	0.00521	A
164	0.00496	0.00513	C
165	0.00372	0.00373	A
166	0.0037	0.0037	A
167	0.00484	0.00502	A
168	0.00472	0.00477	C
169	0.00271	0.00272	C
170	0.00413	0.00414	C
171	0.00172	0.00182	T
172	0.00162	0.00175	G
173	0.00821	0.00853	A
174	0.00254	0.00273	G
175	0.00734	0.00736	A
176	0.00835	0.0084	A
177	0.01014	0.01019	C
178	0.00792	0.00803	C
179	0.00406	0.00409	A
180	0.00368	0.00369	A
181	0.00449	0.00451	A
182	0.00429	0.00433	A
183	0.00094	0.00103	T
184	0.00126	0.00137	G
185	0.00313	0.00313	A
186	0.00388	0.0039	A
187	0.00377	0.00389	C
188	0.00249	0.00265	G
189	0.00397	0.00399	A
190	0.00243	0.00246	A
191	0.00831	0.00833	A
192	0.00901	0.00904	A
193	0.00099	0.00109	T
194	0.00892	0.00902	C
195	0.00126	0.00132	T
196	0.00251	0.0027	G
197	0.00157	0.00157	T
198	0.00051	0.00053	T
199	0.00187	0.00197	C
200	0.00274	0.0028	G
201	0.01007	0.01021	C
202	0.00072	0.00078	T
203	0.00078	0.00079	T
204	0.00159	0.00171	C
205	0.00283	0.00294	A
206	0.00074	0.00075	T
207	0.00053	0.00055	T
208	0.00621	0.00632	C
209	0.00505	0.00522	A
210	0.00106	0.00107	T
211	0.00121	0.00123	T
212	0.00308	0.0032	G
213	0.00471	0.00476	C
214	0.00162	0.00164	C
215	0.00519	0.00521	C
216	0.00543	0.00544	C
217	0.00749	0.00755	C
218	0.00549	0.00659	A
219	0.01156	0.01182	C
220	0.00613	0.00621	A
221	0.00602	0.00609	A
222	0.00105	0.00112	T
223	0.00735	0.00736	C
224	0.00488	0.0049	C
225	0.00141	0.00153	T
226	0.00776	0.0087	A
227	0.00093	0.00095	G
228	0.00185	0.00185	G
229	0.00276	0.00276	C
230	0.00244	0.0025	C
231	0.00128	0.00146	T
232	0.00733	0.00757	A
233	0.01222	0.01226	C
234	0.00746	0.00753	C
235	0.01259	0.01282	C
236	0.0038	0.00393	G
237	0.00271	0.00275	C
238	0.00296	0.00296	C
239	0.00452	0.00468	G
240	0.00603	0.00616	C
241	0.00528	0.00538	A
242	0.00299	0.00305	G
243	0.00123	0.00129	T
244	0.00476	0.00485	A
245	0.00539	0.00547	C
246	0.00102	0.00116	T
247	0.00195	0.00215	G
248	0.00502	0.00509	A
249	0.00116	0.00132	T
250	0.00469	0.00482	C
251	0.00537	0.0055	A
252	0.00143	0.00144	T
253	0.0008	0.00081	T
254	0.00353	0.00406	C
255	0.00082	0.00097	T
256	0.00488	0.00523	A
257	0.00149	0.00149	T
258	0.0011	0.0011	T
259	0.00135	0.00137	T
260	0.00604	0.00608	C
261	0.00427	0.00428	C
262	0.00619	0.00619	C
263	0.00519	0.00521	C
264	0.00578	0.00578	C
265	0.00111	0.00125	T
266	0.00583	0.00587	C
267	0.0012	0.00135	T
268	0.00733	0.0075	A
269	0.00128	0.00129	T
270	0.00098	0.00098	T
271	0.00192	0.00204	G
272	0.00499	0.00512	A
273	0.00119	0.00125	T
274	0.00465	0.00468	C
275	0.00294	0.00294	C
276	0.0029	0.00292	C
277	0.00336	0.0034	C
278	0.00521	0.00557	A
279	0.0043	0.00431	C
280	0.00267	0.00272	C
281	0.00146	0.00153	T
282	0.00343	0.00343	C
283	0.00214	0.00215	C
284	0.00467	0.00474	A
285	0.00388	0.00389	A
286	0.00414	0.00417	A
287	0.00124	0.00131	T
288	0.00467	0.00477	A
289	0.00108	0.00114	T
290	0.00478	0.00491	C
291	0.0012	0.00139	T
292	0.00422	0.00437	C
293	0.00575	0.00608	A
294	0.00167	0.00174	T
295	0.00606	0.00619	C
296	0.00836	0.00842	A
297	0.00712	0.00713	A
298	0.00985	0.01007	C
299	0.00729	0.00732	A
300	0.00869	0.00878	A
301	0.01033	0.01035	C
302	0.00635	0.00641	C
303	0.00213	0.00236	G
304	0.00935	0.00939	A
305	0.006	0.00612	C
306	0.00137	0.00143	T
307	0.00433	0.00433	A
308	0.00382	0.00386	A
309	0.00086	0.00095	T
310	0.00424	0.00433	C
311	0.00607	0.00616	A
312	0.00252	0.00252	C
313	0.00225	0.00227	C
314	0.00339	0.00417	A
315	0.00329	0.0033	C
316	0.00285	0.00285	C
317	0.00369	0.0037	C
318	0.00443	0.00443	A
319	0.0038	0.00382	A
320	0.00617	0.00637	C
321	0.00585	0.00586	A
322	0.00508	0.00511	A
323	0.00158	0.00166	T
324	0.00156	0.00158	G
325	0.00705	0.00711	A
326	0.00513	0.00521	C
327	0.00127	0.0013	T
328	0.0041	0.00412	A
329	0.00436	0.00437	A
330	0.00104	0.00124	T
331	0.00356	0.00367	C
332	0.00518	0.00521	A
333	0.00399	0.00399	A
334	0.00602	0.00603	A
335	0.00416	0.00438	C
336	0.00103	0.00113	T
337	0.00397	0.00401	A
338	0.00401	0.00404	A
339	0.00367	0.00371	C
340	0.00273	0.00281	C
341	0.00084	0.001	T
342	0.00467	0.00475	C
343	0.00505	0.00516	A
344	0.00348	0.0035	A
345	0.00525	0.00528	A
346	0.00776	0.00777	A
347	0.00691	0.00769	C
348	0.00389	0.0039	A
349	0.00508	0.00508	A
350	0.00496	0.00506	A
351	0.0014	0.0015	T
352	0.00199	0.00213	G
353	0.00485	0.00495	A
354	0.00131	0.00144	T
355	0.00424	0.00425	A
356	0.0046	0.00469	A
357	0.00315	0.00319	C
358	0.00239	0.00242	C
359	0.00228	0.00393	A
360	0.00126	0.00132	T
361	0.00503	0.00511	A
362	0.00543	0.00566	C
363	0.00493	0.00509	A
364	0.00595	0.00615	C
365	0.00588	0.00588	A
366	0.00697	0.00702	A
367	0.00706	0.00731	C
368	0.00588	0.00594	A
369	0.00485	0.00501	C
370	0.00081	0.00091	T
371	0.00459	0.00462	A
372	0.00509	0.00509	A
373	0.00459	0.00461	A
374	0.00178	0.0018	G
375	0.00155	0.00157	G
376	0.00635	0.00707	A
377	0.00472	0.00493	C
378	0.00395	0.00405	G
379	0.00317	0.00322	A
380	0.0043	0.00434	A
381	0.00322	0.00324	C
382	0.00241	0.00245	C
383	0.00116	0.00126	T
384	0.00196	0.00205	G
385	0.00286	0.00296	A
386	0.00119	0.00125	T
387	0.00359	0.00367	C
388	0.00066	0.00069	T
389	0.00359	0.00365	C
390	0.00088	0.00088	T
391	0.00112	0.00113	T
392	0.00304	0.00446	A
393	0.00082	0.00089	T
394	0.0048	0.0049	A
395	0.00308	0.00311	C
396	0.00056	0.0006	T
397	0.00303	0.00308	A
398	0.00084	0.00086	G
399	0.00124	0.00131	T
400	0.00264	0.00269	A
401	0.00077	0.00081	T
402	0.00317	0.00318	C
403	0.00311	0.00313	C
404	0.00115	0.00115	T
405	0.0011	0.00112	T
406	0.00365	0.00374	A
407	0.00522	0.0053	A
408	0.00135	0.00141	T
409	0.00572	0.00584	C
410	0.00328	0.00344	A
411	0.00109	0.00109	T
412	0.0006	0.0006	T
413	0.00061	0.00061	T
414	0.00072	0.00072	T
415	0.00086	0.00087	T
416	0.00289	0.00409	A
417	0.00224	0.00225	T
418	0.00329	0.0033	T
419	0.00241	0.00248	G
420	0.00424	0.00427	C
421	0.00332	0.00335	C
422	0.00583	0.00841	A
423	0.00953	0.01004	C
424	0.00602	0.00606	A
425	0.00865	0.00875	A
426	0.00799	0.00827	C
427	0.00139	0.00153	T
428	0.00656	0.00659	A
429	0.00759	0.00765	A
430	0.00628	0.0063	C
431	0.0038	0.00387	C
432	0.00103	0.00113	T
433	0.00466	0.00468	C
434	0.00568	0.00576	C
435	0.00171	0.00183	T
436	0.00797	0.00818	C
437	0.00152	0.00158	G
438	0.00145	0.00149	G
439	0.00569	0.00624	A
440	0.00465	0.00487	C
441	0.00091	0.00098	T
442	0.00343	0.00344	C
443	0.00256	0.00261	C
444	0.00144	0.0016	T
445	0.00178	0.0019	G
446	0.00324	0.00325	C
447	0.00186	0.00188	C
448	0.00083	0.00101	T
449	0.00476	0.00493	C
450	0.00423	0.00437	A
451	0.00633	0.00647	C
452	0.0011	0.00124	T
453	0.00519	0.00533	C
454	0.004	0.00431	A
455	0.00134	0.00136	T
456	0.00123	0.00124	T
457	0.00117	0.00119	T
458	0.00923	0.00981	A
459	0.00714	0.00737	C
460	0.0113	0.01138	A
461	0.00581	0.00585	C
462	0.00444	0.00451	C
463	0.00424	0.00426	A
464	0.00505	0.00507	A
465	0.00392	0.00393	C
466	0.00244	0.00247	C
467	0.00332	0.00413	A
468	0.0042	0.0042	C
469	0.00316	0.00317	C
470	0.00552	0.00553	C
471	0.00469	0.00473	A
472	0.00513	0.00514	A
473	0.00937	0.0095	C
474	0.00116	0.00125	T
475	0.00678	0.0069	A
476	0.00133	0.0014	T
477	0.00845	0.00857	C
478	0.00107	0.00112	T
479	0.00871	0.00893	A
480	0.00161	0.00179	T
481	0.00783	0.00785	A
482	0.0077	0.00771	A
483	0.00973	0.00982	A
484	0.0109	0.01098	C
485	0.00333	0.00335	C
486	0.00095	0.00108	T
487	0.01031	0.01052	A
488	0.00153	0.0016	G
489	0.00523	0.00524	C
490	0.00411	0.00411	C
491	0.00469	0.0058	A
492	0.00132	0.00145	T
493	0.00215	0.00218	G
494	0.00167	0.00172	G
495	0.00514	0.00514	C
496	0.0054	0.00545	C
497	0.00626	0.00755	A
498	0.00159	0.0017	T
499	0.00759	0.00762	C
500	0.00797	0.00798	C
501	0.00808	0.00809	C
502	0.00411	0.00413	C
503	0.00104	0.00108	T
504	0.00152	0.00154	T
505	0.00392	0.00624	A
506	0.00159	0.00167	T
507	0.00131	0.0015	G
508	0.00331	0.00347	A
509	0.00153	0.00167	G
510	0.00486	0.00504	C
511	0.0039	0.0039	G
512	0.00262	0.00262	G
513	0.00426	0.00427	G
514	0.00311	0.00336	C
515	0.00521	0.00535	A
516	0.00593	0.00602	C
517	0.00603	0.00617	A
518	0.00192	0.00198	G
519	0.00116	0.00128	T
520	0.00205	0.00208	G
521	0.00608	0.00633	A
522	0.00093	0.00095	T
523	0.00099	0.00102	T
524	0.00578	0.00893	A
525	0.00084	0.00097	T
526	0.00599	0.0064	A
527	0.00096	0.00099	G
528	0.00132	0.00134	G
529	0.00351	0.00363	C
530	0.00066	0.00067	T
531	0.00109	0.00109	T
532	0.00085	0.00085	T
533	0.00287	0.00306	C
534	0.00211	0.00223	G
535	0.00227	0.00236	C
536	0.00063	0.00067	T
537	0.0025	0.00256	C
538	0.0011	0.00117	T
539	0.00479	0.00485	A
540	0.00641	0.00643	A
541	0.00099	0.00116	G
542	0.00976	0.00987	A
543	0.00125	0.00126	T
544	0.00133	0.00155	T
545	0.00139	0.00144	A
546	0.00632	0.00637	A
547	0.00502	0.00507	A
548	0.00839	0.00846	A
549	0.00618	0.00621	A
550	0.00097	0.00102	T
551	0.00201	0.00217	G
552	0.00433	0.00439	C
553	0.00158	0.00163	C
554	0.00192	0.00194	C
555	0.001	0.00113	T
556	0.004	0.00436	A
557	0.00163	0.00182	G
558	0.00355	0.00356	C
559	0.00336	0.00338	C
560	0.00567	0.00567	C
561	0.00294	0.00359	A
562	0.00498	0.00508	C
563	0.00077	0.0008	T
564	0.00098	0.001	T
565	0.00426	0.00459	C
566	0.00189	0.00189	T
567	0.00153	0.00154	T
568	0.00499	0.00716	A
569	0.00637	0.0064	C
570	0.00469	0.0047	C
571	0.00624	0.00737	A
572	0.00938	0.00962	C
573	0.00674	0.00674	A
574	0.0081	0.00821	A
575	0.00139	0.00142	G
576	0.00157	0.00158	G
577	0.00695	0.00721	C
578	0.00788	0.00883	A
579	0.00943	0.00965	C
580	0.0057	0.00591	A
581	0.00825	0.00825	C
582	0.00469	0.00475	C
583	0.00154	0.00181	T
584	0.00798	0.00932	A
585	0.00811	0.00856	C
586	0.00768	0.00865	A
587	0.00482	0.00482	C
588	0.00422	0.00422	C
589	0.00275	0.00278	C
590	0.00228	0.00233	C
591	0.00134	0.00137	T
592	0.00121	0.00124	T
593	0.00204	0.00246	A
594	0.00103	0.00118	T
595	0.00238	0.00238	C
596	0.00183	0.00183	C
597	0.00385	0.00387	C
598	0.0052	0.0052	C
599	0.00214	0.00357	A
600	0.00106	0.00115	T
601	0.00461	0.00472	A
602	0.00547	0.00559	C
603	0.00081	0.00087	T
604	0.00643	0.00652	A
605	0.00059	0.00063	G
606	0.00171	0.00171	T
607	0.00114	0.00114	T
608	0.00346	0.00583	A
609	0.00154	0.00154	T
610	0.00105	0.00106	T
611	0.00454	0.00749	A
612	0.00104	0.00107	T
613	0.00635	0.00647	C
614	0.00307	0.00316	G
615	0.00349	0.00356	A
616	0.0055	0.00551	A
617	0.00754	0.00755	A
618	0.0053	0.00534	C
619	0.00296	0.00296	C
620	0.00446	0.00499	A
621	0.00121	0.00156	T
622	0.00426	0.00441	C
623	0.0052	0.00549	A
624	0.00214	0.00223	G
625	0.00246	0.00246	C
626	0.00113	0.00113	C
627	0.00114	0.00116	T
628	0.0029	0.00302	A
629	0.0032	0.00329	C
630	0.00078	0.0008	T
631	0.00328	0.00345	C
632	0.00371	0.0039	A
633	0.00108	0.00109	T
634	0.00087	0.00088	T
635	0.00642	0.00654	C
636	0.00874	0.00874	A
637	0.00792	0.00794	A
638	0.00965	0.00966	C
639	0.00821	0.00821	C
640	0.00753	0.00754	A
641	0.00718	0.00721	A
642	0.00133	0.00144	T
643	0.00755	0.00786	A
644	0.00179	0.00189	G
645	0.00448	0.00448	C
646	0.00469	0.00471	C
647	0.00523	0.00524	C
648	0.0009	0.001	T
649	0.0031	0.00311	G
650	0.00191	0.00196	G
651	0.00215	0.00217	C
652	0.00525	0.00526	C
653	0.00431	0.00444	G
654	0.00121	0.00136	T
655	0.00618	0.00643	A
656	0.00863	0.00871	C
657	0.00274	0.00282	G
658	0.00249	0.00249	C
659	0.00165	0.00166	C
660	0.00106	0.00125	T
661	0.00638	0.00645	A
662	0.00769	0.00776	A
663	0.01066	0.01068	C
664	0.00996	0.01002	C
665	0.00367	0.00383	G
666	0.00447	0.00463	C
667	0.00135	0.00145	T
668	0.00805	0.00816	A
669	0.01219	0.01225	A
670	0.00869	0.00886	C
671	0.0079	0.00803	A
672	0.00137	0.00139	T
673	0.00074	0.00078	T
674	0.00688	0.00942	A
675	0.00661	0.00672	C
676	0.00088	0.00091	T
677	0.00293	0.00333	G
678	0.00482	0.00499	C
679	0.00655	0.00696	A
680	0.00167	0.00169	G
681	0.00293	0.00294	G
682	0.00332	0.00336	C
683	0.00281	0.00287	C
684	0.00495	0.00609	A
685	0.00606	0.00607	C
686	0.00355	0.00358	C
687	0.001	0.00113	T
688	0.00403	0.00416	A
689	0.00492	0.00509	C
690	0.00106	0.00132	T
691	0.00439	0.00452	C
692	0.00508	0.0055	A
693	0.00258	0.00267	T
694	0.00284	0.00306	G
695	0.00514	0.00534	C
696	0.00678	0.00687	A
697	0.0078	0.00782	C
698	0.00463	0.00465	C
699	0.00132	0.00138	T
700	0.00634	0.00639	A
701	0.00699	0.00705	A
702	0.00111	0.00113	T
703	0.0009	0.00091	T
704	0.00163	0.00165	G
705	0.00083	0.0009	G
706	0.00541	0.00544	A
707	0.00428	0.00429	A
708	0.00295	0.00311	G
709	0.00362	0.00379	C
710	0.00452	0.00459	G
711	0.003	0.00303	C
712	0.00189	0.00191	C
713	0.00288	0.00441	A
714	0.00465	0.00471	C
715	0.00352	0.00357	C
716	0.00309	0.0031	C
717	0.00107	0.00107	T
718	0.00442	0.00448	A
719	0.00129	0.00139	G
720	0.00442	0.00448	C
721	0.00464	0.00464	A
722	0.00389	0.00392	A
723	0.00084	0.00091	T
724	0.00426	0.0044	A
725	0.001	0.00128	T
726	0.00522	0.00544	C
727	0.00595	0.00595	A
728	0.00684	0.00685	A
729	0.00655	0.00657	C
730	0.00317	0.00318	C
731	0.00498	0.00543	A
732	0.00105	0.00105	T
733	0.0009	0.0009	T
734	0.0034	0.0034	A
735	0.00491	0.00494	A
736	0.00453	0.00455	C
737	0.0021	0.00212	C
738	0.00087	0.00087	T
739	0.00053	0.00053	T
740	0.00233	0.00233	C
741	0.00167	0.00168	C
742	0.00331	0.00331	C
743	0.00109	0.00112	T
744	0.00322	0.00333	C
745	0.00089	0.00091	T
746	0.00354	0.00366	A
747	0.00439	0.0045	C
748	0.00388	0.004	A
749	0.00286	0.00289	C
750	0.00083	0.00084	T
751	0.00095	0.00098	T
752	0.00186	0.0025	A
753	0.00057	0.00067	T
754	0.00189	0.00196	C
755	0.00221	0.00226	A
756	0.00052	0.00054	T
757	0.00154	0.00163	C
758	0.00091	0.00093	T
759	0.00076	0.00078	T
760	0.00176	0.00184	C
761	0.00255	0.00258	A
762	0.00425	0.00433	C
763	0.00262	0.00263	A
764	0.00277	0.0028	A
765	0.00066	0.00067	T
766	0.00041	0.00041	T
767	0.00218	0.0027	C
768	0.00122	0.00128	T
769	0.00393	0.00402	A
770	0.00408	0.00413	A
771	0.00074	0.00075	T
772	0.00039	0.00042	T
773	0.00365	0.00399	C
774	0.00097	0.00111	T
775	0.0069	0.00702	A
776	0.00696	0.00706	C
777	0.00113	0.00119	T
778	0.00115	0.00124	G
779	0.00628	0.00634	A
780	0.00692	0.0072	C
781	0.00083	0.00092	T
782	0.00658	0.00691	A
783	0.00083	0.00085	T
784	0.00763	0.00768	C
785	0.0045	0.00454	C
786	0.00104	0.00109	T
787	0.00651	0.00673	A
788	0.00086	0.00093	G
789	0.00373	0.00373	A
790	0.00416	0.00417	A
791	0.00395	0.00398	A
792	0.00054	0.00054	T
793	0.00293	0.00299	C
794	0.00346	0.00352	G
795	0.00258	0.00263	C
796	0.00079	0.00079	T
797	0.00323	0.00328	G
798	0.00078	0.00091	T
799	0.00823	0.00836	C
800	0.00164	0.00166	G
801	0.00275	0.00277	C
802	0.00182	0.00182	C
803	0.00065	0.00066	T
804	0.0012	0.00122	T
805	0.00381	0.00392	A
806	0.00429	0.00429	A
807	0.00063	0.00073	T
808	0.0054	0.00544	C
809	0.00401	0.00401	C
810	0.00391	0.00395	A
811	0.00459	0.0046	A
812	0.00212	0.00226	G
813	0.00242	0.00244	C
814	0.0013	0.00132	C
815	0.00067	0.00074	T
816	0.00523	0.00529	A
817	0.00759	0.00768	C
818	0.0019	0.00202	G
819	0.0007	0.00071	T
820	0.00046	0.00046	T
821	0.00056	0.0006	T
822	0.0007	0.0007	T
823	0.00427	0.00479	C
824	0.00833	0.00849	A
825	0.01067	0.01084	C
826	0.00861	0.00877	A
827	0.00844	0.00857	C
828	0.0008	0.0008	T
829	0.00077	0.00079	T
830	0.00449	0.00542	C
831	0.00107	0.00111	T
832	0.00626	0.00641	A
833	0.0008	0.0009	G
834	0.00104	0.00124	T
835	0.00506	0.00506	A
836	0.00455	0.00475	A
837	0.00074	0.00082	G
838	0.00647	0.00647	C
839	0.00121	0.00121	C
840	0.00031	0.00035	T
841	0.00368	0.00387	C
842	0.00083	0.00083	T
843	0.00355	0.00361	A
844	0.00515	0.00522	C
845	0.00282	0.00291	C
846	0.00357	0.00369	T
847	0.00302	0.00302	G
848	0.00455	0.00512	C
849	0.00485	0.00485	A
850	0.00511	0.00511	C
851	0.00405	0.00405	G
852	0.00523	0.00523	A
853	0.00611	0.00611	C
854	0.00761	0.00761	A
855	0.00994	0.00994	A
856	0.00598	0.00598	C
857	0.0037	0.00426	A
858	0.00739	0.00739	C
859	0.00771	0.00771	A
860	0.00061	0.00061	T
861	0.0	0.0	A
862	0.0	0.0	A
