Position	Mismatches	Mismatches + Deletions	Base
1	0.0	0.0	C
2	0.0	0.0	T
3	0.0	0.0	G
4	3e-05	3e-05	A
5	2e-05	2e-05	T
6	0.00399	0.00399	G
7	0.00065	0.00072	T
8	0.00063	0.00063	T
9	0.00417	0.00447	C
10	0.00395	0.00395	G
11	0.00299	0.00299	C
12	0.00201	0.00201	C
13	0.00505	0.0052	G
14	0.00586	0.006	A
15	0.01491	0.01492	C
16	0.00663	0.00666	C
17	0.00608	0.00628	G
18	0.00098	0.00099	T
19	0.00096	0.00097	T
20	0.00125	0.00135	G
21	0.01089	0.01113	A
22	0.00841	0.00866	C
23	0.00167	0.00197	T
24	0.00626	0.00669	A
25	0.00079	0.00079	T
26	0.00072	0.00076	T
27	0.00382	0.0049	C
28	0.00086	0.00109	T
29	0.00467	0.00489	C
30	0.00111	0.00131	T
31	0.00683	0.00718	A
32	0.00724	0.00754	C
33	0.00561	0.00564	A
34	0.00396	0.00397	A
35	0.00947	0.00963	A
36	0.00783	0.00787	C
37	0.00475	0.00477	C
38	0.0053	0.00754	A
39	0.01175	0.01219	C
40	0.00645	0.00645	A
41	0.00762	0.00762	A
42	0.00787	0.00813	A
43	0.00244	0.00262	G
44	0.00953	0.00966	A
45	0.01251	0.0128	C
46	0.00944	0.00958	A
47	0.00117	0.00121	T
48	0.001	0.00102	T
49	0.00227	0.00229	G
50	0.00213	0.00217	G
51	0.01091	0.01093	A
52	0.00933	0.00936	A
53	0.01306	0.01342	C
54	0.00823	0.00839	A
55	0.0114	0.01165	C
56	0.00132	0.00152	T
57	0.00869	0.00996	A
58	0.00117	0.00139	T
59	0.00837	0.00857	A
60	0.01647	0.01655	C
61	0.00704	0.00719	C
62	0.00168	0.00187	T
63	0.01197	0.01226	A
64	0.00152	0.00153	T
65	0.00179	0.00183	T
66	0.00549	0.0172	A
67	0.00122	0.00122	T
68	0.00102	0.00104	T
69	0.01173	0.01243	C
70	0.00205	0.00209	G
71	0.0033	0.00334	G
72	0.01313	0.01356	C
73	0.00637	0.0068	G
74	0.02033	0.02092	C
75	0.01393	0.01413	A
76	0.00139	0.00153	T
77	0.00184	0.00204	G
78	0.01271	0.01295	A
79	0.00295	0.00308	G
80	0.00406	0.00423	C
81	0.00106	0.0012	T
82	0.00347	0.00348	G
83	0.00155	0.00159	G
84	0.01332	0.01924	A
85	0.00479	0.005	G
86	0.00155	0.00168	T
87	0.00728	0.00731	C
88	0.00495	0.00498	C
89	0.00129	0.00153	T
90	0.01529	0.01576	A
91	0.00084	0.00086	G
92	0.00427	0.00429	G
93	0.00841	0.00857	C
94	0.01677	0.01751	A
95	0.00607	0.00617	C
96	0.00674	0.00718	A
97	0.00541	0.00552	G
98	0.00168	0.00182	C
99	0.00069	0.00082	T
100	0.00083	0.00097	C
101	0.00134	0.00162	T
102	0.00883	0.00896	A
103	0.02722	0.02732	A
104	0.00147	0.00169	G
105	0.01459	0.01462	C
106	0.00101	0.00104	C
107	0.0008	0.00109	T
108	0.00971	0.00973	C
109	0.01368	0.01387	C
110	0.00145	0.00147	T
111	0.00231	0.0024	T
112	0.00429	0.02431	A
113	0.0019	0.00191	T
114	0.00179	0.00181	T
115	0.03167	0.03321	C
116	0.00229	0.00253	G
117	0.01672	0.01706	A
118	0.00398	0.00418	G
119	0.00657	0.00661	C
120	0.00982	0.00987	C
121	0.00564	0.00599	G
122	0.02372	0.0244	A
123	0.00483	0.00506	G
124	0.00914	0.00944	C
125	0.00129	0.00152	T
126	0.00334	0.00336	G
127	0.00401	0.00405	G
128	0.00504	0.00509	G
129	0.00546	0.00553	C
130	0.00189	0.00201	C
131	0.01268	0.01609	A
132	0.00569	0.00597	G
133	0.01327	0.01333	C
134	0.00906	0.00917	C
135	0.01202	0.01739	A
136	0.00147	0.00149	G
137	0.00582	0.00585	G
138	0.00672	0.00691	C
139	0.02183	0.02191	A
140	0.01416	0.0142	A
141	0.01441	0.01444	C
142	0.00896	0.00899	C
143	0.00104	0.00108	T
144	0.00123	0.00127	T
145	0.0096	0.01367	C
146	0.0015	0.00179	T
147	0.0114	0.0119	A
148	0.00089	0.00095	G
149	0.00408	0.00412	G
150	0.00073	0.00099	T
151	0.00605	0.00612	A
152	0.00814	0.0082	A
153	0.0071	0.00747	C
154	0.00228	0.00263	G
155	0.01137	0.01173	A
156	0.0102	0.01022	C
157	0.00684	0.00689	C
158	0.00765	0.01004	A
159	0.01345	0.0137	C
160	0.00724	0.00867	A
161	0.00138	0.00162	T
162	0.01049	0.01071	C
163	0.00158	0.00182	T
164	0.01215	0.01284	A
165	0.01765	0.01804	C
166	0.01018	0.01019	A
167	0.01343	0.01371	A
168	0.01122	0.01146	C
169	0.00467	0.00487	G
170	0.00095	0.001	T
171	0.00103	0.00107	T
172	0.00307	0.00756	A
173	0.00068	0.00086	T
174	0.00484	0.00504	C
175	0.00361	0.00378	G
176	0.0013	0.00166	T
177	0.00821	0.00835	C
178	0.01046	0.01098	A
179	0.00401	0.00423	C
180	0.00414	0.00467	A
181	0.00475	0.00498	G
182	0.0021	0.00212	C
183	0.00172	0.00173	C
184	0.00243	0.00245	C
185	0.00221	0.00356	A
186	0.00074	0.00089	T
187	0.00221	0.00239	G
188	0.0026	0.00278	C
189	0.00553	0.00579	A
190	0.00074	0.00077	T
191	0.00079	0.0008	T
192	0.00084	0.00085	T
193	0.00156	0.00177	G
194	0.001	0.00118	T
195	0.00332	0.00343	A
196	0.00273	0.00276	A
197	0.00076	0.00086	T
198	0.00327	0.00328	A
199	0.00264	0.00301	A
200	0.00064	0.00075	T
201	0.011	0.01117	C
202	0.001	0.001	T
203	0.00065	0.00067	T
204	0.00303	0.00555	C
205	0.00114	0.00115	T
206	0.00114	0.00121	T
207	0.00702	0.00784	C
208	0.01065	0.01091	A
209	0.00189	0.00212	T
210	0.00888	0.00915	A
211	0.0031	0.00326	G
212	0.00171	0.00192	T
213	0.01111	0.01115	A
214	0.00864	0.00871	A
215	0.00415	0.00487	T
216	0.01015	0.01042	A
217	0.01687	0.0172	C
218	0.00892	0.00896	C
219	0.00939	0.00944	C
220	0.01469	0.01778	A
221	0.00217	0.00325	T
222	0.01977	0.02031	C
223	0.01232	0.01314	A
224	0.00169	0.00198	T
225	0.0122	0.01223	A
226	0.01198	0.01413	A
227	0.0013	0.00169	T
228	0.00607	0.00646	C
229	0.00314	0.00321	G
230	0.00124	0.00129	G
231	0.00476	0.00713	A
232	0.00333	0.00335	G
233	0.00386	0.00389	G
234	0.00301	0.00329	C
235	0.00087	0.00092	T
236	0.00161	0.00164	T
237	0.00113	0.00115	T
238	0.00215	0.00217	G
239	0.00369	0.00371	G
240	0.02392	0.02461	C
241	0.00992	0.01002	A
242	0.01043	0.01048	A
243	0.01061	0.01112	C
244	0.00105	0.00138	T
245	0.00317	0.00356	G
246	0.02011	0.02043	A
247	0.02512	0.02553	C
248	0.00208	0.00236	T
249	0.00831	0.00881	A
250	0.00319	0.00364	G
251	0.00087	0.00093	T
252	0.001	0.00104	T
253	0.00482	0.00486	C
254	0.00495	0.00498	C
255	0.00753	0.00754	C
256	0.00696	0.00698	C
257	0.00164	0.00212	T
258	0.01989	0.02042	A
259	0.01657	0.01666	A
260	0.00235	0.00265	T
261	0.01744	0.01747	A
262	0.0159	0.01849	A
263	0.00151	0.0018	T
264	0.01746	0.018	C
265	0.00298	0.00306	G
266	0.00337	0.00342	G
267	0.00153	0.00178	T
268	0.00524	0.00558	G
269	0.0069	0.00699	C
270	0.00205	0.00211	C
271	0.00607	0.00612	C
272	0.0021	0.00214	C
273	0.0019	0.00192	C
274	0.00388	0.00425	G
275	0.00344	0.0037	A
276	0.00066	0.00084	T
277	0.00847	0.00871	A
278	0.00096	0.00113	T
279	0.00091	0.00098	G
280	0.00097	0.00101	G
281	0.01215	0.01232	C
282	0.00347	0.00361	G
283	0.00055	0.00058	T
284	0.00089	0.00091	T
285	0.001	0.00102	T
286	0.00808	0.0081	C
287	0.00813	0.00818	C
288	0.01086	0.01089	C
289	0.01458	0.01461	C
290	0.00526	0.00627	G
291	0.01493	0.01525	C
292	0.01093	0.01245	A
293	0.0022	0.00267	T
294	0.0137	0.01374	A
295	0.01028	0.01034	A
296	0.01391	0.01406	A
297	0.01912	0.02121	C
298	0.01295	0.01297	A
299	0.01123	0.01143	A
300	0.01867	0.01938	C
301	0.0123	0.0126	A
302	0.00206	0.00237	T
303	0.01126	0.01127	A
304	0.01162	0.01219	A
305	0.002	0.00228	G
306	0.01196	0.0123	C
307	0.00113	0.00115	T
308	0.00144	0.00147	T
309	0.00786	0.01028	C
310	0.00179	0.0019	T
311	0.00106	0.00126	G
312	0.01196	0.01216	A
313	0.00941	0.00953	C
314	0.00103	0.00116	T
315	0.01384	0.01414	C
316	0.00164	0.00165	T
317	0.00208	0.00213	T
318	0.00536	0.01573	A
319	0.01684	0.0169	C
320	0.00585	0.0059	C
321	0.00142	0.00206	T
322	0.01441	0.01448	C
323	0.0073	0.00731	C
324	0.01378	0.01402	C
325	0.0016	0.00186	T
326	0.01816	0.0185	C
327	0.00124	0.00143	T
328	0.00903	0.00932	C
329	0.00107	0.00129	T
330	0.00307	0.00308	C
331	0.00237	0.00254	C
332	0.00949	0.00972	T
333	0.01937	0.02087	A
334	0.02163	0.02183	C
335	0.00063	0.00077	T
336	0.0018	0.0018	C
337	0.00113	0.0012	C
338	0.00085	0.00104	T
339	0.00321	0.00361	G
340	0.00212	0.00249	C
341	0.00078	0.00173	T
342	0.00655	0.00687	C
343	0.00619	0.00685	G
344	0.00624	0.00708	C
345	0.01396	0.0144	A
346	0.00114	0.00138	T
347	0.0046	0.00489	C
348	0.00107	0.00123	T
349	0.00279	0.00297	G
350	0.00621	0.00652	C
351	0.00146	0.00174	T
352	0.01869	0.0191	A
353	0.00211	0.0023	T
354	0.02073	0.02122	A
355	0.00205	0.00237	G
356	0.00081	0.00102	T
357	0.00279	0.0028	G
358	0.00114	0.00117	G
359	0.00488	0.00651	A
360	0.00322	0.00323	G
361	0.0037	0.00375	G
362	0.01218	0.01226	C
363	0.06629	0.06631	C
364	0.00613	0.00615	G
365	0.00229	0.00232	G
366	0.00286	0.00366	A
367	0.00628	0.0066	G
368	0.00873	0.00901	C
369	0.00396	0.0042	A
370	0.00317	0.00318	G
371	0.00348	0.0035	G
372	0.00472	0.00477	A
373	0.02206	0.02211	A
374	0.03044	0.0312	C
375	0.00815	0.00831	A
376	0.0034	0.00343	G
377	0.00331	0.00335	G
378	0.00167	0.00171	T
379	0.00095	0.001	T
380	0.00252	0.0027	G
381	0.01604	0.01612	A
382	0.01765	0.01771	A
383	0.03647	0.03682	C
384	0.01651	0.01668	A
385	0.00377	0.00395	G
386	0.00111	0.00126	T
387	0.00843	0.00865	C
388	0.00154	0.00176	T
389	0.01276	0.01391	A
390	0.01979	0.01986	C
391	0.01154	0.01167	C
392	0.00982	0.00995	C
393	0.00098	0.00171	T
394	0.00663	0.00666	C
395	0.00769	0.0077	C
396	0.0114	0.01151	C
397	0.00112	0.00116	T
398	0.00157	0.00162	T
399	0.01507	0.02781	A
400	0.00188	0.00251	G
401	0.0287	0.02917	C
402	0.01425	0.01457	A
403	0.00083	0.00086	G
404	0.00224	0.00228	G
405	0.00292	0.00294	G
406	0.00443	0.00449	A
407	0.02051	0.02055	A
408	0.02313	0.02398	C
409	0.00214	0.0025	T
410	0.02298	0.02378	A
411	0.01574	0.0161	C
412	0.00102	0.00134	T
413	0.00804	0.00807	C
414	0.00887	0.00889	C
415	0.01359	0.01369	C
416	0.01251	0.02224	A
417	0.03202	0.03203	C
418	0.02453	0.02455	C
419	0.01214	0.01242	C
420	0.00219	0.00241	T
421	0.00185	0.00187	G
422	0.00102	0.00105	G
423	0.00471	0.00633	A
424	0.00259	0.00278	G
425	0.02367	0.02376	C
426	0.0029	0.00293	C
427	0.00099	0.00125	T
428	0.00773	0.00773	C
429	0.00972	0.00973	C
430	0.00345	0.00371	G
431	0.0008	0.00091	T
432	0.0063	0.00648	A
433	0.00228	0.00237	G
434	0.00638	0.00651	A
435	0.0063	0.00633	C
436	0.00202	0.00206	C
437	0.00151	0.00173	T
438	0.00799	0.00807	A
439	0.0102	0.01025	A
440	0.01094	0.01098	C
441	0.00477	0.00479	C
442	0.00877	0.01092	A
443	0.0011	0.00126	T
444	0.0095	0.00965	C
445	0.00126	0.00129	T
446	0.00125	0.00128	T
447	0.0053	0.00872	C
448	0.00119	0.00138	T
449	0.01115	0.01116	C
450	0.01028	0.01039	C
451	0.00186	0.00187	T
452	0.00212	0.00219	T
453	0.00385	0.01207	A
454	0.01053	0.01078	C
455	0.00845	0.00882	A
456	0.00945	0.00947	C
457	0.0043	0.00434	C
458	0.00122	0.00155	T
459	0.01766	0.01798	A
460	0.00196	0.00238	G
461	0.01711	0.01735	C
462	0.01346	0.01376	A
463	0.00152	0.00156	G
464	0.00275	0.00279	G
465	0.00067	0.00079	T
466	0.00434	0.00448	G
467	0.00061	0.00082	T
468	0.01201	0.01218	C
469	0.00089	0.00107	T
470	0.00587	0.00588	C
471	0.00507	0.00516	C
472	0.00144	0.00164	T
473	0.00903	0.00926	C
474	0.00101	0.00116	T
475	0.00975	0.0101	A
476	0.00093	0.00119	T
477	0.00787	0.00815	C
478	0.00118	0.00119	T
479	0.001	0.00105	T
480	0.00473	0.00707	A
481	0.00129	0.00138	G
482	0.0013	0.00134	G
483	0.00262	0.00265	G
484	0.00436	0.00438	G
485	0.00858	0.00867	C
486	0.00194	0.00201	C
487	0.00268	0.00348	A
488	0.0009	0.00119	T
489	0.00279	0.0031	C
490	0.00368	0.00375	A
491	0.0045	0.00456	A
492	0.00068	0.00075	T
493	0.00073	0.00077	T
494	0.00095	0.00101	T
495	0.00289	0.00353	C
496	0.00513	0.00543	A
497	0.00229	0.00279	T
498	0.00588	0.00618	C
499	0.00631	0.00649	A
500	0.01209	0.01278	C
501	0.00826	0.00826	A
502	0.00837	0.00848	A
503	0.01992	0.02095	C
504	0.00753	0.00753	A
505	0.00944	0.00956	A
506	0.00154	0.0016	T
507	0.00148	0.00151	T
508	0.00453	0.01199	A
509	0.00143	0.00175	T
510	0.01362	0.01385	C
511	0.01849	0.0191	A
512	0.01145	0.01165	A
513	0.00216	0.00237	T
514	0.01186	0.01218	A
515	0.00223	0.00243	T
516	0.01288	0.01289	A
517	0.00759	0.0076	A
518	0.01229	0.01229	A
519	0.02163	0.02165	A
520	0.00484	0.00499	C
521	0.00636	0.00641	C
522	0.00735	0.00738	C
523	0.00856	0.00859	C
524	0.00671	0.00672	C
525	0.00155	0.00178	T
526	0.00257	0.0029	G
527	0.00569	0.00572	C
528	0.00369	0.00372	C
529	0.00409	0.0083	A
530	0.00156	0.00198	T
531	0.00711	0.00716	A
532	0.00623	0.00749	A
533	0.0115	0.01157	C
534	0.00733	0.00736	C
535	0.01207	0.01209	C
536	0.00791	0.008	A
537	0.00937	0.00947	A
538	0.00172	0.00206	T
539	0.01962	0.01977	A
540	0.01686	0.01691	C
541	0.00761	0.00764	C
542	0.00609	0.00612	A
543	0.0092	0.00925	A
544	0.01138	0.01145	A
545	0.01632	0.0174	C
546	0.00552	0.00584	G
547	0.00748	0.00751	C
548	0.00316	0.00317	C
549	0.00726	0.00726	C
550	0.01108	0.0111	C
551	0.00131	0.00147	T
552	0.01125	0.01134	C
553	0.00116	0.00117	T
554	0.00101	0.00106	T
555	0.00719	0.00757	C
556	0.00167	0.0018	G
557	0.00095	0.00106	T
558	0.00456	0.00466	C
559	0.00143	0.00156	T
560	0.00373	0.00408	G
561	0.00605	0.00634	A
562	0.00115	0.00133	T
563	0.00742	0.00745	C
564	0.00615	0.00617	C
565	0.00553	0.00614	G
566	0.00122	0.00143	T
567	0.00954	0.00957	C
568	0.0063	0.00632	C
569	0.00162	0.00188	T
570	0.00727	0.00744	A
571	0.01068	0.01072	A
572	0.00129	0.00171	T
573	0.01089	0.01112	C
574	0.0114	0.0119	A
575	0.00893	0.00922	C
576	0.00898	0.00936	A
577	0.0048	0.00518	G
578	0.00584	0.00604	C
579	0.00578	0.00636	A
580	0.00405	0.00424	G
581	0.00077	0.00099	T
582	0.00357	0.00361	C
583	0.00314	0.00319	C
584	0.00134	0.00158	T
585	0.00559	0.00581	A
586	0.00633	0.00659	C
587	0.00075	0.00078	T
588	0.00079	0.00081	T
589	0.00314	0.00496	C
590	0.00085	0.00104	T
591	0.00769	0.00771	C
592	0.00612	0.00631	C
593	0.00148	0.00177	T
594	0.00985	0.01044	A
595	0.00132	0.00154	T
596	0.01208	0.01227	C
597	0.00156	0.0018	T
598	0.01046	0.01069	C
599	0.00205	0.00237	T
600	0.01596	0.01597	C
601	0.00804	0.00804	C
602	0.00968	0.00972	C
603	0.00953	0.01334	A
604	0.00272	0.00303	G
605	0.0013	0.00154	T
606	0.00957	0.0096	C
607	0.00762	0.00765	C
608	0.00127	0.00171	T
609	0.01259	0.01308	A
610	0.00208	0.00245	G
611	0.00858	0.00899	C
612	0.00089	0.00112	T
613	0.00458	0.00494	G
614	0.00318	0.00366	C
615	0.00102	0.00131	T
616	0.00253	0.00257	G
617	0.00309	0.00315	G
618	0.01997	0.02058	C
619	0.00733	0.00755	A
620	0.00127	0.00168	T
621	0.006	0.00617	C
622	0.01251	0.01266	A
623	0.01602	0.01621	C
624	0.00181	0.002	T
625	0.01456	0.01499	A
626	0.00218	0.00248	T
627	0.0186	0.0189	A
628	0.02144	0.02198	C
629	0.00175	0.00206	T
630	0.01942	0.0198	A
631	0.01976	0.02052	C
632	0.00184	0.00207	T
633	0.01391	0.01398	A
634	0.01512	0.01541	A
635	0.01207	0.01229	C
636	0.00866	0.00908	A
637	0.00386	0.00411	G
638	0.0076	0.00782	A
639	0.00607	0.00614	C
640	0.00556	0.00561	C
641	0.0057	0.00857	G
642	0.01839	0.0241	C
643	0.01069	0.01169	A
644	0.01472	0.01477	A
645	0.01569	0.01574	C
646	0.00762	0.00774	C
647	0.00178	0.00226	T
648	0.01452	0.01497	C
649	0.01149	0.01222	A
650	0.01025	0.01031	A
651	0.01872	0.02067	C
652	0.01226	0.01255	A
653	0.01788	0.01789	C
654	0.01026	0.01046	C
655	0.01395	0.0187	A
656	0.01249	0.0125	C
657	0.00853	0.00858	C
658	0.00103	0.00108	T
659	0.001	0.00104	T
660	0.0051	0.00864	C
661	0.00109	0.00111	T
662	0.00103	0.00105	T
663	0.00857	0.00933	C
664	0.00271	0.00316	G
665	0.0154	0.01566	A
666	0.00955	0.00958	C
667	0.01411	0.01415	C
668	0.01355	0.01355	C
669	0.01983	0.01987	C
670	0.00456	0.00509	G
671	0.01521	0.01521	C
672	0.00532	0.00533	C
673	0.00469	0.0047	G
674	0.00247	0.00251	G
675	0.00487	0.00574	A
676	0.00473	0.00473	G
677	0.00138	0.00139	G
678	0.00529	0.0061	A
679	0.00404	0.00404	G
680	0.00174	0.00177	G
681	0.01106	0.01851	A
682	0.00549	0.00586	G
683	0.01429	0.01472	A
684	0.00979	0.00993	C
685	0.00891	0.00894	C
686	0.01023	0.01025	C
687	0.0085	0.00853	C
688	0.01032	0.0122	A
689	0.0011	0.00115	T
690	0.00102	0.00109	T
691	0.00501	0.00624	C
692	0.00115	0.00136	T
693	0.00529	0.00625	A
694	0.00107	0.00134	T
695	0.00559	0.00581	A
696	0.00595	0.00601	C
697	0.00337	0.00341	C
698	0.00536	0.00544	A
699	0.00561	0.00565	A
700	0.00922	0.01062	C
701	0.00515	0.00553	A
702	0.0081	0.00812	C
703	0.00394	0.004	C
704	0.00156	0.0018	T
705	0.00898	0.00925	A
706	0.00109	0.00111	T
707	0.0012	0.00123	T
708	0.00847	0.01075	C
709	0.0025	0.00263	T
710	0.00248	0.00269	G
711	0.00639	0.00697	A
712	0.00052	0.00054	T
713	0.00051	0.00051	T
714	0.00054	0.00055	T
715	0.00079	0.0008	T
716	0.00107	0.00109	T
717	0.00392	0.00437	C
718	0.00269	0.00272	G
719	0.00344	0.00347	G
720	0.00123	0.00227	T
721	0.00471	0.00491	C
722	0.00645	0.00675	A
723	0.01061	0.01063	C
724	0.00601	0.00602	C
725	0.00662	0.00663	C
726	0.00182	0.00209	T
727	0.00151	0.00186	G
728	0.00531	0.00536	A
729	0.00557	0.0056	A
730	0.00166	0.0019	G
731	0.00093	0.00097	T
732	0.0008	0.00082	T
733	0.00098	0.00101	T
734	0.00382	0.0051	A
735	0.001	0.00119	T
736	0.00627	0.00735	A
737	0.00102	0.00102	T
738	0.001	0.00104	T
739	0.00635	0.00831	C
740	0.00174	0.00174	T
741	0.00128	0.00134	T
742	0.0015	0.01113	A
743	0.00112	0.00136	T
744	0.00725	0.00731	C
745	0.00406	0.00411	C
746	0.0013	0.00156	T
747	0.01413	0.01433	A
748	0.01715	0.01717	C
749	0.0113	0.01134	C
750	0.0093	0.01304	A
751	0.00069	0.00073	G
752	0.00294	0.00297	G
753	0.01228	0.01278	C
754	0.00097	0.00105	T
755	0.00089	0.00092	T
756	0.0077	0.00841	C
757	0.00178	0.00183	G
758	0.00144	0.00148	G
759	0.00563	0.00567	A
760	0.00433	0.00436	A
761	0.00126	0.00144	T
762	0.00455	0.00458	A
763	0.00505	0.0056	A
764	0.00089	0.00109	T
765	0.00483	0.00511	C
766	0.00135	0.00169	T
767	0.00682	0.00685	C
768	0.00663	0.00665	C
769	0.01372	0.0138	C
770	0.0092	0.01194	A
771	0.0019	0.002	T
772	0.00942	0.00959	A
773	0.00183	0.00184	T
774	0.00175	0.00177	T
775	0.00177	0.00198	G
776	0.00173	0.00208	T
777	0.01436	0.01445	A
778	0.01346	0.01351	A
779	0.01836	0.01897	C
780	0.00187	0.0019	T
781	0.00171	0.00178	T
782	0.00651	0.01596	A
783	0.0156	0.01589	C
784	0.00143	0.00165	T
785	0.01275	0.01354	A
786	0.01236	0.01275	C
787	0.00133	0.00149	T
788	0.01132	0.01134	C
789	0.01328	0.01335	C
790	0.00261	0.00265	G
791	0.00464	0.00474	G
792	0.00045	0.0006	A
793	0.0003	0.00034	A
794	0.00147	0.00153	A
795	0.00937	0.00939	A
796	0.00844	0.00846	A
797	0.0096	0.00962	A
798	0.00967	0.00968	A
799	0.00378	0.00399	G
800	0.00859	0.00859	A
801	0.03722	0.03736	A
802	0.0084	0.00846	C
803	0.00428	0.00432	C
804	0.00874	0.00941	A
805	0.00084	0.00086	T
806	0.00104	0.00105	T
807	0.00103	0.00104	T
808	0.00138	0.00141	G
809	0.00155	0.00157	G
810	0.00182	0.00715	A
811	0.00107	0.00123	T
812	0.0041	0.00426	A
813	0.00765	0.00782	C
814	0.00492	0.00509	A
815	0.0007	0.00085	T
816	0.00272	0.0029	A
817	0.00177	0.0018	G
818	0.00322	0.00326	G
819	0.00159	0.00179	T
820	0.01895	0.01919	A
821	0.00206	0.00218	T
822	0.00252	0.00255	G
823	0.00158	0.00161	G
824	0.00123	0.00139	T
825	0.00788	0.00805	C
826	0.00135	0.00155	T
827	0.00402	0.00438	G
828	0.02833	0.02858	A
829	0.00556	0.00579	G
830	0.00413	0.00438	C
831	0.00072	0.00091	T
832	0.00335	0.0036	A
833	0.00061	0.00075	T
834	0.00143	0.00166	G
835	0.01706	0.01733	A
836	0.00085	0.00104	T
837	0.00593	0.0062	A
838	0.00265	0.00294	T
839	0.00614	0.00645	C
840	0.00957	0.0096	A
841	0.00809	0.00821	A
842	0.00091	0.00093	T
843	0.001	0.00102	T
844	0.00163	0.00166	G
845	0.00241	0.00245	G
846	0.02356	0.02446	C
847	0.00074	0.00076	T
848	0.00057	0.00059	T
849	0.00343	0.00345	C
850	0.00438	0.00439	C
851	0.00109	0.00121	T
852	0.0153	0.01581	A
853	0.00064	0.00066	G
854	0.00155	0.00155	G
855	0.00274	0.00274	G
856	0.00102	0.00103	T
857	0.00118	0.00118	T
858	0.00131	0.00132	T
859	0.01203	0.01358	A
860	0.00117	0.00121	T
861	0.01369	0.01379	C
862	0.00317	0.00321	G
863	0.00135	0.00143	T
864	0.00554	0.00559	G
865	0.00169	0.00202	T
866	0.00292	0.00305	G
867	0.01074	0.01104	A
868	0.0054	0.0058	G
869	0.00783	0.00815	C
870	0.00684	0.00806	A
871	0.00634	0.00665	C
872	0.01432	0.0148	A
873	0.01348	0.01348	C
874	0.01305	0.01316	C
875	0.00777	0.01062	A
876	0.00176	0.00192	T
877	0.00896	0.00929	A
878	0.00162	0.00173	T
879	0.00714	0.00735	A
880	0.00137	0.00139	T
881	0.00165	0.00166	T
882	0.00152	0.00154	T
883	0.01163	0.01429	A
884	0.01687	0.01701	C
885	0.01657	0.01672	A
886	0.00353	0.00367	G
887	0.00148	0.00163	T
888	0.01034	0.01056	A
889	0.00124	0.00126	G
890	0.00154	0.00155	G
891	0.00749	0.00751	A
892	0.01102	0.01106	A
893	0.00156	0.00171	T
894	0.00883	0.00902	A
895	0.00229	0.00237	G
896	0.009	0.0091	A
897	0.01371	0.01383	C
898	0.00386	0.00396	G
899	0.00099	0.00125	T
900	0.00876	0.00892	A
901	0.00183	0.00196	G
902	0.01294	0.01316	A
903	0.01199	0.01226	C
904	0.00924	0.00953	A
905	0.01094	0.01131	C
906	0.01212	0.0124	A
907	0.01605	0.01638	C
908	0.00278	0.00291	G
909	0.01214	0.01232	A
910	0.00306	0.00362	G
911	0.01799	0.01824	C
912	0.01209	0.01231	A
913	0.00134	0.00149	T
914	0.00929	0.00947	A
915	0.00074	0.00076	T
916	0.00112	0.00113	T
917	0.00137	0.00139	T
918	0.00897	0.00925	C
919	0.01635	0.01652	A
920	0.01458	0.0146	C
921	0.00467	0.00469	C
922	0.00194	0.00212	T
923	0.00668	0.00669	C
924	0.00777	0.00782	C
925	0.00422	0.00455	G
926	0.00833	0.00895	C
927	0.00145	0.00163	T
928	0.00816	0.00831	A
929	0.01242	0.01243	C
930	0.00783	0.00785	C
931	0.00572	0.01029	A
932	0.00192	0.00207	T
933	0.00973	0.00974	A
934	0.01236	0.0138	A
935	0.00149	0.0018	T
936	0.01101	0.01118	C
937	0.01174	0.01195	A
938	0.00186	0.00192	T
939	0.01637	0.01656	C
940	0.00478	0.00485	G
941	0.00771	0.00785	C
942	0.00135	0.00145	T
943	0.01436	0.01475	A
944	0.0015	0.0017	T
945	0.00828	0.00835	C
946	0.00579	0.0058	C
947	0.01525	0.01525	C
948	0.01709	0.01711	C
949	0.01356	0.01643	A
950	0.02658	0.02659	C
951	0.01424	0.01427	C
952	0.00345	0.00349	G
953	0.00202	0.00204	G
954	0.00402	0.00423	C
955	0.00521	0.00533	G
956	0.00115	0.00151	T
957	0.00962	0.00981	C
958	0.01466	0.01471	A
959	0.0169	0.01693	A
960	0.01119	0.0112	A
961	0.00456	0.00476	G
962	0.00233	0.00259	T
963	0.01317	0.01353	A
964	0.00194	0.00195	T
965	0.00208	0.00209	T
966	0.00225	0.00227	T
967	0.02114	0.02343	A
968	0.0016	0.0018	G
969	0.00605	0.00629	C
970	0.001	0.00111	T
971	0.00241	0.00264	G
972	0.02613	0.02672	A
973	0.01536	0.01563	C
974	0.00099	0.00117	T
975	0.00748	0.00781	C
976	0.00361	0.00398	G
977	0.00246	0.00248	C
978	0.00219	0.00227	C
979	0.00764	0.02307	A
980	0.02252	0.02318	C
981	0.01342	0.01625	A
982	0.01725	0.01772	C
983	0.00151	0.00169	T
984	0.01472	0.01472	C
985	0.01165	0.01169	C
986	0.01081	0.01452	A
987	0.02617	0.02641	C
988	0.00322	0.00328	G
989	0.00293	0.00297	G
990	0.00727	0.00731	A
991	0.00955	0.00957	A
992	0.00421	0.0047	G
993	0.00838	0.00907	C
994	0.0165	0.01654	A
995	0.01156	0.01165	A
996	0.00212	0.00236	T
997	0.01196	0.01213	A
998	0.00142	0.00154	T
999	0.00158	0.00179	G
1000	0.00979	0.00981	A
1001	0.01724	0.01745	A
1002	0.01217	0.01227	A
1003	0.00155	0.00176	T
1004	0.00236	0.00258	G
1005	0.01219	0.0124	A
1006	0.00118	0.00131	T
1007	0.01412	0.01431	C
1008	0.00123	0.00134	T
1009	0.00386	0.00409	G
1010	0.00793	0.00831	C
1011	0.00093	0.00109	T
1012	0.00238	0.00264	G
1013	0.0165	0.01674	C
1014	0.01427	0.01467	A
1015	0.00224	0.00234	G
1016	0.00072	0.00079	T
1017	0.0043	0.00438	G
1018	0.00701	0.00714	C
1019	0.00093	0.00102	T
1020	0.0103	0.01042	C
1021	0.0015	0.00163	T
1022	0.00204	0.00237	G
1023	0.00883	0.00909	A
1024	0.00546	0.00572	G
1025	0.00349	0.0035	C
1026	0.00293	0.00294	C
1027	0.00332	0.00333	C
1028	0.00118	0.00133	T
1029	0.00611	0.00628	A
1030	0.00057	0.00058	G
1031	0.00106	0.00107	G
1032	0.00447	0.0055	A
1033	0.001	0.00101	T
1034	0.00109	0.00112	T
1035	0.00804	0.00851	C
1036	0.01105	0.0114	A
1037	0.00108	0.00115	T
1038	0.00832	0.00847	C
1039	0.00092	0.00094	T
1040	0.0012	0.00121	T
1041	0.00108	0.0011	T
1042	0.01059	0.01473	C
1043	0.00098	0.00099	T
1044	0.00109	0.0011	T
1045	0.00141	0.00142	T
1046	0.00158	0.0016	T
1047	0.00767	0.01131	C
1048	0.02027	0.02046	A
1049	0.01863	0.01865	C
1050	0.0115	0.01153	C
1051	0.0051	0.00547	G
1052	0.00135	0.00157	T
1053	0.00957	0.00972	A
1054	0.0014	0.00143	G
1055	0.00193	0.00196	G
1056	0.00083	0.00092	T
1057	0.00271	0.00273	G
1058	0.00136	0.00141	G
1059	0.00718	0.00721	C
1060	0.00235	0.0024	C
1061	0.00119	0.00136	T
1062	0.00169	0.00187	G
1063	0.01431	0.0145	A
1064	0.02408	0.02432	C
1065	0.00132	0.00143	T
1066	0.00387	0.00389	G
1067	0.00443	0.00446	G
1068	0.00355	0.0037	C
1069	0.01285	0.01301	A
1070	0.00111	0.00114	T
1071	0.00109	0.0011	T
1072	0.00417	0.00426	G
1073	0.00101	0.00114	T
1074	0.00943	0.00977	A
1075	0.00176	0.00176	T
1076	0.00218	0.00222	T
1077	0.00585	0.00834	A
1078	0.00389	0.00447	G
1079	0.00538	0.00585	C
1080	0.0097	0.00973	A
1081	0.00967	0.0097	A
1082	0.01189	0.01193	A
1083	0.01376	0.01497	C
1084	0.00137	0.00202	T
1085	0.00824	0.00853	C
1086	0.00916	0.01055	A
1087	0.0018	0.00256	T
1088	0.01268	0.013	C
1089	0.01512	0.01536	A
1090	0.01905	0.01965	C
1091	0.00204	0.00226	T
1092	0.01556	0.01601	A
1093	0.00126	0.00146	G
1094	0.0115	0.01169	A
1095	0.01154	0.01179	C
1096	0.01389	0.01401	A
1097	0.00109	0.00122	T
1098	0.0062	0.00627	C
1099	0.0055	0.00556	G
1100	0.00101	0.00109	T
1101	0.0116	0.01187	A
1102	0.01843	0.01859	C
1103	0.00132	0.00152	T
1104	0.01275	0.01306	A
1105	0.01251	0.01273	C
1106	0.01331	0.01361	A
1107	0.01968	0.01991	C
1108	0.00208	0.00236	G
1109	0.01853	0.01875	A
1110	0.03015	0.03043	C
1111	0.01377	0.01389	A
1112	0.02266	0.02281	C
1113	0.00374	0.00384	G
1114	0.00116	0.00129	T
1115	0.01091	0.01103	A
1116	0.01182	0.01195	C
1117	0.00079	0.00089	T
1118	0.00706	0.00716	A
1119	0.00525	0.00537	C
1120	0.0026	0.0027	G
1121	0.00061	0.00064	T
1122	0.00056	0.00058	T
1123	0.00333	0.00344	G
1124	0.00069	0.00088	T
1125	0.00622	0.00647	A
1126	0.00388	0.00404	G
1127	0.00933	0.00937	C
1128	0.0042	0.00421	C
1129	0.00952	0.00955	C
1130	0.005	0.00951	A
1131	0.01125	0.0114	C
1132	0.0011	0.00117	T
1133	0.00115	0.00116	T
1134	0.00764	0.00766	C
1135	0.00655	0.00659	C
1136	0.00754	0.01355	A
1137	0.01417	0.01434	C
1138	0.00161	0.00171	T
1139	0.00849	0.0087	A
1140	0.00173	0.00187	T
1141	0.00217	0.00232	G
1142	0.00102	0.00114	T
1143	0.00409	0.00411	C
1144	0.00628	0.00631	C
1145	0.00146	0.00166	T
1146	0.01218	0.01236	A
1147	0.00147	0.00178	T
1148	0.0217	0.02188	C
1149	0.01899	0.01905	A
1150	0.01586	0.01607	A
1151	0.00146	0.00157	T
1152	0.00685	0.00698	A
1153	0.00143	0.00144	G
1154	0.00108	0.00109	G
1155	0.01099	0.01409	A
1156	0.00238	0.00246	G
1157	0.0127	0.01294	C
1158	0.00145	0.00161	T
1159	0.00508	0.0052	G
1160	0.00134	0.00151	T
1161	0.00934	0.00951	A
1162	0.00169	0.00169	T
1163	0.00206	0.00206	T
1164	0.00217	0.00217	T
1165	0.00271	0.00289	G
1166	0.00538	0.0054	C
1167	0.0017	0.00173	C
1168	0.01753	0.02069	A
1169	0.00129	0.0016	T
1170	0.0205	0.02064	C
1171	0.00781	0.00813	A
1172	0.00081	0.00091	T
1173	0.00524	0.00554	A
1174	0.00133	0.00136	G
1175	0.00109	0.00111	G
1176	0.00881	0.01241	A
1177	0.00146	0.00148	G
1178	0.00153	0.00157	G
1179	0.02016	0.0218	C
1180	0.0009	0.00093	T
1181	0.00075	0.00085	T
1182	0.00291	0.00319	C
1183	0.00656	0.00673	A
1184	0.00115	0.00118	T
1185	0.00189	0.00199	T
1186	0.02133	0.02211	C
1187	0.01895	0.01906	A
1188	0.0243	0.02439	C
1189	0.00119	0.00125	T
1190	0.00274	0.00283	G
1191	0.00517	0.00532	A
1192	0.00052	0.00053	T
1193	0.00072	0.00073	T
1194	0.00089	0.0009	T
1195	0.00338	0.00342	C
1196	0.00392	0.00393	C
1197	0.00393	0.00395	C
1198	0.00308	0.00309	C
1199	0.00098	0.00116	T
1200	0.00457	0.00481	A
1201	0.00067	0.00068	T
1202	0.00144	0.00147	T
1203	0.02056	0.02304	C
1204	0.00332	0.00532	T
1205	0.01707	0.01764	C
1206	0.01544	0.01598	A
1207	0.00096	0.00098	G
1208	0.00351	0.00352	G
1209	0.00277	0.00298	C
1210	0.00093	0.00105	T
1211	0.00594	0.00653	A
1212	0.00675	0.00692	C
1213	0.00632	0.00662	A
1214	0.01037	0.01038	C
1215	0.00459	0.0046	C
1216	0.00416	0.00418	C
1217	0.00097	0.00114	T
1218	0.00552	0.00609	A
1219	0.00108	0.00123	G
1220	0.01484	0.01502	A
1221	0.01473	0.01475	C
1222	0.00323	0.00326	C
1223	0.00378	0.00384	A
1224	0.00575	0.00583	A
1225	0.00551	0.00553	A
1226	0.00746	0.00748	C
1227	0.00255	0.00259	C
1228	0.00107	0.00125	T
1229	0.00351	0.00381	A
1230	0.00604	0.00616	C
1231	0.00228	0.00239	G
1232	0.00537	0.00538	C
1233	0.00391	0.00392	C
1234	0.00172	0.00174	A
1235	0.00122	0.00123	A
1236	0.00261	0.00263	A
1237	0.00279	0.0028	A
1238	0.00063	0.00082	T
1239	0.00312	0.00314	C
1240	0.00418	0.00419	C
1241	0.0048	0.00608	A
1242	0.00058	0.0006	T
1243	0.00093	0.00094	T
1244	0.0011	0.00111	T
1245	0.00618	0.00643	C
1246	0.0101	0.01023	A
1247	0.01444	0.01461	C
1248	0.00143	0.00156	T
1249	0.00891	0.00904	A
1250	0.00129	0.00164	T
1251	0.00987	0.01009	C
1252	0.00725	0.00749	A
1253	0.00107	0.00118	T
1254	0.00674	0.00704	A
1255	0.00088	0.00088	T
1256	0.00087	0.00089	T
1257	0.00774	0.0081	C
1258	0.01455	0.01472	A
1259	0.00182	0.00205	T
1260	0.00965	0.00986	C
1261	0.0033	0.00331	G
1262	0.00252	0.00253	G
1263	0.01434	0.01445	C
1264	0.00585	0.00591	G
1265	0.00141	0.00161	T
1266	0.00396	0.00398	A
1267	0.00874	0.00876	A
1268	0.00871	0.00873	A
1269	0.00099	0.00124	T
1270	0.00674	0.00683	C
1271	0.00148	0.00156	T
1272	0.01012	0.01018	A
1273	0.01141	0.01154	A
1274	0.01015	0.01045	C
1275	0.00064	0.00066	T
1276	0.00079	0.0008	T
1277	0.0008	0.00082	T
1278	0.0048	0.00544	C
1279	0.00181	0.00182	T
1280	0.00314	0.00317	T
1281	0.00531	0.00535	C
1282	0.0065	0.00653	C
1283	0.01294	0.01304	C
1284	0.00787	0.01328	A
1285	0.02392	0.02467	C
1286	0.01268	0.01278	A
1287	0.01317	0.01342	A
1288	0.02468	0.02575	C
1289	0.0149	0.01507	A
1290	0.02021	0.02057	C
1291	0.00067	0.0007	T
1292	0.00161	0.00162	T
1293	0.00153	0.00154	T
1294	0.01217	0.0128	C
1295	0.00243	0.00264	T
1296	0.01395	0.01451	C
1297	0.0024	0.00244	G
1298	0.00442	0.00445	G
1299	0.02463	0.02464	C
1300	0.00522	0.00547	C
1301	0.00177	0.00205	T
1302	0.01914	0.01944	A
1303	0.00135	0.00155	T
1304	0.00649	0.00654	C
1305	0.00483	0.00487	C
1306	0.00257	0.00259	G
1307	0.00303	0.00305	G
1308	0.0078	0.00784	A
1309	0.00927	0.00931	A
1310	0.00131	0.00142	T
1311	0.00253	0.00272	G
1312	0.01278	0.01282	C
1313	0.00561	0.00563	C
1314	0.00946	0.00948	C
1315	0.01116	0.01118	C
1316	0.00403	0.00432	G
1317	0.01423	0.01433	A
1318	0.03257	0.03273	C
1319	0.00507	0.0052	G
1320	0.00192	0.00195	T
1321	0.0016	0.00164	T
1322	0.00847	0.01463	A
1323	0.02464	0.02478	C
1324	0.00116	0.00128	T
1325	0.0047	0.00495	C
1326	0.00206	0.00208	G
1327	0.00157	0.0016	G
1328	0.01977	0.02652	A
1329	0.01336	0.01356	C
1330	0.00159	0.00182	T
1331	0.01305	0.0133	A
1332	0.01687	0.01691	C
1333	0.00788	0.00797	C
1334	0.00295	0.00298	C
1335	0.00275	0.00278	C
1336	0.00461	0.00489	G
1337	0.00431	0.00452	A
1338	0.00079	0.00095	T
1339	0.00293	0.00313	G
1340	0.00707	0.00729	C
1341	0.00461	0.00478	A
1342	0.00105	0.00118	T
1343	0.00445	0.00461	A
1344	0.00817	0.0083	C
1345	0.00715	0.00725	A
1346	0.00947	0.00952	C
1347	0.00779	0.00789	C
1348	0.00822	0.01008	A
1349	0.01334	0.01349	C
1350	0.00637	0.00722	A
1351	0.00141	0.00157	T
1352	0.00153	0.00173	G
1353	0.00892	0.00894	A
1354	0.00812	0.00815	A
1355	0.00788	0.0079	A
1356	0.01197	0.01296	C
1357	0.00735	0.00743	A
1358	0.00094	0.00108	T
1359	0.00404	0.00406	C
1360	0.0028	0.00283	C
1361	0.00096	0.00113	T
1362	0.00609	0.00625	A
1363	0.00095	0.00122	T
1364	0.0062	0.00639	C
1365	0.00686	0.00709	A
1366	0.00084	0.00095	T
1367	0.00613	0.00625	C
1368	0.0012	0.00125	T
1369	0.00294	0.00303	G
1370	0.00063	0.00073	T
1371	0.00247	0.0026	A
1372	0.0005	0.00051	G
1373	0.00178	0.00179	G
1374	0.00693	0.00724	C
1375	0.00087	0.00107	T
1376	0.00483	0.00496	C
1377	0.00397	0.00469	A
1378	0.00065	0.00066	T
1379	0.0009	0.00091	T
1380	0.00233	0.0025	C
1381	0.00418	0.00432	A
1382	0.00043	0.00045	T
1383	0.00053	0.00054	T
1384	0.0006	0.00061	T
1385	0.0023	0.00247	C
1386	0.00076	0.00086	T
1387	0.00249	0.00265	C
1388	0.00095	0.00106	T
1389	0.00366	0.00372	A
1390	0.00432	0.00436	A
1391	0.00486	0.00521	C
1392	0.00537	0.00548	A
1393	0.00262	0.00287	G
1394	0.00348	0.00357	C
1395	0.00524	0.00536	A
1396	0.00227	0.00232	G
1397	0.00096	0.00109	T
1398	0.00343	0.00344	A
1399	0.00308	0.00311	A
1400	0.00063	0.00071	T
1401	0.00362	0.00374	A
1402	0.00082	0.00082	T
1403	0.00079	0.00082	T
1404	0.0036	0.00364	A
1405	0.00461	0.00466	A
1406	0.00095	0.00108	T
1407	0.00376	0.00377	A
1408	0.00393	0.00575	A
1409	0.00049	0.0005	T
1410	0.00044	0.00045	T
1411	0.00065	0.00066	T
1412	0.00072	0.00073	T
1413	0.00513	0.00715	C
1414	0.02021	0.02036	A
1415	0.0021	0.00225	T
1416	0.00138	0.00153	G
1417	0.01847	0.01869	A
1418	0.0016	0.00163	T
1419	0.00187	0.00188	T
1420	0.00154	0.00157	T
1421	0.00108	0.0014	G
1422	0.03668	0.03689	A
1423	0.00244	0.00268	G
1424	0.00793	0.00794	A
1425	0.00905	0.00945	A
1426	0.00461	0.00481	G
1427	0.0112	0.01127	C
1428	0.01988	0.01989	C
1429	0.0014	0.00141	T
1430	0.00136	0.00136	T
1431	0.01279	0.01445	C
1432	0.00562	0.00572	G
1433	0.00295	0.00315	C
1434	0.00058	0.00061	T
1435	0.0009	0.00092	T
1436	0.0074	0.00848	C
1437	0.00284	0.00306	G
1438	0.02007	0.02012	A
1439	0.01229	0.01235	A
1440	0.00204	0.00226	G
1441	0.01028	0.01054	C
1442	0.00578	0.00592	G
1443	0.01171	0.01198	A
1444	0.01127	0.01129	A
1445	0.01856	0.01858	A
1446	0.0231	0.02312	A
1447	0.00375	0.00394	G
1448	0.00064	0.00071	T
1449	0.00313	0.00314	C
1450	0.00352	0.00353	C
1451	0.00095	0.00105	T
1452	0.0287	0.02906	A
1453	0.00862	0.00864	A
1454	0.00119	0.00127	T
1455	0.00714	0.00725	A
1456	0.00203	0.00214	G
1457	0.00117	0.00129	T
1458	0.02911	0.02929	A
1459	0.00166	0.00177	G
1460	0.02777	0.02778	A
1461	0.02776	0.02828	A
1462	0.00474	0.00568	G
1463	0.02598	0.02599	A
1464	0.03599	0.03699	A
1465	0.03841	0.03874	C
1466	0.00821	0.00823	C
1467	0.00082	0.00084	C
1468	0.0008	0.00091	T
1469	0.00176	0.00177	C
1470	0.00145	0.00147	C
1471	0.00474	0.00876	A
1472	0.00192	0.00247	T
1473	0.01709	0.01713	A
1474	0.01038	0.01043	A
1475	0.02123	0.02263	A
1476	0.04298	0.04323	C
1477	0.02429	0.02441	C
1478	0.00128	0.00138	T
1479	0.00182	0.00184	G
1480	0.00063	0.00065	G
1481	0.00397	0.0045	A
1482	0.00181	0.00191	G
1483	0.00098	0.00118	T
1484	0.00309	0.00322	G
1485	0.01273	0.013	A
1486	0.00426	0.00436	C
1487	0.00069	0.0008	T
1488	0.00429	0.00473	A
1489	0.00068	0.00081	T
1490	0.0223	0.02278	A
1491	0.00157	0.00172	T
1492	0.0012	0.00122	G
1493	0.00096	0.00099	G
1494	0.00468	0.00766	A
1495	0.00126	0.00139	T
1496	0.00442	0.00477	G
1497	0.00548	0.00555	C
1498	0.00367	0.00373	C
1499	0.00659	0.00669	C
1500	0.00907	0.00915	C
1501	0.01229	0.01236	C
1502	0.01099	0.01115	C
1503	0.01002	0.01915	A
1504	0.02391	0.02394	C
1505	0.01134	0.01136	C
1506	0.00987	0.01004	C
1507	0.00623	0.00692	T
1508	0.01441	0.01484	A
1509	0.01939	0.01941	C
1510	0.011	0.01103	C
1511	0.00569	0.02008	A
1512	0.02254	0.02304	C
1513	0.01286	0.0135	A
1514	0.01792	0.01826	C
1515	0.01443	0.01451	A
1516	0.00143	0.00143	T
1517	0.00235	0.00235	T
1518	0.00822	0.00867	C
1519	0.00316	0.00331	G
1520	0.00997	0.01002	A
1521	0.01422	0.01422	A
1522	0.00606	0.00623	G
1523	0.00923	0.00923	A
1524	0.00466	0.00469	A
1525	0.00399	0.004	C
1526	0.00235	0.00235	C
1527	0.00463	0.00463	C
1528	0.00303	0.00321	G
1529	0.00159	0.00172	T
1530	0.00745	0.00755	A
1531	0.00249	0.00255	T
1532	0.00328	0.00331	A
1533	0.00595	0.00599	C
1534	0.00797	0.00799	A
1535	0.00418	0.00439	T
1536	0.00685	0.00685	A
1537	0.00677	0.00677	A
1538	0.01236	0.01236	A
1539	0.0075	0.0075	A
1540	0.00954	0.01044	T
1541	0.03728	0.03742	C
1542	0.02329	0.02329	T
1543	0.00081	0.00081	A
1544	0.0	0.0	G
1545	0.0	0.0	A
