Position	Mismatches	Mismatches + Deletions	Base
1	0.0	0.0	A
2	0.0	0.0	T
3	0.0	0.0	G
4	0.0037	0.0037	G
5	0.008	0.008	C
6	0.01647	0.01651	A
7	0.01978	0.02144	C
8	0.00972	0.00977	A
9	0.0015	0.00152	T
10	0.00579	0.00611	G
11	0.01488	0.01577	C
12	0.00669	0.0072	A
13	0.00375	0.00396	G
14	0.02729	0.02763	C
15	0.00645	0.00667	G
16	0.02095	0.0222	C
17	0.00447	0.0045	A
18	0.00694	0.00696	A
19	0.00289	0.00309	G
20	0.0008	0.00094	T
21	0.00457	0.00474	A
22	0.00257	0.00258	G
23	0.00335	0.00337	G
24	0.00087	0.00101	T
25	0.00248	0.00263	C
26	0.00115	0.0013	T
27	0.0185	0.01881	A
28	0.03134	0.0316	C
29	0.01877	0.01878	A
30	0.01652	0.01734	A
31	0.00127	0.00143	G
32	0.01083	0.01099	A
33	0.00494	0.00507	C
34	0.00327	0.00336	G
35	0.00282	0.00301	C
36	0.0008	0.00094	T
37	0.00374	0.00389	A
38	0.00224	0.00253	C
39	0.0007	0.00072	T
40	0.00084	0.00086	T
41	0.01135	0.01136	C
42	0.0102	0.01023	C
43	0.01437	0.0144	C
44	0.01183	0.01185	C
45	0.00148	0.00169	T
46	0.0127	0.01293	A
47	0.00139	0.00239	T
48	0.01477	0.01498	C
49	0.01377	0.01423	A
50	0.00136	0.00149	T
51	0.01914	0.01998	A
52	0.00144	0.00158	G
53	0.01214	0.01215	A
54	0.01039	0.01071	A
55	0.00124	0.00139	G
56	0.01475	0.01503	A
57	0.00251	0.00264	G
58	0.01115	0.01149	C
59	0.00126	0.00129	T
60	0.00208	0.00211	T
61	0.00974	0.01431	A
62	0.00131	0.00204	T
63	0.018	0.01843	C
64	0.02648	0.02667	A
65	0.01791	0.01792	C
66	0.01153	0.01157	C
67	0.00094	0.00097	T
68	0.0013	0.00133	T
69	0.00116	0.00117	T
70	0.01287	0.0137	C
71	0.01473	0.01491	A
72	0.00081	0.00093	T
73	0.00253	0.00278	G
74	0.0049	0.0051	A
75	0.0007	0.00118	T
76	0.01641	0.01677	C
77	0.00864	0.00903	A
78	0.01568	0.01626	C
79	0.00319	0.00329	G
80	0.00587	0.00588	C
81	0.00225	0.00226	C
82	0.00626	0.0063	C
83	0.00098	0.00144	T
84	0.00683	0.00693	C
85	0.00511	0.00587	A
86	0.00111	0.00123	T
87	0.00808	0.00813	A
88	0.00838	0.00917	A
89	0.00294	0.00311	T
90	0.0104	0.01059	C
91	0.00858	0.00873	A
92	0.00104	0.00105	T
93	0.00071	0.00072	T
94	0.00097	0.00097	T
95	0.00084	0.00085	T
96	0.00723	0.00729	C
97	0.00752	0.00753	C
98	0.00116	0.00118	T
99	0.00145	0.00147	T
100	0.00493	0.01198	A
101	0.0011	0.00121	T
102	0.01172	0.01203	C
103	0.00108	0.00116	T
104	0.0029	0.00315	G
105	0.01017	0.01098	C
106	0.00093	0.00094	T
107	0.00103	0.00105	T
108	0.01026	0.01028	C
109	0.00889	0.00893	C
110	0.00152	0.00183	T
111	0.01005	0.01348	A
112	0.00189	0.00204	G
113	0.00124	0.0014	T
114	0.00767	0.00769	C
115	0.00646	0.00649	C
116	0.00184	0.00195	T
117	0.00379	0.00395	G
118	0.00127	0.00147	T
119	0.0069	0.00733	A
120	0.00133	0.0015	T
121	0.00314	0.00347	G
122	0.0096	0.0097	C
123	0.00496	0.00497	C
124	0.01137	0.01138	C
125	0.00144	0.00148	T
126	0.00091	0.00092	T
127	0.00087	0.00089	T
128	0.00066	0.00067	T
129	0.00448	0.00452	C
130	0.00354	0.00356	C
131	0.00174	0.00203	T
132	0.0077	0.00786	A
133	0.00739	0.00745	A
134	0.01268	0.01296	C
135	0.00712	0.00735	A
136	0.01009	0.01043	C
137	0.00183	0.00256	T
138	0.01013	0.01032	C
139	0.00961	0.01024	A
140	0.02117	0.02216	C
141	0.01443	0.01456	A
142	0.01388	0.0141	A
143	0.02777	0.02876	C
144	0.01457	0.01462	A
145	0.011	0.01102	A
146	0.01682	0.01683	A
147	0.01733	0.01738	A
148	0.02331	0.03391	C
149	0.00275	0.00302	T
150	0.02036	0.02042	A
151	0.01948	0.0199	A
152	0.03351	0.03468	C
153	0.00269	0.00286	T
154	0.01742	0.01759	A
155	0.01711	0.01745	A
156	0.00251	0.00269	T
157	0.02592	0.0261	A
158	0.03581	0.03711	C
159	0.00244	0.00292	T
160	0.0249	0.02499	A
161	0.02498	0.02573	A
162	0.03454	0.03534	C
163	0.02267	0.0238	A
164	0.00192	0.00227	T
165	0.02255	0.02275	C
166	0.00137	0.00202	T
167	0.00625	0.00639	C
168	0.00618	0.00674	A
169	0.00169	0.0019	G
170	0.00481	0.00496	A
171	0.00478	0.00494	C
172	0.00705	0.00727	G
173	0.02538	0.02566	C
174	0.00168	0.00261	T
175	0.01483	0.01498	C
176	0.0225	0.02309	A
177	0.00134	0.00136	G
178	0.00472	0.00475	G
179	0.00783	0.00786	A
180	0.02252	0.02259	A
181	0.02066	0.02083	A
182	0.00243	0.00272	T
183	0.02507	0.02531	A
184	0.00244	0.00262	G
185	0.01768	0.01768	A
186	0.01806	0.01807	A
187	0.02133	0.02164	A
188	0.04671	0.04706	C
189	0.00416	0.00418	C
190	0.00412	0.00434	G
191	0.00062	0.0007	T
192	0.00269	0.00277	C
193	0.00076	0.00084	T
194	0.00288	0.00313	G
195	0.01184	0.0119	A
196	0.02703	0.02707	A
197	0.03533	0.03601	C
198	0.00169	0.00179	T
199	0.02064	0.02104	A
200	0.0017	0.00177	T
201	0.02196	0.022	C
202	0.00753	0.0076	C
203	0.00227	0.00253	T
204	0.00452	0.00479	G
205	0.00867	0.00869	C
206	0.01296	0.01301	C
207	0.01688	0.01693	C
208	0.00574	0.00606	G
209	0.003	0.00301	C
210	0.00129	0.00132	C
211	0.00941	0.0123	A
212	0.00124	0.00287	T
213	0.00894	0.00924	C
214	0.01666	0.01903	A
215	0.00173	0.0019	T
216	0.01668	0.01679	C
217	0.01485	0.01506	C
218	0.00172	0.002	T
219	0.01743	0.02147	A
220	0.00202	0.00218	G
221	0.00126	0.00141	T
222	0.0046	0.00463	C
223	0.00921	0.00924	C
224	0.00153	0.00187	T
225	0.01735	0.01777	C
226	0.01518	0.01795	A
227	0.00179	0.00209	T
228	0.01524	0.01561	C
229	0.00608	0.00631	G
230	0.00944	0.00946	C
231	0.00336	0.00337	C
232	0.00856	0.00862	C
233	0.00145	0.00187	T
234	0.01092	0.01093	C
235	0.01136	0.01136	C
236	0.00815	0.00829	C
237	0.00953	0.01289	A
238	0.00141	0.00175	T
239	0.00862	0.00865	C
240	0.00567	0.00569	C
241	0.00596	0.00599	C
242	0.00171	0.00203	T
243	0.0085	0.00891	A
244	0.01162	0.01188	C
245	0.00478	0.00568	G
246	0.00567	0.0079	C
247	0.00596	0.00644	A
248	0.00114	0.00132	T
249	0.00849	0.00851	C
250	0.00863	0.00867	C
251	0.00163	0.00167	T
252	0.00238	0.0024	T
253	0.00207	0.00211	T
254	0.01585	0.01787	A
255	0.03262	0.03285	C
256	0.0203	0.02058	A
257	0.00243	0.00284	T
258	0.02334	0.02335	A
259	0.01998	0.0209	A
260	0.03112	0.03158	C
261	0.01891	0.01936	A
262	0.00239	0.00251	G
263	0.01854	0.01872	A
264	0.02304	0.02332	C
265	0.00247	0.00261	G
266	0.01164	0.01188	A
267	0.00479	0.00481	G
268	0.0028	0.00284	G
269	0.00099	0.00167	T
270	0.00906	0.00937	C
271	0.01653	0.01657	A
272	0.02445	0.02452	A
273	0.0212	0.0216	C
274	0.00491	0.00514	G
275	0.01945	0.0201	A
276	0.00103	0.0012	T
277	0.01321	0.01324	C
278	0.00583	0.00587	C
279	0.00562	0.00567	C
280	0.0013	0.00176	T
281	0.00602	0.00605	C
282	0.00928	0.0093	C
283	0.00743	0.00755	C
284	0.00155	0.0016	T
285	0.00152	0.00157	T
286	0.00519	0.01014	A
287	0.01511	0.01514	C
288	0.00865	0.00874	C
289	0.01297	0.01598	A
290	0.00172	0.00191	T
291	0.02257	0.0228	C
292	0.01179	0.01191	A
293	0.01793	0.01843	A
294	0.01975	0.02014	A
295	0.00183	0.00233	T
296	0.02553	0.02579	C
297	0.01706	0.01717	A
298	0.01904	0.01961	A
299	0.00711	0.00714	T
300	0.00666	0.00669	T
301	0.00273	0.00276	G
302	0.00246	0.00247	G
303	0.00874	0.00876	C
304	0.00314	0.00321	C
305	0.01306	0.01872	A
306	0.02225	0.02226	C
307	0.01479	0.01496	C
308	0.01384	0.01387	A
309	0.01716	0.0176	A
310	0.00155	0.00169	T
311	0.00294	0.00297	G
312	0.00281	0.00283	G
313	0.00084	0.00102	T
314	0.0109	0.01111	A
315	0.01619	0.01638	C
316	0.00164	0.00179	T
317	0.00414	0.00451	G
318	0.01874	0.01895	A
319	0.01533	0.01542	A
320	0.02336	0.02341	C
321	0.01212	0.01225	C
322	0.00193	0.00218	T
323	0.02179	0.02203	A
324	0.03494	0.03511	C
325	0.00159	0.00172	G
326	0.01041	0.01072	A
327	0.00474	0.00491	G
328	0.0013	0.00149	T
329	0.00861	0.00892	A
330	0.00949	0.0098	C
331	0.02161	0.0218	A
332	0.02388	0.02391	C
333	0.0163	0.01639	C
334	0.00383	0.00442	G
335	0.02867	0.02893	A
336	0.02118	0.02145	C
337	0.00164	0.00184	T
338	0.01976	0.02124	A
339	0.02242	0.02264	C
340	0.0026	0.00265	G
341	0.00232	0.00236	G
342	0.00532	0.00552	C
343	0.00522	0.00524	G
344	0.0018	0.00188	G
345	0.01127	0.01445	A
346	0.00798	0.00823	C
347	0.00134	0.00152	T
348	0.01346	0.01357	A
349	0.01383	0.01394	A
350	0.00122	0.00142	T
351	0.01888	0.01912	C
352	0.00156	0.00157	T
353	0.0015	0.00156	T
354	0.01715	0.01801	C
355	0.01656	0.01679	A
356	0.01902	0.01915	A
357	0.02271	0.02459	C
358	0.00172	0.00189	T
359	0.01437	0.01438	C
360	0.00865	0.00915	C
361	0.00177	0.00204	T
362	0.02148	0.02214	A
363	0.01767	0.01789	C
364	0.01276	0.01337	A
365	0.0013	0.00152	T
366	0.01218	0.01243	A
367	0.01162	0.01222	C
368	0.00135	0.00137	T
369	0.00209	0.00212	T
370	0.00445	0.00449	C
371	0.00379	0.00383	C
372	0.01022	0.01025	C
373	0.01381	0.01383	C
374	0.02233	0.02236	C
375	0.00905	0.01365	A
376	0.00175	0.00179	T
377	0.00174	0.0018	T
378	0.0094	0.01692	A
379	0.00187	0.00189	T
380	0.00158	0.00161	T
381	0.02047	0.02057	C
382	0.01347	0.0135	C
383	0.00197	0.0021	T
384	0.01987	0.02027	A
385	0.00287	0.00333	G
386	0.02011	0.02014	A
387	0.02478	0.02501	A
388	0.03943	0.0396	C
389	0.02129	0.02132	C
390	0.01585	0.02105	A
391	0.00122	0.00125	G
392	0.00198	0.00202	G
393	0.0145	0.01471	C
394	0.00463	0.0048	G
395	0.0178	0.01882	A
396	0.02333	0.02337	C
397	0.01482	0.01494	C
398	0.00248	0.00271	T
399	0.0014	0.00161	G
400	0.03037	0.03066	C
401	0.00412	0.00433	G
402	0.02173	0.02287	A
403	0.01268	0.0129	C
404	0.00126	0.00138	T
405	0.03259	0.03261	C
406	0.02295	0.02323	C
407	0.0021	0.00212	T
408	0.00196	0.002	T
409	0.00113	0.00133	G
410	0.01888	0.019	A
411	0.01357	0.0137	C
412	0.00421	0.00429	G
413	0.00141	0.00145	T
414	0.0012	0.00122	T
415	0.00175	0.00191	G
416	0.02378	0.02404	A
417	0.01548	0.01575	C
418	0.02203	0.02206	A
419	0.02005	0.02057	A
420	0.00142	0.00159	T
421	0.01584	0.01603	C
422	0.0034	0.00353	G
423	0.01737	0.01764	A
424	0.00459	0.00472	G
425	0.00108	0.00125	T
426	0.01657	0.0169	A
427	0.00456	0.00489	G
428	0.00137	0.00159	T
429	0.01515	0.01571	A
430	0.01499	0.01528	C
431	0.00078	0.00106	T
432	0.00398	0.004	C
433	0.01179	0.0118	C
434	0.00555	0.00556	C
435	0.00227	0.0027	G
436	0.01474	0.0149	A
437	0.00081	0.00084	T
438	0.00077	0.00079	T
439	0.0034	0.00363	G
440	0.02142	0.02149	A
441	0.01591	0.01607	A
442	0.00509	0.00536	G
443	0.0043	0.00436	C
444	0.00339	0.00343	C
445	0.00814	0.00816	C
446	0.00953	0.00955	C
447	0.01398	0.01401	C
448	0.01981	0.02094	A
449	0.00197	0.002	T
450	0.00158	0.0016	T
451	0.02173	0.02228	C
452	0.00293	0.00309	G
453	0.00149	0.00173	T
454	0.01254	0.01302	A
455	0.00164	0.0019	T
456	0.02237	0.02254	A
457	0.0179	0.02069	A
458	0.00221	0.00241	T
459	0.02081	0.02085	A
460	0.01785	0.02027	A
461	0.00217	0.0022	T
462	0.00188	0.00193	T
463	0.00791	0.01823	A
464	0.0229	0.02338	C
465	0.02355	0.0238	A
466	0.00212	0.00276	T
467	0.02683	0.02749	C
468	0.02388	0.02434	A
469	0.03359	0.03455	C
470	0.02121	0.02129	A
471	0.01282	0.01367	A
472	0.00148	0.00176	G
473	0.01034	0.01049	A
474	0.00534	0.00549	C
475	0.00317	0.00331	G
476	0.00071	0.00083	T
477	0.00179	0.0019	C
478	0.00104	0.00105	T
479	0.00094	0.00095	T
480	0.00226	0.00283	G
481	0.01131	0.01169	C
482	0.01204	0.01237	A
483	0.00981	0.00997	C
484	0.00109	0.00202	T
485	0.00865	0.00887	C
486	0.00951	0.01117	A
487	0.00124	0.00143	T
488	0.00157	0.00174	G
489	0.00992	0.01009	A
490	0.00196	0.00207	G
491	0.003	0.00313	C
492	0.00095	0.00108	T
493	0.00484	0.00507	G
494	0.00118	0.00138	T
495	0.00343	0.00347	C
496	0.00371	0.00374	C
497	0.01926	0.01928	C
498	0.01696	0.01701	C
499	0.00762	0.00896	A
500	0.0187	0.01889	C
501	0.01312	0.01365	A
502	0.005	0.00504	T
503	0.00337	0.00339	T
504	0.01245	0.0191	A
505	0.00101	0.00105	G
506	0.0011	0.00113	G
507	0.02077	0.02143	C
508	0.00136	0.00139	T
509	0.00171	0.00177	T
510	0.00285	0.00293	A
511	0.01473	0.01477	A
512	0.00861	0.00863	A
513	0.02042	0.02043	A
514	0.02077	0.02078	A
515	0.02996	0.03228	C
516	0.02061	0.02196	A
517	0.00373	0.00392	G
518	0.01634	0.01665	A
519	0.00127	0.00135	T
520	0.00279	0.00296	G
521	0.02024	0.02046	C
522	0.01646	0.0165	A
523	0.01926	0.01952	A
524	0.0013	0.00132	T
525	0.00184	0.00187	T
526	0.0153	0.01532	C
527	0.01833	0.01835	C
528	0.02793	0.02794	C
529	0.00267	0.00273	G
530	0.00153	0.00157	G
531	0.00879	0.01022	A
532	0.00327	0.00345	C
533	0.00542	0.00555	G
534	0.00115	0.0013	T
535	0.00582	0.00599	C
536	0.00116	0.00161	T
537	0.00296	0.00311	A
538	0.01159	0.01168	A
539	0.01439	0.01444	A
540	0.02016	0.02023	C
541	0.00917	0.00926	C
542	0.00796	0.00812	A
543	0.01465	0.01506	A
544	0.02229	0.02232	A
545	0.02533	0.02555	C
546	0.01484	0.01504	C
547	0.0121	0.01889	A
548	0.02823	0.02873	C
549	0.00138	0.00145	T
550	0.00223	0.00227	T
551	0.00379	0.00384	T
552	0.02139	0.02292	C
553	0.0239	0.02468	A
554	0.02916	0.02917	C
555	0.02492	0.02515	C
556	0.00547	0.00609	G
557	0.02247	0.02311	C
558	0.00249	0.00288	T
559	0.0274	0.02832	A
560	0.03537	0.03586	C
561	0.03314	0.03412	A
562	0.02984	0.03046	C
563	0.00274	0.0033	G
564	0.01888	0.01941	A
565	0.0272	0.02725	C
566	0.01316	0.01337	C
567	0.00408	0.00413	G
568	0.00114	0.0012	G
569	0.00197	0.002	G
570	0.00298	0.00302	G
571	0.0052	0.00522	G
572	0.00101	0.0013	T
573	0.01338	0.01363	A
574	0.0015	0.00171	T
575	0.01866	0.01881	A
576	0.00802	0.00829	C
577	0.00085	0.00109	T
578	0.01536	0.01568	A
579	0.01867	0.01895	C
580	0.00522	0.00528	G
581	0.00293	0.00297	G
582	0.00059	0.00096	T
583	0.00441	0.00474	C
584	0.01217	0.01225	A
585	0.00881	0.0089	A
586	0.00101	0.00118	T
587	0.00325	0.00342	G
588	0.02312	0.02336	C
589	0.00095	0.0011	T
590	0.01854	0.01874	C
591	0.00129	0.00145	T
592	0.00291	0.00314	G
593	0.00383	0.0039	A
594	0.00589	0.00595	A
595	0.00652	0.00654	A
596	0.00218	0.00253	T
597	0.00548	0.00567	C
598	0.00092	0.00103	T
599	0.00383	0.00397	G
600	0.00068	0.00084	T
601	0.00313	0.00314	G
602	0.00149	0.00155	G
603	0.05041	0.06484	A
604	0.00695	0.00743	G
605	0.04533	0.05092	C
606	0.01215	0.01223	A
607	0.026	0.02631	A
608	0.03815	0.03822	A
609	0.00259	0.00264	C
610	0.00113	0.00117	C
611	0.00371	0.00509	A
612	0.00187	0.00205	C
613	0.00337	0.00392	A
614	0.00442	0.00459	G
615	0.00048	0.00051	T
616	0.00048	0.0005	T
617	0.00041	0.00043	T
618	0.00347	0.00378	C
619	0.01633	0.01714	A
620	0.00201	0.00219	T
621	0.00221	0.00256	G
622	0.01446	0.01451	C
623	0.01563	0.01566	C
624	0.01129	0.01134	C
625	0.01729	0.02099	A
626	0.00105	0.00123	T
627	0.01476	0.01491	C
628	0.00308	0.00327	G
629	0.00077	0.00092	T
630	0.00285	0.00287	C
631	0.00407	0.00409	C
632	0.00091	0.00105	T
633	0.01289	0.01337	A
634	0.00132	0.00148	G
635	0.02031	0.02041	A
636	0.0145	0.01468	A
637	0.00118	0.00129	T
638	0.00131	0.00137	T
639	0.01099	0.01108	A
640	0.02333	0.02373	A
641	0.00225	0.0023	T
642	0.00328	0.00334	T
643	0.00785	0.00815	C
644	0.00958	0.00963	C
645	0.01365	0.0137	C
646	0.0168	0.01682	C
647	0.00332	0.00387	T
648	0.00178	0.00195	A
649	0.01876	0.01904	A
650	0.01495	0.01505	A
651	0.02471	0.02476	A
652	0.02227	0.0223	A
653	0.00198	0.00218	T
654	0.02276	0.02292	C
655	0.00197	0.00198	T
656	0.00181	0.00181	T
657	0.00142	0.00142	T
658	0.00193	0.00215	G
659	0.00712	0.00712	A
660	0.02068	0.0207	A
661	0.01871	0.01872	A
662	0.00585	0.00605	T
663	0.02794	0.02848	A
664	0.00573	0.00574	G
665	0.00261	0.00261	G
666	0.00222	0.00222	G
667	0.02006	0.02009	C
668	0.01513	0.01514	C
669	0.01576	0.01576	C
670	0.00354	0.00392	G
671	0.00321	0.00334	T
672	0.01188	0.01193	A
673	0.0017	0.0017	T
674	0.00525	0.00525	T
675	0.00419	0.00419	T
676	0.02322	0.02515	A
677	0.00522	0.00522	C
678	0.00587	0.00587	C
679	0.00946	0.00946	C
680	0.00261	0.0027	T
681	0.01301	0.01301	A
682	0.00014	0.00014	T
683	0.0	0.0	A
684	0.0	0.0	G
