Position	Mismatches	Mismatches + Deletions	Base
1	0.0	0.0	A
2	0.0	0.0	T
3	0.0	0.0	T
4	0.01487	0.01487	A
5	0.01276	0.01276	A
6	0.00101	0.00186	T
7	0.01077	0.01769	C
8	0.00577	0.00591	C
9	0.0665	0.0665	C
10	0.026	0.026	C
11	0.00167	0.00194	T
12	0.0029	0.00293	G
13	0.0029	0.00292	G
14	0.01077	0.01079	C
15	0.00865	0.00865	C
16	0.01859	0.01866	C
17	0.01514	0.01577	A
18	0.02579	0.0259	A
19	0.02898	0.02906	C
20	0.02152	0.02168	C
21	0.02714	0.02732	C
22	0.00547	0.0066	G
23	0.00206	0.00292	T
24	0.01939	0.01976	C
25	0.02559	0.02652	A
26	0.00238	0.00273	T
27	0.02318	0.0235	C
28	0.00226	0.00245	T
29	0.02388	0.02526	A
30	0.03111	0.03163	C
31	0.00201	0.00213	T
32	0.02249	0.02401	C
33	0.0025	0.00291	T
34	0.04019	0.042	A
35	0.06438	0.06459	C
36	0.03445	0.03481	C
37	0.03087	0.03948	A
38	0.00242	0.00263	T
39	0.03372	0.03398	C
40	0.00202	0.00204	T
41	0.00241	0.00242	T
42	0.00236	0.00238	T
43	0.00243	0.00391	G
44	0.02311	0.02485	C
45	0.01312	0.0135	A
46	0.00223	0.00228	G
47	0.00656	0.00667	G
48	0.00463	0.00495	C
49	0.03333	0.03503	A
50	0.02535	0.0261	C
51	0.01704	0.01843	A
52	0.01442	0.01505	C
53	0.00189	0.00355	T
54	0.01819	0.01871	C
55	0.02773	0.03068	A
56	0.0029	0.00443	T
57	0.04911	0.05031	C
58	0.04787	0.05248	A
59	0.05442	0.05667	C
60	0.02866	0.03288	A
61	0.00506	0.00535	G
62	0.02005	0.0205	C
63	0.00673	0.00688	G
64	0.02771	0.02877	C
65	0.00274	0.0031	T
66	0.04333	0.04358	A
67	0.04851	0.04888	A
68	0.00344	0.00408	G
69	0.03207	0.03392	C
70	0.00216	0.00299	T
71	0.04078	0.04121	C
72	0.00596	0.00681	G
73	0.00835	0.00859	C
74	0.03127	0.03167	A
75	0.04208	0.04243	C
76	0.0034	0.0035	T
77	0.00322	0.00338	G
78	0.00639	0.00651	A
79	0.00044	0.00045	T
80	0.00086	0.00087	T
81	0.00207	0.00208	T
82	0.00311	0.00313	T
83	0.00331	0.00333	T
84	0.00278	0.00279	T
85	0.05022	0.05963	A
86	0.07014	0.07022	C
87	0.03874	0.03887	C
88	0.00194	0.00222	T
89	0.00262	0.00271	G
90	0.01437	0.01458	A
91	0.00387	0.00398	G
92	0.00126	0.0016	T
93	0.0232	0.02493	A
94	0.00199	0.00202	G
95	0.00223	0.00229	G
96	0.02608	0.02617	C
97	0.00931	0.00946	C
98	0.00175	0.00194	T
99	0.03657	0.03703	A
100	0.00357	0.00384	G
101	0.01924	0.01938	A
102	0.02885	0.02902	A
103	0.02357	0.02373	A
104	0.00311	0.00382	T
105	0.03263	0.03265	A
106	0.02934	0.02937	A
107	0.03939	0.04011	A
108	0.04391	0.04884	C
109	0.02245	0.02275	A
110	0.00163	0.00174	T
111	0.00378	0.0039	G
112	0.01152	0.01194	C
113	0.00104	0.0012	T
114	0.0088	0.00912	A
115	0.00226	0.00238	G
116	0.00998	0.01026	C
117	0.00084	0.00088	T
118	0.00085	0.00087	T
119	0.00123	0.00125	T
120	0.00131	0.00148	T
121	0.0121	0.01932	A
122	0.00133	0.00134	T
123	0.00176	0.00186	T
124	0.01511	0.01568	C
125	0.02066	0.02102	C
126	0.02123	0.03041	A
127	0.00487	0.00519	G
128	0.00241	0.00252	T
129	0.00239	0.00262	T
130	0.02509	0.02896	C
131	0.00471	0.00625	T
132	0.02834	0.03006	A
133	0.03141	0.03194	A
134	0.04171	0.04183	C
135	0.0473	0.05015	C
136	0.0014	0.00183	A
137	0.00071	0.00085	A
138	0.00126	0.00149	A
139	0.02788	0.02806	A
140	0.01397	0.01402	A
141	0.01995	0.02004	A
142	0.01687	0.01708	A
143	0.01856	0.02105	T
144	0.0225	0.02252	A
145	0.02329	0.02331	A
146	0.03389	0.03472	A
147	0.03581	0.03683	C
148	0.02043	0.02049	C
149	0.02481	0.02489	C
150	0.00224	0.00249	T
151	0.03481	0.03499	C
152	0.00521	0.00596	G
153	0.0022	0.00225	T
154	0.00183	0.0019	T
155	0.02619	0.02625	C
156	0.02884	0.029	C
157	0.03367	0.04868	A
158	0.03763	0.03807	C
159	0.01849	0.02121	A
160	0.00396	0.00434	G
161	0.01832	0.01835	A
162	0.01365	0.01424	A
163	0.00321	0.00349	G
164	0.00875	0.01015	C
165	0.00108	0.00117	T
166	0.00305	0.00316	G
167	0.01276	0.01279	C
168	0.00557	0.00564	C
169	0.0192	0.02346	A
170	0.00193	0.0024	T
171	0.03125	0.03142	C
172	0.02597	0.02601	A
173	0.03438	0.03491	A
174	0.00298	0.00363	G
175	0.00215	0.00227	T
176	0.02476	0.02523	A
177	0.00116	0.00117	T
178	0.00186	0.00187	T
179	0.00157	0.00159	T
180	0.02016	0.02023	C
181	0.02053	0.02064	C
182	0.00285	0.00897	T
183	0.03344	0.0344	C
184	0.02286	0.02956	A
185	0.04841	0.049	C
186	0.00674	0.00793	G
187	0.02113	0.02582	C
188	0.02002	0.02014	A
189	0.02617	0.02627	A
190	0.00524	0.0068	G
191	0.01729	0.01976	C
192	0.0175	0.0176	A
193	0.02931	0.02952	A
194	0.02245	0.02258	C
195	0.01121	0.01141	C
196	0.00716	0.0102	G
197	0.00737	0.0098	C
198	0.01168	0.01504	A
199	0.00142	0.00159	T
200	0.01312	0.01315	C
201	0.01587	0.01597	C
202	0.01347	0.02071	A
203	0.00264	0.00283	T
204	0.02047	0.02059	A
205	0.02045	0.02357	A
206	0.00183	0.002	T
207	0.02578	0.02622	C
208	0.01837	0.01848	C
209	0.00167	0.00169	T
210	0.00199	0.00202	T
211	0.01817	0.02329	C
212	0.00198	0.00212	T
213	0.02275	0.02352	A
214	0.01751	0.01787	A
215	0.00173	0.00192	T
216	0.01629	0.01661	A
217	0.00271	0.00292	G
218	0.01059	0.01103	C
219	0.00091	0.00108	T
220	0.00928	0.00964	A
221	0.00089	0.00102	T
222	0.01205	0.01213	C
223	0.00896	0.00911	C
224	0.00121	0.00144	T
225	0.0178	0.01817	C
226	0.00195	0.00197	T
227	0.00165	0.0017	T
228	0.01889	0.01973	C
229	0.02814	0.02838	A
230	0.03059	0.03068	A
231	0.03982	0.04085	C
232	0.02614	0.02619	A
233	0.0208	0.02106	A
234	0.0023	0.00254	T
235	0.02474	0.02519	A
236	0.00202	0.00245	T
237	0.02805	0.02838	A
238	0.02517	0.02609	C
239	0.00147	0.00166	T
240	0.01392	0.01452	C
241	0.00229	0.00252	T
242	0.02175	0.02176	C
243	0.01934	0.01944	C
244	0.00394	0.004	G
245	0.00251	0.00257	G
246	0.01443	0.02042	A
247	0.02902	0.0294	C
248	0.02029	0.02037	A
249	0.02259	0.02316	A
250	0.00246	0.00265	T
251	0.00255	0.00318	G
252	0.01737	0.01744	A
253	0.01881	0.01893	A
254	0.02255	0.02267	C
255	0.0121	0.01217	C
256	0.00813	0.01924	A
257	0.0018	0.00246	T
258	0.01712	0.01714	A
259	0.02902	0.03009	A
260	0.02858	0.02882	C
261	0.01221	0.01227	C
262	0.01102	0.01106	A
263	0.01237	0.01277	A
264	0.00193	0.00209	T
265	0.01715	0.01733	A
266	0.01838	0.01924	C
267	0.00229	0.00275	T
268	0.01811	0.01843	A
269	0.01798	0.01824	C
270	0.01211	0.0122	C
271	0.00824	0.00828	A
272	0.01082	0.01103	A
273	0.00177	0.00228	T
274	0.01334	0.01357	C
275	0.01809	0.0183	A
276	0.01283	0.01359	A
277	0.00219	0.00234	T
278	0.0133	0.01398	A
279	0.02226	0.02293	C
280	0.00227	0.0032	T
281	0.01686	0.01755	C
282	0.01914	0.02224	A
283	0.00282	0.00425	T
284	0.03518	0.03552	C
285	0.02731	0.0283	A
286	0.00355	0.00356	T
287	0.00357	0.00365	T
288	0.02658	0.02705	A
289	0.03173	0.03195	A
290	0.00358	0.00378	T
291	0.03556	0.03559	A
292	0.03291	0.03862	A
293	0.00307	0.00627	T
294	0.04578	0.04723	C
295	0.03519	0.0368	A
296	0.00305	0.00327	T
297	0.04143	0.04147	A
298	0.03018	0.03627	A
299	0.00239	0.00272	T
300	0.04209	0.04436	A
301	0.00342	0.00361	G
302	0.00553	0.00581	C
303	0.00125	0.00144	T
304	0.01254	0.01545	A
305	0.00145	0.00162	T
306	0.0194	0.01976	A
307	0.0037	0.00449	G
308	0.02373	0.02439	C
309	0.05693	0.05701	A
310	0.03977	0.04036	A
311	0.00393	0.00448	T
312	0.0361	0.03618	A
313	0.02009	0.02011	A
314	0.03729	0.0373	A
315	0.0479	0.04918	A
316	0.04453	0.0615	C
317	0.0026	0.00273	T
318	0.02735	0.02796	A
319	0.00195	0.00202	G
320	0.00403	0.00406	G
321	0.0243	0.02435	A
322	0.02706	0.0273	A
323	0.00293	0.00331	T
324	0.03236	0.03336	A
325	0.00571	0.00633	G
326	0.01371	0.01398	C
327	0.01323	0.01329	C
328	0.03554	0.03556	C
329	0.03191	0.03192	C
330	0.04153	0.04154	C
331	0.00201	0.00217	T
332	0.00301	0.00311	T
333	0.003	0.00307	T
334	0.04582	0.04857	C
335	0.03845	0.03922	A
336	0.05034	0.05109	C
337	0.00225	0.00232	T
338	0.00235	0.00239	T
339	0.02522	0.03005	C
340	0.00273	0.00288	T
341	0.00298	0.00363	G
342	0.07138	0.07323	A
343	0.0052	0.0054	G
344	0.00289	0.00324	T
345	0.04979	0.04987	C
346	0.03989	0.03994	C
347	0.01414	0.01417	C
348	0.00638	0.01105	A
349	0.00168	0.00184	G
350	0.00935	0.00963	A
351	0.00353	0.00358	G
352	0.00448	0.00453	G
353	0.0022	0.00229	T
354	0.00279	0.00289	T
355	0.02409	0.05232	A
356	0.06252	0.06263	C
357	0.03438	0.03445	C
358	0.03972	0.03982	C
359	0.03645	0.03669	A
360	0.04663	0.04686	A
361	0.00362	0.00381	G
362	0.00518	0.00568	G
363	0.02788	0.02924	C
364	0.05425	0.05895	A
365	0.05307	0.05347	C
366	0.04577	0.04582	C
367	0.01144	0.01147	C
368	0.01686	0.01695	C
369	0.00176	0.00209	T
370	0.02085	0.02109	C
371	0.00234	0.00255	T
372	0.00304	0.00344	G
373	0.05112	0.05152	A
374	0.0482	0.04909	C
375	0.0411	0.04219	A
376	0.00265	0.00287	T
377	0.04107	0.04119	C
378	0.03694	0.03714	C
379	0.00382	0.00386	G
380	0.00332	0.00334	G
381	0.00964	0.00965	C
382	0.00518	0.00524	C
383	0.00111	0.00124	T
384	0.00385	0.00401	G
385	0.00762	0.00785	C
386	0.00107	0.00108	T
387	0.00148	0.0015	T
388	0.0219	0.02822	C
389	0.00191	0.00192	T
390	0.00229	0.00236	T
391	0.02594	0.02872	C
392	0.00264	0.00393	T
393	0.03624	0.03726	C
394	0.02971	0.03135	A
395	0.06899	0.07	C
396	0.03873	0.04006	A
397	0.0053	0.00572	T
398	0.0038	0.00439	G
399	0.04294	0.0434	A
400	0.06722	0.07096	C
401	0.01317	0.01324	A
402	0.022	0.02233	A
403	0.01466	0.01476	A
404	0.02363	0.02368	A
405	0.02894	0.02901	A
406	0.02475	0.02971	C
407	0.00308	0.00344	T
408	0.02279	0.02431	A
409	0.00427	0.00494	G
410	0.01075	0.01081	C
411	0.00415	0.0042	C
412	0.01376	0.01382	C
413	0.0165	0.01653	C
414	0.01876	0.01879	C
415	0.01225	0.01648	A
416	0.00176	0.0021	T
417	0.0169	0.01707	C
418	0.00222	0.00298	T
419	0.02365	0.02395	C
420	0.02097	0.02164	A
421	0.02467	0.02483	A
422	0.00282	0.00369	T
423	0.03765	0.03845	C
424	0.02566	0.02688	A
425	0.00302	0.00324	T
426	0.03001	0.03235	A
427	0.00324	0.00409	T
428	0.04571	0.04618	A
429	0.05357	0.05406	C
430	0.02448	0.02473	C
431	0.01096	0.011	A
432	0.02203	0.0224	A
433	0.0227	0.02301	A
434	0.00195	0.00227	T
435	0.01779	0.01807	C
436	0.00173	0.00204	T
437	0.01341	0.01393	C
438	0.002	0.00258	T
439	0.01603	0.01606	C
440	0.01223	0.01223	C
441	0.02466	0.02501	C
442	0.00225	0.00398	T
443	0.02716	0.02753	C
444	0.02692	0.02877	A
445	0.03672	0.03733	C
446	0.00294	0.00336	T
447	0.01311	0.01329	A
448	0.0293	0.0298	A
449	0.03715	0.03724	A
450	0.04448	0.04688	C
451	0.00567	0.00586	G
452	0.00214	0.00293	T
453	0.02464	0.02473	A
454	0.02688	0.02702	A
455	0.00251	0.0028	G
456	0.01831	0.01835	C
457	0.00819	0.00821	C
458	0.00108	0.00111	T
459	0.00108	0.0011	T
460	0.00829	0.0112	C
461	0.00107	0.00158	T
462	0.00908	0.00909	C
463	0.00909	0.00933	C
464	0.00163	0.00294	T
465	0.01107	0.01151	C
466	0.0133	0.01514	A
467	0.02404	0.02462	C
468	0.00163	0.00175	T
469	0.01832	0.01881	C
470	0.00193	0.00233	T
471	0.02202	0.02238	C
472	0.00268	0.00407	T
473	0.02993	0.03031	C
474	0.02893	0.03024	A
475	0.02855	0.02879	A
476	0.00382	0.00444	T
477	0.04414	0.04444	C
478	0.00416	0.00418	T
479	0.003	0.00305	T
480	0.00618	0.02911	A
481	0.00269	0.00289	T
482	0.03408	0.03439	C
483	0.01776	0.01805	C
484	0.02819	0.03441	A
485	0.00276	0.00411	T
486	0.03949	0.03985	C
487	0.03784	0.04167	A
488	0.00279	0.00318	T
489	0.02694	0.02873	A
490	0.00722	0.00879	G
491	0.02448	0.02598	C
492	0.02876	0.02954	A
493	0.00163	0.00165	G
494	0.00249	0.00256	G
495	0.01644	0.01667	C
496	0.03281	0.03306	A
497	0.00578	0.00588	G
498	0.00162	0.00165	T
499	0.00128	0.00131	T
500	0.00254	0.00265	G
501	0.0194	0.01952	A
502	0.0054	0.00541	G
503	0.00313	0.00316	G
504	0.00164	0.00169	T
505	0.0031	0.0031	G
506	0.00286	0.00288	G
507	0.01299	0.0208	A
508	0.00175	0.00178	T
509	0.00208	0.0022	T
510	0.02037	0.02054	A
511	0.02463	0.02509	A
512	0.03708	0.03724	A
513	0.04361	0.04402	C
514	0.02189	0.02212	C
515	0.0162	0.01645	A
516	0.03025	0.03079	A
517	0.03786	0.03802	A
518	0.0442	0.04487	C
519	0.02882	0.02899	C
520	0.03353	0.03357	C
521	0.03045	0.04148	A
522	0.00372	0.00392	G
523	0.01651	0.01711	C
524	0.0019	0.00231	T
525	0.01901	0.01989	A
526	0.05137	0.05182	C
527	0.00658	0.00742	G
528	0.04577	0.04768	C
529	0.03108	0.03189	A
530	0.01929	0.01946	A
531	0.0366	0.03673	A
532	0.03966	0.03973	A
533	0.00236	0.00321	T
534	0.02598	0.02623	C
535	0.00228	0.0023	T
536	0.00177	0.00181	T
537	0.01347	0.02041	A
538	0.00608	0.00807	G
539	0.01107	0.01138	C
540	0.03818	0.03906	A
541	0.0022	0.00248	T
542	0.03186	0.0328	A
543	0.02958	0.03092	C
544	0.00151	0.00159	T
545	0.01179	0.01181	C
546	0.0123	0.01264	C
547	0.00163	0.00249	T
548	0.02328	0.02359	C
549	0.01661	0.01808	A
550	0.01871	0.0189	A
551	0.00304	0.00313	T
552	0.00243	0.0025	T
553	0.01204	0.03074	A
554	0.02883	0.02901	C
555	0.01683	0.01699	C
556	0.0273	0.02736	C
557	0.01978	0.02428	A
558	0.04741	0.04815	C
559	0.03062	0.03536	A
560	0.00187	0.0021	T
561	0.02028	0.02055	A
562	0.00136	0.0014	G
563	0.00148	0.00151	G
564	0.01089	0.01585	A
565	0.00127	0.00133	T
566	0.00184	0.00215	G
567	0.01737	0.01751	A
568	0.01204	0.01225	A
569	0.00153	0.00165	T
570	0.01491	0.01491	A
571	0.01418	0.01626	A
572	0.00176	0.00188	T
573	0.02208	0.02286	A
574	0.00271	0.00326	G
575	0.02702	0.02723	C
576	0.02453	0.0251	A
577	0.00556	0.00566	G
578	0.00116	0.0012	T
579	0.00121	0.00125	T
580	0.0158	0.01675	C
581	0.00184	0.00197	T
582	0.03941	0.04034	A
583	0.03317	0.03321	C
584	0.01451	0.01466	C
585	0.00526	0.0063	G
586	0.00196	0.00216	T
587	0.01324	0.01347	A
588	0.02215	0.02296	C
589	0.01457	0.01489	A
590	0.01737	0.01869	A
591	0.02181	0.02188	C
592	0.01368	0.01409	C
593	0.0133	0.01347	C
594	0.00211	0.00233	T
595	0.01521	0.01538	A
596	0.016	0.01612	A
597	0.02553	0.02581	C
598	0.01597	0.01706	A
599	0.00193	0.00281	T
600	0.01411	0.01413	A
601	0.01804	0.01934	A
602	0.02686	0.02714	C
603	0.01578	0.01599	C
604	0.02317	0.02533	A
605	0.00219	0.00222	T
606	0.00228	0.00232	T
607	0.02702	0.03112	C
608	0.00294	0.00299	T
609	0.00346	0.00357	T
610	0.0152	0.01564	A
611	0.02581	0.02624	A
612	0.00232	0.00237	T
613	0.00252	0.00261	T
614	0.00264	0.00267	T
615	0.02573	0.02612	A
616	0.03809	0.03853	A
617	0.03633	0.03754	C
618	0.00168	0.00174	T
619	0.02257	0.02374	A
620	0.00185	0.00193	T
621	0.00242	0.00244	T
622	0.00224	0.00228	T
623	0.01536	0.01897	A
624	0.00188	0.002	T
625	0.0288	0.03053	A
626	0.00218	0.00219	T
627	0.00188	0.00197	T
628	0.00832	0.02342	A
629	0.00163	0.00176	T
630	0.02427	0.02498	C
631	0.01345	0.01373	C
632	0.00231	0.00272	T
633	0.02744	0.02796	A
634	0.03774	0.03801	A
635	0.03611	0.03829	C
636	0.00193	0.00211	T
637	0.0279	0.02921	A
638	0.02502	0.02834	C
639	0.0031	0.00395	T
640	0.02831	0.03153	A
641	0.02455	0.0251	C
642	0.01611	0.01659	C
643	0.00599	0.00726	G
644	0.01764	0.01831	C
645	0.01806	0.01978	A
646	0.00146	0.00147	T
647	0.00117	0.00118	T
648	0.01055	0.01057	C
649	0.01144	0.01152	C
650	0.00225	0.00259	T
651	0.02312	0.02357	A
652	0.03586	0.03729	C
653	0.00234	0.00301	T
654	0.02484	0.02627	A
655	0.03444	0.03617	C
656	0.00286	0.00478	T
657	0.03244	0.034	C
658	0.03602	0.03717	A
659	0.03894	0.03907	A
660	0.05835	0.06005	C
661	0.00297	0.00309	T
662	0.00305	0.0031	T
663	0.01765	0.01781	A
664	0.03077	0.0309	A
665	0.04471	0.04487	A
666	0.03692	0.03903	C
667	0.0045	0.00482	T
668	0.02982	0.02989	C
669	0.02049	0.02075	C
670	0.02559	0.03567	A
671	0.0049	0.00625	G
672	0.02545	0.02615	C
673	0.02631	0.02709	A
674	0.0225	0.02255	C
675	0.01321	0.01355	C
676	0.0216	0.02765	A
677	0.03232	0.03328	C
678	0.00319	0.00358	G
679	0.02556	0.02616	A
680	0.01905	0.01906	C
681	0.01384	0.01404	C
682	0.01808	0.01819	C
683	0.00224	0.00257	T
684	0.0322	0.03278	A
685	0.03087	0.032	C
686	0.0021	0.00252	T
687	0.03235	0.03344	A
688	0.02467	0.02656	C
689	0.00172	0.0018	T
690	0.01902	0.02029	A
691	0.00184	0.00215	T
692	0.01723	0.01755	C
693	0.00295	0.00415	T
694	0.02118	0.02152	C
695	0.00782	0.00889	G
696	0.03302	0.03406	C
697	0.03676	0.03719	A
698	0.05388	0.05389	C
699	0.02395	0.02414	C
700	0.00345	0.00393	T
701	0.00391	0.00469	G
702	0.0324	0.03249	A
703	0.03315	0.03323	A
704	0.03143	0.03148	A
705	0.05916	0.06428	C
706	0.02873	0.02885	A
707	0.02715	0.02829	A
708	0.00412	0.00455	G
709	0.02033	0.02114	C
710	0.00225	0.00241	T
711	0.0241	0.02419	A
712	0.03154	0.03162	A
713	0.03725	0.03772	C
714	0.02744	0.02801	A
715	0.00266	0.00288	T
716	0.0022	0.00242	G
717	0.03999	0.04033	A
718	0.02857	0.02903	C
719	0.00279	0.00353	T
720	0.02451	0.02532	A
721	0.02397	0.02528	A
722	0.03713	0.03889	C
723	0.02635	0.02763	A
724	0.03624	0.03636	C
725	0.02476	0.02484	C
726	0.03595	0.03632	C
727	0.00268	0.00273	T
728	0.00337	0.00347	T
729	0.02623	0.02681	A
730	0.03726	0.03756	A
731	0.00268	0.00274	T
732	0.00263	0.00269	T
733	0.03844	0.0388	C
734	0.02839	0.02871	C
735	0.02805	0.03849	A
736	0.00347	0.00385	T
737	0.0393	0.03952	C
738	0.02875	0.03039	C
739	0.02786	0.04288	A
740	0.07853	0.07861	C
741	0.00739	0.00741	C
742	0.00658	0.007	C
743	0.00121	0.00152	T
744	0.00701	0.00701	C
745	0.00636	0.0066	C
746	0.00151	0.00275	T
747	0.0671	0.06879	C
748	0.00313	0.00512	T
749	0.05768	0.05769	C
750	0.05226	0.05226	C
751	0.05196	0.05309	C
752	0.00389	0.00416	T
753	0.02234	0.02327	A
754	0.00146	0.00153	G
755	0.00164	0.00174	G
756	0.00668	0.00794	A
757	0.00301	0.00308	G
758	0.00243	0.00252	G
759	0.1071	0.10731	C
760	0.02014	0.02032	C
761	0.00255	0.00289	T
762	0.00646	0.00698	G
763	0.01678	0.01683	C
764	0.00895	0.00901	C
765	0.0308	0.03085	C
766	0.03633	0.03637	C
767	0.04128	0.04132	C
768	0.0067	0.00773	G
769	0.04412	0.04572	C
770	0.00334	0.00373	T
771	0.04087	0.04156	A
772	0.04838	0.0486	A
773	0.08266	0.08296	C
774	0.05214	0.0529	C
775	0.00199	0.00201	G
776	0.0031	0.00313	G
777	0.02487	0.02507	C
778	0.00091	0.00095	T
779	0.00157	0.00159	T
780	0.00293	0.00295	T
781	0.00338	0.0034	T
782	0.00348	0.00349	T
783	0.0033	0.00395	G
784	0.00479	0.0048	C
785	0.00202	0.00203	C
786	0.02725	0.02728	C
787	0.00979	0.00985	A
788	0.03097	0.031	A
789	0.03195	0.03201	A
790	0.00319	0.00351	T
791	0.00179	0.0018	G
792	0.00153	0.00155	G
793	0.00274	0.00275	G
794	0.00688	0.0069	C
795	0.04487	0.0449	C
796	0.01163	0.01738	A
797	0.00181	0.00182	T
798	0.00181	0.00184	T
799	0.012	0.02474	A
800	0.00226	0.00245	T
801	0.02659	0.0272	C
802	0.00546	0.006	G
803	0.0328	0.03299	A
804	0.03714	0.03728	A
805	0.00533	0.00732	G
806	0.02855	0.02859	A
807	0.02767	0.02792	A
808	0.00339	0.00348	T
809	0.00383	0.00459	T
810	0.02908	0.03063	C
811	0.03681	0.03772	A
812	0.06278	0.07279	C
813	0.00172	0.00175	A
814	0.00897	0.00902	A
815	0.02829	0.0284	A
816	0.01775	0.01785	A
817	0.03013	0.03024	A
818	0.02215	0.02222	A
819	0.04492	0.05485	C
820	0.03173	0.03174	A
821	0.02926	0.02971	A
822	0.00379	0.00417	T
823	0.03391	0.03459	A
824	0.00387	0.00428	G
825	0.02415	0.02423	C
826	0.01001	0.01009	C
827	0.00169	0.00256	T
828	0.02316	0.02364	C
829	0.02558	0.02949	A
830	0.00235	0.00369	T
831	0.02059	0.02143	C
832	0.02223	0.02592	A
833	0.00296	0.00356	T
834	0.01746	0.01782	C
835	0.01677	0.01723	C
836	0.02236	0.02246	C
837	0.02707	0.02739	C
838	0.03531	0.0458	A
839	0.05099	0.05101	C
840	0.02086	0.02134	C
841	0.02804	0.03346	A
842	0.00252	0.00363	T
843	0.02883	0.02912	C
844	0.02899	0.03206	A
845	0.00339	0.00435	T
846	0.03104	0.03416	A
847	0.0044	0.00493	G
848	0.0247	0.02483	C
849	0.00945	0.00961	C
850	0.02593	0.03762	A
851	0.03679	0.03685	C
852	0.01491	0.01518	C
853	0.0175	0.02238	A
854	0.00341	0.00701	T
855	0.02029	0.02105	C
856	0.02782	0.0297	A
857	0.03029	0.03045	C
858	0.01754	0.01756	C
859	0.01986	0.02028	C
860	0.0019	0.00236	T
861	0.02182	0.02183	C
862	0.02092	0.02126	C
863	0.00212	0.0022	T
864	0.00278	0.00289	T
865	0.01063	0.01112	A
866	0.02893	0.02905	A
867	0.03896	0.03904	C
868	0.01809	0.01828	C
869	0.00217	0.00257	T
870	0.02556	0.02621	C
871	0.00233	0.00249	T
872	0.03545	0.03694	A
873	0.04072	0.04131	C
874	0.00174	0.00179	T
875	0.00199	0.00202	T
876	0.0163	0.01914	C
877	0.00234	0.00246	T
878	0.0319	0.03265	A
879	0.02997	0.03003	C
880	0.014	0.01472	C
881	0.00348	0.00412	T
882	0.02142	0.02729	A
883	0.04852	0.04948	C
884	0.0041	0.00462	G
885	0.0333	0.03331	C
886	0.01437	0.01448	C
887	0.00291	0.00316	T
888	0.02859	0.02909	A
889	0.03109	0.03147	A
890	0.00284	0.003	T
891	0.03029	0.03106	C
892	0.00236	0.00264	T
893	0.02395	0.02841	A
894	0.03312	0.03372	C
895	0.00212	0.00245	T
896	0.01252	0.01254	C
897	0.01435	0.01457	C
898	0.01853	0.02504	A
899	0.03158	0.03159	C
900	0.01831	0.01875	C
901	0.0022	0.0032	T
902	0.02589	0.02622	C
903	0.0206	0.0221	A
904	0.02746	0.02778	A
905	0.00333	0.00725	T
906	0.02894	0.02928	C
907	0.05217	0.05292	A
908	0.02459	0.02575	C
909	0.03128	0.03169	A
910	0.01472	0.01538	C
911	0.00146	0.00161	T
912	0.01392	0.01527	A
913	0.01125	0.01187	C
914	0.00206	0.00256	T
915	0.00822	0.00824	C
916	0.01264	0.01265	C
917	0.0294	0.0294	C
918	0.0326	0.03272	C
919	0.01695	0.02439	A
920	0.00248	0.00266	T
921	0.01819	0.01842	A
922	0.00283	0.00301	T
923	0.0269	0.02713	C
924	0.00327	0.00361	T
925	0.03067	0.03089	A
926	0.02735	0.02757	A
927	0.05138	0.05259	C
928	0.0292	0.02922	A
929	0.0285	0.0289	A
930	0.05305	0.05401	C
931	0.00734	0.00789	G
932	0.00283	0.00365	T
933	0.00145	0.00186	A
934	0.02463	0.02511	A
935	0.01738	0.01745	A
936	0.03002	0.03142	A
937	0.02481	0.0251	A
938	0.00456	0.006	T
939	0.02124	0.02125	A
940	0.01331	0.01331	A
941	0.02586	0.02586	A
942	0.02492	0.02629	A
943	0.00434	0.00487	T
944	0.00241	0.0028	G
945	0.03529	0.03551	A
946	0.04254	0.04276	C
947	0.0486	0.04875	A
948	0.00602	0.00619	G
949	0.00236	0.00239	T
950	0.00291	0.00296	T
951	0.00296	0.00296	T
952	0.00334	0.00444	G
953	0.04713	0.04726	A
954	0.04083	0.04093	A
955	0.05879	0.05952	C
956	0.04179	0.04297	A
957	0.0032	0.00377	T
958	0.03655	0.03687	A
959	0.05461	0.05664	C
960	0.03176	0.03178	A
961	0.0151	0.0151	A
962	0.02246	0.02247	A
963	0.03389	0.03418	A
964	0.03941	0.0417	C
965	0.03563	0.03586	C
966	0.02762	0.02789	C
967	0.02354	0.04104	A
968	0.04377	0.04386	C
969	0.0281	0.02813	C
970	0.03229	0.0323	C
971	0.0236	0.02374	C
972	0.0385	0.04063	A
973	0.00247	0.00262	T
974	0.00227	0.00231	T
975	0.02518	0.02525	C
976	0.01517	0.01539	C
977	0.0033	0.00427	T
978	0.01931	0.01933	C
979	0.01849	0.01851	C
980	0.02254	0.02255	C
981	0.0306	0.03086	C
982	0.02107	0.0423	A
983	0.04672	0.04845	C
984	0.03658	0.04073	A
985	0.03201	0.03322	C
986	0.00247	0.00377	T
987	0.01836	0.01887	C
988	0.0219	0.02394	A
989	0.00537	0.00612	T
990	0.03482	0.03579	C
991	0.00637	0.00684	G
992	0.02984	0.02985	C
993	0.0172	0.0172	C
994	0.02983	0.02989	C
995	0.00376	0.0038	T
996	0.00491	0.00508	T
997	0.02241	0.03575	A
998	0.05118	0.0513	C
999	0.03038	0.03078	C
1000	0.03495	0.04678	A
1001	0.0609	0.06155	C
1002	0.00452	0.00481	G
1003	0.02345	0.02382	C
1004	0.00203	0.00234	T
1005	0.01828	0.02035	A
1006	0.02823	0.02858	C
1007	0.00189	0.00197	T
1008	0.01319	0.01319	C
1009	0.01076	0.01175	C
1010	0.00168	0.00218	T
1011	0.03053	0.03159	A
1012	0.03276	0.03287	C
1013	0.01321	0.01382	C
1014	0.00186	0.00213	T
1015	0.01633	0.01734	A
1016	0.00254	0.00295	T
1017	0.01846	0.0191	C
1018	0.00424	0.00536	T
1019	0.00906	0.0092	C
1020	0.02108	0.02111	C
1021	0.02255	0.02255	C
1022	0.03447	0.0345	C
1023	0.00103	0.00109	T
1024	0.00264	0.00264	T
1025	0.0037	0.0037	T
1026	0.00234	0.00234	T
1027	0.02103	0.02596	A
1028	0.0035	0.00388	T
1029	0.01578	0.01646	A
1030	0.03216	0.03285	C
1031	0.00396	0.00456	T
1032	0.01603	0.01622	A
1033	0.02334	0.02348	A
1034	0.00428	0.00471	T
1035	0.01497	0.01497	A
1036	0.01801	0.01809	A
1037	0.0039	0.00424	T
1038	0.02709	0.02787	C
1039	0.00946	0.00946	T
1040	0.0017	0.0017	T
1041	0.00116	0.00116	A
1042	0.0	0.0	T
1043	0.0	0.0	A
1044	0.0	0.0	G
