Position	Mismatches	Mismatches + Deletions	Base
1	0.0	0.0	A
2	0.0	0.0	T
3	0.0	0.0	G
4	0.0056	0.0056	C
5	0.002	0.002	C
6	0.00255	0.00255	C
7	0.00627	0.00627	C
8	0.00101	0.00127	T
9	0.00878	0.00881	C
10	0.00358	0.00466	A
11	0.00102	0.00103	T
12	0.0013	0.0013	T
13	0.00166	0.00166	T
14	0.01093	0.01207	A
15	0.02033	0.02039	C
16	0.0108	0.01086	A
17	0.00146	0.00155	T
18	0.00875	0.00875	A
19	0.01207	0.01207	A
20	0.01096	0.01124	A
21	0.00157	0.0018	T
22	0.01217	0.01227	A
23	0.00119	0.0012	T
24	0.00105	0.00107	T
25	0.00434	0.00966	A
26	0.00109	0.00114	T
27	0.00887	0.00925	A
28	0.01056	0.01073	C
29	0.00098	0.00101	T
30	0.0077	0.00784	A
31	0.00122	0.00139	G
32	0.00953	0.00958	C
33	0.0072	0.00736	A
34	0.00082	0.00084	T
35	0.00086	0.00087	T
36	0.00103	0.00104	T
37	0.01198	0.01319	A
38	0.01443	0.01445	C
39	0.00805	0.00807	C
40	0.01063	0.01296	A
41	0.00125	0.00141	T
42	0.01235	0.01241	C
43	0.0015	0.00228	T
44	0.01322	0.0133	C
45	0.01264	0.01289	A
46	0.01113	0.01125	C
47	0.00071	0.00071	T
48	0.00069	0.0007	T
49	0.00471	0.00548	C
50	0.00072	0.00074	T
51	0.00574	0.0059	A
52	0.00043	0.00044	G
53	0.00091	0.00092	G
54	0.00753	0.00754	A
55	0.00503	0.00506	A
56	0.00111	0.00123	T
57	0.00668	0.00702	A
58	0.00648	0.0066	C
59	0.00061	0.00064	T
60	0.00232	0.00242	A
61	0.00078	0.00082	G
62	0.00057	0.00062	T
63	0.00241	0.00252	A
64	0.00054	0.00058	T
65	0.00376	0.00391	A
66	0.00062	0.00065	T
67	0.00818	0.00826	C
68	0.00204	0.00209	G
69	0.01011	0.01019	C
70	0.00118	0.00197	T
71	0.0101	0.01017	C
72	0.00904	0.00996	A
73	0.01608	0.01627	C
74	0.01577	0.01594	A
75	0.01664	0.01664	C
76	0.01041	0.01045	C
77	0.00163	0.00214	T
78	0.01177	0.01183	C
79	0.00898	0.00977	A
80	0.00106	0.00128	T
81	0.01002	0.01079	A
82	0.00112	0.00116	T
83	0.00892	0.00894	C
84	0.00576	0.0058	C
85	0.00104	0.00142	T
86	0.01228	0.01229	C
87	0.01017	0.01017	C
88	0.00904	0.00915	C
89	0.00126	0.0014	T
90	0.01044	0.0106	A
91	0.01517	0.01533	C
92	0.00143	0.00152	T
93	0.00755	0.01032	A
94	0.00125	0.00132	T
95	0.00121	0.00126	G
96	0.00918	0.00919	C
97	0.00543	0.00544	C
98	0.00085	0.00091	T
99	0.00579	0.00588	A
100	0.00095	0.00101	G
101	0.01339	0.0134	A
102	0.00674	0.0068	A
103	0.0014	0.00141	G
104	0.00146	0.00148	G
105	0.00944	0.00946	A
106	0.01271	0.01277	A
107	0.00231	0.00252	T
108	0.0145	0.01451	A
109	0.01118	0.01226	A
110	0.00158	0.00168	T
111	0.01635	0.01654	A
112	0.01677	0.01725	C
113	0.00145	0.00152	T
114	0.01228	0.01321	A
115	0.00119	0.00125	T
116	0.0166	0.01676	C
117	0.00152	0.00158	G
118	0.00571	0.00578	C
119	0.00088	0.00091	T
120	0.00275	0.003	G
121	0.00089	0.00089	T
122	0.00099	0.001	T
123	0.01209	0.0125	C
124	0.01363	0.01374	A
125	0.00133	0.00133	T
126	0.00133	0.00134	T
127	0.00587	0.01018	A
128	0.00106	0.00109	T
129	0.00792	0.00819	A
130	0.00161	0.00167	G
131	0.00499	0.00513	C
132	0.00107	0.00114	T
133	0.0123	0.01265	A
134	0.01207	0.0122	C
135	0.00102	0.00138	T
136	0.00859	0.00873	C
137	0.0015	0.00213	T
138	0.0109	0.01099	C
139	0.01173	0.01238	A
140	0.00214	0.00291	T
141	0.01443	0.01445	A
142	0.01389	0.01622	A
143	0.0159	0.01602	C
144	0.00689	0.00692	C
145	0.00861	0.00865	C
146	0.00158	0.00191	T
147	0.01181	0.01196	C
148	0.01411	0.0146	A
149	0.01585	0.01611	A
150	0.01735	0.01793	C
151	0.01223	0.01246	A
152	0.01385	0.01387	C
153	0.01193	0.01194	C
154	0.01329	0.01336	C
155	0.0095	0.01227	A
156	0.01393	0.01416	C
157	0.00139	0.00187	T
158	0.0159	0.0159	C
159	0.01131	0.01131	C
160	0.01939	0.01957	C
161	0.00123	0.00153	T
162	0.00741	0.00751	C
163	0.00203	0.00205	T
164	0.00151	0.00154	T
165	0.01114	0.01959	A
166	0.001	0.0011	G
167	0.00482	0.00483	C
168	0.00514	0.00516	C
169	0.00827	0.00832	A
170	0.01138	0.01142	A
171	0.00125	0.00129	T
172	0.00981	0.00991	A
173	0.00158	0.00158	T
174	0.00201	0.00203	T
175	0.00192	0.00201	G
176	0.00107	0.00115	T
177	0.00153	0.00159	G
178	0.01342	0.01346	C
179	0.01009	0.01011	C
180	0.0015	0.00163	T
181	0.00943	0.01032	A
182	0.00126	0.00127	T
183	0.00154	0.00157	T
184	0.0012	0.00132	G
185	0.03082	0.03085	C
186	0.01659	0.01664	C
187	0.00575	0.01509	A
188	0.00149	0.00156	T
189	0.06332	0.06356	A
190	0.00612	0.00626	C
191	0.00071	0.00076	T
192	0.00462	0.00492	A
193	0.00091	0.00101	G
194	0.00066	0.00071	T
195	0.02492	0.02501	C
196	0.00124	0.00126	T
197	0.00168	0.00169	T
198	0.00253	0.00253	T
199	0.00239	0.00261	G
200	0.00373	0.00375	C
201	0.00381	0.00383	C
202	0.00335	0.00354	G
203	0.0163	0.01632	C
204	0.00672	0.00679	C
205	0.00144	0.00157	T
206	0.00227	0.00253	G
207	0.00534	0.0055	C
208	0.00337	0.00399	G
209	0.02429	0.02541	A
210	0.02376	0.02383	A
211	0.00389	0.00428	G
212	0.00364	0.00383	C
213	0.00639	0.0066	A
214	0.00206	0.00215	G
215	0.00412	0.00418	C
216	0.00285	0.00286	G
217	0.00252	0.00255	G
218	0.00059	0.00062	T
219	0.00235	0.00235	G
220	0.00172	0.00172	G
221	0.00241	0.00241	G
222	0.00335	0.00335	C
223	0.00687	0.00691	C
224	0.00116	0.00152	T
225	0.0165	0.0184	A
226	0.00259	0.00266	G
227	0.00996	0.00997	C
228	0.00278	0.00278	C
229	0.00321	0.00323	C
230	0.00144	0.00158	T
231	0.00775	0.00787	A
232	0.00386	0.00393	C
233	0.00055	0.00059	T
234	0.00377	0.004	A
235	0.00094	0.00097	G
236	0.0006	0.00072	T
237	0.01353	0.01358	C
238	0.00117	0.00161	T
239	0.00802	0.00812	C
240	0.00926	0.00958	A
241	0.00853	0.00863	A
242	0.0011	0.00117	T
243	0.02486	0.02494	C
244	0.0016	0.00177	T
245	0.01838	0.01839	C
246	0.01841	0.01853	C
247	0.0174	0.01783	A
248	0.02363	0.02367	A
249	0.01241	0.01264	C
250	0.00769	0.008	A
251	0.01153	0.01182	C
252	0.00736	0.00767	A
253	0.00097	0.0011	T
254	0.00862	0.00885	A
255	0.00108	0.00112	T
256	0.00083	0.00085	G
257	0.00076	0.00076	G
258	0.0041	0.0041	C
259	0.00455	0.00457	C
260	0.00075	0.0009	T
261	0.0066	0.00697	A
262	0.0015	0.00166	G
263	0.00758	0.00774	A
264	0.01696	0.01722	C
265	0.00112	0.00129	T
266	0.01289	0.01309	A
267	0.01891	0.01909	C
268	0.00315	0.00338	G
269	0.00131	0.00152	T
270	0.01263	0.01289	A
271	0.02091	0.02112	C
272	0.0142	0.01477	A
273	0.00168	0.00237	T
274	0.01442	0.01444	A
275	0.0144	0.01586	A
276	0.01853	0.01871	C
277	0.00932	0.0095	C
278	0.00155	0.00204	T
279	0.00448	0.00471	A
280	0.01042	0.01049	A
281	0.01742	0.01753	A
282	0.00958	0.00964	C
283	0.00447	0.00461	C
284	0.00133	0.00155	T
285	0.00578	0.00648	A
286	0.00666	0.00694	C
287	0.00113	0.00138	T
288	0.00598	0.00599	C
289	0.00691	0.00694	C
290	0.01201	0.01217	A
291	0.01153	0.01157	A
292	0.00191	0.00205	T
293	0.00176	0.00191	G
294	0.01494	0.01514	C
295	0.00172	0.00191	T
296	0.00861	0.00865	A
297	0.00844	0.00848	A
298	0.01206	0.01214	A
299	0.0233	0.02335	A
300	0.00925	0.01148	C
301	0.00146	0.00161	T
302	0.00482	0.00485	A
303	0.00727	0.00731	A
304	0.00115	0.00133	T
305	0.00752	0.00781	C
306	0.003	0.00336	G
307	0.00175	0.00205	T
308	0.00391	0.00394	C
309	0.00716	0.00718	C
310	0.01331	0.01338	C
311	0.01122	0.01131	A
312	0.01145	0.01147	A
313	0.02197	0.02231	C
314	0.00882	0.00884	A
315	0.01067	0.01075	A
316	0.00135	0.00139	T
317	0.0014	0.00144	T
318	0.00568	0.01094	A
319	0.0011	0.0012	T
320	0.00983	0.01045	A
321	0.00166	0.00167	T
322	0.00175	0.00179	T
323	0.00747	0.01116	A
324	0.01025	0.01053	C
325	0.0026	0.00273	T
326	0.01112	0.01134	A
327	0.00931	0.00939	C
328	0.00587	0.0059	C
329	0.01173	0.01531	A
330	0.01046	0.01068	C
331	0.00212	0.00232	T
332	0.00149	0.00172	G
333	0.0092	0.00944	A
334	0.00722	0.00748	C
335	0.00661	0.00687	A
336	0.00172	0.00192	T
337	0.00099	0.00119	G
338	0.00565	0.00585	A
339	0.00608	0.00635	C
340	0.00061	0.00065	T
341	0.00082	0.00086	T
342	0.001	0.00103	T
343	0.00401	0.00404	C
344	0.00771	0.00778	C
345	0.00058	0.00067	A
346	0.00242	0.00247	A
347	0.00793	0.00796	A
348	0.00626	0.0063	A
349	0.00941	0.00944	A
350	0.00536	0.00538	A
351	0.02439	0.02612	C
352	0.01128	0.0116	A
353	0.01996	0.02024	C
354	0.0123	0.01265	A
355	0.00275	0.00336	T
356	0.01244	0.01246	A
357	0.01374	0.0148	A
358	0.00134	0.00138	T
359	0.00166	0.0017	T
360	0.00184	0.00188	T
361	0.00181	0.0022	G
362	0.01566	0.0157	A
363	0.01874	0.01876	A
364	0.00182	0.00225	T
365	0.01552	0.01579	C
366	0.01454	0.01458	A
367	0.01288	0.01293	A
368	0.01812	0.0186	C
369	0.01134	0.01187	A
370	0.0127	0.01461	C
371	0.01023	0.01024	A
372	0.01238	0.01265	A
373	0.01223	0.01229	C
374	0.00676	0.00682	C
375	0.00885	0.01205	A
376	0.01113	0.01114	C
377	0.00851	0.00851	C
378	0.00849	0.00855	C
379	0.00773	0.00958	A
380	0.01507	0.01574	C
381	0.00966	0.01124	A
382	0.00191	0.00208	G
383	0.01193	0.01195	C
384	0.00509	0.00512	C
385	0.0017	0.00186	T
386	0.00649	0.00656	A
387	0.00937	0.0094	A
388	0.00128	0.00129	T
389	0.00127	0.00129	T
390	0.00544	0.01324	A
391	0.00115	0.00115	T
392	0.00107	0.0011	T
393	0.00715	0.00906	A
394	0.00147	0.00194	G
395	0.00554	0.00583	C
396	0.0069	0.00722	A
397	0.00075	0.00122	T
398	0.00521	0.00552	C
399	0.00627	0.00683	A
400	0.001	0.00122	T
401	0.00369	0.00371	C
402	0.0032	0.00321	C
403	0.00871	0.00873	C
404	0.00104	0.0012	T
405	0.0078	0.00805	C
406	0.00133	0.00147	T
407	0.00881	0.00913	A
408	0.01168	0.01239	C
409	0.0013	0.00161	T
410	0.00137	0.00161	A
411	0.00033	0.00034	T
412	0.00036	0.00036	T
413	0.00056	0.00057	T
414	0.0009	0.00091	T
415	0.00155	0.00156	T
416	0.0016	0.00163	T
417	0.00871	0.00896	A
418	0.01088	0.01098	A
419	0.015	0.01517	C
420	0.00948	0.00954	C
421	0.0065	0.00657	A
422	0.01291	0.01304	A
423	0.01172	0.01186	A
424	0.00224	0.00296	T
425	0.01938	0.01977	C
426	0.01601	0.01607	A
427	0.0145	0.01457	A
428	0.02507	0.02597	C
429	0.01316	0.01319	A
430	0.01158	0.01188	A
431	0.02295	0.02361	C
432	0.01413	0.01415	A
433	0.01673	0.01716	A
434	0.02243	0.02246	C
435	0.01158	0.01175	C
436	0.00152	0.0017	T
437	0.01503	0.0156	A
438	0.00133	0.00135	T
439	0.00171	0.00172	T
440	0.00161	0.00164	T
441	0.0121	0.01365	A
442	0.00149	0.00164	G
443	0.0083	0.00845	C
444	0.00087	0.00096	T
445	0.00349	0.00387	G
446	0.00084	0.00085	T
447	0.00084	0.00087	T
448	0.00607	0.00613	C
449	0.00644	0.00647	C
450	0.01093	0.01094	C
451	0.01735	0.01753	C
452	0.01185	0.01236	A
453	0.01836	0.01841	A
454	0.01938	0.01942	C
455	0.01065	0.0107	C
456	0.00138	0.00145	T
457	0.00084	0.00087	T
458	0.00155	0.00158	T
459	0.00126	0.00126	T
460	0.00679	0.00685	C
461	0.00624	0.0063	C
462	0.00333	0.00358	T
463	0.01043	0.01046	C
464	0.01459	0.01468	C
465	0.00359	0.00459	G
466	0.02039	0.02139	A
467	0.01157	0.01164	C
468	0.00984	0.0099	C
469	0.01315	0.01323	C
470	0.01381	0.01384	C
471	0.01096	0.01102	C
472	0.00287	0.00347	T
473	0.01745	0.0177	A
474	0.02008	0.02032	A
475	0.01785	0.01844	C
476	0.01189	0.01204	A
477	0.01071	0.01361	A
478	0.00843	0.00851	C
479	0.00607	0.00618	C
480	0.00785	0.00791	C
481	0.0082	0.00824	C
482	0.00631	0.00634	C
483	0.00848	0.00854	C
484	0.00334	0.00373	T
485	0.0097	0.00971	C
486	0.00829	0.00842	C
487	0.00492	0.00539	T
488	0.01243	0.01269	A
489	0.01262	0.01271	A
490	0.00598	0.00628	T
491	0.01749	0.01775	A
492	0.0236	0.02427	C
493	0.00686	0.0072	T
494	0.01572	0.01579	A
495	0.01672	0.017	A
496	0.02231	0.02305	C
497	0.01069	0.01091	T
498	0.01811	0.01861	A
499	0.02001	0.02007	C
500	0.0111	0.01126	C
501	0.00996	0.01016	T
502	0.00416	0.00452	G
503	0.01602	0.01628	A
504	0.00882	0.00907	C
505	0.00657	0.00669	T
506	0.0069	0.00693	C
507	0.00495	0.00511	C
508	0.00699	0.00756	T
509	0.00964	0.01042	A
510	0.01352	0.01356	C
511	0.00902	0.00912	C
512	0.00754	0.00756	C
513	0.01198	0.01205	C
514	0.00896	0.00972	T
515	0.014	0.01425	C
516	0.01123	0.01202	A
517	0.02469	0.02543	C
518	0.01362	0.01381	A
519	0.01479	0.01501	A
520	0.01415	0.01508	T
521	0.02543	0.02574	C
522	0.01919	0.01979	A
523	0.01136	0.01154	T
524	0.00433	0.00439	G
525	0.00481	0.00485	G
526	0.00475	0.00545	C
527	0.01502	0.01512	A
528	0.01651	0.01657	A
529	0.00731	0.00777	G
530	0.02122	0.02126	C
531	0.01936	0.01952	C
532	0.0141	0.01426	A
533	0.01855	0.01864	A
534	0.02115	0.02186	C
535	0.01023	0.01059	G
536	0.00242	0.00243	C
537	0.00162	0.00168	C
538	0.00654	0.0101	A
539	0.02393	0.02422	C
540	0.00741	0.00754	T
541	0.00591	0.00598	T
542	0.0043	0.01298	A
543	0.00482	0.00511	T
544	0.01546	0.01551	C
545	0.01176	0.01181	C
546	0.00955	0.01172	A
547	0.00471	0.00491	G
548	0.00327	0.00349	T
549	0.00372	0.00404	G
550	0.00522	0.00548	A
551	0.0144	0.01444	A
552	0.01811	0.01818	C
553	0.00997	0.01003	C
554	0.00804	0.01407	A
555	0.01863	0.019	C
556	0.00516	0.00543	T
557	0.01219	0.01256	A
558	0.00357	0.004	T
559	0.00926	0.00967	C
560	0.00933	0.00956	A
561	0.01581	0.01622	C
562	0.00696	0.00738	G
563	0.00055	0.00061	A
564	0.00037	0.00041	A
565	0.00286	0.0029	A
566	0.00941	0.00944	A
567	0.00521	0.00523	A
568	0.00484	0.00486	A
569	0.00566	0.00568	A
570	0.01418	0.01521	C
571	0.00557	0.00573	T
572	0.0102	0.01043	C
573	0.00283	0.003	T
574	0.01257	0.01303	A
575	0.01377	0.01387	C
576	0.00806	0.00824	C
577	0.00172	0.00192	T
578	0.0086	0.00883	C
579	0.0016	0.00173	T
580	0.01043	0.01069	C
581	0.00177	0.0019	T
582	0.01205	0.01277	A
583	0.00162	0.00179	T
584	0.01727	0.01766	A
585	0.01072	0.01112	C
586	0.00176	0.00191	T
587	0.00701	0.00706	A
588	0.00669	0.00689	A
589	0.00162	0.00179	T
590	0.00543	0.0057	C
591	0.00157	0.00175	T
592	0.00535	0.00537	C
593	0.00565	0.00566	C
594	0.00682	0.00689	C
595	0.00186	0.00202	T
596	0.00733	0.00751	A
597	0.01032	0.01059	C
598	0.00396	0.00398	A
599	0.00737	0.00738	A
600	0.007	0.0071	A
601	0.0017	0.00192	T
602	0.00857	0.00873	C
603	0.00141	0.00153	T
604	0.00925	0.00925	C
605	0.01065	0.01079	C
606	0.00171	0.00173	T
607	0.00177	0.00183	T
608	0.00551	0.0057	A
609	0.01141	0.01144	A
610	0.00158	0.00161	T
611	0.00157	0.0016	T
612	0.00848	0.01557	A
613	0.00172	0.00193	T
614	0.01549	0.01551	A
615	0.01481	0.01522	A
616	0.0109	0.01114	C
617	0.00814	0.00828	A
618	0.00094	0.00097	T
619	0.00101	0.00106	T
620	0.0041	0.00438	C
621	0.00718	0.00828	A
622	0.00573	0.00643	C
623	0.0083	0.00928	A
624	0.00344	0.00376	G
625	0.00362	0.00364	C
626	0.00443	0.00447	C
627	0.0087	0.01242	A
628	0.01774	0.0179	C
629	0.0125	0.01302	A
630	0.00221	0.00239	G
631	0.01029	0.0103	A
632	0.01152	0.01159	A
633	0.01554	0.0159	C
634	0.00183	0.00199	T
635	0.00846	0.0085	A
636	0.00927	0.00932	A
637	0.00164	0.00206	T
638	0.01402	0.01438	C
639	0.00952	0.00996	A
640	0.00147	0.00158	T
641	0.00544	0.00569	A
642	0.00087	0.00087	T
643	0.00127	0.00128	T
644	0.00134	0.00135	T
645	0.00143	0.00145	T
646	0.0079	0.01158	A
647	0.00143	0.00158	T
648	0.01099	0.01145	A
649	0.00113	0.00126	T
650	0.0126	0.01288	C
651	0.00111	0.00112	T
652	0.00105	0.00107	T
653	0.00746	0.01019	C
654	0.00144	0.00145	T
655	0.00148	0.0015	T
656	0.01015	0.01095	C
657	0.00318	0.00353	G
658	0.00764	0.00782	A
659	0.01262	0.01266	A
660	0.01266	0.01268	A
661	0.01755	0.01767	C
662	0.01091	0.01097	C
663	0.00917	0.02002	A
664	0.01764	0.01797	C
665	0.01235	0.01354	A
666	0.01531	0.01571	C
667	0.00195	0.00202	T
668	0.00192	0.002	T
669	0.00627	0.01239	A
670	0.00242	0.00271	T
671	0.0125	0.01269	C
672	0.00893	0.00899	C
673	0.01225	0.01228	C
674	0.01686	0.01693	C
675	0.01276	0.01537	A
676	0.02409	0.0241	C
677	0.01283	0.01287	C
678	0.00218	0.00223	T
679	0.00135	0.0014	T
680	0.0008	0.00084	G
681	0.00146	0.0015	G
682	0.00348	0.00383	C
683	0.00066	0.00083	T
684	0.02168	0.02194	A
685	0.00085	0.00112	T
686	0.0045	0.00473	C
687	0.00541	0.00583	A
688	0.001	0.00226	T
689	0.00467	0.00494	C
690	0.02388	0.02426	A
691	0.02998	0.03001	C
692	0.02257	0.0226	C
693	0.02471	0.02476	C
694	0.00197	0.00251	G
695	0.0044	0.00472	A
696	0.00091	0.00114	T
697	0.00108	0.00137	G
698	0.00725	0.00753	A
699	0.00238	0.00243	G
700	0.00277	0.00284	G
701	0.01934	0.01972	C
702	0.02049	0.02062	A
703	0.01903	0.01913	A
704	0.03097	0.03108	C
705	0.02082	0.02088	C
706	0.00861	0.0111	A
707	0.00151	0.00173	G
708	0.00568	0.00571	C
709	0.0046	0.00464	C
710	0.01066	0.01488	A
711	0.00189	0.00219	G
712	0.02536	0.02548	A
713	0.01991	0.02037	A
714	0.02583	0.02684	C
715	0.00211	0.00223	G
716	0.00308	0.00312	C
717	0.00142	0.00146	C
718	0.00081	0.00093	T
719	0.00257	0.00284	G
720	0.02978	0.02992	A
721	0.02117	0.02122	A
722	0.02658	0.02696	C
723	0.00358	0.0039	G
724	0.00342	0.00393	C
725	0.00329	0.00352	A
726	0.00093	0.00095	G
727	0.00294	0.00298	G
728	0.0015	0.00166	C
729	0.01622	0.017	A
730	0.02387	0.02406	C
731	0.00865	0.00936	A
732	0.00178	0.00187	T
733	0.01335	0.01345	A
734	0.02213	0.02247	C
735	0.00163	0.00165	T
736	0.00144	0.00145	T
737	0.01247	0.01248	C
738	0.00681	0.00689	C
739	0.00154	0.00172	T
740	0.01605	0.01705	A
741	0.00176	0.00177	T
742	0.0017	0.00174	T
743	0.01288	0.01508	C
744	0.00277	0.00301	T
745	0.01527	0.01723	A
746	0.02017	0.02075	C
747	0.01983	0.02119	A
748	0.02765	0.02767	C
749	0.01747	0.01749	C
750	0.01262	0.01267	C
751	0.00153	0.0017	T
752	0.01121	0.01149	A
753	0.00125	0.0014	G
754	0.0007	0.00088	T
755	0.00446	0.00469	A
756	0.00066	0.0007	G
757	0.00215	0.00218	G
758	0.01612	0.01663	C
759	0.00139	0.00155	T
760	0.01008	0.0101	C
761	0.00897	0.00899	C
762	0.00922	0.00938	C
763	0.00127	0.00131	T
764	0.00127	0.00131	T
765	0.00787	0.00791	C
766	0.01132	0.01137	C
767	0.00465	0.00467	C
768	0.00279	0.00281	C
769	0.00094	0.00124	T
770	0.00602	0.00629	A
771	0.0026	0.00281	C
772	0.00084	0.00125	T
773	0.01018	0.01047	C
774	0.00561	0.00644	A
775	0.00327	0.00352	T
776	0.0102	0.01047	C
777	0.00437	0.00464	G
778	0.01477	0.015	C
779	0.01391	0.01413	A
780	0.01752	0.01778	C
781	0.0029	0.00326	T
782	0.01055	0.01061	A
783	0.0095	0.00957	A
784	0.00196	0.00201	T
785	0.00355	0.00358	T
786	0.0024	0.00243	T
787	0.01546	0.01734	A
788	0.02035	0.02069	C
789	0.01606	0.01628	A
790	0.01699	0.01736	C
791	0.00262	0.00354	T
792	0.01345	0.01371	C
793	0.01307	0.01389	A
794	0.02143	0.02209	C
795	0.01393	0.01408	A
796	0.01505	0.0155	A
797	0.0183	0.01928	C
798	0.01471	0.01507	A
799	0.01572	0.01573	C
800	0.01043	0.01045	C
801	0.00551	0.00553	C
802	0.00172	0.00189	T
803	0.01223	0.01255	A
804	0.00088	0.00092	G
805	0.00219	0.00222	G
806	0.00449	0.0047	C
807	0.00085	0.00139	T
808	0.00639	0.00663	C
809	0.00866	0.00888	A
810	0.01817	0.01842	C
811	0.00151	0.00172	T
812	0.01105	0.01111	A
813	0.01251	0.01263	A
814	0.01235	0.0124	A
815	0.02009	0.02128	C
816	0.01429	0.01447	A
817	0.00145	0.00149	T
818	0.00139	0.00142	T
819	0.01193	0.01388	C
820	0.00187	0.00201	T
821	0.01545	0.01588	A
822	0.01879	0.01924	C
823	0.00166	0.0019	T
824	0.01434	0.01505	A
825	0.01701	0.01753	C
826	0.0022	0.00339	T
827	0.01335	0.0138	C
828	0.01443	0.01493	A
829	0.01481	0.01507	C
830	0.00133	0.00151	T
831	0.01065	0.01094	C
832	0.00183	0.0022	T
833	0.01015	0.01033	C
834	0.0082	0.0085	A
835	0.01497	0.01555	C
836	0.00918	0.00977	T
837	0.00343	0.00369	G
838	0.00455	0.00456	C
839	0.0089	0.00891	C
840	0.0096	0.00961	C
841	0.0081	0.00814	A
842	0.00995	0.00998	A
843	0.00258	0.00287	G
844	0.01629	0.0163	A
845	0.01295	0.01305	A
846	0.01807	0.01853	C
847	0.00207	0.00226	T
848	0.01385	0.01434	A
849	0.00174	0.00237	T
850	0.02259	0.02304	C
851	0.01666	0.01669	A
852	0.01622	0.01642	A
853	0.02054	0.02057	A
854	0.01826	0.01937	C
855	0.00139	0.00154	T
856	0.01245	0.01246	C
857	0.01057	0.01072	C
858	0.00597	0.00625	T
859	0.00168	0.00218	G
860	0.0058	0.00613	A
861	0.00234	0.00251	G
862	0.00617	0.00621	C
863	0.00988	0.01004	C
864	0.01671	0.01685	A
865	0.01528	0.01533	A
866	0.03302	0.03396	C
867	0.01605	0.01607	A
868	0.01504	0.0152	A
869	0.02189	0.02266	C
870	0.00184	0.00198	T
871	0.00192	0.00197	T
872	0.01285	0.01294	A
873	0.01759	0.01773	A
874	0.00172	0.00187	T
875	0.01654	0.01686	A
876	0.00215	0.00227	T
877	0.00159	0.00177	G
878	0.01612	0.0163	A
879	0.01704	0.0173	C
880	0.00111	0.00126	T
881	0.00561	0.00587	A
882	0.00178	0.0019	G
883	0.0035	0.00378	C
884	0.00125	0.00131	T
885	0.00105	0.00112	T
886	0.00935	0.01814	A
887	0.02664	0.02711	C
888	0.01845	0.01877	A
889	0.03518	0.03568	C
890	0.02032	0.02034	A
891	0.0149	0.01514	A
892	0.00148	0.00168	T
893	0.00941	0.00957	A
894	0.00114	0.00124	G
895	0.00561	0.00582	C
896	0.00064	0.00066	T
897	0.00099	0.001	T
898	0.00113	0.00114	T
899	0.00135	0.00137	T
900	0.00875	0.01363	A
901	0.00147	0.00162	T
902	0.01788	0.0183	A
903	0.00232	0.00249	G
904	0.0008	0.001	T
905	0.0063	0.00633	A
906	0.00827	0.0083	A
907	0.00964	0.00971	A
908	0.00139	0.0016	G
909	0.01679	0.0178	A
910	0.00199	0.00216	T
911	0.02266	0.02293	A
912	0.02936	0.02956	C
913	0.01572	0.01581	C
914	0.00085	0.00108	T
915	0.00309	0.00332	C
916	0.00073	0.00074	T
917	0.00071	0.00071	T
918	0.00062	0.00063	T
919	0.00395	0.0046	A
920	0.00854	0.00873	C
921	0.00206	0.00209	G
922	0.00156	0.00159	G
923	0.011	0.01342	A
924	0.01079	0.01104	C
925	0.00134	0.00159	T
926	0.01096	0.01102	C
927	0.01605	0.01613	C
928	0.01318	0.0198	A
929	0.02532	0.02575	C
930	0.00192	0.002	T
931	0.00204	0.00207	T
932	0.01246	0.02032	A
933	0.00246	0.00263	T
934	0.0013	0.00154	G
935	0.01776	0.01801	A
936	0.01371	0.01398	C
937	0.00144	0.00196	T
938	0.01424	0.01431	C
939	0.01783	0.01784	C
940	0.01779	0.01789	C
941	0.00178	0.00213	T
942	0.01205	0.01234	A
943	0.01796	0.01807	A
944	0.02761	0.02774	A
945	0.00156	0.00188	G
946	0.00758	0.00761	C
947	0.00375	0.00378	C
948	0.00575	0.00576	C
949	0.00626	0.00868	A
950	0.00187	0.00208	T
951	0.00191	0.00214	G
952	0.00246	0.0026	T
953	0.00603	0.00618	C
954	0.00269	0.00309	G
955	0.00964	0.00975	A
956	0.02471	0.02502	A
957	0.00425	0.00458	G
958	0.02062	0.02072	C
959	0.00592	0.00595	C
960	0.01491	0.01493	C
961	0.0219	0.02191	C
962	0.01512	0.01515	C
963	0.01639	0.01957	A
964	0.00088	0.00104	T
965	0.0089	0.00911	C
966	0.00295	0.00312	G
967	0.00704	0.00738	C
968	0.00097	0.00106	T
969	0.00083	0.00084	G
970	0.00106	0.00108	G
971	0.00162	0.00164	G
972	0.00112	0.00141	T
973	0.02407	0.02425	C
974	0.01909	0.01912	A
975	0.01294	0.01296	A
976	0.00151	0.00159	T
977	0.00654	0.00674	A
978	0.00223	0.00232	G
979	0.00059	0.00069	T
980	0.00463	0.00475	A
981	0.00306	0.00315	C
982	0.00077	0.00078	T
983	0.00261	0.00261	T
984	0.00185	0.00198	G
985	0.01342	0.01343	C
986	0.01184	0.01184	C
987	0.00299	0.00348	G
988	0.00725	0.00731	C
989	0.01698	0.01728	A
990	0.00308	0.00311	G
991	0.00072	0.00079	T
992	0.00811	0.0083	A
993	0.01158	0.01174	C
994	0.00115	0.00125	T
995	0.02943	0.02969	C
996	0.00176	0.00176	T
997	0.00181	0.00183	T
998	0.00839	0.00848	A
999	0.00833	0.00837	A
1000	0.01241	0.01244	A
1001	0.01567	0.01567	A
1002	0.01658	0.02102	C
1003	0.00115	0.00127	T
1004	0.01157	0.01205	A
1005	0.00085	0.00089	G
1006	0.00096	0.00098	G
1007	0.01068	0.01093	C
1008	0.00215	0.00217	G
1009	0.0029	0.00294	G
1010	0.00745	0.00783	C
1011	0.00115	0.00134	T
1012	0.00966	0.00984	A
1013	0.00117	0.00126	T
1014	0.00161	0.00163	G
1015	0.00129	0.00131	G
1016	0.00082	0.00096	T
1017	0.00515	0.00534	A
1018	0.00086	0.00103	T
1019	0.0084	0.00843	A
1020	0.00628	0.0072	A
1021	0.00118	0.00131	T
1022	0.01599	0.01683	A
1023	0.02031	0.02089	C
1024	0.0027	0.00287	G
1025	0.00302	0.00304	C
1026	0.00102	0.00105	C
1027	0.00128	0.00238	T
1028	0.00436	0.00448	C
1029	0.00795	0.00924	A
1030	0.02198	0.02241	C
1031	0.01045	0.01083	A
1032	0.01485	0.01523	C
1033	0.00152	0.00175	T
1034	0.01126	0.01149	C
1035	0.01185	0.01311	A
1036	0.00153	0.00155	T
1037	0.00135	0.00139	T
1038	0.00884	0.00985	C
1039	0.00278	0.00342	T
1040	0.01192	0.01244	C
1041	0.01315	0.01346	A
1042	0.00944	0.00986	A
1043	0.01224	0.01229	C
1044	0.00946	0.00953	C
1045	0.01297	0.01301	C
1046	0.01547	0.01549	C
1047	0.0152	0.01524	C
1048	0.00413	0.00436	T
1049	0.00152	0.00168	G
1050	0.01629	0.01642	A
1051	0.02188	0.02246	C
1052	0.01414	0.01424	A
1053	0.0084	0.00843	A
1054	0.0136	0.01362	A
1055	0.01115	0.01119	A
1056	0.0178	0.02095	C
1057	0.01309	0.01343	A
1058	0.01492	0.01517	C
1059	0.01114	0.01209	A
1060	0.0034	0.00437	T
1061	0.01066	0.01103	A
1062	0.00173	0.00189	G
1063	0.00593	0.00594	C
1064	0.00358	0.00364	C
1065	0.00199	0.00239	T
1066	0.00848	0.00914	A
1067	0.00901	0.00903	C
1068	0.00793	0.008	C
1069	0.00934	0.00937	C
1070	0.01492	0.01494	C
1071	0.00152	0.00155	T
1072	0.00113	0.00114	T
1073	0.01136	0.01136	C
1074	0.01	0.01001	C
1075	0.00251	0.00252	T
1076	0.00209	0.00212	T
1077	0.00207	0.0023	G
1078	0.00175	0.00188	T
1079	0.01573	0.016	A
1080	0.02226	0.02255	C
1081	0.0024	0.00259	T
1082	0.01226	0.01436	A
1083	0.00188	0.00215	T
1084	0.01915	0.01927	C
1085	0.01598	0.01599	C
1086	0.01331	0.01335	C
1087	0.00191	0.00208	T
1088	0.01536	0.01565	A
1089	0.00162	0.00171	T
1090	0.00096	0.00118	G
1091	0.0061	0.00634	A
1092	0.00095	0.00096	G
1093	0.0015	0.00153	G
1094	0.01267	0.01286	C
1095	0.01179	0.01199	A
1096	0.00121	0.0014	T
1097	0.0101	0.01011	A
1098	0.01088	0.01153	A
1099	0.00108	0.00112	T
1100	0.00109	0.00112	T
1101	0.00543	0.0105	A
1102	0.0013	0.00147	T
1103	0.01148	0.01149	A
1104	0.01113	0.01148	A
1105	0.01689	0.01712	C
1106	0.01224	0.01225	A
1107	0.01278	0.0131	A
1108	0.00172	0.00198	G
1109	0.01236	0.01266	C
1110	0.00137	0.00153	T
1111	0.0117	0.01171	C
1112	0.00892	0.00899	C
1113	0.01237	0.01515	A
1114	0.0014	0.00166	T
1115	0.01057	0.01076	C
1116	0.00164	0.00181	T
1117	0.00243	0.0026	G
1118	0.00625	0.00627	C
1119	0.00237	0.00241	C
1120	0.00215	0.00232	T
1121	0.0102	0.01044	A
1122	0.01472	0.01488	C
1123	0.00202	0.00215	G
1124	0.01439	0.01454	A
1125	0.01923	0.01986	C
1126	0.01208	0.01216	A
1127	0.01336	0.01338	A
1128	0.01569	0.01578	A
1129	0.02327	0.02451	C
1130	0.01556	0.01678	A
1131	0.00216	0.00234	G
1132	0.01285	0.01292	A
1133	0.01704	0.01706	C
1134	0.0093	0.00934	C
1135	0.00192	0.00209	T
1136	0.00749	0.00753	A
1137	0.00524	0.00525	A
1138	0.0114	0.01142	A
1139	0.01444	0.01446	A
1140	0.0014	0.00163	T
1141	0.01537	0.01551	C
1142	0.00334	0.00347	G
1143	0.00468	0.00481	C
1144	0.00087	0.00114	T
1145	0.01339	0.01352	C
1146	0.00722	0.00789	A
1147	0.00134	0.00136	T
1148	0.00118	0.0012	T
1149	0.00176	0.00237	G
1150	0.01582	0.0163	C
1151	0.0121	0.01258	A
1152	0.00162	0.00177	T
1153	0.01255	0.01293	A
1154	0.01938	0.01968	C
1155	0.00125	0.00138	T
1156	0.01267	0.01288	C
1157	0.00116	0.00118	T
1158	0.00108	0.0011	T
1159	0.00898	0.00928	C
1160	0.00936	0.0095	A
1161	0.00993	0.00997	A
1162	0.00214	0.004	T
1163	0.01774	0.01808	C
1164	0.01202	0.01231	A
1165	0.00206	0.0022	G
1166	0.00749	0.0075	C
1167	0.01229	0.01238	C
1168	0.01082	0.01401	A
1169	0.01915	0.01944	C
1170	0.01254	0.01382	A
1171	0.00264	0.00298	T
1172	0.01451	0.01494	A
1173	0.00261	0.0029	G
1174	0.01361	0.01365	C
1175	0.00742	0.00744	C
1176	0.01402	0.01405	C
1177	0.00121	0.0014	T
1178	0.00911	0.00921	C
1179	0.00218	0.00237	G
1180	0.00088	0.00105	T
1181	0.00595	0.00612	A
1182	0.00289	0.00313	G
1183	0.00097	0.00118	T
1184	0.01314	0.01321	A
1185	0.0145	0.01465	A
1186	0.01978	0.0203	C
1187	0.0112	0.01142	A
1188	0.00213	0.0023	G
1189	0.01225	0.01228	C
1190	0.00711	0.00715	C
1191	0.01132	0.01216	A
1192	0.00129	0.00133	T
1193	0.00131	0.00135	T
1194	0.00971	0.01077	C
1195	0.00342	0.00411	T
1196	0.01136	0.01191	C
1197	0.00987	0.01118	A
1198	0.00218	0.00258	T
1199	0.01429	0.01435	C
1200	0.01245	0.01255	C
1201	0.01009	0.01017	A
1202	0.01667	0.01686	A
1203	0.01953	0.01988	A
1204	0.016	0.01622	C
1205	0.01266	0.01273	C
1206	0.01559	0.01563	C
1207	0.01677	0.01678	C
1208	0.01649	0.0165	C
1209	0.00395	0.00436	T
1210	0.00178	0.00227	G
1211	0.0148	0.01489	A
1212	0.01383	0.01388	A
1213	0.00215	0.00249	G
1214	0.00717	0.00749	C
1215	0.00092	0.00094	T
1216	0.00093	0.00097	T
1217	0.00508	0.00555	C
1218	0.00953	0.00978	A
1219	0.01682	0.01684	C
1220	0.01494	0.01499	C
1221	0.0026	0.00264	G
1222	0.00313	0.00317	G
1223	0.00333	0.00351	C
1224	0.00352	0.00393	G
1225	0.01132	0.01181	C
1226	0.0055	0.00577	A
1227	0.00173	0.00187	G
1228	0.00118	0.00141	T
1229	0.00629	0.00645	C
1230	0.01132	0.01144	A
1231	0.00141	0.00145	T
1232	0.00155	0.00159	T
1233	0.01557	0.017	C
1234	0.00197	0.00289	T
1235	0.0188	0.01905	C
1236	0.01406	0.01496	A
1237	0.00208	0.00232	T
1238	0.01535	0.01541	A
1239	0.01637	0.01743	A
1240	0.00246	0.00271	T
1241	0.01684	0.01796	C
1242	0.00277	0.00298	G
1243	0.00598	0.00601	C
1244	0.00338	0.00342	C
1245	0.00783	0.00789	C
1246	0.01832	0.0201	A
1247	0.02709	0.02749	C
1248	0.00157	0.00169	G
1249	0.00072	0.00077	G
1250	0.00194	0.00196	G
1251	0.00137	0.00155	C
1252	0.0007	0.00074	T
1253	0.00088	0.00091	T
1254	0.00471	0.00662	A
1255	0.01086	0.01111	C
1256	0.00799	0.00817	A
1257	0.00123	0.00139	T
1258	0.00781	0.00785	C
1259	0.00803	0.00808	C
1260	0.00132	0.00243	T
1261	0.01308	0.01324	C
1262	0.01139	0.01236	A
1263	0.00244	0.00247	T
1264	0.00158	0.00162	T
1265	0.00853	0.01647	A
1266	0.01574	0.01599	C
1267	0.00107	0.00117	T
1268	0.01173	0.01249	A
1269	0.00125	0.00127	T
1270	0.00197	0.00197	T
1271	0.00993	0.01176	C
1272	0.00287	0.00303	T
1273	0.00212	0.0023	G
1274	0.00643	0.00644	C
1275	0.00419	0.00425	C
1276	0.0017	0.00191	T
1277	0.01128	0.01149	A
1278	0.00293	0.00322	G
1279	0.01231	0.01301	C
1280	0.00975	0.00982	A
1281	0.01289	0.01292	A
1282	0.01302	0.01306	A
1283	0.02099	0.0217	C
1284	0.00214	0.00323	T
1285	0.01549	0.01588	C
1286	0.01433	0.01462	A
1287	0.01622	0.01628	A
1288	0.01582	0.01585	A
1289	0.01905	0.01971	C
1290	0.00146	0.0016	T
1291	0.01595	0.01614	A
1292	0.01544	0.01561	C
1293	0.00277	0.00296	G
1294	0.01055	0.01058	A
1295	0.01941	0.01966	A
1296	0.01845	0.01873	C
1297	0.00497	0.00541	G
1298	0.00516	0.00542	C
1299	0.01199	0.01225	A
1300	0.00677	0.00694	C
1301	0.00138	0.00205	T
1302	0.00921	0.00932	C
1303	0.00895	0.00938	A
1304	0.01423	0.0144	C
1305	0.0103	0.01065	A
1306	0.00211	0.00233	G
1307	0.00134	0.00176	T
1308	0.01086	0.01099	C
1309	0.00313	0.00356	G
1310	0.01225	0.01332	C
1311	0.01284	0.01308	A
1312	0.00157	0.00214	T
1313	0.01412	0.01436	C
1314	0.01184	0.01214	A
1315	0.00176	0.00196	T
1316	0.01345	0.01348	A
1317	0.01695	0.01991	A
1318	0.00089	0.00106	T
1319	0.00511	0.00519	C
1320	0.00391	0.00395	C
1321	0.0011	0.00127	T
1322	0.01675	0.017	C
1323	0.0013	0.00158	T
1324	0.01393	0.0142	C
1325	0.00156	0.00224	T
1326	0.01868	0.01902	C
1327	0.01393	0.01441	A
1328	0.00804	0.00808	A
1329	0.00135	0.00137	G
1330	0.00124	0.00126	G
1331	0.00683	0.00872	A
1332	0.01496	0.01528	C
1333	0.001	0.00102	T
1334	0.00136	0.00138	T
1335	0.01177	0.01247	C
1336	0.01208	0.01219	A
1337	0.01223	0.01224	A
1338	0.01992	0.01998	A
1339	0.01479	0.01544	C
1340	0.00125	0.00137	T
1341	0.00943	0.00962	C
1342	0.00128	0.00141	T
1343	0.01029	0.01109	A
1344	0.0082	0.0086	C
1345	0.00224	0.00259	T
1346	0.00704	0.00705	C
1347	0.0082	0.00824	C
1348	0.01636	0.01646	C
1349	0.00907	0.01205	A
1350	0.02125	0.02146	C
1351	0.00176	0.00182	T
1352	0.01402	0.0141	A
1353	0.01423	0.01437	A
1354	0.00182	0.00197	T
1355	0.0125	0.01269	A
1356	0.00143	0.00159	G
1357	0.01723	0.01736	C
1358	0.00054	0.00055	T
1359	0.00072	0.00075	T
1360	0.00129	0.0013	T
1361	0.00163	0.00165	T
1362	0.00142	0.00144	T
1363	0.0011	0.00141	G
1364	0.01295	0.01317	A
1365	0.00173	0.00185	T
1366	0.00174	0.00182	G
1367	0.0125	0.01263	A
1368	0.00867	0.00887	C
1369	0.00072	0.00073	T
1370	0.00088	0.00089	T
1371	0.00812	0.00947	C
1372	0.00174	0.00187	T
1373	0.01492	0.01529	A
1374	0.00181	0.00203	G
1375	0.01179	0.01351	C
1376	0.00717	0.00719	A
1377	0.00754	0.00794	A
1378	0.0021	0.00229	G
1379	0.00711	0.00713	C
1380	0.00323	0.0033	C
1381	0.0009	0.00109	T
1382	0.00949	0.0096	C
1383	0.00289	0.00303	G
1384	0.00893	0.00933	C
1385	0.00135	0.00154	T
1386	0.01019	0.01028	A
1387	0.0168	0.01683	A
1388	0.02037	0.02039	C
1389	0.0087	0.0088	C
1390	0.00266	0.00304	T
1391	0.01617	0.01636	C
1392	0.00184	0.00222	G
1393	0.01357	0.01357	C
1394	0.00628	0.00631	C
1395	0.00274	0.00278	T
1396	0.00295	0.00316	T
1397	0.00979	0.01348	A
1398	0.01102	0.01106	C
1399	0.00763	0.0077	C
1400	0.00676	0.00682	C
1401	0.00953	0.00954	C
1402	0.01265	0.01266	C
1403	0.0126	0.01262	C
1404	0.00913	0.01366	A
1405	0.01557	0.0158	C
1406	0.00138	0.00156	T
1407	0.01222	0.01253	A
1408	0.00205	0.00212	T
1409	0.00287	0.00297	T
1410	0.00753	0.00763	A
1411	0.01917	0.01934	A
1412	0.02315	0.02324	C
1413	0.01204	0.01214	C
1414	0.00134	0.00164	T
1415	0.01206	0.01242	A
1416	0.01691	0.01712	C
1417	0.00101	0.00114	T
1418	0.00114	0.00119	G
1419	0.00105	0.00109	G
1420	0.00124	0.00128	G
1421	0.00546	0.00677	A
1422	0.00306	0.00331	G
1423	0.02005	0.02008	A
1424	0.01324	0.01354	A
1425	0.01868	0.0192	C
1426	0.001	0.00108	T
1427	0.01414	0.01426	C
1428	0.00097	0.0011	T
1429	0.00603	0.00622	C
1430	0.00119	0.00129	T
1431	0.0024	0.00268	G
1432	0.0006	0.00073	T
1433	0.00212	0.00224	G
1434	0.0037	0.00394	C
1435	0.00087	0.00101	T
1436	0.00617	0.00638	A
1437	0.00204	0.00216	G
1438	0.00056	0.00084	T
1439	0.0055	0.00553	A
1440	0.0118	0.01184	A
1441	0.01389	0.01393	C
1442	0.00842	0.00844	C
1443	0.01117	0.01312	A
1444	0.01627	0.01637	C
1445	0.00279	0.00297	G
1446	0.00048	0.00052	T
1447	0.00036	0.00038	T
1448	0.00262	0.00338	C
1449	0.00058	0.00087	T
1450	0.0013	0.00133	C
1451	0.00105	0.0011	C
1452	0.00117	0.00137	T
1453	0.00079	0.00101	G
1454	0.00408	0.00424	A
1455	0.00055	0.00071	T
1456	0.00474	0.00491	C
1457	0.00589	0.00594	A
1458	0.01072	0.01079	A
1459	0.01058	0.01064	A
1460	0.00187	0.00212	T
1461	0.01674	0.01694	A
1462	0.00286	0.00337	T
1463	0.01787	0.0181	C
1464	0.01475	0.01491	A
1465	0.01962	0.02017	C
1466	0.00171	0.00187	T
1467	0.0173	0.01752	C
1468	0.00131	0.00144	T
1469	0.00834	0.00838	C
1470	0.00624	0.00664	C
1471	0.00135	0.00164	T
1472	0.01929	0.01984	A
1473	0.02134	0.02168	C
1474	0.00164	0.00167	T
1475	0.00197	0.00206	T
1476	0.00984	0.0188	A
1477	0.01684	0.01703	C
1478	0.00678	0.00697	A
1479	0.00116	0.00121	G
1480	0.00098	0.001	G
1481	0.00712	0.00929	A
1482	0.03268	0.03286	C
1483	0.00137	0.00191	T
1484	0.01298	0.01331	C
1485	0.01591	0.01628	A
1486	0.0149	0.01501	A
1487	0.03018	0.03046	C
1488	0.01805	0.01845	A
1489	0.00142	0.00149	T
1490	0.01411	0.01426	A
1491	0.0136	0.01384	C
1492	0.00095	0.00108	T
1493	0.00784	0.00815	A
1494	0.00093	0.00114	G
1495	0.00173	0.00202	T
1496	0.00583	0.00594	C
1497	0.00887	0.00976	A
1498	0.01175	0.01219	C
1499	0.00713	0.00807	A
1500	0.00326	0.00345	G
1501	0.03658	0.0366	C
1502	0.00756	0.00757	C
1503	0.00572	0.00573	C
1504	0.00121	0.00133	T
1505	0.00851	0.00878	A
1506	0.00127	0.00142	T
1507	0.01444	0.01473	A
1508	0.00859	0.00893	C
1509	0.00122	0.00147	T
1510	0.00459	0.00463	C
1511	0.0039	0.0039	C
1512	0.00868	0.00874	C
1513	0.00125	0.00141	T
1514	0.01327	0.0135	C
1515	0.00187	0.00205	T
1516	0.01081	0.01116	A
1517	0.01895	0.01907	C
1518	0.01036	0.0113	A
1519	0.00147	0.00162	T
1520	0.00877	0.00896	A
1521	0.00258	0.0026	T
1522	0.00475	0.00477	T
1523	0.00799	0.00804	T
1524	0.01511	0.01666	A
1525	0.02054	0.02057	C
1526	0.01475	0.01479	C
1527	0.01136	0.0176	A
1528	0.02797	0.02883	C
1529	0.0183	0.01836	A
1530	0.01414	0.01443	A
1531	0.02997	0.03113	C
1532	0.01893	0.01925	A
1533	0.02705	0.02818	C
1534	0.01411	0.01412	A
1535	0.01362	0.01397	A
1536	0.00399	0.00422	T
1537	0.00123	0.00129	G
1538	0.0014	0.00147	G
1539	0.00138	0.00142	G
1540	0.00247	0.0025	G
1541	0.01001	0.01208	C
1542	0.00171	0.00237	T
1543	0.01177	0.01204	C
1544	0.00978	0.01021	A
1545	0.01193	0.01226	C
1546	0.00315	0.0046	T
1547	0.01058	0.01105	C
1548	0.00862	0.00912	A
1549	0.00969	0.00971	C
1550	0.00614	0.00617	C
1551	0.00955	0.00963	C
1552	0.01085	0.01355	A
1553	0.02025	0.02025	C
1554	0.0146	0.01495	C
1555	0.01254	0.01486	A
1556	0.02287	0.02321	C
1557	0.01449	0.01516	A
1558	0.003	0.00308	T
1559	0.00357	0.00363	T
1560	0.01547	0.01552	A
1561	0.01893	0.01909	A
1562	0.02769	0.02814	C
1563	0.01838	0.01839	A
1564	0.01871	0.01886	A
1565	0.02234	0.02274	C
1566	0.01249	0.01267	A
1567	0.00218	0.00239	T
1568	0.01186	0.01186	A
1569	0.00832	0.00832	A
1570	0.01405	0.01405	A
1571	0.01556	0.01577	A
1572	0.01632	0.0167	C
1573	0.00665	0.00666	C
1574	0.00658	0.00663	C
1575	0.00133	0.00165	T
1576	0.00859	0.00873	C
1577	0.01277	0.01414	A
1578	0.00204	0.00208	T
1579	0.00258	0.00278	T
1580	0.01853	0.01903	C
1581	0.01789	0.01836	A
1582	0.02317	0.02373	C
1583	0.02035	0.0207	A
1584	0.02006	0.02042	C
1585	0.00135	0.00145	G
1586	0.00769	0.00793	A
1587	0.00225	0.00243	G
1588	0.01361	0.01363	A
1589	0.00643	0.00644	A
1590	0.01307	0.01312	A
1591	0.01212	0.01215	A
1592	0.01657	0.0186	C
1593	0.01357	0.01366	A
1594	0.01535	0.01537	C
1595	0.0064	0.00641	C
1596	0.00736	0.00741	C
1597	0.00129	0.00181	T
1598	0.00952	0.00973	C
1599	0.01074	0.01177	A
1600	0.00089	0.00105	T
1601	0.00169	0.00193	G
1602	0.00123	0.00126	T
1603	0.00137	0.00138	T
1604	0.01353	0.01382	C
1605	0.01748	0.01783	A
1606	0.00243	0.00251	T
1607	0.01803	0.01847	A
1608	0.01959	0.01994	C
1609	0.02016	0.02019	A
1610	0.02142	0.02151	C
1611	0.00593	0.00602	C
1612	0.00298	0.00308	T
1613	0.01452	0.01536	A
1614	0.00302	0.0033	T
1615	0.01273	0.01285	C
1616	0.00524	0.00524	C
1617	0.00906	0.00907	C
1618	0.01049	0.01051	C
1619	0.01104	0.01105	C
1620	0.0122	0.01276	A
1621	0.0011	0.0011	T
1622	0.00131	0.00131	T
1623	0.01106	0.01293	C
1624	0.00144	0.00149	T
1625	0.01133	0.01133	C
1626	0.0085	0.00862	C
1627	0.0018	0.0019	T
1628	0.01266	0.01266	C
1629	0.00612	0.00632	C
1630	0.00327	0.00354	T
1631	0.01245	0.01368	A
1632	0.00461	0.00475	T
1633	0.01241	0.01243	C
1634	0.00652	0.00652	C
1635	0.01127	0.01135	C
1636	0.00297	0.00347	T
1637	0.01704	0.01779	C
1638	0.01658	0.01844	A
1639	0.01945	0.01959	A
1640	0.02191	0.02191	C
1641	0.01707	0.01707	C
1642	0.01202	0.01202	C
1643	0.01457	0.01457	C
1644	0.00192	0.00226	G
1645	0.01603	0.01609	A
1646	0.01076	0.0108	C
1647	0.01019	0.01039	A
1648	0.00158	0.0018	T
1649	0.00785	0.00785	C
1650	0.00827	0.00865	A
1651	0.0018	0.0018	T
1652	0.00191	0.00191	T
1653	0.00771	0.01231	A
1654	0.00861	0.00861	C
1655	0.00347	0.00347	C
1656	0.00115	0.00115	G
1657	0.00092	0.00092	G
1658	0.00142	0.00142	G
1659	0.00043	0.00043	T
1660	0.00068	0.00068	T
1661	0.00205	0.00205	T
1662	0.00078	0.00078	T
1663	0.00529	0.00529	C
1664	0.0022	0.0022	C
1665	0.00082	0.001	T
1666	0.0008	0.00089	C
1667	0.00027	0.00027	T
1668	0.0	0.0	T
1669	0.0	0.0	A
1670	0.0	0.0	A
