Position	Mismatches	Mismatches + Deletions	Base
1	0.0	0.0	A
2	0.0	0.0	T
3	0.0	0.0	A
4	0.00206	0.00206	A
5	0.00334	0.00334	A
6	0.00209	0.0021	C
7	0.00039	0.00048	T
8	0.00027	0.00027	T
9	0.00156	0.00172	C
10	0.00221	0.00225	G
11	0.00337	0.00337	C
12	0.00483	0.00483	C
13	0.00106	0.00107	T
14	0.00142	0.00144	T
15	0.00279	0.00284	A
16	0.00419	0.00431	A
17	0.00087	0.00087	T
18	0.00109	0.00109	T
19	0.00114	0.00115	T
20	0.00139	0.0014	T
21	0.00822	0.00863	A
22	0.012	0.01207	A
23	0.00281	0.00292	T
24	0.01659	0.01664	A
25	0.01381	0.01498	A
26	0.00143	0.00169	T
27	0.01273	0.01296	C
28	0.00963	0.00969	A
29	0.01493	0.01515	A
30	0.01435	0.01485	C
31	0.01567	0.01579	A
32	0.00958	0.00959	C
33	0.00313	0.00313	C
34	0.00248	0.0025	C
35	0.00107	0.00116	T
36	0.00223	0.00223	C
37	0.00113	0.00115	C
38	0.00097	0.00103	T
39	0.00334	0.00347	A
40	0.00081	0.00085	G
41	0.00217	0.00217	C
42	0.00132	0.00132	C
43	0.00087	0.00088	T
44	0.00092	0.00094	T
45	0.00211	0.0029	A
46	0.00688	0.00695	C
47	0.00093	0.00097	T
48	0.00617	0.00624	A
49	0.00899	0.00909	C
50	0.00123	0.00127	T
51	0.00607	0.0061	A
52	0.00483	0.00489	A
53	0.00137	0.00143	T
54	0.00697	0.00697	A
55	0.00545	0.00615	A
56	0.00095	0.00096	T
57	0.0011	0.00111	T
58	0.00533	0.0087	A
59	0.00087	0.00087	T
60	0.00091	0.00095	T
61	0.00413	0.00915	A
62	0.01148	0.01163	C
63	0.00826	0.0084	A
64	0.00064	0.00065	T
65	0.00068	0.00068	T
66	0.00086	0.00087	T
67	0.0008	0.0008	T
68	0.00094	0.00112	G
69	0.00827	0.00832	A
70	0.00518	0.00526	C
71	0.00104	0.00108	T
72	0.00717	0.0073	A
73	0.00724	0.00728	C
74	0.00535	0.00539	C
75	0.0112	0.01648	A
76	0.01139	0.01159	C
77	0.00732	0.00733	A
78	0.00907	0.00923	A
79	0.00588	0.00601	C
80	0.001	0.0012	T
81	0.00335	0.00345	C
82	0.00511	0.00525	A
83	0.00751	0.00752	A
84	0.00846	0.00859	C
85	0.0018	0.00182	G
86	0.00305	0.00306	G
87	0.00286	0.003	C
88	0.00092	0.001	T
89	0.00427	0.00435	A
90	0.01182	0.01192	C
91	0.01269	0.01283	A
92	0.00174	0.00189	T
93	0.01309	0.01317	A
94	0.00184	0.00203	G
95	0.00119	0.00121	A
96	0.00632	0.00633	A
97	0.00306	0.00307	A
98	0.00666	0.00667	A
99	0.00552	0.00553	A
100	0.00128	0.00137	T
101	0.00775	0.00779	C
102	0.00444	0.00452	C
103	0.0061	0.01068	A
104	0.00757	0.0076	C
105	0.00731	0.00733	C
106	0.0076	0.00761	C
107	0.01088	0.01091	C
108	0.00139	0.00143	T
109	0.00174	0.00183	T
110	0.01002	0.01495	A
111	0.01363	0.01375	C
112	0.00136	0.00145	G
113	0.00864	0.00891	A
114	0.0021	0.00218	G
115	0.00111	0.00118	T
116	0.00184	0.00198	G
117	0.00816	0.00836	C
118	0.0026	0.00261	G
119	0.00246	0.00249	G
120	0.00926	0.00956	C
121	0.00085	0.00088	T
122	0.00074	0.00076	T
123	0.00602	0.00625	C
124	0.00156	0.00176	G
125	0.00935	0.00956	A
126	0.00701	0.00703	C
127	0.00681	0.00682	C
128	0.00666	0.00668	C
129	0.00159	0.00177	T
130	0.00946	0.00976	A
131	0.00149	0.00161	T
132	0.01818	0.01867	A
133	0.00152	0.00163	T
134	0.00828	0.00833	C
135	0.00699	0.00701	C
136	0.01074	0.01075	C
137	0.00679	0.00681	C
138	0.00679	0.00683	C
139	0.00354	0.00379	G
140	0.00641	0.00642	C
141	0.00296	0.00298	C
142	0.00439	0.00443	C
143	0.0019	0.00202	G
144	0.00496	0.00515	C
145	0.00302	0.00315	G
146	0.00096	0.00102	T
147	0.00142	0.00142	C
148	0.001	0.001	C
149	0.00166	0.00167	C
150	0.0009	0.00091	T
151	0.00049	0.0005	T
152	0.00038	0.00039	T
153	0.00245	0.00251	C
154	0.00095	0.00102	T
155	0.00364	0.00364	C
156	0.00579	0.0058	C
157	0.00674	0.00849	A
158	0.00126	0.00136	T
159	0.00581	0.00583	A
160	0.00323	0.00323	A
161	0.00866	0.00867	A
162	0.01003	0.01014	A
163	0.00092	0.00093	T
164	0.00079	0.0008	T
165	0.00769	0.0105	C
166	0.00096	0.00096	T
167	0.0007	0.00072	T
168	0.00506	0.00627	C
169	0.00083	0.00083	T
170	0.00077	0.00079	T
171	0.00853	0.00989	A
172	0.00135	0.00139	G
173	0.00051	0.00058	T
174	0.00257	0.00266	A
175	0.00086	0.00089	G
176	0.00101	0.00106	C
177	0.00051	0.00053	T
178	0.0012	0.00125	A
179	0.00035	0.00035	T
180	0.00032	0.00033	T
181	0.00121	0.00149	A
182	0.00143	0.00144	C
183	0.0038	0.00381	C
184	0.0006	0.0006	T
185	0.00042	0.00043	T
186	0.00268	0.00325	C
187	0.00075	0.00076	T
188	0.00077	0.00079	T
189	0.00354	0.00745	A
190	0.00104	0.00104	T
191	0.00108	0.00109	T
192	0.00775	0.01543	A
193	0.00097	0.00097	T
194	0.00133	0.00133	T
195	0.00137	0.00138	T
196	0.00114	0.0015	G
197	0.00967	0.00974	A
198	0.00104	0.00108	T
199	0.00915	0.00922	C
200	0.00114	0.00117	T
201	0.01028	0.01047	A
202	0.00114	0.00125	G
203	0.00287	0.00288	A
204	0.00658	0.00659	A
205	0.00532	0.00534	A
206	0.00226	0.00228	T
207	0.00238	0.00239	T
208	0.00188	0.00206	G
209	0.00583	0.00585	C
210	0.00219	0.00221	C
211	0.00727	0.00729	C
212	0.00109	0.00127	T
213	0.00382	0.00383	C
214	0.00437	0.00454	C
215	0.00101	0.00102	T
216	0.00095	0.00096	T
217	0.00165	0.00166	T
218	0.00162	0.00166	T
219	0.01209	0.01283	A
220	0.00994	0.00996	C
221	0.00537	0.0054	C
222	0.00595	0.00598	C
223	0.00589	0.00591	C
224	0.00097	0.00113	T
225	0.0104	0.01053	A
226	0.00605	0.00606	C
227	0.00235	0.00236	C
228	0.00517	0.00616	A
229	0.00233	0.00243	T
230	0.00188	0.00211	G
231	0.00731	0.00777	A
232	0.00323	0.00344	G
233	0.00409	0.0041	C
234	0.00442	0.00443	C
235	0.01138	0.0114	C
236	0.00116	0.00128	T
237	0.00748	0.00756	A
238	0.01564	0.01579	C
239	0.01314	0.01318	A
240	0.01161	0.01162	A
241	0.01319	0.01321	A
242	0.01563	0.01659	C
243	0.00958	0.00959	A
244	0.01469	0.01477	A
245	0.0067	0.00691	C
246	0.00126	0.00134	T
247	0.0048	0.00482	A
248	0.00731	0.00739	A
249	0.00445	0.00446	C
250	0.00271	0.00273	C
251	0.00392	0.00428	T
252	0.00167	0.00177	G
253	0.00388	0.00389	C
254	0.00328	0.0033	C
255	0.00709	0.0094	A
256	0.00893	0.00901	C
257	0.00111	0.00115	T
258	0.00976	0.00978	A
259	0.00981	0.00983	A
260	0.00104	0.00109	T
261	0.00955	0.00963	A
262	0.00102	0.00109	G
263	0.00067	0.00067	T
264	0.00062	0.00064	T
265	0.00279	0.00384	A
266	0.00044	0.00046	T
267	0.00108	0.00113	G
268	0.00048	0.00069	T
269	0.00068	0.00076	C
270	0.00339	0.0036	A
271	0.00083	0.00095	T
272	0.00222	0.00224	C
273	0.00225	0.00226	C
274	0.00922	0.00923	C
275	0.00077	0.00088	T
276	0.0077	0.00778	C
277	0.00115	0.00115	T
278	0.00106	0.00109	T
279	0.00458	0.00945	A
280	0.00163	0.00163	T
281	0.0013	0.00132	T
282	0.0079	0.00794	A
283	0.01032	0.01035	A
284	0.00111	0.00142	T
285	0.00826	0.00839	C
286	0.01073	0.01099	A
287	0.00171	0.0026	T
288	0.00759	0.00784	C
289	0.00936	0.00977	A
290	0.00122	0.0013	T
291	0.00791	0.00795	C
292	0.00392	0.00395	C
293	0.00287	0.00309	T
294	0.01089	0.01207	A
295	0.00156	0.00173	G
296	0.00887	0.00888	C
297	0.00244	0.00245	C
298	0.00757	0.00758	C
299	0.00117	0.00132	T
300	0.01088	0.01091	A
301	0.01052	0.01057	A
302	0.00113	0.00128	G
303	0.001	0.00111	T
304	0.00756	0.00769	C
305	0.00148	0.00157	T
306	0.00174	0.00176	G
307	0.00186	0.00188	G
308	0.00634	0.00636	C
309	0.00353	0.00362	C
310	0.00096	0.00108	T
311	0.00862	0.00875	A
312	0.00114	0.00119	T
313	0.00097	0.00101	G
314	0.01422	0.01434	A
315	0.00221	0.00222	G
316	0.0015	0.00156	T
317	0.00187	0.00191	G
318	0.01025	0.01032	A
319	0.0098	0.00986	C
320	0.00113	0.00118	T
321	0.01068	0.01077	A
322	0.01839	0.01867	C
323	0.00184	0.00184	A
324	0.00726	0.00726	A
325	0.00708	0.00708	A
326	0.00984	0.00984	A
327	0.00668	0.00668	A
328	0.00093	0.00093	G
329	0.00069	0.00069	G
330	0.00356	0.00499	A
331	0.00128	0.00128	T
332	0.00084	0.00084	T
333	0.00545	0.00618	A
334	0.00109	0.0011	G
335	0.00421	0.00422	A
336	0.00365	0.00367	C
337	0.00464	0.00468	T
338	0.00494	0.00638	G
339	0.01357	0.01359	A
340	0.00729	0.00729	A
341	0.01497	0.01498	C
342	0.00891	0.00891	C
343	0.00476	0.00487	G
344	0.01276	0.01276	A
345	0.00049	0.00049	A
346	0.0001	0.0001	T
347	0.0	0.0	A
348	0.0	0.0	A
