Position	Mismatches	Mismatches + Deletions	Base
1	0.0	0.0	A
2	0.0	0.0	T
3	0.0	0.0	G
4	0.00608	0.00608	A
5	0.00415	0.00495	C
6	0.00276	0.00276	C
7	0.00419	0.00419	C
8	0.00993	0.00993	C
9	0.00732	0.01433	A
10	0.00814	0.00816	A
11	0.00165	0.00176	T
12	0.0127	0.01277	A
13	0.02048	0.02057	C
14	0.00496	0.00506	G
15	0.01438	0.01493	C
16	0.00921	0.00927	A
17	0.00546	0.00547	A
18	0.00952	0.00954	A
19	0.01052	0.01052	A
20	0.00572	0.00774	C
21	0.00183	0.00199	T
22	0.00411	0.00432	A
23	0.00336	0.00482	A
24	0.00296	0.00297	C
25	0.00265	0.00269	C
26	0.00607	0.00608	C
27	0.01308	0.01309	C
28	0.01231	0.01232	C
29	0.00183	0.00195	T
30	0.00873	0.00887	A
31	0.00843	0.00848	A
32	0.00156	0.00168	T
33	0.00864	0.00872	A
34	0.00417	0.00417	A
35	0.01037	0.01037	A
36	0.01235	0.01251	A
37	0.00108	0.00111	T
38	0.00139	0.00141	T
39	0.00543	0.00546	A
40	0.00817	0.00819	A
41	0.00096	0.00099	T
42	0.00104	0.00106	T
43	0.00338	0.00339	A
44	0.0087	0.00877	A
45	0.00851	0.00856	C
46	0.00498	0.00498	C
47	0.00621	0.01024	A
48	0.01169	0.01178	C
49	0.00137	0.00205	T
50	0.00993	0.01001	C
51	0.01366	0.0155	A
52	0.00136	0.00142	T
53	0.00139	0.00145	T
54	0.01365	0.01409	C
55	0.01672	0.01691	A
56	0.00158	0.00188	T
57	0.01753	0.01767	C
58	0.00367	0.00376	G
59	0.02082	0.02088	A
60	0.01138	0.01139	C
61	0.00534	0.00538	C
62	0.00136	0.00172	T
63	0.00656	0.00657	C
64	0.00454	0.00454	C
65	0.00703	0.00703	C
66	0.00854	0.00859	C
67	0.0067	0.0123	A
68	0.01082	0.01082	C
69	0.00731	0.00731	C
70	0.00691	0.00691	C
71	0.00659	0.0066	C
72	0.00673	0.00893	A
73	0.00183	0.00197	T
74	0.00844	0.00845	C
75	0.00641	0.00644	C
76	0.0096	0.00967	A
77	0.01276	0.01279	A
78	0.01161	0.01177	C
79	0.00743	0.00758	A
80	0.00136	0.00142	T
81	0.0068	0.00683	C
82	0.00121	0.00129	T
83	0.0104	0.0104	C
84	0.01263	0.01267	C
85	0.0053	0.00632	G
86	0.01942	0.01982	C
87	0.01357	0.01463	A
88	0.0015	0.00154	T
89	0.00165	0.00171	G
90	0.00828	0.00838	A
91	0.00098	0.00105	T
92	0.00133	0.00147	G
93	0.00912	0.00915	A
94	0.00782	0.00787	A
95	0.01045	0.01047	A
96	0.03285	0.03318	C
97	0.00133	0.00134	T
98	0.00119	0.0012	T
99	0.01168	0.01296	C
100	0.00119	0.00121	G
101	0.00384	0.00385	G
102	0.00781	0.00797	C
103	0.0013	0.00202	T
104	0.01699	0.01739	C
105	0.0132	0.01381	A
106	0.02141	0.0216	C
107	0.00156	0.00161	T
108	0.01575	0.01575	C
109	0.014	0.01425	C
110	0.0017	0.00171	T
111	0.00128	0.00129	T
112	0.00095	0.00097	G
113	0.00153	0.00154	G
114	0.00451	0.00458	C
115	0.00484	0.00488	G
116	0.00391	0.00391	C
117	0.00151	0.00153	C
118	0.00111	0.00125	T
119	0.00281	0.00285	G
120	0.01399	0.014	C
121	0.00345	0.00348	C
122	0.00218	0.00228	T
123	0.00341	0.0036	G
124	0.00405	0.00423	A
125	0.00095	0.001	T
126	0.00481	0.00483	C
127	0.00404	0.00407	C
128	0.00173	0.0019	T
129	0.00945	0.00946	C
130	0.00746	0.0075	C
131	0.00463	0.0047	A
132	0.01067	0.01072	A
133	0.00984	0.00988	A
134	0.00199	0.00227	T
135	0.01277	0.01283	C
136	0.01367	0.01379	A
137	0.0191	0.01912	C
138	0.01473	0.01491	C
139	0.01443	0.01831	A
140	0.02306	0.02329	C
141	0.01104	0.01213	A
142	0.0017	0.00172	G
143	0.00115	0.00116	G
144	0.01094	0.01556	A
145	0.02338	0.02349	C
146	0.00126	0.00132	T
147	0.01246	0.01821	A
148	0.00114	0.00115	T
149	0.00081	0.00082	T
150	0.00525	0.00525	C
151	0.00231	0.00233	C
152	0.00101	0.00112	T
153	0.00938	0.00981	A
154	0.00218	0.00223	G
155	0.00891	0.00892	C
156	0.00593	0.00594	C
157	0.00709	0.01055	A
158	0.00131	0.00135	T
159	0.00349	0.00367	G
160	0.01718	0.01731	C
161	0.01741	0.01758	A
162	0.0187	0.01882	C
163	0.00153	0.00158	T
164	0.01489	0.01516	A
165	0.01873	0.01889	C
166	0.00164	0.00255	T
167	0.01239	0.01272	C
168	0.01383	0.01423	A
169	0.02622	0.02622	C
170	0.01174	0.01182	C
171	0.00771	0.01292	A
172	0.0021	0.00218	G
173	0.01212	0.01225	A
174	0.00661	0.00667	C
175	0.00297	0.00302	G
176	0.003	0.003	C
177	0.00158	0.0016	C
178	0.00116	0.00215	T
179	0.01671	0.01703	C
180	0.01443	0.01531	A
181	0.01972	0.01977	A
182	0.02111	0.02114	C
183	0.01247	0.01262	C
184	0.00535	0.00556	G
185	0.00998	0.00998	C
186	0.00647	0.00649	C
187	0.00086	0.00088	T
188	0.00072	0.00074	T
189	0.00093	0.00094	T
190	0.00092	0.00093	T
191	0.00503	0.00695	C
192	0.01001	0.01012	A
193	0.00088	0.00106	T
194	0.00606	0.00611	C
195	0.00922	0.00929	A
196	0.01174	0.01191	A
197	0.00151	0.00165	T
198	0.00914	0.00941	C
199	0.00408	0.0042	G
200	0.0054	0.00541	C
201	0.00488	0.00488	C
202	0.00944	0.00947	C
203	0.00963	0.01181	A
204	0.01424	0.01438	C
205	0.01004	0.01093	A
206	0.00134	0.00163	T
207	0.0119	0.01202	C
208	0.01283	0.01297	A
209	0.01686	0.01706	C
210	0.00127	0.00134	T
211	0.01503	0.01509	C
212	0.00175	0.00181	G
213	0.0096	0.01018	A
214	0.00288	0.00296	G
215	0.01158	0.01169	A
216	0.01069	0.01081	C
217	0.00509	0.00519	G
218	0.00099	0.0013	T
219	0.00394	0.00399	A
220	0.00948	0.00951	A
221	0.01179	0.01182	A
222	0.00124	0.00125	T
223	0.00129	0.0013	T
224	0.00594	0.01245	A
225	0.00097	0.00099	T
226	0.00095	0.00096	G
227	0.00156	0.00157	G
228	0.00325	0.00333	C
229	0.00094	0.00097	T
230	0.00461	0.00469	G
231	0.00539	0.00559	A
232	0.00636	0.00638	A
233	0.00109	0.00172	T
234	0.00874	0.0089	C
235	0.0112	0.0115	A
236	0.00295	0.00309	T
237	0.00945	0.00953	C
238	0.0128	0.01299	C
239	0.00486	0.00521	G
240	0.01929	0.02052	C
241	0.0017	0.00179	T
242	0.01415	0.01425	A
243	0.0254	0.02542	C
244	0.0157	0.01589	C
245	0.00144	0.00145	T
246	0.00185	0.00197	T
247	0.01463	0.01551	C
248	0.019	0.02013	A
249	0.02057	0.02071	C
250	0.00384	0.004	G
251	0.00753	0.00753	C
252	0.00569	0.0057	C
253	0.01048	0.0105	A
254	0.01502	0.01506	A
255	0.00138	0.00143	T
256	0.00197	0.00198	G
257	0.00137	0.00138	G
258	0.00231	0.00237	C
259	0.00573	0.00577	G
260	0.00929	0.00929	C
261	0.00304	0.00306	C
262	0.00111	0.00147	T
263	0.00861	0.00868	C
264	0.01387	0.01414	A
265	0.01164	0.01169	A
266	0.00165	0.00168	T
267	0.01511	0.01537	A
268	0.00146	0.00147	T
269	0.00128	0.00129	T
270	0.0115	0.01572	C
271	0.00147	0.00148	T
272	0.00189	0.00189	T
273	0.0016	0.00161	T
274	0.00878	0.00967	A
275	0.00149	0.00157	T
276	0.01602	0.01619	C
277	0.00179	0.00182	T
278	0.00222	0.00233	G
279	0.00304	0.00305	C
280	0.00096	0.00099	C
281	0.00077	0.00087	T
282	0.00463	0.00485	C
283	0.00088	0.00088	T
284	0.00096	0.00099	T
285	0.00527	0.00528	C
286	0.00373	0.00376	C
287	0.00169	0.00189	T
288	0.01938	0.01976	A
289	0.02811	0.02842	C
290	0.01962	0.02064	A
291	0.02784	0.02835	C
292	0.01771	0.0184	A
293	0.00174	0.00185	T
294	0.02042	0.02097	C
295	0.00182	0.00183	G
296	0.00186	0.00188	G
297	0.00144	0.00146	G
298	0.06084	0.06693	C
299	0.00342	0.00355	G
300	0.0035	0.00401	A
301	0.00429	0.00432	G
302	0.00288	0.00296	G
303	0.00511	0.00513	C
304	0.01087	0.01097	C
305	0.00136	0.00149	T
306	0.00596	0.00604	A
307	0.00096	0.00105	T
308	0.00819	0.00833	A
309	0.00126	0.00129	T
310	0.00113	0.00117	T
311	0.00626	0.01164	A
312	0.00904	0.00915	C
313	0.00168	0.00169	G
314	0.00126	0.00128	G
315	0.00552	0.00698	A
316	0.00131	0.00165	T
317	0.00749	0.00758	C
318	0.01352	0.01366	A
319	0.00062	0.00064	T
320	0.00078	0.00079	T
321	0.00077	0.00078	T
322	0.00607	0.00642	C
323	0.00089	0.00096	T
324	0.01254	0.01268	C
325	0.00129	0.00137	T
326	0.01284	0.01346	A
327	0.01567	0.01584	C
328	0.00153	0.00216	T
329	0.01265	0.01293	C
330	0.01083	0.01117	A
331	0.00217	0.00238	G
332	0.01182	0.01184	A
333	0.01355	0.01357	A
334	0.01806	0.01819	A
335	0.02024	0.0203	C
336	0.00823	0.00826	C
337	0.00198	0.0021	T
338	0.00244	0.0026	G
339	0.01217	0.01221	A
340	0.01522	0.01523	A
341	0.01322	0.01324	A
342	0.01551	0.01643	C
343	0.01257	0.01274	A
344	0.00223	0.00236	T
345	0.01216	0.01231	C
346	0.00134	0.00136	G
347	0.0034	0.0034	G
348	0.01148	0.01156	C
349	0.01287	0.01294	A
350	0.00132	0.00134	T
351	0.00124	0.00126	T
352	0.00577	0.0126	A
353	0.00123	0.0013	T
354	0.00944	0.00953	C
355	0.00769	0.00773	C
356	0.00151	0.00178	T
357	0.01613	0.01614	C
358	0.00841	0.00863	C
359	0.00097	0.0011	T
360	0.00169	0.00177	G
361	0.01125	0.01158	C
362	0.00091	0.00093	T
363	0.00106	0.00108	T
364	0.00201	0.00276	G
365	0.0122	0.01331	C
366	0.02395	0.02413	A
367	0.02401	0.02403	A
368	0.02699	0.02737	C
369	0.00199	0.00205	T
370	0.01512	0.01777	A
371	0.0018	0.00187	T
372	0.01908	0.01925	A
373	0.00198	0.00247	G
374	0.00734	0.00759	C
375	0.01486	0.01488	A
376	0.01624	0.01646	A
377	0.02472	0.02523	C
378	0.00856	0.00981	A
379	0.0032	0.00323	G
380	0.01245	0.01245	C
381	0.00234	0.00235	C
382	0.00091	0.00093	T
383	0.00169	0.00174	T
384	0.02374	0.02455	C
385	0.02184	0.02253	A
386	0.00187	0.00213	T
387	0.00788	0.00881	A
388	0.00123	0.00224	G
389	0.00294	0.00295	G
390	0.00357	0.0037	C
391	0.00097	0.001	T
392	0.02026	0.02142	A
393	0.0022	0.00223	T
394	0.00328	0.00331	G
395	0.00169	0.00175	T
396	0.0036	0.0036	C
397	0.00497	0.00498	C
398	0.00079	0.00112	T
399	0.00839	0.00839	C
400	0.01759	0.01759	C
401	0.02117	0.02119	C
402	0.00241	0.0027	G
403	0.00191	0.00206	T
404	0.00232	0.00243	G
405	0.00572	0.00609	A
406	0.00257	0.00258	G
407	0.00168	0.00169	G
408	0.01701	0.01703	C
409	0.01725	0.01729	C
410	0.00691	0.00693	A
411	0.01326	0.01326	A
412	0.0109	0.01092	A
413	0.00133	0.00148	T
414	0.01273	0.01282	A
415	0.00114	0.00137	T
416	0.01222	0.01239	C
417	0.01411	0.01429	A
418	0.00103	0.00103	T
419	0.00077	0.00078	T
420	0.00694	0.00775	C
421	0.00153	0.00158	T
422	0.00283	0.0031	G
423	0.01016	0.01049	A
424	0.00207	0.00208	G
425	0.00137	0.00137	G
426	0.00581	0.00581	G
427	0.00523	0.00524	G
428	0.01029	0.01036	C
429	0.01355	0.01373	C
430	0.01122	0.01526	A
431	0.02123	0.02155	C
432	0.01143	0.0121	A
433	0.00545	0.00567	G
434	0.00118	0.00144	T
435	0.00792	0.00797	A
436	0.00903	0.0091	A
437	0.00146	0.00154	T
438	0.00179	0.00188	T
439	0.00646	0.01943	A
440	0.0303	0.03118	C
441	0.02012	0.02021	A
442	0.01695	0.01704	A
443	0.01842	0.0189	A
444	0.02765	0.03014	C
445	0.00109	0.00118	T
446	0.00111	0.00118	T
447	0.00397	0.00895	A
448	0.0076	0.00787	C
449	0.00091	0.00106	T
450	0.01847	0.0194	A
451	0.00136	0.00158	T
452	0.01672	0.01692	C
453	0.01584	0.01614	C
454	0.0048	0.00529	G
455	0.01595	0.01598	C
456	0.00649	0.00653	C
457	0.02168	0.03133	A
458	0.00106	0.00134	T
459	0.00529	0.00532	C
460	0.00469	0.00471	C
461	0.00704	0.0071	C
462	0.00288	0.01162	A
463	0.00144	0.00161	T
464	0.01831	0.01854	A
465	0.02564	0.02582	C
466	0.01955	0.01983	A
467	0.00157	0.00161	T
468	0.00095	0.00099	T
469	0.00094	0.00099	G
470	0.00132	0.00135	G
471	0.00107	0.00109	G
472	0.00733	0.0089	A
473	0.02404	0.02428	C
474	0.01437	0.01504	A
475	0.0038	0.00398	G
476	0.01195	0.01215	A
477	0.01492	0.01497	C
478	0.01075	0.01083	C
479	0.00137	0.00163	T
480	0.01469	0.01523	A
481	0.00207	0.00226	G
482	0.00138	0.00142	T
483	0.00123	0.00127	T
484	0.01726	0.0177	C
485	0.01792	0.01798	A
486	0.01546	0.0155	A
487	0.00158	0.00171	T
488	0.00213	0.00231	G
489	0.01062	0.0107	A
490	0.01274	0.01298	A
491	0.00102	0.00117	T
492	0.00804	0.00823	C
493	0.00112	0.00123	T
494	0.00309	0.00333	G
495	0.007	0.00725	A
496	0.00307	0.00309	G
497	0.00143	0.0015	G
498	0.01113	0.01465	A
499	0.00419	0.0042	G
500	0.00303	0.00308	G
501	0.00706	0.00788	C
502	0.001	0.00135	T
503	0.00995	0.01046	A
504	0.01089	0.01122	C
505	0.00149	0.00246	T
506	0.00997	0.01029	C
507	0.02046	0.02094	A
508	0.00428	0.00455	G
509	0.00138	0.00165	T
510	0.01258	0.01303	A
511	0.0014	0.00173	G
512	0.01626	0.01675	A
513	0.01928	0.01951	C
514	0.01364	0.01404	A
515	0.00338	0.00366	G
516	0.00118	0.00147	T
517	0.00799	0.00807	C
518	0.00686	0.00697	C
519	0.00821	0.00835	C
520	0.01515	0.02356	A
521	0.01817	0.01819	C
522	0.0026	0.00261	C
523	0.00309	0.00315	C
524	0.00125	0.00344	T
525	0.0039	0.00426	C
526	0.00963	0.01212	A
527	0.02243	0.02298	C
528	0.01968	0.02012	A
529	0.01509	0.01547	C
530	0.00264	0.00294	G
531	0.00536	0.00566	A
532	0.00064	0.0007	T
533	0.00049	0.00054	T
534	0.00218	0.0028	C
535	0.0011	0.00111	T
536	0.0012	0.00121	T
537	0.00103	0.00104	T
538	0.00878	0.01062	A
539	0.01181	0.01185	C
540	0.0107	0.01074	C
541	0.00093	0.00096	T
542	0.00105	0.00108	T
543	0.0012	0.00122	T
544	0.01023	0.011	C
545	0.02064	0.02104	A
546	0.01535	0.0156	C
547	0.00108	0.00113	T
548	0.0011	0.0014	T
549	0.00609	0.0067	C
550	0.00808	0.00861	A
551	0.00112	0.00134	T
552	0.00607	0.00634	C
553	0.00191	0.00193	T
554	0.00176	0.00179	T
555	0.00172	0.00216	G
556	0.00416	0.00422	C
557	0.00485	0.00488	C
558	0.01079	0.01082	C
559	0.00132	0.00137	T
560	0.00126	0.00128	T
561	0.00928	0.00972	C
562	0.01113	0.01128	A
563	0.0014	0.00142	T
564	0.00129	0.00131	T
565	0.006	0.01167	A
566	0.00119	0.0012	T
567	0.00142	0.00143	T
568	0.00292	0.00451	G
569	0.00859	0.0094	C
570	0.01666	0.01744	A
571	0.00518	0.00558	G
572	0.01313	0.01316	C
573	0.00659	0.00665	C
574	0.01001	0.01006	C
575	0.00169	0.002	T
576	0.01453	0.01479	A
577	0.0019	0.00238	G
578	0.00752	0.00793	C
579	0.00889	0.00897	A
580	0.00848	0.00854	A
581	0.01605	0.01633	C
582	0.01094	0.01122	A
583	0.00974	0.01006	C
584	0.00169	0.00186	T
585	0.00781	0.00781	C
586	0.00626	0.00632	C
587	0.00887	0.01074	A
588	0.01012	0.01012	C
589	0.00635	0.00644	C
590	0.00159	0.00178	T
591	0.00465	0.00465	C
592	0.00337	0.00346	C
593	0.00163	0.00182	T
594	0.00749	0.00796	A
595	0.00092	0.00095	T
596	0.00092	0.00095	T
597	0.00785	0.00882	C
598	0.00188	0.0019	T
599	0.0017	0.00173	T
600	0.0025	0.00308	G
601	0.01593	0.01626	C
602	0.01862	0.0189	A
603	0.02582	0.02613	C
604	0.00568	0.00602	G
605	0.00949	0.00959	A
606	0.01428	0.01452	A
607	0.0183	0.01837	A
608	0.02648	0.02795	C
609	0.00232	0.00238	G
610	0.00379	0.00383	G
611	0.00335	0.00343	G
612	0.01076	0.01283	A
613	0.00215	0.00297	T
614	0.01781	0.01838	C
615	0.01869	0.01882	A
616	0.01808	0.01832	A
617	0.01869	0.01877	A
618	0.03115	0.03406	C
619	0.01892	0.01896	A
620	0.01281	0.01787	A
621	0.00916	0.00921	C
622	0.00645	0.0066	C
623	0.00808	0.00812	C
624	0.01191	0.01194	C
625	0.01121	0.01124	C
626	0.00199	0.00226	T
627	0.01334	0.01364	A
628	0.00077	0.00081	G
629	0.00156	0.0016	G
630	0.00598	0.00602	A
631	0.00935	0.00941	A
632	0.00103	0.00152	T
633	0.01412	0.01455	C
634	0.01518	0.01546	A
635	0.01525	0.01527	C
636	0.00812	0.00824	C
637	0.0013	0.00191	T
638	0.01015	0.01017	C
639	0.0094	0.0094	C
640	0.01215	0.01224	C
641	0.01009	0.01103	A
642	0.00105	0.00108	T
643	0.00093	0.00094	T
644	0.00688	0.0069	C
645	0.00705	0.00709	C
646	0.0044	0.00473	G
647	0.01668	0.01697	A
648	0.00182	0.00201	T
649	0.0111	0.01117	A
650	0.0066	0.00662	A
651	0.01189	0.0119	A
652	0.01524	0.01534	A
653	0.00146	0.00211	T
654	0.00958	0.0098	C
655	0.01666	0.01678	A
656	0.00884	0.00888	C
657	0.00506	0.00511	C
658	0.00094	0.00101	T
659	0.00105	0.00109	T
660	0.00435	0.00439	C
661	0.00397	0.00404	C
662	0.0056	0.01207	A
663	0.0126	0.01262	C
664	0.00834	0.00837	C
665	0.00635	0.00641	C
666	0.00133	0.0014	T
667	0.00123	0.00129	T
668	0.00488	0.00792	A
669	0.01239	0.0126	C
670	0.00133	0.00158	T
671	0.01424	0.01465	A
672	0.01722	0.0175	C
673	0.01113	0.01145	A
674	0.02113	0.02163	C
675	0.0134	0.01344	A
676	0.01557	0.0158	A
677	0.00182	0.00219	T
678	0.01587	0.01603	C
679	0.01222	0.01224	A
680	0.01336	0.01343	A
681	0.01216	0.01222	A
682	0.00219	0.00241	G
683	0.01504	0.01526	A
684	0.01475	0.01499	C
685	0.00439	0.00464	G
686	0.00442	0.00444	C
687	0.00143	0.00144	C
688	0.01063	0.01067	C
689	0.0012	0.00145	T
690	0.01576	0.01599	C
691	0.00099	0.00104	G
692	0.00284	0.00285	G
693	0.00483	0.00508	C
694	0.00088	0.00091	T
695	0.00101	0.00104	T
696	0.00716	0.01413	A
697	0.01313	0.01328	C
698	0.00075	0.00076	T
699	0.00069	0.00071	T
700	0.00788	0.00949	C
701	0.00076	0.00084	T
702	0.00995	0.01031	C
703	0.00087	0.00087	T
704	0.00071	0.00074	T
705	0.00416	0.00418	C
706	0.0034	0.00344	C
707	0.00094	0.00096	T
708	0.00071	0.00073	T
709	0.00328	0.00374	C
710	0.00087	0.00103	T
711	0.00374	0.00393	C
712	0.00089	0.00106	T
713	0.00388	0.00389	C
714	0.00414	0.00422	C
715	0.00172	0.00174	T
716	0.00113	0.00118	T
717	0.00454	0.00463	A
718	0.0074	0.00744	A
719	0.00179	0.00194	T
720	0.00117	0.00131	G
721	0.0104	0.01052	A
722	0.01029	0.01039	C
723	0.01008	0.01017	A
724	0.00131	0.00133	T
725	0.0016	0.00164	T
726	0.00946	0.00951	A
727	0.01074	0.01086	A
728	0.01524	0.01558	C
729	0.0131	0.01325	A
730	0.01388	0.01427	C
731	0.00144	0.00165	T
732	0.01132	0.01183	A
733	0.00117	0.00119	T
734	0.00124	0.0013	T
735	0.01006	0.011	C
736	0.00169	0.00279	T
737	0.01384	0.01426	C
738	0.01519	0.01582	A
739	0.02665	0.02666	C
740	0.01318	0.0133	C
741	0.01306	0.02067	A
742	0.00239	0.00278	G
743	0.02053	0.02082	A
744	0.0135	0.01355	C
745	0.00741	0.00751	C
746	0.0012	0.00153	T
747	0.00693	0.00694	C
748	0.00356	0.00362	C
749	0.001	0.00121	T
750	0.0049	0.00538	A
751	0.00092	0.00097	G
752	0.00238	0.00241	G
753	0.0102	0.01045	C
754	0.00425	0.00458	G
755	0.00823	0.00951	A
756	0.01499	0.01503	C
757	0.01002	0.01007	C
758	0.01627	0.01634	C
759	0.00875	0.01827	A
760	0.00205	0.00225	G
761	0.018	0.01818	A
762	0.02358	0.02381	C
763	0.00993	0.00996	A
764	0.013	0.01312	A
765	0.00165	0.0017	T
766	0.00144	0.00148	T
767	0.00798	0.01524	A
768	0.0017	0.00205	T
769	0.01918	0.02036	A
770	0.01767	0.01789	C
771	0.00805	0.00808	C
772	0.00391	0.00395	C
773	0.00186	0.00213	T
774	0.00853	0.00892	A
775	0.00182	0.00211	G
776	0.01038	0.01045	C
777	0.00751	0.00796	C
778	0.01096	0.0111	A
779	0.00989	0.01087	A
780	0.01385	0.01392	C
781	0.01194	0.01201	C
782	0.0132	0.01326	C
783	0.01573	0.01577	C
784	0.002	0.00205	T
785	0.00202	0.00208	T
786	0.01248	0.01255	A
787	0.01793	0.01798	A
788	0.02011	0.02027	A
789	0.02488	0.02612	C
790	0.02477	0.02538	A
791	0.01242	0.01245	C
792	0.00785	0.00787	C
793	0.00435	0.00436	C
794	0.0044	0.00445	C
795	0.00146	0.00184	T
796	0.00577	0.00578	C
797	0.01173	0.01174	C
798	0.01153	0.01154	C
799	0.01297	0.01303	C
800	0.01173	0.01417	A
801	0.01602	0.01634	C
802	0.01286	0.01397	A
803	0.0016	0.0021	T
804	0.01543	0.01562	C
805	0.01584	0.01591	A
806	0.01895	0.01927	A
807	0.00182	0.00211	G
808	0.01333	0.01335	C
809	0.00829	0.0083	C
810	0.01128	0.01129	C
811	0.00505	0.00527	G
812	0.00699	0.00704	A
813	0.00686	0.00693	A
814	0.00116	0.00129	T
815	0.00129	0.0015	G
816	0.00739	0.00757	A
817	0.00082	0.0009	T
818	0.00814	0.00832	A
819	0.00064	0.00066	T
820	0.0008	0.00082	T
821	0.00075	0.00078	T
822	0.01794	0.01802	C
823	0.01006	0.0101	C
824	0.00154	0.00172	T
825	0.01353	0.01442	A
826	0.00116	0.00117	T
827	0.00124	0.00128	T
828	0.01248	0.01398	C
829	0.00265	0.00283	G
830	0.00919	0.00922	C
831	0.00249	0.00255	C
832	0.00155	0.00182	T
833	0.01337	0.01404	A
834	0.01816	0.01853	C
835	0.01275	0.01321	A
836	0.01988	0.02018	C
837	0.01755	0.0176	A
838	0.01758	0.01767	A
839	0.00158	0.00161	T
840	0.00134	0.00138	T
841	0.01014	0.01252	C
842	0.00152	0.00177	T
843	0.0155	0.01552	C
844	0.01034	0.01042	C
845	0.00487	0.00543	G
846	0.0082	0.00865	A
847	0.00113	0.00138	T
848	0.01032	0.01036	C
849	0.00728	0.00736	C
850	0.00478	0.00529	G
851	0.00148	0.00194	T
852	0.01202	0.01207	C
853	0.01273	0.01275	C
854	0.0128	0.01285	C
855	0.002	0.00241	T
856	0.01686	0.01712	A
857	0.01754	0.01765	A
858	0.02645	0.02693	C
859	0.01498	0.01512	A
860	0.01533	0.01536	A
861	0.02153	0.02176	A
862	0.01762	0.01912	C
863	0.00119	0.0013	T
864	0.00821	0.00842	A
865	0.00092	0.00097	G
866	0.00116	0.00118	G
867	0.00758	0.0089	A
868	0.00216	0.00218	G
869	0.00224	0.00226	G
870	0.00803	0.00828	C
871	0.00528	0.00543	G
872	0.00098	0.00116	T
873	0.00529	0.00533	C
874	0.00631	0.00635	C
875	0.00145	0.00148	T
876	0.00128	0.00131	T
877	0.00243	0.00274	G
878	0.01121	0.01124	C
879	0.00462	0.00465	C
880	0.00898	0.00901	C
881	0.00128	0.00145	T
882	0.00975	0.01017	A
883	0.0013	0.00131	T
884	0.00131	0.00135	T
885	0.00873	0.01732	A
886	0.01387	0.01412	C
887	0.00123	0.00142	T
888	0.01011	0.01059	A
889	0.00113	0.00128	T
890	0.00887	0.00896	C
891	0.00529	0.00535	C
892	0.00781	0.01117	A
893	0.00129	0.00152	T
894	0.00788	0.00792	C
895	0.00652	0.0066	C
896	0.00155	0.00239	T
897	0.00845	0.00897	C
898	0.0055	0.00892	A
899	0.00114	0.00137	T
900	0.00991	0.00994	C
901	0.00698	0.00704	C
902	0.0015	0.00171	T
903	0.01543	0.01567	A
904	0.00166	0.00185	G
905	0.01558	0.0158	C
906	0.01246	0.01251	A
907	0.00982	0.00987	A
908	0.00149	0.00163	T
909	0.01173	0.01175	A
910	0.0107	0.01184	A
911	0.00128	0.00148	T
912	0.00805	0.00816	C
913	0.00626	0.0063	C
914	0.00606	0.0061	C
915	0.00543	0.00546	C
916	0.00548	0.00727	A
917	0.00117	0.00136	T
918	0.00463	0.00466	C
919	0.00249	0.00254	C
920	0.00127	0.00153	T
921	0.00529	0.0053	C
922	0.00473	0.00477	C
923	0.0043	0.00605	A
924	0.00105	0.00119	T
925	0.00505	0.00537	A
926	0.00112	0.00133	T
927	0.0073	0.00759	A
928	0.00105	0.00145	T
929	0.00852	0.00861	C
930	0.00919	0.00925	C
931	0.00652	0.00661	A
932	0.0139	0.01398	A
933	0.0125	0.01255	A
934	0.02383	0.0259	C
935	0.01453	0.01455	A
936	0.01371	0.01386	A
937	0.02372	0.02463	C
938	0.01292	0.01293	A
939	0.01406	0.01406	A
940	0.01743	0.01766	A
941	0.00436	0.00527	G
942	0.01618	0.01645	C
943	0.01411	0.01442	A
944	0.00154	0.00175	T
945	0.01371	0.01372	A
946	0.01206	0.01307	A
947	0.00128	0.0015	T
948	0.01252	0.013	A
949	0.00063	0.00066	T
950	0.00105	0.00106	T
951	0.00158	0.00161	T
952	0.01054	0.01107	C
953	0.00373	0.00404	G
954	0.00457	0.0046	C
955	0.00339	0.00343	C
956	0.00502	0.00506	C
957	0.00839	0.01184	A
958	0.0095	0.00985	C
959	0.00129	0.0015	T
960	0.00404	0.0041	A
961	0.00551	0.00599	A
962	0.00181	0.00205	G
963	0.00359	0.00362	C
964	0.0042	0.00423	C
965	0.00641	0.00645	A
966	0.00802	0.0081	A
967	0.00122	0.002	T
968	0.01603	0.01621	C
969	0.01546	0.01567	A
970	0.02005	0.02051	C
971	0.00126	0.0013	T
972	0.00154	0.00157	T
973	0.00163	0.00167	T
974	0.00906	0.01062	A
975	0.00157	0.0016	T
976	0.00139	0.00145	T
977	0.00153	0.00184	G
978	0.01233	0.01268	A
979	0.00754	0.00781	C
980	0.00088	0.00108	T
981	0.00884	0.0089	C
982	0.00467	0.00482	C
983	0.00119	0.00143	T
984	0.00997	0.01084	A
985	0.0015	0.0019	G
986	0.01319	0.01327	C
987	0.01063	0.01078	C
988	0.00551	0.007	G
989	0.02602	0.02666	C
990	0.01743	0.01866	A
991	0.00259	0.0028	G
992	0.01922	0.01974	A
993	0.00375	0.00381	C
994	0.00234	0.00243	C
995	0.00085	0.00104	T
996	0.00198	0.002	C
997	0.00236	0.00244	C
998	0.00097	0.00158	T
999	0.0214	0.0216	C
1000	0.00771	0.00952	A
1001	0.00075	0.00077	T
1002	0.0006	0.00064	T
1003	0.00453	0.00551	C
1004	0.00126	0.00151	T
1005	0.02141	0.02177	A
1006	0.0232	0.0233	A
1007	0.0324	0.03247	C
1008	0.01746	0.01758	C
1009	0.00182	0.00201	T
1010	0.00322	0.00344	G
1011	0.00544	0.00551	A
1012	0.00427	0.00433	A
1013	0.00052	0.00072	T
1014	0.03721	0.03742	C
1015	0.00324	0.00325	G
1016	0.00117	0.00121	G
1017	0.00385	0.00421	A
1018	0.0047	0.00471	G
1019	0.00294	0.00297	G
1020	0.01221	0.01954	A
1021	0.01656	0.01765	C
1022	0.01961	0.01964	A
1023	0.02096	0.02115	A
1024	0.02532	0.02535	C
1025	0.01465	0.01468	C
1026	0.0122	0.01513	A
1027	0.00536	0.00556	G
1028	0.001	0.00129	T
1029	0.01305	0.01309	A
1030	0.01225	0.01238	A
1031	0.00164	0.00191	G
1032	0.0024	0.00275	C
1033	0.00076	0.00129	T
1034	0.0058	0.00605	A
1035	0.00885	0.00892	C
1036	0.00594	0.00601	C
1037	0.01063	0.01067	C
1038	0.00093	0.00098	T
1039	0.00141	0.00146	T
1040	0.00146	0.00149	T
1041	0.00144	0.00148	T
1042	0.01356	0.01684	A
1043	0.01043	0.01049	C
1044	0.00511	0.00519	C
1045	0.01156	0.01376	A
1046	0.00134	0.00175	T
1047	0.01572	0.01597	C
1048	0.01566	0.01619	A
1049	0.00187	0.0019	T
1050	0.00121	0.00126	T
1051	0.00177	0.00179	G
1052	0.00137	0.00142	G
1053	0.01149	0.01767	A
1054	0.01775	0.01802	C
1055	0.01409	0.01411	A
1056	0.01154	0.01174	A
1057	0.00437	0.00461	G
1058	0.00061	0.00085	T
1059	0.00424	0.00448	A
1060	0.00492	0.00551	G
1061	0.00409	0.00468	C
1062	0.01145	0.01204	A
1063	0.00073	0.00099	T
1064	0.00696	0.00701	C
1065	0.00626	0.00633	C
1066	0.00469	0.00522	G
1067	0.00114	0.00145	T
1068	0.0103	0.01053	A
1069	0.0108	0.01117	C
1070	0.00107	0.00129	T
1071	0.00903	0.00972	A
1072	0.00119	0.00149	T
1073	0.0103	0.01081	A
1074	0.01323	0.014	C
1075	0.00132	0.00134	T
1076	0.00159	0.00172	T
1077	0.01004	0.01088	C
1078	0.01286	0.01336	A
1079	0.01733	0.01814	C
1080	0.01215	0.01229	A
1081	0.01388	0.01411	A
1082	0.01909	0.01983	C
1083	0.01012	0.01014	A
1084	0.01019	0.01072	A
1085	0.00172	0.002	T
1086	0.01004	0.01008	C
1087	0.00766	0.00774	C
1088	0.00187	0.00228	T
1089	0.00471	0.0051	A
1090	0.00999	0.01007	A
1091	0.00135	0.00152	T
1092	0.0092	0.00927	C
1093	0.00664	0.00672	C
1094	0.00201	0.00221	T
1095	0.01064	0.01087	A
1096	0.00901	0.00917	A
1097	0.00185	0.00221	T
1098	0.01374	0.01392	A
1099	0.0156	0.01588	C
1100	0.00863	0.00867	C
1101	0.0081	0.0081	A
1102	0.01004	0.01004	A
1103	0.00927	0.00945	C
1104	0.00173	0.00186	T
1105	0.00575	0.00607	A
1106	0.00182	0.00192	T
1107	0.00604	0.00628	C
1108	0.00232	0.00286	T
1109	0.00559	0.00561	C
1110	0.00842	0.00842	C
1111	0.01763	0.01768	C
1112	0.00194	0.00198	T
1113	0.01198	0.01224	A
1114	0.01457	0.01462	A
1115	0.00203	0.00203	T
1116	0.00197	0.00197	T
1117	0.00174	0.00184	G
1118	0.01684	0.01685	A
1119	0.00864	0.00866	A
1120	0.01312	0.01312	A
1121	0.01347	0.01349	A
1122	0.01234	0.01886	C
1123	0.01201	0.01202	A
1124	0.00796	0.00796	A
1125	0.01067	0.01067	A
1126	0.00681	0.00681	A
1127	0.00081	0.00086	T
1128	0.01173	0.0118	A
1129	0.01025	0.0104	C
1130	0.00132	0.00132	T
1131	0.00409	0.00414	C
1132	0.00224	0.00229	A
1133	0.0058	0.0058	A
1134	0.02862	0.02862	A
1135	0.08789	0.09563	T
1136	0.01095	0.01095	G
1137	0.00369	0.00369	G
1138	0.00309	0.00309	G
1139	0.00252	0.00252	C
1140	0.00015	0.00015	C
1141	0.0	0.0	T
1142	0.0	0.0	A
1143	0.0	0.0	A
