Position	Mismatches	Mismatches + Deletions	Base
1	0.0	0.0	A
2	0.0	0.0	A
3	0.0	0.0	T
4	0.0014	0.0014	G
5	0.00253	0.00422	C
6	0.00074	0.00074	C
7	0.00481	0.00481	C
8	0.01314	0.01314	C
9	0.00963	0.01262	A
10	0.01347	0.01354	A
11	0.01611	0.0163	C
12	0.00135	0.00144	T
13	0.00761	0.00762	A
14	0.01177	0.0118	A
15	0.00941	0.00941	A
16	0.00147	0.00163	T
17	0.01606	0.01613	A
18	0.01505	0.01537	C
19	0.00115	0.00128	T
20	0.02132	0.02149	A
21	0.0146	0.01464	C
22	0.00712	0.00714	C
23	0.00292	0.00307	G
24	0.00078	0.0009	T
25	0.00318	0.00334	A
26	0.00069	0.00074	T
27	0.00127	0.00128	G
28	0.00127	0.00128	G
29	0.00614	0.00615	C
30	0.00324	0.00324	C
31	0.0071	0.00714	C
32	0.00832	0.01003	A
33	0.01066	0.01067	C
34	0.00742	0.00744	C
35	0.00447	0.00634	A
36	0.00112	0.00119	T
37	0.00584	0.00585	A
38	0.00749	0.00764	A
39	0.00085	0.00086	T
40	0.00102	0.00103	T
41	0.00933	0.01114	A
42	0.00652	0.00654	C
43	0.00357	0.00358	C
44	0.00421	0.00422	C
45	0.00225	0.00227	C
46	0.00287	0.00287	C
47	0.00203	0.00402	A
48	0.00072	0.0008	T
49	0.00421	0.00431	A
50	0.00403	0.00411	C
51	0.00073	0.00077	T
52	0.00449	0.0045	C
53	0.0057	0.00572	C
54	0.00103	0.00103	T
55	0.00114	0.00114	T
56	0.00499	0.00854	A
57	0.01148	0.01167	C
58	0.01323	0.0133	A
59	0.01096	0.01104	C
60	0.00103	0.00109	T
61	0.00898	0.01103	A
62	0.00086	0.00087	T
63	0.00067	0.00068	T
64	0.00523	0.00525	C
65	0.00298	0.00299	C
66	0.00099	0.00109	T
67	0.00164	0.00171	C
68	0.00212	0.00232	A
69	0.00069	0.00093	T
70	0.00132	0.00139	C
71	0.00269	0.00276	A
72	0.00262	0.00262	C
73	0.00348	0.00348	C
74	0.0088	0.00881	C
75	0.00534	0.00536	A
76	0.00597	0.00597	A
77	0.0137	0.01399	C
78	0.00232	0.00253	T
79	0.00105	0.00107	A
80	0.0067	0.00672	A
81	0.00639	0.00639	A
82	0.00951	0.00951	A
83	0.00694	0.00695	A
84	0.00216	0.00238	T
85	0.00902	0.00917	A
86	0.00126	0.00128	T
87	0.00129	0.00139	T
88	0.0082	0.00825	A
89	0.00988	0.00992	A
90	0.01033	0.01037	A
91	0.01474	0.01556	C
92	0.00937	0.00968	A
93	0.01277	0.01363	C
94	0.00947	0.00948	A
95	0.00915	0.00916	A
96	0.01378	0.01389	A
97	0.01351	0.01416	C
98	0.00166	0.00175	T
99	0.01215	0.01228	A
100	0.01241	0.01245	C
101	0.00697	0.00702	C
102	0.01436	0.01754	A
103	0.00923	0.00924	C
104	0.00627	0.00637	C
105	0.00165	0.0019	T
106	0.016	0.01618	A
107	0.01057	0.0106	C
108	0.00637	0.00651	C
109	0.00164	0.00188	T
110	0.0054	0.0054	C
111	0.00398	0.00399	C
112	0.00603	0.00607	C
113	0.00153	0.0018	T
114	0.00408	0.0042	C
115	0.00773	0.00816	A
116	0.0055	0.0055	C
117	0.00291	0.00295	C
118	0.00245	0.00247	A
119	0.00315	0.00317	A
120	0.00422	0.00425	A
121	0.00296	0.00314	G
122	0.00387	0.00389	C
123	0.00312	0.00314	C
124	0.01225	0.01228	C
125	0.00441	0.00477	A
126	0.00254	0.0028	T
127	0.00101	0.00102	A
128	0.00708	0.00709	A
129	0.00652	0.00652	A
130	0.01058	0.01058	A
131	0.00718	0.00721	A
132	0.02311	0.02506	T
133	0.00198	0.00198	A
134	0.00106	0.00106	A
135	0.00733	0.00733	A
136	0.00471	0.00471	A
137	0.00677	0.00677	A
138	0.00635	0.00638	A
139	0.00224	0.00229	T
140	0.00157	0.00172	T
141	0.0053	0.0085	A
142	0.00113	0.00131	T
143	0.00755	0.00756	A
144	0.00715	0.00731	A
145	0.00864	0.00895	C
146	0.00525	0.00525	A
147	0.00533	0.00534	A
148	0.00891	0.00938	A
149	0.00733	0.00739	C
150	0.00356	0.00358	C
151	0.00591	0.00594	C
152	0.0015	0.00163	T
153	0.00143	0.00157	G
154	0.01507	0.01548	A
155	0.00238	0.00267	G
156	0.01428	0.01431	A
157	0.01454	0.01464	A
158	0.01944	0.01952	C
159	0.01547	0.01559	C
160	0.00737	0.0074	A
161	0.00647	0.00648	A
162	0.00885	0.0089	A
163	0.0078	0.00782	A
164	0.00127	0.00137	T
165	0.00185	0.002	G
166	0.00584	0.00586	A
167	0.00676	0.00679	A
168	0.00612	0.00632	C
169	0.00261	0.00278	G
170	0.00785	0.00789	A
171	0.00466	0.0047	A
172	0.01615	0.01621	A
173	0.01888	0.01891	A
174	0.0015	0.00169	T
175	0.01827	0.01836	C
176	0.00161	0.00166	T
177	0.00244	0.00283	G
178	0.00059	0.0006	T
179	0.00043	0.00045	T
180	0.00282	0.00295	C
181	0.00234	0.00242	G
182	0.01969	0.01991	C
183	0.0006	0.00066	T
184	0.00056	0.00058	T
185	0.00266	0.00281	C
186	0.00541	0.00555	A
187	0.00047	0.00048	T
188	0.00055	0.00056	T
189	0.00974	0.00997	C
190	0.00818	0.00834	A
191	0.00086	0.00087	T
192	0.00085	0.00087	T
193	0.00271	0.00289	G
194	0.00508	0.0051	C
195	0.00147	0.00149	C
196	0.00612	0.00613	C
197	0.00747	0.00748	C
198	0.01197	0.01204	C
199	0.00881	0.01076	A
200	0.02173	0.02202	C
201	0.01032	0.01036	A
202	0.01194	0.01217	A
203	0.0015	0.00159	T
204	0.01297	0.01298	C
205	0.01034	0.01039	C
206	0.00182	0.00202	T
207	0.01325	0.01473	A
208	0.00097	0.00099	G
209	0.00154	0.00156	G
210	0.00392	0.00393	C
211	0.00368	0.00372	C
212	0.0013	0.00153	T
213	0.00967	0.01002	A
214	0.01942	0.01946	C
215	0.01338	0.01348	C
216	0.02009	0.02029	C
217	0.0035	0.00368	G
218	0.00398	0.00399	C
219	0.00356	0.00358	C
220	0.00366	0.00389	G
221	0.00856	0.00871	C
222	0.00826	0.0084	A
223	0.00269	0.00276	G
224	0.00094	0.00103	T
225	0.00751	0.00766	A
226	0.00976	0.00987	C
227	0.00109	0.00116	T
228	0.0016	0.00178	G
229	0.00822	0.00833	A
230	0.00082	0.001	T
231	0.00755	0.00766	C
232	0.01061	0.01076	A
233	0.00077	0.00078	T
234	0.00073	0.00075	T
235	0.00505	0.0059	C
236	0.00108	0.00119	T
237	0.00896	0.00938	A
238	0.00049	0.0005	T
239	0.00094	0.00094	T
240	0.00131	0.00132	T
241	0.00412	0.00414	C
242	0.0043	0.00431	C
243	0.00753	0.00753	C
244	0.00752	0.00754	C
245	0.00912	0.00913	C
246	0.00125	0.00138	T
247	0.01009	0.01019	C
248	0.00134	0.00141	T
249	0.01194	0.0122	A
250	0.00125	0.00125	T
251	0.00118	0.00119	T
252	0.0014	0.00155	G
253	0.00808	0.00823	A
254	0.00091	0.00099	T
255	0.00364	0.00367	C
256	0.00378	0.00381	C
257	0.00321	0.00322	C
258	0.00324	0.00327	C
259	0.00637	0.00729	A
260	0.00624	0.00626	C
261	0.00362	0.00366	C
262	0.00149	0.00161	T
263	0.00459	0.00459	C
264	0.00342	0.00343	C
265	0.00253	0.00255	A
266	0.00523	0.00525	A
267	0.00482	0.00484	A
268	0.00143	0.00151	T
269	0.00716	0.00727	A
270	0.00109	0.00118	T
271	0.00603	0.00611	C
272	0.00112	0.00142	T
273	0.00582	0.00594	C
274	0.00689	0.00733	A
275	0.0012	0.0014	T
276	0.00833	0.00845	C
277	0.00951	0.00958	A
278	0.01004	0.01008	A
279	0.01646	0.01672	C
280	0.00994	0.00995	A
281	0.0128	0.01304	A
282	0.01627	0.01629	C
283	0.00971	0.00977	C
284	0.00199	0.00229	G
285	0.01881	0.01886	A
286	0.01021	0.01031	C
287	0.00201	0.00208	T
288	0.00608	0.0061	A
289	0.00554	0.00558	A
290	0.001	0.00113	T
291	0.0041	0.00418	C
292	0.00724	0.00732	A
293	0.00362	0.00363	C
294	0.00231	0.00236	C
295	0.00376	0.00504	A
296	0.0043	0.00431	C
297	0.00378	0.00378	C
298	0.00527	0.0053	C
299	0.00499	0.00501	A
300	0.00452	0.00453	A
301	0.01035	0.01052	C
302	0.00623	0.00623	A
303	0.00677	0.00684	A
304	0.00152	0.00157	T
305	0.00112	0.00117	G
306	0.01009	0.01015	A
307	0.00806	0.00815	C
308	0.00187	0.00194	T
309	0.00556	0.00558	A
310	0.00732	0.00735	A
311	0.00093	0.00118	T
312	0.0049	0.005	C
313	0.00565	0.00568	A
314	0.00512	0.00515	A
315	0.00791	0.00792	A
316	0.006	0.00648	C
317	0.00148	0.00159	T
318	0.00485	0.00487	A
319	0.00521	0.00529	A
320	0.00561	0.00563	C
321	0.00419	0.00426	C
322	0.00117	0.00141	T
323	0.00752	0.00765	C
324	0.00737	0.00753	A
325	0.00511	0.00514	A
326	0.00959	0.00965	A
327	0.0108	0.01082	A
328	0.01267	0.01492	C
329	0.00543	0.00544	A
330	0.00827	0.00827	A
331	0.00794	0.00803	A
332	0.00135	0.00146	T
333	0.00166	0.00177	G
334	0.00773	0.00788	A
335	0.00099	0.00112	T
336	0.00576	0.00577	A
337	0.00648	0.00671	A
338	0.00574	0.00578	C
339	0.00307	0.00308	C
340	0.00229	0.00529	A
341	0.0009	0.00097	T
342	0.00471	0.00478	A
343	0.00692	0.00714	C
344	0.00645	0.00664	A
345	0.00867	0.00895	C
346	0.0085	0.00851	A
347	0.00989	0.01002	A
348	0.01129	0.01155	C
349	0.00845	0.00854	A
350	0.00815	0.00827	C
351	0.00123	0.00134	T
352	0.00559	0.0056	A
353	0.00721	0.00725	A
354	0.00674	0.00676	A
355	0.00163	0.00165	G
356	0.00115	0.00116	G
357	0.00956	0.01097	A
358	0.00638	0.00661	C
359	0.00305	0.00317	G
360	0.00443	0.00449	A
361	0.00475	0.00482	A
362	0.00381	0.00382	C
363	0.00303	0.00305	C
364	0.00105	0.00111	T
365	0.0014	0.00148	G
366	0.00512	0.00517	A
367	0.00064	0.00067	T
368	0.00502	0.00506	C
369	0.00064	0.00069	T
370	0.00559	0.00568	C
371	0.00098	0.00098	T
372	0.00088	0.00091	T
373	0.00319	0.00566	A
374	0.0007	0.00075	T
375	0.00636	0.00654	A
376	0.00489	0.00496	C
377	0.00063	0.00066	T
378	0.00463	0.00474	A
379	0.00075	0.00081	G
380	0.00053	0.00059	T
381	0.00419	0.00428	A
382	0.00052	0.00056	T
383	0.00436	0.00437	C
384	0.0052	0.00524	C
385	0.00095	0.00095	T
386	0.00103	0.00104	T
387	0.00461	0.00468	A
388	0.00866	0.00876	A
389	0.00155	0.00161	T
390	0.01043	0.01069	C
391	0.00504	0.00543	A
392	0.00048	0.00048	T
393	0.00052	0.00052	T
394	0.00059	0.0006	T
395	0.00071	0.00071	T
396	0.00076	0.00077	T
397	0.00552	0.00761	A
398	0.00149	0.00149	T
399	0.0032	0.00321	T
400	0.00201	0.00215	G
401	0.0064	0.00643	C
402	0.00525	0.00533	C
403	0.0083	0.01354	A
404	0.01641	0.01698	C
405	0.00947	0.0095	A
406	0.01375	0.01385	A
407	0.0132	0.01364	C
408	0.00156	0.00166	T
409	0.01085	0.01089	A
410	0.01272	0.01286	A
411	0.01001	0.01003	C
412	0.00558	0.00568	C
413	0.00109	0.00124	T
414	0.00696	0.00697	C
415	0.00952	0.00961	C
416	0.00192	0.00209	T
417	0.01273	0.0129	C
418	0.0012	0.00124	G
419	0.00118	0.0012	G
420	0.01039	0.01157	A
421	0.00739	0.00754	C
422	0.00085	0.00093	T
423	0.00479	0.0048	C
424	0.00365	0.00369	C
425	0.00109	0.00126	T
426	0.00136	0.00152	G
427	0.00407	0.00409	C
428	0.00259	0.00262	C
429	0.00086	0.00118	T
430	0.00704	0.00721	C
431	0.00618	0.00646	A
432	0.01064	0.01075	C
433	0.00144	0.00168	T
434	0.00844	0.00853	C
435	0.00615	0.00662	A
436	0.00113	0.00114	T
437	0.00143	0.00144	T
438	0.00154	0.00155	T
439	0.01506	0.01602	A
440	0.01227	0.0125	C
441	0.02	0.02012	A
442	0.00899	0.00901	C
443	0.0059	0.00598	C
444	0.0052	0.00522	A
445	0.00844	0.00848	A
446	0.00506	0.00509	C
447	0.00258	0.00261	C
448	0.00454	0.0061	A
449	0.00474	0.00475	C
450	0.00394	0.00394	C
451	0.00812	0.00815	C
452	0.0061	0.00612	A
453	0.00675	0.00676	A
454	0.01591	0.01607	C
455	0.00134	0.0014	T
456	0.01055	0.01067	A
457	0.00129	0.00133	T
458	0.01277	0.01288	C
459	0.00167	0.00175	T
460	0.01452	0.01481	A
461	0.0016	0.00176	T
462	0.01197	0.01201	A
463	0.01286	0.01288	A
464	0.01812	0.0183	A
465	0.02045	0.02056	C
466	0.00506	0.00512	C
467	0.00142	0.00156	T
468	0.01892	0.01932	A
469	0.00139	0.00148	G
470	0.00774	0.00776	C
471	0.00562	0.00563	C
472	0.00587	0.00776	A
473	0.00113	0.00123	T
474	0.00154	0.00156	G
475	0.00158	0.00162	G
476	0.00641	0.00643	C
477	0.00847	0.0085	C
478	0.01095	0.0133	A
479	0.00218	0.00233	T
480	0.0119	0.01194	C
481	0.01372	0.01374	C
482	0.01253	0.01256	C
483	0.00629	0.0063	C
484	0.00116	0.00118	T
485	0.0012	0.00125	T
486	0.00491	0.00883	A
487	0.00147	0.00153	T
488	0.00106	0.00121	G
489	0.00568	0.00584	A
490	0.01016	0.01033	G
491	0.00664	0.00681	C
492	0.00772	0.00772	G
493	0.00218	0.00218	G
494	0.00339	0.00341	G
495	0.0048	0.00521	C
496	0.00833	0.00857	A
497	0.01062	0.01072	C
498	0.01008	0.01029	A
499	0.00164	0.00169	G
500	0.00106	0.00123	T
501	0.0014	0.00147	G
502	0.01135	0.01174	A
503	0.00092	0.00093	T
504	0.00123	0.00125	T
505	0.00979	0.01557	A
506	0.00088	0.00097	T
507	0.0105	0.01097	A
508	0.00095	0.00097	G
509	0.00117	0.00118	G
510	0.00582	0.00595	C
511	0.00057	0.00058	T
512	0.00085	0.00087	T
513	0.00096	0.00098	T
514	0.00469	0.00485	C
515	0.00201	0.0021	G
516	0.00397	0.00407	C
517	0.00069	0.00075	T
518	0.00398	0.00408	C
519	0.00092	0.001	T
520	0.00812	0.00821	A
521	0.01237	0.01242	A
522	0.00102	0.00122	G
523	0.01979	0.01999	A
524	0.00149	0.00151	T
525	0.00197	0.00225	T
526	0.00147	0.00151	A
527	0.0115	0.01158	A
528	0.00912	0.00918	A
529	0.01438	0.01443	A
530	0.01114	0.01116	A
531	0.00131	0.00138	T
532	0.00185	0.00202	G
533	0.00694	0.00697	C
534	0.00194	0.00197	C
535	0.00248	0.00251	C
536	0.00114	0.00128	T
537	0.00626	0.00683	A
538	0.00152	0.00164	G
539	0.00386	0.00388	C
540	0.00453	0.00456	C
541	0.00826	0.00828	C
542	0.00442	0.00557	A
543	0.00897	0.00913	C
544	0.00078	0.00081	T
545	0.00092	0.00094	T
546	0.00658	0.00715	C
547	0.00149	0.0015	T
548	0.00184	0.00187	T
549	0.00684	0.01083	A
550	0.01001	0.01003	C
551	0.00694	0.00698	C
552	0.00901	0.01071	A
553	0.01544	0.0157	C
554	0.01028	0.01029	A
555	0.01246	0.01264	A
556	0.00128	0.00131	G
557	0.00149	0.00152	G
558	0.01117	0.01151	C
559	0.01302	0.01482	A
560	0.01605	0.01637	C
561	0.00917	0.00953	A
562	0.014	0.01402	C
563	0.00785	0.00793	C
564	0.00175	0.00226	T
565	0.01459	0.0171	A
566	0.01381	0.01417	C
567	0.01388	0.01534	A
568	0.00802	0.00803	C
569	0.00546	0.00548	C
570	0.00397	0.00398	C
571	0.00342	0.00344	C
572	0.00121	0.00124	T
573	0.00076	0.0008	T
574	0.00202	0.00299	A
575	0.00063	0.00073	T
576	0.00208	0.0021	C
577	0.00253	0.00254	C
578	0.00507	0.00508	C
579	0.00748	0.00749	C
580	0.00265	0.00527	A
581	0.00084	0.00092	T
582	0.00474	0.00481	A
583	0.00888	0.00896	C
584	0.00079	0.00084	T
585	0.01029	0.01049	A
586	0.00067	0.00072	G
587	0.00092	0.00093	T
588	0.0011	0.00112	T
589	0.00639	0.01131	A
590	0.0011	0.00111	T
591	0.00125	0.00126	T
592	0.00731	0.01285	A
593	0.00117	0.00123	T
594	0.01238	0.01253	C
595	0.0025	0.00266	G
596	0.00619	0.00629	A
597	0.01006	0.01007	A
598	0.01161	0.01161	A
599	0.00857	0.0086	C
600	0.00423	0.00424	C
601	0.0069	0.00781	A
602	0.00148	0.00206	T
603	0.00596	0.00612	C
604	0.00741	0.00788	A
605	0.00137	0.00146	G
606	0.0032	0.00321	C
607	0.0014	0.00143	C
608	0.00087	0.00096	T
609	0.00433	0.00449	A
610	0.0051	0.00525	C
611	0.00073	0.00081	T
612	0.00381	0.00393	C
613	0.00497	0.00527	A
614	0.00087	0.00087	T
615	0.00105	0.00106	T
616	0.00974	0.00985	C
617	0.01251	0.01253	A
618	0.01305	0.01311	A
619	0.01668	0.01671	C
620	0.01302	0.01302	C
621	0.01125	0.01126	A
622	0.01161	0.01171	A
623	0.00222	0.00244	T
624	0.01335	0.01377	A
625	0.00172	0.00182	G
626	0.00693	0.00694	C
627	0.00721	0.00721	C
628	0.00852	0.00853	C
629	0.00111	0.00119	T
630	0.00196	0.00199	G
631	0.00164	0.00165	G
632	0.00256	0.00257	C
633	0.00854	0.00856	C
634	0.00369	0.00392	G
635	0.00117	0.00136	T
636	0.01022	0.01057	A
637	0.01391	0.01405	C
638	0.00238	0.00244	G
639	0.0033	0.00332	C
640	0.00211	0.00214	C
641	0.00115	0.00133	T
642	0.00891	0.00898	A
643	0.01211	0.01216	A
644	0.01755	0.01758	C
645	0.01602	0.01608	C
646	0.00319	0.00339	G
647	0.00878	0.00898	C
648	0.00142	0.00153	T
649	0.01317	0.01329	A
650	0.01826	0.01831	A
651	0.01572	0.01589	C
652	0.01247	0.01264	A
653	0.00126	0.00128	T
654	0.00115	0.00118	T
655	0.00734	0.01202	A
656	0.01127	0.0114	C
657	0.00115	0.00123	T
658	0.0026	0.0031	G
659	0.0071	0.00749	C
660	0.00999	0.01071	A
661	0.00129	0.00132	G
662	0.00251	0.00255	G
663	0.00398	0.00401	C
664	0.00321	0.00327	C
665	0.00672	0.00853	A
666	0.00971	0.00974	C
667	0.00508	0.00511	C
668	0.001	0.00112	T
669	0.00628	0.00641	A
670	0.00725	0.00743	C
671	0.00126	0.00167	T
672	0.0053	0.00545	C
673	0.00665	0.00738	A
674	0.00159	0.00172	T
675	0.00254	0.003	G
676	0.00681	0.00698	C
677	0.0111	0.01121	A
678	0.01033	0.01034	C
679	0.00828	0.0083	C
680	0.00148	0.00155	T
681	0.00962	0.00968	A
682	0.01396	0.01399	A
683	0.00123	0.00126	T
684	0.00129	0.00132	T
685	0.00135	0.00137	G
686	0.00108	0.0011	G
687	0.00917	0.0092	A
688	0.00801	0.00803	A
689	0.00253	0.00263	G
690	0.00545	0.00559	C
691	0.00337	0.00348	G
692	0.00381	0.00383	C
693	0.00236	0.00239	C
694	0.00422	0.0066	A
695	0.00606	0.00609	C
696	0.0049	0.00492	C
697	0.00451	0.00453	C
698	0.00096	0.00105	T
699	0.00703	0.00711	A
700	0.00115	0.00123	G
701	0.00675	0.00686	C
702	0.00668	0.00671	A
703	0.00547	0.00549	A
704	0.00106	0.0011	T
705	0.00654	0.00661	A
706	0.00103	0.00153	T
707	0.00841	0.00864	C
708	0.00873	0.00875	A
709	0.01181	0.01183	A
710	0.0117	0.0117	C
711	0.0052	0.00521	C
712	0.00789	0.00914	A
713	0.00095	0.00097	T
714	0.00112	0.00114	T
715	0.00413	0.00415	A
716	0.00743	0.00749	A
717	0.00641	0.00642	C
718	0.00316	0.00318	C
719	0.00086	0.00088	T
720	0.00074	0.00074	T
721	0.00245	0.00246	C
722	0.002	0.002	C
723	0.00438	0.00438	C
724	0.0006	0.00064	T
725	0.00437	0.00445	C
726	0.00096	0.00101	T
727	0.00525	0.0054	A
728	0.00653	0.00666	C
729	0.00556	0.00563	A
730	0.00393	0.004	C
731	0.00069	0.0007	T
732	0.00065	0.00066	T
733	0.00244	0.00352	A
734	0.00049	0.0006	T
735	0.00265	0.00274	C
736	0.00303	0.0031	A
737	0.00041	0.00045	T
738	0.00227	0.00232	C
739	0.00071	0.00072	T
740	0.00078	0.00081	T
741	0.00204	0.00212	C
742	0.00366	0.0037	A
743	0.00595	0.00607	C
744	0.00327	0.00327	A
745	0.00435	0.00437	A
746	0.00061	0.00062	T
747	0.00061	0.00063	T
748	0.0034	0.00412	C
749	0.001	0.00108	T
750	0.00461	0.00465	A
751	0.00635	0.0064	A
752	0.00062	0.00063	T
753	0.00056	0.00057	T
754	0.00413	0.00456	C
755	0.00096	0.00104	T
756	0.00998	0.01013	A
757	0.00974	0.00985	C
758	0.00165	0.0017	T
759	0.00095	0.00108	G
760	0.00918	0.00924	A
761	0.00997	0.01015	C
762	0.00105	0.00117	T
763	0.01019	0.01062	A
764	0.00104	0.00112	T
765	0.01158	0.0116	C
766	0.00911	0.00917	C
767	0.00128	0.00139	T
768	0.01332	0.01354	A
769	0.00106	0.00116	G
770	0.00719	0.0072	A
771	0.00812	0.00813	A
772	0.00602	0.00604	A
773	0.00056	0.00062	T
774	0.00522	0.0053	C
775	0.00305	0.00308	G
776	0.00425	0.00432	C
777	0.00096	0.00099	T
778	0.00284	0.00294	G
779	0.00072	0.00088	T
780	0.01501	0.01511	C
781	0.00192	0.00197	G
782	0.00443	0.00444	C
783	0.00244	0.00246	C
784	0.00092	0.00092	T
785	0.00102	0.00103	T
786	0.00684	0.00694	A
787	0.00766	0.0077	A
788	0.00083	0.00091	T
789	0.00994	0.00996	C
790	0.0072	0.00723	C
791	0.0062	0.00624	A
792	0.00845	0.00849	A
793	0.0018	0.00186	G
794	0.00406	0.00407	C
795	0.00155	0.00158	C
796	0.00084	0.00092	T
797	0.00778	0.00788	A
798	0.01177	0.01186	C
799	0.00169	0.00181	G
800	0.0004	0.0004	T
801	0.00046	0.00047	T
802	0.00069	0.00069	T
803	0.00103	0.00103	T
804	0.00629	0.00708	C
805	0.01545	0.01574	A
806	0.01913	0.01931	C
807	0.01423	0.01446	A
808	0.01532	0.0155	C
809	0.00087	0.00089	T
810	0.00093	0.00095	T
811	0.00953	0.01085	C
812	0.00119	0.00123	T
813	0.01151	0.01175	A
814	0.00113	0.00117	G
815	0.0017	0.00212	T
816	0.01074	0.01076	A
817	0.01	0.01017	A
818	0.00109	0.00115	G
819	0.01159	0.01159	C
820	0.00212	0.00212	C
821	0.0008	0.00084	T
822	0.00656	0.00663	C
823	0.00131	0.00133	T
824	0.00769	0.00789	A
825	0.00618	0.00619	C
826	0.00441	0.00443	C
827	0.00441	0.00456	T
828	0.00188	0.00193	G
829	0.00563	0.00586	C
830	0.00575	0.00614	A
831	0.00557	0.0057	C
832	0.0034	0.00347	G
833	0.00475	0.0048	A
834	0.00699	0.00716	C
835	0.0078	0.0078	A
836	0.00755	0.00758	A
837	0.01121	0.01161	C
838	0.00621	0.00663	A
839	0.00703	0.00703	C
840	0.00093	0.00093	A
841	0.0	0.0	T
842	0.0	0.0	A
