Position	Mismatches	Mismatches + Deletions	Base
1	0.0	0.0	A
2	0.0	0.0	T
3	0.0	0.0	G
4	0.01914	0.01914	C
5	0.00113	0.00113	T
6	0.00829	0.01343	A
7	0.00782	0.00782	A
8	0.01156	0.01157	A
9	0.02283	0.02283	A
10	0.01301	0.01674	C
11	0.00189	0.00202	T
12	0.00659	0.00663	A
13	0.00941	0.00945	A
14	0.0009	0.00096	T
15	0.00312	0.00316	C
16	0.00346	0.00355	G
17	0.00075	0.00088	T
18	0.00186	0.00186	C
19	0.00431	0.00431	C
20	0.02804	0.02806	C
21	0.00819	0.00826	A
22	0.00814	0.00814	A
23	0.01734	0.01757	C
24	0.00621	0.00622	A
25	0.00892	0.00897	A
26	0.00132	0.00135	T
27	0.00127	0.00129	T
28	0.00569	0.01025	A
29	0.00112	0.00123	T
30	0.01064	0.01115	A
31	0.00109	0.00109	T
32	0.00104	0.00107	T
33	0.00718	0.01043	A
34	0.00899	0.00921	C
35	0.00097	0.00109	T
36	0.00968	0.00992	A
37	0.00833	0.00838	C
38	0.00554	0.00557	C
39	0.00854	0.0114	A
40	0.00908	0.0092	C
41	0.00097	0.00106	T
42	0.0012	0.00135	G
43	0.00704	0.00719	A
44	0.00653	0.00667	C
45	0.00547	0.00563	A
46	0.00112	0.00123	T
47	0.00105	0.00124	G
48	0.00575	0.00595	A
49	0.00564	0.00582	C
50	0.00063	0.00065	T
51	0.00076	0.00078	T
52	0.00094	0.00097	T
53	0.00339	0.00342	C
54	0.00811	0.00814	C
55	0.00044	0.00049	A
56	0.00169	0.00172	A
57	0.0072	0.00722	A
58	0.00507	0.00508	A
59	0.00879	0.0088	A
60	0.0044	0.00441	A
61	0.02449	0.02595	C
62	0.01044	0.01071	A
63	0.02006	0.02034	C
64	0.01383	0.01414	A
65	0.00349	0.00427	T
66	0.01533	0.01534	A
67	0.01611	0.01721	A
68	0.00153	0.00155	T
69	0.00164	0.00168	T
70	0.00165	0.00169	T
71	0.00206	0.00257	G
72	0.01838	0.01843	A
73	0.02043	0.02046	A
74	0.00182	0.0024	T
75	0.01705	0.01746	C
76	0.01605	0.01612	A
77	0.01402	0.01409	A
78	0.02181	0.02257	C
79	0.01202	0.01255	A
80	0.01472	0.01687	C
81	0.00913	0.00914	A
82	0.01441	0.01475	A
83	0.01242	0.0125	C
84	0.00583	0.00591	C
85	0.00824	0.01162	A
86	0.01004	0.01006	C
87	0.0088	0.00881	C
88	0.00729	0.00734	C
89	0.00595	0.00739	A
90	0.01577	0.01625	C
91	0.01022	0.01133	A
92	0.00226	0.00255	G
93	0.01427	0.01428	C
94	0.00557	0.00559	C
95	0.00183	0.00211	T
96	0.00545	0.00553	A
97	0.00828	0.00832	A
98	0.00152	0.00156	T
99	0.00154	0.00158	T
100	0.00643	0.0156	A
101	0.00116	0.00118	T
102	0.00097	0.00102	T
103	0.00833	0.01047	A
104	0.00179	0.00241	G
105	0.00486	0.00532	C
106	0.0058	0.00623	A
107	0.00064	0.00124	T
108	0.00278	0.00333	C
109	0.00608	0.00677	A
110	0.00095	0.00133	T
111	0.00369	0.00373	C
112	0.00319	0.00321	C
113	0.00822	0.00827	C
114	0.00106	0.00121	T
115	0.00582	0.006	C
116	0.00123	0.00135	T
117	0.00572	0.00593	A
118	0.00933	0.00989	C
119	0.00128	0.00189	T
120	0.00143	0.00164	A
121	0.00035	0.00036	T
122	0.00039	0.00039	T
123	0.00049	0.0005	T
124	0.00078	0.00078	T
125	0.00078	0.00079	T
126	0.00086	0.00087	T
127	0.0081	0.00833	A
128	0.01048	0.0106	A
129	0.0137	0.01383	C
130	0.00836	0.00842	C
131	0.00637	0.00645	A
132	0.01569	0.01581	A
133	0.0111	0.01128	A
134	0.002	0.0028	T
135	0.02244	0.02281	C
136	0.0153	0.01536	A
137	0.01423	0.01431	A
138	0.02649	0.02741	C
139	0.01268	0.0127	A
140	0.01138	0.01169	A
141	0.02588	0.02667	C
142	0.014	0.01401	A
143	0.01928	0.0197	A
144	0.02453	0.02458	C
145	0.01235	0.01259	C
146	0.00151	0.00167	T
147	0.01681	0.01738	A
148	0.00141	0.00142	T
149	0.00163	0.00164	T
150	0.0016	0.00162	T
151	0.01394	0.01563	A
152	0.00154	0.00163	G
153	0.00957	0.00967	C
154	0.00094	0.00102	T
155	0.00402	0.00441	G
156	0.00088	0.00089	T
157	0.00106	0.00108	T
158	0.00644	0.00647	C
159	0.00712	0.00714	C
160	0.01334	0.01336	C
161	0.01993	0.02007	C
162	0.01146	0.01187	A
163	0.01838	0.01844	A
164	0.02064	0.02066	C
165	0.01085	0.0109	C
166	0.00129	0.00131	T
167	0.00084	0.00085	T
168	0.00352	0.00352	T
169	0.00104	0.00104	T
170	0.00761	0.00764	C
171	0.00649	0.00652	C
172	0.00163	0.00187	T
173	0.01091	0.01093	C
174	0.01124	0.01129	C
175	0.00391	0.00492	G
176	0.01972	0.02072	A
177	0.01044	0.01048	C
178	0.00882	0.00886	C
179	0.01367	0.01372	C
180	0.01526	0.01528	C
181	0.01112	0.01114	C
182	0.00246	0.00291	T
183	0.01596	0.01614	A
184	0.01876	0.01899	A
185	0.01726	0.01778	C
186	0.01048	0.01062	A
187	0.01012	0.01247	A
188	0.00716	0.00722	C
189	0.00489	0.00498	C
190	0.00678	0.00682	C
191	0.00743	0.00746	C
192	0.0068	0.00682	C
193	0.0093	0.00935	C
194	0.00259	0.00288	T
195	0.01003	0.01004	C
196	0.00789	0.00795	C
197	0.0037	0.00408	T
198	0.01213	0.01236	A
199	0.01172	0.0118	A
200	0.00498	0.00521	T
201	0.01867	0.01887	A
202	0.025	0.02554	C
203	0.00501	0.0054	T
204	0.01673	0.01684	A
205	0.01897	0.01926	A
206	0.02521	0.02611	C
207	0.00758	0.00784	T
208	0.02175	0.02244	A
209	0.02346	0.02357	C
210	0.01437	0.01456	C
211	0.00755	0.00783	T
212	0.00373	0.00425	G
213	0.02052	0.02081	A
214	0.01079	0.01122	C
215	0.00563	0.00591	T
216	0.00754	0.00758	C
217	0.00535	0.00553	C
218	0.00545	0.00615	T
219	0.00953	0.01045	A
220	0.01365	0.01369	C
221	0.00867	0.00875	C
222	0.00807	0.0081	C
223	0.01324	0.01329	C
224	0.00717	0.00797	T
225	0.01539	0.01572	C
226	0.01163	0.01229	A
227	0.02967	0.03049	C
228	0.01506	0.01518	A
229	0.01818	0.01843	A
230	0.01104	0.01209	T
231	0.02722	0.02753	C
232	0.0231	0.02373	A
233	0.00915	0.00936	T
234	0.00441	0.00447	G
235	0.00498	0.00504	G
236	0.00809	0.0089	C
237	0.01786	0.01803	A
238	0.02115	0.02125	A
239	0.00629	0.00684	G
240	0.0232	0.02326	C
241	0.02136	0.02154	C
242	0.01363	0.01377	A
243	0.02096	0.02107	A
244	0.02525	0.02607	C
245	0.00884	0.00916	G
246	0.00309	0.0031	C
247	0.0022	0.00223	C
248	0.00618	0.00991	A
249	0.02481	0.02512	C
250	0.00586	0.00595	T
251	0.00469	0.00473	T
252	0.00506	0.01242	A
253	0.00399	0.00424	T
254	0.01461	0.01467	C
255	0.01066	0.0107	C
256	0.00974	0.01229	A
257	0.00422	0.00435	G
258	0.00271	0.00287	T
259	0.0038	0.00397	G
260	0.00508	0.00526	A
261	0.0131	0.01314	A
262	0.01506	0.0151	C
263	0.00781	0.00786	C
264	0.00684	0.01173	A
265	0.0164	0.01668	C
266	0.00448	0.00468	T
267	0.00988	0.01014	A
268	0.00312	0.0035	T
269	0.00872	0.00903	C
270	0.01091	0.0111	A
271	0.02229	0.02277	C
272	0.00799	0.0084	G
273	0.00054	0.00059	A
274	0.00034	0.00037	A
275	0.0025	0.00253	A
276	0.00852	0.00854	A
277	0.00423	0.00424	A
278	0.00391	0.00391	A
279	0.0049	0.00492	A
280	0.01329	0.0141	C
281	0.00547	0.00558	T
282	0.00825	0.00842	C
283	0.00213	0.00233	T
284	0.01197	0.01246	A
285	0.01279	0.01291	C
286	0.00739	0.00753	C
287	0.00167	0.00185	T
288	0.00817	0.00837	C
289	0.00164	0.00174	T
290	0.01013	0.01036	C
291	0.00172	0.00187	T
292	0.01242	0.01305	A
293	0.00179	0.00197	T
294	0.02014	0.02052	A
295	0.01175	0.01221	C
296	0.00195	0.00209	T
297	0.00733	0.00738	A
298	0.00782	0.00807	A
299	0.00158	0.00173	T
300	0.00524	0.00547	C
301	0.00129	0.00149	T
302	0.00571	0.00574	C
303	0.00579	0.00579	C
304	0.00592	0.00597	C
305	0.00257	0.00273	T
306	0.00596	0.00611	A
307	0.00854	0.00888	C
308	0.00336	0.00339	A
309	0.00697	0.00699	A
310	0.00635	0.00647	A
311	0.00174	0.00194	T
312	0.00821	0.0084	C
313	0.00135	0.00151	T
314	0.00947	0.00948	C
315	0.01176	0.01189	C
316	0.00174	0.00176	T
317	0.00185	0.0019	T
318	0.005	0.00521	A
319	0.01153	0.01157	A
320	0.00179	0.00181	T
321	0.00161	0.00164	T
322	0.00981	0.01748	A
323	0.00168	0.00195	T
324	0.01754	0.01758	A
325	0.01614	0.0166	A
326	0.01357	0.0139	C
327	0.01061	0.01078	A
328	0.00123	0.00127	T
329	0.00102	0.00107	T
330	0.00491	0.00525	C
331	0.00692	0.00817	A
332	0.00632	0.00689	C
333	0.00619	0.00728	A
334	0.00468	0.00495	G
335	0.00328	0.0033	C
336	0.00377	0.00381	C
337	0.00636	0.00913	A
338	0.01532	0.01554	C
339	0.01038	0.01077	A
340	0.00252	0.00267	G
341	0.00797	0.00798	A
342	0.00909	0.00915	A
343	0.01311	0.01336	C
344	0.00158	0.00171	T
345	0.0063	0.00633	A
346	0.00752	0.00758	A
347	0.00153	0.0019	T
348	0.01256	0.01292	C
349	0.00882	0.00913	A
350	0.00158	0.00167	T
351	0.00562	0.00582	A
352	0.00103	0.00105	T
353	0.00148	0.0015	T
354	0.00143	0.00144	T
355	0.00157	0.00158	T
356	0.00981	0.01402	A
357	0.00144	0.00154	T
358	0.01445	0.01496	A
359	0.00127	0.00141	T
360	0.01561	0.01592	C
361	0.00135	0.00135	T
362	0.00122	0.00125	T
363	0.01025	0.01296	C
364	0.00148	0.00148	T
365	0.00143	0.00145	T
366	0.01304	0.01387	C
367	0.00305	0.00345	G
368	0.00826	0.00845	A
369	0.01147	0.01153	A
370	0.01444	0.01447	A
371	0.02028	0.02038	C
372	0.0121	0.01219	C
373	0.01104	0.024	A
374	0.01893	0.01923	C
375	0.01359	0.01467	A
376	0.01543	0.01573	C
377	0.00197	0.00202	T
378	0.00172	0.00178	T
379	0.0071	0.01283	A
380	0.00187	0.00206	T
381	0.01119	0.01141	C
382	0.00867	0.00872	C
383	0.01433	0.01435	C
384	0.02031	0.02038	C
385	0.01501	0.01826	A
386	0.02929	0.0293	C
387	0.01811	0.01821	C
388	0.00245	0.0025	T
389	0.00152	0.00155	T
390	0.00103	0.00105	G
391	0.00177	0.0018	G
392	0.00643	0.00672	C
393	0.00097	0.00111	T
394	0.02561	0.02585	A
395	0.00102	0.0013	T
396	0.00598	0.00622	C
397	0.00808	0.00856	A
398	0.00139	0.00293	T
399	0.0067	0.00711	C
400	0.03045	0.031	A
401	0.03616	0.0362	C
402	0.02636	0.02638	C
403	0.02966	0.02971	C
404	0.00264	0.00297	G
405	0.00642	0.00679	A
406	0.00099	0.00118	T
407	0.00168	0.00199	G
408	0.00928	0.00959	A
409	0.00266	0.0027	G
410	0.00355	0.00361	G
411	0.01998	0.02046	C
412	0.02131	0.02158	A
413	0.02096	0.02109	A
414	0.03503	0.03516	C
415	0.02269	0.02278	C
416	0.01066	0.01416	A
417	0.00248	0.00271	G
418	0.00732	0.00737	C
419	0.00576	0.00584	C
420	0.01388	0.01977	A
421	0.00281	0.00329	G
422	0.02748	0.02765	A
423	0.02433	0.02475	A
424	0.0339	0.0352	C
425	0.00321	0.00342	G
426	0.00516	0.0052	C
427	0.0025	0.00256	C
428	0.00141	0.00155	T
429	0.00332	0.00365	G
430	0.03142	0.03162	A
431	0.02279	0.02286	A
432	0.0324	0.03309	C
433	0.00476	0.00514	G
434	0.00469	0.00527	C
435	0.00364	0.00396	A
436	0.00146	0.00149	G
437	0.00413	0.00419	G
438	0.00217	0.00248	C
439	0.01427	0.01505	A
440	0.02368	0.02402	C
441	0.00921	0.00995	A
442	0.00168	0.00186	T
443	0.01328	0.01348	A
444	0.02138	0.02179	C
445	0.00148	0.0015	T
446	0.00131	0.00131	T
447	0.01377	0.01378	C
448	0.00964	0.00971	C
449	0.00166	0.00183	T
450	0.01768	0.01873	A
451	0.00175	0.00175	T
452	0.00171	0.00175	T
453	0.01447	0.01597	C
454	0.00223	0.00258	T
455	0.01674	0.01873	A
456	0.02083	0.02146	C
457	0.02369	0.02468	A
458	0.03219	0.03224	C
459	0.02031	0.02034	C
460	0.01293	0.01299	C
461	0.00165	0.00183	T
462	0.01499	0.01535	A
463	0.00139	0.00158	G
464	0.00085	0.00106	T
465	0.00641	0.00666	A
466	0.00066	0.0007	G
467	0.00242	0.00249	G
468	0.02086	0.02144	C
469	0.00152	0.00167	T
470	0.01266	0.0127	C
471	0.01204	0.01208	C
472	0.01186	0.01206	C
473	0.00137	0.00142	T
474	0.00117	0.00121	T
475	0.00958	0.00963	C
476	0.01292	0.01296	C
477	0.0059	0.00594	C
478	0.00341	0.00346	C
479	0.00116	0.00141	T
480	0.00518	0.00543	A
481	0.00316	0.00336	C
482	0.00103	0.0015	T
483	0.01237	0.01261	C
484	0.00632	0.007	A
485	0.00153	0.00179	T
486	0.01084	0.01107	C
487	0.0047	0.00495	G
488	0.01536	0.01554	C
489	0.01228	0.01243	A
490	0.0173	0.01747	C
491	0.00285	0.0031	T
492	0.00947	0.00953	A
493	0.00846	0.00851	A
494	0.00185	0.00187	T
495	0.00208	0.00211	T
496	0.00189	0.00191	T
497	0.01584	0.01792	A
498	0.02164	0.02195	C
499	0.01883	0.019	A
500	0.01856	0.0188	C
501	0.00196	0.00272	T
502	0.01372	0.01394	C
503	0.01289	0.0136	A
504	0.02116	0.02182	C
505	0.01342	0.01358	A
506	0.01568	0.01611	A
507	0.01766	0.01861	C
508	0.01567	0.01589	A
509	0.01278	0.01279	C
510	0.00889	0.0089	C
511	0.00604	0.00607	C
512	0.00121	0.00135	T
513	0.00952	0.00976	A
514	0.00083	0.00084	G
515	0.00234	0.00237	G
516	0.00597	0.0062	C
517	0.00095	0.00132	T
518	0.00698	0.00719	C
519	0.00704	0.00721	A
520	0.01535	0.01556	C
521	0.00153	0.00171	T
522	0.01035	0.01042	A
523	0.01173	0.01184	A
524	0.0121	0.01215	A
525	0.01999	0.02091	C
526	0.01459	0.0148	A
527	0.00146	0.00151	T
528	0.00131	0.00134	T
529	0.01182	0.01304	C
530	0.00172	0.00188	T
531	0.01632	0.01678	A
532	0.01952	0.01993	C
533	0.00163	0.00185	T
534	0.01487	0.01566	A
535	0.01831	0.01882	C
536	0.00228	0.00359	T
537	0.01435	0.0149	C
538	0.02129	0.02188	A
539	0.01454	0.01477	C
540	0.00144	0.00162	T
541	0.00782	0.00806	C
542	0.00124	0.00168	T
543	0.00771	0.00785	C
544	0.00767	0.00796	A
545	0.00792	0.00815	C
546	0.00214	0.00246	T
547	0.00371	0.00403	G
548	0.00474	0.00475	C
549	0.00854	0.00855	C
550	0.01367	0.01369	C
551	0.00913	0.0092	A
552	0.0137	0.01376	A
553	0.00295	0.00341	G
554	0.0164	0.01643	A
555	0.01721	0.01732	A
556	0.0236	0.02409	C
557	0.00187	0.00203	T
558	0.01717	0.01747	A
559	0.00175	0.00235	T
560	0.0218	0.02217	C
561	0.01859	0.01866	A
562	0.01719	0.01744	A
563	0.02494	0.02499	A
564	0.01564	0.01689	C
565	0.00149	0.00168	T
566	0.00907	0.00909	C
567	0.00846	0.00855	C
568	0.0036	0.00383	T
569	0.00166	0.00206	G
570	0.00629	0.00653	A
571	0.00321	0.0034	G
572	0.00662	0.00667	C
573	0.00959	0.00968	C
574	0.01305	0.01318	A
575	0.01218	0.01223	A
576	0.03233	0.0329	C
577	0.01519	0.01521	A
578	0.01508	0.0152	A
579	0.02338	0.02405	C
580	0.00178	0.00187	T
581	0.00203	0.00207	T
582	0.01247	0.01256	A
583	0.01714	0.01726	A
584	0.00167	0.00178	T
585	0.01828	0.01863	A
586	0.00188	0.00198	T
587	0.00171	0.0019	G
588	0.01508	0.01523	A
589	0.01778	0.01798	C
590	0.00107	0.0012	T
591	0.00599	0.00622	A
592	0.00181	0.00198	G
593	0.00354	0.00372	C
594	0.00112	0.0012	T
595	0.00117	0.00122	T
596	0.00951	0.01629	A
597	0.02496	0.02543	C
598	0.01589	0.01622	A
599	0.03902	0.03952	C
600	0.02178	0.02182	A
601	0.01699	0.01737	A
602	0.0019	0.00203	T
603	0.01219	0.01238	A
604	0.00132	0.00143	G
605	0.00845	0.00868	C
606	0.0007	0.00072	T
607	0.00112	0.00113	T
608	0.0013	0.00133	T
609	0.0015	0.00151	T
610	0.01099	0.01622	A
611	0.00187	0.00199	T
612	0.0234	0.02389	A
613	0.00292	0.00308	G
614	0.00106	0.00129	T
615	0.00925	0.00928	A
616	0.01193	0.01196	A
617	0.01426	0.01436	A
618	0.0018	0.00199	G
619	0.02193	0.02322	A
620	0.00249	0.00264	T
621	0.02828	0.02866	A
622	0.03321	0.03347	C
623	0.01799	0.01812	C
624	0.0013	0.0015	T
625	0.00448	0.00458	C
626	0.00084	0.00086	T
627	0.00076	0.00077	T
628	0.00071	0.00073	T
629	0.00502	0.00587	A
630	0.00763	0.00787	C
631	0.00256	0.00261	G
632	0.00188	0.00195	G
633	0.01203	0.01428	A
634	0.0109	0.01118	C
635	0.00175	0.00206	T
636	0.01125	0.0113	C
637	0.01567	0.01575	C
638	0.01414	0.02085	A
639	0.02601	0.02649	C
640	0.002	0.0021	T
641	0.00226	0.00232	T
642	0.01419	0.02169	A
643	0.00245	0.00263	T
644	0.00195	0.00237	G
645	0.02033	0.02084	A
646	0.01699	0.01749	C
647	0.00183	0.00249	T
648	0.0172	0.01728	C
649	0.01844	0.01847	C
650	0.02168	0.02182	C
651	0.00218	0.00266	T
652	0.01456	0.01502	A
653	0.0207	0.02089	A
654	0.03417	0.03438	A
655	0.00232	0.00269	G
656	0.00727	0.00734	C
657	0.00395	0.00402	C
658	0.00635	0.00641	C
659	0.00754	0.01076	A
660	0.00216	0.0024	T
661	0.00263	0.00295	G
662	0.003	0.00329	T
663	0.00751	0.00774	C
664	0.00371	0.00433	G
665	0.01188	0.01212	A
666	0.03124	0.03171	A
667	0.00598	0.00655	G
668	0.0241	0.02432	C
669	0.00763	0.00771	C
670	0.01763	0.01769	C
671	0.02644	0.02649	C
672	0.01894	0.019	C
673	0.01914	0.02346	A
674	0.00113	0.00142	T
675	0.01239	0.01269	C
676	0.00385	0.00412	G
677	0.01015	0.01065	C
678	0.00114	0.00134	T
679	0.0013	0.00132	G
680	0.00144	0.00146	G
681	0.00228	0.0023	G
682	0.0012	0.00157	T
683	0.03012	0.03029	C
684	0.01991	0.01999	A
685	0.01586	0.0159	A
686	0.00182	0.00193	T
687	0.00891	0.00924	A
688	0.00299	0.00311	G
689	0.00071	0.0008	T
690	0.006	0.00616	A
691	0.00419	0.00431	C
692	0.00091	0.00092	T
693	0.00273	0.00274	T
694	0.0022	0.00241	G
695	0.01441	0.01446	C
696	0.01348	0.01348	C
697	0.00385	0.00468	G
698	0.00893	0.00901	C
699	0.02448	0.02497	A
700	0.00401	0.00412	G
701	0.00098	0.00107	T
702	0.00793	0.00815	A
703	0.01126	0.01141	C
704	0.00131	0.00145	T
705	0.03878	0.03923	C
706	0.00222	0.00224	T
707	0.00203	0.00208	T
708	0.01017	0.01034	A
709	0.00892	0.00899	A
710	0.01234	0.01238	A
711	0.01796	0.01798	A
712	0.02278	0.02868	C
713	0.00152	0.00172	T
714	0.01653	0.01721	A
715	0.00134	0.00143	G
716	0.00133	0.0014	G
717	0.01308	0.01343	C
718	0.00258	0.0026	G
719	0.00359	0.00364	G
720	0.00862	0.00905	C
721	0.00137	0.00158	T
722	0.0112	0.01148	A
723	0.00116	0.00129	T
724	0.00193	0.00195	G
725	0.00179	0.00181	G
726	0.00094	0.00116	T
727	0.00624	0.00646	A
728	0.00099	0.0013	T
729	0.01082	0.01087	A
730	0.00836	0.0094	A
731	0.00123	0.00147	T
732	0.01982	0.02097	A
733	0.02633	0.02715	C
734	0.00352	0.00375	G
735	0.00397	0.00399	C
736	0.00156	0.00163	C
737	0.00129	0.00261	T
738	0.00658	0.00675	C
739	0.00949	0.01093	A
740	0.02897	0.02963	C
741	0.01265	0.01301	A
742	0.01979	0.02033	C
743	0.00174	0.00208	T
744	0.01438	0.01464	C
745	0.01412	0.01527	A
746	0.00161	0.00165	T
747	0.00155	0.0016	T
748	0.01014	0.0109	C
749	0.00225	0.00295	T
750	0.01136	0.01189	C
751	0.01139	0.01163	A
752	0.00907	0.00954	A
753	0.01	0.01005	C
754	0.00798	0.00807	C
755	0.01229	0.01234	C
756	0.01547	0.01549	C
757	0.01779	0.01783	C
758	0.00314	0.00347	T
759	0.00157	0.00178	G
760	0.0166	0.01675	A
761	0.0253	0.02595	C
762	0.01643	0.0165	A
763	0.00871	0.00877	A
764	0.01631	0.01633	A
765	0.01309	0.01314	A
766	0.02212	0.02604	C
767	0.01316	0.01357	A
768	0.01908	0.01943	C
769	0.01279	0.01387	A
770	0.00216	0.00258	T
771	0.01218	0.01249	A
772	0.00209	0.00235	G
773	0.00598	0.00602	C
774	0.00297	0.00305	C
775	0.00164	0.00218	T
776	0.00926	0.0101	A
777	0.00828	0.00831	C
778	0.00789	0.00795	C
779	0.01007	0.01012	C
780	0.01468	0.01472	C
781	0.00125	0.00128	T
782	0.00114	0.00118	T
783	0.01048	0.01049	C
784	0.00959	0.0096	C
785	0.00196	0.00197	T
786	0.00177	0.00178	T
787	0.00184	0.00209	G
788	0.00171	0.00186	T
789	0.01772	0.01799	A
790	0.02398	0.02429	C
791	0.00198	0.0022	T
792	0.01378	0.01687	A
793	0.00184	0.0022	T
794	0.0191	0.01926	C
795	0.01569	0.01572	C
796	0.01613	0.01616	C
797	0.00222	0.00243	T
798	0.01643	0.01672	A
799	0.00163	0.00177	T
800	0.00114	0.00144	G
801	0.0074	0.00772	A
802	0.00138	0.00139	G
803	0.00238	0.00243	G
804	0.01588	0.01618	C
805	0.01391	0.01428	A
806	0.0015	0.00171	T
807	0.00973	0.00974	A
808	0.01163	0.01232	A
809	0.00124	0.00129	T
810	0.00129	0.00131	T
811	0.00654	0.01213	A
812	0.0014	0.00165	T
813	0.01318	0.01319	A
814	0.0124	0.01268	A
815	0.01996	0.02036	C
816	0.01296	0.01299	A
817	0.01555	0.016	A
818	0.00221	0.00253	G
819	0.01377	0.01408	C
820	0.00156	0.00177	T
821	0.01295	0.01297	C
822	0.00882	0.00893	C
823	0.01335	0.01644	A
824	0.00138	0.00163	T
825	0.01178	0.01203	C
826	0.00137	0.00159	T
827	0.00276	0.00299	G
828	0.00572	0.00574	C
829	0.00262	0.00268	C
830	0.00138	0.00158	T
831	0.00996	0.01024	A
832	0.01601	0.01625	C
833	0.00238	0.00262	G
834	0.01515	0.01536	A
835	0.01857	0.01916	C
836	0.01085	0.01094	A
837	0.01268	0.0127	A
838	0.01462	0.01472	A
839	0.02334	0.02452	C
840	0.01509	0.016	A
841	0.00198	0.00219	G
842	0.0143	0.01447	A
843	0.0169	0.01694	C
844	0.00887	0.00896	C
845	0.00204	0.00223	T
846	0.00622	0.00628	A
847	0.00431	0.00433	A
848	0.00983	0.00985	A
849	0.01464	0.01466	A
850	0.00163	0.0019	T
851	0.01292	0.01308	C
852	0.00428	0.00444	G
853	0.00544	0.00563	C
854	0.00094	0.00124	T
855	0.01094	0.01106	C
856	0.00659	0.00714	A
857	0.00113	0.00116	T
858	0.00107	0.0011	T
859	0.00179	0.0023	G
860	0.01292	0.01326	C
861	0.01156	0.01199	A
862	0.0016	0.00178	T
863	0.01231	0.01261	A
864	0.01901	0.0193	C
865	0.00142	0.00158	T
866	0.01273	0.01294	C
867	0.00119	0.0012	T
868	0.00112	0.00115	T
869	0.01029	0.01061	C
870	0.01029	0.0104	A
871	0.01308	0.01318	A
872	0.00178	0.00417	T
873	0.0181	0.01837	C
874	0.01329	0.01369	A
875	0.00252	0.00271	G
876	0.00994	0.00997	C
877	0.01076	0.01085	C
878	0.00822	0.01072	A
879	0.01838	0.01868	C
880	0.01104	0.01226	A
881	0.00192	0.00224	T
882	0.01559	0.01606	A
883	0.00318	0.00353	G
884	0.0134	0.01345	C
885	0.00819	0.00822	C
886	0.0161	0.01615	C
887	0.00124	0.00144	T
888	0.01269	0.01286	C
889	0.00259	0.00287	G
890	0.0011	0.00134	T
891	0.00845	0.00868	A
892	0.00368	0.00399	G
893	0.00125	0.00158	T
894	0.01484	0.0149	A
895	0.01457	0.01471	A
896	0.01813	0.01863	C
897	0.01191	0.01218	A
898	0.00282	0.00306	G
899	0.01284	0.01289	C
900	0.00788	0.00793	C
901	0.01197	0.0131	A
902	0.00115	0.00122	T
903	0.00128	0.00132	T
904	0.0105	0.01118	C
905	0.00253	0.00324	T
906	0.0107	0.01111	C
907	0.00992	0.01062	A
908	0.00191	0.00245	T
909	0.01362	0.01367	C
910	0.0117	0.0118	C
911	0.00997	0.01005	A
912	0.01469	0.01483	A
913	0.02024	0.02053	A
914	0.01326	0.01351	C
915	0.01129	0.01137	C
916	0.01661	0.01666	C
917	0.01937	0.01938	C
918	0.01929	0.01931	C
919	0.00289	0.00329	T
920	0.00204	0.00262	G
921	0.01614	0.01629	A
922	0.01689	0.01695	A
923	0.00279	0.00329	G
924	0.00946	0.00988	C
925	0.00105	0.00109	T
926	0.0009	0.00095	T
927	0.00475	0.00514	C
928	0.00886	0.00909	A
929	0.01529	0.0153	C
930	0.01268	0.01275	C
931	0.00353	0.00358	G
932	0.00373	0.00377	G
933	0.00354	0.00382	C
934	0.00421	0.00444	G
935	0.00743	0.00767	C
936	0.00311	0.00327	A
937	0.00176	0.00195	G
938	0.00111	0.00129	T
939	0.00407	0.00421	C
940	0.00821	0.00838	A
941	0.00137	0.0014	T
942	0.00134	0.00137	T
943	0.01456	0.01525	C
944	0.00202	0.00282	T
945	0.01916	0.01943	C
946	0.01361	0.01431	A
947	0.00225	0.00244	T
948	0.01701	0.01706	A
949	0.01992	0.02094	A
950	0.00214	0.00237	T
951	0.02016	0.02095	C
952	0.00344	0.00363	G
953	0.00682	0.00684	C
954	0.00371	0.00374	C
955	0.00822	0.00827	C
956	0.01759	0.01985	A
957	0.03194	0.03248	C
958	0.00197	0.00206	G
959	0.00091	0.00094	G
960	0.00238	0.00241	G
961	0.00209	0.00236	C
962	0.00087	0.00089	T
963	0.00099	0.00102	T
964	0.00505	0.00686	A
965	0.01235	0.01259	C
966	0.00844	0.00864	A
967	0.00134	0.00149	T
968	0.00828	0.00829	C
969	0.00852	0.00859	C
970	0.00131	0.00241	T
971	0.01305	0.01325	C
972	0.01139	0.01218	A
973	0.00183	0.00185	T
974	0.0016	0.00164	T
975	0.01038	0.01775	A
976	0.01559	0.01588	C
977	0.00111	0.00125	T
978	0.01264	0.01349	A
979	0.00115	0.00116	T
980	0.00114	0.00116	T
981	0.00885	0.01001	C
982	0.00146	0.00165	T
983	0.00262	0.00289	G
984	0.00539	0.0054	C
985	0.00386	0.0039	C
986	0.00119	0.00142	T
987	0.01141	0.01165	A
988	0.00321	0.00359	G
989	0.01279	0.0134	C
990	0.00979	0.00985	A
991	0.01252	0.01258	A
992	0.01312	0.01316	A
993	0.02221	0.02306	C
994	0.00215	0.00317	T
995	0.01597	0.01632	C
996	0.01481	0.01508	A
997	0.01541	0.01549	A
998	0.01887	0.01891	A
999	0.02274	0.02379	C
1000	0.00177	0.00192	T
1001	0.0183	0.0186	A
1002	0.01838	0.01863	C
1003	0.00293	0.00318	G
1004	0.01186	0.01191	A
1005	0.02207	0.02245	A
1006	0.02189	0.02226	C
1007	0.00618	0.00672	G
1008	0.00676	0.00706	C
1009	0.01288	0.01313	A
1010	0.0066	0.00681	C
1011	0.00118	0.00185	T
1012	0.00787	0.00804	C
1013	0.00645	0.00682	A
1014	0.01327	0.01347	C
1015	0.00928	0.00967	A
1016	0.00283	0.00314	G
1017	0.00104	0.00142	T
1018	0.01005	0.01025	C
1019	0.00351	0.00395	G
1020	0.01335	0.01411	C
1021	0.01086	0.01112	A
1022	0.00166	0.00225	T
1023	0.0139	0.01422	C
1024	0.01236	0.01272	A
1025	0.00194	0.00223	T
1026	0.01482	0.01485	A
1027	0.019	0.02119	A
1028	0.00103	0.00124	T
1029	0.00561	0.00576	C
1030	0.00436	0.0044	C
1031	0.00137	0.00159	T
1032	0.01655	0.01685	C
1033	0.00135	0.00167	T
1034	0.01436	0.01473	C
1035	0.00168	0.00237	T
1036	0.01969	0.02007	C
1037	0.01518	0.01559	A
1038	0.01116	0.01121	A
1039	0.00187	0.00191	G
1040	0.0016	0.00163	G
1041	0.00967	0.01188	A
1042	0.01794	0.01843	C
1043	0.00118	0.00121	T
1044	0.00125	0.0013	T
1045	0.01316	0.01371	C
1046	0.01382	0.01398	A
1047	0.01355	0.0136	A
1048	0.02475	0.02482	A
1049	0.01336	0.01408	C
1050	0.00115	0.0013	T
1051	0.0076	0.00785	C
1052	0.00118	0.00132	T
1053	0.00836	0.00905	A
1054	0.00742	0.00781	C
1055	0.00125	0.00155	T
1056	0.00601	0.00602	C
1057	0.00786	0.00788	C
1058	0.01545	0.01551	C
1059	0.0073	0.00961	A
1060	0.01653	0.0167	C
1061	0.00163	0.0018	T
1062	0.01351	0.01357	A
1063	0.01392	0.01403	A
1064	0.00171	0.00181	T
1065	0.01448	0.01469	A
1066	0.00186	0.00202	G
1067	0.01698	0.01715	C
1068	0.00065	0.00067	T
1069	0.00073	0.00074	T
1070	0.0015	0.00151	T
1071	0.00151	0.00151	T
1072	0.00137	0.00139	T
1073	0.00159	0.00184	G
1074	0.01823	0.01861	A
1075	0.00174	0.00189	T
1076	0.00217	0.00229	G
1077	0.0155	0.01573	A
1078	0.01198	0.01223	C
1079	0.00084	0.00086	T
1080	0.00098	0.001	T
1081	0.0105	0.01155	C
1082	0.00195	0.00205	T
1083	0.01751	0.01799	A
1084	0.00227	0.00257	G
1085	0.01424	0.01577	C
1086	0.00831	0.00839	A
1087	0.00892	0.00924	A
1088	0.00258	0.00283	G
1089	0.00844	0.00849	C
1090	0.00356	0.00361	C
1091	0.00087	0.0011	T
1092	0.00994	0.01012	C
1093	0.00337	0.00356	G
1094	0.01053	0.01089	C
1095	0.00151	0.00168	T
1096	0.01044	0.01057	A
1097	0.01919	0.01927	A
1098	0.02419	0.02424	C
1099	0.01034	0.01046	C
1100	0.00192	0.00231	T
1101	0.01687	0.01723	C
1102	0.00244	0.00292	G
1103	0.01421	0.01422	C
1104	0.00705	0.00709	C
1105	0.00194	0.00203	T
1106	0.00253	0.00285	T
1107	0.00996	0.0127	A
1108	0.00894	0.00901	C
1109	0.00647	0.0065	C
1110	0.0059	0.00595	C
1111	0.00973	0.00976	C
1112	0.01254	0.01257	C
1113	0.01231	0.01236	C
1114	0.00774	0.01167	A
1115	0.01596	0.01616	C
1116	0.00157	0.00184	T
1117	0.01452	0.01483	A
1118	0.00208	0.00213	T
1119	0.0018	0.0019	T
1120	0.00993	0.01005	A
1121	0.02248	0.02268	A
1122	0.02528	0.02539	C
1123	0.01255	0.01262	C
1124	0.00152	0.00181	T
1125	0.01296	0.01341	A
1126	0.01983	0.02011	C
1127	0.00125	0.00146	T
1128	0.00148	0.00154	G
1129	0.00119	0.00124	G
1130	0.0015	0.00156	G
1131	0.00797	0.00965	A
1132	0.00407	0.00436	G
1133	0.01861	0.01867	A
1134	0.01336	0.01357	A
1135	0.02032	0.0211	C
1136	0.00157	0.00173	T
1137	0.01733	0.01756	C
1138	0.00112	0.00129	T
1139	0.00772	0.00795	C
1140	0.00113	0.00129	T
1141	0.00315	0.00339	G
1142	0.00081	0.00096	T
1143	0.00281	0.00298	G
1144	0.00526	0.0055	C
1145	0.00095	0.00107	T
1146	0.00778	0.00805	A
1147	0.00286	0.00311	G
1148	0.00081	0.00112	T
1149	0.00665	0.00671	A
1150	0.01408	0.01417	A
1151	0.01676	0.01683	C
1152	0.01007	0.01009	C
1153	0.00968	0.01166	A
1154	0.02039	0.02053	C
1155	0.00334	0.00351	G
1156	0.00068	0.0007	T
1157	0.00042	0.00047	T
1158	0.00293	0.00341	C
1159	0.00069	0.00087	T
1160	0.00155	0.00157	C
1161	0.00135	0.00137	C
1162	0.00141	0.0016	T
1163	0.00107	0.0013	G
1164	0.00468	0.00487	A
1165	0.00071	0.00089	T
1166	0.00516	0.00533	C
1167	0.00542	0.00547	A
1168	0.01093	0.01097	A
1169	0.01041	0.01048	A
1170	0.00185	0.00208	T
1171	0.01659	0.01685	A
1172	0.00183	0.00242	T
1173	0.01616	0.01645	C
1174	0.01569	0.01595	A
1175	0.02019	0.02073	C
1176	0.0015	0.00168	T
1177	0.0166	0.01687	C
1178	0.00121	0.0014	T
1179	0.00797	0.008	C
1180	0.00657	0.00694	C
1181	0.00147	0.00177	T
1182	0.02204	0.02266	A
1183	0.02294	0.0234	C
1184	0.00181	0.00184	T
1185	0.00208	0.00216	T
1186	0.01022	0.01878	A
1187	0.01934	0.01953	C
1188	0.00996	0.01025	A
1189	0.00146	0.00154	G
1190	0.00132	0.00136	G
1191	0.00796	0.00999	A
1192	0.03218	0.03235	C
1193	0.0014	0.0021	T
1194	0.01526	0.01566	C
1195	0.01727	0.01761	A
1196	0.01673	0.01688	A
1197	0.03634	0.03673	C
1198	0.02058	0.02112	A
1199	0.00187	0.00208	T
1200	0.01924	0.01946	A
1201	0.01882	0.0191	C
1202	0.00141	0.00156	T
1203	0.0107	0.01115	A
1204	0.00183	0.00203	G
1205	0.00163	0.00202	T
1206	0.00695	0.00712	C
1207	0.00947	0.01047	A
1208	0.01418	0.0147	C
1209	0.00779	0.00876	A
1210	0.00369	0.00395	G
1211	0.03519	0.03522	C
1212	0.00756	0.00758	C
1213	0.00606	0.00611	C
1214	0.00104	0.00127	T
1215	0.00814	0.00843	A
1216	0.00108	0.00125	T
1217	0.01435	0.01469	A
1218	0.00941	0.00979	C
1219	0.001	0.00122	T
1220	0.00356	0.00358	C
1221	0.00391	0.00392	C
1222	0.00782	0.00788	C
1223	0.00104	0.00123	T
1224	0.01001	0.01024	C
1225	0.00142	0.00154	T
1226	0.00827	0.0085	A
1227	0.01569	0.01584	C
1228	0.00842	0.00967	A
1229	0.0013	0.00143	T
1230	0.00745	0.0077	A
1231	0.00162	0.00164	T
1232	0.00213	0.00216	T
1233	0.00251	0.00255	T
1234	0.01492	0.01635	A
1235	0.0196	0.01967	C
1236	0.01356	0.01365	C
1237	0.01171	0.01859	A
1238	0.03036	0.03151	C
1239	0.01977	0.01983	A
1240	0.01484	0.01513	A
1241	0.03463	0.0361	C
1242	0.01906	0.01942	A
1243	0.03345	0.0347	C
1244	0.01648	0.01649	A
1245	0.01755	0.018	A
1246	0.00308	0.00327	T
1247	0.0019	0.00194	G
1248	0.00151	0.00157	G
1249	0.00207	0.00211	G
1250	0.0038	0.00385	G
1251	0.01469	0.01701	C
1252	0.0016	0.0023	T
1253	0.01517	0.01549	C
1254	0.01286	0.01325	A
1255	0.01354	0.01391	C
1256	0.00287	0.00455	T
1257	0.01144	0.01197	C
1258	0.01053	0.01109	A
1259	0.0062	0.00622	C
1260	0.00437	0.00439	C
1261	0.00548	0.00562	C
1262	0.00998	0.01244	A
1263	0.01899	0.01901	C
1264	0.01432	0.01464	C
1265	0.00958	0.01173	A
1266	0.02616	0.02664	C
1267	0.01297	0.01356	A
1268	0.00206	0.00217	T
1269	0.00603	0.00611	T
1270	0.01607	0.01611	A
1271	0.01897	0.01909	A
1272	0.02956	0.03003	C
1273	0.0192	0.01921	A
1274	0.02213	0.02237	A
1275	0.02208	0.02254	C
1276	0.01197	0.01228	A
1277	0.00189	0.00207	T
1278	0.01036	0.01036	A
1279	0.00579	0.00579	A
1280	0.01055	0.01055	A
1281	0.01356	0.01372	A
1282	0.01424	0.01464	C
1283	0.00502	0.00504	C
1284	0.00559	0.00563	C
1285	0.00122	0.00162	T
1286	0.00741	0.00757	C
1287	0.01039	0.01167	A
1288	0.00136	0.0014	T
1289	0.00139	0.00153	T
1290	0.01583	0.01635	C
1291	0.01925	0.01975	A
1292	0.02791	0.02855	C
1293	0.02448	0.0248	A
1294	0.02753	0.02808	C
1295	0.00187	0.00213	G
1296	0.01219	0.01252	A
1297	0.00269	0.00293	G
1298	0.01306	0.0131	A
1299	0.00579	0.0058	A
1300	0.01079	0.01081	A
1301	0.01053	0.01058	A
1302	0.01434	0.01636	C
1303	0.01266	0.0128	A
1304	0.01541	0.01543	C
1305	0.00567	0.00568	C
1306	0.00722	0.00729	C
1307	0.00124	0.00178	T
1308	0.01034	0.01053	C
1309	0.01109	0.01219	A
1310	0.00116	0.00135	T
1311	0.00169	0.00196	G
1312	0.00109	0.0011	T
1313	0.00128	0.00132	T
1314	0.01521	0.01552	C
1315	0.01993	0.02032	A
1316	0.0021	0.00225	T
1317	0.01993	0.02057	A
1318	0.02393	0.02428	C
1319	0.02298	0.0231	A
1320	0.02542	0.02551	C
1321	0.00941	0.00953	C
1322	0.00177	0.00191	T
1323	0.01629	0.01747	A
1324	0.00211	0.00232	T
1325	0.01302	0.01316	C
1326	0.00558	0.00561	C
1327	0.01184	0.01185	C
1328	0.01319	0.01319	C
1329	0.01393	0.01394	C
1330	0.01641	0.01717	A
1331	0.00126	0.00128	T
1332	0.00102	0.00104	T
1333	0.01311	0.01479	C
1334	0.00145	0.00154	T
1335	0.01324	0.01324	C
1336	0.00994	0.01009	C
1337	0.00153	0.0017	T
1338	0.01348	0.01348	C
1339	0.00714	0.00755	C
1340	0.00209	0.00228	T
1341	0.01514	0.01697	A
1342	0.00197	0.00217	T
1343	0.01269	0.01278	C
1344	0.00645	0.00645	C
1345	0.01313	0.01318	C
1346	0.0021	0.00271	T
1347	0.01497	0.01539	C
1348	0.01555	0.01696	A
1349	0.01596	0.01616	A
1350	0.02072	0.02077	C
1351	0.00929	0.00932	C
1352	0.01377	0.01377	C
1353	0.01658	0.01659	C
1354	0.00138	0.00167	G
1355	0.02111	0.02124	A
1356	0.01709	0.01717	C
1357	0.01243	0.01248	A
1358	0.00176	0.00211	T
1359	0.01137	0.01145	C
1360	0.01117	0.01151	A
1361	0.00144	0.00145	T
1362	0.00116	0.00118	T
1363	0.00951	0.01478	A
1364	0.01537	0.01538	C
1365	0.00547	0.00547	C
1366	0.00118	0.00118	G
1367	0.00098	0.00098	G
1368	0.00219	0.00222	G
1369	0.00054	0.00054	T
1370	0.00061	0.00061	T
1371	0.00154	0.00154	T
1372	0.00094	0.00094	T
1373	0.0057	0.0057	C
1374	0.00269	0.00269	C
1375	0.00217	0.00217	T
1376	0.00021	0.00021	C
1377	0.0	0.0	T
1378	0.0	0.0	T
