Position	Mismatches	Mismatches + Deletions	Base
1	0.0	0.0	A
2	0.0	0.0	T
3	0.0	0.0	T
4	0.01138	0.01138	A
5	0.01028	0.01028	A
6	0.00082	0.0015	T
7	0.0085	0.01413	C
8	0.00465	0.00478	C
9	0.0554	0.0554	C
10	0.02182	0.02182	C
11	0.00153	0.0017	T
12	0.00219	0.00221	G
13	0.0023	0.0023	G
14	0.00874	0.00874	C
15	0.00699	0.00699	C
16	0.01562	0.01566	C
17	0.01225	0.0127	A
18	0.02103	0.0211	A
19	0.02477	0.02482	C
20	0.01862	0.01871	C
21	0.02305	0.02319	C
22	0.00444	0.00537	G
23	0.00182	0.00247	T
24	0.01602	0.01631	C
25	0.02013	0.02085	A
26	0.00209	0.00246	T
27	0.0195	0.01975	C
28	0.00192	0.00211	T
29	0.02035	0.02163	A
30	0.02695	0.02733	C
31	0.00179	0.00193	T
32	0.01939	0.02047	C
33	0.00216	0.0025	T
34	0.03359	0.03488	A
35	0.05363	0.05378	C
36	0.02858	0.0288	C
37	0.0249	0.03157	A
38	0.00209	0.00225	T
39	0.02687	0.02708	C
40	0.00176	0.00179	T
41	0.00205	0.00207	T
42	0.00194	0.00196	T
43	0.00191	0.00308	G
44	0.01881	0.02023	C
45	0.01112	0.01143	A
46	0.00179	0.00184	G
47	0.00553	0.00559	G
48	0.00386	0.00413	C
49	0.02635	0.02773	A
50	0.02082	0.02136	C
51	0.01399	0.01513	A
52	0.01184	0.0123	C
53	0.00154	0.00289	T
54	0.01508	0.01547	C
55	0.02259	0.02477	A
56	0.00244	0.0036	T
57	0.04173	0.04247	C
58	0.03933	0.04273	A
59	0.04524	0.04669	C
60	0.02463	0.02781	A
61	0.00417	0.00438	G
62	0.01695	0.01726	C
63	0.00528	0.00542	G
64	0.0223	0.02306	C
65	0.00235	0.00263	T
66	0.03521	0.03541	A
67	0.04123	0.0415	A
68	0.00291	0.00338	G
69	0.02687	0.02827	C
70	0.00188	0.00261	T
71	0.03374	0.03404	C
72	0.00485	0.0056	G
73	0.00712	0.00736	C
74	0.02561	0.02592	A
75	0.03339	0.0337	C
76	0.00271	0.0028	T
77	0.00254	0.00274	G
78	0.005	0.00513	A
79	0.00037	0.00039	T
80	0.0007	0.00071	T
81	0.00175	0.00176	T
82	0.00258	0.00259	T
83	0.00289	0.0029	T
84	0.00238	0.00239	T
85	0.04046	0.04813	A
86	0.05839	0.05843	C
87	0.03262	0.03273	C
88	0.00173	0.00194	T
89	0.00218	0.00228	G
90	0.01135	0.01149	A
91	0.00303	0.00311	G
92	0.00113	0.00145	T
93	0.01901	0.02038	A
94	0.00157	0.00158	G
95	0.00189	0.00194	G
96	0.02168	0.02176	C
97	0.00767	0.00777	C
98	0.00153	0.00171	T
99	0.03081	0.0312	A
100	0.00272	0.00295	G
101	0.01649	0.0166	A
102	0.0239	0.02404	A
103	0.01998	0.02012	A
104	0.00265	0.00323	T
105	0.02769	0.02771	A
106	0.02459	0.02461	A
107	0.03283	0.03334	A
108	0.03699	0.04083	C
109	0.01864	0.01889	A
110	0.00145	0.00157	T
111	0.00303	0.00314	G
112	0.00943	0.00975	C
113	0.00088	0.00102	T
114	0.00707	0.00735	A
115	0.00185	0.00198	G
116	0.00783	0.00806	C
117	0.00073	0.00075	T
118	0.00075	0.00077	T
119	0.00099	0.00101	T
120	0.00111	0.00122	T
121	0.0098	0.0155	A
122	0.00112	0.00113	T
123	0.00135	0.0014	T
124	0.01221	0.01261	C
125	0.01734	0.01757	C
126	0.01753	0.02444	A
127	0.00369	0.00391	G
128	0.00193	0.002	T
129	0.00194	0.00206	T
130	0.02079	0.02378	C
131	0.00353	0.0046	T
132	0.0243	0.02537	A
133	0.02669	0.02705	A
134	0.03445	0.03453	C
135	0.03757	0.03932	C
136	0.00108	0.00131	A
137	0.00053	0.00064	A
138	0.00104	0.0012	A
139	0.02345	0.02357	A
140	0.01163	0.01166	A
141	0.01608	0.01616	A
142	0.01387	0.01404	A
143	0.01512	0.01713	T
144	0.02023	0.02023	A
145	0.0204	0.02041	A
146	0.02918	0.02975	A
147	0.03111	0.03174	C
148	0.01778	0.01783	C
149	0.02172	0.02178	C
150	0.00196	0.00217	T
151	0.02911	0.02925	C
152	0.00404	0.00463	G
153	0.00182	0.00187	T
154	0.00167	0.00172	T
155	0.02246	0.02251	C
156	0.025	0.02511	C
157	0.02758	0.03908	A
158	0.03228	0.03262	C
159	0.01565	0.01766	A
160	0.00318	0.00348	G
161	0.01543	0.01546	A
162	0.01139	0.01182	A
163	0.00247	0.00271	G
164	0.00764	0.00875	C
165	0.00088	0.001	T
166	0.00258	0.00268	G
167	0.01087	0.01089	C
168	0.00481	0.00484	C
169	0.01562	0.01889	A
170	0.00162	0.00195	T
171	0.02676	0.02689	C
172	0.02092	0.02095	A
173	0.02884	0.02919	A
174	0.00242	0.00287	G
175	0.00193	0.00202	T
176	0.0206	0.02094	A
177	0.00104	0.00105	T
178	0.00162	0.00163	T
179	0.00149	0.00152	T
180	0.01707	0.01713	C
181	0.01727	0.01734	C
182	0.00252	0.00736	T
183	0.02896	0.02966	C
184	0.01924	0.02438	A
185	0.04111	0.04151	C
186	0.0056	0.00649	G
187	0.01859	0.0225	C
188	0.01707	0.01717	A
189	0.02224	0.0223	A
190	0.00426	0.00555	G
191	0.0155	0.01751	C
192	0.01524	0.01529	A
193	0.02505	0.02523	A
194	0.02031	0.02039	C
195	0.0104	0.01054	C
196	0.00625	0.00879	G
197	0.00679	0.00884	C
198	0.00968	0.01251	A
199	0.00133	0.00147	T
200	0.0115	0.01153	C
201	0.014	0.01408	C
202	0.01121	0.01692	A
203	0.00243	0.00257	T
204	0.01776	0.01785	A
205	0.01758	0.02002	A
206	0.00173	0.00187	T
207	0.02204	0.02234	C
208	0.01541	0.01548	C
209	0.00149	0.0015	T
210	0.00183	0.00186	T
211	0.01547	0.01978	C
212	0.00178	0.00194	T
213	0.01928	0.01978	A
214	0.01491	0.01517	A
215	0.00141	0.00161	T
216	0.01463	0.01493	A
217	0.0023	0.00248	G
218	0.00935	0.00975	C
219	0.00092	0.00108	T
220	0.00792	0.00825	A
221	0.00079	0.00092	T
222	0.01062	0.01068	C
223	0.00792	0.00803	C
224	0.00117	0.00137	T
225	0.0152	0.01548	C
226	0.00175	0.00176	T
227	0.0015	0.00153	T
228	0.01667	0.01736	C
229	0.0236	0.02377	A
230	0.02558	0.02566	A
231	0.03496	0.0358	C
232	0.0228	0.02284	A
233	0.01819	0.01843	A
234	0.00214	0.00237	T
235	0.02156	0.02194	A
236	0.00202	0.00235	T
237	0.02418	0.02448	A
238	0.02198	0.02268	C
239	0.00133	0.00152	T
240	0.01213	0.01258	C
241	0.00196	0.00215	T
242	0.01823	0.01824	C
243	0.01723	0.0173	C
244	0.00331	0.00337	G
245	0.00196	0.002	G
246	0.01208	0.01709	A
247	0.02563	0.02599	C
248	0.01707	0.01715	A
249	0.01988	0.02025	A
250	0.00216	0.00232	T
251	0.00215	0.00264	G
252	0.01486	0.01493	A
253	0.01606	0.01613	A
254	0.02056	0.02065	C
255	0.01089	0.01094	C
256	0.00724	0.01651	A
257	0.00172	0.00224	T
258	0.01526	0.01528	A
259	0.025	0.02588	A
260	0.02572	0.0259	C
261	0.01104	0.0111	C
262	0.00906	0.0091	A
263	0.0104	0.01069	A
264	0.00175	0.00191	T
265	0.01486	0.01501	A
266	0.01645	0.01707	C
267	0.00182	0.00213	T
268	0.0158	0.01604	A
269	0.0163	0.01646	C
270	0.01111	0.01119	C
271	0.00692	0.00696	A
272	0.00935	0.00948	A
273	0.0016	0.00201	T
274	0.01217	0.01234	C
275	0.01578	0.01591	A
276	0.01108	0.01158	A
277	0.00195	0.00207	T
278	0.0121	0.01258	A
279	0.0202	0.02073	C
280	0.00201	0.00278	T
281	0.01488	0.01541	C
282	0.01611	0.01853	A
283	0.00254	0.00369	T
284	0.03049	0.03075	C
285	0.02269	0.02338	A
286	0.00316	0.00318	T
287	0.00306	0.00313	T
288	0.02282	0.02319	A
289	0.02729	0.02745	A
290	0.00315	0.00334	T
291	0.0313	0.03133	A
292	0.02897	0.03362	A
293	0.00288	0.00578	T
294	0.03968	0.04074	C
295	0.03028	0.03151	A
296	0.00274	0.00291	T
297	0.03537	0.03539	A
298	0.02557	0.0302	A
299	0.00213	0.00243	T
300	0.03598	0.03755	A
301	0.0027	0.00286	G
302	0.00452	0.00472	C
303	0.00117	0.00133	T
304	0.01015	0.01231	A
305	0.00123	0.00137	T
306	0.01606	0.01633	A
307	0.00305	0.00375	G
308	0.02004	0.02054	C
309	0.04745	0.04752	A
310	0.03286	0.03329	A
311	0.00348	0.00391	T
312	0.0312	0.03127	A
313	0.01725	0.01726	A
314	0.03122	0.03123	A
315	0.0402	0.04119	A
316	0.03761	0.05116	C
317	0.00231	0.00244	T
318	0.0225	0.02296	A
319	0.00159	0.00164	G
320	0.00333	0.00335	G
321	0.02	0.02004	A
322	0.02205	0.02224	A
323	0.0026	0.00292	T
324	0.0277	0.02853	A
325	0.00439	0.00486	G
326	0.01183	0.01206	C
327	0.01124	0.01127	C
328	0.02992	0.02994	C
329	0.02691	0.02693	C
330	0.03389	0.0339	C
331	0.00189	0.002	T
332	0.00262	0.00269	T
333	0.00265	0.00271	T
334	0.038	0.03998	C
335	0.03203	0.03265	A
336	0.04205	0.04273	C
337	0.00201	0.00204	T
338	0.00208	0.00212	T
339	0.02142	0.02516	C
340	0.00231	0.00245	T
341	0.00246	0.00295	G
342	0.05996	0.06135	A
343	0.00404	0.00422	G
344	0.0027	0.00297	T
345	0.04139	0.04146	C
346	0.03264	0.03267	C
347	0.01199	0.01202	C
348	0.00563	0.00931	A
349	0.00147	0.00164	G
350	0.0078	0.00806	A
351	0.00279	0.00283	G
352	0.00359	0.00363	G
353	0.00193	0.00202	T
354	0.00235	0.00243	T
355	0.01965	0.04309	A
356	0.05196	0.05205	C
357	0.02912	0.02919	C
358	0.03343	0.03353	C
359	0.03019	0.03035	A
360	0.03852	0.0387	A
361	0.00288	0.003	G
362	0.00406	0.00439	G
363	0.02425	0.0253	C
364	0.0447	0.04811	A
365	0.04466	0.04493	C
366	0.03858	0.03863	C
367	0.00982	0.00985	C
368	0.01436	0.01442	C
369	0.00155	0.00182	T
370	0.01765	0.0179	C
371	0.00202	0.00223	T
372	0.00243	0.00278	G
373	0.04294	0.04327	A
374	0.04112	0.04184	C
375	0.03531	0.03609	A
376	0.00238	0.00257	T
377	0.03542	0.0355	C
378	0.03243	0.03254	C
379	0.00306	0.0031	G
380	0.00287	0.00288	G
381	0.00845	0.00846	C
382	0.00456	0.0046	C
383	0.0011	0.0012	T
384	0.00323	0.00338	G
385	0.00642	0.00664	C
386	0.00096	0.00099	T
387	0.00123	0.00125	T
388	0.01842	0.02333	C
389	0.00171	0.00171	T
390	0.002	0.00207	T
391	0.02251	0.02478	C
392	0.00218	0.00317	T
393	0.03081	0.03152	C
394	0.02407	0.02529	A
395	0.05806	0.05876	C
396	0.03194	0.03288	A
397	0.00459	0.00492	T
398	0.00296	0.00337	G
399	0.03556	0.03589	A
400	0.05734	0.05994	C
401	0.01081	0.01086	A
402	0.01876	0.01893	A
403	0.01272	0.01281	A
404	0.02016	0.0202	A
405	0.02471	0.02477	A
406	0.02115	0.02483	C
407	0.00263	0.0029	T
408	0.0194	0.02057	A
409	0.00358	0.00406	G
410	0.00936	0.0094	C
411	0.00337	0.00341	C
412	0.01172	0.01176	C
413	0.01393	0.01395	C
414	0.01587	0.01591	C
415	0.00997	0.01334	A
416	0.00151	0.00174	T
417	0.01419	0.01432	C
418	0.00197	0.0025	T
419	0.02039	0.02063	C
420	0.01652	0.017	A
421	0.02084	0.02096	A
422	0.00244	0.00311	T
423	0.03248	0.03311	C
424	0.02144	0.02237	A
425	0.0027	0.00289	T
426	0.02659	0.02864	A
427	0.00294	0.0036	T
428	0.0398	0.0402	A
429	0.04679	0.04719	C
430	0.02203	0.0222	C
431	0.00929	0.00933	A
432	0.01875	0.01902	A
433	0.01872	0.01893	A
434	0.00186	0.00213	T
435	0.01542	0.01565	C
436	0.00158	0.00183	T
437	0.0118	0.01223	C
438	0.00183	0.00233	T
439	0.01369	0.01371	C
440	0.0103	0.0103	C
441	0.02125	0.02147	C
442	0.00198	0.00333	T
443	0.02315	0.02349	C
444	0.02223	0.02354	A
445	0.0315	0.03196	C
446	0.00262	0.00296	T
447	0.01157	0.01168	A
448	0.02515	0.02556	A
449	0.03215	0.03222	A
450	0.03884	0.04075	C
451	0.0045	0.00468	G
452	0.00186	0.00254	T
453	0.02089	0.02095	A
454	0.02255	0.02264	A
455	0.00215	0.00239	G
456	0.0158	0.01583	C
457	0.00717	0.00718	C
458	0.00095	0.00098	T
459	0.00092	0.00095	T
460	0.00724	0.00949	C
461	0.00095	0.00139	T
462	0.00752	0.00752	C
463	0.00771	0.00789	C
464	0.00144	0.00251	T
465	0.0096	0.00992	C
466	0.01093	0.01235	A
467	0.02049	0.02083	C
468	0.00152	0.00163	T
469	0.01585	0.01621	C
470	0.00176	0.0021	T
471	0.01887	0.01914	C
472	0.00248	0.00373	T
473	0.02633	0.02666	C
474	0.02409	0.0251	A
475	0.02419	0.02437	A
476	0.00351	0.00407	T
477	0.03714	0.03739	C
478	0.00371	0.00373	T
479	0.00287	0.0029	T
480	0.00523	0.02468	A
481	0.00255	0.00273	T
482	0.02975	0.02999	C
483	0.01525	0.01547	C
484	0.02369	0.02858	A
485	0.00254	0.00359	T
486	0.03268	0.03297	C
487	0.03182	0.03466	A
488	0.00246	0.00275	T
489	0.02282	0.02413	A
490	0.00578	0.00699	G
491	0.02103	0.02219	C
492	0.02439	0.025	A
493	0.00136	0.00138	G
494	0.00194	0.00199	G
495	0.01372	0.01393	C
496	0.02676	0.02697	A
497	0.00458	0.00466	G
498	0.00142	0.00145	T
499	0.00108	0.00111	T
500	0.00201	0.00212	G
501	0.01586	0.01595	A
502	0.00401	0.00401	G
503	0.00257	0.00258	G
504	0.00163	0.00168	T
505	0.00251	0.00251	G
506	0.00241	0.00242	G
507	0.01066	0.01692	A
508	0.0015	0.00151	T
509	0.00183	0.00192	T
510	0.01726	0.0174	A
511	0.02168	0.02204	A
512	0.03129	0.0314	A
513	0.03839	0.03866	C
514	0.0196	0.01976	C
515	0.0138	0.014	A
516	0.02598	0.02638	A
517	0.0322	0.03231	A
518	0.0387	0.03914	C
519	0.02502	0.02511	C
520	0.02943	0.02945	C
521	0.02623	0.03465	A
522	0.00292	0.00305	G
523	0.01378	0.01423	C
524	0.00161	0.00191	T
525	0.01581	0.01649	A
526	0.04346	0.04376	C
527	0.00551	0.00615	G
528	0.03888	0.04038	C
529	0.02652	0.02706	A
530	0.01646	0.01657	A
531	0.0311	0.03118	A
532	0.03312	0.03318	A
533	0.00212	0.00285	T
534	0.02169	0.02189	C
535	0.00195	0.00197	T
536	0.00161	0.00165	T
537	0.01176	0.01725	A
538	0.00487	0.00653	G
539	0.00947	0.00972	C
540	0.03199	0.03269	A
541	0.00202	0.00225	T
542	0.02643	0.02727	A
543	0.0252	0.02627	C
544	0.00146	0.00155	T
545	0.01041	0.01043	C
546	0.01048	0.01075	C
547	0.00145	0.00214	T
548	0.02008	0.02031	C
549	0.01335	0.01439	A
550	0.01534	0.01546	A
551	0.00258	0.00264	T
552	0.00212	0.00216	T
553	0.01029	0.02612	A
554	0.02483	0.02497	C
555	0.0147	0.01484	C
556	0.02387	0.02391	C
557	0.01687	0.02052	A
558	0.04022	0.04071	C
559	0.02557	0.02927	A
560	0.00175	0.00195	T
561	0.01656	0.01675	A
562	0.00115	0.00119	G
563	0.00118	0.00119	G
564	0.00873	0.01269	A
565	0.00117	0.00122	T
566	0.0015	0.00171	G
567	0.01419	0.01427	A
568	0.00977	0.00992	A
569	0.00122	0.00131	T
570	0.012	0.01201	A
571	0.01193	0.01357	A
572	0.00143	0.00154	T
573	0.01849	0.01906	A
574	0.0022	0.0026	G
575	0.02312	0.0233	C
576	0.0205	0.02092	A
577	0.0044	0.00449	G
578	0.00111	0.00114	T
579	0.00105	0.00108	T
580	0.01345	0.01416	C
581	0.00162	0.00172	T
582	0.03283	0.03359	A
583	0.02863	0.02866	C
584	0.01249	0.01259	C
585	0.00427	0.00503	G
586	0.00176	0.00189	T
587	0.01091	0.01109	A
588	0.01907	0.01967	C
589	0.01227	0.0125	A
590	0.01476	0.01584	A
591	0.01844	0.01848	C
592	0.01184	0.01213	C
593	0.01191	0.01201	C
594	0.00194	0.00213	T
595	0.01292	0.01303	A
596	0.01319	0.01328	A
597	0.02321	0.02339	C
598	0.01428	0.01513	A
599	0.00166	0.00238	T
600	0.01282	0.01283	A
601	0.0157	0.01671	A
602	0.02451	0.02475	C
603	0.01444	0.01454	C
604	0.01949	0.02123	A
605	0.00196	0.00201	T
606	0.00196	0.002	T
607	0.02302	0.02629	C
608	0.0027	0.00273	T
609	0.00311	0.0032	T
610	0.01267	0.01306	A
611	0.0212	0.0215	A
612	0.002	0.00204	T
613	0.00233	0.00237	T
614	0.00234	0.00236	T
615	0.02202	0.02234	A
616	0.03207	0.03244	A
617	0.03149	0.03237	C
618	0.00147	0.00153	T
619	0.0186	0.01958	A
620	0.0018	0.00185	T
621	0.00197	0.002	T
622	0.00201	0.00205	T
623	0.01221	0.01528	A
624	0.00166	0.00176	T
625	0.02357	0.02486	A
626	0.0018	0.0018	T
627	0.00157	0.00164	T
628	0.0071	0.02007	A
629	0.00151	0.00165	T
630	0.02065	0.02112	C
631	0.01137	0.01156	C
632	0.00196	0.00229	T
633	0.02282	0.0232	A
634	0.03185	0.03206	A
635	0.03103	0.03257	C
636	0.00175	0.00188	T
637	0.02379	0.02475	A
638	0.02181	0.02412	C
639	0.00258	0.0032	T
640	0.02394	0.02633	A
641	0.02115	0.02152	C
642	0.01429	0.01466	C
643	0.00526	0.00615	G
644	0.01496	0.01549	C
645	0.01471	0.01605	A
646	0.00124	0.00125	T
647	0.00107	0.00107	T
648	0.00875	0.00878	C
649	0.00985	0.00991	C
650	0.00199	0.00226	T
651	0.01895	0.01927	A
652	0.03073	0.03168	C
653	0.00201	0.00254	T
654	0.02091	0.02192	A
655	0.03012	0.03136	C
656	0.00246	0.00406	T
657	0.02813	0.02927	C
658	0.02998	0.03084	A
659	0.03217	0.03224	A
660	0.04855	0.04976	C
661	0.00274	0.00283	T
662	0.00272	0.00275	T
663	0.0149	0.01501	A
664	0.02665	0.02676	A
665	0.03883	0.03894	A
666	0.03254	0.03415	C
667	0.00384	0.00408	T
668	0.02616	0.02621	C
669	0.01769	0.01789	C
670	0.02139	0.02915	A
671	0.00397	0.005	G
672	0.02186	0.02242	C
673	0.02234	0.02296	A
674	0.01964	0.01967	C
675	0.01159	0.01185	C
676	0.0183	0.0231	A
677	0.02766	0.02836	C
678	0.00251	0.00283	G
679	0.0212	0.02156	A
680	0.01633	0.01634	C
681	0.01192	0.01208	C
682	0.01543	0.01554	C
683	0.00197	0.00224	T
684	0.02643	0.02689	A
685	0.02597	0.02674	C
686	0.00177	0.00211	T
687	0.02752	0.02825	A
688	0.02122	0.02262	C
689	0.00163	0.00173	T
690	0.0159	0.01685	A
691	0.00167	0.00194	T
692	0.01488	0.01509	C
693	0.00225	0.00321	T
694	0.01787	0.01815	C
695	0.00649	0.00731	G
696	0.0278	0.0286	C
697	0.03098	0.0313	A
698	0.04464	0.04465	C
699	0.02042	0.02058	C
700	0.0032	0.00352	T
701	0.003	0.00359	G
702	0.02781	0.02789	A
703	0.02819	0.02827	A
704	0.02722	0.02726	A
705	0.05033	0.05438	C
706	0.02379	0.02389	A
707	0.02259	0.02366	A
708	0.00323	0.00353	G
709	0.01763	0.01824	C
710	0.00199	0.00211	T
711	0.02002	0.02008	A
712	0.02552	0.02559	A
713	0.03095	0.03135	C
714	0.02338	0.02378	A
715	0.00223	0.00238	T
716	0.00173	0.00187	G
717	0.03398	0.03424	A
718	0.02511	0.02548	C
719	0.0026	0.00312	T
720	0.0214	0.02198	A
721	0.02096	0.02196	A
722	0.03341	0.03473	C
723	0.02297	0.02393	A
724	0.03156	0.03163	C
725	0.02107	0.02114	C
726	0.03033	0.03061	C
727	0.00234	0.00237	T
728	0.00287	0.00295	T
729	0.02145	0.02181	A
730	0.03149	0.0317	A
731	0.00228	0.00233	T
732	0.00233	0.00237	T
733	0.03253	0.03272	C
734	0.02399	0.02424	C
735	0.02379	0.03249	A
736	0.00295	0.00322	T
737	0.03403	0.03421	C
738	0.02526	0.02637	C
739	0.02384	0.03649	A
740	0.06604	0.06609	C
741	0.00629	0.0063	C
742	0.00543	0.00569	C
743	0.00112	0.00136	T
744	0.0059	0.0059	C
745	0.00522	0.00538	C
746	0.00142	0.00255	T
747	0.05666	0.05784	C
748	0.0026	0.00436	T
749	0.04756	0.04756	C
750	0.04319	0.04319	C
751	0.04305	0.04379	C
752	0.00321	0.00343	T
753	0.01774	0.01848	A
754	0.00121	0.00125	G
755	0.00144	0.00153	G
756	0.00536	0.00635	A
757	0.00228	0.00234	G
758	0.00203	0.00211	G
759	0.09107	0.0912	C
760	0.01774	0.01786	C
761	0.0023	0.00259	T
762	0.00557	0.00599	G
763	0.01507	0.01511	C
764	0.00746	0.00751	C
765	0.02681	0.02684	C
766	0.03069	0.03073	C
767	0.03591	0.03597	C
768	0.00581	0.00653	G
769	0.03668	0.0378	C
770	0.00298	0.00326	T
771	0.03443	0.03485	A
772	0.04112	0.0413	A
773	0.06824	0.06844	C
774	0.0446	0.0451	C
775	0.00162	0.00165	G
776	0.00275	0.00277	G
777	0.01988	0.02006	C
778	0.00074	0.00076	T
779	0.00138	0.0014	T
780	0.00246	0.00247	T
781	0.00279	0.00281	T
782	0.00289	0.0029	T
783	0.00275	0.00326	G
784	0.00426	0.00427	C
785	0.00186	0.00187	C
786	0.02285	0.02287	C
787	0.00898	0.00902	A
788	0.0265	0.02652	A
789	0.02721	0.02724	A
790	0.00257	0.00283	T
791	0.00151	0.00152	G
792	0.00122	0.00123	G
793	0.00227	0.00228	G
794	0.00653	0.00656	C
795	0.03773	0.03775	C
796	0.01017	0.01528	A
797	0.00158	0.0016	T
798	0.00166	0.00169	T
799	0.01093	0.02171	A
800	0.00185	0.00202	T
801	0.02423	0.02466	C
802	0.00438	0.00479	G
803	0.02827	0.02841	A
804	0.0325	0.03263	A
805	0.00427	0.00579	G
806	0.02549	0.02553	A
807	0.02398	0.02417	A
808	0.00299	0.00307	T
809	0.00314	0.00369	T
810	0.02612	0.02728	C
811	0.03064	0.03129	A
812	0.05248	0.0599	C
813	0.00134	0.00137	A
814	0.00778	0.00782	A
815	0.02503	0.02513	A
816	0.01532	0.01541	A
817	0.02636	0.02643	A
818	0.01928	0.01935	A
819	0.03846	0.04647	C
820	0.02763	0.02764	A
821	0.02501	0.02537	A
822	0.0032	0.00346	T
823	0.02901	0.02959	A
824	0.00289	0.00321	G
825	0.02087	0.02093	C
826	0.00829	0.00837	C
827	0.00142	0.00209	T
828	0.01985	0.02022	C
829	0.02152	0.02459	A
830	0.00185	0.0029	T
831	0.01789	0.01851	C
832	0.01903	0.02164	A
833	0.00251	0.00308	T
834	0.01479	0.01505	C
835	0.01436	0.01469	C
836	0.01931	0.01937	C
837	0.02352	0.02377	C
838	0.02915	0.03789	A
839	0.0426	0.04261	C
840	0.01745	0.01773	C
841	0.02369	0.02785	A
842	0.00232	0.00322	T
843	0.02426	0.02449	C
844	0.02435	0.02674	A
845	0.00282	0.00358	T
846	0.0264	0.02891	A
847	0.00366	0.00405	G
848	0.02088	0.02097	C
849	0.00808	0.00823	C
850	0.02185	0.03163	A
851	0.03007	0.0301	C
852	0.01271	0.01285	C
853	0.01484	0.01872	A
854	0.00288	0.00556	T
855	0.01814	0.01872	C
856	0.02337	0.02485	A
857	0.02557	0.02563	C
858	0.01515	0.01517	C
859	0.01653	0.0168	C
860	0.00175	0.00208	T
861	0.01771	0.01772	C
862	0.01714	0.01736	C
863	0.00184	0.00188	T
864	0.00244	0.00253	T
865	0.00923	0.00954	A
866	0.02375	0.02382	A
867	0.03279	0.03287	C
868	0.01564	0.01575	C
869	0.00208	0.00239	T
870	0.02129	0.0218	C
871	0.00192	0.00203	T
872	0.02942	0.03063	A
873	0.03354	0.03411	C
874	0.00157	0.0016	T
875	0.00176	0.00179	T
876	0.0139	0.01628	C
877	0.00193	0.002	T
878	0.02686	0.02745	A
879	0.02478	0.02482	C
880	0.0123	0.01279	C
881	0.00267	0.00322	T
882	0.01808	0.02265	A
883	0.04082	0.0415	C
884	0.00334	0.0037	G
885	0.02827	0.02828	C
886	0.01228	0.01238	C
887	0.00251	0.00274	T
888	0.02354	0.02395	A
889	0.025	0.02526	A
890	0.00237	0.0025	T
891	0.02556	0.02603	C
892	0.0019	0.00205	T
893	0.01978	0.02327	A
894	0.02675	0.02722	C
895	0.002	0.00229	T
896	0.01091	0.01092	C
897	0.01233	0.0125	C
898	0.01543	0.02082	A
899	0.02733	0.02733	C
900	0.01577	0.01605	C
901	0.00205	0.0029	T
902	0.02258	0.02283	C
903	0.01719	0.01827	A
904	0.02281	0.02295	A
905	0.0025	0.00577	T
906	0.02488	0.02517	C
907	0.04561	0.04622	A
908	0.02106	0.02196	C
909	0.02635	0.02667	A
910	0.01265	0.01301	C
911	0.00126	0.00141	T
912	0.01139	0.01243	A
913	0.00977	0.01022	C
914	0.00175	0.00215	T
915	0.00683	0.00684	C
916	0.01092	0.01093	C
917	0.02409	0.02411	C
918	0.02743	0.0275	C
919	0.01345	0.0191	A
920	0.00225	0.00241	T
921	0.01468	0.01492	A
922	0.00231	0.00248	T
923	0.02364	0.02377	C
924	0.0028	0.003	T
925	0.02755	0.02771	A
926	0.02361	0.02377	A
927	0.04463	0.04544	C
928	0.02651	0.02654	A
929	0.02533	0.02573	A
930	0.04633	0.04703	C
931	0.00548	0.00598	G
932	0.00253	0.00328	T
933	0.0013	0.00168	A
934	0.02174	0.0222	A
935	0.01571	0.01575	A
936	0.02694	0.02797	A
937	0.02122	0.02143	A
938	0.00419	0.00527	T
939	0.02012	0.02012	A
940	0.01215	0.01215	A
941	0.02267	0.02269	A
942	0.02216	0.0231	A
943	0.00342	0.00377	T
944	0.00213	0.00245	G
945	0.03052	0.0307	A
946	0.03701	0.03723	C
947	0.04084	0.04093	A
948	0.00458	0.0047	G
949	0.00234	0.00235	T
950	0.00251	0.00256	T
951	0.00228	0.00229	T
952	0.0026	0.00336	G
953	0.04021	0.04028	A
954	0.03345	0.03352	A
955	0.0491	0.04951	C
956	0.03665	0.03771	A
957	0.003	0.00341	T
958	0.03145	0.03172	A
959	0.04546	0.04682	C
960	0.02803	0.02804	A
961	0.01277	0.01277	A
962	0.01955	0.01955	A
963	0.02916	0.02937	A
964	0.03283	0.03455	C
965	0.0308	0.03102	C
966	0.02377	0.02398	C
967	0.01923	0.0335	A
968	0.0385	0.03855	C
969	0.02391	0.02392	C
970	0.02796	0.02796	C
971	0.0207	0.02083	C
972	0.03216	0.03369	A
973	0.00227	0.00236	T
974	0.00192	0.002	T
975	0.02133	0.02141	C
976	0.01175	0.01194	C
977	0.00296	0.00361	T
978	0.016	0.01601	C
979	0.01611	0.01613	C
980	0.0195	0.01951	C
981	0.02762	0.02778	C
982	0.01761	0.03497	A
983	0.03998	0.04088	C
984	0.03208	0.03559	A
985	0.0276	0.02822	C
986	0.00235	0.0036	T
987	0.01527	0.01564	C
988	0.01908	0.02054	A
989	0.00457	0.00504	T
990	0.03027	0.03087	C
991	0.00484	0.00522	G
992	0.02341	0.02341	C
993	0.0135	0.0135	C
994	0.0236	0.02365	C
995	0.00299	0.00301	T
996	0.0037	0.00382	T
997	0.01917	0.03117	A
998	0.04324	0.0433	C
999	0.02657	0.02676	C
1000	0.02865	0.03881	A
1001	0.04935	0.04967	C
1002	0.00382	0.00409	G
1003	0.0189	0.0191	C
1004	0.00181	0.00197	T
1005	0.01621	0.01825	A
1006	0.02288	0.02304	C
1007	0.00128	0.00134	T
1008	0.01111	0.01112	C
1009	0.00797	0.0084	C
1010	0.00155	0.00182	T
1011	0.02457	0.02523	A
1012	0.02682	0.0269	C
1013	0.01142	0.01192	C
1014	0.00162	0.00189	T
1015	0.01357	0.01459	A
1016	0.00179	0.00207	T
1017	0.01384	0.01428	C
1018	0.0034	0.00432	T
1019	0.00766	0.00766	C
1020	0.01659	0.01659	C
1021	0.01999	0.01999	C
1022	0.02983	0.02986	C
1023	0.00119	0.00135	T
1024	0.00201	0.00201	T
1025	0.00264	0.00264	T
1026	0.0018	0.0018	T
1027	0.01763	0.02125	A
1028	0.00215	0.00258	T
1029	0.01332	0.01392	A
1030	0.02881	0.02949	C
1031	0.00331	0.00393	T
1032	0.01689	0.01699	A
1033	0.01966	0.01966	A
1034	0.00504	0.00543	T
1035	0.01469	0.01469	A
1036	0.01522	0.01619	A
1037	0.00388	0.0042	T
1038	0.02141	0.02207	C
1039	0.008	0.008	T
1040	0.00148	0.00148	T
1041	0.00036	0.00036	A
1042	0.0	0.0	T
1043	0.0	0.0	A
1044	0.0	0.0	G
