Position	Mismatches	Mismatches + Deletions	Base
1	0.0	0.0	A
2	0.0	0.0	T
3	0.0	0.0	A
4	0.00179	0.00179	A
5	0.00302	0.00302	A
6	0.00186	0.00188	C
7	0.00035	0.00041	T
8	0.00029	0.00029	T
9	0.0015	0.00166	C
10	0.00221	0.00226	G
11	0.00316	0.00316	C
12	0.00458	0.00458	C
13	0.00094	0.00094	T
14	0.00124	0.00126	T
15	0.00268	0.00273	A
16	0.00422	0.00434	A
17	0.00082	0.00082	T
18	0.00102	0.00103	T
19	0.00108	0.00108	T
20	0.00123	0.00124	T
21	0.00715	0.00748	A
22	0.01114	0.0112	A
23	0.0027	0.00279	T
24	0.0145	0.01456	A
25	0.01247	0.01338	A
26	0.0012	0.00145	T
27	0.01151	0.01173	C
28	0.00903	0.0091	A
29	0.0132	0.01343	A
30	0.01299	0.0134	C
31	0.01395	0.01406	A
32	0.00917	0.00918	C
33	0.00306	0.00306	C
34	0.00235	0.00237	C
35	0.00098	0.00106	T
36	0.00214	0.00214	C
37	0.00125	0.00127	C
38	0.00081	0.00088	T
39	0.00317	0.0033	A
40	0.0007	0.00075	G
41	0.00203	0.00204	C
42	0.00121	0.00122	C
43	0.00084	0.00085	T
44	0.00086	0.00087	T
45	0.00209	0.00278	A
46	0.00642	0.00649	C
47	0.00081	0.00086	T
48	0.00586	0.00592	A
49	0.00821	0.00831	C
50	0.0011	0.00114	T
51	0.00622	0.00625	A
52	0.00496	0.00502	A
53	0.00115	0.00119	T
54	0.00685	0.00685	A
55	0.00557	0.00618	A
56	0.00085	0.00086	T
57	0.00105	0.00107	T
58	0.00488	0.00795	A
59	0.00081	0.00081	T
60	0.00089	0.00092	T
61	0.00399	0.00897	A
62	0.01023	0.01036	C
63	0.00781	0.00792	A
64	0.00059	0.0006	T
65	0.00066	0.00066	T
66	0.00078	0.00078	T
67	0.00077	0.00078	T
68	0.00083	0.00101	G
69	0.00757	0.00763	A
70	0.00481	0.00489	C
71	0.00097	0.00102	T
72	0.00695	0.00707	A
73	0.00685	0.00688	C
74	0.0051	0.00513	C
75	0.01114	0.01611	A
76	0.01124	0.01143	C
77	0.00715	0.00716	A
78	0.00903	0.00919	A
79	0.00567	0.00582	C
80	0.00085	0.00107	T
81	0.00326	0.00334	C
82	0.00521	0.00534	A
83	0.00736	0.00737	A
84	0.00835	0.00848	C
85	0.00175	0.00176	G
86	0.00326	0.00327	G
87	0.00289	0.00302	C
88	0.00089	0.00095	T
89	0.00429	0.00438	A
90	0.01175	0.01183	C
91	0.01239	0.01255	A
92	0.00151	0.00166	T
93	0.01245	0.01254	A
94	0.00167	0.00186	G
95	0.00119	0.0012	A
96	0.00649	0.0065	A
97	0.00326	0.00328	A
98	0.00648	0.00649	A
99	0.00561	0.00563	A
100	0.00117	0.00127	T
101	0.00764	0.00769	C
102	0.00431	0.0044	C
103	0.00591	0.0104	A
104	0.00697	0.007	C
105	0.00707	0.00708	C
106	0.00764	0.00766	C
107	0.01108	0.0111	C
108	0.00133	0.00137	T
109	0.00169	0.00178	T
110	0.01033	0.01547	A
111	0.01356	0.0137	C
112	0.00135	0.00145	G
113	0.00853	0.00879	A
114	0.00214	0.00223	G
115	0.00112	0.00118	T
116	0.00195	0.00209	G
117	0.00812	0.00835	C
118	0.00277	0.00279	G
119	0.0026	0.00264	G
120	0.00871	0.00904	C
121	0.00084	0.00088	T
122	0.00072	0.00075	T
123	0.00632	0.00654	C
124	0.0016	0.00182	G
125	0.0092	0.00941	A
126	0.00694	0.00697	C
127	0.00699	0.00701	C
128	0.00689	0.00691	C
129	0.00152	0.00169	T
130	0.00941	0.00967	A
131	0.00143	0.00154	T
132	0.01786	0.01834	A
133	0.00155	0.00167	T
134	0.00801	0.00807	C
135	0.00674	0.00676	C
136	0.01058	0.01059	C
137	0.00707	0.00709	C
138	0.00716	0.0072	C
139	0.0038	0.00405	G
140	0.00649	0.0065	C
141	0.0031	0.00312	C
142	0.00455	0.00459	C
143	0.00192	0.00209	G
144	0.00532	0.00551	C
145	0.00318	0.00335	G
146	0.0009	0.00096	T
147	0.0014	0.0014	C
148	0.00102	0.00103	C
149	0.00164	0.00165	C
150	0.0009	0.00091	T
151	0.00051	0.00052	T
152	0.00039	0.00039	T
153	0.00236	0.00243	C
154	0.00091	0.00097	T
155	0.00373	0.00374	C
156	0.00572	0.00574	C
157	0.00645	0.00819	A
158	0.00118	0.00127	T
159	0.0059	0.00592	A
160	0.00322	0.00323	A
161	0.00874	0.00875	A
162	0.00973	0.00984	A
163	0.00088	0.0009	T
164	0.00074	0.00074	T
165	0.00751	0.00994	C
166	0.00094	0.00094	T
167	0.00067	0.00069	T
168	0.00501	0.00612	C
169	0.00086	0.00087	T
170	0.00076	0.00078	T
171	0.00808	0.00954	A
172	0.00129	0.00134	G
173	0.00051	0.00057	T
174	0.00257	0.00264	A
175	0.00086	0.0009	G
176	0.00098	0.00102	C
177	0.00048	0.00049	T
178	0.00119	0.00123	A
179	0.00034	0.00034	T
180	0.00032	0.00033	T
181	0.00111	0.00139	A
182	0.00148	0.00149	C
183	0.00381	0.00382	C
184	0.00056	0.00057	T
185	0.00044	0.00045	T
186	0.00258	0.0031	C
187	0.00079	0.00079	T
188	0.00077	0.00078	T
189	0.00301	0.00678	A
190	0.00103	0.00103	T
191	0.00106	0.00107	T
192	0.00603	0.01292	A
193	0.00101	0.00101	T
194	0.00137	0.00137	T
195	0.00138	0.00139	T
196	0.00108	0.00144	G
197	0.00956	0.00962	A
198	0.00109	0.00114	T
199	0.00906	0.00911	C
200	0.0011	0.00113	T
201	0.00996	0.01016	A
202	0.00108	0.00119	G
203	0.00297	0.00299	A
204	0.00641	0.00643	A
205	0.00551	0.00553	A
206	0.00221	0.00223	T
207	0.00237	0.00237	T
208	0.00186	0.00204	G
209	0.00574	0.00575	C
210	0.00208	0.00209	C
211	0.00732	0.00735	C
212	0.00105	0.00122	T
213	0.00391	0.00392	C
214	0.00442	0.00455	C
215	0.00102	0.00103	T
216	0.00099	0.001	T
217	0.0016	0.0016	T
218	0.00169	0.00173	T
219	0.01175	0.01239	A
220	0.00922	0.00925	C
221	0.00534	0.00536	C
222	0.00584	0.00586	C
223	0.00567	0.00569	C
224	0.00101	0.00118	T
225	0.01011	0.01024	A
226	0.00608	0.00608	C
227	0.00244	0.00245	C
228	0.00515	0.00621	A
229	0.00229	0.0024	T
230	0.00174	0.002	G
231	0.00696	0.0074	A
232	0.00318	0.00339	G
233	0.00399	0.004	C
234	0.00423	0.00424	C
235	0.01112	0.01114	C
236	0.00112	0.00124	T
237	0.00771	0.00778	A
238	0.01536	0.01554	C
239	0.01257	0.01261	A
240	0.01117	0.01117	A
241	0.01283	0.01285	A
242	0.01401	0.01502	C
243	0.00922	0.00922	A
244	0.01469	0.01479	A
245	0.00636	0.00658	C
246	0.00117	0.00124	T
247	0.00464	0.00466	A
248	0.0073	0.00737	A
249	0.00425	0.00426	C
250	0.00247	0.0025	C
251	0.00354	0.00384	T
252	0.00167	0.00177	G
253	0.00381	0.00382	C
254	0.00322	0.00324	C
255	0.00715	0.00939	A
256	0.00918	0.00927	C
257	0.00108	0.00113	T
258	0.00936	0.00938	A
259	0.00927	0.00929	A
260	0.001	0.00105	T
261	0.00925	0.00934	A
262	0.00098	0.00106	G
263	0.00065	0.00066	T
264	0.00058	0.0006	T
265	0.00268	0.00369	A
266	0.00042	0.00044	T
267	0.00098	0.00103	G
268	0.00042	0.00058	T
269	0.00068	0.00075	C
270	0.00337	0.00354	A
271	0.00074	0.00084	T
272	0.00213	0.00213	C
273	0.00223	0.00224	C
274	0.00925	0.00926	C
275	0.0008	0.00092	T
276	0.00751	0.00757	C
277	0.00108	0.00109	T
278	0.001	0.00102	T
279	0.00432	0.00922	A
280	0.00146	0.00146	T
281	0.00125	0.00127	T
282	0.00785	0.00789	A
283	0.01033	0.01035	A
284	0.00112	0.0014	T
285	0.00796	0.0081	C
286	0.01058	0.01082	A
287	0.00147	0.00226	T
288	0.00758	0.0078	C
289	0.00925	0.00962	A
290	0.00106	0.00113	T
291	0.00777	0.00781	C
292	0.00426	0.0043	C
293	0.00243	0.00263	T
294	0.01061	0.01171	A
295	0.00154	0.00171	G
296	0.00872	0.00873	C
297	0.00232	0.00234	C
298	0.00735	0.00737	C
299	0.00112	0.00124	T
300	0.01086	0.0109	A
301	0.0105	0.01055	A
302	0.00113	0.00129	G
303	0.00094	0.00106	T
304	0.00736	0.00749	C
305	0.00125	0.00134	T
306	0.00177	0.00179	G
307	0.00187	0.00189	G
308	0.00637	0.00639	C
309	0.00353	0.00361	C
310	0.00094	0.00105	T
311	0.00902	0.00915	A
312	0.00104	0.0011	T
313	0.00099	0.00102	G
314	0.01367	0.01375	A
315	0.00191	0.00192	G
316	0.00132	0.0014	T
317	0.00176	0.0018	G
318	0.00995	0.01001	A
319	0.00946	0.00953	C
320	0.00108	0.00114	T
321	0.01066	0.01076	A
322	0.01735	0.01763	C
323	0.00176	0.00177	A
324	0.00724	0.00724	A
325	0.00692	0.00692	A
326	0.00976	0.00976	A
327	0.00673	0.00673	A
328	0.00084	0.00084	G
329	0.00077	0.00077	G
330	0.00382	0.00537	A
331	0.00111	0.00111	T
332	0.00078	0.00078	T
333	0.00543	0.00615	A
334	0.00098	0.001	G
335	0.0046	0.00463	A
336	0.00375	0.00376	C
337	0.00422	0.00426	T
338	0.00419	0.0053	G
339	0.01353	0.01353	A
340	0.00769	0.00769	A
341	0.01603	0.01603	C
342	0.0097	0.0097	C
343	0.00445	0.00458	G
344	0.01407	0.01407	A
345	0.00043	0.00043	A
346	7e-05	7e-05	T
347	0.0	0.0	A
348	0.0	0.0	A
