Position	Mismatches	Mismatches + Deletions	Base
1	0.0	0.0	A
2	0.0	0.0	T
3	0.0	0.0	G
4	0.00366	0.00366	C
5	0.00135	0.00135	C
6	0.00204	0.00204	C
7	0.00625	0.00625	C
8	0.00075	0.00091	T
9	0.00761	0.00762	C
10	0.00206	0.00246	A
11	0.00088	0.00088	T
12	0.00141	0.00141	T
13	0.00156	0.00156	T
14	0.01253	0.01335	A
15	0.02244	0.02253	C
16	0.01329	0.01334	A
17	0.00168	0.00183	T
18	0.01003	0.01003	A
19	0.01377	0.01377	A
20	0.01266	0.01297	A
21	0.00159	0.00178	T
22	0.01393	0.01412	A
23	0.0013	0.00131	T
24	0.00108	0.0011	T
25	0.00377	0.00893	A
26	0.00097	0.00103	T
27	0.00918	0.0095	A
28	0.00783	0.00802	C
29	0.00089	0.00094	T
30	0.00638	0.00651	A
31	0.00152	0.00183	G
32	0.00698	0.00703	C
33	0.00895	0.00914	A
34	0.00109	0.0011	T
35	0.00115	0.00115	T
36	0.00135	0.00136	T
37	0.01502	0.01661	A
38	0.01657	0.01659	C
39	0.00834	0.00836	C
40	0.01258	0.01605	A
41	0.00134	0.00148	T
42	0.01416	0.01423	C
43	0.00163	0.00265	T
44	0.01559	0.01565	C
45	0.01773	0.01815	A
46	0.01476	0.01491	C
47	0.00087	0.00089	T
48	0.00086	0.00087	T
49	0.00678	0.00747	C
50	0.00092	0.00094	T
51	0.00834	0.00855	A
52	0.0005	0.0005	G
53	0.00121	0.00123	G
54	0.00993	0.00995	A
55	0.00665	0.00667	A
56	0.00098	0.00104	T
57	0.00873	0.00898	A
58	0.00799	0.00809	C
59	0.00059	0.00062	T
60	0.00312	0.00318	A
61	0.00099	0.00103	G
62	0.00065	0.00068	T
63	0.00341	0.00358	A
64	0.00059	0.00064	T
65	0.00522	0.00552	A
66	0.00067	0.00073	T
67	0.00993	0.01006	C
68	0.00227	0.00233	G
69	0.00992	0.01002	C
70	0.00122	0.00204	T
71	0.01091	0.011	C
72	0.01267	0.01365	A
73	0.01781	0.01807	C
74	0.01997	0.02014	A
75	0.0171	0.0171	C
76	0.00963	0.00968	C
77	0.00152	0.00196	T
78	0.01062	0.01067	C
79	0.00992	0.0105	A
80	0.00114	0.00134	T
81	0.01111	0.01181	A
82	0.0011	0.00113	T
83	0.00799	0.008	C
84	0.00468	0.00469	C
85	0.00119	0.00168	T
86	0.0125	0.0125	C
87	0.01059	0.01059	C
88	0.01038	0.0105	C
89	0.00131	0.0015	T
90	0.01308	0.01326	A
91	0.01763	0.01785	C
92	0.00142	0.00149	T
93	0.00791	0.01163	A
94	0.00148	0.00155	T
95	0.00127	0.00133	G
96	0.0072	0.00721	C
97	0.00461	0.00462	C
98	0.00087	0.00091	T
99	0.00757	0.00771	A
100	0.00119	0.00126	G
101	0.0148	0.01482	A
102	0.00891	0.00903	A
103	0.00138	0.00139	G
104	0.00158	0.0016	G
105	0.01198	0.01203	A
106	0.01353	0.01363	A
107	0.00169	0.00182	T
108	0.0149	0.01493	A
109	0.01115	0.01219	A
110	0.0016	0.00168	T
111	0.01804	0.01827	A
112	0.01681	0.01742	C
113	0.00134	0.00143	T
114	0.01294	0.01416	A
115	0.00117	0.0013	T
116	0.01282	0.01301	C
117	0.002	0.00207	G
118	0.00623	0.00632	C
119	0.00097	0.00103	T
120	0.00355	0.00382	G
121	0.00112	0.00112	T
122	0.00105	0.00108	T
123	0.01191	0.01216	C
124	0.01591	0.01605	A
125	0.0015	0.00152	T
126	0.00149	0.0015	T
127	0.00713	0.01156	A
128	0.00121	0.00125	T
129	0.00933	0.00954	A
130	0.00158	0.00166	G
131	0.00486	0.00496	C
132	0.00111	0.00124	T
133	0.01431	0.01476	A
134	0.01158	0.01171	C
135	0.00108	0.00137	T
136	0.00726	0.00741	C
137	0.00125	0.0018	T
138	0.01064	0.01073	C
139	0.01306	0.01377	A
140	0.00208	0.00303	T
141	0.01675	0.01676	A
142	0.01789	0.01989	A
143	0.01466	0.01477	C
144	0.00519	0.00521	C
145	0.00864	0.00868	C
146	0.00128	0.00176	T
147	0.01153	0.01169	C
148	0.01733	0.0178	A
149	0.01961	0.01989	A
150	0.02065	0.02122	C
151	0.01555	0.01581	A
152	0.01313	0.01314	C
153	0.01229	0.01229	C
154	0.01275	0.01284	C
155	0.01642	0.02192	A
156	0.01666	0.01695	C
157	0.00159	0.00228	T
158	0.01538	0.01538	C
159	0.01002	0.01002	C
160	0.02019	0.02033	C
161	0.00165	0.0021	T
162	0.01078	0.0109	C
163	0.00268	0.0027	T
164	0.00163	0.00165	T
165	0.01257	0.0222	A
166	0.00137	0.00152	G
167	0.00788	0.00789	C
168	0.01011	0.01015	C
169	0.01104	0.01109	A
170	0.0139	0.01393	A
171	0.00141	0.00147	T
172	0.01112	0.01122	A
173	0.00141	0.00141	T
174	0.00141	0.00143	T
175	0.00237	0.00252	G
176	0.00142	0.00153	T
177	0.00188	0.00193	G
178	0.01299	0.01301	C
179	0.0109	0.01092	C
180	0.00181	0.00192	T
181	0.01094	0.01212	A
182	0.0015	0.0015	T
183	0.0017	0.00175	T
184	0.00163	0.00182	G
185	0.03061	0.03063	C
186	0.01974	0.0198	C
187	0.00826	0.02143	A
188	0.00171	0.0018	T
189	0.05423	0.05449	A
190	0.01073	0.01092	C
191	0.00093	0.00101	T
192	0.00818	0.00863	A
193	0.00131	0.00142	G
194	0.00072	0.00079	T
195	0.02669	0.02677	C
196	0.00139	0.00139	T
197	0.00193	0.00193	T
198	0.00286	0.00287	T
199	0.00233	0.00262	G
200	0.00285	0.00287	C
201	0.00372	0.00372	C
202	0.00389	0.00414	G
203	0.02138	0.02139	C
204	0.00824	0.00826	C
205	0.00111	0.00124	T
206	0.00195	0.00214	G
207	0.00566	0.00582	C
208	0.00386	0.0047	G
209	0.03224	0.03353	A
210	0.03202	0.03203	A
211	0.00402	0.00473	G
212	0.00426	0.00449	C
213	0.00769	0.00791	A
214	0.00192	0.00202	G
215	0.00429	0.00437	C
216	0.00302	0.00302	G
217	0.00284	0.00289	G
218	0.00063	0.00068	T
219	0.00279	0.0028	G
220	0.00203	0.00203	G
221	0.00236	0.00236	G
222	0.0033	0.00331	C
223	0.00706	0.00712	C
224	0.00122	0.00173	T
225	0.01809	0.02089	A
226	0.00241	0.00251	G
227	0.01714	0.01715	C
228	0.00419	0.0042	C
229	0.00428	0.00435	C
230	0.00143	0.00156	T
231	0.01251	0.01267	A
232	0.00684	0.00698	C
233	0.00063	0.00068	T
234	0.00591	0.00622	A
235	0.00126	0.00132	G
236	0.00066	0.00084	T
237	0.01319	0.01329	C
238	0.00116	0.0019	T
239	0.01028	0.01042	C
240	0.01308	0.01358	A
241	0.01306	0.01325	A
242	0.00142	0.00155	T
243	0.02688	0.027	C
244	0.00206	0.00236	T
245	0.02108	0.02111	C
246	0.02223	0.02235	C
247	0.02255	0.02306	A
248	0.02705	0.02708	A
249	0.02127	0.02183	C
250	0.01243	0.01301	A
251	0.0169	0.01751	C
252	0.01209	0.01261	A
253	0.00128	0.00138	T
254	0.01308	0.01345	A
255	0.00162	0.00175	T
256	0.00126	0.00131	G
257	0.00085	0.00086	G
258	0.00489	0.00489	C
259	0.00584	0.00585	C
260	0.00073	0.0008	T
261	0.00771	0.00809	A
262	0.00144	0.00152	G
263	0.01239	0.01246	A
264	0.01725	0.01739	C
265	0.0011	0.00114	T
266	0.01589	0.01598	A
267	0.02774	0.02787	C
268	0.00262	0.00264	G
269	0.00125	0.00136	T
270	0.01544	0.01548	A
271	0.0265	0.02659	C
272	0.02046	0.02095	A
273	0.00175	0.00222	T
274	0.0179	0.0179	A
275	0.01464	0.01576	A
276	0.02044	0.02056	C
277	0.00947	0.00951	C
278	0.00149	0.00179	T
279	0.00283	0.00295	A
280	0.00779	0.00779	A
281	0.00874	0.00874	A
282	0.00857	0.0086	C
283	0.00446	0.00454	C
284	0.00153	0.00153	T
285	0.00729	0.00781	A
286	0.0046	0.00479	C
287	0.00242	0.00253	T
288	0.0049	0.0049	C
289	0.00836	0.00836	C
290	0.01654	0.01668	A
291	0.02108	0.02123	A
292	0.00737	0.00783	T
293	0.00413	0.00429	G
294	0.00674	0.00674	C
295	0.00066	0.00066	T
296	0.0	0.0	A
297	0.0	0.0	A
