Position	Mismatches	Mismatches + Deletions	Base
1	0.0	0.0	A
2	0.0	0.0	T
3	0.0	0.0	G
4	0.00846	0.00846	A
5	0.00788	0.00827	C
6	0.00445	0.00445	C
7	0.00374	0.00374	C
8	0.01501	0.01932	A
9	0.01915	0.01928	C
10	0.01117	0.01121	C
11	0.007	0.007	A
12	0.00741	0.00749	A
13	0.00084	0.00098	T
14	0.00606	0.00611	C
15	0.00727	0.00762	A
16	0.0096	0.00984	C
17	0.00499	0.00549	A
18	0.00064	0.00069	T
19	0.00144	0.00148	G
20	0.0087	0.0087	C
21	0.00335	0.00339	C
22	0.001	0.0011	T
23	0.00951	0.00961	A
24	0.00132	0.00153	T
25	0.01621	0.01653	C
26	0.01406	0.01439	A
27	0.00194	0.00199	T
28	0.01422	0.01454	A
29	0.00167	0.00171	T
30	0.02002	0.02017	A
31	0.00159	0.00167	G
32	0.00161	0.00173	T
33	0.01356	0.01358	A
34	0.00804	0.00805	A
35	0.01444	0.01448	A
36	0.01313	0.01316	A
37	0.01593	0.01614	C
38	0.01091	0.01091	C
39	0.01178	0.01178	C
40	0.01216	0.01481	A
41	0.0023	0.00244	G
42	0.02021	0.02021	C
43	0.01198	0.01198	C
44	0.02073	0.02074	C
45	0.01433	0.01803	A
46	0.00178	0.00189	T
47	0.00161	0.00179	G
48	0.01383	0.01403	A
49	0.01003	0.01006	C
50	0.02673	0.02676	C
51	0.00651	0.00651	C
52	0.00563	0.00564	C
53	0.00127	0.00137	T
54	0.02213	0.02218	A
55	0.02279	0.02281	A
56	0.04444	0.0447	C
57	0.02656	0.02689	A
58	0.00086	0.00088	G
59	0.00102	0.00105	G
60	0.00137	0.00138	G
61	0.00337	0.00339	G
62	0.00447	0.00449	C
63	0.00236	0.00237	C
64	0.02928	0.02931	C
65	0.00171	0.00216	T
66	0.01758	0.01768	C
67	0.00254	0.00373	T
68	0.02869	0.02908	C
69	0.02343	0.02401	A
70	0.00232	0.00236	G
71	0.00298	0.00299	C
72	0.00141	0.00141	C
73	0.00251	0.00253	C
74	0.00082	0.00088	T
75	0.00385	0.00386	C
76	0.00377	0.00382	C
77	0.00118	0.00127	T
78	0.00555	0.00563	A
79	0.00563	0.00566	A
80	0.00087	0.0009	T
81	0.00125	0.00139	G
82	0.02501	0.02509	A
83	0.02005	0.02007	C
84	0.0124	0.01244	C
85	0.00132	0.00154	T
86	0.01675	0.01676	C
87	0.01262	0.01265	C
88	0.00296	0.00297	G
89	0.00202	0.00203	G
90	0.0051	0.0051	C
91	0.00193	0.00197	C
92	0.0007	0.0008	T
93	0.00704	0.00727	A
94	0.00145	0.00149	G
95	0.0138	0.01381	C
96	0.00583	0.00583	C
97	0.00378	0.00481	A
98	0.00091	0.00094	T
99	0.00189	0.0019	G
100	0.00064	0.00066	T
101	0.00171	0.00173	G
102	0.00611	0.00627	A
103	0.00041	0.00042	T
104	0.00062	0.00062	T
105	0.0007	0.00071	T
106	0.00453	0.00468	C
107	0.01235	0.01242	A
108	0.01011	0.0102	C
109	0.00079	0.00081	T
110	0.00088	0.00088	T
111	0.00646	0.00647	C
112	0.00656	0.00661	C
113	0.00916	0.01222	A
114	0.01174	0.0118	C
115	0.00128	0.00136	T
116	0.01078	0.01078	C
117	0.00863	0.00867	C
118	0.00917	0.01541	A
119	0.00198	0.00214	T
120	0.01578	0.01582	A
121	0.01898	0.0199	A
122	0.02443	0.02474	C
123	0.00255	0.00262	G
124	0.01318	0.01329	C
125	0.00117	0.00122	T
126	0.00884	0.00884	C
127	0.00805	0.0081	C
128	0.00144	0.00282	T
129	0.01459	0.01473	C
130	0.00957	0.01098	A
131	0.00136	0.00144	T
132	0.01843	0.01864	A
133	0.01405	0.01426	C
134	0.00114	0.00123	T
135	0.00653	0.00787	A
136	0.00064	0.00067	G
137	0.00115	0.00115	G
138	0.00456	0.00457	C
139	0.00196	0.002	C
140	0.00098	0.00109	T
141	0.01067	0.01079	A
142	0.01235	0.01269	C
143	0.0013	0.00141	T
144	0.00974	0.00979	A
145	0.01345	0.0137	A
146	0.01246	0.01247	C
147	0.00753	0.00755	C
148	0.01181	0.01188	A
149	0.0111	0.01114	A
150	0.01828	0.01857	C
151	0.01192	0.01229	A
152	0.01521	0.01567	C
153	0.01202	0.01218	A
154	0.01602	0.01637	C
155	0.00257	0.00273	T
156	0.01433	0.01436	A
157	0.01537	0.01555	A
158	0.01834	0.01838	C
159	0.01417	0.0142	C
160	0.01264	0.0156	A
161	0.0022	0.00227	T
162	0.01586	0.01649	A
163	0.00206	0.00218	T
164	0.02867	0.02881	A
165	0.018	0.0181	C
166	0.01327	0.01335	C
167	0.01132	0.01133	A
168	0.01195	0.01209	A
169	0.0013	0.00136	T
170	0.00143	0.00162	G
171	0.00884	0.00899	A
172	0.00167	0.00172	T
173	0.00153	0.00154	G
174	0.00148	0.00152	G
175	0.00992	0.01007	C
176	0.00332	0.00338	G
177	0.01302	0.01321	C
178	0.00357	0.00362	G
179	0.00821	0.00866	A
180	0.00109	0.00113	T
181	0.00323	0.0033	G
182	0.00142	0.00156	T
183	0.01503	0.01508	A
184	0.01525	0.01535	A
185	0.02248	0.0229	C
186	0.02123	0.02133	A
187	0.0203	0.0205	C
188	0.00239	0.00249	G
189	0.02439	0.02464	A
190	0.0036	0.00369	G
191	0.01454	0.01463	A
192	0.01309	0.01311	A
193	0.01379	0.01389	A
194	0.00348	0.00382	G
195	0.01544	0.01581	C
196	0.01514	0.01629	A
197	0.02261	0.02287	C
198	0.01411	0.01575	A
199	0.00167	0.00179	T
200	0.02163	0.02172	A
201	0.02339	0.02349	C
202	0.0153	0.0154	C
203	0.0148	0.01482	A
204	0.0144	0.01465	A
205	0.00163	0.00166	G
206	0.00181	0.00185	G
207	0.00279	0.00283	C
208	0.00142	0.00153	C
209	0.01277	0.01743	A
210	0.01534	0.01536	C
211	0.01182	0.01216	C
212	0.00621	0.01464	A
213	0.01637	0.01703	C
214	0.00923	0.01101	A
215	0.0175	0.01822	C
216	0.0155	0.0159	A
217	0.02023	0.02024	C
218	0.01701	0.01752	C
219	0.01629	0.01948	A
220	0.02577	0.02577	C
221	0.01369	0.01383	C
222	0.00305	0.00319	T
223	0.00297	0.00316	G
224	0.00209	0.00217	T
225	0.01938	0.01939	C
226	0.02608	0.02614	C
227	0.00066	0.00071	A
228	0.00944	0.00946	A
229	0.01106	0.01109	A
230	0.0143	0.01432	A
231	0.01128	0.01129	A
232	0.00203	0.00205	G
233	0.00171	0.00172	G
234	0.00571	0.00572	C
235	0.00497	0.00498	C
236	0.00091	0.00093	T
237	0.00092	0.00093	T
238	0.02075	0.0217	C
239	0.00366	0.00376	G
240	0.01709	0.01737	A
241	0.00164	0.00176	T
242	0.0216	0.02183	A
243	0.02825	0.02901	C
244	0.0015	0.00152	G
245	0.00152	0.00153	G
246	0.00182	0.00183	G
247	0.01314	0.01996	A
248	0.00199	0.00231	T
249	0.01952	0.01955	A
250	0.0141	0.01701	A
251	0.00129	0.00141	T
252	0.01072	0.01083	C
253	0.00753	0.00764	C
254	0.00144	0.00154	T
255	0.01627	0.01706	A
256	0.00155	0.00156	T
257	0.00173	0.00173	T
258	0.00181	0.00182	T
259	0.01889	0.02111	A
260	0.00195	0.00195	T
261	0.00196	0.002	T
262	0.01432	0.02529	A
263	0.0072	0.00728	C
264	0.00432	0.00449	C
265	0.00087	0.0027	T
266	0.00653	0.00667	C
267	0.01885	0.02094	A
268	0.00181	0.00193	G
269	0.00496	0.00501	A
270	0.00526	0.00553	A
271	0.00174	0.00215	G
272	0.00033	0.00036	T
273	0.00025	0.00026	T
274	0.0005	0.0005	T
275	0.0011	0.00111	T
276	0.0009	0.00091	T
277	0.00097	0.00098	T
278	0.00055	0.00057	T
279	0.00391	0.00519	C
280	0.00115	0.00116	T
281	0.00048	0.00049	T
282	0.00434	0.0058	C
283	0.00044	0.00225	G
284	0.00241	0.97969	C
285	0.00472	0.0071	A
286	0.00122	0.00132	G
287	0.00152	0.0016	G
288	0.00699	0.008	A
289	0.00062	0.00063	T
290	0.00059	0.0006	T
291	0.0006	0.00061	T
292	0.00109	0.00109	T
293	0.00092	0.00093	T
294	0.01133	0.01311	C
295	0.00257	0.00268	T
296	0.00223	0.00259	G
297	0.01551	0.01567	A
298	0.00211	0.00217	G
299	0.00596	0.00598	C
300	0.00379	0.00381	C
301	0.00125	0.00125	T
302	0.00089	0.00089	T
303	0.00102	0.00102	T
304	0.00134	0.00135	T
305	0.02165	0.02596	A
306	0.02243	0.0225	C
307	0.01477	0.01481	C
308	0.01083	0.01556	A
309	0.01826	0.01843	C
310	0.0018	0.00189	T
311	0.01536	0.01537	C
312	0.01367	0.01376	C
313	0.01578	0.02039	A
314	0.00189	0.00194	G
315	0.0147	0.01471	C
316	0.0054	0.00546	C
317	0.00226	0.00243	T
318	0.02084	0.02172	A
319	0.00293	0.00308	G
320	0.0164	0.01646	C
321	0.00446	0.00449	C
322	0.01551	0.01555	C
323	0.01661	0.01676	C
324	0.00282	0.00366	T
325	0.01829	0.02005	A
326	0.01311	0.01316	C
327	0.01265	0.01282	C
328	0.01495	0.01522	C
329	0.0182	0.01826	C
330	0.02059	0.02061	C
331	0.02185	0.02187	C
332	0.01446	0.01462	A
333	0.01122	0.01124	A
334	0.00132	0.00135	T
335	0.0011	0.00113	T
336	0.00856	0.00995	A
337	0.00089	0.00095	G
338	0.00102	0.00108	G
339	0.00728	0.00816	A
340	0.00178	0.0018	G
341	0.00152	0.00154	G
342	0.00415	0.00416	G
343	0.00494	0.00572	C
344	0.02972	0.03005	A
345	0.02903	0.02918	C
346	0.00165	0.00172	T
347	0.00378	0.0038	G
348	0.00441	0.00443	G
349	0.00423	0.00426	C
350	0.00331	0.00334	C
351	0.00563	0.00566	C
352	0.00778	0.0078	C
353	0.01632	0.01637	C
354	0.01809	0.0182	A
355	0.02496	0.025	A
356	0.03177	0.03217	C
357	0.01004	0.01048	A
358	0.00138	0.00141	G
359	0.00212	0.00214	G
360	0.01752	0.01777	C
361	0.0216	0.02194	A
362	0.00182	0.0027	T
363	0.01176	0.01198	C
364	0.01331	0.01364	A
365	0.0228	0.02282	C
366	0.01532	0.01534	C
367	0.01639	0.0164	C
368	0.01971	0.01973	C
369	0.00422	0.00443	G
370	0.01519	0.01541	C
371	0.00164	0.00173	T
372	0.00913	0.00918	A
373	0.01458	0.01462	A
374	0.01251	0.01258	A
375	0.00219	0.00244	T
376	0.01014	0.01018	C
377	0.00929	0.00929	C
378	0.01651	0.01651	C
379	0.01597	0.01598	C
380	0.00195	0.00206	T
381	0.01704	0.01736	A
382	0.0012	0.00127	G
383	0.01026	0.01028	A
384	0.00889	0.00907	A
385	0.00225	0.00239	G
386	0.00117	0.00134	T
387	0.00508	0.0051	C
388	0.0057	0.00572	C
389	0.01187	0.01191	C
390	0.00923	0.01127	A
391	0.00789	0.00799	C
392	0.00104	0.0011	T
393	0.00536	0.00537	C
394	0.00334	0.00337	C
395	0.0011	0.00121	T
396	0.00582	0.00588	A
397	0.00754	0.00757	A
398	0.00585	0.00588	A
399	0.01017	0.01059	C
400	0.00928	0.00992	A
401	0.01095	0.01128	C
402	0.00922	0.00988	A
403	0.00143	0.00151	T
404	0.01155	0.01156	C
405	0.01149	0.0115	C
406	0.00275	0.00306	G
407	0.00161	0.00169	T
408	0.01455	0.01475	A
409	0.00172	0.00174	T
410	0.00121	0.00122	T
411	0.00576	0.01059	A
412	0.0118	0.01194	C
413	0.00112	0.00194	T
414	0.00974	0.00987	C
415	0.00384	0.00436	G
416	0.01943	0.02099	C
417	0.02072	0.02094	A
418	0.00152	0.00186	T
419	0.0218	0.02189	C
420	0.01651	0.01668	A
421	0.00094	0.00095	G
422	0.00081	0.00081	G
423	0.00829	0.01008	A
424	0.00309	0.00315	G
425	0.00149	0.00173	T
426	0.01487	0.01506	A
427	0.00136	0.00159	T
428	0.02358	0.02375	C
429	0.01843	0.01849	A
430	0.01792	0.01832	A
431	0.00144	0.00205	T
432	0.0117	0.01183	C
433	0.02098	0.02112	A
434	0.00917	0.00919	C
435	0.00368	0.0037	C
436	0.00096	0.001	T
437	0.00121	0.0013	G
438	0.00401	0.00411	A
439	0.00308	0.00315	G
440	0.00247	0.00256	C
441	0.00061	0.00093	T
442	0.00269	0.00278	C
443	0.00737	0.00763	A
444	0.00643	0.00643	C
445	0.00621	0.00623	C
446	0.00594	0.00699	A
447	0.00102	0.00109	T
448	0.0087	0.00885	A
449	0.00158	0.00166	G
450	0.00089	0.00095	T
451	0.006	0.00606	C
452	0.00138	0.00151	T
453	0.01546	0.01553	A
454	0.01604	0.01607	A
455	0.00197	0.00218	T
456	0.0192	0.01934	A
457	0.0017	0.00194	G
458	0.01363	0.01365	A
459	0.00796	0.00798	A
460	0.01355	0.01357	A
461	0.01466	0.0147	A
462	0.01319	0.01653	C
463	0.01042	0.01042	A
464	0.01454	0.01487	A
465	0.01093	0.01096	C
466	0.00826	0.00834	C
467	0.00415	0.0046	G
468	0.00819	0.00838	A
469	0.00934	0.00941	A
470	0.01106	0.01107	A
471	0.01638	0.01641	C
472	0.01074	0.01084	C
473	0.0075	0.00754	A
474	0.01386	0.01393	A
475	0.01301	0.01318	A
476	0.00219	0.00256	T
477	0.01285	0.01286	A
478	0.01352	0.01495	A
479	0.00124	0.00127	T
480	0.0013	0.00133	T
481	0.01683	0.0173	C
482	0.00897	0.009	A
483	0.00801	0.00804	A
484	0.00337	0.00382	G
485	0.00553	0.00568	C
486	0.01745	0.01845	A
487	0.01886	0.01905	C
488	0.00149	0.00154	T
489	0.00205	0.00212	G
490	0.00736	0.0075	C
491	0.00092	0.00093	T
492	0.00104	0.00107	T
493	0.01012	0.0163	A
494	0.00197	0.00198	T
495	0.00167	0.00186	T
496	0.00751	0.02024	A
497	0.03274	0.03353	C
498	0.01536	0.0154	A
499	0.01594	0.01629	A
500	0.00111	0.00112	T
501	0.00162	0.00162	T
502	0.00172	0.00173	T
503	0.00192	0.00192	T
504	0.01788	0.02504	A
505	0.02333	0.02357	C
506	0.00148	0.00153	T
507	0.00104	0.00106	G
508	0.00186	0.00188	G
509	0.00219	0.00221	G
510	0.00082	0.00088	T
511	0.00721	0.00731	C
512	0.00092	0.00096	T
513	0.01265	0.01316	C
514	0.00106	0.0011	T
515	0.01373	0.01412	A
516	0.00088	0.00088	T
517	0.00164	0.00165	T
518	0.00138	0.00138	T
519	0.00143	0.00145	T
520	0.01191	0.01419	A
521	0.00875	0.00877	C
522	0.00453	0.00455	C
523	0.00714	0.0072	C
524	0.00112	0.0013	T
525	0.01417	0.01419	C
526	0.00982	0.01007	C
527	0.00166	0.00181	T
528	0.01692	0.01729	A
529	0.02829	0.02858	C
530	0.01527	0.01543	A
531	0.01517	0.01578	A
532	0.00146	0.00155	G
533	0.01929	0.01929	C
534	0.00586	0.00588	C
535	0.00134	0.0025	T
536	0.01703	0.01712	C
537	0.01796	0.01887	A
538	0.00109	0.00114	G
539	0.01226	0.01248	A
540	0.00388	0.00392	G
541	0.00182	0.00187	T
542	0.01205	0.01219	A
543	0.01109	0.01118	C
544	0.00097	0.00098	T
545	0.00122	0.00122	T
546	0.01205	0.01261	C
547	0.00146	0.00153	G
548	0.01106	0.01125	A
549	0.00289	0.00292	G
550	0.00088	0.00094	T
551	0.00225	0.00231	C
552	0.00089	0.00103	T
553	0.00774	0.00778	C
554	0.01445	0.01445	C
555	0.01101	0.01111	C
556	0.00119	0.0012	T
557	0.00123	0.00127	T
558	0.01119	0.01266	C
559	0.01837	0.01884	A
560	0.01754	0.01755	C
561	0.01309	0.01317	C
562	0.01535	0.01701	A
563	0.0007	0.00072	T
564	0.00117	0.00119	T
565	0.00113	0.00114	T
566	0.01026	0.01028	C
567	0.01032	0.01037	C
568	0.00252	0.00287	G
569	0.01945	0.0197	A
570	0.02118	0.02155	C
571	0.00329	0.00332	G
572	0.00395	0.00397	G
573	0.01688	0.01722	C
574	0.0201	0.02027	A
575	0.00135	0.00141	T
576	0.01702	0.01713	C
577	0.00176	0.00188	T
578	0.02505	0.02724	A
579	0.02971	0.02995	C
580	0.00153	0.00156	G
581	0.0028	0.00283	G
582	0.00379	0.004	C
583	0.00088	0.00128	T
584	0.01025	0.01047	C
585	0.01497	0.01526	A
586	0.0138	0.01388	A
587	0.04007	0.04067	C
588	0.00596	0.00614	A
589	0.00053	0.00056	T
590	0.00061	0.00062	T
591	0.00101	0.00101	T
592	0.00139	0.0014	T
593	0.00121	0.00121	T
594	0.00086	0.00087	T
595	0.00298	0.00334	G
596	0.00159	0.00201	T
597	0.00836	0.00885	A
598	0.00403	0.00421	G
599	0.00188	0.0019	C
600	0.00151	0.00157	C
601	0.02984	0.03741	A
602	0.03407	0.03487	C
603	0.01933	0.02279	A
604	0.0012	0.00122	G
605	0.00215	0.00216	G
606	0.00854	0.00867	C
607	0.00067	0.00069	T
608	0.00063	0.00064	T
609	0.00939	0.0094	C
610	0.01649	0.01651	C
611	0.02087	0.02485	A
612	0.01678	0.01695	C
613	0.00284	0.00288	G
614	0.00178	0.0018	G
615	0.01384	0.01678	A
616	0.01776	0.01787	C
617	0.00078	0.0008	T
618	0.00102	0.00111	T
619	0.01068	0.01142	C
620	0.01855	0.01873	A
621	0.02003	0.02013	C
622	0.0015	0.0016	G
623	0.00067	0.00141	T
624	0.00441	0.00447	C
625	0.00972	0.00986	A
626	0.00076	0.00077	T
627	0.0008	0.00081	T
628	0.00529	0.00963	A
629	0.00085	0.00085	T
630	0.00091	0.00092	T
631	0.00088	0.00089	G
632	0.00204	0.00206	G
633	0.01379	0.01407	C
634	0.00094	0.00161	T
635	0.0128	0.01303	C
636	0.0117	0.01199	A
637	0.01532	0.01534	A
638	0.01435	0.01455	C
639	0.00057	0.00058	T
640	0.00094	0.00095	T
641	0.00076	0.00077	T
642	0.00739	0.00742	C
643	0.00671	0.00674	C
644	0.00125	0.00216	T
645	0.01577	0.01593	C
646	0.01674	0.01793	A
647	0.02417	0.02457	C
648	0.0016	0.00164	T
649	0.02049	0.02104	A
650	0.00168	0.00173	T
651	0.02054	0.02076	C
652	0.00135	0.00137	T
653	0.00163	0.00178	G
654	0.0103	0.01042	C
655	0.00078	0.00079	T
656	0.00079	0.00086	T
657	0.00439	0.00455	C
658	0.00744	0.00766	A
659	0.00102	0.00109	T
660	0.00599	0.006	C
661	0.00556	0.00565	C
662	0.00435	0.00454	G
663	0.00555	0.00555	C
664	0.00566	0.00568	C
665	0.00524	0.00529	A
666	0.00981	0.00981	A
667	0.01244	0.0127	C
668	0.00141	0.00145	T
669	0.00861	0.00869	A
670	0.00729	0.00736	A
671	0.00101	0.00104	T
672	0.00924	0.00936	A
673	0.00059	0.00059	T
674	0.00082	0.00082	T
675	0.00102	0.00104	T
676	0.00744	0.0077	C
677	0.01753	0.01761	A
678	0.01163	0.01172	C
679	0.001	0.00101	T
680	0.00147	0.00148	T
681	0.0012	0.00122	T
682	0.00847	0.00927	A
683	0.01082	0.01121	C
684	0.00802	0.00815	A
685	0.00112	0.0014	T
686	0.00702	0.00705	C
687	0.00882	0.00885	C
688	0.00923	0.00929	A
689	0.01973	0.01982	A
690	0.01605	0.01607	A
691	0.02933	0.03122	C
692	0.01537	0.01561	A
693	0.00167	0.00204	T
694	0.01927	0.01952	C
695	0.01868	0.01881	A
696	0.02983	0.03014	C
697	0.0014	0.00141	T
698	0.00182	0.00182	T
699	0.00149	0.0015	T
700	0.00103	0.00104	G
701	0.0021	0.00211	G
702	0.00921	0.00936	C
703	0.00068	0.00069	T
704	0.00138	0.00139	T
705	0.02214	0.02298	C
706	0.00365	0.00384	G
707	0.01398	0.01403	A
708	0.01313	0.01319	A
709	0.00327	0.00334	G
710	0.0036	0.00362	C
711	0.00612	0.00615	C
712	0.00669	0.00703	G
713	0.03206	0.03207	C
714	0.01929	0.01942	C
715	0.00343	0.00353	G
716	0.0076	0.00761	C
717	0.00334	0.00335	C
718	0.00173	0.00186	T
719	0.00184	0.00218	G
720	0.02406	0.02431	A
721	0.00181	0.00188	T
722	0.02211	0.02243	A
723	0.03157	0.03197	C
724	0.00164	0.00168	T
725	0.00116	0.00117	G
726	0.00213	0.00217	G
727	0.00864	0.00877	C
728	0.02835	0.02848	A
729	0.00052	0.00052	T
730	0.00144	0.00144	T
731	0.00157	0.00158	T
732	0.00171	0.00172	T
733	0.00126	0.00152	G
734	0.00082	0.00086	T
735	0.01028	0.01054	A
736	0.00157	0.00161	G
737	0.00955	0.00967	A
738	0.00063	0.00067	T
739	0.00121	0.00123	G
740	0.00153	0.00157	T
741	0.00101	0.00101	G
742	0.00105	0.00107	G
743	0.00116	0.00117	T
744	0.00177	0.00178	T
745	0.00142	0.00142	T
746	0.00119	0.00134	G
747	0.01037	0.01046	A
748	0.01193	0.01207	C
749	0.001	0.00101	T
750	0.02256	0.02372	A
751	0.0008	0.0008	T
752	0.00172	0.00172	T
753	0.00177	0.00177	T
754	0.01827	0.0187	C
755	0.00115	0.00116	T
756	0.00105	0.00113	G
757	0.00115	0.00121	T
758	0.01574	0.01615	A
759	0.00183	0.00186	T
760	0.00156	0.00161	G
761	0.00076	0.00082	T
762	0.00262	0.00266	C
763	0.00111	0.00114	T
764	0.01054	0.01054	C
765	0.00552	0.00563	C
766	0.0097	0.01297	A
767	0.00097	0.00101	T
768	0.00936	0.00945	C
769	0.00075	0.00076	T
770	0.00944	0.00971	A
771	0.00121	0.00121	T
772	0.00152	0.00153	T
773	0.00202	0.00216	G
774	0.01813	0.01829	A
775	0.00697	0.00701	T
776	0.00427	0.00473	G
777	0.021	0.02133	A
778	0.003	0.003	G
779	0.00129	0.00129	G
780	0.00318	0.00318	G
781	0.00133	0.00135	T
782	0.00095	0.00099	C
783	0.0005	0.0005	T
784	1e-05	1e-05	T
785	0.0	0.0	A
786	0.0	0.0	A
