Position	Mismatches	Mismatches + Deletions	Base
1	0.0	0.0	A
2	0.0	0.0	A
3	0.0	0.0	T
4	0.00141	0.00141	G
5	0.00209	0.00325	C
6	0.00068	0.00068	C
7	0.00371	0.00371	C
8	0.00961	0.00961	C
9	0.00713	0.00937	A
10	0.00936	0.00942	A
11	0.01198	0.01213	C
12	0.00111	0.00118	T
13	0.00568	0.00569	A
14	0.00888	0.00891	A
15	0.00694	0.00694	A
16	0.00132	0.00142	T
17	0.01156	0.01164	A
18	0.01127	0.01149	C
19	0.00108	0.00115	T
20	0.01558	0.0157	A
21	0.01107	0.0111	C
22	0.00537	0.00539	C
23	0.00283	0.00294	G
24	0.00073	0.00083	T
25	0.00247	0.00261	A
26	0.00058	0.00063	T
27	0.00124	0.00126	G
28	0.00124	0.00125	G
29	0.00507	0.00509	C
30	0.00268	0.00269	C
31	0.00555	0.0056	C
32	0.00578	0.00685	A
33	0.00792	0.00793	C
34	0.00562	0.00563	C
35	0.00335	0.0047	A
36	0.00092	0.00098	T
37	0.00435	0.00436	A
38	0.00569	0.00579	A
39	0.00075	0.00076	T
40	0.00087	0.00089	T
41	0.00698	0.00841	A
42	0.00515	0.00517	C
43	0.00293	0.00294	C
44	0.00328	0.00328	C
45	0.0019	0.0019	C
46	0.00223	0.00223	C
47	0.00152	0.00282	A
48	0.00068	0.00077	T
49	0.00283	0.0029	A
50	0.00317	0.00326	C
51	0.00076	0.00082	T
52	0.00359	0.0036	C
53	0.00444	0.00446	C
54	0.00093	0.00093	T
55	0.00096	0.00097	T
56	0.00385	0.00626	A
57	0.00918	0.00934	C
58	0.00967	0.00974	A
59	0.0083	0.00837	C
60	0.00094	0.00098	T
61	0.00682	0.00822	A
62	0.00076	0.00076	T
63	0.0006	0.0006	T
64	0.00429	0.0043	C
65	0.00246	0.00247	C
66	0.0009	0.00099	T
67	0.00145	0.00152	C
68	0.00172	0.00188	A
69	0.00064	0.00084	T
70	0.00113	0.00119	C
71	0.00215	0.0022	A
72	0.00207	0.00207	C
73	0.00262	0.00262	C
74	0.00651	0.00652	C
75	0.00387	0.00388	A
76	0.00434	0.00434	A
77	0.01006	0.01026	C
78	0.00202	0.00218	T
79	0.00099	0.001	A
80	0.00523	0.00525	A
81	0.00518	0.00519	A
82	0.00728	0.00729	A
83	0.00544	0.00545	A
84	0.00194	0.00212	T
85	0.00711	0.00724	A
86	0.00107	0.00109	T
87	0.00116	0.00126	T
88	0.00653	0.00656	A
89	0.00785	0.00789	A
90	0.00779	0.00782	A
91	0.01092	0.01156	C
92	0.00725	0.00752	A
93	0.00977	0.01038	C
94	0.00733	0.00734	A
95	0.00725	0.00726	A
96	0.01009	0.01014	A
97	0.01038	0.01087	C
98	0.0014	0.00148	T
99	0.00974	0.00986	A
100	0.01004	0.01009	C
101	0.00593	0.00597	C
102	0.01159	0.01403	A
103	0.00825	0.00826	C
104	0.00657	0.00665	C
105	0.00129	0.00148	T
106	0.01398	0.01414	A
107	0.01186	0.01188	C
108	0.00671	0.00679	C
109	0.00158	0.00178	T
110	0.00441	0.00441	C
111	0.0032	0.0032	C
112	0.0048	0.00483	C
113	0.0015	0.00171	T
114	0.00328	0.00339	C
115	0.00598	0.00632	A
116	0.00419	0.00419	C
117	0.00232	0.00235	C
118	0.00203	0.00205	A
119	0.00269	0.0027	A
120	0.00332	0.00334	A
121	0.00292	0.00306	G
122	0.00318	0.00321	C
123	0.00244	0.00245	C
124	0.00873	0.00877	C
125	0.00341	0.00368	A
126	0.00208	0.0023	T
127	0.00093	0.00094	A
128	0.00545	0.00545	A
129	0.00498	0.00499	A
130	0.00831	0.00831	A
131	0.00549	0.0055	A
132	0.01797	0.0195	T
133	0.0018	0.00181	A
134	0.00099	0.001	A
135	0.00561	0.00561	A
136	0.00366	0.00366	A
137	0.00525	0.00525	A
138	0.00467	0.00468	A
139	0.00197	0.00201	T
140	0.00134	0.00148	T
141	0.00427	0.00672	A
142	0.00104	0.00119	T
143	0.00579	0.0058	A
144	0.0057	0.00584	A
145	0.0065	0.00676	C
146	0.00426	0.00426	A
147	0.00448	0.00448	A
148	0.0067	0.00701	A
149	0.00586	0.00591	C
150	0.00295	0.00297	C
151	0.0048	0.00484	C
152	0.00149	0.00162	T
153	0.00122	0.00133	G
154	0.0114	0.01171	A
155	0.00224	0.00246	G
156	0.01096	0.01097	A
157	0.01092	0.01099	A
158	0.01455	0.01462	C
159	0.01133	0.01141	C
160	0.00546	0.0055	A
161	0.00483	0.00485	A
162	0.00668	0.00671	A
163	0.00604	0.00606	A
164	0.00117	0.00126	T
165	0.00147	0.0016	G
166	0.00458	0.00459	A
167	0.00535	0.00537	A
168	0.00503	0.00517	C
169	0.00226	0.0024	G
170	0.00612	0.00614	A
171	0.00352	0.00355	A
172	0.01206	0.01209	A
173	0.01392	0.01395	A
174	0.00123	0.00139	T
175	0.01356	0.01366	C
176	0.00129	0.00134	T
177	0.00221	0.00247	G
178	0.00059	0.0006	T
179	0.00036	0.00037	T
180	0.00239	0.00249	C
181	0.0023	0.00237	G
182	0.015	0.01517	C
183	0.00055	0.00059	T
184	0.00052	0.00053	T
185	0.00212	0.00226	C
186	0.00429	0.00442	A
187	0.00045	0.00046	T
188	0.00048	0.00049	T
189	0.00748	0.00766	C
190	0.00637	0.00651	A
191	0.00086	0.00087	T
192	0.00088	0.00089	T
193	0.00256	0.00269	G
194	0.00441	0.00443	C
195	0.00136	0.00138	C
196	0.00508	0.00509	C
197	0.0059	0.00591	C
198	0.00906	0.00912	C
199	0.00653	0.00781	A
200	0.01658	0.01685	C
201	0.00788	0.00793	A
202	0.0091	0.00927	A
203	0.00127	0.00134	T
204	0.01013	0.01014	C
205	0.00789	0.00792	C
206	0.00188	0.00207	T
207	0.0104	0.01163	A
208	0.00091	0.00094	G
209	0.00148	0.00149	G
210	0.00326	0.00327	C
211	0.00295	0.00299	C
212	0.00121	0.00141	T
213	0.00756	0.00783	A
214	0.0152	0.01523	C
215	0.01046	0.01054	C
216	0.01587	0.01603	C
217	0.00348	0.00364	G
218	0.00319	0.00319	C
219	0.00287	0.00289	C
220	0.00367	0.00383	G
221	0.00695	0.00708	C
222	0.00638	0.00649	A
223	0.0027	0.00277	G
224	0.00088	0.00098	T
225	0.00579	0.00591	A
226	0.00787	0.00798	C
227	0.00096	0.00103	T
228	0.00152	0.00167	G
229	0.00632	0.00643	A
230	0.00072	0.00087	T
231	0.00612	0.00625	C
232	0.00819	0.00833	A
233	0.00064	0.00065	T
234	0.00063	0.00065	T
235	0.00439	0.00506	C
236	0.00094	0.00104	T
237	0.00684	0.00716	A
238	0.00049	0.00049	T
239	0.001	0.001	T
240	0.00133	0.00133	T
241	0.0037	0.00371	C
242	0.00371	0.00372	C
243	0.00642	0.00643	C
244	0.0059	0.00592	C
245	0.00707	0.00708	C
246	0.00105	0.00116	T
247	0.00771	0.0078	C
248	0.00109	0.00116	T
249	0.00929	0.0095	A
250	0.00114	0.00114	T
251	0.0011	0.00111	T
252	0.00132	0.00144	G
253	0.00642	0.00658	A
254	0.00092	0.00098	T
255	0.00336	0.00339	C
256	0.00342	0.00344	C
257	0.0028	0.00282	C
258	0.0029	0.00293	C
259	0.005	0.00564	A
260	0.00503	0.00504	C
261	0.00301	0.00304	C
262	0.00141	0.00153	T
263	0.00376	0.00376	C
264	0.00283	0.00283	C
265	0.00208	0.0021	A
266	0.00384	0.00386	A
267	0.00375	0.00377	A
268	0.00127	0.00134	T
269	0.00573	0.00583	A
270	0.00104	0.00112	T
271	0.00488	0.00495	C
272	0.00109	0.00129	T
273	0.00481	0.00492	C
274	0.00548	0.00583	A
275	0.00102	0.00118	T
276	0.00653	0.00663	C
277	0.0078	0.00785	A
278	0.0079	0.00792	A
279	0.0132	0.0134	C
280	0.00822	0.00822	A
281	0.01064	0.01082	A
282	0.01301	0.01302	C
283	0.00788	0.00793	C
284	0.00186	0.00207	G
285	0.01417	0.01422	A
286	0.00809	0.00819	C
287	0.00196	0.00203	T
288	0.00489	0.00491	A
289	0.00427	0.0043	A
290	0.00098	0.00108	T
291	0.0035	0.0036	C
292	0.00583	0.00592	A
293	0.00295	0.00296	C
294	0.00202	0.00205	C
295	0.00313	0.0041	A
296	0.00346	0.00346	C
297	0.00315	0.00315	C
298	0.00427	0.00429	C
299	0.00407	0.00408	A
300	0.0035	0.00351	A
301	0.00802	0.00818	C
302	0.00502	0.00503	A
303	0.00547	0.00553	A
304	0.00137	0.00142	T
305	0.00108	0.00113	G
306	0.00789	0.00796	A
307	0.00629	0.00638	C
308	0.00171	0.00178	T
309	0.00439	0.00441	A
310	0.00571	0.00573	A
311	0.00085	0.00107	T
312	0.00392	0.00401	C
313	0.00463	0.00466	A
314	0.00415	0.00418	A
315	0.00605	0.00606	A
316	0.00494	0.00527	C
317	0.00137	0.00146	T
318	0.00403	0.00405	A
319	0.00403	0.0041	A
320	0.00456	0.00458	C
321	0.0034	0.00345	C
322	0.00108	0.00126	T
323	0.00574	0.00584	C
324	0.00573	0.00585	A
325	0.00397	0.00401	A
326	0.00746	0.00753	A
327	0.00839	0.0084	A
328	0.00996	0.01154	C
329	0.00414	0.00415	A
330	0.00624	0.00625	A
331	0.00615	0.0062	A
332	0.00119	0.00128	T
333	0.00155	0.00165	G
334	0.00599	0.00611	A
335	0.00094	0.00108	T
336	0.00486	0.00486	A
337	0.00508	0.00527	A
338	0.00465	0.0047	C
339	0.00253	0.00255	C
340	0.00204	0.00429	A
341	0.00091	0.00099	T
342	0.00374	0.00381	A
343	0.00564	0.00588	C
344	0.0051	0.00528	A
345	0.00696	0.00721	C
346	0.00664	0.00664	A
347	0.00748	0.00759	A
348	0.00862	0.0088	C
349	0.00645	0.00652	A
350	0.00628	0.00639	C
351	0.00116	0.00126	T
352	0.00447	0.00448	A
353	0.00587	0.0059	A
354	0.00545	0.00547	A
355	0.00154	0.00156	G
356	0.001	0.00101	G
357	0.00737	0.00855	A
358	0.00533	0.00551	C
359	0.00294	0.00306	G
360	0.00355	0.00361	A
361	0.00375	0.00381	A
362	0.00316	0.00317	C
363	0.00244	0.00246	C
364	0.00097	0.00102	T
365	0.00134	0.00142	G
366	0.00384	0.00389	A
367	0.00053	0.00057	T
368	0.00382	0.00387	C
369	0.00055	0.00059	T
370	0.00427	0.00437	C
371	0.00086	0.00086	T
372	0.00076	0.00078	T
373	0.00264	0.00442	A
374	0.00063	0.00067	T
375	0.00499	0.00512	A
376	0.00407	0.00413	C
377	0.00057	0.0006	T
378	0.00364	0.00374	A
379	0.0007	0.00075	G
380	0.00046	0.00053	T
381	0.00322	0.00329	A
382	0.00048	0.00052	T
383	0.00343	0.00344	C
384	0.004	0.00403	C
385	0.00086	0.00086	T
386	0.0009	0.00092	T
387	0.00355	0.0036	A
388	0.00646	0.00654	A
389	0.00122	0.00128	T
390	0.00731	0.0075	C
391	0.00375	0.00402	A
392	0.00042	0.00043	T
393	0.00045	0.00045	T
394	0.00052	0.00052	T
395	0.00062	0.00062	T
396	0.00073	0.00074	T
397	0.00418	0.00564	A
398	0.00167	0.00167	T
399	0.00363	0.00364	T
400	0.00205	0.0022	G
401	0.00511	0.00515	C
402	0.00421	0.00427	C
403	0.00655	0.0104	A
404	0.0127	0.01315	C
405	0.00722	0.00724	A
406	0.01067	0.01075	A
407	0.01047	0.01082	C
408	0.00149	0.00161	T
409	0.00852	0.00854	A
410	0.00985	0.00996	A
411	0.0078	0.00782	C
412	0.00435	0.00443	C
413	0.00105	0.00117	T
414	0.00558	0.00559	C
415	0.00762	0.00768	C
416	0.00207	0.00222	T
417	0.01023	0.01041	C
418	0.00117	0.00122	G
419	0.00121	0.00126	G
420	0.0082	0.00901	A
421	0.00594	0.00609	C
422	0.00086	0.00093	T
423	0.00394	0.00394	C
424	0.00298	0.00302	C
425	0.00115	0.00131	T
426	0.0013	0.00147	G
427	0.00342	0.00343	C
428	0.00213	0.00216	C
429	0.00084	0.00107	T
430	0.00552	0.00569	C
431	0.00453	0.00473	A
432	0.00811	0.00823	C
433	0.00125	0.00141	T
434	0.00656	0.00665	C
435	0.00458	0.00491	A
436	0.00101	0.00102	T
437	0.00134	0.00135	T
438	0.00121	0.00123	T
439	0.01183	0.01257	A
440	0.00957	0.00978	C
441	0.01534	0.01547	A
442	0.00732	0.00733	C
443	0.00483	0.00487	C
444	0.00418	0.0042	A
445	0.00654	0.00658	A
446	0.00426	0.00429	C
447	0.00224	0.00226	C
448	0.0038	0.00499	A
449	0.00385	0.00386	C
450	0.0033	0.00331	C
451	0.00627	0.0063	C
452	0.00469	0.00472	A
453	0.00519	0.0052	A
454	0.01227	0.01241	C
455	0.0012	0.00128	T
456	0.00823	0.00834	A
457	0.00106	0.0011	T
458	0.00996	0.01006	C
459	0.0014	0.00148	T
460	0.01129	0.01153	A
461	0.00138	0.00152	T
462	0.00945	0.00948	A
463	0.01011	0.01014	A
464	0.01402	0.01417	A
465	0.01591	0.01598	C
466	0.00417	0.00423	C
467	0.00128	0.00141	T
468	0.0148	0.01514	A
469	0.00124	0.00134	G
470	0.00606	0.00608	C
471	0.00441	0.00442	C
472	0.00503	0.00642	A
473	0.00108	0.00121	T
474	0.00144	0.00147	G
475	0.00156	0.0016	G
476	0.00533	0.00535	C
477	0.0067	0.00672	C
478	0.00843	0.01013	A
479	0.00195	0.00207	T
480	0.00916	0.00918	C
481	0.01056	0.01057	C
482	0.00965	0.00966	C
483	0.00496	0.00498	C
484	0.00107	0.0011	T
485	0.00104	0.00108	T
486	0.00401	0.0068	A
487	0.00116	0.00124	T
488	0.00093	0.00108	G
489	0.00463	0.00475	A
490	0.00891	0.00906	G
491	0.00555	0.00572	C
492	0.0075	0.0075	G
493	0.0021	0.00211	G
494	0.00348	0.00349	G
495	0.00418	0.00451	C
496	0.00627	0.00645	A
497	0.00828	0.00836	C
498	0.0079	0.00807	A
499	0.00152	0.00157	G
500	0.00091	0.00105	T
501	0.00124	0.00131	G
502	0.00846	0.00876	A
503	0.00082	0.00083	T
504	0.00105	0.00107	T
505	0.0078	0.01186	A
506	0.00076	0.00083	T
507	0.00845	0.00882	A
508	0.00088	0.00091	G
509	0.00113	0.00115	G
510	0.0047	0.00481	C
511	0.00052	0.00054	T
512	0.00077	0.00078	T
513	0.00077	0.00078	T
514	0.00373	0.00387	C
515	0.0018	0.00187	G
516	0.00293	0.00302	C
517	0.00062	0.00068	T
518	0.00302	0.0031	C
519	0.00078	0.00086	T
520	0.0061	0.00616	A
521	0.00918	0.00924	A
522	0.00093	0.0011	G
523	0.01472	0.01488	A
524	0.00135	0.00137	T
525	0.00163	0.00183	T
526	0.00127	0.00131	A
527	0.00878	0.00884	A
528	0.00695	0.00701	A
529	0.01096	0.011	A
530	0.00827	0.00829	A
531	0.00122	0.0013	T
532	0.00179	0.00197	G
533	0.00546	0.00549	C
534	0.00159	0.00162	C
535	0.00196	0.002	C
536	0.00116	0.00129	T
537	0.00498	0.00549	A
538	0.00156	0.00169	G
539	0.00327	0.00329	C
540	0.00354	0.00355	C
541	0.00631	0.00634	C
542	0.00333	0.00412	A
543	0.00674	0.0069	C
544	0.00075	0.00077	T
545	0.00074	0.00075	T
546	0.00498	0.00537	C
547	0.00139	0.00139	T
548	0.00177	0.00179	T
549	0.00534	0.00827	A
550	0.00762	0.00765	C
551	0.00553	0.00556	C
552	0.00682	0.00811	A
553	0.01195	0.01217	C
554	0.00813	0.00814	A
555	0.01026	0.01044	A
556	0.0012	0.00123	G
557	0.00143	0.00146	G
558	0.00898	0.00927	C
559	0.00994	0.01118	A
560	0.01239	0.01266	C
561	0.00667	0.00694	A
562	0.01121	0.01122	C
563	0.00643	0.0065	C
564	0.00164	0.00201	T
565	0.01127	0.01298	A
566	0.01092	0.0112	C
567	0.01056	0.01152	A
568	0.00646	0.00647	C
569	0.00436	0.00438	C
570	0.003	0.00301	C
571	0.00274	0.00276	C
572	0.00111	0.00113	T
573	0.00071	0.00075	T
574	0.00165	0.00236	A
575	0.00066	0.00075	T
576	0.00188	0.00191	C
577	0.002	0.00202	C
578	0.00417	0.00419	C
579	0.0057	0.00571	C
580	0.00207	0.00393	A
581	0.00075	0.00083	T
582	0.00356	0.00364	A
583	0.0068	0.00688	C
584	0.00078	0.00082	T
585	0.00788	0.00804	A
586	0.00059	0.00065	G
587	0.00082	0.00084	T
588	0.00096	0.00097	T
589	0.00492	0.00842	A
590	0.00099	0.00099	T
591	0.00106	0.00107	T
592	0.00586	0.00989	A
593	0.00108	0.00114	T
594	0.00938	0.00952	C
595	0.00249	0.00261	G
596	0.00501	0.00507	A
597	0.00764	0.00765	A
598	0.00918	0.00919	A
599	0.00668	0.00671	C
600	0.00333	0.00334	C
601	0.0053	0.00607	A
602	0.00133	0.00174	T
603	0.00483	0.00494	C
604	0.006	0.00633	A
605	0.00125	0.00133	G
606	0.00264	0.00265	C
607	0.00115	0.00116	C
608	0.00086	0.00096	T
609	0.00328	0.00338	A
610	0.00413	0.00427	C
611	0.00072	0.0008	T
612	0.00299	0.00311	C
613	0.00391	0.00415	A
614	0.00079	0.0008	T
615	0.00091	0.00092	T
616	0.0079	0.00801	C
617	0.00993	0.00996	A
618	0.01004	0.01011	A
619	0.01259	0.0126	C
620	0.01015	0.01016	C
621	0.00889	0.0089	A
622	0.00913	0.00923	A
623	0.00214	0.00237	T
624	0.01066	0.01099	A
625	0.00163	0.0017	G
626	0.00577	0.00578	C
627	0.00544	0.00545	C
628	0.00668	0.00669	C
629	0.00095	0.00102	T
630	0.00206	0.00207	G
631	0.00147	0.00149	G
632	0.00235	0.00237	C
633	0.00685	0.00686	C
634	0.00358	0.00375	G
635	0.00104	0.00119	T
636	0.0077	0.00794	A
637	0.01087	0.01099	C
638	0.0023	0.00239	G
639	0.00267	0.00268	C
640	0.00175	0.00179	C
641	0.00105	0.00119	T
642	0.00684	0.00691	A
643	0.00948	0.00953	A
644	0.01334	0.01335	C
645	0.01244	0.01248	C
646	0.00306	0.00324	G
647	0.00698	0.00711	C
648	0.00128	0.00139	T
649	0.01002	0.01011	A
650	0.01414	0.01417	A
651	0.01217	0.01233	C
652	0.00988	0.01004	A
653	0.00116	0.00119	T
654	0.00096	0.00099	T
655	0.00605	0.00952	A
656	0.0091	0.00922	C
657	0.0011	0.00118	T
658	0.00239	0.00281	G
659	0.00583	0.00613	C
660	0.00803	0.00857	A
661	0.00122	0.00124	G
662	0.00239	0.00242	G
663	0.00341	0.00344	C
664	0.00263	0.00268	C
665	0.00472	0.00595	A
666	0.00744	0.00745	C
667	0.00402	0.00404	C
668	0.00102	0.00116	T
669	0.00472	0.00487	A
670	0.00572	0.00589	C
671	0.00111	0.00145	T
672	0.00397	0.00409	C
673	0.00512	0.00559	A
674	0.00149	0.00158	T
675	0.00232	0.0027	G
676	0.00562	0.00577	C
677	0.00842	0.00852	A
678	0.00814	0.00815	C
679	0.00622	0.00625	C
680	0.00133	0.0014	T
681	0.00744	0.00749	A
682	0.01005	0.01009	A
683	0.001	0.00102	T
684	0.00108	0.0011	T
685	0.00127	0.00128	G
686	0.00099	0.00102	G
687	0.00723	0.00726	A
688	0.00626	0.0063	A
689	0.00241	0.00253	G
690	0.0046	0.00471	C
691	0.00326	0.00335	G
692	0.00322	0.00326	C
693	0.00189	0.00192	C
694	0.00299	0.00467	A
695	0.00472	0.00475	C
696	0.00379	0.0038	C
697	0.00354	0.00357	C
698	0.0009	0.00096	T
699	0.00511	0.00517	A
700	0.00106	0.00112	G
701	0.00536	0.00547	C
702	0.00491	0.00493	A
703	0.00402	0.00404	A
704	0.00084	0.00088	T
705	0.00506	0.00511	A
706	0.00087	0.00131	T
707	0.00648	0.00665	C
708	0.00677	0.00678	A
709	0.00888	0.00889	A
710	0.00897	0.00898	C
711	0.00424	0.00425	C
712	0.00587	0.00668	A
713	0.00084	0.00085	T
714	0.00098	0.00099	T
715	0.00339	0.0034	A
716	0.00574	0.00578	A
717	0.00484	0.00485	C
718	0.00247	0.00249	C
719	0.00081	0.00082	T
720	0.00071	0.00072	T
721	0.00202	0.00203	C
722	0.00168	0.00169	C
723	0.00312	0.00312	C
724	0.00061	0.00066	T
725	0.00327	0.00332	C
726	0.00095	0.00099	T
727	0.00372	0.00378	A
728	0.00507	0.0052	C
729	0.00389	0.00395	A
730	0.00307	0.00312	C
731	0.00062	0.00063	T
732	0.00057	0.00058	T
733	0.0018	0.0025	A
734	0.00047	0.00054	T
735	0.00206	0.00212	C
736	0.00229	0.00235	A
737	0.0004	0.00044	T
738	0.00176	0.00181	C
739	0.00075	0.00075	T
740	0.00062	0.00065	T
741	0.00173	0.00179	C
742	0.0029	0.00295	A
743	0.00477	0.00489	C
744	0.00263	0.00265	A
745	0.00331	0.00333	A
746	0.00054	0.00055	T
747	0.0005	0.00051	T
748	0.00277	0.00323	C
749	0.00098	0.00106	T
750	0.00381	0.00384	A
751	0.00499	0.00504	A
752	0.00053	0.00053	T
753	0.00042	0.00044	T
754	0.00339	0.0037	C
755	0.00085	0.00091	T
756	0.00773	0.00785	A
757	0.00758	0.00768	C
758	0.00145	0.0015	T
759	0.00096	0.00111	G
760	0.00734	0.00741	A
761	0.00793	0.00809	C
762	0.00089	0.00101	T
763	0.00808	0.00839	A
764	0.00088	0.00096	T
765	0.00925	0.00928	C
766	0.00699	0.00702	C
767	0.00123	0.00134	T
768	0.01027	0.01045	A
769	0.00093	0.00104	G
770	0.00567	0.00567	A
771	0.00631	0.00632	A
772	0.0049	0.00492	A
773	0.00055	0.00062	T
774	0.00408	0.00416	C
775	0.00294	0.00297	G
776	0.00368	0.00373	C
777	0.00086	0.0009	T
778	0.00275	0.00283	G
779	0.0007	0.00081	T
780	0.01183	0.01196	C
781	0.00191	0.00195	G
782	0.00358	0.00358	C
783	0.00213	0.00214	C
784	0.00093	0.00095	T
785	0.00094	0.00096	T
786	0.00568	0.00578	A
787	0.0061	0.00613	A
788	0.0008	0.00089	T
789	0.0081	0.00813	C
790	0.00602	0.00603	C
791	0.00523	0.00528	A
792	0.00692	0.00693	A
793	0.00168	0.00174	G
794	0.00329	0.0033	C
795	0.00139	0.00142	C
796	0.00082	0.0009	T
797	0.00647	0.00656	A
798	0.00925	0.00934	C
799	0.00166	0.00177	G
800	0.0004	0.0004	T
801	0.00046	0.00047	T
802	0.00065	0.00065	T
803	0.00101	0.00101	T
804	0.00511	0.00578	C
805	0.01226	0.0125	A
806	0.01472	0.01485	C
807	0.01102	0.01119	A
808	0.01146	0.0116	C
809	0.00087	0.00088	T
810	0.00085	0.00087	T
811	0.00734	0.00836	C
812	0.00097	0.00102	T
813	0.00935	0.00954	A
814	0.00099	0.00103	G
815	0.0018	0.0021	T
816	0.00866	0.00867	A
817	0.00857	0.00866	A
818	0.00097	0.00101	G
819	0.00917	0.00919	C
820	0.0021	0.0021	C
821	0.00063	0.00067	T
822	0.0054	0.00547	C
823	0.00139	0.00144	T
824	0.00612	0.00628	A
825	0.0053	0.0053	C
826	0.00407	0.0041	C
827	0.00431	0.00441	T
828	0.00199	0.00208	G
829	0.0058	0.00609	C
830	0.00574	0.00611	A
831	0.0056	0.00569	C
832	0.00321	0.00328	G
833	0.00393	0.00407	A
834	0.00584	0.00608	C
835	0.00619	0.00619	A
836	0.00586	0.00586	A
837	0.00876	0.00886	C
838	0.00596	0.00632	A
839	0.00582	0.00582	C
840	0.00071	0.00071	A
841	0.0	0.0	T
842	0.0	0.0	A
