Position	Mismatches	Mismatches + Deletions	Base
1	0.0	0.0	A
2	0.0	0.0	T
3	0.0	0.0	A
4	0.00793	0.00793	A
5	0.01048	0.01089	C
6	0.008	0.008	C
7	0.00507	0.00765	A
8	0.00128	0.00136	T
9	0.00249	0.00297	G
10	0.01193	0.0122	C
11	0.01207	0.01262	A
12	0.01589	0.01611	C
13	0.01184	0.0121	A
14	0.01612	0.01632	C
15	0.00158	0.00169	T
16	0.01366	0.01456	A
17	0.01204	0.01224	C
18	0.0012	0.00131	T
19	0.00619	0.00676	A
20	0.00115	0.00136	T
21	0.00767	0.00768	A
22	0.00856	0.00882	A
23	0.00816	0.00822	C
24	0.00428	0.0043	C
25	0.00492	0.00975	A
26	0.00822	0.00822	C
27	0.00473	0.00475	C
28	0.00368	0.00372	C
29	0.00173	0.00197	T
30	0.00496	0.00511	A
31	0.00832	0.00837	A
32	0.00805	0.00807	C
33	0.00452	0.00453	C
34	0.00516	0.00518	C
35	0.00184	0.002	T
36	0.00185	0.00194	G
37	0.00869	0.00874	A
38	0.00815	0.0083	C
39	0.00109	0.0011	T
40	0.00112	0.00113	T
41	0.00671	0.00673	C
42	0.0082	0.00821	C
43	0.00689	0.0069	C
44	0.0017	0.00184	T
45	0.0073	0.00744	A
46	0.00947	0.00962	A
47	0.00098	0.001	T
48	0.00099	0.00101	T
49	0.00321	0.00325	C
50	0.00292	0.00294	C
51	0.00391	0.00392	C
52	0.00655	0.00656	C
53	0.00708	0.00709	C
54	0.00638	0.00639	C
55	0.00719	0.0096	A
56	0.00147	0.00161	T
57	0.00727	0.00729	C
58	0.00372	0.00373	C
59	0.00129	0.0013	T
60	0.00169	0.00173	T
61	0.00413	0.00752	A
62	0.00668	0.0067	C
63	0.00459	0.00463	C
64	0.00668	0.00896	A
65	0.01017	0.01017	C
66	0.00588	0.00588	C
67	0.00557	0.00562	C
68	0.00209	0.00228	T
69	0.00692	0.00701	C
70	0.00271	0.00294	G
71	0.00157	0.00163	T
72	0.00168	0.00173	T
73	0.00541	0.0055	A
74	0.00802	0.00806	A
75	0.01006	0.01009	C
76	0.00703	0.00706	C
77	0.0104	0.01044	C
78	0.00294	0.0037	T
79	0.00845	0.00904	A
80	0.00736	0.00741	A
81	0.01299	0.01405	C
82	0.00055	0.00061	A
83	0.00039	0.00044	A
84	0.00042	0.00046	A
85	0.00239	0.00251	A
86	0.00712	0.00719	A
87	0.00354	0.0036	A
88	0.00503	0.00507	A
89	0.00809	0.00811	A
90	0.00824	0.00911	C
91	0.00881	0.00925	T
92	0.00421	0.0043	C
93	0.0044	0.00513	A
94	0.00181	0.00197	T
95	0.00439	0.00502	A
96	0.00424	0.0043	C
97	0.00238	0.0024	C
98	0.00386	0.00386	C
99	0.00659	0.00659	C
100	0.00908	0.00909	C
101	0.00589	0.0087	A
102	0.00201	0.00204	T
103	0.0016	0.00162	T
104	0.00713	0.01086	A
105	0.00123	0.00137	T
106	0.00241	0.00258	G
107	0.00147	0.00161	T
108	0.00896	0.00901	A
109	0.00479	0.00481	A
110	0.00982	0.00985	A
111	0.00972	0.00975	A
112	0.00158	0.00185	T
113	0.00897	0.009	C
114	0.00645	0.00648	C
115	0.00756	0.0085	A
116	0.00125	0.00126	T
117	0.00126	0.00127	T
118	0.00316	0.00334	G
119	0.00132	0.00199	T
120	0.00434	0.00448	C
121	0.00504	0.00558	G
122	0.0036	0.00487	C
123	0.00384	0.00411	A
124	0.00185	0.00207	T
125	0.00463	0.00465	C
126	0.00665	0.00671	C
127	0.00709	0.00929	A
128	0.01388	0.01389	C
129	0.00896	0.00898	C
130	0.00193	0.00196	T
131	0.00153	0.00158	T
132	0.0016	0.00163	T
133	0.00995	0.01167	A
134	0.00143	0.00143	T
135	0.00153	0.00155	T
136	0.00889	0.01518	A
137	0.00163	0.0021	T
138	0.01255	0.01273	C
139	0.00999	0.0102	A
140	0.00207	0.00219	G
141	0.00113	0.0012	T
142	0.00345	0.00354	C
143	0.00106	0.00111	T
144	0.00447	0.00466	C
145	0.001	0.00101	T
146	0.0011	0.00114	T
147	0.00341	0.00343	C
148	0.0044	0.00442	C
149	0.00755	0.00756	C
150	0.01147	0.01152	C
151	0.00525	0.00757	A
152	0.01487	0.01531	C
153	0.00978	0.00982	A
154	0.01224	0.01236	A
155	0.01812	0.01858	C
156	0.01231	0.01232	A
157	0.00965	0.00972	A
158	0.00184	0.00196	T
159	0.01296	0.01359	A
160	0.0012	0.00123	T
161	0.00127	0.0013	T
162	0.00901	0.00931	C
163	0.00864	0.00875	A
164	0.0014	0.00149	T
165	0.003	0.00319	G
166	0.00073	0.00085	T
167	0.0022	0.00229	G
168	0.00326	0.00328	C
169	0.00185	0.00186	C
170	0.00125	0.00141	T
171	0.0039	0.00487	A
172	0.0019	0.00204	G
173	0.00595	0.00605	A
174	0.00814	0.00817	C
175	0.00618	0.00619	C
176	0.00847	0.00849	A
177	0.00874	0.00881	A
178	0.0017	0.00186	G
179	0.00933	0.00934	A
180	0.00897	0.00905	A
181	0.00235	0.00251	G
182	0.00124	0.00127	T
183	0.00144	0.0015	T
184	0.00693	0.01081	A
185	0.00131	0.00132	T
186	0.00144	0.00146	T
187	0.00732	0.01242	A
188	0.00127	0.0014	T
189	0.00899	0.00922	C
190	0.00189	0.00199	T
191	0.01068	0.0108	C
192	0.00239	0.00251	G
193	0.00917	0.0092	A
194	0.01335	0.01338	A
195	0.00803	0.00826	C
196	0.00136	0.00147	T
197	0.0017	0.00201	G
198	0.0084	0.00863	A
199	0.01123	0.0115	C
200	0.00925	0.00945	A
201	0.00665	0.00694	C
202	0.00169	0.00193	T
203	0.00278	0.00317	G
204	0.00584	0.00613	A
205	0.00218	0.00254	G
206	0.00916	0.00921	C
207	0.00655	0.00667	C
208	0.00526	0.00833	A
209	0.01303	0.01387	C
210	0.00755	0.00757	A
211	0.0082	0.00907	A
212	0.01202	0.01205	C
213	0.00811	0.00819	C
214	0.01143	0.01148	C
215	0.00366	0.00377	A
216	0.01018	0.01025	A
217	0.01	0.01003	A
218	0.01715	0.01818	C
219	0.01004	0.01009	A
220	0.01276	0.01362	A
221	0.01351	0.01355	C
222	0.01	0.01012	C
223	0.0076	0.00762	C
224	0.00704	0.0088	A
225	0.00219	0.00239	G
226	0.00405	0.00422	C
227	0.00097	0.00115	T
228	0.00474	0.00499	C
229	0.00114	0.0015	T
230	0.00662	0.00663	C
231	0.00607	0.00608	C
232	0.00301	0.00305	C
233	0.00128	0.00149	T
234	0.0058	0.0059	A
235	0.00522	0.00526	A
236	0.00124	0.00141	G
237	0.00485	0.00506	C
238	0.00082	0.00085	T
239	0.00116	0.00118	T
240	0.00506	0.00543	C
241	0.00581	0.00585	A
242	0.00551	0.00553	A
243	0.00966	0.00968	A
244	0.00991	0.01053	C
245	0.00122	0.0013	T
246	0.00712	0.00737	A
247	0.00108	0.00115	G
248	0.00829	0.00838	A
249	0.00565	0.00575	C
250	0.00091	0.00095	T
251	0.0034	0.00354	A
252	0.00444	0.00456	C
253	0.00088	0.00089	T
254	0.00099	0.001	T
255	0.00273	0.00361	C
256	0.00102	0.00113	T
257	0.00571	0.00572	C
258	0.00753	0.00756	C
259	0.00346	0.00544	A
260	0.00118	0.00127	T
261	0.00583	0.00584	A
262	0.00642	0.00674	A
263	0.00138	0.00149	T
264	0.0087	0.00896	A
265	0.00104	0.00104	T
266	0.00114	0.00116	T
267	0.00787	0.0081	C
268	0.0079	0.0082	A
269	0.00107	0.00121	T
270	0.0058	0.00582	C
271	0.00424	0.00426	C
272	0.00624	0.00625	C
273	0.00123	0.00131	T
274	0.00255	0.0027	G
275	0.00106	0.00115	T
276	0.00636	0.00649	A
277	0.00177	0.00201	G
278	0.00497	0.00508	C
279	0.01221	0.01237	A
280	0.00132	0.00134	T
281	0.00155	0.00156	T
282	0.00227	0.00268	G
283	0.00121	0.00123	T
284	0.00105	0.00106	T
285	0.0087	0.00892	C
286	0.0034	0.00348	G
287	0.00062	0.00063	T
288	0.0007	0.00072	T
289	0.00171	0.00239	A
290	0.0019	0.00201	C
291	0.00284	0.00298	A
292	0.0009	0.00102	T
293	0.00187	0.00189	G
294	0.00144	0.00146	G
295	0.00137	0.0015	T
296	0.00756	0.00758	C
297	0.00428	0.00433	C
298	0.00503	0.00592	A
299	0.0008	0.0011	T
300	0.00412	0.00421	C
301	0.00444	0.00469	A
302	0.00086	0.00097	T
303	0.00489	0.00511	A
304	0.00153	0.00167	G
305	0.01203	0.01205	A
306	0.01178	0.01194	A
307	0.00127	0.00131	T
308	0.00144	0.00147	T
309	0.01122	0.01251	C
310	0.00157	0.00225	T
311	0.01289	0.0131	C
312	0.00957	0.00984	A
313	0.00583	0.00597	C
314	0.00087	0.00098	T
315	0.00265	0.00278	G
316	0.00076	0.00088	T
317	0.00142	0.00164	G
318	0.0041	0.00432	A
319	0.00098	0.0011	T
320	0.00992	0.0102	A
321	0.00132	0.00146	T
322	0.00895	0.00926	A
323	0.00118	0.00128	T
324	0.00732	0.00733	A
325	0.00797	0.00797	A
326	0.00946	0.00968	A
327	0.00619	0.0065	C
328	0.00164	0.00216	T
329	0.00547	0.00558	C
330	0.00903	0.00983	A
331	0.00187	0.00203	G
332	0.00727	0.00741	A
333	0.00587	0.00588	C
334	0.00483	0.00485	C
335	0.00754	0.00756	C
336	0.0029	0.00294	A
337	0.00738	0.00743	A
338	0.00748	0.00749	A
339	0.01169	0.01262	C
340	0.00715	0.00728	A
341	0.00111	0.00114	T
342	0.00127	0.00128	T
343	0.00592	0.00596	A
344	0.00939	0.00942	A
345	0.00089	0.00109	T
346	0.00654	0.00664	C
347	0.00616	0.00631	A
348	0.00255	0.00265	G
349	0.00085	0.00086	T
350	0.00097	0.00098	T
351	0.00527	0.00615	C
352	0.00088	0.00089	T
353	0.00105	0.00107	T
354	0.00705	0.00746	C
355	0.00589	0.00593	A
356	0.00681	0.00683	A
357	0.00538	0.00539	A
358	0.00126	0.0014	T
359	0.0063	0.00641	A
360	0.00091	0.00099	T
361	0.0057	0.00578	C
362	0.00124	0.00131	T
363	0.00896	0.00933	A
364	0.00674	0.00686	C
365	0.00109	0.00136	T
366	0.0048	0.00495	C
367	0.00417	0.0049	A
368	0.00092	0.001	T
369	0.00641	0.00651	C
370	0.00101	0.00101	T
371	0.00106	0.00108	T
372	0.00547	0.00548	C
373	0.00445	0.00446	C
374	0.00153	0.00165	T
375	0.00537	0.00547	A
376	0.00541	0.00545	A
377	0.00176	0.00177	T
378	0.00214	0.00215	T
379	0.00528	0.01017	A
380	0.01379	0.01384	C
381	0.00939	0.00942	C
382	0.00445	0.01156	A
383	0.00169	0.0018	T
384	0.00909	0.00922	A
385	0.01266	0.01304	C
386	0.00161	0.00172	T
387	0.00737	0.00742	A
388	0.01157	0.01182	A
389	0.00135	0.00148	T
390	0.0122	0.01234	C
391	0.00126	0.00127	T
392	0.00105	0.00107	T
393	0.00356	0.00512	A
394	0.00174	0.00187	G
395	0.00103	0.00106	T
396	0.0016	0.00164	T
397	0.00601	0.01001	A
398	0.01506	0.0151	C
399	0.01059	0.01063	C
400	0.00377	0.00409	G
401	0.00846	0.00873	C
402	0.0016	0.00175	T
403	0.00768	0.00781	A
404	0.00744	0.00752	A
405	0.01753	0.01781	C
406	0.01034	0.01039	A
407	0.0092	0.00956	A
408	0.01439	0.01442	C
409	0.00968	0.00984	C
410	0.01311	0.01344	T
411	0.00968	0.01195	A
412	0.00169	0.0017	T
413	0.00196	0.00198	T
414	0.0139	0.01391	C
415	0.01386	0.0139	C
416	0.01152	0.01153	A
417	0.01506	0.0151	A
418	0.02005	0.02028	C
419	0.00199	0.00204	T
420	0.00303	0.00326	G
421	0.00109	0.00109	T
422	0.00101	0.00102	T
423	0.00517	0.00533	C
424	0.00528	0.00538	A
425	0.00077	0.00087	T
426	0.00558	0.00565	C
427	0.00162	0.00163	G
428	0.00291	0.00291	G
429	0.0024	0.00246	C
430	0.00081	0.00083	T
431	0.00197	0.00201	G
432	0.01116	0.01152	A
433	0.00151	0.00153	G
434	0.01672	0.01698	A
435	0.00242	0.00242	G
436	0.00244	0.00244	G
437	0.00284	0.00284	G
438	0.00442	0.00492	C
439	0.00399	0.0041	G
440	0.00083	0.00092	T
441	0.00326	0.00339	A
442	0.00169	0.00171	G
443	0.0021	0.00211	G
444	0.00514	0.00515	A
445	0.01653	0.01661	A
446	0.00154	0.00157	T
447	0.0022	0.00223	T
448	0.01147	0.02047	A
449	0.00177	0.00208	T
450	0.02013	0.02194	A
451	0.01389	0.01424	T
452	0.00342	0.00349	C
453	0.00262	0.00266	C
454	0.00066	0.00068	T
455	0.00077	0.0008	T
456	0.00722	0.0086	C
457	0.00158	0.00159	T
458	0.00155	0.00158	T
459	0.00182	0.00225	G
460	0.00305	0.00333	C
461	0.00087	0.00133	T
462	0.00214	0.00239	C
463	0.01702	0.0184	A
464	0.00067	0.00106	T
465	0.00291	0.00321	C
466	0.00497	0.00526	A
467	0.00166	0.00199	G
468	0.00099	0.00102	T
469	0.00074	0.00078	T
470	0.00142	0.00161	G
471	0.00274	0.00289	A
472	0.00063	0.00079	T
473	0.00223	0.0024	G
474	0.00333	0.00358	A
475	0.00131	0.00144	T
476	0.00597	0.0062	A
477	0.00754	0.00784	C
478	0.00305	0.00326	G
479	0.0133	0.01334	C
480	0.00852	0.00857	C
481	0.00848	0.00853	C
482	0.00335	0.00363	G
483	0.00867	0.00888	A
484	0.00347	0.00383	G
485	0.00832	0.00856	C
486	0.01008	0.01044	A
487	0.00221	0.00245	G
488	0.00798	0.00858	A
489	0.00125	0.00138	T
490	0.00187	0.00212	G
491	0.00811	0.00815	C
492	0.00603	0.00614	C
493	0.0091	0.0092	A
494	0.00917	0.00921	A
495	0.01247	0.01288	C
496	0.00806	0.00868	A
497	0.011	0.01155	C
498	0.00833	0.00884	A
499	0.00395	0.00512	G
500	0.00653	0.00717	C
501	0.00648	0.00727	A
502	0.0023	0.00245	G
503	0.00477	0.00481	C
504	0.00515	0.00519	C
505	0.00806	0.00883	A
506	0.00113	0.00117	T
507	0.00144	0.00145	T
508	0.01146	0.01174	C
509	0.01124	0.01126	A
510	0.01413	0.01417	A
511	0.00289	0.00324	G
512	0.01606	0.0168	C
513	0.00953	0.00955	A
514	0.01044	0.01072	A
515	0.00134	0.00151	T
516	0.01235	0.01238	C
517	0.00718	0.00727	C
518	0.00158	0.00179	T
519	0.01164	0.01199	A
520	0.00165	0.00194	T
521	0.01097	0.01116	A
522	0.01758	0.01812	C
523	0.0094	0.00942	A
524	0.01063	0.01112	A
525	0.00755	0.00756	C
526	0.00605	0.00612	C
527	0.00404	0.00428	G
528	0.00107	0.00123	T
529	0.00577	0.006	A
530	0.00084	0.00103	T
531	0.00817	0.00838	C
532	0.00141	0.00143	G
533	0.00199	0.00201	G
534	0.01096	0.01118	C
535	0.00282	0.00298	G
536	0.00651	0.00707	A
537	0.00101	0.00118	T
538	0.00761	0.00785	A
539	0.0013	0.00147	T
540	0.00634	0.00651	C
541	0.00267	0.0027	G
542	0.0035	0.00353	G
543	0.00061	0.00064	T
544	0.00087	0.00088	T
545	0.00112	0.00117	T
546	0.00887	0.00927	C
547	0.00747	0.00767	A
548	0.00103	0.00125	T
549	0.00679	0.00682	C
550	0.00434	0.0044	C
551	0.00115	0.00135	T
552	0.00463	0.00478	C
553	0.00215	0.00235	G
554	0.00362	0.00363	C
555	0.00285	0.00287	C
556	0.0011	0.00113	T
557	0.00143	0.00149	T
558	0.00575	0.00771	A
559	0.00177	0.00214	G
560	0.00789	0.00816	C
561	0.00777	0.00803	A
562	0.00137	0.00155	T
563	0.00164	0.0018	G
564	0.00905	0.00933	A
565	0.00099	0.00104	T
566	0.0011	0.00113	T
567	0.00135	0.00137	T
568	0.00731	0.00798	A
569	0.00167	0.00193	T
570	0.008	0.00809	C
571	0.00509	0.00516	C
572	0.00198	0.00233	T
573	0.00898	0.0093	A
574	0.0146	0.01492	C
575	0.0105	0.01119	A
576	0.01267	0.01309	C
577	0.00175	0.00209	T
578	0.0108	0.01081	C
579	0.01045	0.01055	C
580	0.01242	0.01256	A
581	0.01812	0.01817	A
582	0.01499	0.01532	C
583	0.0016	0.0021	T
584	0.01098	0.01111	C
585	0.00871	0.00967	A
586	0.00162	0.0018	T
587	0.0013	0.00151	G
588	0.00595	0.00671	A
589	0.00212	0.00238	G
590	0.00534	0.00572	A
591	0.00433	0.0044	C
592	0.00686	0.0069	C
593	0.01204	0.01211	C
594	0.00791	0.01218	A
595	0.02014	0.02088	C
596	0.01174	0.01183	A
597	0.01097	0.01107	A
598	0.01967	0.02025	C
599	0.00523	0.00524	A
600	0.01028	0.01029	A
601	0.00966	0.00982	A
602	0.00235	0.00262	T
603	0.00965	0.0101	A
604	0.00193	0.00222	G
605	0.01045	0.01049	C
606	0.00407	0.00409	C
607	0.00593	0.00595	C
608	0.00109	0.00112	T
609	0.00134	0.00136	T
610	0.00779	0.00989	C
611	0.00154	0.00173	T
612	0.00623	0.00639	A
613	0.0144	0.01442	A
614	0.0161	0.01613	A
615	0.02666	0.02857	C
616	0.00268	0.00278	G
617	0.00384	0.00395	C
618	0.00137	0.00167	T
619	0.0045	0.0046	A
620	0.00948	0.00953	A
621	0.00149	0.00165	T
622	0.01504	0.0151	C
623	0.01012	0.01016	C
624	0.01197	0.01203	A
625	0.01716	0.01723	A
626	0.00223	0.00257	G
627	0.00287	0.00291	C
628	0.00221	0.00225	C
629	0.00189	0.0061	T
630	0.00678	0.0071	C
631	0.00873	0.01389	A
632	0.01705	0.01707	C
633	0.01167	0.01167	C
634	0.01536	0.01536	C
635	0.01367	0.01374	C
636	0.01124	0.02342	A
637	0.00412	0.00424	C
638	0.00087	0.00102	T
639	0.00715	0.00733	A
640	0.00274	0.00288	C
641	0.0009	0.00108	T
642	0.00212	0.00279	A
643	0.00076	0.00086	G
644	0.00151	0.00158	G
645	0.03388	0.03395	C
646	0.00447	0.00456	C
647	0.00146	0.00201	T
648	0.01718	0.01721	C
649	0.01283	0.01312	C
650	0.00135	0.00171	T
651	0.00187	0.00188	C
652	0.00104	0.00111	C
653	0.00074	0.00102	T
654	0.00207	0.00241	A
655	0.00159	0.00206	G
656	0.00557	0.00597	C
657	0.00356	0.00396	A
658	0.00352	0.00438	G
659	0.01906	0.01997	C
660	0.01518	0.01566	A
661	0.00343	0.00418	G
662	0.01668	0.01779	C
663	0.00567	0.00619	A
664	0.0014	0.00145	G
665	0.00273	0.00285	G
666	0.00385	0.00438	C
667	0.00642	0.00654	A
668	0.0117	0.0118	A
669	0.01261	0.01271	A
670	0.00161	0.00328	T
671	0.01501	0.0155	C
672	0.01124	0.01183	A
673	0.0031	0.0036	G
674	0.01053	0.01056	C
675	0.00834	0.00836	C
676	0.01592	0.01597	C
677	0.0085	0.00857	A
678	0.01258	0.01263	A
679	0.00142	0.00147	T
680	0.00143	0.00147	T
681	0.01009	0.0123	A
682	0.00118	0.00124	G
683	0.00181	0.00184	G
684	0.00105	0.0013	T
685	0.00239	0.00267	C
686	0.00139	0.00176	T
687	0.01064	0.01066	C
688	0.01225	0.01241	C
689	0.00543	0.01249	A
690	0.01547	0.01548	C
691	0.00961	0.00962	C
692	0.0083	0.0083	C
693	0.00545	0.00546	C
694	0.0018	0.00204	T
695	0.00163	0.00198	G
696	0.00982	0.01013	A
697	0.00781	0.00818	C
698	0.00166	0.0021	T
699	0.00949	0.00953	C
700	0.00968	0.00971	C
701	0.0106	0.01061	C
702	0.01335	0.01341	C
703	0.00134	0.00252	T
704	0.01175	0.01226	C
705	0.00742	0.00985	A
706	0.00182	0.0021	G
707	0.01123	0.01125	C
708	0.00901	0.00905	C
709	0.00978	0.01679	A
710	0.00128	0.00148	T
711	0.00785	0.00805	A
712	0.00163	0.00185	G
713	0.00661	0.00665	A
714	0.00615	0.00636	A
715	0.00271	0.00278	G
716	0.00143	0.0015	G
717	0.00569	0.00576	C
718	0.00851	0.00857	C
719	0.0104	0.01045	C
720	0.00942	0.00955	C
721	0.00578	0.00986	A
722	0.01363	0.01368	C
723	0.00967	0.00969	C
724	0.01125	0.01127	C
725	0.01429	0.01433	C
726	0.00958	0.0126	A
727	0.00156	0.00173	G
728	0.00113	0.0015	T
729	0.00391	0.00403	C
730	0.00176	0.00274	T
731	0.00631	0.00653	C
732	0.01051	0.01103	A
733	0.00245	0.00261	G
734	0.00665	0.00666	C
735	0.00248	0.00249	C
736	0.0036	0.00364	C
737	0.00134	0.00155	T
738	0.00487	0.00553	A
739	0.00681	0.007	C
740	0.00141	0.00158	T
741	0.00583	0.00585	C
742	0.008	0.00806	C
743	0.00533	0.00832	A
744	0.01361	0.01381	C
745	0.00187	0.00253	T
746	0.01271	0.01319	C
747	0.01046	0.01076	A
748	0.01385	0.01391	A
749	0.00253	0.00337	G
750	0.01354	0.01371	C
751	0.0136	0.01377	A
752	0.01817	0.01843	C
753	0.00133	0.00143	T
754	0.00791	0.00813	A
755	0.00116	0.00126	T
756	0.00933	0.0095	A
757	0.00156	0.00166	G
758	0.00086	0.00087	T
759	0.00069	0.00069	T
760	0.00206	0.0022	G
761	0.00066	0.00075	T
762	0.01139	0.01157	A
763	0.002	0.0022	G
764	0.00529	0.00545	C
765	0.00429	0.00446	A
766	0.00143	0.00145	G
767	0.00139	0.00141	G
768	0.00421	0.00424	A
769	0.00664	0.00669	A
770	0.00085	0.00099	T
771	0.00833	0.00858	C
772	0.00098	0.001	T
773	0.00132	0.00137	T
774	0.0103	0.01179	C
775	0.00163	0.00164	T
776	0.00162	0.00167	T
777	0.00523	0.01324	A
778	0.0138	0.01401	C
779	0.00206	0.00258	T
780	0.00985	0.01017	C
781	0.00732	0.00862	A
782	0.00143	0.00157	T
783	0.00856	0.0086	C
784	0.00755	0.0077	C
785	0.00372	0.00423	G
786	0.00591	0.00657	C
787	0.00092	0.00098	T
788	0.00115	0.00123	T
789	0.00678	0.00685	C
790	0.00661	0.00675	C
791	0.00595	0.0118	A
792	0.00695	0.00697	C
793	0.00782	0.00784	C
794	0.00989	0.0099	C
795	0.00983	0.00983	C
796	0.00783	0.00787	C
797	0.0017	0.00213	T
798	0.00899	0.00935	A
799	0.00172	0.00199	G
800	0.0084	0.00861	C
801	0.00996	0.01023	A
802	0.00186	0.00203	G
803	0.00677	0.00678	A
804	0.00402	0.00404	A
805	0.00744	0.00745	A
806	0.0056	0.00566	A
807	0.00223	0.00259	T
808	0.0077	0.00811	A
809	0.00301	0.00332	G
810	0.00525	0.0053	C
811	0.00344	0.00349	C
812	0.00558	0.00561	C
813	0.00567	0.00763	A
814	0.00905	0.0093	C
815	0.00171	0.0019	T
816	0.0036	0.00368	A
817	0.00649	0.00661	A
818	0.00126	0.00161	T
819	0.00873	0.0088	C
820	0.0131	0.01312	C
821	0.00488	0.00492	A
822	0.00975	0.00978	A
823	0.01094	0.01097	A
824	0.01903	0.0199	C
825	0.00176	0.00192	T
826	0.01431	0.0146	C
827	0.00242	0.00263	T
828	0.01345	0.01357	A
829	0.01266	0.01275	A
830	0.02166	0.022	C
831	0.01581	0.01598	A
832	0.01952	0.01986	C
833	0.00171	0.0019	T
834	0.01157	0.01242	A
835	0.001	0.00116	T
836	0.00165	0.00189	G
837	0.00669	0.00687	C
838	0.00086	0.00088	T
839	0.00086	0.00089	T
840	0.00556	0.00742	A
841	0.00099	0.00108	G
842	0.00135	0.00141	G
843	0.00869	0.00889	C
844	0.00313	0.00327	G
845	0.01211	0.01232	C
846	0.00124	0.00134	T
847	0.01301	0.01325	A
848	0.0011	0.00135	T
849	0.01075	0.011	C
850	0.0129	0.01308	A
851	0.01948	0.0195	C
852	0.0132	0.01333	C
853	0.00701	0.01112	A
854	0.01453	0.01476	C
855	0.00124	0.00135	T
856	0.00617	0.00632	C
857	0.00093	0.00107	T
858	0.00272	0.00319	G
859	0.00096	0.00097	T
860	0.00133	0.00136	T
861	0.01261	0.0131	C
862	0.0037	0.00424	G
863	0.0077	0.00808	C
864	0.00707	0.00718	A
865	0.00396	0.00426	G
866	0.0163	0.01653	C
867	0.00913	0.00935	A
868	0.0024	0.00252	G
869	0.00093	0.00108	T
870	0.00469	0.00484	C
871	0.00152	0.00161	T
872	0.00193	0.0021	G
873	0.00368	0.00382	C
874	0.00392	0.00409	G
875	0.0124	0.01243	C
876	0.00304	0.00304	C
877	0.00598	0.00602	C
878	0.00128	0.00134	T
879	0.00169	0.0018	T
880	0.004	0.00717	A
881	0.01035	0.01056	C
882	0.0073	0.00748	A
883	0.01537	0.01637	C
884	0.00741	0.00745	A
885	0.00524	0.00527	A
886	0.01074	0.01079	A
887	0.00941	0.00946	A
888	0.00266	0.00299	T
889	0.00199	0.00229	G
890	0.01101	0.01124	A
891	0.01331	0.01364	C
892	0.01115	0.01137	A
893	0.00313	0.00355	T
894	0.00797	0.00873	C
895	0.00048	0.00052	A
896	0.0003	0.00034	A
897	0.00067	0.0007	A
898	0.00767	0.00773	A
899	0.00426	0.00429	A
900	0.0058	0.00583	A
901	0.00701	0.00705	A
902	0.00138	0.00162	T
903	0.01101	0.01113	C
904	0.00383	0.00407	G
905	0.0011	0.00141	T
906	0.00574	0.00594	A
907	0.00231	0.00247	G
908	0.00402	0.00407	C
909	0.00279	0.00282	C
910	0.00081	0.00084	T
911	0.00094	0.00097	T
912	0.0025	0.00346	C
913	0.00123	0.0015	T
914	0.00721	0.00722	C
915	0.00923	0.00938	C
916	0.00529	0.00822	A
917	0.01216	0.01246	C
918	0.00127	0.00132	T
919	0.00143	0.00144	T
920	0.01244	0.01308	C
921	0.01309	0.01315	A
922	0.01059	0.01068	A
923	0.00133	0.00164	G
924	0.00122	0.00178	T
925	0.00843	0.00867	C
926	0.01126	0.0113	A
927	0.01192	0.01194	A
928	0.01306	0.01327	C
929	0.0014	0.00149	T
930	0.01234	0.0126	A
931	0.00102	0.00105	G
932	0.00136	0.00136	G
933	0.00534	0.00687	A
934	0.00662	0.00679	C
935	0.00112	0.00185	T
936	0.01095	0.01115	C
937	0.00646	0.00725	A
938	0.00128	0.00144	T
939	0.00915	0.00916	A
940	0.00757	0.00855	A
941	0.00103	0.00115	T
942	0.00787	0.0081	A
943	0.0018	0.00195	G
944	0.00089	0.00091	T
945	0.00117	0.00119	T
946	0.00459	0.01054	A
947	0.01498	0.01523	C
948	0.01084	0.01084	A
949	0.01013	0.01035	A
950	0.00183	0.00204	T
951	0.01093	0.01114	C
952	0.00225	0.00229	G
953	0.00298	0.00303	G
954	0.00481	0.00504	C
955	0.01085	0.01118	A
956	0.00135	0.00266	T
957	0.01041	0.01071	C
958	0.01078	0.01098	A
959	0.01301	0.01309	A
960	0.01427	0.01431	C
961	0.01044	0.01051	C
962	0.00718	0.00729	A
963	0.01212	0.01221	A
964	0.01827	0.01834	C
965	0.01139	0.0115	C
966	0.0061	0.01107	A
967	0.02133	0.02209	C
968	0.01029	0.01187	A
969	0.02024	0.02025	C
970	0.01033	0.01044	C
971	0.00166	0.00187	T
972	0.01141	0.01165	A
973	0.00163	0.00184	G
974	0.01412	0.01443	C
975	0.00648	0.00706	A
976	0.00084	0.00086	T
977	0.00072	0.00074	T
978	0.00483	0.00484	C
979	0.00263	0.00266	C
980	0.00132	0.00147	T
981	0.00287	0.00319	G
982	0.00253	0.00268	C
983	0.01406	0.01453	A
984	0.00695	0.00714	C
985	0.00424	0.00457	A
986	0.00083	0.00092	T
987	0.00456	0.00462	C
988	0.00134	0.0014	T
989	0.00259	0.00288	G
990	0.00097	0.00116	T
991	0.00518	0.00552	A
992	0.01151	0.01153	C
993	0.00641	0.00645	C
994	0.00741	0.00743	C
995	0.00833	0.00925	A
996	0.01718	0.01731	C
997	0.00257	0.00276	G
998	0.00788	0.00789	C
999	0.0045	0.00452	C
1000	0.00104	0.00109	T
1001	0.00106	0.00108	T
1002	0.00639	0.00867	C
1003	0.00152	0.00153	T
1004	0.00158	0.00163	T
1005	0.01247	0.01325	C
1006	0.01109	0.0112	A
1007	0.0124	0.01246	A
1008	0.01034	0.01038	A
1009	0.00222	0.00243	G
1010	0.00613	0.00616	C
1011	0.00579	0.00581	C
1012	0.00359	0.00965	A
1013	0.0012	0.0014	T
1014	0.00803	0.00822	A
1015	0.02047	0.02095	C
1016	0.00117	0.00133	T
1017	0.01029	0.01085	A
1018	0.00113	0.00116	T
1019	0.00122	0.00123	T
1020	0.00099	0.00101	T
1021	0.00337	0.00384	A
1022	0.00066	0.00083	T
1023	0.00172	0.0019	G
1024	0.00104	0.00121	T
1025	0.00306	0.00327	G
1026	0.00384	0.0042	C
1027	0.00096	0.00114	T
1028	0.00899	0.00903	C
1029	0.00677	0.00684	C
1030	0.0017	0.00177	G
1031	0.002	0.00203	G
1032	0.00345	0.00347	G
1033	0.00186	0.00211	T
1034	0.0058	0.00583	C
1035	0.00381	0.00387	C
1036	0.00539	0.00643	A
1037	0.00117	0.00158	T
1038	0.00622	0.00647	C
1039	0.00465	0.00516	A
1040	0.00134	0.00162	T
1041	0.00555	0.00561	C
1042	0.00789	0.00801	C
1043	0.00535	0.00839	A
1044	0.01478	0.01617	C
1045	0.00793	0.00796	A
1046	0.0084	0.00857	A
1047	0.01165	0.01167	C
1048	0.00845	0.00853	C
1049	0.0014	0.00145	T
1050	0.00179	0.00182	T
1051	0.00742	0.00748	A
1052	0.01069	0.01072	A
1053	0.02019	0.02042	C
1054	0.01243	0.01248	A
1055	0.01023	0.01039	A
1056	0.00163	0.00176	T
1057	0.00218	0.00239	G
1058	0.00849	0.00851	A
1059	0.00989	0.00994	A
1060	0.01805	0.01839	C
1061	0.01091	0.01091	A
1062	0.00983	0.01004	A
1063	0.00188	0.00206	G
1064	0.00951	0.00967	A
1065	0.00163	0.00177	T
1066	0.0135	0.01401	A
1067	0.00106	0.00107	T
1068	0.00108	0.00115	T
1069	0.00964	0.01007	C
1070	0.00254	0.0028	G
1071	0.00107	0.00111	A
1072	0.00772	0.00775	A
1073	0.00356	0.00357	A
1074	0.00885	0.00886	A
1075	0.00734	0.00735	A
1076	0.00127	0.00142	T
1077	0.00692	0.00705	A
1078	0.00095	0.00098	G
1079	0.00106	0.00107	G
1080	0.00416	0.0044	A
1081	0.00327	0.00328	G
1082	0.00172	0.00174	G
1083	0.00627	0.00798	A
1084	0.00721	0.00764	C
1085	0.00107	0.0012	T
1086	0.00501	0.0053	A
1087	0.00791	0.00811	C
1088	0.00125	0.00166	T
1089	0.00854	0.00879	C
1090	0.0088	0.00893	A
1091	0.00624	0.0063	A
1092	0.00775	0.00777	A
1093	0.0115	0.01153	A
1094	0.0115	0.01169	C
1095	0.00701	0.00705	C
1096	0.00737	0.01344	A
1097	0.00184	0.00199	T
1098	0.01337	0.0136	A
1099	0.0136	0.01365	C
1100	0.01171	0.01182	C
1101	0.00144	0.00168	T
1102	0.01041	0.01069	C
1103	0.00158	0.00217	T
1104	0.01134	0.01151	C
1105	0.01166	0.01212	A
1106	0.0173	0.01755	C
1107	0.00137	0.00142	T
1108	0.00162	0.00165	T
1109	0.01046	0.01081	C
1110	0.00955	0.00973	A
1111	0.0149	0.01494	A
1112	0.01012	0.01014	C
1113	0.00561	0.00567	C
1114	0.00267	0.00315	T
1115	0.00712	0.00713	C
1116	0.00383	0.00384	C
1117	0.0073	0.00738	C
1118	0.00245	0.00308	T
1119	0.00965	0.00988	C
1120	0.00878	0.00973	A
1121	0.01424	0.01425	C
1122	0.01042	0.01049	C
1123	0.0101	0.01144	A
1124	0.00264	0.00272	T
1125	0.00293	0.003	T
1126	0.00169	0.00177	G
1127	0.00253	0.00259	G
1128	0.009	0.00939	C
1129	0.01288	0.0132	A
1130	0.00382	0.00397	G
1131	0.00561	0.00563	C
1132	0.00277	0.00281	C
1133	0.00206	0.00221	T
1134	0.01211	0.01224	A
1135	0.00361	0.00385	G
1136	0.00944	0.0096	C
1137	0.01271	0.0129	A
1138	0.00164	0.00167	T
1139	0.00202	0.00205	T
1140	0.01005	0.01229	A
1141	0.0017	0.00197	G
1142	0.00933	0.00943	C
1143	0.00489	0.0051	A
1144	0.00135	0.00138	G
1145	0.00224	0.00225	G
1146	0.00457	0.00457	A
1147	0.00475	0.00478	A
1148	0.0017	0.00187	T
1149	0.01334	0.01347	A
1150	0.01364	0.01367	C
1151	0.00941	0.00947	C
1152	0.00105	0.00107	T
1153	0.00114	0.00116	T
1154	0.00096	0.00096	T
1155	0.00437	0.00439	C
1156	0.00303	0.00305	C
1157	0.00123	0.00205	T
1158	0.00875	0.00885	C
1159	0.00977	0.01076	A
1160	0.01369	0.01384	C
1161	0.00723	0.00746	A
1162	0.00146	0.00147	G
1163	0.00276	0.00276	G
1164	0.00092	0.00092	T
1165	0.00068	0.00068	T
1166	0.00083	0.00084	T
1167	0.00368	0.00378	C
1168	0.00113	0.00121	T
1169	0.00688	0.00805	A
1170	0.00725	0.00733	C
1171	0.00125	0.00144	T
1172	0.00754	0.00754	C
1173	0.00761	0.00763	C
1174	0.00552	0.00555	A
1175	0.0087	0.0087	A
1176	0.01328	0.01332	A
1177	0.00473	0.00481	G
1178	0.0107	0.01081	A
1179	0.01023	0.01025	C
1180	0.0075	0.00752	C
1181	0.00858	0.01078	A
1182	0.01295	0.01314	C
1183	0.00857	0.00932	A
1184	0.00159	0.00197	T
1185	0.00848	0.00865	C
1186	0.00791	0.00827	A
1187	0.00145	0.00161	T
1188	0.00864	0.00892	C
1189	0.00559	0.00816	G
1190	0.00536	0.00544	A
1191	0.00664	0.00666	A
1192	0.00666	0.00669	A
1193	0.00918	0.00928	C
1194	0.00785	0.00794	C
1195	0.00512	0.00579	G
1196	0.0139	0.01492	C
1197	0.01212	0.01227	A
1198	0.01048	0.01059	A
1199	0.01151	0.01153	A
1200	0.01985	0.02129	C
1201	0.01048	0.01069	A
1202	0.00204	0.00228	T
1203	0.00979	0.01058	A
1204	0.00201	0.00276	T
1205	0.01623	0.01655	C
1206	0.0139	0.01428	A
1207	0.00227	0.00252	T
1208	0.01306	0.0134	A
1209	0.02048	0.02092	C
1210	0.01166	0.01188	A
1211	0.01788	0.0186	C
1212	0.01096	0.01097	A
1213	0.01068	0.0107	A
1214	0.0182	0.01851	A
1215	0.01135	0.01253	C
1216	0.00236	0.00255	G
1217	0.00523	0.00593	C
1218	0.0034	0.00346	C
1219	0.00179	0.00197	T
1220	0.00189	0.0022	G
1221	0.00414	0.00447	A
1222	0.00319	0.00355	G
1223	0.01184	0.01188	C
1224	0.00604	0.00605	C
1225	0.0064	0.00645	C
1226	0.00148	0.00166	T
1227	0.00549	0.00567	A
1228	0.00118	0.00127	T
1229	0.01068	0.01085	C
1230	0.00141	0.00152	T
1231	0.00963	0.01004	A
1232	0.00163	0.00165	T
1233	0.0015	0.00155	T
1234	0.00559	0.01246	A
1235	0.01366	0.01379	C
1236	0.00125	0.00146	T
1237	0.00899	0.00917	C
1238	0.00132	0.00174	T
1239	0.00918	0.00937	C
1240	0.00818	0.00874	A
1241	0.00138	0.00151	T
1242	0.0122	0.01231	C
1243	0.0032	0.00331	G
1244	0.00531	0.00601	C
1245	0.00131	0.00144	T
1246	0.00925	0.00949	A
1247	0.01014	0.01018	C
1248	0.00655	0.0067	C
1249	0.00162	0.00199	T
1250	0.00992	0.00993	C
1251	0.00927	0.00928	C
1252	0.00965	0.0097	C
1253	0.00219	0.00234	T
1254	0.00227	0.00237	G
1255	0.01013	0.01018	A
1256	0.01474	0.01489	C
1257	0.01104	0.01115	A
1258	0.00768	0.00792	A
1259	0.00192	0.00208	G
1260	0.0046	0.00469	C
1261	0.00335	0.00342	G
1262	0.00925	0.00925	C
1263	0.00323	0.00327	C
1264	0.0012	0.00134	T
1265	0.00488	0.0056	A
1266	0.00134	0.00144	T
1267	0.00755	0.00777	A
1268	0.00204	0.00225	G
1269	0.00527	0.00542	C
1270	0.00853	0.00888	A
1271	0.01248	0.01263	C
1272	0.00103	0.00113	T
1273	0.00637	0.00647	C
1274	0.002	0.00216	G
1275	0.00845	0.00849	A
1276	0.00681	0.00686	A
1277	0.00155	0.00166	T
1278	0.00898	0.00902	A
1279	0.01109	0.01288	A
1280	0.00117	0.0012	T
1281	0.00105	0.00108	T
1282	0.00632	0.00869	C
1283	0.00102	0.00103	T
1284	0.00138	0.00143	T
1285	0.0092	0.01	C
1286	0.00249	0.00437	T
1287	0.01134	0.01177	C
1288	0.00607	0.00655	A
1289	0.0112	0.01122	C
1290	0.00725	0.00726	C
1291	0.00605	0.00608	C
1292	0.00171	0.00187	T
1293	0.01279	0.01289	A
1294	0.0135	0.01355	A
1295	0.02037	0.02058	C
1296	0.01645	0.01665	A
1297	0.00111	0.00116	G
1298	0.00191	0.00194	G
1299	0.00133	0.00249	T
1300	0.01793	0.01831	C
1301	0.01071	0.01075	A
1302	0.01425	0.01428	A
1303	0.01264	0.01268	C
1304	0.0065	0.00655	C
1305	0.00097	0.00119	T
1306	0.00967	0.00987	C
1307	0.00273	0.00291	G
1308	0.00555	0.00587	C
1309	0.00096	0.00102	T
1310	0.00084	0.00087	T
1311	0.00366	0.00368	C
1312	0.00432	0.00433	C
1313	0.00598	0.00598	C
1314	0.00819	0.0083	C
1315	0.00379	0.00739	A
1316	0.01217	0.01217	C
1317	0.00899	0.00899	C
1318	0.00907	0.00911	C
1319	0.00231	0.00239	T
1320	0.00183	0.00187	T
1321	0.00568	0.0111	A
1322	0.01701	0.0172	C
1323	0.002	0.0022	T
1324	0.01362	0.01376	A
1325	0.01225	0.01239	A
1326	0.02209	0.02239	C
1327	0.01369	0.01396	A
1328	0.00202	0.00209	T
1329	0.00253	0.00258	T
1330	0.00972	0.00976	A
1331	0.01753	0.01763	A
1332	0.02062	0.02103	C
1333	0.00275	0.00304	G
1334	0.01058	0.01062	A
1335	0.00519	0.00525	A
1336	0.01051	0.01055	A
1337	0.00817	0.00823	A
1338	0.00275	0.00346	T
1339	0.01181	0.01183	A
1340	0.00905	0.01008	A
1341	0.01194	0.01213	C
1342	0.00663	0.00672	C
1343	0.0072	0.00726	C
1344	0.00734	0.00739	C
1345	0.0078	0.01184	A
1346	0.01361	0.01366	C
1347	0.00968	0.00972	C
1348	0.00679	0.00689	C
1349	0.00183	0.00211	T
1350	0.00876	0.00897	A
1351	0.01171	0.01195	C
1352	0.00199	0.00224	T
1353	0.00481	0.00488	A
1354	0.00883	0.00902	A
1355	0.00935	0.00945	A
1356	0.01161	0.01174	C
1357	0.00679	0.00684	C
1358	0.00952	0.00956	C
1359	0.0125	0.01251	C
1360	0.0098	0.0123	A
1361	0.00197	0.00201	T
1362	0.00188	0.00192	T
1363	0.00885	0.00889	A
1364	0.01187	0.01195	A
1365	0.01389	0.01398	A
1366	0.01665	0.01777	C
1367	0.00254	0.00269	G
1368	0.00592	0.00592	C
1369	0.00395	0.00398	C
1370	0.0018	0.00199	T
1371	0.00201	0.00203	G
1372	0.00243	0.00248	G
1373	0.00853	0.00872	C
1374	0.01041	0.01064	A
1375	0.00303	0.00311	G
1376	0.00963	0.00964	C
1377	0.01001	0.01004	C
1378	0.00385	0.00387	G
1379	0.00158	0.00162	G
1380	0.00539	0.00546	A
1381	0.00675	0.00676	A
1382	0.00234	0.00249	G
1383	0.01669	0.01672	C
1384	0.00465	0.00468	C
1385	0.00142	0.00158	T
1386	0.00858	0.00903	A
1387	0.00096	0.00099	T
1388	0.00088	0.00089	T
1389	0.00883	0.0092	C
1390	0.00298	0.0032	G
1391	0.00821	0.00842	C
1392	0.00595	0.00609	A
1393	0.00117	0.00119	G
1394	0.0024	0.00242	G
1395	0.00748	0.00899	A
1396	0.0008	0.00082	T
1397	0.00078	0.00079	T
1398	0.00109	0.00109	T
1399	0.0085	0.00883	C
1400	0.00201	0.00278	T
1401	0.01128	0.01139	C
1402	0.01177	0.01223	A
1403	0.0023	0.00232	T
1404	0.00219	0.00224	T
1405	0.00713	0.01461	A
1406	0.02016	0.0204	C
1407	0.0023	0.00253	T
1408	0.01517	0.01525	A
1409	0.01295	0.01317	A
1410	0.02068	0.02116	C
1411	0.01318	0.01319	A
1412	0.01289	0.01306	A
1413	0.018	0.01834	C
1414	0.01381	0.01404	A
1415	0.00123	0.00128	T
1416	0.00231	0.00233	T
1417	0.00254	0.00254	T
1418	0.00996	0.01003	C
1419	0.00813	0.00814	C
1420	0.00776	0.00777	C
1421	0.00762	0.00764	C
1422	0.00736	0.00739	C
1423	0.00546	0.00642	G
1424	0.01023	0.01156	C
1425	0.01326	0.01607	A
1426	0.003	0.00336	T
1427	0.00903	0.00908	C
1428	0.00649	0.0065	C
1429	0.01058	0.0106	C
1430	0.00903	0.00906	C
1431	0.00883	0.00883	C
1432	0.00586	0.00594	T
1433	0.00253	0.00255	T
1434	0.01031	0.01034	C
1435	0.00848	0.00851	C
1436	0.01094	0.01107	A
1437	0.01331	0.01346	A
1438	0.01758	0.01768	A
1439	0.01495	0.01633	C
1440	0.01116	0.01122	A
1441	0.01056	0.01072	A
1442	0.01207	0.01248	C
1443	0.00802	0.00807	A
1444	0.0085	0.00881	A
1445	0.00433	0.00488	T
1446	0.00626	0.00631	C
1447	0.00568	0.00574	C
1448	0.0068	0.00681	C
1449	0.00686	0.0069	C
1450	0.01034	0.01036	C
1451	0.00469	0.00496	T
1452	0.01069	0.01095	C
1453	0.00367	0.00392	T
1454	0.01166	0.01199	A
1455	0.01482	0.01484	C
1456	0.00919	0.00931	C
1457	0.00707	0.00751	T
1458	0.00783	0.00799	A
1459	0.00647	0.00655	A
1460	0.01278	0.0128	A
1461	0.01254	0.01255	A
1462	0.01664	0.01905	C
1463	0.01093	0.01158	T
1464	0.01774	0.01789	C
1465	0.00738	0.00814	A
1466	0.0071	0.00735	C
1467	0.0055	0.00617	A
1468	0.00881	0.00926	G
1469	0.00339	0.00345	C
1470	0.00533	0.00535	C
1471	0.00873	0.00876	C
1472	0.00737	0.00753	T
1473	0.01564	0.01576	C
1474	0.00567	0.00586	G
1475	0.00233	0.00244	C
1476	0.0029	0.00297	T
1477	0.00404	0.00422	G
1478	0.00176	0.00201	T
1479	0.02403	0.02414	C
1480	0.00965	0.00975	A
1481	0.01871	0.01882	C
1482	0.00295	0.00295	T
1483	0.00235	0.00235	T
1484	0.00196	0.00196	T
1485	0.01304	0.01304	C
1486	0.00292	0.00292	C
1487	0.00487	0.00495	T
1488	0.00372	0.00391	A
1489	0.00229	0.0023	G
1490	0.00209	0.00211	G
1491	0.00557	0.00719	A
1492	0.0047	0.00487	C
1493	0.00242	0.00245	T
1494	0.00295	0.00295	T
1495	0.01261	0.01499	C
1496	0.00358	0.00371	T
1497	0.01472	0.01493	A
1498	0.00951	0.0096	A
1499	0.01605	0.01633	C
1500	0.00416	0.00438	A
1501	0.00602	0.00625	G
1502	0.00217	0.00221	C
1503	0.00075	0.00076	C
1504	0.001	0.00102	C
1505	0.00342	0.00361	T
1506	0.00241	0.00295	A
1507	0.00337	0.00352	G
1508	0.0226	0.02276	A
1509	0.01546	0.01552	C
1510	0.00793	0.00796	C
1511	0.00402	0.00465	T
1512	0.01158	0.01183	C
1513	0.00906	0.00955	A
1514	0.01069	0.01071	A
1515	0.01287	0.01316	C
1516	0.00552	0.0057	T
1517	0.00925	0.00944	A
1518	0.01282	0.01287	C
1519	0.00306	0.00327	C
1520	0.00473	0.00512	T
1521	0.00907	0.00921	A
1522	0.00967	0.00975	A
1523	0.01667	0.01671	C
1524	0.0115	0.01164	C
1525	0.0095	0.00956	A
1526	0.00961	0.00962	A
1527	0.02159	0.02202	C
1528	0.01033	0.01036	A
1529	0.01058	0.01058	A
1530	0.0105	0.01061	A
1531	0.02025	0.02146	C
1532	0.00627	0.0064	T
1533	0.00308	0.00319	T
1534	0.00527	0.00532	A
1535	0.00528	0.0053	A
1536	0.00906	0.0092	A
1537	0.00676	0.00677	A
1538	0.00434	0.00486	T
1539	0.00586	0.00586	A
1540	0.00339	0.0034	A
1541	0.00684	0.00685	A
1542	0.00574	0.0059	A
1543	0.00282	0.00297	T
1544	0.00749	0.00758	C
1545	0.00421	0.00423	C
1546	0.00572	0.00574	C
1547	0.00554	0.00555	C
1548	0.00723	0.01223	A
1549	0.01257	0.01272	C
1550	0.00156	0.0017	T
1551	0.00772	0.00806	A
1552	0.00159	0.00174	T
1553	0.00203	0.0022	G
1554	0.01021	0.01033	C
1555	0.00568	0.00611	A
1556	0.00819	0.00831	C
1557	0.00358	0.00368	A
1558	0.00078	0.0008	T
1559	0.00075	0.00076	T
1560	0.00079	0.00079	T
1561	0.00099	0.001	T
1562	0.00595	0.00919	A
1563	0.00052	0.00052	T
1564	0.00085	0.00085	T
1565	0.00115	0.00115	T
1566	0.00947	0.01004	C
1567	0.00123	0.00132	T
1568	0.00926	0.00929	C
1569	0.01007	0.01013	C
1570	0.00947	0.00967	A
1571	0.00993	0.00997	A
1572	0.01919	0.01935	C
1573	0.0113	0.01183	A
1574	0.0017	0.00184	T
1575	0.01134	0.01144	A
1576	0.01358	0.01384	C
1577	0.00153	0.00163	T
1578	0.01035	0.01048	C
1579	0.00121	0.00124	G
1580	0.00184	0.00188	G
1581	0.00659	0.00772	A
1582	0.00114	0.00116	T
1583	0.00101	0.00101	T
1584	0.00677	0.00734	C
1585	0.0014	0.00152	T
1586	0.00883	0.00964	A
1587	0.00999	0.01004	C
1588	0.00556	0.0056	C
1589	0.00562	0.00566	C
1590	0.00121	0.00129	T
1591	0.00745	0.00763	A
1592	0.00224	0.00234	G
1593	0.00988	0.01017	C
1594	0.00725	0.00741	A
1595	0.00143	0.00179	T
1596	0.0078	0.008	C
1597	0.01002	0.01048	A
1598	0.01298	0.01344	C
1599	0.00916	0.00974	A
1600	0.01442	0.01529	C
1601	0.01246	0.01283	A
1602	0.01631	0.01631	C
1603	0.00969	0.00978	C
1604	0.00528	0.00586	G
1605	0.00967	0.00982	C
1606	0.00845	0.00897	A
1607	0.01409	0.01431	C
1608	0.0079	0.00797	A
1609	0.00719	0.00742	A
1610	0.0017	0.00208	T
1611	0.0077	0.0077	C
1612	0.00805	0.00806	C
1613	0.0117	0.01171	C
1614	0.00944	0.00945	C
1615	0.00144	0.00162	T
1616	0.01057	0.01079	A
1617	0.00141	0.00153	T
1618	0.01378	0.01391	C
1619	0.00165	0.00179	T
1620	0.01076	0.01307	A
1621	0.00104	0.00109	G
1622	0.00153	0.00156	G
1623	0.007	0.00701	C
1624	0.00384	0.00387	C
1625	0.00089	0.00093	T
1626	0.00177	0.00177	T
1627	0.00825	0.00948	C
1628	0.00156	0.0016	T
1629	0.00163	0.00168	T
1630	0.00916	0.01641	A
1631	0.02176	0.02212	C
1632	0.00213	0.00229	G
1633	0.01318	0.01346	A
1634	0.00283	0.00331	G
1635	0.00679	0.00683	C
1636	0.00782	0.00785	C
1637	0.00831	0.00856	A
1638	0.00729	0.00737	A
1639	0.01121	0.01125	A
1640	0.01415	0.01417	A
1641	0.01149	0.01181	C
1642	0.00649	0.00655	C
1643	0.00202	0.00229	T
1644	0.00282	0.00315	G
1645	0.01079	0.01081	C
1646	0.00242	0.00245	C
1647	0.00707	0.00708	C
1648	0.00552	0.00554	C
1649	0.00147	0.00161	T
1650	0.008	0.00902	A
1651	0.00894	0.00915	C
1652	0.00122	0.00134	T
1653	0.00542	0.00543	C
1654	0.00533	0.00555	C
1655	0.00128	0.00148	T
1656	0.00785	0.00786	C
1657	0.00495	0.00501	C
1658	0.00113	0.0013	T
1659	0.00493	0.00585	A
1660	0.00114	0.00129	G
1661	0.00811	0.00816	A
1662	0.00711	0.00716	C
1663	0.00141	0.00148	C
1664	0.00185	0.00201	T
1665	0.0082	0.00832	A
1666	0.00933	0.00939	A
1667	0.0158	0.01584	C
1668	0.0074	0.00743	C
1669	0.0011	0.00128	T
1670	0.00153	0.00161	G
1671	0.01081	0.01086	A
1672	0.00962	0.00973	C
1673	0.001	0.00109	T
1674	0.00712	0.00731	A
1675	0.00174	0.00183	G
1676	0.01116	0.01118	A
1677	0.007	0.00705	A
1678	0.00917	0.00919	A
1679	0.00915	0.0092	A
1680	0.00165	0.00175	G
1681	0.0069	0.00697	C
1682	0.00089	0.00097	T
1683	0.00623	0.0064	A
1684	0.00154	0.00156	T
1685	0.00191	0.00201	T
1686	0.00487	0.01039	A
1687	0.01416	0.01421	C
1688	0.00907	0.00918	C
1689	0.00192	0.00218	T
1690	0.00707	0.00718	A
1691	0.00603	0.00604	A
1692	0.01248	0.01253	A
1693	0.01245	0.01261	A
1694	0.01315	0.01837	C
1695	0.00923	0.00925	A
1696	0.01086	0.01098	A
1697	0.00101	0.00105	T
1698	0.0013	0.00135	T
1699	0.00149	0.00152	T
1700	0.01148	0.01221	C
1701	0.01244	0.01301	A
1702	0.01689	0.01727	C
1703	0.01496	0.0156	A
1704	0.00408	0.00475	G
1705	0.01217	0.01242	C
1706	0.01204	0.01245	A
1707	0.01554	0.01555	C
1708	0.01007	0.0101	C
1709	0.00469	0.00469	A
1710	0.01076	0.01087	A
1711	0.0121	0.01219	A
1712	0.00145	0.00163	T
1713	0.00739	0.0075	C
1714	0.00237	0.0025	T
1715	0.00863	0.00864	C
1716	0.00897	0.00903	C
1717	0.00823	0.01054	A
1718	0.01354	0.01354	C
1719	0.00828	0.00836	C
1720	0.00173	0.00197	T
1721	0.00951	0.00952	C
1722	0.00646	0.0065	C
1723	0.00761	0.00968	A
1724	0.00136	0.0016	T
1725	0.00984	0.01009	C
1726	0.00871	0.00944	A
1727	0.00168	0.00194	T
1728	0.0105	0.01083	C
1729	0.01288	0.01305	A
1730	0.01352	0.01353	C
1731	0.00687	0.00691	C
1732	0.00148	0.00254	T
1733	0.01091	0.01154	C
1734	0.00857	0.00921	A
1735	0.01294	0.01301	A
1736	0.01032	0.01035	C
1737	0.00698	0.00699	C
1738	0.00904	0.0091	C
1739	0.00131	0.00138	A
1740	0.00549	0.00549	A
1741	0.00757	0.00762	A
1742	0.01054	0.01056	A
1743	0.00548	0.0055	A
1744	0.00175	0.00175	G
1745	0.0016	0.00164	G
1746	0.01837	0.01848	C
1747	0.01153	0.01161	A
1748	0.00125	0.00143	T
1749	0.00692	0.00692	A
1750	0.00929	0.01	A
1751	0.00125	0.00126	T
1752	0.00128	0.00132	T
1753	0.00565	0.00568	A
1754	0.00843	0.00847	A
1755	0.0108	0.01086	A
1756	0.0132	0.01376	C
1757	0.00138	0.00139	T
1758	0.00213	0.00214	T
1759	0.00131	0.00134	T
1760	0.0075	0.00909	A
1761	0.01476	0.01495	C
1762	0.00155	0.00155	T
1763	0.00131	0.00131	T
1764	0.00845	0.00852	C
1765	0.00848	0.00857	C
1766	0.00141	0.00152	T
1767	0.01186	0.01224	C
1768	0.00141	0.00151	T
1769	0.0128	0.01308	C
1770	0.00076	0.00076	T
1771	0.00157	0.00157	T
1772	0.00113	0.00115	T
1773	0.01152	0.01225	C
1774	0.00105	0.00105	T
1775	0.00138	0.00138	T
1776	0.01147	0.01283	C
1777	0.00232	0.00232	T
1778	0.00474	0.00484	T
1779	0.00929	0.00929	C
1780	0.00827	0.00827	C
1781	0.00929	0.00937	C
1782	0.00796	0.0105	A
1783	0.01247	0.01259	C
1784	0.00216	0.00259	T
1785	0.00935	0.00963	C
1786	0.00557	0.00666	A
1787	0.00171	0.00179	T
1788	0.00766	0.00766	C
1789	0.00289	0.00289	C
1790	0.00383	0.00399	T
1791	0.00524	0.0053	A
1792	0.0064	0.0064	A
1793	0.00658	0.00658	C
1794	0.00361	0.00361	C
1795	0.007	0.007	C
1796	0.00155	0.00164	T
1797	0.00392	0.00475	A
1798	0.00562	0.00562	C
1799	0.00253	0.00276	T
1800	0.00379	0.00379	C
1801	0.00437	0.00437	C
1802	0.00345	0.00374	T
1803	0.00714	0.00714	A
1804	0.00552	0.00552	A
1805	0.01249	0.01249	T
1806	0.01214	0.01262	C
1807	0.00672	0.00672	A
1808	0.01013	0.0103	C
1809	0.01265	0.01265	A
1810	0.00036	0.00036	T
1811	0.0	0.0	A
1812	0.0	0.0	A
