Position	Mismatches	Mismatches + Deletions	Base
1	0.0	0.0	A
2	0.0	0.0	T
3	0.0	0.0	G
4	0.00771	0.00771	A
5	0.00654	0.00797	C
6	0.00426	0.00426	C
7	0.00622	0.00622	C
8	0.01482	0.01482	C
9	0.00951	0.02029	A
10	0.0091	0.00912	A
11	0.00207	0.00224	T
12	0.01575	0.01583	A
13	0.03376	0.03395	C
14	0.00355	0.00368	G
15	0.02169	0.02255	C
16	0.01073	0.01081	A
17	0.00675	0.00676	A
18	0.01075	0.01077	A
19	0.01319	0.0132	A
20	0.00723	0.01071	C
21	0.00219	0.00242	T
22	0.00499	0.00532	A
23	0.00439	0.00669	A
24	0.00463	0.00464	C
25	0.00357	0.00365	C
26	0.00908	0.00908	C
27	0.01879	0.0188	C
28	0.01651	0.01652	C
29	0.00203	0.00222	T
30	0.01048	0.0106	A
31	0.00831	0.00837	A
32	0.00201	0.00218	T
33	0.00844	0.00851	A
34	0.00443	0.00443	A
35	0.00902	0.00902	A
36	0.01385	0.01409	A
37	0.00127	0.0013	T
38	0.00177	0.00181	T
39	0.00473	0.00476	A
40	0.00847	0.00848	A
41	0.00128	0.00135	T
42	0.00129	0.00132	T
43	0.00366	0.00367	A
44	0.01184	0.01197	A
45	0.01227	0.01232	C
46	0.00722	0.00723	C
47	0.00829	0.0145	A
48	0.01697	0.01709	C
49	0.00173	0.00296	T
50	0.01347	0.01363	C
51	0.01735	0.02163	A
52	0.00199	0.00209	T
53	0.0019	0.00201	T
54	0.01886	0.02009	C
55	0.02183	0.02208	A
56	0.0022	0.00278	T
57	0.02501	0.02524	C
58	0.00315	0.00325	G
59	0.03232	0.03239	A
60	0.0171	0.01713	C
61	0.00772	0.0078	C
62	0.00163	0.00221	T
63	0.00972	0.00973	C
64	0.00706	0.00706	C
65	0.01029	0.0103	C
66	0.01136	0.01143	C
67	0.00926	0.01647	A
68	0.0167	0.0167	C
69	0.01091	0.01091	C
70	0.0088	0.0088	C
71	0.00931	0.00934	C
72	0.00934	0.01309	A
73	0.00249	0.00274	T
74	0.01293	0.01294	C
75	0.00948	0.00955	C
76	0.01299	0.01305	A
77	0.01766	0.01772	A
78	0.01662	0.01701	C
79	0.0096	0.00994	A
80	0.00165	0.00179	T
81	0.00944	0.0095	C
82	0.00172	0.00194	T
83	0.01573	0.01573	C
84	0.01826	0.01833	C
85	0.00395	0.00601	G
86	0.02857	0.02949	C
87	0.01912	0.02118	A
88	0.00207	0.00213	T
89	0.00185	0.00192	G
90	0.01158	0.01175	A
91	0.00124	0.00135	T
92	0.00159	0.0018	G
93	0.01354	0.01358	A
94	0.00984	0.0099	A
95	0.0132	0.01323	A
96	0.04932	0.04978	C
97	0.00176	0.00177	T
98	0.00146	0.00147	T
99	0.01634	0.01889	C
100	0.00117	0.00118	G
101	0.00263	0.00265	G
102	0.01156	0.01196	C
103	0.00172	0.00307	T
104	0.02377	0.02441	C
105	0.01618	0.01727	A
106	0.03189	0.03218	C
107	0.00196	0.00203	T
108	0.02283	0.02283	C
109	0.01981	0.02041	C
110	0.00201	0.00202	T
111	0.00159	0.0016	T
112	0.00097	0.00099	G
113	0.00138	0.0014	G
114	0.00576	0.00591	C
115	0.00336	0.0034	G
116	0.00564	0.00565	C
117	0.00203	0.00206	C
118	0.00126	0.00147	T
119	0.00246	0.00252	G
120	0.02071	0.02073	C
121	0.00524	0.00527	C
122	0.00236	0.0027	T
123	0.00219	0.0025	G
124	0.00556	0.00584	A
125	0.00122	0.00129	T
126	0.0064	0.00641	C
127	0.00565	0.00568	C
128	0.00208	0.00241	T
129	0.01356	0.01356	C
130	0.01027	0.01032	C
131	0.00611	0.0062	A
132	0.01489	0.01495	A
133	0.01294	0.01304	A
134	0.00274	0.0035	T
135	0.01785	0.01796	C
136	0.01875	0.01891	A
137	0.02773	0.02778	C
138	0.02092	0.02127	C
139	0.02007	0.02658	A
140	0.03619	0.03666	C
141	0.01599	0.0181	A
142	0.00156	0.00162	G
143	0.00117	0.00118	G
144	0.01526	0.02342	A
145	0.03416	0.0343	C
146	0.00162	0.00168	T
147	0.01659	0.02532	A
148	0.0016	0.0016	T
149	0.001	0.00101	T
150	0.00753	0.00754	C
151	0.0019	0.00192	C
152	0.00116	0.00133	T
153	0.01303	0.0136	A
154	0.00186	0.00191	G
155	0.01329	0.01329	C
156	0.00798	0.00799	C
157	0.00953	0.01523	A
158	0.00172	0.00178	T
159	0.00235	0.00259	G
160	0.0239	0.02406	C
161	0.02495	0.02524	A
162	0.02625	0.02641	C
163	0.00203	0.0021	T
164	0.01942	0.01983	A
165	0.02692	0.02719	C
166	0.00243	0.00459	T
167	0.01738	0.01796	C
168	0.0182	0.01892	A
169	0.03739	0.03739	C
170	0.01684	0.01698	C
171	0.00887	0.01967	A
172	0.00197	0.0021	G
173	0.01768	0.01799	A
174	0.00979	0.00994	C
175	0.00231	0.00238	G
176	0.00438	0.00438	C
177	0.00214	0.00216	C
178	0.00143	0.00346	T
179	0.02349	0.02401	C
180	0.01784	0.01983	A
181	0.02766	0.02773	A
182	0.03061	0.03067	C
183	0.01807	0.01838	C
184	0.00378	0.00421	G
185	0.01477	0.01477	C
186	0.00884	0.00888	C
187	0.00095	0.00096	T
188	0.00089	0.0009	T
189	0.00118	0.0012	T
190	0.00129	0.00129	T
191	0.00686	0.0099	C
192	0.01433	0.01443	A
193	0.00113	0.00141	T
194	0.00888	0.00897	C
195	0.01221	0.0123	A
196	0.01653	0.01686	A
197	0.00215	0.00238	T
198	0.01335	0.01371	C
199	0.00324	0.00339	G
200	0.00735	0.00736	C
201	0.00678	0.00679	C
202	0.01276	0.01281	C
203	0.01455	0.01811	A
204	0.02056	0.02075	C
205	0.01385	0.01552	A
206	0.00177	0.00233	T
207	0.01579	0.01597	C
208	0.01662	0.01691	A
209	0.02473	0.0251	C
210	0.00182	0.00191	T
211	0.02118	0.02124	C
212	0.00174	0.00182	G
213	0.01432	0.01567	A
214	0.00198	0.00211	G
215	0.01597	0.0162	A
216	0.01643	0.01665	C
217	0.00321	0.00329	G
218	0.00115	0.0015	T
219	0.00452	0.00456	A
220	0.01089	0.01092	A
221	0.01471	0.01475	A
222	0.00159	0.0016	T
223	0.00172	0.00173	T
224	0.00722	0.01801	A
225	0.00125	0.00128	T
226	0.00087	0.00089	G
227	0.00151	0.00152	G
228	0.00456	0.00473	C
229	0.00095	0.00097	T
230	0.00282	0.00292	G
231	0.00801	0.00836	A
232	0.00906	0.00906	A
233	0.00129	0.00274	T
234	0.01151	0.01175	C
235	0.01392	0.01439	A
236	0.00403	0.00426	T
237	0.0127	0.01283	C
238	0.01684	0.01714	C
239	0.00342	0.00416	G
240	0.02491	0.02779	C
241	0.00209	0.00229	T
242	0.01778	0.0179	A
243	0.03588	0.0359	C
244	0.0222	0.02257	C
245	0.00183	0.00185	T
246	0.00261	0.00286	T
247	0.02073	0.0226	C
248	0.02537	0.02819	A
249	0.03383	0.03405	C
250	0.00295	0.00323	G
251	0.01088	0.01088	C
252	0.00817	0.00819	C
253	0.0128	0.01282	A
254	0.02139	0.02144	A
255	0.00176	0.00182	T
256	0.0015	0.00151	G
257	0.00136	0.00137	G
258	0.00296	0.00305	C
259	0.00399	0.00404	G
260	0.01205	0.01205	C
261	0.00413	0.00414	C
262	0.00119	0.00187	T
263	0.01244	0.0125	C
264	0.02113	0.02169	A
265	0.01507	0.01512	A
266	0.00221	0.00224	T
267	0.0204	0.02078	A
268	0.00187	0.00188	T
269	0.00168	0.00169	T
270	0.01376	0.02282	C
271	0.002	0.00201	T
272	0.00231	0.00231	T
273	0.00203	0.00204	T
274	0.01175	0.01308	A
275	0.00201	0.00216	T
276	0.02346	0.02375	C
277	0.00228	0.00232	T
278	0.00212	0.00226	G
279	0.00462	0.00463	C
280	0.00145	0.00147	C
281	0.00085	0.00101	T
282	0.00726	0.00768	C
283	0.00108	0.00108	T
284	0.00131	0.00139	T
285	0.00782	0.00783	C
286	0.00545	0.00551	C
287	0.0019	0.00223	T
288	0.02701	0.02752	A
289	0.0408	0.0412	C
290	0.02663	0.02845	A
291	0.03897	0.03982	C
292	0.02315	0.02453	A
293	0.00239	0.00257	T
294	0.02862	0.02978	C
295	0.0015	0.00152	G
296	0.00131	0.00132	G
297	0.00138	0.00141	G
298	0.09211	0.10308	C
299	0.00234	0.00251	G
300	0.00458	0.00553	A
301	0.00246	0.00247	G
302	0.00223	0.00228	G
303	0.00586	0.00588	C
304	0.01137	0.01146	C
305	0.00147	0.00163	T
306	0.00564	0.00573	A
307	0.00113	0.00121	T
308	0.00951	0.00967	A
309	0.00161	0.00161	T
310	0.00153	0.00159	T
311	0.00663	0.01463	A
312	0.01297	0.01316	C
313	0.00128	0.00129	G
314	0.00109	0.0011	G
315	0.00742	0.00967	A
316	0.00163	0.00216	T
317	0.00979	0.00988	C
318	0.01969	0.01993	A
319	0.00084	0.00086	T
320	0.00107	0.00109	T
321	0.00105	0.00107	T
322	0.00842	0.00904	C
323	0.00117	0.00127	T
324	0.01779	0.018	C
325	0.00164	0.00175	T
326	0.01734	0.01853	A
327	0.02307	0.02327	C
328	0.00221	0.00333	T
329	0.01898	0.0194	C
330	0.01596	0.01661	A
331	0.002	0.00228	G
332	0.01563	0.01564	A
333	0.01716	0.01719	A
334	0.02328	0.02362	A
335	0.03018	0.03031	C
336	0.01207	0.0121	C
337	0.00228	0.00251	T
338	0.00172	0.00194	G
339	0.01861	0.01864	A
340	0.0202	0.02021	A
341	0.01692	0.01694	A
342	0.02072	0.02202	C
343	0.01578	0.01599	A
344	0.00289	0.00312	T
345	0.01693	0.01718	C
346	0.00126	0.00127	G
347	0.00232	0.00233	G
348	0.01616	0.01636	C
349	0.01836	0.01844	A
350	0.00176	0.00178	T
351	0.00169	0.00171	T
352	0.00505	0.01684	A
353	0.00159	0.00174	T
354	0.01318	0.01332	C
355	0.01157	0.01161	C
356	0.00177	0.00235	T
357	0.02253	0.02254	C
358	0.01186	0.01252	C
359	0.00127	0.00146	T
360	0.0014	0.0015	G
361	0.01602	0.0169	C
362	0.00103	0.00104	T
363	0.00131	0.00133	T
364	0.00143	0.00255	G
365	0.0179	0.01956	C
366	0.02984	0.02995	A
367	0.03257	0.03259	A
368	0.03756	0.03826	C
369	0.00265	0.00275	T
370	0.01771	0.02407	A
371	0.0026	0.00266	T
372	0.02634	0.02655	A
373	0.0019	0.00239	G
374	0.01035	0.01071	C
375	0.02094	0.02096	A
376	0.02199	0.02241	A
377	0.03638	0.03768	C
378	0.01196	0.01349	A
379	0.00215	0.00219	G
380	0.01757	0.01758	C
381	0.00356	0.00357	C
382	0.00096	0.00098	T
383	0.00235	0.0024	T
384	0.03434	0.03595	C
385	0.03083	0.03216	A
386	0.0026	0.0031	T
387	0.01127	0.01267	A
388	0.00105	0.00213	G
389	0.00199	0.00201	G
390	0.00482	0.00511	C
391	0.00117	0.0012	T
392	0.02	0.02123	A
393	0.00287	0.00289	T
394	0.00216	0.00218	G
395	0.00197	0.00208	T
396	0.00547	0.00548	C
397	0.00749	0.00751	C
398	0.00098	0.00168	T
399	0.01176	0.01177	C
400	0.02474	0.02474	C
401	0.02947	0.0295	C
402	0.00207	0.00247	G
403	0.00239	0.0028	T
404	0.0018	0.0019	G
405	0.00776	0.00841	A
406	0.00166	0.00167	G
407	0.00171	0.00173	G
408	0.0236	0.02362	C
409	0.02774	0.02777	C
410	0.00918	0.0092	A
411	0.01655	0.01656	A
412	0.01306	0.01308	A
413	0.00158	0.00179	T
414	0.01567	0.01577	A
415	0.0014	0.00172	T
416	0.01597	0.0162	C
417	0.01722	0.01741	A
418	0.00112	0.00113	T
419	0.0009	0.00092	T
420	0.00858	0.01065	C
421	0.00191	0.00194	T
422	0.0025	0.00277	G
423	0.01454	0.01487	A
424	0.00178	0.00178	G
425	0.00109	0.00109	G
426	0.00311	0.00311	G
427	0.00356	0.00357	G
428	0.01268	0.01278	C
429	0.01909	0.0193	C
430	0.01609	0.02359	A
431	0.03065	0.03098	C
432	0.0166	0.0174	A
433	0.00348	0.00373	G
434	0.0014	0.00165	T
435	0.00929	0.00934	A
436	0.01177	0.01182	A
437	0.00175	0.00183	T
438	0.0023	0.00238	T
439	0.00767	0.02496	A
440	0.04268	0.04389	C
441	0.02757	0.02763	A
442	0.02233	0.02241	A
443	0.02168	0.02235	A
444	0.04058	0.04314	C
445	0.00137	0.00147	T
446	0.00141	0.00148	T
447	0.00521	0.01185	A
448	0.01029	0.01062	C
449	0.00114	0.00132	T
450	0.0249	0.02604	A
451	0.00201	0.00252	T
452	0.02333	0.02364	C
453	0.02143	0.0218	C
454	0.00387	0.00458	G
455	0.02188	0.02191	C
456	0.00797	0.00803	C
457	0.02931	0.04465	A
458	0.00133	0.00176	T
459	0.00775	0.00779	C
460	0.00641	0.00643	C
461	0.01016	0.01027	C
462	0.0038	0.01787	A
463	0.00189	0.00207	T
464	0.02123	0.02152	A
465	0.0363	0.03653	C
466	0.02758	0.02795	A
467	0.00215	0.00224	T
468	0.00132	0.00137	T
469	0.00109	0.00114	G
470	0.00094	0.00097	G
471	0.00103	0.00106	G
472	0.00893	0.01139	A
473	0.03265	0.03292	C
474	0.01736	0.0182	A
475	0.00242	0.00263	G
476	0.01493	0.01515	A
477	0.02113	0.02119	C
478	0.01507	0.01513	C
479	0.00151	0.00182	T
480	0.02043	0.02114	A
481	0.00188	0.00207	G
482	0.00182	0.00185	T
483	0.00164	0.00167	T
484	0.02445	0.02519	C
485	0.02481	0.02488	A
486	0.02184	0.02188	A
487	0.00212	0.00228	T
488	0.00181	0.002	G
489	0.01432	0.0144	A
490	0.01684	0.01728	A
491	0.00124	0.00138	T
492	0.01155	0.01176	C
493	0.00137	0.00148	T
494	0.00222	0.00245	G
495	0.00993	0.01023	A
496	0.00206	0.00208	G
497	0.00146	0.00157	G
498	0.0148	0.02061	A
499	0.00251	0.00252	G
500	0.00221	0.00226	G
501	0.00864	0.00992	C
502	0.00115	0.00145	T
503	0.01254	0.01306	A
504	0.01561	0.01591	C
505	0.00198	0.00336	T
506	0.01409	0.01439	C
507	0.02739	0.02799	A
508	0.00324	0.00352	G
509	0.00187	0.00227	T
510	0.01719	0.01768	A
511	0.0015	0.00179	G
512	0.02232	0.02278	A
513	0.02688	0.02715	C
514	0.01773	0.01829	A
515	0.00233	0.00265	G
516	0.00158	0.00194	T
517	0.01038	0.01045	C
518	0.00846	0.00853	C
519	0.01078	0.01091	C
520	0.01842	0.03103	A
521	0.0244	0.02443	C
522	0.00333	0.00335	C
523	0.00399	0.00407	C
524	0.00147	0.00521	T
525	0.00522	0.00559	C
526	0.01151	0.01568	A
527	0.03051	0.03119	C
528	0.02701	0.02762	A
529	0.02202	0.02254	C
530	0.00215	0.0024	G
531	0.00771	0.008	A
532	0.00066	0.00072	T
533	0.00059	0.00063	T
534	0.00249	0.0036	C
535	0.00125	0.00126	T
536	0.00149	0.0015	T
537	0.00138	0.00139	T
538	0.01102	0.01387	A
539	0.01628	0.01632	C
540	0.01485	0.01488	C
541	0.0011	0.00113	T
542	0.00144	0.00146	T
543	0.00156	0.00157	T
544	0.01307	0.01416	C
545	0.02665	0.02733	A
546	0.02318	0.02347	C
547	0.00134	0.00141	T
548	0.00132	0.0019	T
549	0.00773	0.00892	C
550	0.00973	0.0106	A
551	0.00134	0.00162	T
552	0.00877	0.00908	C
553	0.00255	0.00257	T
554	0.00248	0.00252	T
555	0.0015	0.00203	G
556	0.00543	0.00547	C
557	0.00668	0.00671	C
558	0.01597	0.01599	C
559	0.00159	0.00163	T
560	0.00155	0.00158	T
561	0.01148	0.01245	C
562	0.01305	0.01321	A
563	0.00179	0.00181	T
564	0.00157	0.00159	T
565	0.00671	0.01485	A
566	0.00162	0.00163	T
567	0.00178	0.0018	T
568	0.00242	0.00456	G
569	0.01118	0.0123	C
570	0.02146	0.02264	A
571	0.00333	0.00375	G
572	0.0187	0.01875	C
573	0.00989	0.00995	C
574	0.01334	0.01337	C
575	0.00194	0.00222	T
576	0.0201	0.02035	A
577	0.00192	0.00241	G
578	0.01017	0.01063	C
579	0.01149	0.01156	A
580	0.01075	0.01082	A
581	0.02165	0.02213	C
582	0.01334	0.01383	A
583	0.01385	0.01431	C
584	0.00193	0.00223	T
585	0.01011	0.01011	C
586	0.00826	0.00839	C
587	0.01131	0.01484	A
588	0.01397	0.01397	C
589	0.00882	0.00907	C
590	0.00155	0.00183	T
591	0.00637	0.00637	C
592	0.00299	0.00315	C
593	0.0016	0.00182	T
594	0.01007	0.01069	A
595	0.00118	0.00121	T
596	0.00113	0.00117	T
597	0.01067	0.01297	C
598	0.00258	0.00259	T
599	0.00226	0.0023	T
600	0.00242	0.00312	G
601	0.02259	0.023	C
602	0.02492	0.02521	A
603	0.03732	0.03762	C
604	0.00356	0.004	G
605	0.01271	0.01281	A
606	0.01813	0.01834	A
607	0.02408	0.02416	A
608	0.03917	0.0416	C
609	0.00201	0.00207	G
610	0.00237	0.00242	G
611	0.0024	0.00246	G
612	0.0142	0.01719	A
613	0.0023	0.00401	T
614	0.02423	0.0248	C
615	0.02506	0.02518	A
616	0.02388	0.0241	A
617	0.02243	0.02254	A
618	0.04511	0.04883	C
619	0.02417	0.0242	A
620	0.01623	0.02473	A
621	0.01587	0.01598	C
622	0.00966	0.00993	C
623	0.01133	0.01138	C
624	0.01705	0.01707	C
625	0.01518	0.0152	C
626	0.00221	0.00251	T
627	0.01933	0.01963	A
628	0.0009	0.00093	G
629	0.00157	0.00161	G
630	0.00705	0.0071	A
631	0.01227	0.01235	A
632	0.00135	0.00221	T
633	0.01931	0.01971	C
634	0.01985	0.02021	A
635	0.02126	0.02128	C
636	0.01174	0.01191	C
637	0.00154	0.00253	T
638	0.01388	0.0139	C
639	0.0127	0.0127	C
640	0.01634	0.01643	C
641	0.01539	0.01688	A
642	0.00134	0.00135	T
643	0.00126	0.00128	T
644	0.00973	0.00975	C
645	0.01046	0.0105	C
646	0.00386	0.00439	G
647	0.02293	0.02326	A
648	0.00242	0.00269	T
649	0.01275	0.01283	A
650	0.00773	0.00775	A
651	0.01471	0.01472	A
652	0.02147	0.02162	A
653	0.00195	0.00331	T
654	0.01316	0.01338	C
655	0.02078	0.02094	A
656	0.01274	0.01278	C
657	0.00705	0.0071	C
658	0.00106	0.00113	T
659	0.00138	0.00144	T
660	0.00615	0.0062	C
661	0.00562	0.00571	C
662	0.00838	0.01808	A
663	0.01823	0.01825	C
664	0.01082	0.01083	C
665	0.00872	0.00878	C
666	0.00152	0.00161	T
667	0.00151	0.00158	T
668	0.00596	0.00984	A
669	0.01608	0.01633	C
670	0.00169	0.00205	T
671	0.01716	0.01764	A
672	0.0236	0.02402	C
673	0.01351	0.01399	A
674	0.03057	0.03151	C
675	0.01619	0.01623	A
676	0.02071	0.0211	A
677	0.00217	0.00276	T
678	0.02268	0.02292	C
679	0.01523	0.01524	A
680	0.01779	0.01792	A
681	0.01688	0.01699	A
682	0.00216	0.00243	G
683	0.02155	0.02186	A
684	0.02122	0.02159	C
685	0.00303	0.00332	G
686	0.00633	0.00634	C
687	0.00204	0.00206	C
688	0.01271	0.01275	C
689	0.00153	0.00183	T
690	0.02216	0.02243	C
691	0.00116	0.00124	G
692	0.00229	0.0023	G
693	0.0066	0.00692	C
694	0.00101	0.00103	T
695	0.0012	0.00122	T
696	0.00849	0.01755	A
697	0.01816	0.01835	C
698	0.00099	0.001	T
699	0.00101	0.00103	T
700	0.00975	0.01305	C
701	0.00098	0.00108	T
702	0.01355	0.01419	C
703	0.00106	0.00107	T
704	0.00082	0.00085	T
705	0.00587	0.00589	C
706	0.00502	0.00507	C
707	0.00097	0.00099	T
708	0.00084	0.00087	T
709	0.00416	0.00515	C
710	0.00097	0.00116	T
711	0.00523	0.00551	C
712	0.00117	0.00132	T
713	0.00502	0.00503	C
714	0.00598	0.0062	C
715	0.00149	0.0015	T
716	0.00132	0.00138	T
717	0.00501	0.0051	A
718	0.00939	0.00943	A
719	0.0025	0.00264	T
720	0.00127	0.00139	G
721	0.01299	0.0131	A
722	0.01291	0.01301	C
723	0.01151	0.01163	A
724	0.00161	0.00165	T
725	0.0021	0.00215	T
726	0.01156	0.01159	A
727	0.01358	0.01378	A
728	0.02081	0.02143	C
729	0.017	0.01718	A
730	0.0188	0.01927	C
731	0.00159	0.00184	T
732	0.01519	0.01584	A
733	0.00152	0.00154	T
734	0.00149	0.00155	T
735	0.01302	0.01504	C
736	0.00246	0.00462	T
737	0.01952	0.02006	C
738	0.01967	0.02063	A
739	0.039	0.03901	C
740	0.01309	0.01322	C
741	0.01617	0.03064	A
742	0.00251	0.00297	G
743	0.02724	0.02754	A
744	0.01985	0.01991	C
745	0.01058	0.01074	C
746	0.00127	0.00165	T
747	0.01013	0.01013	C
748	0.00387	0.00397	C
749	0.00104	0.00122	T
750	0.00694	0.00761	A
751	0.00093	0.00096	G
752	0.00198	0.00203	G
753	0.01352	0.01392	C
754	0.00291	0.00333	G
755	0.01008	0.01242	A
756	0.02136	0.02143	C
757	0.01324	0.0133	C
758	0.02201	0.02205	C
759	0.00911	0.02676	A
760	0.00196	0.00215	G
761	0.02455	0.02475	A
762	0.03533	0.03566	C
763	0.01168	0.01169	A
764	0.01685	0.01706	A
765	0.00203	0.00208	T
766	0.00208	0.00213	T
767	0.00966	0.02076	A
768	0.00272	0.0033	T
769	0.02245	0.02436	A
770	0.02554	0.0259	C
771	0.01173	0.01178	C
772	0.00358	0.00363	C
773	0.00252	0.00286	T
774	0.01263	0.01313	A
775	0.00182	0.00211	G
776	0.01487	0.01498	C
777	0.01143	0.0124	C
778	0.01413	0.01434	A
779	0.01383	0.01496	A
780	0.0226	0.02271	C
781	0.0185	0.01863	C
782	0.01843	0.01851	C
783	0.02309	0.02314	C
784	0.00226	0.00232	T
785	0.00249	0.00258	T
786	0.01588	0.01598	A
787	0.02461	0.02466	A
788	0.02704	0.02728	A
789	0.03596	0.03792	C
790	0.03372	0.03479	A
791	0.01885	0.01887	C
792	0.01212	0.01214	C
793	0.00626	0.00628	C
794	0.00593	0.00598	C
795	0.002	0.00254	T
796	0.00844	0.00846	C
797	0.01837	0.01838	C
798	0.01704	0.01705	C
799	0.01816	0.01824	C
800	0.01564	0.01895	A
801	0.02204	0.02241	C
802	0.01733	0.01902	A
803	0.00216	0.00341	T
804	0.02207	0.02227	C
805	0.02069	0.02078	A
806	0.02746	0.02802	A
807	0.00213	0.00262	G
808	0.01939	0.01942	C
809	0.01215	0.01216	C
810	0.01666	0.01668	C
811	0.00388	0.00419	G
812	0.00877	0.00883	A
813	0.00858	0.00865	A
814	0.00121	0.00139	T
815	0.00115	0.00136	G
816	0.00867	0.00884	A
817	0.00092	0.00099	T
818	0.00966	0.00988	A
819	0.00067	0.00068	T
820	0.00096	0.00097	T
821	0.00095	0.00096	T
822	0.02731	0.02738	C
823	0.01271	0.01276	C
824	0.00173	0.00196	T
825	0.02107	0.02253	A
826	0.00168	0.0017	T
827	0.00195	0.00197	T
828	0.01805	0.0212	C
829	0.00235	0.00255	G
830	0.01346	0.01349	C
831	0.00357	0.00363	C
832	0.00177	0.00209	T
833	0.01858	0.01929	A
834	0.02548	0.02605	C
835	0.01668	0.01731	A
836	0.02971	0.03014	C
837	0.02257	0.02261	A
838	0.02577	0.02596	A
839	0.00195	0.00201	T
840	0.00171	0.00174	T
841	0.01281	0.01787	C
842	0.00211	0.00241	T
843	0.02239	0.0224	C
844	0.01403	0.01412	C
845	0.00325	0.0039	G
846	0.0112	0.01171	A
847	0.00154	0.00182	T
848	0.01403	0.01406	C
849	0.00999	0.01011	C
850	0.0038	0.00437	G
851	0.00194	0.00262	T
852	0.01733	0.01737	C
853	0.01828	0.0183	C
854	0.01625	0.0163	C
855	0.00252	0.00299	T
856	0.02327	0.0236	A
857	0.02035	0.0205	A
858	0.03771	0.03853	C
859	0.0192	0.01933	A
860	0.01799	0.01803	A
861	0.02549	0.02592	A
862	0.02557	0.02726	C
863	0.00143	0.00156	T
864	0.0119	0.01212	A
865	0.00107	0.00113	G
866	0.0012	0.00123	G
867	0.01034	0.01267	A
868	0.00157	0.00159	G
869	0.00166	0.0017	G
870	0.01103	0.01134	C
871	0.00331	0.00347	G
872	0.00119	0.00136	T
873	0.00704	0.00708	C
874	0.00832	0.00836	C
875	0.00193	0.00195	T
876	0.00211	0.00213	T
877	0.00189	0.00231	G
878	0.01547	0.01551	C
879	0.00711	0.00712	C
880	0.0124	0.01242	C
881	0.00156	0.00173	T
882	0.0138	0.01436	A
883	0.0018	0.00184	T
884	0.0017	0.00176	T
885	0.01075	0.02197	A
886	0.02066	0.02104	C
887	0.0015	0.00174	T
888	0.01387	0.01458	A
889	0.00154	0.00169	T
890	0.01243	0.01259	C
891	0.0074	0.00749	C
892	0.00989	0.01487	A
893	0.00187	0.00212	T
894	0.01111	0.01118	C
895	0.00933	0.00947	C
896	0.002	0.00346	T
897	0.0109	0.01184	C
898	0.00607	0.01166	A
899	0.00173	0.00198	T
900	0.01459	0.01463	C
901	0.00934	0.00945	C
902	0.00205	0.00233	T
903	0.02391	0.02425	A
904	0.00168	0.00193	G
905	0.023	0.02329	C
906	0.01662	0.01669	A
907	0.01262	0.01269	A
908	0.00197	0.00211	T
909	0.01425	0.01426	A
910	0.0125	0.01461	A
911	0.00224	0.00255	T
912	0.01217	0.01235	C
913	0.00889	0.00894	C
914	0.00747	0.00752	C
915	0.00792	0.00797	C
916	0.00739	0.01016	A
917	0.00152	0.00173	T
918	0.00685	0.00688	C
919	0.00358	0.00365	C
920	0.00152	0.00183	T
921	0.00709	0.0071	C
922	0.00654	0.00659	C
923	0.00586	0.00836	A
924	0.00127	0.00144	T
925	0.00656	0.00698	A
926	0.00153	0.00184	T
927	0.00852	0.00892	A
928	0.00173	0.00215	T
929	0.01143	0.01158	C
930	0.01315	0.01323	C
931	0.00736	0.00746	A
932	0.01701	0.01708	A
933	0.01525	0.01529	A
934	0.03466	0.0374	C
935	0.01795	0.018	A
936	0.01626	0.0165	A
937	0.03313	0.03469	C
938	0.01507	0.01509	A
939	0.01767	0.01768	A
940	0.02456	0.02497	A
941	0.00369	0.00483	G
942	0.02332	0.02365	C
943	0.01638	0.01677	A
944	0.00227	0.00249	T
945	0.01666	0.01667	A
946	0.01335	0.0148	A
947	0.00161	0.00181	T
948	0.01577	0.01645	A
949	0.00069	0.0007	T
950	0.00138	0.00141	T
951	0.00281	0.00284	T
952	0.01605	0.01705	C
953	0.00365	0.00387	G
954	0.00634	0.00635	C
955	0.00498	0.00502	C
956	0.00657	0.00659	C
957	0.01078	0.01581	A
958	0.01367	0.01396	C
959	0.00243	0.00273	T
960	0.00593	0.00602	A
961	0.00758	0.00832	A
962	0.00206	0.00242	G
963	0.00485	0.00486	C
964	0.00621	0.00624	C
965	0.00784	0.0079	A
966	0.01224	0.01233	A
967	0.00162	0.00288	T
968	0.02165	0.02185	C
969	0.01739	0.01762	A
970	0.02889	0.02962	C
971	0.00162	0.00167	T
972	0.00226	0.00229	T
973	0.00206	0.0021	T
974	0.01374	0.01587	A
975	0.00241	0.00244	T
976	0.00219	0.00225	T
977	0.00144	0.00186	G
978	0.01639	0.01681	A
979	0.01148	0.01175	C
980	0.00119	0.00142	T
981	0.01177	0.01187	C
982	0.00477	0.00501	C
983	0.00219	0.00259	T
984	0.01559	0.01712	A
985	0.00217	0.00262	G
986	0.01998	0.02011	C
987	0.01522	0.01534	C
988	0.00432	0.00646	G
989	0.03694	0.03767	C
990	0.02214	0.0243	A
991	0.00214	0.00235	G
992	0.02666	0.0274	A
993	0.0061	0.00617	C
994	0.00394	0.00405	C
995	0.00098	0.00124	T
996	0.00346	0.00351	C
997	0.00382	0.00393	C
998	0.00128	0.00229	T
999	0.0272	0.02761	C
1000	0.01038	0.01365	A
1001	0.001	0.00102	T
1002	0.00097	0.00101	T
1003	0.00535	0.00802	C
1004	0.00195	0.00228	T
1005	0.02648	0.02705	A
1006	0.02973	0.02995	A
1007	0.04703	0.04714	C
1008	0.02582	0.02596	C
1009	0.00188	0.00218	T
1010	0.00249	0.00273	G
1011	0.00658	0.00668	A
1012	0.00539	0.00547	A
1013	0.0007	0.00097	T
1014	0.05567	0.0559	C
1015	0.002	0.00204	G
1016	0.00123	0.00127	G
1017	0.00599	0.00644	A
1018	0.00298	0.003	G
1019	0.00211	0.00214	G
1020	0.01223	0.02339	A
1021	0.02175	0.02328	C
1022	0.02319	0.02321	A
1023	0.02675	0.02707	A
1024	0.03277	0.03282	C
1025	0.01718	0.0172	C
1026	0.01555	0.02022	A
1027	0.00314	0.00334	G
1028	0.00113	0.00152	T
1029	0.01601	0.01604	A
1030	0.0144	0.01466	A
1031	0.00156	0.00176	G
1032	0.00383	0.00449	C
1033	0.00106	0.00165	T
1034	0.00848	0.00881	A
1035	0.01198	0.01202	C
1036	0.00781	0.00791	C
1037	0.01448	0.01452	C
1038	0.00115	0.00118	T
1039	0.00182	0.00186	T
1040	0.00175	0.00178	T
1041	0.00199	0.00205	T
1042	0.01652	0.02112	A
1043	0.01542	0.01548	C
1044	0.00746	0.00752	C
1045	0.01588	0.01893	A
1046	0.00176	0.00235	T
1047	0.01896	0.01916	C
1048	0.02014	0.02102	A
1049	0.00263	0.00265	T
1050	0.00187	0.00193	T
1051	0.0015	0.00153	G
1052	0.00139	0.00145	G
1053	0.0146	0.02337	A
1054	0.02283	0.02316	C
1055	0.01717	0.01722	A
1056	0.01695	0.01729	A
1057	0.00276	0.00303	G
1058	0.00074	0.00101	T
1059	0.00629	0.00658	A
1060	0.00507	0.00568	G
1061	0.00601	0.00679	C
1062	0.01335	0.01405	A
1063	0.00114	0.00134	T
1064	0.00784	0.00788	C
1065	0.00815	0.00817	C
1066	0.00331	0.00397	G
1067	0.00126	0.0015	T
1068	0.01282	0.01311	A
1069	0.0145	0.01489	C
1070	0.00146	0.00166	T
1071	0.01131	0.01193	A
1072	0.00126	0.00159	T
1073	0.01032	0.0108	A
1074	0.01917	0.02009	C
1075	0.00183	0.00187	T
1076	0.00222	0.00235	T
1077	0.01199	0.0128	C
1078	0.01536	0.01587	A
1079	0.02334	0.02456	C
1080	0.01486	0.01497	A
1081	0.01677	0.01717	A
1082	0.02554	0.02666	C
1083	0.01051	0.01053	A
1084	0.01201	0.01272	A
1085	0.00191	0.00218	T
1086	0.01334	0.01335	C
1087	0.00854	0.00863	C
1088	0.00235	0.00299	T
1089	0.00552	0.00611	A
1090	0.01186	0.01205	A
1091	0.00211	0.00231	T
1092	0.01213	0.01219	C
1093	0.00834	0.00841	C
1094	0.00253	0.00278	T
1095	0.01377	0.01398	A
1096	0.01179	0.01201	A
1097	0.00432	0.00493	T
1098	0.01625	0.01652	A
1099	0.02071	0.02089	C
1100	0.0114	0.01151	C
1101	0.00857	0.00859	A
1102	0.01262	0.01269	A
1103	0.01364	0.01407	C
1104	0.00256	0.00276	T
1105	0.00688	0.007	A
1106	0.00318	0.00334	T
1107	0.00937	0.00961	C
1108	0.00701	0.00771	T
1109	0.00569	0.00574	C
1110	0.01146	0.01146	C
1111	0.02377	0.02377	C
1112	0.00303	0.00312	T
1113	0.01258	0.01285	A
1114	0.0192	0.01932	A
1115	0.00399	0.00399	T
1116	0.003	0.003	T
1117	0.00253	0.00263	G
1118	0.02073	0.02079	A
1119	0.01177	0.01177	A
1120	0.01824	0.01824	A
1121	0.01551	0.01562	A
1122	0.02428	0.03036	C
1123	0.01514	0.01514	A
1124	0.00887	0.00887	A
1125	0.01373	0.01373	A
1126	0.00821	0.00821	A
1127	0.00146	0.00162	T
1128	0.01518	0.01555	A
1129	0.01289	0.01328	C
1130	0.00134	0.00143	T
1131	0.00587	0.00587	C
1132	0.00277	0.00288	A
1133	0.00611	0.00611	A
1134	0.02929	0.02929	A
1135	0.1232	0.13274	T
1136	0.0116	0.0116	G
1137	0.00336	0.00336	G
1138	0.00191	0.00191	G
1139	0.0011	0.0011	C
1140	0.00015	0.00015	C
1141	0.0	0.0	T
1142	0.0	0.0	A
1143	0.0	0.0	A
