Position	Mismatches	Mismatches + Deletions	Base
1	0.0	0.0	A
2	0.0	0.0	T
3	0.0	0.0	G
4	0.00563	0.00563	C
5	0.00172	0.00172	C
6	0.00255	0.00255	C
7	0.00603	0.00603	C
8	0.0009	0.00117	T
9	0.00857	0.00858	C
10	0.00407	0.00514	A
11	0.001	0.001	T
12	0.00138	0.00138	T
13	0.0017	0.0017	T
14	0.01171	0.01271	A
15	0.02171	0.02178	C
16	0.01149	0.01157	A
17	0.00174	0.00186	T
18	0.00872	0.00872	A
19	0.01061	0.01061	A
20	0.01047	0.01077	A
21	0.00157	0.00182	T
22	0.01157	0.01165	A
23	0.00122	0.00123	T
24	0.00107	0.00109	T
25	0.00449	0.01036	A
26	0.00094	0.00101	T
27	0.00929	0.00977	A
28	0.01113	0.0113	C
29	0.00102	0.00107	T
30	0.00771	0.00786	A
31	0.00139	0.00167	G
32	0.01005	0.01016	C
33	0.00683	0.00701	A
34	0.00081	0.00083	T
35	0.00095	0.00096	T
36	0.00101	0.00101	T
37	0.01122	0.01236	A
38	0.0146	0.01462	C
39	0.00811	0.00814	C
40	0.01055	0.01254	A
41	0.00132	0.00143	T
42	0.01208	0.01215	C
43	0.00135	0.00199	T
44	0.01228	0.01233	C
45	0.01228	0.01256	A
46	0.01091	0.01099	C
47	0.00065	0.00066	T
48	0.00068	0.00069	T
49	0.0047	0.0051	C
50	0.00067	0.0007	T
51	0.00534	0.00547	A
52	0.00041	0.00042	G
53	0.00083	0.00083	G
54	0.00673	0.00675	A
55	0.00405	0.00408	A
56	0.00091	0.00101	T
57	0.00546	0.00574	A
58	0.0058	0.00592	C
59	0.00058	0.00062	T
60	0.00201	0.00208	A
61	0.00081	0.00085	G
62	0.00052	0.00055	T
63	0.0019	0.00197	A
64	0.00051	0.00055	T
65	0.00333	0.00348	A
66	0.00054	0.00058	T
67	0.00818	0.00828	C
68	0.00185	0.0019	G
69	0.01019	0.01026	C
70	0.00126	0.00173	T
71	0.01058	0.01065	C
72	0.00909	0.00975	A
73	0.01654	0.01669	C
74	0.01551	0.01569	A
75	0.01651	0.01651	C
76	0.01083	0.01087	C
77	0.00171	0.00203	T
78	0.01164	0.01167	C
79	0.00965	0.01022	A
80	0.00118	0.0014	T
81	0.01078	0.01143	A
82	0.00098	0.00102	T
83	0.00905	0.00907	C
84	0.00536	0.00539	C
85	0.00105	0.00143	T
86	0.0119	0.0119	C
87	0.00975	0.00975	C
88	0.00858	0.00867	C
89	0.00123	0.00139	T
90	0.00999	0.01016	A
91	0.01532	0.01545	C
92	0.00138	0.00145	T
93	0.00702	0.00962	A
94	0.00126	0.0013	T
95	0.00127	0.00134	G
96	0.00811	0.00812	C
97	0.00503	0.00505	C
98	0.00091	0.00096	T
99	0.00559	0.00569	A
100	0.00111	0.0012	G
101	0.01169	0.01171	A
102	0.0061	0.00618	A
103	0.00155	0.00157	G
104	0.00143	0.00144	G
105	0.00897	0.009	A
106	0.01208	0.01211	A
107	0.00201	0.00221	T
108	0.0135	0.01352	A
109	0.01136	0.01218	A
110	0.00161	0.00169	T
111	0.01618	0.01634	A
112	0.01492	0.01527	C
113	0.00137	0.00141	T
114	0.01132	0.01209	A
115	0.00123	0.00129	T
116	0.01668	0.01684	C
117	0.0016	0.00165	G
118	0.00464	0.00471	C
119	0.00079	0.00081	T
120	0.00284	0.00302	G
121	0.00079	0.00079	T
122	0.00083	0.00084	T
123	0.01063	0.01087	C
124	0.01218	0.01227	A
125	0.0012	0.0012	T
126	0.00132	0.00132	T
127	0.00617	0.01024	A
128	0.00095	0.00099	T
129	0.00767	0.00784	A
130	0.0017	0.00177	G
131	0.00402	0.00415	C
132	0.00105	0.00113	T
133	0.01166	0.0121	A
134	0.01135	0.01145	C
135	0.001	0.00123	T
136	0.00846	0.00858	C
137	0.00119	0.00163	T
138	0.00932	0.00941	C
139	0.0117	0.01216	A
140	0.00203	0.00265	T
141	0.01387	0.01389	A
142	0.01336	0.01523	A
143	0.01374	0.01384	C
144	0.00575	0.00576	C
145	0.00744	0.00748	C
146	0.00143	0.0017	T
147	0.01032	0.01041	C
148	0.01376	0.01408	A
149	0.01664	0.01685	A
150	0.01751	0.01796	C
151	0.01228	0.01247	A
152	0.01344	0.01345	C
153	0.01218	0.01219	C
154	0.01272	0.01279	C
155	0.01102	0.01389	A
156	0.01284	0.01302	C
157	0.00131	0.00167	T
158	0.01488	0.01488	C
159	0.01031	0.01031	C
160	0.01711	0.01723	C
161	0.00121	0.0014	T
162	0.0068	0.00689	C
163	0.00168	0.0017	T
164	0.00124	0.00127	T
165	0.01013	0.01803	A
166	0.00107	0.00115	G
167	0.00472	0.00473	C
168	0.00534	0.00536	C
169	0.0075	0.00754	A
170	0.01066	0.01069	A
171	0.00125	0.00129	T
172	0.00883	0.00892	A
173	0.00144	0.00144	T
174	0.00155	0.00155	T
175	0.00194	0.00204	G
176	0.0009	0.001	T
177	0.00154	0.00158	G
178	0.01278	0.01281	C
179	0.00901	0.00904	C
180	0.00155	0.00161	T
181	0.00861	0.00929	A
182	0.00108	0.0011	T
183	0.00133	0.00137	T
184	0.00123	0.00135	G
185	0.0278	0.02784	C
186	0.01523	0.01527	C
187	0.00552	0.01415	A
188	0.00151	0.00156	T
189	0.05643	0.05666	A
190	0.00568	0.00577	C
191	0.00062	0.00068	T
192	0.00406	0.00432	A
193	0.00087	0.00096	G
194	0.00061	0.00066	T
195	0.02193	0.02204	C
196	0.00119	0.00121	T
197	0.00154	0.00155	T
198	0.00217	0.00218	T
199	0.00249	0.00266	G
200	0.00392	0.00393	C
201	0.0033	0.00332	C
202	0.00393	0.0041	G
203	0.01484	0.01486	C
204	0.00604	0.00609	C
205	0.00151	0.00163	T
206	0.00224	0.0025	G
207	0.0051	0.00523	C
208	0.00371	0.00423	G
209	0.02122	0.02197	A
210	0.02207	0.02214	A
211	0.00382	0.00422	G
212	0.00337	0.00353	C
213	0.00596	0.00614	A
214	0.00204	0.00211	G
215	0.00433	0.00437	C
216	0.00321	0.00323	G
217	0.00255	0.00258	G
218	0.00058	0.00061	T
219	0.00272	0.00272	G
220	0.00216	0.00216	G
221	0.00251	0.00251	G
222	0.0034	0.00341	C
223	0.00686	0.00691	C
224	0.00121	0.00147	T
225	0.01536	0.01693	A
226	0.00283	0.00292	G
227	0.00988	0.00989	C
228	0.00285	0.00286	C
229	0.003	0.00305	C
230	0.00138	0.00148	T
231	0.00692	0.00701	A
232	0.00381	0.00388	C
233	0.0005	0.00053	T
234	0.00348	0.00369	A
235	0.00092	0.00098	G
236	0.0006	0.00069	T
237	0.01198	0.01203	C
238	0.0011	0.00144	T
239	0.00755	0.00764	C
240	0.00851	0.00879	A
241	0.0085	0.00861	A
242	0.00104	0.0011	T
243	0.02319	0.02326	C
244	0.00143	0.00156	T
245	0.01667	0.01668	C
246	0.01637	0.01644	C
247	0.01598	0.01634	A
248	0.02213	0.02216	A
249	0.01295	0.01314	C
250	0.00684	0.00708	A
251	0.01147	0.01175	C
252	0.00728	0.00752	A
253	0.00085	0.00101	T
254	0.00841	0.0086	A
255	0.00089	0.00091	T
256	0.00086	0.00087	G
257	0.00076	0.00076	G
258	0.00375	0.00376	C
259	0.00418	0.0042	C
260	0.00076	0.00091	T
261	0.00673	0.00709	A
262	0.00174	0.00189	G
263	0.00697	0.00715	A
264	0.01581	0.01604	C
265	0.00107	0.00125	T
266	0.01147	0.01167	A
267	0.01847	0.01871	C
268	0.00349	0.0037	G
269	0.00127	0.00151	T
270	0.01236	0.01258	A
271	0.01991	0.02012	C
272	0.01302	0.0135	A
273	0.0015	0.00209	T
274	0.01427	0.01429	A
275	0.01382	0.01488	A
276	0.01812	0.01832	C
277	0.00976	0.00994	C
278	0.00162	0.00199	T
279	0.00443	0.00461	A
280	0.00956	0.00964	A
281	0.0165	0.01663	A
282	0.00926	0.00933	C
283	0.00449	0.00464	C
284	0.0013	0.00151	T
285	0.00572	0.00631	A
286	0.0065	0.00685	C
287	0.00096	0.00112	T
288	0.00578	0.00579	C
289	0.00773	0.00777	C
290	0.01121	0.01135	A
291	0.01076	0.0108	A
292	0.00198	0.00213	T
293	0.00171	0.00184	G
294	0.01375	0.01397	C
295	0.00176	0.00195	T
296	0.00813	0.00819	A
297	0.00805	0.00807	A
298	0.01124	0.01132	A
299	0.02246	0.02251	A
300	0.00927	0.01137	C
301	0.00137	0.00155	T
302	0.00468	0.00471	A
303	0.00665	0.00668	A
304	0.00101	0.00117	T
305	0.00639	0.00661	C
306	0.0029	0.00323	G
307	0.0012	0.00146	T
308	0.00389	0.00391	C
309	0.0069	0.00692	C
310	0.01245	0.01254	C
311	0.01038	0.01046	A
312	0.0101	0.01012	A
313	0.0215	0.02184	C
314	0.00836	0.00838	A
315	0.01033	0.01042	A
316	0.00126	0.00132	T
317	0.00127	0.0013	T
318	0.00572	0.011	A
319	0.00115	0.00124	T
320	0.00994	0.0106	A
321	0.00149	0.00151	T
322	0.00212	0.00216	T
323	0.00675	0.01058	A
324	0.01011	0.01041	C
325	0.00177	0.00189	T
326	0.01045	0.01064	A
327	0.00938	0.00945	C
328	0.00591	0.00594	C
329	0.01068	0.01381	A
330	0.01004	0.01026	C
331	0.00164	0.00183	T
332	0.00155	0.0018	G
333	0.00875	0.009	A
334	0.00748	0.00776	C
335	0.0064	0.00662	A
336	0.0016	0.00183	T
337	0.00119	0.00143	G
338	0.00579	0.00601	A
339	0.00611	0.00635	C
340	0.00059	0.00064	T
341	0.00082	0.00088	T
342	0.00102	0.00104	T
343	0.00412	0.00415	C
344	0.00871	0.00878	C
345	0.00047	0.00051	A
346	0.00236	0.0024	A
347	0.0081	0.00814	A
348	0.00637	0.00641	A
349	0.00975	0.00977	A
350	0.00541	0.00543	A
351	0.02739	0.02909	C
352	0.01102	0.01134	A
353	0.02055	0.02084	C
354	0.01246	0.01278	A
355	0.00272	0.0033	T
356	0.01278	0.01279	A
357	0.01319	0.01419	A
358	0.00154	0.00158	T
359	0.00168	0.00173	T
360	0.00181	0.00185	T
361	0.00183	0.00234	G
362	0.01486	0.01491	A
363	0.02108	0.0211	A
364	0.00175	0.0021	T
365	0.01497	0.01528	C
366	0.01392	0.01397	A
367	0.01177	0.01181	A
368	0.01837	0.01882	C
369	0.01056	0.011	A
370	0.01306	0.01486	C
371	0.00952	0.00952	A
372	0.01204	0.01228	A
373	0.01231	0.0124	C
374	0.00661	0.00668	C
375	0.00882	0.01176	A
376	0.01092	0.01094	C
377	0.00943	0.00945	C
378	0.00851	0.00858	C
379	0.00761	0.00925	A
380	0.01445	0.01495	C
381	0.00961	0.01105	A
382	0.00195	0.00211	G
383	0.01171	0.01172	C
384	0.00505	0.00506	C
385	0.00169	0.00186	T
386	0.00597	0.00603	A
387	0.00855	0.00858	A
388	0.00123	0.00124	T
389	0.00126	0.00128	T
390	0.00534	0.01326	A
391	0.00117	0.00118	T
392	0.00105	0.00106	T
393	0.00787	0.00981	A
394	0.00141	0.0018	G
395	0.00588	0.00618	C
396	0.00666	0.00694	A
397	0.0007	0.00104	T
398	0.00543	0.00573	C
399	0.0064	0.00692	A
400	0.00094	0.00112	T
401	0.00358	0.00361	C
402	0.00302	0.00303	C
403	0.00808	0.00811	C
404	0.00094	0.00108	T
405	0.0076	0.00779	C
406	0.00133	0.00148	T
407	0.00819	0.0085	A
408	0.01081	0.01138	C
409	0.00128	0.00166	T
410	0.00146	0.00173	A
411	0.0004	0.0004	T
412	0.0004	0.00041	T
413	0.00063	0.00064	T
414	0.00099	0.00099	T
415	0.00137	0.00138	T
416	0.00123	0.00126	T
417	0.00813	0.00838	A
418	0.01025	0.01033	A
419	0.01462	0.01481	C
420	0.0097	0.00976	C
421	0.00682	0.0069	A
422	0.01199	0.01211	A
423	0.01124	0.01144	A
424	0.0022	0.00291	T
425	0.01846	0.01882	C
426	0.01471	0.01477	A
427	0.01394	0.01403	A
428	0.02462	0.02539	C
429	0.01237	0.01241	A
430	0.01081	0.01107	A
431	0.02314	0.0238	C
432	0.01261	0.01262	A
433	0.01486	0.01519	A
434	0.02091	0.02094	C
435	0.0107	0.01083	C
436	0.00149	0.00167	T
437	0.01393	0.0144	A
438	0.00129	0.0013	T
439	0.00154	0.00155	T
440	0.00156	0.00158	T
441	0.01159	0.01286	A
442	0.00144	0.00158	G
443	0.0074	0.00754	C
444	0.00094	0.00101	T
445	0.00369	0.00407	G
446	0.0007	0.00071	T
447	0.00077	0.00082	T
448	0.00624	0.00631	C
449	0.00637	0.00641	C
450	0.01059	0.01062	C
451	0.01618	0.01633	C
452	0.01127	0.01179	A
453	0.01689	0.01695	A
454	0.01861	0.01866	C
455	0.01031	0.01037	C
456	0.00139	0.00146	T
457	0.00081	0.00083	T
458	0.00131	0.00134	T
459	0.00105	0.00106	T
460	0.0061	0.00617	C
461	0.00564	0.0057	C
462	0.00212	0.0023	T
463	0.00928	0.0093	C
464	0.01111	0.01122	C
465	0.00322	0.00407	G
466	0.01928	0.02014	A
467	0.00951	0.00955	C
468	0.01008	0.01014	C
469	0.01369	0.01375	C
470	0.01378	0.0138	C
471	0.01039	0.01044	C
472	0.00283	0.00346	T
473	0.0172	0.01746	A
474	0.0216	0.02187	A
475	0.01616	0.0167	C
476	0.01193	0.01205	A
477	0.01172	0.0145	A
478	0.00676	0.00684	C
479	0.0056	0.00568	C
480	0.0077	0.00775	C
481	0.0079	0.00793	C
482	0.00583	0.00586	C
483	0.00749	0.00755	C
484	0.0045	0.00479	T
485	0.00904	0.00905	C
486	0.0074	0.00748	C
487	0.00584	0.00634	T
488	0.01224	0.01241	A
489	0.01174	0.01185	A
490	0.00729	0.00758	T
491	0.01679	0.01707	A
492	0.02257	0.02313	C
493	0.00759	0.00795	T
494	0.01495	0.01505	A
495	0.01625	0.01651	A
496	0.02053	0.02128	C
497	0.01205	0.01227	T
498	0.01721	0.01766	A
499	0.01905	0.01912	C
500	0.0105	0.01068	C
501	0.01159	0.01183	T
502	0.00574	0.00613	G
503	0.01541	0.01567	A
504	0.00834	0.00858	C
505	0.00799	0.00815	T
506	0.00677	0.00678	C
507	0.0051	0.00525	C
508	0.00884	0.00935	T
509	0.00855	0.00938	A
510	0.01359	0.01362	C
511	0.00886	0.00895	C
512	0.00725	0.00727	C
513	0.01219	0.01226	C
514	0.01375	0.01439	T
515	0.01449	0.01477	C
516	0.01128	0.0119	A
517	0.02532	0.02596	C
518	0.01348	0.01364	A
519	0.01475	0.01496	A
520	0.01869	0.0194	T
521	0.02474	0.02494	C
522	0.01894	0.01937	A
523	0.01546	0.01563	T
524	0.00544	0.00549	G
525	0.00608	0.00613	G
526	0.00419	0.0049	C
527	0.01476	0.01491	A
528	0.01659	0.01667	A
529	0.00982	0.01026	G
530	0.02131	0.02137	C
531	0.02051	0.02066	C
532	0.01399	0.01413	A
533	0.01806	0.01816	A
534	0.02168	0.02229	C
535	0.01398	0.01442	G
536	0.00227	0.00229	C
537	0.00155	0.0016	C
538	0.00596	0.00924	A
539	0.02383	0.02417	C
540	0.00917	0.00929	T
541	0.00716	0.00723	T
542	0.00438	0.0124	A
543	0.00594	0.00625	T
544	0.01613	0.01618	C
545	0.01224	0.01228	C
546	0.00912	0.01114	A
547	0.00613	0.0063	G
548	0.00394	0.0041	T
549	0.00429	0.00457	G
550	0.00498	0.00522	A
551	0.01466	0.0147	A
552	0.01854	0.01861	C
553	0.01038	0.01045	C
554	0.00782	0.01314	A
555	0.01811	0.01848	C
556	0.00622	0.00653	T
557	0.0111	0.01141	A
558	0.00415	0.0045	T
559	0.00885	0.00926	C
560	0.00791	0.00811	A
561	0.01554	0.016	C
562	0.00907	0.00954	G
563	0.00049	0.00055	A
564	0.00037	0.00042	A
565	0.00276	0.00282	A
566	0.00803	0.00807	A
567	0.0045	0.00453	A
568	0.00441	0.00442	A
569	0.00562	0.00562	A
570	0.01461	0.01563	C
571	0.00628	0.00644	T
572	0.01	0.01023	C
573	0.00269	0.00293	T
574	0.01238	0.01281	A
575	0.01361	0.01375	C
576	0.00719	0.00734	C
577	0.00199	0.00218	T
578	0.0082	0.0084	C
579	0.00187	0.00197	T
580	0.00915	0.00937	C
581	0.00185	0.002	T
582	0.01109	0.01171	A
583	0.00172	0.00189	T
584	0.01685	0.0172	A
585	0.01031	0.01069	C
586	0.00186	0.002	T
587	0.00673	0.00677	A
588	0.00646	0.00659	A
589	0.00173	0.0019	T
590	0.005	0.00522	C
591	0.00138	0.00154	T
592	0.00531	0.00534	C
593	0.0053	0.00531	C
594	0.00635	0.00642	C
595	0.0019	0.0021	T
596	0.00688	0.00706	A
597	0.01059	0.01086	C
598	0.00417	0.00419	A
599	0.00773	0.00775	A
600	0.00689	0.00695	A
601	0.00179	0.00202	T
602	0.00832	0.00847	C
603	0.00133	0.00147	T
604	0.00921	0.00922	C
605	0.0104	0.0105	C
606	0.00163	0.00164	T
607	0.00193	0.00199	T
608	0.00512	0.00535	A
609	0.01071	0.01075	A
610	0.00154	0.00155	T
611	0.00155	0.00158	T
612	0.00777	0.01461	A
613	0.00165	0.00186	T
614	0.01466	0.01468	A
615	0.01339	0.0138	A
616	0.01104	0.01131	C
617	0.00806	0.00822	A
618	0.00106	0.00108	T
619	0.00092	0.00097	T
620	0.00387	0.0041	C
621	0.00589	0.00682	A
622	0.00517	0.00568	C
623	0.00656	0.00743	A
624	0.00371	0.00399	G
625	0.00339	0.00342	C
626	0.00448	0.00453	C
627	0.00796	0.01107	A
628	0.01742	0.01756	C
629	0.012	0.01249	A
630	0.00229	0.00246	G
631	0.01028	0.01029	A
632	0.01045	0.01051	A
633	0.01564	0.01595	C
634	0.00184	0.00199	T
635	0.00805	0.00808	A
636	0.00896	0.009	A
637	0.00183	0.00223	T
638	0.01382	0.01426	C
639	0.00908	0.00946	A
640	0.00155	0.00167	T
641	0.00468	0.00489	A
642	0.001	0.00101	T
643	0.00129	0.0013	T
644	0.00128	0.00129	T
645	0.00148	0.00149	T
646	0.00785	0.01119	A
647	0.00141	0.00155	T
648	0.01086	0.01131	A
649	0.00112	0.00127	T
650	0.0119	0.01218	C
651	0.00113	0.00113	T
652	0.00097	0.001	T
653	0.00803	0.01018	C
654	0.00146	0.00147	T
655	0.00131	0.00133	T
656	0.01033	0.01094	C
657	0.00304	0.00334	G
658	0.00711	0.00729	A
659	0.01134	0.01141	A
660	0.01237	0.0124	A
661	0.01717	0.01726	C
662	0.01101	0.01107	C
663	0.00854	0.01834	A
664	0.01765	0.01797	C
665	0.01174	0.01282	A
666	0.0156	0.01601	C
667	0.0019	0.00199	T
668	0.00188	0.00194	T
669	0.00626	0.01204	A
670	0.00208	0.00232	T
671	0.01202	0.01225	C
672	0.00872	0.00877	C
673	0.01217	0.01219	C
674	0.01598	0.01604	C
675	0.01262	0.01502	A
676	0.02374	0.02375	C
677	0.01453	0.01458	C
678	0.0019	0.00193	T
679	0.00132	0.00136	T
680	0.00079	0.00083	G
681	0.0016	0.00163	G
682	0.00328	0.0036	C
683	0.00074	0.00094	T
684	0.0197	0.01998	A
685	0.00078	0.00105	T
686	0.00453	0.00477	C
687	0.00522	0.00556	A
688	0.00096	0.00183	T
689	0.00453	0.00484	C
690	0.02226	0.02264	A
691	0.02804	0.02808	C
692	0.02064	0.02068	C
693	0.02382	0.02386	C
694	0.00216	0.0027	G
695	0.00412	0.00445	A
696	0.00079	0.00104	T
697	0.00122	0.0015	G
698	0.00673	0.00699	A
699	0.00259	0.00264	G
700	0.00295	0.00302	G
701	0.01756	0.01789	C
702	0.01766	0.01779	A
703	0.01736	0.01747	A
704	0.02891	0.02902	C
705	0.01944	0.0195	C
706	0.00771	0.0099	A
707	0.00148	0.00171	G
708	0.00541	0.00546	C
709	0.00411	0.00418	C
710	0.00998	0.01351	A
711	0.00202	0.00231	G
712	0.02393	0.02402	A
713	0.01935	0.01967	A
714	0.02469	0.0256	C
715	0.00231	0.00247	G
716	0.00294	0.00297	C
717	0.0015	0.00154	C
718	0.00089	0.001	T
719	0.00272	0.00293	G
720	0.02776	0.0279	A
721	0.01995	0.02002	A
722	0.02548	0.0258	C
723	0.0039	0.00415	G
724	0.00348	0.00391	C
725	0.00296	0.00318	A
726	0.00108	0.00109	G
727	0.00354	0.00357	G
728	0.00152	0.0017	C
729	0.01417	0.01487	A
730	0.02345	0.02363	C
731	0.00784	0.00849	A
732	0.00156	0.00165	T
733	0.01269	0.01279	A
734	0.02233	0.02268	C
735	0.00142	0.00144	T
736	0.00117	0.00117	T
737	0.01274	0.01275	C
738	0.00874	0.00882	C
739	0.00162	0.00177	T
740	0.01552	0.01641	A
741	0.00174	0.00174	T
742	0.00166	0.00169	T
743	0.01318	0.01465	C
744	0.00235	0.00262	T
745	0.01465	0.01628	A
746	0.01968	0.02018	C
747	0.01843	0.01955	A
748	0.02633	0.02636	C
749	0.01649	0.0165	C
750	0.01081	0.01084	C
751	0.00141	0.00161	T
752	0.00999	0.01025	A
753	0.00114	0.00128	G
754	0.00062	0.00084	T
755	0.00363	0.00384	A
756	0.00066	0.00069	G
757	0.00229	0.00233	G
758	0.01543	0.01584	C
759	0.00118	0.00132	T
760	0.00986	0.00988	C
761	0.00865	0.00867	C
762	0.00897	0.00907	C
763	0.00115	0.00118	T
764	0.00111	0.00115	T
765	0.00778	0.00782	C
766	0.01103	0.01106	C
767	0.00418	0.00419	C
768	0.00289	0.00292	C
769	0.00098	0.00128	T
770	0.00529	0.00553	A
771	0.00281	0.00301	C
772	0.00069	0.001	T
773	0.01083	0.0111	C
774	0.00569	0.00628	A
775	0.00266	0.00289	T
776	0.01033	0.01059	C
777	0.00453	0.00477	G
778	0.01508	0.01535	C
779	0.0118	0.01198	A
780	0.01726	0.01751	C
781	0.00248	0.00275	T
782	0.01003	0.01008	A
783	0.00888	0.00894	A
784	0.00198	0.00203	T
785	0.00296	0.00299	T
786	0.00207	0.0021	T
787	0.01477	0.01659	A
788	0.0206	0.02092	C
789	0.01571	0.01591	A
790	0.01774	0.01803	C
791	0.00215	0.00288	T
792	0.01412	0.01436	C
793	0.01239	0.01305	A
794	0.02119	0.02185	C
795	0.01361	0.01375	A
796	0.01482	0.01516	A
797	0.01892	0.01982	C
798	0.0143	0.01462	A
799	0.01652	0.01653	C
800	0.01135	0.01135	C
801	0.00738	0.0074	C
802	0.00149	0.00164	T
803	0.01127	0.01161	A
804	0.00084	0.00087	G
805	0.00224	0.00226	G
806	0.0042	0.00443	C
807	0.00086	0.00123	T
808	0.00678	0.00701	C
809	0.00776	0.00795	A
810	0.0196	0.01985	C
811	0.00149	0.00168	T
812	0.0106	0.01068	A
813	0.01227	0.01238	A
814	0.01171	0.01176	A
815	0.01998	0.02111	C
816	0.01477	0.01493	A
817	0.00146	0.0015	T
818	0.00134	0.00137	T
819	0.01256	0.01413	C
820	0.00174	0.00186	T
821	0.01532	0.01574	A
822	0.0192	0.01964	C
823	0.00161	0.00187	T
824	0.01385	0.01451	A
825	0.01709	0.01763	C
826	0.00201	0.00284	T
827	0.01303	0.01347	C
828	0.0149	0.01528	A
829	0.0147	0.01503	C
830	0.00137	0.00155	T
831	0.00999	0.01032	C
832	0.00166	0.00201	T
833	0.01006	0.01026	C
834	0.00765	0.00786	A
835	0.01107	0.01143	C
836	0.00524	0.00564	T
837	0.00341	0.00369	G
838	0.00374	0.00375	C
839	0.0094	0.0094	C
840	0.00921	0.00922	C
841	0.00755	0.00759	A
842	0.00957	0.00961	A
843	0.00301	0.0033	G
844	0.01589	0.01591	A
845	0.0125	0.01258	A
846	0.01752	0.01791	C
847	0.00202	0.00224	T
848	0.01309	0.0136	A
849	0.00163	0.00209	T
850	0.02231	0.02268	C
851	0.01729	0.01734	A
852	0.01685	0.01704	A
853	0.02091	0.02095	A
854	0.01789	0.01921	C
855	0.00145	0.00158	T
856	0.01243	0.01244	C
857	0.0118	0.01188	C
858	0.00529	0.00552	T
859	0.00151	0.00195	G
860	0.00486	0.00516	A
861	0.0027	0.00289	G
862	0.00531	0.00534	C
863	0.0083	0.00847	C
864	0.01545	0.01561	A
865	0.01377	0.01381	A
866	0.03085	0.03163	C
867	0.01593	0.01595	A
868	0.01448	0.01458	A
869	0.02277	0.02346	C
870	0.00179	0.00194	T
871	0.00218	0.00223	T
872	0.01191	0.01204	A
873	0.01638	0.0165	A
874	0.00173	0.00188	T
875	0.01641	0.01673	A
876	0.00198	0.00213	T
877	0.00161	0.00178	G
878	0.01509	0.01524	A
879	0.01691	0.01711	C
880	0.0011	0.00122	T
881	0.00516	0.00537	A
882	0.00185	0.00199	G
883	0.0036	0.00388	C
884	0.00117	0.00123	T
885	0.0011	0.00116	T
886	0.00904	0.01742	A
887	0.02538	0.02585	C
888	0.01671	0.01696	A
889	0.03444	0.03492	C
890	0.0183	0.01832	A
891	0.01405	0.01426	A
892	0.00152	0.00171	T
893	0.00838	0.00857	A
894	0.0011	0.00124	G
895	0.00546	0.00566	C
896	0.00063	0.00066	T
897	0.00097	0.00098	T
898	0.00116	0.00117	T
899	0.0012	0.00121	T
900	0.00924	0.01374	A
901	0.0015	0.00165	T
902	0.01786	0.01831	A
903	0.00273	0.0029	G
904	0.00075	0.00092	T
905	0.00568	0.00571	A
906	0.00751	0.00754	A
907	0.00912	0.00921	A
908	0.00134	0.00153	G
909	0.01535	0.01622	A
910	0.00203	0.0022	T
911	0.02113	0.02139	A
912	0.0271	0.02727	C
913	0.01501	0.01509	C
914	0.00092	0.0011	T
915	0.00272	0.00293	C
916	0.00066	0.00066	T
917	0.00067	0.00067	T
918	0.00064	0.00065	T
919	0.00352	0.00405	A
920	0.00818	0.00838	C
921	0.00241	0.00243	G
922	0.00187	0.0019	G
923	0.0109	0.013	A
924	0.01162	0.01185	C
925	0.00124	0.00146	T
926	0.01106	0.01112	C
927	0.01524	0.01531	C
928	0.01153	0.01669	A
929	0.02373	0.02414	C
930	0.00197	0.00202	T
931	0.00218	0.0022	T
932	0.01104	0.01852	A
933	0.0024	0.00257	T
934	0.00128	0.00149	G
935	0.01543	0.01568	A
936	0.01282	0.01311	C
937	0.00124	0.00165	T
938	0.01324	0.01331	C
939	0.01729	0.01731	C
940	0.01777	0.01789	C
941	0.00165	0.00189	T
942	0.0119	0.01213	A
943	0.01584	0.01592	A
944	0.02395	0.02411	A
945	0.00155	0.0019	G
946	0.00767	0.00773	C
947	0.00365	0.00367	C
948	0.00589	0.00591	C
949	0.00635	0.00843	A
950	0.0017	0.0019	T
951	0.00207	0.00231	G
952	0.00228	0.00242	T
953	0.0065	0.00669	C
954	0.00305	0.0034	G
955	0.00858	0.00869	A
956	0.02264	0.02294	A
957	0.00462	0.00491	G
958	0.01753	0.01761	C
959	0.00566	0.00567	C
960	0.01391	0.01392	C
961	0.0204	0.02043	C
962	0.01441	0.01445	C
963	0.01495	0.01759	A
964	0.00088	0.00103	T
965	0.00938	0.00958	C
966	0.0032	0.00338	G
967	0.00741	0.00768	C
968	0.00105	0.00115	T
969	0.00086	0.00087	G
970	0.00119	0.00121	G
971	0.0016	0.00162	G
972	0.00094	0.00117	T
973	0.0234	0.02356	C
974	0.01579	0.01584	A
975	0.01119	0.01122	A
976	0.00129	0.00141	T
977	0.0055	0.00573	A
978	0.00239	0.00249	G
979	0.00058	0.00067	T
980	0.00545	0.00556	A
981	0.00327	0.00337	C
982	0.00072	0.00073	T
983	0.00282	0.00282	T
984	0.00194	0.00206	G
985	0.0148	0.01482	C
986	0.01373	0.01374	C
987	0.0033	0.00366	G
988	0.00694	0.00699	C
989	0.01382	0.01406	A
990	0.00357	0.0036	G
991	0.00079	0.00085	T
992	0.00943	0.00961	A
993	0.01353	0.01365	C
994	0.00124	0.00131	T
995	0.02835	0.02857	C
996	0.00182	0.00182	T
997	0.00178	0.00181	T
998	0.00776	0.00786	A
999	0.00886	0.00889	A
1000	0.01272	0.01274	A
1001	0.01608	0.01609	A
1002	0.01735	0.02162	C
1003	0.0011	0.00124	T
1004	0.0105	0.0109	A
1005	0.00078	0.00083	G
1006	0.00092	0.00095	G
1007	0.01245	0.0127	C
1008	0.00256	0.00257	G
1009	0.00333	0.00336	G
1010	0.00859	0.00885	C
1011	0.001	0.00118	T
1012	0.00902	0.00921	A
1013	0.00096	0.00108	T
1014	0.00161	0.00162	G
1015	0.00123	0.00125	G
1016	0.00075	0.0009	T
1017	0.00453	0.00472	A
1018	0.00082	0.00099	T
1019	0.00741	0.00743	A
1020	0.0057	0.00643	A
1021	0.00101	0.00115	T
1022	0.0144	0.01506	A
1023	0.02233	0.02285	C
1024	0.00297	0.00316	G
1025	0.00325	0.00327	C
1026	0.00127	0.00132	C
1027	0.0011	0.00194	T
1028	0.00365	0.00377	C
1029	0.00692	0.00791	A
1030	0.02246	0.02283	C
1031	0.00924	0.00954	A
1032	0.01521	0.01551	C
1033	0.0015	0.00169	T
1034	0.0109	0.01105	C
1035	0.0121	0.0129	A
1036	0.00152	0.00156	T
1037	0.00125	0.00128	T
1038	0.0097	0.01035	C
1039	0.00241	0.00291	T
1040	0.01135	0.01174	C
1041	0.01159	0.01188	A
1042	0.00928	0.00972	A
1043	0.00958	0.00963	C
1044	0.00882	0.00887	C
1045	0.01157	0.0116	C
1046	0.01373	0.01374	C
1047	0.01357	0.0136	C
1048	0.00359	0.00379	T
1049	0.00144	0.0016	G
1050	0.01413	0.01423	A
1051	0.02157	0.02214	C
1052	0.01264	0.01271	A
1053	0.00787	0.00791	A
1054	0.01323	0.01325	A
1055	0.0109	0.01095	A
1056	0.01769	0.02088	C
1057	0.01209	0.01234	A
1058	0.01547	0.01566	C
1059	0.01033	0.01098	A
1060	0.00243	0.00312	T
1061	0.00975	0.01002	A
1062	0.00199	0.00213	G
1063	0.00571	0.00573	C
1064	0.00325	0.0033	C
1065	0.00161	0.00195	T
1066	0.00741	0.008	A
1067	0.00767	0.0077	C
1068	0.00756	0.00763	C
1069	0.00865	0.00866	C
1070	0.0143	0.01431	C
1071	0.00124	0.00127	T
1072	0.00115	0.00119	T
1073	0.0111	0.01111	C
1074	0.01006	0.01007	C
1075	0.00249	0.00249	T
1076	0.00207	0.00208	T
1077	0.00194	0.00219	G
1078	0.00176	0.00189	T
1079	0.01601	0.01623	A
1080	0.02087	0.02113	C
1081	0.0018	0.00195	T
1082	0.01152	0.01356	A
1083	0.00167	0.00193	T
1084	0.01813	0.01823	C
1085	0.0155	0.01552	C
1086	0.01306	0.01308	C
1087	0.00201	0.0022	T
1088	0.01486	0.0151	A
1089	0.00153	0.00163	T
1090	0.00088	0.00108	G
1091	0.00547	0.00567	A
1092	0.00107	0.00108	G
1093	0.00151	0.00153	G
1094	0.00966	0.00979	C
1095	0.0108	0.01104	A
1096	0.00116	0.00132	T
1097	0.00908	0.00909	A
1098	0.01008	0.01069	A
1099	0.00106	0.0011	T
1100	0.00112	0.00116	T
1101	0.00489	0.00973	A
1102	0.00121	0.00139	T
1103	0.01066	0.01069	A
1104	0.01078	0.01102	A
1105	0.01604	0.01627	C
1106	0.0114	0.0114	A
1107	0.01248	0.01279	A
1108	0.00172	0.00194	G
1109	0.01203	0.01228	C
1110	0.00125	0.00137	T
1111	0.01144	0.01146	C
1112	0.00805	0.00813	C
1113	0.01171	0.01395	A
1114	0.00127	0.00145	T
1115	0.00995	0.01015	C
1116	0.00142	0.00162	T
1117	0.0026	0.00276	G
1118	0.00574	0.00577	C
1119	0.00221	0.00224	C
1120	0.00148	0.00164	T
1121	0.00873	0.00892	A
1122	0.01418	0.01437	C
1123	0.00225	0.0024	G
1124	0.01404	0.01423	A
1125	0.01917	0.01977	C
1126	0.01182	0.01192	A
1127	0.01324	0.01325	A
1128	0.01624	0.01632	A
1129	0.02175	0.02288	C
1130	0.01464	0.01563	A
1131	0.00176	0.00194	G
1132	0.01217	0.01229	A
1133	0.01789	0.01791	C
1134	0.00952	0.00959	C
1135	0.00196	0.00211	T
1136	0.00737	0.00741	A
1137	0.00532	0.00533	A
1138	0.01054	0.01057	A
1139	0.01468	0.01469	A
1140	0.00131	0.00153	T
1141	0.01595	0.0161	C
1142	0.00374	0.00385	G
1143	0.00456	0.00473	C
1144	0.00089	0.00123	T
1145	0.0135	0.01362	C
1146	0.00625	0.00679	A
1147	0.00126	0.00127	T
1148	0.001	0.00103	T
1149	0.00168	0.00212	G
1150	0.01529	0.01563	C
1151	0.01095	0.0113	A
1152	0.00168	0.00179	T
1153	0.01187	0.01215	A
1154	0.01964	0.01991	C
1155	0.00125	0.00134	T
1156	0.01286	0.01309	C
1157	0.00101	0.00103	T
1158	0.00117	0.00119	T
1159	0.00888	0.0091	C
1160	0.00869	0.00879	A
1161	0.00996	0.01003	A
1162	0.00161	0.00315	T
1163	0.01722	0.01751	C
1164	0.01106	0.01134	A
1165	0.002	0.0021	G
1166	0.00733	0.00735	C
1167	0.01255	0.01264	C
1168	0.00938	0.01188	A
1169	0.01842	0.01867	C
1170	0.01146	0.01265	A
1171	0.00199	0.00232	T
1172	0.01344	0.01387	A
1173	0.0026	0.00289	G
1174	0.01407	0.01408	C
1175	0.00709	0.00711	C
1176	0.01327	0.01329	C
1177	0.00106	0.0012	T
1178	0.00818	0.0083	C
1179	0.0023	0.00245	G
1180	0.00077	0.00094	T
1181	0.00474	0.00489	A
1182	0.00308	0.00323	G
1183	0.00098	0.00119	T
1184	0.01226	0.01234	A
1185	0.01431	0.01442	A
1186	0.02073	0.0211	C
1187	0.01111	0.01126	A
1188	0.00241	0.00262	G
1189	0.01252	0.01255	C
1190	0.00685	0.0069	C
1191	0.01032	0.01106	A
1192	0.00114	0.00118	T
1193	0.00121	0.00127	T
1194	0.01088	0.01165	C
1195	0.00283	0.00344	T
1196	0.01138	0.01184	C
1197	0.00956	0.01055	A
1198	0.00207	0.00242	T
1199	0.01436	0.01444	C
1200	0.0131	0.01319	C
1201	0.00978	0.00987	A
1202	0.01589	0.01607	A
1203	0.01982	0.02017	A
1204	0.01282	0.01294	C
1205	0.01152	0.01158	C
1206	0.01472	0.01476	C
1207	0.0154	0.01541	C
1208	0.0149	0.01491	C
1209	0.0035	0.00382	T
1210	0.00176	0.00217	G
1211	0.01376	0.01388	A
1212	0.01321	0.01326	A
1213	0.0024	0.00274	G
1214	0.00642	0.00664	C
1215	0.00089	0.00091	T
1216	0.00083	0.00088	T
1217	0.00488	0.00531	C
1218	0.0089	0.0091	A
1219	0.01591	0.01592	C
1220	0.01455	0.0146	C
1221	0.0031	0.00317	G
1222	0.00338	0.00342	G
1223	0.00343	0.00361	C
1224	0.00355	0.00374	G
1225	0.01087	0.01126	C
1226	0.00483	0.00503	A
1227	0.0017	0.0019	G
1228	0.0012	0.00144	T
1229	0.00606	0.00623	C
1230	0.00988	0.01	A
1231	0.00132	0.00137	T
1232	0.00144	0.00149	T
1233	0.01505	0.01587	C
1234	0.0021	0.00289	T
1235	0.018	0.01822	C
1236	0.01331	0.01403	A
1237	0.00186	0.002	T
1238	0.01484	0.01488	A
1239	0.01584	0.01668	A
1240	0.00195	0.00218	T
1241	0.01544	0.01656	C
1242	0.00311	0.00331	G
1243	0.00565	0.00567	C
1244	0.00283	0.00285	C
1245	0.00708	0.00712	C
1246	0.01701	0.01881	A
1247	0.02607	0.02645	C
1248	0.00181	0.00192	G
1249	0.00075	0.0008	G
1250	0.00188	0.00189	G
1251	0.00133	0.00162	C
1252	0.00075	0.00079	T
1253	0.00084	0.00086	T
1254	0.00487	0.00679	A
1255	0.0118	0.01201	C
1256	0.0079	0.00804	A
1257	0.00114	0.00129	T
1258	0.00805	0.00805	C
1259	0.00838	0.00841	C
1260	0.00126	0.00215	T
1261	0.01268	0.01285	C
1262	0.01033	0.01101	A
1263	0.00239	0.00241	T
1264	0.00158	0.00162	T
1265	0.00807	0.01563	A
1266	0.01498	0.01526	C
1267	0.00099	0.00109	T
1268	0.01078	0.01147	A
1269	0.00122	0.00123	T
1270	0.00167	0.00168	T
1271	0.00936	0.0106	C
1272	0.00209	0.00221	T
1273	0.00231	0.00248	G
1274	0.00601	0.00603	C
1275	0.00385	0.00389	C
1276	0.00146	0.00158	T
1277	0.01017	0.0104	A
1278	0.003	0.00337	G
1279	0.01279	0.01346	C
1280	0.01016	0.01023	A
1281	0.0137	0.01375	A
1282	0.01326	0.01327	A
1283	0.02108	0.02185	C
1284	0.00204	0.00292	T
1285	0.0153	0.01559	C
1286	0.01392	0.01421	A
1287	0.0159	0.01596	A
1288	0.01615	0.01617	A
1289	0.01888	0.01971	C
1290	0.00143	0.00156	T
1291	0.01497	0.01522	A
1292	0.01514	0.01531	C
1293	0.00268	0.00291	G
1294	0.00986	0.00993	A
1295	0.01936	0.01962	A
1296	0.01858	0.01885	C
1297	0.0052	0.00556	G
1298	0.00502	0.00527	C
1299	0.01156	0.01184	A
1300	0.007	0.00722	C
1301	0.00133	0.00194	T
1302	0.00924	0.00938	C
1303	0.00853	0.00884	A
1304	0.01499	0.01514	C
1305	0.01049	0.01082	A
1306	0.00236	0.00259	G
1307	0.00104	0.00144	T
1308	0.01112	0.0113	C
1309	0.0033	0.00367	G
1310	0.01292	0.01385	C
1311	0.01218	0.01239	A
1312	0.00151	0.00202	T
1313	0.01459	0.01483	C
1314	0.0125	0.01278	A
1315	0.00187	0.00213	T
1316	0.01408	0.0141	A
1317	0.01817	0.02091	A
1318	0.00092	0.00107	T
1319	0.00491	0.005	C
1320	0.00366	0.00371	C
1321	0.00107	0.00127	T
1322	0.01728	0.01753	C
1323	0.00137	0.00164	T
1324	0.0143	0.01452	C
1325	0.0015	0.00211	T
1326	0.01847	0.01879	C
1327	0.01448	0.01489	A
1328	0.00797	0.00798	A
1329	0.00173	0.00174	G
1330	0.0013	0.00132	G
1331	0.00668	0.00838	A
1332	0.01628	0.01657	C
1333	0.00084	0.00088	T
1334	0.00123	0.00124	T
1335	0.01227	0.01281	C
1336	0.0123	0.01243	A
1337	0.01277	0.01282	A
1338	0.02038	0.02045	A
1339	0.0145	0.01514	C
1340	0.00104	0.00121	T
1341	0.00885	0.00907	C
1342	0.0013	0.00142	T
1343	0.01022	0.01084	A
1344	0.00758	0.00792	C
1345	0.0015	0.00172	T
1346	0.00605	0.00606	C
1347	0.00759	0.00761	C
1348	0.01563	0.01572	C
1349	0.00856	0.01099	A
1350	0.01838	0.01853	C
1351	0.00168	0.00178	T
1352	0.01327	0.01332	A
1353	0.01289	0.013	A
1354	0.00159	0.00169	T
1355	0.01159	0.01172	A
1356	0.0013	0.00141	G
1357	0.01576	0.01593	C
1358	0.00054	0.00056	T
1359	0.00059	0.0006	T
1360	0.00147	0.00148	T
1361	0.00133	0.00134	T
1362	0.0012	0.00121	T
1363	0.00126	0.00157	G
1364	0.01262	0.01286	A
1365	0.00168	0.00179	T
1366	0.00168	0.00174	G
1367	0.01065	0.01081	A
1368	0.0091	0.00926	C
1369	0.00076	0.00077	T
1370	0.00074	0.00075	T
1371	0.00817	0.00925	C
1372	0.00158	0.00171	T
1373	0.01294	0.01323	A
1374	0.00169	0.00193	G
1375	0.01121	0.01232	C
1376	0.00652	0.00655	A
1377	0.00707	0.00738	A
1378	0.00215	0.0023	G
1379	0.00728	0.00731	C
1380	0.00266	0.00272	C
1381	0.00074	0.00086	T
1382	0.0081	0.00818	C
1383	0.00289	0.003	G
1384	0.0083	0.00862	C
1385	0.00115	0.00129	T
1386	0.00933	0.00939	A
1387	0.01575	0.01577	A
1388	0.0198	0.01982	C
1389	0.00909	0.00917	C
1390	0.00185	0.00214	T
1391	0.01358	0.01386	C
1392	0.00188	0.00226	G
1393	0.01326	0.01326	C
1394	0.00604	0.00607	C
1395	0.0019	0.00195	T
1396	0.00248	0.00277	T
1397	0.0095	0.01254	A
1398	0.009	0.00905	C
1399	0.00719	0.00726	C
1400	0.00593	0.00598	C
1401	0.00911	0.00911	C
1402	0.0124	0.01241	C
1403	0.01195	0.012	C
1404	0.008	0.012	A
1405	0.01458	0.01476	C
1406	0.00137	0.00155	T
1407	0.01194	0.01222	A
1408	0.00163	0.00168	T
1409	0.00179	0.00188	T
1410	0.00782	0.00795	A
1411	0.01833	0.01846	A
1412	0.02176	0.02185	C
1413	0.01132	0.01145	C
1414	0.00137	0.00168	T
1415	0.01123	0.01154	A
1416	0.0167	0.01694	C
1417	0.0011	0.00123	T
1418	0.00104	0.00109	G
1419	0.00086	0.00092	G
1420	0.00117	0.00123	G
1421	0.00531	0.00666	A
1422	0.00364	0.00387	G
1423	0.01981	0.01986	A
1424	0.01402	0.01425	A
1425	0.0194	0.01992	C
1426	0.00104	0.00113	T
1427	0.01453	0.01467	C
1428	0.00105	0.00122	T
1429	0.00604	0.00618	C
1430	0.00096	0.00104	T
1431	0.00258	0.00278	G
1432	0.00064	0.00069	T
1433	0.00236	0.00243	G
1434	0.00338	0.00352	C
1435	0.00079	0.00096	T
1436	0.00459	0.00474	A
1437	0.00231	0.00245	G
1438	0.00047	0.00059	T
1439	0.00503	0.00508	A
1440	0.01234	0.01239	A
1441	0.01427	0.01433	C
1442	0.0086	0.0086	C
1443	0.0093	0.0106	A
1444	0.01622	0.01627	C
1445	0.00284	0.00304	G
1446	0.00055	0.0006	T
1447	0.00031	0.00033	T
1448	0.0033	0.00404	C
1449	0.00049	0.00073	T
1450	0.00135	0.00138	C
1451	0.00112	0.00118	C
1452	0.00123	0.0014	T
1453	0.00095	0.00113	G
1454	0.0039	0.00409	A
1455	0.00061	0.00077	T
1456	0.00492	0.00507	C
1457	0.00506	0.00511	A
1458	0.01109	0.01115	A
1459	0.0107	0.01078	A
1460	0.00175	0.00203	T
1461	0.01556	0.01573	A
1462	0.00224	0.00268	T
1463	0.01706	0.01729	C
1464	0.0142	0.0144	A
1465	0.01967	0.02005	C
1466	0.00126	0.0014	T
1467	0.017	0.01714	C
1468	0.00109	0.00124	T
1469	0.00748	0.0075	C
1470	0.00567	0.006	C
1471	0.00121	0.00145	T
1472	0.01894	0.01955	A
1473	0.02105	0.02143	C
1474	0.00158	0.00161	T
1475	0.00166	0.00175	T
1476	0.00888	0.01842	A
1477	0.01567	0.01579	C
1478	0.00653	0.00667	A
1479	0.0011	0.00112	G
1480	0.00103	0.00108	G
1481	0.00681	0.00906	A
1482	0.03383	0.03398	C
1483	0.00125	0.00178	T
1484	0.01403	0.01426	C
1485	0.01561	0.01587	A
1486	0.01469	0.0148	A
1487	0.0291	0.02941	C
1488	0.01729	0.01767	A
1489	0.00143	0.00153	T
1490	0.0125	0.01264	A
1491	0.01174	0.01195	C
1492	0.0009	0.00102	T
1493	0.00689	0.00716	A
1494	0.00083	0.00096	G
1495	0.00158	0.0019	T
1496	0.00518	0.00528	C
1497	0.00771	0.0086	A
1498	0.01061	0.01095	C
1499	0.00636	0.00716	A
1500	0.00328	0.00345	G
1501	0.03975	0.03978	C
1502	0.00803	0.00803	C
1503	0.00665	0.00668	C
1504	0.00091	0.001	T
1505	0.00873	0.00904	A
1506	0.00108	0.00126	T
1507	0.0139	0.01424	A
1508	0.0074	0.00774	C
1509	0.00084	0.00108	T
1510	0.00428	0.0043	C
1511	0.00379	0.00381	C
1512	0.00799	0.00805	C
1513	0.00104	0.00116	T
1514	0.01321	0.01335	C
1515	0.00173	0.00191	T
1516	0.01077	0.01102	A
1517	0.0188	0.01894	C
1518	0.00954	0.01016	A
1519	0.0013	0.00145	T
1520	0.00805	0.00825	A
1521	0.0018	0.00182	T
1522	0.00268	0.00269	T
1523	0.00413	0.00416	T
1524	0.01413	0.01529	A
1525	0.02145	0.02149	C
1526	0.01675	0.01682	C
1527	0.0116	0.01736	A
1528	0.02759	0.02842	C
1529	0.01794	0.01797	A
1530	0.01399	0.01411	A
1531	0.02889	0.02994	C
1532	0.01824	0.01845	A
1533	0.02636	0.02739	C
1534	0.01399	0.01401	A
1535	0.01272	0.01297	A
1536	0.00394	0.0042	T
1537	0.00116	0.00119	G
1538	0.0013	0.00133	G
1539	0.0013	0.00132	G
1540	0.00244	0.00247	G
1541	0.01046	0.01221	C
1542	0.00167	0.00232	T
1543	0.01186	0.0122	C
1544	0.01007	0.01046	A
1545	0.01147	0.01176	C
1546	0.00285	0.00419	T
1547	0.01026	0.01064	C
1548	0.00848	0.00887	A
1549	0.00918	0.00918	C
1550	0.00633	0.00635	C
1551	0.00874	0.00882	C
1552	0.01044	0.01266	A
1553	0.01944	0.01944	C
1554	0.01565	0.01591	C
1555	0.01243	0.01445	A
1556	0.02213	0.02255	C
1557	0.01452	0.0153	A
1558	0.0025	0.00259	T
1559	0.00308	0.00315	T
1560	0.0159	0.01596	A
1561	0.01712	0.01727	A
1562	0.0278	0.02828	C
1563	0.01716	0.01718	A
1564	0.01758	0.01777	A
1565	0.02348	0.02388	C
1566	0.01261	0.01289	A
1567	0.00196	0.00216	T
1568	0.01268	0.01268	A
1569	0.00785	0.00785	A
1570	0.01305	0.01306	A
1571	0.01515	0.01532	A
1572	0.01658	0.01697	C
1573	0.00669	0.00674	C
1574	0.00663	0.00665	C
1575	0.00125	0.00155	T
1576	0.00876	0.00891	C
1577	0.01276	0.01377	A
1578	0.00172	0.00177	T
1579	0.00235	0.00252	T
1580	0.01849	0.01905	C
1581	0.01656	0.017	A
1582	0.02342	0.02377	C
1583	0.01844	0.01877	A
1584	0.01847	0.01878	C
1585	0.00158	0.00167	G
1586	0.00686	0.00706	A
1587	0.00238	0.00262	G
1588	0.01312	0.01314	A
1589	0.00693	0.00694	A
1590	0.01294	0.01295	A
1591	0.01196	0.01199	A
1592	0.01629	0.01821	C
1593	0.01327	0.01337	A
1594	0.01607	0.01613	C
1595	0.00668	0.00668	C
1596	0.0073	0.00736	C
1597	0.00115	0.00143	T
1598	0.00933	0.00942	C
1599	0.01077	0.01185	A
1600	0.00098	0.00103	T
1601	0.00161	0.00184	G
1602	0.0011	0.00113	T
1603	0.00159	0.00162	T
1604	0.01503	0.0152	C
1605	0.01578	0.01606	A
1606	0.00221	0.00235	T
1607	0.01655	0.01691	A
1608	0.01793	0.01829	C
1609	0.01743	0.01747	A
1610	0.02116	0.02123	C
1611	0.00762	0.00765	C
1612	0.00215	0.00228	T
1613	0.01297	0.01376	A
1614	0.00257	0.00278	T
1615	0.01236	0.0124	C
1616	0.00496	0.00496	C
1617	0.00791	0.00791	C
1618	0.01121	0.01121	C
1619	0.0102	0.0102	C
1620	0.01153	0.01205	A
1621	0.00111	0.00113	T
1622	0.00146	0.00146	T
1623	0.01018	0.01142	C
1624	0.00127	0.00132	T
1625	0.01125	0.01125	C
1626	0.00798	0.0082	C
1627	0.0012	0.00134	T
1628	0.01011	0.01011	C
1629	0.00774	0.00796	C
1630	0.0021	0.00229	T
1631	0.01185	0.01331	A
1632	0.00318	0.00349	T
1633	0.01203	0.01203	C
1634	0.00683	0.00683	C
1635	0.01136	0.0114	C
1636	0.00258	0.00302	T
1637	0.01371	0.01415	C
1638	0.01688	0.01895	A
1639	0.01464	0.01487	A
1640	0.01953	0.01962	C
1641	0.01816	0.0182	C
1642	0.01257	0.01257	C
1643	0.01553	0.01553	C
1644	0.00144	0.00202	G
1645	0.01367	0.01382	A
1646	0.01095	0.01095	C
1647	0.00911	0.00941	A
1648	0.0014	0.00153	T
1649	0.00633	0.00633	C
1650	0.00751	0.0079	A
1651	0.00156	0.00156	T
1652	0.00201	0.00201	T
1653	0.0063	0.00896	A
1654	0.00707	0.00707	C
1655	0.00324	0.00324	C
1656	0.00095	0.00095	G
1657	0.00069	0.00069	G
1658	0.00138	0.00138	G
1659	0.00014	0.00014	T
1660	0.00042	0.00042	T
1661	0.00169	0.00169	T
1662	0.00142	0.00142	T
1663	0.00483	0.00483	C
1664	0.00103	0.00103	C
1665	0.00061	0.00061	T
1666	0.00045	0.00045	C
1667	0.00015	0.00015	T
1668	0.0003	0.0003	T
1669	0.0	0.0	A
1670	0.0	0.0	A
