Position	Mismatches	Mismatches + Deletions	Base
1	0.0	0.0	A
2	0.0	0.0	T
3	0.0	0.0	G
4	0.0035	0.0035	C
5	0.00126	0.00126	C
6	0.00213	0.00213	C
7	0.0059	0.0059	C
8	0.00079	0.00091	T
9	0.00715	0.00715	C
10	0.00168	0.00198	A
11	0.00084	0.00085	T
12	0.00115	0.00115	T
13	0.00135	0.00136	T
14	0.01281	0.01354	A
15	0.02063	0.0207	C
16	0.01314	0.01323	A
17	0.00179	0.00192	T
18	0.01058	0.01058	A
19	0.0134	0.0134	A
20	0.01236	0.01261	A
21	0.00175	0.00192	T
22	0.01352	0.01366	A
23	0.00106	0.00106	T
24	0.00099	0.00101	T
25	0.00406	0.00896	A
26	0.0009	0.00096	T
27	0.00906	0.0094	A
28	0.00818	0.00838	C
29	0.00094	0.001	T
30	0.00616	0.00632	A
31	0.0016	0.00196	G
32	0.00712	0.0072	C
33	0.00984	0.01011	A
34	0.00093	0.00094	T
35	0.00097	0.00098	T
36	0.00116	0.00117	T
37	0.01561	0.01708	A
38	0.01627	0.01632	C
39	0.00886	0.00891	C
40	0.01274	0.01591	A
41	0.00156	0.00181	T
42	0.01451	0.0146	C
43	0.00171	0.00258	T
44	0.01636	0.01645	C
45	0.01788	0.01817	A
46	0.01503	0.0152	C
47	0.00084	0.00085	T
48	0.00087	0.00087	T
49	0.00724	0.00791	C
50	0.00086	0.0009	T
51	0.00818	0.00846	A
52	0.00065	0.00066	G
53	0.00122	0.00122	G
54	0.01014	0.01015	A
55	0.00648	0.00651	A
56	0.00102	0.00109	T
57	0.0081	0.00827	A
58	0.00789	0.00799	C
59	0.00063	0.00066	T
60	0.00333	0.00344	A
61	0.00106	0.00112	G
62	0.00062	0.00067	T
63	0.0033	0.00344	A
64	0.00062	0.00067	T
65	0.00536	0.00566	A
66	0.00068	0.00073	T
67	0.00989	0.01004	C
68	0.00207	0.00216	G
69	0.00976	0.0099	C
70	0.00121	0.00195	T
71	0.01091	0.01103	C
72	0.0122	0.01304	A
73	0.01771	0.01797	C
74	0.01913	0.0193	A
75	0.01702	0.01702	C
76	0.00956	0.00961	C
77	0.00139	0.00179	T
78	0.01046	0.01056	C
79	0.00969	0.01028	A
80	0.00125	0.00143	T
81	0.01157	0.01212	A
82	0.00107	0.00115	T
83	0.00819	0.00822	C
84	0.00507	0.00512	C
85	0.00139	0.00187	T
86	0.0132	0.01323	C
87	0.01117	0.01117	C
88	0.01105	0.0112	C
89	0.00119	0.00134	T
90	0.01337	0.0136	A
91	0.01806	0.01831	C
92	0.00143	0.00152	T
93	0.00845	0.01201	A
94	0.00137	0.00142	T
95	0.00148	0.00155	G
96	0.00782	0.00784	C
97	0.00518	0.00521	C
98	0.00088	0.00093	T
99	0.00762	0.00773	A
100	0.0012	0.0013	G
101	0.01459	0.01463	A
102	0.00904	0.00914	A
103	0.00146	0.00147	G
104	0.00149	0.00151	G
105	0.01165	0.0117	A
106	0.0123	0.01237	A
107	0.0016	0.00176	T
108	0.01466	0.01466	A
109	0.01142	0.01238	A
110	0.00149	0.00157	T
111	0.01807	0.01833	A
112	0.01708	0.0177	C
113	0.00127	0.00136	T
114	0.01295	0.01423	A
115	0.0011	0.00118	T
116	0.01363	0.01386	C
117	0.00201	0.0021	G
118	0.00688	0.00696	C
119	0.00084	0.00089	T
120	0.00339	0.00368	G
121	0.00097	0.00098	T
122	0.00101	0.00102	T
123	0.01181	0.01205	C
124	0.01522	0.01534	A
125	0.00134	0.00135	T
126	0.00138	0.0014	T
127	0.00775	0.01207	A
128	0.001	0.00105	T
129	0.00955	0.00984	A
130	0.00171	0.00177	G
131	0.00501	0.0051	C
132	0.00113	0.00126	T
133	0.01444	0.01495	A
134	0.01227	0.01241	C
135	0.0011	0.00136	T
136	0.00727	0.00743	C
137	0.00118	0.00183	T
138	0.01093	0.01106	C
139	0.01314	0.01377	A
140	0.00231	0.0033	T
141	0.01648	0.0165	A
142	0.0183	0.01996	A
143	0.01623	0.0164	C
144	0.00559	0.00561	C
145	0.00885	0.00889	C
146	0.00129	0.00176	T
147	0.01164	0.0118	C
148	0.01695	0.01738	A
149	0.01912	0.01947	A
150	0.02063	0.02139	C
151	0.01527	0.01552	A
152	0.01376	0.0138	C
153	0.01188	0.01189	C
154	0.01398	0.01408	C
155	0.01705	0.02235	A
156	0.0185	0.01882	C
157	0.0017	0.00219	T
158	0.01634	0.01634	C
159	0.01063	0.01063	C
160	0.02167	0.02185	C
161	0.00148	0.00194	T
162	0.01157	0.01177	C
163	0.00269	0.00272	T
164	0.00159	0.00162	T
165	0.01389	0.02345	A
166	0.00138	0.00154	G
167	0.00831	0.00832	C
168	0.01041	0.01044	C
169	0.01197	0.01203	A
170	0.01418	0.01422	A
171	0.00138	0.00143	T
172	0.01194	0.0121	A
173	0.00147	0.00148	T
174	0.00154	0.00154	T
175	0.00246	0.00265	G
176	0.00148	0.00162	T
177	0.00193	0.00197	G
178	0.01317	0.01322	C
179	0.01329	0.01333	C
180	0.00171	0.00183	T
181	0.01213	0.01358	A
182	0.00158	0.00158	T
183	0.00179	0.00184	T
184	0.00173	0.00197	G
185	0.03164	0.03172	C
186	0.0218	0.02189	C
187	0.00901	0.0226	A
188	0.00166	0.00175	T
189	0.05632	0.05677	A
190	0.01106	0.01131	C
191	0.00089	0.00099	T
192	0.00868	0.00922	A
193	0.00146	0.00156	G
194	0.00084	0.00089	T
195	0.02924	0.02938	C
196	0.00157	0.00158	T
197	0.00185	0.00186	T
198	0.00269	0.00271	T
199	0.00253	0.00286	G
200	0.00306	0.0031	C
201	0.00438	0.0044	C
202	0.00408	0.00441	G
203	0.02468	0.02468	C
204	0.00936	0.00939	C
205	0.00128	0.00141	T
206	0.0022	0.00237	G
207	0.00568	0.00585	C
208	0.00422	0.00521	G
209	0.0344	0.03584	A
210	0.03385	0.03391	A
211	0.00427	0.00508	G
212	0.00447	0.00475	C
213	0.00861	0.00888	A
214	0.00222	0.00231	G
215	0.00471	0.00477	C
216	0.00289	0.0029	G
217	0.0028	0.00284	G
218	0.00062	0.00065	T
219	0.00262	0.00263	G
220	0.00204	0.00205	G
221	0.0025	0.00251	G
222	0.00368	0.0037	C
223	0.00795	0.00802	C
224	0.00132	0.00201	T
225	0.0198	0.02272	A
226	0.0029	0.003	G
227	0.01759	0.01762	C
228	0.0044	0.00444	C
229	0.0044	0.00446	C
230	0.00153	0.00167	T
231	0.01282	0.01304	A
232	0.00683	0.00705	C
233	0.0006	0.00068	T
234	0.00603	0.00645	A
235	0.00122	0.0013	G
236	0.00073	0.0009	T
237	0.01532	0.01542	C
238	0.00127	0.002	T
239	0.01012	0.0103	C
240	0.01268	0.01314	A
241	0.01276	0.01299	A
242	0.00133	0.00142	T
243	0.02718	0.02731	C
244	0.00188	0.00215	T
245	0.02188	0.0219	C
246	0.02102	0.0212	C
247	0.02223	0.02297	A
248	0.02668	0.02672	A
249	0.02061	0.02128	C
250	0.01279	0.01325	A
251	0.01678	0.01767	C
252	0.01217	0.0127	A
253	0.00122	0.00134	T
254	0.01356	0.01397	A
255	0.00152	0.00163	T
256	0.00103	0.00108	G
257	0.00093	0.00095	G
258	0.00562	0.00564	C
259	0.00723	0.00725	C
260	0.0009	0.00099	T
261	0.00789	0.00834	A
262	0.00163	0.00168	G
263	0.01225	0.01233	A
264	0.01898	0.01908	C
265	0.00102	0.00108	T
266	0.01609	0.01623	A
267	0.02712	0.02725	C
268	0.00276	0.00281	G
269	0.00112	0.00123	T
270	0.01518	0.01524	A
271	0.02839	0.0285	C
272	0.02068	0.02109	A
273	0.00161	0.00204	T
274	0.0175	0.0175	A
275	0.01572	0.01653	A
276	0.02197	0.0221	C
277	0.01025	0.01031	C
278	0.0016	0.0018	T
279	0.0033	0.00336	A
280	0.00783	0.0079	A
281	0.01054	0.01055	A
282	0.00984	0.00989	C
283	0.00573	0.00575	C
284	0.00178	0.00178	T
285	0.00712	0.00851	A
286	0.00417	0.00421	C
287	0.00217	0.00227	T
288	0.00253	0.00253	C
289	0.0055	0.0055	C
290	0.01401	0.01408	A
291	0.01554	0.01554	A
292	0.00505	0.00531	T
293	0.00425	0.00432	G
294	0.01011	0.01011	C
295	0.0	0.0	T
296	0.0	0.0	A
297	0.0	0.0	A
