Position	Mismatches	Mismatches + Deletions	Base
1	0.0	0.0	A
2	0.0	0.0	T
3	0.0	0.0	G
4	0.00346	0.00346	G
5	0.0178	0.0178	C
6	0.0522	0.05232	A
7	0.0583	0.06415	C
8	0.028	0.02813	A
9	0.0029	0.00296	T
10	0.00535	0.00606	G
11	0.04085	0.04342	C
12	0.0182	0.0199	A
13	0.0046	0.00485	G
14	0.07157	0.07302	C
15	0.00681	0.00723	G
16	0.0607	0.06453	C
17	0.01342	0.01348	A
18	0.02002	0.02008	A
19	0.00361	0.00391	G
20	0.00137	0.00156	T
21	0.01271	0.01298	A
22	0.00347	0.00348	G
23	0.0038	0.00383	G
24	0.00095	0.00112	T
25	0.00638	0.0066	C
26	0.00156	0.00179	T
27	0.05584	0.05678	A
28	0.09047	0.09113	C
29	0.05265	0.05266	A
30	0.04219	0.04513	A
31	0.00223	0.00257	G
32	0.02897	0.02938	A
33	0.01139	0.01161	C
34	0.00513	0.00521	G
35	0.00667	0.00696	C
36	0.00092	0.00103	T
37	0.01134	0.01161	A
38	0.00426	0.00467	C
39	0.00095	0.00098	T
40	0.00097	0.00102	T
41	0.02892	0.02896	C
42	0.02848	0.02855	C
43	0.0405	0.04059	C
44	0.03103	0.03106	C
45	0.00239	0.00282	T
46	0.03692	0.0377	A
47	0.00271	0.00614	T
48	0.03916	0.03992	C
49	0.03939	0.0414	A
50	0.00247	0.00281	T
51	0.05033	0.05425	A
52	0.00319	0.00358	G
53	0.03202	0.03202	A
54	0.02693	0.02837	A
55	0.00231	0.00277	G
56	0.04034	0.04135	A
57	0.00382	0.00402	G
58	0.0312	0.03233	C
59	0.00213	0.00218	T
60	0.00394	0.00399	T
61	0.02703	0.04067	A
62	0.00237	0.00438	T
63	0.04591	0.04783	C
64	0.07135	0.07194	A
65	0.04868	0.0487	C
66	0.02847	0.02862	C
67	0.00135	0.0014	T
68	0.00213	0.00219	T
69	0.00218	0.00221	T
70	0.03567	0.03797	C
71	0.04086	0.04128	A
72	0.00141	0.00158	T
73	0.00293	0.0035	G
74	0.0129	0.01331	A
75	0.00098	0.00228	T
76	0.04119	0.04222	C
77	0.02281	0.0242	A
78	0.03553	0.03796	C
79	0.0039	0.00418	G
80	0.01253	0.01257	C
81	0.00502	0.00504	C
82	0.01509	0.01529	C
83	0.00139	0.00293	T
84	0.01683	0.01717	C
85	0.01535	0.01787	A
86	0.00177	0.00198	T
87	0.02153	0.02167	A
88	0.02145	0.02446	A
89	0.00642	0.00679	T
90	0.02553	0.02636	C
91	0.02434	0.02476	A
92	0.00146	0.00147	T
93	0.00096	0.00098	T
94	0.00166	0.00168	T
95	0.00138	0.00139	T
96	0.01939	0.01961	C
97	0.0199	0.01994	C
98	0.00191	0.00195	T
99	0.00263	0.00268	T
100	0.01429	0.03672	A
101	0.00212	0.00233	T
102	0.03222	0.03378	C
103	0.00191	0.00199	T
104	0.00387	0.0043	G
105	0.02958	0.03201	C
106	0.00143	0.00145	T
107	0.00162	0.00164	T
108	0.02792	0.02797	C
109	0.02424	0.02443	C
110	0.00229	0.00307	T
111	0.02875	0.03976	A
112	0.0035	0.0037	G
113	0.00182	0.00197	T
114	0.02091	0.02095	C
115	0.01761	0.01774	C
116	0.00236	0.00257	T
117	0.0046	0.00511	G
118	0.00191	0.00235	T
119	0.01843	0.01951	A
120	0.00266	0.00294	T
121	0.00471	0.0053	G
122	0.02322	0.02382	C
123	0.01434	0.01437	C
124	0.03603	0.0361	C
125	0.0016	0.00164	T
126	0.00119	0.0012	T
127	0.00147	0.00151	T
128	0.0011	0.00111	T
129	0.01153	0.01166	C
130	0.00789	0.00794	C
131	0.00301	0.00359	T
132	0.01841	0.0189	A
133	0.01882	0.01901	A
134	0.02518	0.02588	C
135	0.0161	0.01676	A
136	0.01877	0.02018	C
137	0.00336	0.00537	T
138	0.01973	0.02051	C
139	0.02368	0.02575	A
140	0.0452	0.05002	C
141	0.03234	0.03309	A
142	0.03238	0.03345	A
143	0.06202	0.06594	C
144	0.03028	0.03063	A
145	0.02231	0.02241	A
146	0.0342	0.03437	A
147	0.03925	0.03947	A
148	0.04732	0.0702	C
149	0.00418	0.00492	T
150	0.04621	0.04638	A
151	0.04644	0.04741	A
152	0.06824	0.07221	C
153	0.00407	0.00436	T
154	0.0398	0.04022	A
155	0.03695	0.03806	A
156	0.00396	0.00427	T
157	0.06293	0.06333	A
158	0.07628	0.08112	C
159	0.00366	0.00526	T
160	0.05692	0.05719	A
161	0.06094	0.0639	A
162	0.07932	0.08207	C
163	0.05382	0.05837	A
164	0.0032	0.00391	T
165	0.05636	0.05691	C
166	0.00241	0.00438	T
167	0.01557	0.0158	C
168	0.01447	0.01578	A
169	0.00239	0.00272	G
170	0.0125	0.01278	A
171	0.01063	0.01089	C
172	0.00799	0.00853	G
173	0.06403	0.06481	C
174	0.00361	0.00663	T
175	0.03809	0.03838	C
176	0.05884	0.06101	A
177	0.00288	0.00292	G
178	0.00539	0.00547	G
179	0.01875	0.01882	A
180	0.05942	0.05955	A
181	0.05142	0.05195	A
182	0.00445	0.00511	T
183	0.0593	0.05995	A
184	0.00385	0.00433	G
185	0.0391	0.03911	A
186	0.04353	0.04353	A
187	0.05364	0.05472	A
188	0.12182	0.12355	C
189	0.0093	0.00936	C
190	0.00435	0.00497	G
191	0.0009	0.00101	T
192	0.00653	0.00662	C
193	0.00112	0.00123	T
194	0.00351	0.00414	G
195	0.0324	0.03255	A
196	0.07313	0.07331	A
197	0.09147	0.09435	C
198	0.00265	0.00279	T
199	0.05163	0.05293	A
200	0.0028	0.0029	T
201	0.05628	0.05644	C
202	0.01688	0.01721	C
203	0.00265	0.00317	T
204	0.00481	0.00547	G
205	0.02126	0.02128	C
206	0.03633	0.03654	C
207	0.04035	0.04059	C
208	0.00621	0.00702	G
209	0.00663	0.00663	C
210	0.00307	0.00312	C
211	0.02485	0.03259	A
212	0.0022	0.00706	T
213	0.02105	0.02195	C
214	0.04641	0.05282	A
215	0.00327	0.00362	T
216	0.04321	0.04379	C
217	0.03736	0.0385	C
218	0.00289	0.00351	T
219	0.04409	0.05564	A
220	0.00341	0.00365	G
221	0.00207	0.00226	T
222	0.01265	0.01271	C
223	0.02363	0.02372	C
224	0.00248	0.00336	T
225	0.04633	0.04772	C
226	0.03826	0.04682	A
227	0.00306	0.00403	T
228	0.03693	0.03825	C
229	0.00712	0.0076	G
230	0.02362	0.02365	C
231	0.00883	0.00885	C
232	0.02203	0.02228	C
233	0.00187	0.0028	T
234	0.02806	0.02808	C
235	0.02642	0.02643	C
236	0.0193	0.01984	C
237	0.0246	0.03534	A
238	0.00221	0.00282	T
239	0.02184	0.02192	C
240	0.01256	0.01264	C
241	0.01248	0.0126	C
242	0.00226	0.00272	T
243	0.02216	0.02324	A
244	0.02712	0.02755	C
245	0.00621	0.00827	G
246	0.01168	0.01661	C
247	0.01459	0.01583	A
248	0.00173	0.00193	T
249	0.02025	0.02027	C
250	0.0208	0.02094	C
251	0.00263	0.00268	T
252	0.00407	0.0041	T
253	0.00372	0.00378	T
254	0.04386	0.04973	A
255	0.08264	0.08325	C
256	0.04949	0.05014	A
257	0.00391	0.00517	T
258	0.05525	0.0553	A
259	0.05131	0.05359	A
260	0.07107	0.07277	C
261	0.04242	0.04341	A
262	0.00338	0.0036	G
263	0.04316	0.04358	A
264	0.05439	0.05504	C
265	0.00437	0.00457	G
266	0.02872	0.02932	A
267	0.00507	0.0051	G
268	0.00316	0.00322	G
269	0.0014	0.00275	T
270	0.02137	0.02199	C
271	0.04093	0.041	A
272	0.06137	0.06154	A
273	0.04963	0.05095	C
274	0.00529	0.00574	G
275	0.04471	0.0464	A
276	0.00141	0.00166	T
277	0.03214	0.03219	C
278	0.01346	0.01354	C
279	0.01218	0.01236	C
280	0.00141	0.00241	T
281	0.01283	0.01285	C
282	0.0231	0.02311	C
283	0.01732	0.01774	C
284	0.00209	0.00215	T
285	0.00223	0.00236	T
286	0.01331	0.02677	A
287	0.03434	0.03444	C
288	0.01854	0.01882	C
289	0.03326	0.0409	A
290	0.00291	0.0034	T
291	0.05376	0.05446	C
292	0.02811	0.02839	A
293	0.04287	0.04557	A
294	0.04566	0.04756	A
295	0.00291	0.00416	T
296	0.06065	0.06173	C
297	0.04317	0.04369	A
298	0.04631	0.04878	A
299	0.00821	0.00827	T
300	0.00795	0.00799	T
301	0.00346	0.00352	G
302	0.0031	0.00312	G
303	0.01885	0.0189	C
304	0.00785	0.00811	C
305	0.03234	0.04644	A
306	0.05492	0.05496	C
307	0.03496	0.03587	C
308	0.03411	0.03418	A
309	0.04383	0.04525	A
310	0.00275	0.00291	T
311	0.00372	0.00374	G
312	0.00337	0.00341	G
313	0.00106	0.00129	T
314	0.0278	0.02815	A
315	0.04004	0.04038	C
316	0.00266	0.0029	T
317	0.00503	0.00606	G
318	0.04437	0.04517	A
319	0.03651	0.03669	A
320	0.05399	0.05411	C
321	0.02594	0.02639	C
322	0.00323	0.00365	T
323	0.0589	0.05957	A
324	0.08942	0.09002	C
325	0.00249	0.00269	G
326	0.02491	0.02567	A
327	0.00548	0.0057	G
328	0.00166	0.00192	T
329	0.02223	0.02297	A
330	0.02196	0.02266	C
331	0.05469	0.05507	A
332	0.05569	0.05575	C
333	0.03268	0.03298	C
334	0.00461	0.0063	G
335	0.06779	0.06835	A
336	0.05327	0.0538	C
337	0.00258	0.00286	T
338	0.04574	0.05035	A
339	0.05336	0.05384	C
340	0.00405	0.00416	G
341	0.00327	0.00333	G
342	0.01237	0.01274	C
343	0.00556	0.00558	G
344	0.00238	0.00249	G
345	0.02947	0.03833	A
346	0.01912	0.01956	C
347	0.002	0.00222	T
348	0.03499	0.03518	A
349	0.03579	0.036	A
350	0.0021	0.00233	T
351	0.04346	0.04402	C
352	0.0023	0.00233	T
353	0.00242	0.00254	T
354	0.03674	0.03878	C
355	0.03909	0.0399	A
356	0.04489	0.04533	A
357	0.05106	0.0565	C
358	0.00243	0.00269	T
359	0.03041	0.03043	C
360	0.018	0.02011	C
361	0.00263	0.00307	T
362	0.05721	0.05962	A
363	0.04021	0.04074	C
364	0.02948	0.03139	A
365	0.0018	0.00212	T
366	0.02791	0.02845	A
367	0.02556	0.02733	C
368	0.00185	0.00189	T
369	0.00249	0.00258	T
370	0.00798	0.00805	C
371	0.00695	0.00702	C
372	0.022	0.02208	C
373	0.03388	0.03391	C
374	0.05869	0.05876	C
375	0.0246	0.03808	A
376	0.00295	0.00305	T
377	0.00293	0.00301	T
378	0.02218	0.04167	A
379	0.00307	0.00309	T
380	0.00261	0.00266	T
381	0.05024	0.05061	C
382	0.03194	0.0321	C
383	0.00335	0.00353	T
384	0.04727	0.04823	A
385	0.00435	0.00562	G
386	0.04371	0.04381	A
387	0.05914	0.05983	A
388	0.09471	0.09532	C
389	0.04761	0.04769	C
390	0.032	0.04813	A
391	0.00219	0.00225	G
392	0.00266	0.00272	G
393	0.03121	0.03174	C
394	0.00605	0.0064	G
395	0.04552	0.04796	A
396	0.05981	0.05993	C
397	0.03423	0.03465	C
398	0.00323	0.00371	T
399	0.00229	0.00276	G
400	0.06677	0.06761	C
401	0.0055	0.00601	G
402	0.05116	0.05378	A
403	0.03077	0.03131	C
404	0.002	0.00217	T
405	0.07924	0.07927	C
406	0.05603	0.05691	C
407	0.00344	0.00348	T
408	0.00335	0.0034	T
409	0.00225	0.00267	G
410	0.04745	0.04764	A
411	0.0356	0.03579	C
412	0.0057	0.00581	G
413	0.00198	0.00204	T
414	0.00195	0.00199	T
415	0.00285	0.00311	G
416	0.06081	0.06144	A
417	0.03947	0.04005	C
418	0.05482	0.0549	A
419	0.04898	0.05012	A
420	0.00245	0.00285	T
421	0.03577	0.03614	C
422	0.00433	0.00448	G
423	0.04179	0.04235	A
424	0.0047	0.00486	G
425	0.00155	0.00184	T
426	0.04161	0.04235	A
427	0.00629	0.00722	G
428	0.00213	0.00251	T
429	0.03725	0.03868	A
430	0.03549	0.03619	C
431	0.00111	0.00195	T
432	0.00855	0.00857	C
433	0.03029	0.0303	C
434	0.01195	0.01199	C
435	0.00325	0.00453	G
436	0.03585	0.03615	A
437	0.00117	0.00123	T
438	0.00109	0.00111	T
439	0.00438	0.00475	G
440	0.05122	0.05141	A
441	0.03782	0.03841	A
442	0.00647	0.007	G
443	0.00735	0.0075	C
444	0.00708	0.00714	C
445	0.01628	0.0163	C
446	0.0189	0.01892	C
447	0.02862	0.02866	C
448	0.04833	0.05111	A
449	0.00341	0.00347	T
450	0.00275	0.00276	T
451	0.04913	0.05069	C
452	0.00402	0.00433	G
453	0.00237	0.00276	T
454	0.02488	0.02582	A
455	0.00278	0.00324	T
456	0.04852	0.04901	A
457	0.03825	0.04459	A
458	0.00371	0.00403	T
459	0.04413	0.04421	A
460	0.03771	0.04449	A
461	0.00303	0.00313	T
462	0.00272	0.00279	T
463	0.01736	0.03851	A
464	0.04541	0.04672	C
465	0.04831	0.04895	A
466	0.00317	0.00465	T
467	0.05346	0.05577	C
468	0.05304	0.05403	A
469	0.07084	0.07415	C
470	0.04508	0.04532	A
471	0.02706	0.02925	A
472	0.00221	0.00263	G
473	0.02195	0.02221	A
474	0.01067	0.01085	C
475	0.00403	0.00416	G
476	0.00084	0.00097	T
477	0.00355	0.00366	C
478	0.0015	0.00151	T
479	0.00139	0.00141	T
480	0.00288	0.00413	G
481	0.02462	0.02538	C
482	0.02836	0.02915	A
483	0.02129	0.02155	C
484	0.00191	0.00417	T
485	0.01848	0.01881	C
486	0.02145	0.02519	A
487	0.00174	0.00198	T
488	0.00238	0.00271	G
489	0.02396	0.02424	A
490	0.00322	0.00335	G
491	0.0052	0.00537	C
492	0.00111	0.00124	T
493	0.00541	0.00593	G
494	0.0013	0.00165	T
495	0.0053	0.00538	C
496	0.00692	0.00697	C
497	0.04296	0.04299	C
498	0.03564	0.03578	C
499	0.01949	0.02306	A
500	0.04331	0.04373	C
501	0.03001	0.03167	A
502	0.00678	0.00689	T
503	0.00476	0.00482	T
504	0.0252	0.03904	A
505	0.00229	0.00235	G
506	0.00184	0.00188	G
507	0.0411	0.04266	C
508	0.00229	0.00238	T
509	0.0031	0.00324	T
510	0.00593	0.00611	A
511	0.02996	0.03004	A
512	0.01721	0.01722	A
513	0.04124	0.04126	A
514	0.04478	0.04481	A
515	0.06324	0.0684	C
516	0.04232	0.0452	A
517	0.00411	0.00461	G
518	0.03408	0.03482	A
519	0.00194	0.00205	T
520	0.0033	0.00361	G
521	0.04571	0.04616	C
522	0.03739	0.03748	A
523	0.04425	0.04513	A
524	0.00207	0.00212	T
525	0.00266	0.00272	T
526	0.03212	0.03216	C
527	0.03976	0.03983	C
528	0.0566	0.05664	C
529	0.00317	0.00327	G
530	0.0022	0.00227	G
531	0.02059	0.02429	A
532	0.006	0.0062	C
533	0.00596	0.00614	G
534	0.00136	0.00154	T
535	0.01196	0.01219	C
536	0.00174	0.00244	T
537	0.00601	0.00636	A
538	0.02284	0.02309	A
539	0.02909	0.02922	A
540	0.03747	0.03767	C
541	0.01728	0.01755	C
542	0.01612	0.01661	A
543	0.02885	0.03004	A
544	0.0434	0.04348	A
545	0.05075	0.05154	C
546	0.02886	0.02954	C
547	0.02568	0.03983	A
548	0.06001	0.0615	C
549	0.00196	0.00214	T
550	0.00357	0.00367	T
551	0.00511	0.00517	T
552	0.0432	0.0465	C
553	0.04839	0.0501	A
554	0.06834	0.06836	C
555	0.05199	0.05279	C
556	0.00568	0.00742	G
557	0.04966	0.05137	C
558	0.00366	0.00436	T
559	0.06403	0.06601	A
560	0.0841	0.08538	C
561	0.07487	0.07812	A
562	0.06664	0.06831	C
563	0.00456	0.00571	G
564	0.0405	0.04153	A
565	0.06955	0.06966	C
566	0.02921	0.02996	C
567	0.00447	0.00453	G
568	0.00156	0.00165	G
569	0.00217	0.00221	G
570	0.00326	0.0033	G
571	0.00493	0.00496	G
572	0.00155	0.0019	T
573	0.03223	0.0327	A
574	0.00272	0.00293	T
575	0.04602	0.04624	A
576	0.0172	0.01768	C
577	0.00118	0.00149	T
578	0.03697	0.03756	A
579	0.04273	0.04327	C
580	0.00646	0.00655	G
581	0.00341	0.00346	G
582	0.00075	0.0013	T
583	0.01039	0.01083	C
584	0.03033	0.03044	A
585	0.0229	0.02309	A
586	0.00168	0.00186	T
587	0.004	0.00426	G
588	0.0577	0.05807	C
589	0.0018	0.00198	T
590	0.04708	0.04747	C
591	0.00208	0.00228	T
592	0.00344	0.0038	G
593	0.00846	0.00859	A
594	0.01403	0.01416	A
595	0.01577	0.01582	A
596	0.00478	0.0055	T
597	0.01356	0.01376	C
598	0.00123	0.00133	T
599	0.00544	0.0057	G
600	0.00147	0.00175	T
601	0.00306	0.00308	G
602	0.00354	0.00371	G
603	0.11522	0.15044	A
604	0.00831	0.0094	G
605	0.10479	0.12302	C
606	0.03038	0.0306	A
607	0.06413	0.06481	A
608	0.09141	0.09161	A
609	0.00486	0.00495	C
610	0.00187	0.00192	C
611	0.00819	0.01148	A
612	0.00342	0.00362	C
613	0.0072	0.0083	A
614	0.00515	0.00534	G
615	0.00053	0.00056	T
616	0.0006	0.00062	T
617	0.00057	0.0006	T
618	0.00701	0.00748	C
619	0.03987	0.04181	A
620	0.00406	0.00432	T
621	0.00296	0.00369	G
622	0.03363	0.0337	C
623	0.04157	0.04164	C
624	0.02672	0.02679	C
625	0.04019	0.04887	A
626	0.00196	0.00234	T
627	0.03496	0.03522	C
628	0.00418	0.00452	G
629	0.00124	0.0014	T
630	0.00629	0.00631	C
631	0.01001	0.01006	C
632	0.00135	0.00151	T
633	0.0301	0.03101	A
634	0.00278	0.00302	G
635	0.04497	0.04521	A
636	0.032	0.03244	A
637	0.00185	0.00214	T
638	0.00223	0.00236	T
639	0.024	0.02418	A
640	0.05341	0.05492	A
641	0.00329	0.00337	T
642	0.00526	0.00539	T
643	0.0145	0.0154	C
644	0.02004	0.02018	C
645	0.03002	0.0302	C
646	0.0361	0.0362	C
647	0.00596	0.00706	T
648	0.00378	0.00424	A
649	0.03955	0.04036	A
650	0.02965	0.0299	A
651	0.05369	0.05395	A
652	0.05118	0.05137	A
653	0.00332	0.00382	T
654	0.05763	0.05815	C
655	0.0034	0.00341	T
656	0.00366	0.00367	T
657	0.00296	0.00296	T
658	0.00357	0.0041	G
659	0.01371	0.01373	A
660	0.04196	0.04201	A
661	0.04073	0.04074	A
662	0.00797	0.00843	T
663	0.04867	0.04992	A
664	0.00798	0.00804	G
665	0.00375	0.00376	G
666	0.00317	0.00317	G
667	0.04054	0.04057	C
668	0.03229	0.03231	C
669	0.02834	0.02834	C
670	0.00375	0.0049	G
671	0.00368	0.00391	T
672	0.02756	0.02773	A
673	0.00265	0.00265	T
674	0.0079	0.0079	T
675	0.0059	0.0059	T
676	0.04576	0.04981	A
677	0.00916	0.00916	C
678	0.01193	0.01193	C
679	0.01832	0.01832	C
680	0.00338	0.00349	T
681	0.02184	0.02184	A
682	0.00021	0.00021	T
683	0.0	0.0	A
684	0.0	0.0	G
