Position	Mismatches	Mismatches + Deletions	Base
1	0.0	0.0	C
2	0.0	0.0	T
3	0.0	0.0	G
4	1e-05	1e-05	A
5	1e-05	1e-05	T
6	0.00499	0.00499	G
7	0.00149	0.0017	T
8	0.00137	0.00137	T
9	0.01281	0.01418	C
10	0.00497	0.00502	G
11	0.008	0.008	C
12	0.00469	0.00469	C
13	0.00505	0.00595	G
14	0.01983	0.02014	A
15	0.0403	0.04034	C
16	0.0169	0.01704	C
17	0.00709	0.00764	G
18	0.00169	0.00174	T
19	0.00169	0.00172	T
20	0.00232	0.00258	G
21	0.03197	0.03257	A
22	0.02457	0.0249	C
23	0.00149	0.0017	T
24	0.02129	0.02235	A
25	0.00126	0.00126	T
26	0.00117	0.00119	T
27	0.01059	0.01265	C
28	0.00147	0.00165	T
29	0.01198	0.01238	C
30	0.00143	0.00166	T
31	0.01819	0.01889	A
32	0.01736	0.01792	C
33	0.01072	0.01081	A
34	0.0108	0.01082	A
35	0.02183	0.02243	A
36	0.0159	0.01626	C
37	0.00897	0.0091	C
38	0.01318	0.01937	A
39	0.02743	0.02872	C
40	0.01839	0.0184	A
41	0.02053	0.02054	A
42	0.02165	0.02255	A
43	0.00372	0.00413	G
44	0.02593	0.02613	A
45	0.02656	0.02679	C
46	0.02837	0.02867	A
47	0.00196	0.00204	T
48	0.00178	0.00181	T
49	0.00292	0.00296	G
50	0.00325	0.00332	G
51	0.031	0.03105	A
52	0.02778	0.02786	A
53	0.03604	0.03698	C
54	0.0226	0.02284	A
55	0.02701	0.02766	C
56	0.00172	0.00194	T
57	0.02067	0.02742	A
58	0.00184	0.00272	T
59	0.03094	0.03178	A
60	0.0426	0.04302	C
61	0.02512	0.0259	C
62	0.0026	0.00292	T
63	0.04078	0.04222	A
64	0.00322	0.00324	T
65	0.00336	0.00341	T
66	0.02583	0.06589	A
67	0.00271	0.00271	T
68	0.00221	0.00224	T
69	0.03603	0.03977	C
70	0.00389	0.00395	G
71	0.00403	0.00413	G
72	0.03954	0.04038	C
73	0.00839	0.00981	G
74	0.0683	0.07067	C
75	0.04948	0.0505	A
76	0.00286	0.0031	T
77	0.00282	0.00334	G
78	0.03748	0.03863	A
79	0.00413	0.00427	G
80	0.0136	0.01393	C
81	0.00134	0.00154	T
82	0.00406	0.00407	G
83	0.00304	0.00322	G
84	0.04883	0.06512	A
85	0.00641	0.00667	G
86	0.00261	0.00287	T
87	0.02158	0.02164	C
88	0.01418	0.01424	C
89	0.00223	0.00263	T
90	0.05316	0.05667	A
91	0.00247	0.00251	G
92	0.00452	0.00458	G
93	0.02257	0.02332	C
94	0.05778	0.06339	A
95	0.01629	0.01674	C
96	0.01811	0.0211	A
97	0.00531	0.00553	G
98	0.00461	0.00477	C
99	0.00114	0.00131	T
100	0.00243	0.00262	C
101	0.00295	0.00392	T
102	0.02712	0.02775	A
103	0.08063	0.08126	A
104	0.00252	0.00287	G
105	0.04092	0.04098	C
106	0.00448	0.00454	C
107	0.00106	0.00171	T
108	0.03278	0.03279	C
109	0.04275	0.04338	C
110	0.00269	0.00273	T
111	0.00419	0.00433	T
112	0.02092	0.0833	A
113	0.00361	0.00363	T
114	0.00354	0.00361	T
115	0.09161	0.09859	C
116	0.00412	0.00483	G
117	0.05317	0.05479	A
118	0.00475	0.00502	G
119	0.01981	0.01991	C
120	0.03568	0.03594	C
121	0.00534	0.00647	G
122	0.06872	0.07196	A
123	0.00623	0.00655	G
124	0.03321	0.03424	C
125	0.0023	0.0026	T
126	0.00429	0.00436	G
127	0.00449	0.0047	G
128	0.00578	0.00585	G
129	0.01506	0.01517	C
130	0.00694	0.00719	C
131	0.03187	0.04764	A
132	0.00614	0.0065	G
133	0.0363	0.03642	C
134	0.02852	0.02881	C
135	0.0297	0.05118	A
136	0.00246	0.00249	G
137	0.00539	0.00546	G
138	0.01709	0.01759	C
139	0.06402	0.06426	A
140	0.04523	0.04542	A
141	0.03732	0.03741	C
142	0.02454	0.02465	C
143	0.00156	0.00161	T
144	0.00219	0.00226	T
145	0.03697	0.04384	C
146	0.0029	0.00319	T
147	0.03762	0.03973	A
148	0.00242	0.00251	G
149	0.00466	0.00473	G
150	0.00115	0.00146	T
151	0.01966	0.01976	A
152	0.02601	0.02622	A
153	0.0191	0.01991	C
154	0.00421	0.00493	G
155	0.03234	0.03355	A
156	0.02382	0.02389	C
157	0.01728	0.01766	C
158	0.02162	0.02882	A
159	0.03619	0.037	C
160	0.02326	0.02793	A
161	0.00221	0.00259	T
162	0.02872	0.02917	C
163	0.00237	0.00277	T
164	0.03311	0.03502	A
165	0.04696	0.04897	C
166	0.02982	0.02985	A
167	0.04079	0.0418	A
168	0.03245	0.03339	C
169	0.00648	0.00676	G
170	0.00168	0.00173	T
171	0.00166	0.00171	T
172	0.01265	0.02527	A
173	0.00137	0.00182	T
174	0.01421	0.01472	C
175	0.00593	0.00622	G
176	0.00204	0.00303	T
177	0.02384	0.02414	C
178	0.03442	0.03765	A
179	0.01047	0.01132	C
180	0.01089	0.01407	A
181	0.00502	0.00546	G
182	0.00451	0.00455	C
183	0.00467	0.00468	C
184	0.00666	0.00671	C
185	0.00695	0.01224	A
186	0.0011	0.0013	T
187	0.00269	0.00302	G
188	0.00655	0.0068	C
189	0.02032	0.02084	A
190	0.0012	0.00123	T
191	0.00153	0.00155	T
192	0.00173	0.00175	T
193	0.00255	0.00291	G
194	0.00197	0.00222	T
195	0.00983	0.01017	A
196	0.00849	0.00864	A
197	0.00119	0.00132	T
198	0.00973	0.00979	A
199	0.00823	0.01026	A
200	0.00107	0.00121	T
201	0.03593	0.03704	C
202	0.00165	0.00166	T
203	0.00114	0.00118	T
204	0.01248	0.01813	C
205	0.00188	0.00189	T
206	0.00192	0.00212	T
207	0.02215	0.02357	C
208	0.03476	0.03542	A
209	0.00301	0.00328	T
210	0.02304	0.02398	A
211	0.00418	0.00462	G
212	0.00239	0.00262	T
213	0.02795	0.02805	A
214	0.02197	0.02309	A
215	0.0058	0.00684	T
216	0.0275	0.02858	A
217	0.03843	0.04103	C
218	0.02166	0.02191	C
219	0.02953	0.02967	C
220	0.04377	0.05461	A
221	0.00411	0.00688	T
222	0.0559	0.05784	C
223	0.04285	0.04644	A
224	0.0034	0.00387	T
225	0.04339	0.04348	A
226	0.03814	0.04568	A
227	0.00232	0.0031	T
228	0.01678	0.01816	C
229	0.00559	0.00579	G
230	0.00263	0.00272	G
231	0.01618	0.02204	A
232	0.00387	0.00389	G
233	0.00419	0.00425	G
234	0.00834	0.00877	C
235	0.0015	0.00157	T
236	0.00347	0.00351	T
237	0.0023	0.00232	T
238	0.00307	0.00312	G
239	0.00398	0.00401	G
240	0.08527	0.08655	C
241	0.02977	0.03001	A
242	0.03236	0.03249	A
243	0.0326	0.03363	C
244	0.0021	0.0025	T
245	0.00515	0.00694	G
246	0.06489	0.06568	A
247	0.08569	0.08709	C
248	0.00398	0.00433	T
249	0.0271	0.02903	A
250	0.00513	0.00581	G
251	0.00153	0.00159	T
252	0.00145	0.00149	T
253	0.01442	0.01448	C
254	0.01635	0.0164	C
255	0.02342	0.02348	C
256	0.02373	0.02378	C
257	0.00258	0.0036	T
258	0.06063	0.06235	A
259	0.05934	0.06006	A
260	0.00474	0.00519	T
261	0.05561	0.05567	A
262	0.0467	0.05982	A
263	0.00303	0.00346	T
264	0.0545	0.05863	C
265	0.00425	0.00433	G
266	0.00478	0.00488	G
267	0.00297	0.00338	T
268	0.00621	0.00693	G
269	0.01981	0.02012	C
270	0.00852	0.00857	C
271	0.02059	0.02064	C
272	0.00479	0.00484	C
273	0.00374	0.00377	C
274	0.00473	0.00538	G
275	0.01254	0.013	A
276	0.00091	0.00114	T
277	0.03328	0.03399	A
278	0.00204	0.0022	T
279	0.0021	0.00222	G
280	0.00254	0.00259	G
281	0.03639	0.03663	C
282	0.00508	0.00534	G
283	0.00089	0.00093	T
284	0.0017	0.00172	T
285	0.0015	0.00152	T
286	0.02431	0.02442	C
287	0.02612	0.02616	C
288	0.03585	0.03588	C
289	0.03376	0.03381	C
290	0.00595	0.00836	G
291	0.03933	0.03993	C
292	0.03203	0.03541	A
293	0.00386	0.00562	T
294	0.03423	0.03436	A
295	0.02943	0.02958	A
296	0.03627	0.03695	A
297	0.04806	0.05409	C
298	0.03126	0.03131	A
299	0.03507	0.03644	A
300	0.04606	0.04852	C
301	0.03458	0.03626	A
302	0.00286	0.00362	T
303	0.03305	0.03306	A
304	0.03344	0.03565	A
305	0.00333	0.00417	G
306	0.03236	0.03355	C
307	0.00227	0.00231	T
308	0.00259	0.00263	T
309	0.02927	0.03354	C
310	0.00365	0.00397	T
311	0.00251	0.00384	G
312	0.04169	0.04242	A
313	0.02957	0.02993	C
314	0.00188	0.00208	T
315	0.04182	0.04467	C
316	0.00337	0.00338	T
317	0.0033	0.00351	T
318	0.02373	0.0513	A
319	0.0483	0.04874	C
320	0.01865	0.01917	C
321	0.00226	0.00361	T
322	0.04021	0.04126	C
323	0.02726	0.0273	C
324	0.04777	0.04981	C
325	0.00261	0.00314	T
326	0.05736	0.05902	C
327	0.00215	0.00249	T
328	0.03344	0.03443	C
329	0.00166	0.00197	T
330	0.00949	0.00949	C
331	0.00692	0.00767	C
332	0.01044	0.01102	T
333	0.06273	0.07615	A
334	0.05506	0.05575	C
335	0.00095	0.00117	T
336	0.00504	0.00505	C
337	0.00315	0.00334	C
338	0.0011	0.0014	T
339	0.00437	0.00512	G
340	0.00643	0.00705	C
341	0.00173	0.0056	T
342	0.01959	0.02031	C
343	0.00952	0.01211	G
344	0.01993	0.02207	C
345	0.05441	0.05592	A
346	0.00182	0.00219	T
347	0.01564	0.01601	C
348	0.0018	0.00201	T
349	0.0037	0.00402	G
350	0.02141	0.0223	C
351	0.00346	0.00378	T
352	0.06981	0.0712	A
353	0.00464	0.00493	T
354	0.06814	0.07041	A
355	0.0049	0.00546	G
356	0.00151	0.00178	T
357	0.00372	0.00373	G
358	0.00255	0.00261	G
359	0.0173	0.02199	A
360	0.00371	0.00371	G
361	0.00461	0.00479	G
362	0.03146	0.0317	C
363	0.14153	0.14164	C
364	0.00699	0.00703	G
365	0.0039	0.00401	G
366	0.00923	0.01138	A
367	0.0067	0.00736	G
368	0.02193	0.02244	C
369	0.0103	0.01079	A
370	0.0034	0.00342	G
371	0.00362	0.00367	G
372	0.01502	0.01508	A
373	0.06499	0.06514	A
374	0.09464	0.09576	C
375	0.02237	0.02262	A
376	0.00375	0.00379	G
377	0.00362	0.00366	G
378	0.00348	0.00356	T
379	0.00198	0.00203	T
380	0.00413	0.00446	G
381	0.04679	0.04709	A
382	0.06517	0.06528	A
383	0.10562	0.10645	C
384	0.04705	0.04752	A
385	0.00457	0.00494	G
386	0.00196	0.00224	T
387	0.02411	0.02491	C
388	0.00296	0.00377	T
389	0.04203	0.04638	A
390	0.05583	0.05607	C
391	0.05119	0.0521	C
392	0.03439	0.03572	C
393	0.00166	0.00355	T
394	0.02072	0.02075	C
395	0.02506	0.02509	C
396	0.0403	0.04106	C
397	0.00257	0.00268	T
398	0.00354	0.00363	T
399	0.05132	0.09095	A
400	0.00882	0.01113	G
401	0.09793	0.10072	C
402	0.04627	0.0479	A
403	0.00212	0.00217	G
404	0.0027	0.00279	G
405	0.00317	0.00323	G
406	0.02365	0.02391	A
407	0.06382	0.06394	A
408	0.07283	0.07478	C
409	0.00331	0.00373	T
410	0.06746	0.07248	A
411	0.04932	0.05124	C
412	0.00175	0.00256	T
413	0.02356	0.02365	C
414	0.03051	0.03054	C
415	0.04376	0.04452	C
416	0.03805	0.06255	A
417	0.09623	0.09624	C
418	0.07369	0.07371	C
419	0.04142	0.04519	C
420	0.00337	0.00402	T
421	0.00313	0.00319	G
422	0.00219	0.00233	G
423	0.01598	0.02087	A
424	0.00423	0.00445	G
425	0.06414	0.06455	C
426	0.0132	0.01332	C
427	0.00139	0.00182	T
428	0.02494	0.02497	C
429	0.02789	0.02793	C
430	0.00504	0.00646	G
431	0.00125	0.00149	T
432	0.02021	0.02128	A
433	0.0035	0.00366	G
434	0.02197	0.0226	A
435	0.01682	0.01691	C
436	0.00682	0.0071	C
437	0.00225	0.0027	T
438	0.02517	0.02569	A
439	0.03271	0.03308	A
440	0.02932	0.02951	C
441	0.01321	0.01338	C
442	0.02891	0.03753	A
443	0.00212	0.00243	T
444	0.03195	0.03223	C
445	0.00214	0.00217	T
446	0.00193	0.00202	T
447	0.02006	0.02662	C
448	0.00216	0.00241	T
449	0.03776	0.03778	C
450	0.03202	0.03271	C
451	0.00347	0.0035	T
452	0.00391	0.00409	T
453	0.02	0.04207	A
454	0.03032	0.03143	C
455	0.02712	0.02856	A
456	0.02875	0.02878	C
457	0.01631	0.01662	C
458	0.00219	0.00273	T
459	0.05671	0.05893	A
460	0.00651	0.00795	G
461	0.06045	0.06146	C
462	0.04134	0.04262	A
463	0.00388	0.00394	G
464	0.00503	0.00516	G
465	0.0011	0.00124	T
466	0.00483	0.00507	G
467	0.00118	0.00139	T
468	0.05158	0.05191	C
469	0.00155	0.00185	T
470	0.01755	0.01762	C
471	0.01473	0.01503	C
472	0.00204	0.00234	T
473	0.02947	0.03082	C
474	0.00158	0.00184	T
475	0.03577	0.03763	A
476	0.00186	0.00232	T
477	0.02969	0.03037	C
478	0.00225	0.00226	T
479	0.00177	0.00183	T
480	0.01783	0.02446	A
481	0.0034	0.00351	G
482	0.00235	0.00241	G
483	0.00387	0.00394	G
484	0.00602	0.00609	G
485	0.02468	0.02479	C
486	0.00567	0.00581	C
487	0.00836	0.01126	A
488	0.00122	0.00193	T
489	0.00873	0.00916	C
490	0.01517	0.01532	A
491	0.01659	0.01682	A
492	0.00113	0.00121	T
493	0.00118	0.00123	T
494	0.00148	0.0016	T
495	0.00644	0.00742	C
496	0.01466	0.01533	A
497	0.00313	0.00432	T
498	0.01238	0.01331	C
499	0.01523	0.01607	A
500	0.02842	0.03273	C
501	0.02077	0.02082	A
502	0.02347	0.02408	A
503	0.04867	0.05136	C
504	0.01937	0.01939	A
505	0.02341	0.02385	A
506	0.00296	0.00314	T
507	0.00241	0.00252	T
508	0.01373	0.02923	A
509	0.0024	0.00335	T
510	0.03686	0.03774	C
511	0.05269	0.05539	A
512	0.03302	0.03443	A
513	0.00335	0.00376	T
514	0.03584	0.03767	A
515	0.00345	0.00424	T
516	0.02862	0.02867	A
517	0.01725	0.01728	A
518	0.02931	0.02932	A
519	0.05808	0.05854	A
520	0.02329	0.02525	C
521	0.01883	0.01897	C
522	0.02189	0.02196	C
523	0.02592	0.02595	C
524	0.02415	0.02421	C
525	0.00284	0.00327	T
526	0.0039	0.00427	G
527	0.01523	0.01528	C
528	0.01119	0.01129	C
529	0.01109	0.02345	A
530	0.00251	0.00386	T
531	0.01846	0.01862	A
532	0.01766	0.02109	A
533	0.02847	0.02894	C
534	0.01882	0.01894	C
535	0.03643	0.03654	C
536	0.0227	0.02307	A
537	0.02553	0.02628	A
538	0.0027	0.00334	T
539	0.05615	0.05669	A
540	0.04184	0.04211	C
541	0.02025	0.02056	C
542	0.01352	0.01364	A
543	0.02467	0.02497	A
544	0.03058	0.03131	A
545	0.0418	0.04677	C
546	0.00584	0.00661	G
547	0.0187	0.01874	C
548	0.01138	0.01138	C
549	0.02812	0.02813	C
550	0.03869	0.03877	C
551	0.00184	0.00215	T
552	0.03678	0.0373	C
553	0.0019	0.00191	T
554	0.00198	0.00227	T
555	0.02347	0.02476	C
556	0.00443	0.00473	G
557	0.00179	0.00198	T
558	0.01578	0.016	C
559	0.00255	0.00271	T
560	0.00447	0.00578	G
561	0.02075	0.02158	A
562	0.00181	0.00201	T
563	0.02298	0.0231	C
564	0.01637	0.01652	C
565	0.00659	0.00981	G
566	0.00217	0.0024	T
567	0.02825	0.02827	C
568	0.02023	0.02032	C
569	0.00231	0.00264	T
570	0.02486	0.02568	A
571	0.03174	0.03209	A
572	0.00233	0.00369	T
573	0.02835	0.02899	C
574	0.0346	0.03817	A
575	0.02636	0.02764	C
576	0.02278	0.02578	A
577	0.00533	0.00597	G
578	0.01759	0.01816	C
579	0.01741	0.02085	A
580	0.00476	0.00503	G
581	0.00113	0.00136	T
582	0.01075	0.0108	C
583	0.01044	0.0106	C
584	0.00184	0.00214	T
585	0.0184	0.01901	A
586	0.01932	0.01984	C
587	0.00124	0.00128	T
588	0.00123	0.0013	T
589	0.01181	0.01582	C
590	0.00137	0.00161	T
591	0.02312	0.02313	C
592	0.01919	0.02058	C
593	0.00228	0.00271	T
594	0.03191	0.035	A
595	0.00227	0.00248	T
596	0.03854	0.03924	C
597	0.00244	0.00287	T
598	0.03161	0.03279	C
599	0.00286	0.00362	T
600	0.04652	0.04658	C
601	0.02412	0.02413	C
602	0.02582	0.02599	C
603	0.02641	0.04273	A
604	0.00438	0.00484	G
605	0.00253	0.00284	T
606	0.03138	0.03142	C
607	0.02803	0.02811	C
608	0.00253	0.00303	T
609	0.04226	0.044	A
610	0.00371	0.00412	G
611	0.03075	0.03182	C
612	0.00152	0.00174	T
613	0.00517	0.00579	G
614	0.01128	0.01225	C
615	0.00154	0.00189	T
616	0.00312	0.00317	G
617	0.00357	0.00365	G
618	0.05027	0.05116	C
619	0.01971	0.02009	A
620	0.00155	0.00268	T
621	0.01739	0.01772	C
622	0.03973	0.03998	A
623	0.05012	0.051	C
624	0.0025	0.00284	T
625	0.03981	0.04187	A
626	0.00311	0.00388	T
627	0.05663	0.05748	A
628	0.05817	0.06134	C
629	0.00253	0.00396	T
630	0.05588	0.05739	A
631	0.05404	0.05927	C
632	0.00278	0.00337	T
633	0.03968	0.03999	A
634	0.048	0.04995	A
635	0.03219	0.0332	C
636	0.02408	0.02618	A
637	0.00493	0.00536	G
638	0.02132	0.0218	A
639	0.0141	0.01423	C
640	0.01356	0.01376	C
641	0.00741	0.01921	G
642	0.05674	0.07103	C
643	0.03299	0.03667	A
644	0.04455	0.04482	A
645	0.04553	0.04574	C
646	0.02185	0.02264	C
647	0.00303	0.00484	T
648	0.03893	0.04033	C
649	0.03094	0.03362	A
650	0.02885	0.02935	A
651	0.05442	0.05972	C
652	0.03247	0.03425	A
653	0.04672	0.04685	C
654	0.0326	0.03472	C
655	0.04826	0.06283	A
656	0.03834	0.03835	C
657	0.03045	0.03081	C
658	0.00156	0.00171	T
659	0.00159	0.00166	T
660	0.02027	0.02978	C
661	0.00212	0.00215	T
662	0.00197	0.00212	T
663	0.02678	0.02875	C
664	0.00522	0.00641	G
665	0.04687	0.04854	A
666	0.02792	0.02806	C
667	0.04627	0.04669	C
668	0.04351	0.04363	C
669	0.05361	0.05398	C
670	0.00552	0.00711	G
671	0.04459	0.04459	C
672	0.0158	0.01589	C
673	0.00479	0.00481	G
674	0.00315	0.00324	G
675	0.01572	0.01831	A
676	0.00459	0.00459	G
677	0.00265	0.00275	G
678	0.01612	0.01887	A
679	0.00474	0.00474	G
680	0.00316	0.0033	G
681	0.03428	0.05179	A
682	0.00665	0.00781	G
683	0.04192	0.04399	A
684	0.02951	0.03	C
685	0.0234	0.02343	C
686	0.0273	0.02734	C
687	0.02586	0.0259	C
688	0.03271	0.038	A
689	0.00178	0.00183	T
690	0.00168	0.00174	T
691	0.01713	0.0194	C
692	0.00172	0.00192	T
693	0.01369	0.0183	A
694	0.00172	0.00227	T
695	0.0171	0.01766	A
696	0.01254	0.01281	C
697	0.00763	0.00778	C
698	0.01347	0.01387	A
699	0.01575	0.01619	A
700	0.02273	0.02557	C
701	0.01533	0.01663	A
702	0.01887	0.01901	C
703	0.01263	0.01297	C
704	0.0019	0.00222	T
705	0.03235	0.03415	A
706	0.00208	0.0021	T
707	0.00214	0.00218	T
708	0.03338	0.03938	C
709	0.00781	0.00799	T
710	0.00703	0.00776	G
711	0.02437	0.02617	A
712	0.00081	0.00084	T
713	0.0008	0.00081	T
714	0.00081	0.00082	T
715	0.00149	0.00149	T
716	0.00184	0.00185	T
717	0.01071	0.01219	C
718	0.00462	0.00467	G
719	0.00414	0.00418	G
720	0.00285	0.00725	T
721	0.01279	0.0134	C
722	0.02083	0.02159	A
723	0.02977	0.02981	C
724	0.0169	0.01691	C
725	0.01943	0.01957	C
726	0.00235	0.0029	T
727	0.00285	0.00348	G
728	0.01889	0.01899	A
729	0.01809	0.01818	A
730	0.00304	0.00332	G
731	0.00145	0.0015	T
732	0.00135	0.00136	T
733	0.00158	0.00163	T
734	0.01517	0.0188	A
735	0.00167	0.0019	T
736	0.02729	0.03104	A
737	0.00204	0.00205	T
738	0.00194	0.00201	T
739	0.02181	0.02636	C
740	0.00407	0.00408	T
741	0.00222	0.00231	T
742	0.00764	0.03748	A
743	0.00176	0.00212	T
744	0.02187	0.02231	C
745	0.01196	0.01222	C
746	0.00218	0.00297	T
747	0.03937	0.04046	A
748	0.04922	0.04931	C
749	0.03608	0.03648	C
750	0.02487	0.04155	A
751	0.00216	0.00227	G
752	0.00355	0.0036	G
753	0.0412	0.04208	C
754	0.00164	0.00171	T
755	0.00172	0.00174	T
756	0.02288	0.02457	C
757	0.00346	0.00351	G
758	0.00262	0.00269	G
759	0.02025	0.02034	A
760	0.01519	0.01526	A
761	0.002	0.00222	T
762	0.01427	0.01431	A
763	0.01547	0.0174	A
764	0.00139	0.00171	T
765	0.01237	0.01377	C
766	0.00203	0.00276	T
767	0.01852	0.01868	C
768	0.02006	0.0201	C
769	0.04159	0.0421	C
770	0.02919	0.03934	A
771	0.00322	0.00342	T
772	0.03245	0.03322	A
773	0.00394	0.00396	T
774	0.00331	0.00338	T
775	0.00333	0.00432	G
776	0.00308	0.00396	T
777	0.04429	0.04487	A
778	0.0455	0.04581	A
779	0.05368	0.05542	C
780	0.00359	0.00374	T
781	0.00287	0.00324	T
782	0.02562	0.05	A
783	0.04268	0.04407	C
784	0.00254	0.00358	T
785	0.03565	0.04154	A
786	0.0353	0.03768	C
787	0.00249	0.00278	T
788	0.03341	0.03345	C
789	0.03423	0.03452	C
790	0.00421	0.00439	G
791	0.00923	0.00976	G
792	0.00114	0.00152	A
793	0.00083	0.00102	A
794	0.00257	0.00274	A
795	0.0234	0.02344	A
796	0.02034	0.02039	A
797	0.02432	0.02444	A
798	0.02323	0.02324	A
799	0.00649	0.00727	G
800	0.0265	0.02653	A
801	0.11791	0.11868	A
802	0.02165	0.02187	C
803	0.0102	0.01025	C
804	0.0265	0.02797	A
805	0.00137	0.0014	T
806	0.00192	0.00194	T
807	0.00193	0.00195	T
808	0.00349	0.00354	G
809	0.00323	0.00329	G
810	0.00796	0.02178	A
811	0.00157	0.00173	T
812	0.01414	0.0144	A
813	0.01999	0.02031	C
814	0.01606	0.01668	A
815	0.00105	0.00121	T
816	0.00868	0.00905	A
817	0.00264	0.00271	G
818	0.00408	0.00413	G
819	0.00289	0.00317	T
820	0.06722	0.06799	A
821	0.0044	0.00455	T
822	0.00407	0.00417	G
823	0.00291	0.00299	G
824	0.002	0.0023	T
825	0.02698	0.02765	C
826	0.00257	0.00304	T
827	0.00526	0.00673	G
828	0.1041	0.10486	A
829	0.00536	0.00563	G
830	0.01194	0.01237	C
831	0.00091	0.00111	T
832	0.0108	0.01147	A
833	0.00108	0.00131	T
834	0.00223	0.0027	G
835	0.06068	0.06164	A
836	0.00135	0.00158	T
837	0.01852	0.01907	A
838	0.00294	0.00382	T
839	0.01417	0.01484	C
840	0.03041	0.03049	A
841	0.02726	0.0283	A
842	0.00163	0.00167	T
843	0.00163	0.00167	T
844	0.003	0.00305	G
845	0.00332	0.00337	G
846	0.08001	0.08159	C
847	0.00119	0.00121	T
848	0.00092	0.00096	T
849	0.00995	0.01004	C
850	0.01484	0.01494	C
851	0.00196	0.00219	T
852	0.04678	0.04946	A
853	0.00178	0.00181	G
854	0.00232	0.00233	G
855	0.00412	0.00413	G
856	0.00168	0.00171	T
857	0.00227	0.00228	T
858	0.00264	0.00267	T
859	0.03979	0.04519	A
860	0.00245	0.00272	T
861	0.04436	0.04506	C
862	0.00607	0.00622	G
863	0.00252	0.00275	T
864	0.00754	0.0079	G
865	0.00323	0.00444	T
866	0.00457	0.00484	G
867	0.03216	0.03384	A
868	0.00651	0.00745	G
869	0.01954	0.02127	C
870	0.01841	0.0237	A
871	0.01685	0.01803	C
872	0.04193	0.04427	A
873	0.03888	0.0389	C
874	0.03722	0.03793	C
875	0.02418	0.03282	A
876	0.00271	0.00304	T
877	0.03021	0.03137	A
878	0.00268	0.00284	T
879	0.03033	0.0313	A
880	0.00262	0.00266	T
881	0.00312	0.00314	T
882	0.00265	0.00268	T
883	0.0374	0.04702	A
884	0.04842	0.04875	C
885	0.04629	0.04675	A
886	0.0049	0.00532	G
887	0.0024	0.00268	T
888	0.03177	0.03253	A
889	0.00254	0.00258	G
890	0.00284	0.00288	G
891	0.02403	0.02412	A
892	0.038	0.0384	A
893	0.00234	0.00263	T
894	0.02533	0.02606	A
895	0.00334	0.00357	G
896	0.03013	0.03063	A
897	0.03939	0.03999	C
898	0.00521	0.00539	G
899	0.00155	0.00208	T
900	0.02669	0.02748	A
901	0.00341	0.00374	G
902	0.03755	0.03869	A
903	0.02886	0.03083	C
904	0.02483	0.0262	A
905	0.02766	0.0303	C
906	0.03605	0.03748	A
907	0.0483	0.05005	C
908	0.00436	0.00507	G
909	0.03517	0.03596	A
910	0.00529	0.00649	G
911	0.04759	0.04842	C
912	0.0369	0.03751	A
913	0.00225	0.00241	T
914	0.03504	0.03566	A
915	0.00159	0.0016	T
916	0.00206	0.00209	T
917	0.00236	0.0024	T
918	0.02498	0.02605	C
919	0.05053	0.05094	A
920	0.04149	0.04158	C
921	0.01466	0.01498	C
922	0.00282	0.00313	T
923	0.01715	0.01716	C
924	0.01936	0.01958	C
925	0.00506	0.00643	G
926	0.0222	0.02516	C
927	0.00228	0.00264	T
928	0.02361	0.0242	A
929	0.0329	0.03293	C
930	0.02189	0.02218	C
931	0.01901	0.03384	A
932	0.00292	0.00333	T
933	0.03163	0.03165	A
934	0.03711	0.04159	A
935	0.0024	0.00405	T
936	0.03227	0.03342	C
937	0.0369	0.03859	A
938	0.00331	0.00357	T
939	0.04819	0.04959	C
940	0.00567	0.00598	G
941	0.02405	0.02498	C
942	0.002	0.00227	T
943	0.04751	0.05136	A
944	0.00265	0.0032	T
945	0.02405	0.02458	C
946	0.01767	0.01794	C
947	0.03804	0.03811	C
948	0.04884	0.04912	C
949	0.03826	0.04686	A
950	0.07881	0.07882	C
951	0.03689	0.03736	C
952	0.00372	0.00399	G
953	0.00308	0.00311	G
954	0.01084	0.01112	C
955	0.00587	0.00603	G
956	0.00143	0.0024	T
957	0.02969	0.03008	C
958	0.04766	0.0478	A
959	0.06454	0.06461	A
960	0.03668	0.03676	A
961	0.00584	0.00637	G
962	0.00282	0.00315	T
963	0.04704	0.04818	A
964	0.00379	0.00381	T
965	0.00432	0.00433	T
966	0.00428	0.00431	T
967	0.06148	0.07884	A
968	0.00361	0.00387	G
969	0.02198	0.02255	C
970	0.00157	0.00173	T
971	0.00306	0.0038	G
972	0.07974	0.08161	A
973	0.0405	0.04139	C
974	0.00169	0.00213	T
975	0.02259	0.02361	C
976	0.00533	0.00605	G
977	0.00541	0.00542	C
978	0.00489	0.00504	C
979	0.02574	0.06601	A
980	0.06578	0.07068	C
981	0.03954	0.04739	A
982	0.04844	0.05276	C
983	0.00245	0.0029	T
984	0.03983	0.03983	C
985	0.03216	0.03258	C
986	0.0323	0.04385	A
987	0.08015	0.08183	C
988	0.0038	0.00416	G
989	0.00364	0.00376	G
990	0.02644	0.0267	A
991	0.02663	0.0267	A
992	0.00515	0.00658	G
993	0.02238	0.02356	C
994	0.05038	0.05045	A
995	0.03841	0.03868	A
996	0.00311	0.0034	T
997	0.03907	0.03948	A
998	0.00258	0.0028	T
999	0.00322	0.00403	G
1000	0.02179	0.0219	A
1001	0.05256	0.05345	A
1002	0.04074	0.04205	A
1003	0.00281	0.00345	T
1004	0.00364	0.00501	G
1005	0.04283	0.04423	A
1006	0.0023	0.00255	T
1007	0.04583	0.04651	C
1008	0.00195	0.00222	T
1009	0.00454	0.00521	G
1010	0.02403	0.02537	C
1011	0.00167	0.00214	T
1012	0.00406	0.00497	G
1013	0.06081	0.06207	C
1014	0.04617	0.04968	A
1015	0.00437	0.00458	G
1016	0.00137	0.00155	T
1017	0.00469	0.00483	G
1018	0.0216	0.02204	C
1019	0.00156	0.0017	T
1020	0.03122	0.03167	C
1021	0.0028	0.00306	T
1022	0.0035	0.00514	G
1023	0.0309	0.03254	A
1024	0.00582	0.00619	G
1025	0.00795	0.00806	C
1026	0.0084	0.00844	C
1027	0.01093	0.01097	C
1028	0.0016	0.00176	T
1029	0.01919	0.01966	A
1030	0.00144	0.00147	G
1031	0.0018	0.00183	G
1032	0.01578	0.01806	A
1033	0.00173	0.00175	T
1034	0.00224	0.00234	T
1035	0.03354	0.03488	C
1036	0.04873	0.05064	A
1037	0.00191	0.00205	T
1038	0.03315	0.03389	C
1039	0.00151	0.00154	T
1040	0.00216	0.00217	T
1041	0.00193	0.002	T
1042	0.05337	0.06719	C
1043	0.00177	0.00177	T
1044	0.0019	0.00191	T
1045	0.00267	0.00267	T
1046	0.00284	0.00287	T
1047	0.02871	0.03794	C
1048	0.06475	0.06523	A
1049	0.06084	0.06086	C
1050	0.0355	0.03578	C
1051	0.00565	0.00771	G
1052	0.00259	0.00307	T
1053	0.03144	0.03189	A
1054	0.00403	0.00409	G
1055	0.00518	0.00533	G
1056	0.00173	0.00189	T
1057	0.00373	0.00376	G
1058	0.0027	0.00278	G
1059	0.01942	0.01957	C
1060	0.00878	0.00899	C
1061	0.00173	0.00204	T
1062	0.00328	0.00394	G
1063	0.0436	0.04433	A
1064	0.07785	0.07864	C
1065	0.0022	0.00236	T
1066	0.00407	0.00413	G
1067	0.00466	0.00472	G
1068	0.00896	0.00917	C
1069	0.04314	0.04373	A
1070	0.00235	0.00238	T
1071	0.00202	0.00204	T
1072	0.00473	0.00524	G
1073	0.00189	0.00207	T
1074	0.03172	0.03307	A
1075	0.00345	0.00345	T
1076	0.00376	0.00387	T
1077	0.01798	0.02566	A
1078	0.00575	0.00681	G
1079	0.01363	0.01535	C
1080	0.02407	0.02418	A
1081	0.02825	0.02844	A
1082	0.0351	0.03536	A
1083	0.03708	0.04118	C
1084	0.00249	0.00439	T
1085	0.02177	0.02251	C
1086	0.02543	0.02978	A
1087	0.00283	0.00577	T
1088	0.03798	0.03999	C
1089	0.04463	0.04573	A
1090	0.06111	0.06558	C
1091	0.00318	0.00355	T
1092	0.0451	0.04811	A
1093	0.00348	0.00388	G
1094	0.03331	0.03389	A
1095	0.03166	0.03264	C
1096	0.04347	0.04428	A
1097	0.00192	0.00223	T
1098	0.01799	0.01814	C
1099	0.00663	0.0069	G
1100	0.00148	0.00175	T
1101	0.03684	0.03778	A
1102	0.05347	0.05468	C
1103	0.00212	0.00355	T
1104	0.03557	0.03744	A
1105	0.03439	0.03605	C
1106	0.03755	0.0396	A
1107	0.05311	0.05469	C
1108	0.00482	0.00587	G
1109	0.04807	0.04931	A
1110	0.083	0.08514	C
1111	0.04338	0.04402	A
1112	0.06411	0.06566	C
1113	0.00437	0.0047	G
1114	0.00166	0.00191	T
1115	0.03786	0.03812	A
1116	0.0399	0.04044	C
1117	0.00131	0.00151	T
1118	0.02283	0.02316	A
1119	0.01379	0.01407	C
1120	0.00421	0.00446	G
1121	0.00113	0.00116	T
1122	0.00112	0.00114	T
1123	0.00412	0.00435	G
1124	0.00121	0.00165	T
1125	0.02075	0.02199	A
1126	0.00509	0.0053	G
1127	0.0262	0.02654	C
1128	0.01312	0.0132	C
1129	0.02996	0.03002	C
1130	0.01694	0.02873	A
1131	0.03413	0.03484	C
1132	0.00175	0.00199	T
1133	0.00174	0.00176	T
1134	0.02306	0.02309	C
1135	0.01951	0.01965	C
1136	0.02272	0.04098	A
1137	0.04512	0.04598	C
1138	0.00232	0.00247	T
1139	0.02791	0.0291	A
1140	0.00288	0.00307	T
1141	0.00368	0.00413	G
1142	0.0016	0.00178	T
1143	0.01063	0.01068	C
1144	0.01839	0.01856	C
1145	0.00202	0.00242	T
1146	0.03888	0.03962	A
1147	0.00291	0.00448	T
1148	0.06789	0.06863	C
1149	0.0604	0.06102	A
1150	0.05262	0.05552	A
1151	0.00255	0.00278	T
1152	0.0207	0.02183	A
1153	0.00268	0.00279	G
1154	0.00219	0.00222	G
1155	0.03537	0.04571	A
1156	0.00462	0.00475	G
1157	0.04928	0.05058	C
1158	0.00213	0.00228	T
1159	0.00596	0.00633	G
1160	0.00237	0.00253	T
1161	0.03786	0.03846	A
1162	0.00348	0.00349	T
1163	0.0043	0.00431	T
1164	0.00394	0.00395	T
1165	0.00389	0.00452	G
1166	0.01374	0.01382	C
1167	0.00736	0.00743	C
1168	0.05184	0.06339	A
1169	0.00279	0.00389	T
1170	0.06831	0.06868	C
1171	0.0253	0.02706	A
1172	0.00139	0.00157	T
1173	0.01627	0.01796	A
1174	0.00278	0.00292	G
1175	0.00266	0.00286	G
1176	0.02866	0.03929	A
1177	0.00297	0.00299	G
1178	0.0025	0.00257	G
1179	0.08025	0.08579	C
1180	0.00118	0.00128	T
1181	0.00093	0.00113	T
1182	0.00907	0.00948	C
1183	0.02564	0.02617	A
1184	0.00211	0.00229	T
1185	0.00356	0.00412	T
1186	0.06716	0.07073	C
1187	0.06353	0.064	A
1188	0.07956	0.0805	C
1189	0.00223	0.00235	T
1190	0.00321	0.00348	G
1191	0.01706	0.01738	A
1192	0.00089	0.0009	T
1193	0.00147	0.00148	T
1194	0.00155	0.00156	T
1195	0.00836	0.00846	C
1196	0.01192	0.01194	C
1197	0.01172	0.01174	C
1198	0.00918	0.0092	C
1199	0.00138	0.00165	T
1200	0.01784	0.01911	A
1201	0.00129	0.00132	T
1202	0.00277	0.00284	T
1203	0.06526	0.07263	C
1204	0.00939	0.01791	T
1205	0.0483	0.0505	C
1206	0.04431	0.04676	A
1207	0.00225	0.00228	G
1208	0.00426	0.00429	G
1209	0.00614	0.00651	C
1210	0.00136	0.00173	T
1211	0.02133	0.02465	A
1212	0.01729	0.01805	C
1213	0.02387	0.02597	A
1214	0.02659	0.02667	C
1215	0.01265	0.01267	C
1216	0.013	0.01322	C
1217	0.00146	0.00195	T
1218	0.01618	0.01933	A
1219	0.00314	0.00347	G
1220	0.04332	0.04393	A
1221	0.03737	0.03747	C
1222	0.00882	0.00911	C
1223	0.01093	0.01129	A
1224	0.01972	0.02036	A
1225	0.01994	0.02001	A
1226	0.01629	0.01646	C
1227	0.0058	0.00598	C
1228	0.00143	0.0017	T
1229	0.01006	0.01232	A
1230	0.0161	0.01648	C
1231	0.00417	0.00445	G
1232	0.0156	0.01561	C
1233	0.01035	0.01039	C
1234	0.00482	0.00489	A
1235	0.0032	0.00323	A
1236	0.00848	0.00853	A
1237	0.00958	0.00964	A
1238	0.00099	0.00121	T
1239	0.00704	0.00707	C
1240	0.01386	0.01391	C
1241	0.01639	0.01997	A
1242	0.00118	0.00127	T
1243	0.00141	0.00143	T
1244	0.00184	0.00186	T
1245	0.01615	0.01682	C
1246	0.03213	0.03239	A
1247	0.04206	0.04277	C
1248	0.00215	0.00233	T
1249	0.02502	0.02552	A
1250	0.00207	0.00362	T
1251	0.0264	0.02703	C
1252	0.02638	0.02791	A
1253	0.00179	0.00199	T
1254	0.0247	0.0266	A
1255	0.00169	0.00172	T
1256	0.00136	0.00142	T
1257	0.02069	0.02164	C
1258	0.04479	0.04554	A
1259	0.00417	0.00496	T
1260	0.0271	0.02778	C
1261	0.00511	0.0052	G
1262	0.00385	0.0039	G
1263	0.03894	0.03916	C
1264	0.00697	0.00711	G
1265	0.00197	0.00235	T
1266	0.01133	0.01141	A
1267	0.02968	0.02985	A
1268	0.02671	0.02688	A
1269	0.00166	0.00223	T
1270	0.01878	0.01927	C
1271	0.00235	0.0025	T
1272	0.03151	0.03177	A
1273	0.03885	0.03937	A
1274	0.0314	0.0329	C
1275	0.00117	0.00121	T
1276	0.00134	0.00137	T
1277	0.00117	0.00119	T
1278	0.01715	0.01891	C
1279	0.00329	0.00331	T
1280	0.00641	0.00651	T
1281	0.01373	0.01381	C
1282	0.01762	0.01772	C
1283	0.03773	0.03831	C
1284	0.02187	0.03519	A
1285	0.06219	0.06903	C
1286	0.02977	0.03042	A
1287	0.0376	0.03886	A
1288	0.0648	0.07222	C
1289	0.04866	0.04952	A
1290	0.06641	0.06905	C
1291	0.00104	0.00109	T
1292	0.00305	0.00307	T
1293	0.00297	0.00298	T
1294	0.04144	0.04341	C
1295	0.00652	0.00719	T
1296	0.0383	0.04041	C
1297	0.00497	0.00508	G
1298	0.00497	0.00501	G
1299	0.0618	0.06183	C
1300	0.0213	0.02229	C
1301	0.00267	0.00302	T
1302	0.06006	0.06186	A
1303	0.0028	0.00309	T
1304	0.02086	0.02101	C
1305	0.01213	0.01221	C
1306	0.00355	0.00358	G
1307	0.00363	0.00368	G
1308	0.02778	0.02788	A
1309	0.03588	0.03627	A
1310	0.00272	0.003	T
1311	0.00388	0.00445	G
1312	0.03636	0.03645	C
1313	0.01931	0.01934	C
1314	0.0257	0.02576	C
1315	0.02709	0.02712	C
1316	0.00482	0.00644	G
1317	0.04432	0.04464	A
1318	0.10386	0.10425	C
1319	0.00633	0.00661	G
1320	0.00319	0.00336	T
1321	0.00339	0.00349	T
1322	0.0354	0.05362	A
1323	0.08091	0.08149	C
1324	0.00244	0.00275	T
1325	0.01317	0.01381	C
1326	0.0033	0.00334	G
1327	0.00263	0.00268	G
1328	0.06296	0.08074	A
1329	0.04303	0.044	C
1330	0.00221	0.00313	T
1331	0.0439	0.04597	A
1332	0.04718	0.04731	C
1333	0.02645	0.02731	C
1334	0.00832	0.00837	C
1335	0.00679	0.00683	C
1336	0.00521	0.00591	G
1337	0.01668	0.01732	A
1338	0.00132	0.00149	T
1339	0.00333	0.00396	G
1340	0.01974	0.02031	C
1341	0.01531	0.01595	A
1342	0.00153	0.0018	T
1343	0.01304	0.01355	A
1344	0.01973	0.02049	C
1345	0.02048	0.02083	A
1346	0.02389	0.02417	C
1347	0.01952	0.02058	C
1348	0.02377	0.03	A
1349	0.03827	0.03934	C
1350	0.02117	0.02461	A
1351	0.00217	0.00253	T
1352	0.00261	0.0033	G
1353	0.02545	0.02556	A
1354	0.02352	0.02374	A
1355	0.02358	0.02375	A
1356	0.03282	0.03579	C
1357	0.02251	0.02283	A
1358	0.00149	0.0017	T
1359	0.01022	0.01026	C
1360	0.00811	0.00828	C
1361	0.00127	0.0015	T
1362	0.02088	0.02146	A
1363	0.00177	0.00305	T
1364	0.01953	0.02059	C
1365	0.02403	0.02531	A
1366	0.00142	0.00163	T
1367	0.0216	0.0222	C
1368	0.002	0.00211	T
1369	0.00419	0.00449	G
1370	0.00115	0.00141	T
1371	0.00867	0.00948	A
1372	0.0015	0.00151	G
1373	0.00244	0.00247	G
1374	0.02199	0.0225	C
1375	0.0011	0.0016	T
1376	0.01462	0.01485	C
1377	0.0131	0.01519	A
1378	0.00093	0.00096	T
1379	0.00125	0.0013	T
1380	0.00705	0.00741	C
1381	0.01689	0.01757	A
1382	0.00066	0.00068	T
1383	0.00098	0.00099	T
1384	0.00098	0.00101	T
1385	0.00762	0.00809	C
1386	0.00109	0.0012	T
1387	0.0077	0.00797	C
1388	0.00149	0.00169	T
1389	0.0109	0.01118	A
1390	0.01488	0.01507	A
1391	0.01158	0.01212	C
1392	0.01487	0.0153	A
1393	0.00351	0.00433	G
1394	0.00853	0.00867	C
1395	0.01343	0.01394	A
1396	0.00273	0.00289	G
1397	0.00121	0.00136	T
1398	0.00998	0.01	A
1399	0.00932	0.00945	A
1400	0.00099	0.00108	T
1401	0.01146	0.01173	A
1402	0.00162	0.00164	T
1403	0.00124	0.00134	T
1404	0.01225	0.01245	A
1405	0.01402	0.01454	A
1406	0.00165	0.00209	T
1407	0.01305	0.01306	A
1408	0.00963	0.01703	A
1409	0.00095	0.00097	T
1410	0.00082	0.00085	T
1411	0.00128	0.00129	T
1412	0.00116	0.00118	T
1413	0.01519	0.01976	C
1414	0.06002	0.0605	A
1415	0.00532	0.00573	T
1416	0.00258	0.00308	G
1417	0.05631	0.05694	A
1418	0.00312	0.00314	T
1419	0.00398	0.0041	T
1420	0.00353	0.00356	T
1421	0.003	0.00413	G
1422	0.10041	0.10129	A
1423	0.00391	0.0044	G
1424	0.0216	0.02164	A
1425	0.02439	0.02769	A
1426	0.00475	0.00538	G
1427	0.03378	0.03452	C
1428	0.09531	0.09535	C
1429	0.0025	0.00257	T
1430	0.00268	0.00269	T
1431	0.0406	0.04512	C
1432	0.00614	0.00633	G
1433	0.01097	0.01144	C
1434	0.00098	0.00103	T
1435	0.00197	0.002	T
1436	0.02607	0.02936	C
1437	0.0053	0.00629	G
1438	0.0631	0.06337	A
1439	0.04	0.04034	A
1440	0.00353	0.00411	G
1441	0.0267	0.02793	C
1442	0.00719	0.00775	G
1443	0.0265	0.02696	A
1444	0.033	0.03307	A
1445	0.05685	0.05693	A
1446	0.06682	0.06689	A
1447	0.00488	0.00574	G
1448	0.0011	0.0012	T
1449	0.00777	0.0078	C
1450	0.01119	0.01122	C
1451	0.00176	0.00198	T
1452	0.08844	0.08948	A
1453	0.03055	0.03086	A
1454	0.00201	0.00211	T
1455	0.02204	0.02256	A
1456	0.00359	0.00413	G
1457	0.0023	0.00273	T
1458	0.08246	0.08357	A
1459	0.00633	0.00677	G
1460	0.0703	0.07043	A
1461	0.06695	0.07086	A
1462	0.00792	0.01378	G
1463	0.06536	0.06538	A
1464	0.09303	0.09897	A
1465	0.11107	0.11342	C
1466	0.03569	0.03587	C
1467	0.0019	0.00196	C
1468	0.0014	0.00171	T
1469	0.00573	0.00574	C
1470	0.00498	0.00512	C
1471	0.01691	0.03021	A
1472	0.00458	0.00872	T
1473	0.03796	0.03831	A
1474	0.03538	0.03617	A
1475	0.06086	0.06847	A
1476	0.12322	0.12726	C
1477	0.09027	0.09332	C
1478	0.0017	0.00195	T
1479	0.00221	0.00224	G
1480	0.00147	0.00152	G
1481	0.01401	0.01632	A
1482	0.00301	0.00311	G
1483	0.00203	0.00245	T
1484	0.00382	0.00399	G
1485	0.04249	0.04364	A
1486	0.0141	0.01432	C
1487	0.00095	0.00105	T
1488	0.01426	0.01648	A
1489	0.00112	0.0013	T
1490	0.07636	0.07882	A
1491	0.00251	0.00264	T
1492	0.00245	0.00253	G
1493	0.00211	0.00216	G
1494	0.01966	0.02977	A
1495	0.00225	0.00255	T
1496	0.00774	0.00844	G
1497	0.0296	0.03022	C
1498	0.01765	0.01782	C
1499	0.02096	0.0211	C
1500	0.02488	0.02496	C
1501	0.02991	0.03001	C
1502	0.02985	0.03025	C
1503	0.03651	0.05267	A
1504	0.06156	0.06161	C
1505	0.02942	0.02942	C
1506	0.02305	0.02403	C
1507	0.00636	0.00771	T
1508	0.03248	0.03407	A
1509	0.04263	0.04279	C
1510	0.02444	0.02494	C
1511	0.01614	0.04835	A
1512	0.05377	0.05704	C
1513	0.03484	0.03663	A
1514	0.04573	0.04862	C
1515	0.04425	0.04452	A
1516	0.00241	0.00247	T
1517	0.00319	0.0032	T
1518	0.01778	0.01857	C
1519	0.00479	0.00507	G
1520	0.02165	0.02171	A
1521	0.03099	0.03109	A
1522	0.00823	0.00909	G
1523	0.01905	0.01905	A
1524	0.01235	0.01258	A
1525	0.00955	0.00967	C
1526	0.00505	0.00505	C
1527	0.01	0.01	C
1528	0.00482	0.0055	G
1529	0.00242	0.00291	T
1530	0.01675	0.01691	A
1531	0.00468	0.0048	T
1532	0.00772	0.00785	A
1533	0.01222	0.01229	C
1534	0.02208	0.0222	A
1535	0.00357	0.00398	T
1536	0.01237	0.01237	A
1537	0.01118	0.01118	A
1538	0.02064	0.02064	A
1539	0.01446	0.01446	A
1540	0.01166	0.01253	T
1541	0.04402	0.04402	C
1542	0.01637	0.01637	T
1543	0.00144	0.00144	A
1544	0.0	0.0	G
1545	0.0	0.0	A
