Position	Mismatches	Mismatches + Deletions	Base
1	0.0	0.0	A
2	0.0	0.0	T
3	0.0	0.0	A
4	0.0072	0.0072	A
5	0.00952	0.00988	C
6	0.0071	0.0071	C
7	0.00477	0.00731	A
8	0.00108	0.00118	T
9	0.00218	0.0026	G
10	0.01115	0.01139	C
11	0.01129	0.01183	A
12	0.01501	0.01518	C
13	0.01124	0.0115	A
14	0.01458	0.0148	C
15	0.00132	0.00142	T
16	0.01284	0.01372	A
17	0.01146	0.01168	C
18	0.00106	0.00115	T
19	0.00601	0.00651	A
20	0.00096	0.0012	T
21	0.00702	0.00702	A
22	0.00837	0.00862	A
23	0.00805	0.00813	C
24	0.0039	0.00393	C
25	0.00457	0.00923	A
26	0.00803	0.00804	C
27	0.00442	0.00444	C
28	0.00328	0.00333	C
29	0.00169	0.00191	T
30	0.00477	0.0049	A
31	0.00811	0.00819	A
32	0.0081	0.00812	C
33	0.00459	0.00461	C
34	0.00509	0.00511	C
35	0.00177	0.00189	T
36	0.00172	0.00182	G
37	0.00837	0.00842	A
38	0.00794	0.00808	C
39	0.001	0.00101	T
40	0.00104	0.00106	T
41	0.00644	0.00645	C
42	0.00784	0.00785	C
43	0.00679	0.00681	C
44	0.00161	0.00173	T
45	0.00736	0.0075	A
46	0.00953	0.0097	A
47	0.00089	0.0009	T
48	0.00088	0.00089	T
49	0.00269	0.00272	C
50	0.00255	0.00256	C
51	0.00371	0.00372	C
52	0.00625	0.00626	C
53	0.00686	0.00687	C
54	0.0061	0.00611	C
55	0.00692	0.00922	A
56	0.00126	0.00138	T
57	0.007	0.00702	C
58	0.00354	0.00354	C
59	0.00108	0.0011	T
60	0.00136	0.0014	T
61	0.00408	0.00719	A
62	0.00661	0.00664	C
63	0.00457	0.00464	C
64	0.00656	0.00925	A
65	0.0103	0.01031	C
66	0.0057	0.0057	C
67	0.00544	0.00551	C
68	0.0017	0.00188	T
69	0.00709	0.00717	C
70	0.00254	0.00273	G
71	0.00133	0.00139	T
72	0.00134	0.00143	T
73	0.00473	0.00481	A
74	0.00738	0.00742	A
75	0.00929	0.00932	C
76	0.00687	0.0069	C
77	0.00961	0.00965	C
78	0.00268	0.00341	T
79	0.00787	0.00845	A
80	0.00665	0.00669	A
81	0.01331	0.01435	C
82	0.00055	0.0006	A
83	0.00031	0.00036	A
84	0.00036	0.00043	A
85	0.00232	0.0024	A
86	0.00651	0.00658	A
87	0.00338	0.00343	A
88	0.00492	0.00495	A
89	0.00769	0.00771	A
90	0.00804	0.00883	C
91	0.00833	0.00872	T
92	0.0041	0.00421	C
93	0.00436	0.00505	A
94	0.0014	0.00157	T
95	0.0042	0.00487	A
96	0.00417	0.0042	C
97	0.00218	0.00219	C
98	0.00373	0.00373	C
99	0.00677	0.00678	C
100	0.00915	0.00915	C
101	0.00592	0.00867	A
102	0.00192	0.00196	T
103	0.00136	0.0014	T
104	0.00654	0.01038	A
105	0.00119	0.00131	T
106	0.00195	0.00211	G
107	0.00136	0.00154	T
108	0.00881	0.00884	A
109	0.00471	0.00472	A
110	0.0096	0.00964	A
111	0.00916	0.00922	A
112	0.00131	0.00154	T
113	0.00848	0.00852	C
114	0.00592	0.00594	C
115	0.0075	0.0084	A
116	0.00112	0.00113	T
117	0.00141	0.00142	T
118	0.00253	0.00269	G
119	0.00114	0.00178	T
120	0.00421	0.00438	C
121	0.00454	0.00505	G
122	0.00331	0.00465	C
123	0.00374	0.00402	A
124	0.00143	0.00165	T
125	0.00452	0.00454	C
126	0.0063	0.00636	C
127	0.00693	0.00936	A
128	0.01362	0.01363	C
129	0.00847	0.00851	C
130	0.00168	0.00171	T
131	0.00144	0.00149	T
132	0.0014	0.00143	T
133	0.00895	0.01078	A
134	0.00134	0.00135	T
135	0.00132	0.00135	T
136	0.00802	0.01447	A
137	0.00154	0.00203	T
138	0.01151	0.01166	C
139	0.0098	0.01002	A
140	0.00185	0.00199	G
141	0.00098	0.00108	T
142	0.00321	0.0033	C
143	0.00094	0.00102	T
144	0.00424	0.00444	C
145	0.00097	0.00097	T
146	0.00096	0.00101	T
147	0.00323	0.00325	C
148	0.00425	0.00427	C
149	0.00689	0.00691	C
150	0.01073	0.01077	C
151	0.00497	0.0072	A
152	0.01431	0.01476	C
153	0.00965	0.0097	A
154	0.01219	0.0123	A
155	0.01768	0.01811	C
156	0.01195	0.01197	A
157	0.00963	0.00975	A
158	0.00159	0.00168	T
159	0.01268	0.0133	A
160	0.00108	0.00111	T
161	0.00109	0.00111	T
162	0.00866	0.00893	C
163	0.00877	0.00889	A
164	0.00125	0.00132	T
165	0.00249	0.00266	G
166	0.00074	0.00083	T
167	0.00185	0.00195	G
168	0.00298	0.003	C
169	0.00188	0.0019	C
170	0.00129	0.00143	T
171	0.00379	0.00468	A
172	0.00159	0.00172	G
173	0.00592	0.00606	A
174	0.00793	0.00794	C
175	0.00591	0.00595	C
176	0.00855	0.00857	A
177	0.0088	0.00889	A
178	0.00146	0.00166	G
179	0.00908	0.00909	A
180	0.00926	0.00934	A
181	0.00206	0.00218	G
182	0.00119	0.00122	T
183	0.00124	0.00129	T
184	0.00697	0.01099	A
185	0.00116	0.00117	T
186	0.0012	0.00123	T
187	0.00709	0.0126	A
188	0.00104	0.00115	T
189	0.00873	0.009	C
190	0.00166	0.00175	T
191	0.01084	0.01097	C
192	0.00224	0.00239	G
193	0.00945	0.00948	A
194	0.013	0.01303	A
195	0.00801	0.00829	C
196	0.00122	0.00135	T
197	0.00154	0.00187	G
198	0.00896	0.00922	A
199	0.01078	0.01108	C
200	0.0093	0.00956	A
201	0.00662	0.0069	C
202	0.00155	0.00176	T
203	0.00247	0.00286	G
204	0.006	0.00625	A
205	0.002	0.00237	G
206	0.00935	0.00941	C
207	0.00652	0.00663	C
208	0.00533	0.00864	A
209	0.01286	0.01378	C
210	0.00777	0.00779	A
211	0.00817	0.00906	A
212	0.01222	0.01225	C
213	0.00841	0.00851	C
214	0.01107	0.01115	C
215	0.00392	0.00406	A
216	0.01008	0.01017	A
217	0.01002	0.01008	A
218	0.01768	0.01894	C
219	0.01004	0.01011	A
220	0.01353	0.01446	A
221	0.01395	0.014	C
222	0.01029	0.01042	C
223	0.00779	0.00782	C
224	0.00733	0.00929	A
225	0.00198	0.00217	G
226	0.00411	0.00426	C
227	0.00103	0.00119	T
228	0.00488	0.00514	C
229	0.00111	0.00146	T
230	0.00663	0.00664	C
231	0.00605	0.00607	C
232	0.00317	0.00322	C
233	0.00118	0.0014	T
234	0.00603	0.00615	A
235	0.00544	0.00548	A
236	0.00107	0.00124	G
237	0.00477	0.00494	C
238	0.00076	0.0008	T
239	0.00106	0.00108	T
240	0.00506	0.00546	C
241	0.00637	0.00641	A
242	0.00582	0.00583	A
243	0.00959	0.0096	A
244	0.00996	0.01065	C
245	0.00108	0.00114	T
246	0.0072	0.00741	A
247	0.00093	0.001	G
248	0.00867	0.00873	A
249	0.00561	0.00573	C
250	0.00087	0.00092	T
251	0.00356	0.00372	A
252	0.00433	0.00445	C
253	0.00074	0.00075	T
254	0.00081	0.00082	T
255	0.00255	0.00353	C
256	0.00084	0.00099	T
257	0.00589	0.0059	C
258	0.00741	0.00744	C
259	0.00365	0.00566	A
260	0.00106	0.00114	T
261	0.00564	0.00565	A
262	0.00629	0.00662	A
263	0.00111	0.00119	T
264	0.00862	0.0089	A
265	0.00092	0.00093	T
266	0.001	0.00103	T
267	0.00805	0.00831	C
268	0.00832	0.00865	A
269	0.00098	0.00112	T
270	0.00596	0.00598	C
271	0.00429	0.00431	C
272	0.00627	0.00628	C
273	0.00119	0.00126	T
274	0.00232	0.0025	G
275	0.00095	0.00104	T
276	0.00663	0.00676	A
277	0.00164	0.00191	G
278	0.00541	0.00554	C
279	0.013	0.01316	A
280	0.00126	0.00127	T
281	0.00138	0.00138	T
282	0.00205	0.00248	G
283	0.00114	0.00115	T
284	0.00104	0.00106	T
285	0.00947	0.00972	C
286	0.00308	0.00318	G
287	0.00058	0.00058	T
288	0.00063	0.00065	T
289	0.00166	0.00237	A
290	0.00181	0.00192	C
291	0.003	0.00313	A
292	0.00087	0.00101	T
293	0.00173	0.00175	G
294	0.00136	0.00137	G
295	0.00133	0.00151	T
296	0.00791	0.00793	C
297	0.00423	0.00428	C
298	0.00499	0.00595	A
299	0.0008	0.00112	T
300	0.00431	0.00441	C
301	0.00461	0.00492	A
302	0.0008	0.00093	T
303	0.00503	0.00526	A
304	0.00128	0.00139	G
305	0.0125	0.01251	A
306	0.01217	0.01234	A
307	0.00112	0.00116	T
308	0.00131	0.00135	T
309	0.01164	0.01306	C
310	0.0014	0.00212	T
311	0.01341	0.01365	C
312	0.01003	0.01033	A
313	0.00626	0.00642	C
314	0.00082	0.00091	T
315	0.00243	0.00256	G
316	0.00074	0.00083	T
317	0.0014	0.00162	G
318	0.00418	0.0044	A
319	0.00087	0.00096	T
320	0.01024	0.01048	A
321	0.00123	0.00138	T
322	0.00878	0.00904	A
323	0.00114	0.00123	T
324	0.00734	0.00735	A
325	0.00834	0.00834	A
326	0.00965	0.00992	A
327	0.00603	0.00639	C
328	0.00161	0.00218	T
329	0.00542	0.00554	C
330	0.00931	0.01024	A
331	0.00187	0.00205	G
332	0.00724	0.00738	A
333	0.0057	0.00572	C
334	0.00446	0.00449	C
335	0.00735	0.00738	C
336	0.00294	0.003	A
337	0.00725	0.00732	A
338	0.00732	0.00733	A
339	0.01136	0.01241	C
340	0.00719	0.0073	A
341	0.0011	0.00113	T
342	0.00113	0.00114	T
343	0.00594	0.00596	A
344	0.00945	0.00947	A
345	0.0008	0.00098	T
346	0.0064	0.00648	C
347	0.00648	0.00662	A
348	0.00231	0.00239	G
349	0.00074	0.00075	T
350	0.00067	0.00068	T
351	0.00507	0.00602	C
352	0.00084	0.00084	T
353	0.00099	0.001	T
354	0.00679	0.00724	C
355	0.00615	0.00618	A
356	0.00687	0.00688	A
357	0.00538	0.0054	A
358	0.00115	0.00133	T
359	0.00665	0.00674	A
360	0.00083	0.00091	T
361	0.0059	0.00598	C
362	0.00111	0.00118	T
363	0.00918	0.00956	A
364	0.00658	0.00674	C
365	0.00098	0.00123	T
366	0.00451	0.00466	C
367	0.00426	0.0051	A
368	0.00076	0.00086	T
369	0.00624	0.00637	C
370	0.00095	0.00095	T
371	0.00095	0.00097	T
372	0.00541	0.00542	C
373	0.00437	0.00439	C
374	0.00157	0.0017	T
375	0.00549	0.00563	A
376	0.0056	0.00565	A
377	0.00149	0.00152	T
378	0.00179	0.00182	T
379	0.00527	0.0103	A
380	0.01425	0.01432	C
381	0.00957	0.00961	C
382	0.00426	0.01156	A
383	0.00148	0.00163	T
384	0.00937	0.00951	A
385	0.01269	0.01317	C
386	0.00147	0.00162	T
387	0.00777	0.00782	A
388	0.01213	0.01248	A
389	0.00123	0.00135	T
390	0.01302	0.01324	C
391	0.00111	0.00111	T
392	0.00091	0.00095	T
393	0.00377	0.00569	A
394	0.00168	0.0018	G
395	0.00086	0.00087	T
396	0.00138	0.0014	T
397	0.00632	0.01056	A
398	0.01624	0.01627	C
399	0.01079	0.01083	C
400	0.00345	0.00382	G
401	0.00867	0.009	C
402	0.00146	0.00164	T
403	0.00826	0.00839	A
404	0.00751	0.00758	A
405	0.01764	0.01798	C
406	0.01059	0.01064	A
407	0.00972	0.01007	A
408	0.01538	0.01542	C
409	0.00999	0.01014	C
410	0.01307	0.01337	T
411	0.01055	0.01291	A
412	0.00156	0.00158	T
413	0.0017	0.00172	T
414	0.01462	0.01464	C
415	0.01506	0.01511	C
416	0.01246	0.01248	A
417	0.01607	0.01612	A
418	0.02228	0.02257	C
419	0.00174	0.00177	T
420	0.00272	0.00297	G
421	0.00103	0.00103	T
422	0.00088	0.00089	T
423	0.00585	0.00601	C
424	0.00582	0.00594	A
425	0.0007	0.00079	T
426	0.00574	0.00581	C
427	0.00151	0.00152	G
428	0.0028	0.0028	G
429	0.0024	0.00248	C
430	0.00081	0.00082	T
431	0.00177	0.00182	G
432	0.01171	0.0122	A
433	0.00141	0.00144	G
434	0.0185	0.01888	A
435	0.00218	0.00218	G
436	0.00229	0.00229	G
437	0.00252	0.00253	G
438	0.00445	0.00503	C
439	0.0035	0.00359	G
440	0.00086	0.00094	T
441	0.00359	0.00372	A
442	0.00156	0.00157	G
443	0.00196	0.00198	G
444	0.00564	0.00566	A
445	0.01815	0.01824	A
446	0.00148	0.00153	T
447	0.00205	0.00208	T
448	0.01216	0.02248	A
449	0.00162	0.00185	T
450	0.02186	0.0241	A
451	0.0139	0.01422	T
452	0.00364	0.00371	C
453	0.00271	0.00278	C
454	0.00059	0.00061	T
455	0.00072	0.00076	T
456	0.0077	0.00952	C
457	0.00153	0.00153	T
458	0.00147	0.0015	T
459	0.0017	0.00211	G
460	0.00338	0.00365	C
461	0.00081	0.00128	T
462	0.0025	0.00273	C
463	0.01878	0.02031	A
464	0.00058	0.00097	T
465	0.00316	0.00346	C
466	0.00541	0.00574	A
467	0.00163	0.00192	G
468	0.00092	0.00094	T
469	0.00074	0.00078	T
470	0.00127	0.00146	G
471	0.00291	0.00307	A
472	0.00059	0.00076	T
473	0.00211	0.00227	G
474	0.00389	0.00414	A
475	0.0012	0.00134	T
476	0.00643	0.00669	A
477	0.00771	0.00801	C
478	0.00277	0.00297	G
479	0.01421	0.01425	C
480	0.00904	0.00907	C
481	0.00885	0.00889	C
482	0.00303	0.00336	G
483	0.00966	0.00987	A
484	0.00305	0.0034	G
485	0.00876	0.00902	C
486	0.01075	0.01115	A
487	0.00199	0.00224	G
488	0.00862	0.00941	A
489	0.00113	0.00127	T
490	0.00182	0.00207	G
491	0.0085	0.00856	C
492	0.00659	0.00669	C
493	0.00973	0.00985	A
494	0.00971	0.00976	A
495	0.0126	0.01306	C
496	0.00819	0.00891	A
497	0.01104	0.01171	C
498	0.00864	0.00923	A
499	0.00346	0.00483	G
500	0.00666	0.00731	C
501	0.00666	0.00761	A
502	0.00189	0.00206	G
503	0.00468	0.00472	C
504	0.00488	0.00492	C
505	0.00842	0.00931	A
506	0.00108	0.00113	T
507	0.00122	0.00123	T
508	0.01209	0.01242	C
509	0.01212	0.01216	A
510	0.01497	0.01504	A
511	0.00257	0.00293	G
512	0.01697	0.01771	C
513	0.01026	0.01031	A
514	0.01104	0.0113	A
515	0.00126	0.00146	T
516	0.01269	0.01271	C
517	0.0073	0.0074	C
518	0.00157	0.00175	T
519	0.01227	0.0127	A
520	0.00151	0.0019	T
521	0.01168	0.01189	A
522	0.01823	0.01895	C
523	0.0097	0.00975	A
524	0.01126	0.01177	A
525	0.0082	0.00822	C
526	0.00647	0.00658	C
527	0.00374	0.004	G
528	0.00098	0.00118	T
529	0.00628	0.00649	A
530	0.00085	0.00106	T
531	0.00867	0.00891	C
532	0.00144	0.00146	G
533	0.00182	0.00183	G
534	0.01161	0.01185	C
535	0.00264	0.0028	G
536	0.00695	0.0076	A
537	0.00088	0.00102	T
538	0.00768	0.00793	A
539	0.00128	0.00143	T
540	0.00634	0.00653	C
541	0.00227	0.0023	G
542	0.00304	0.00307	G
543	0.00058	0.0006	T
544	0.00076	0.00077	T
545	0.00092	0.00101	T
546	0.00933	0.00978	C
547	0.0081	0.00837	A
548	0.001	0.00119	T
549	0.00704	0.00707	C
550	0.00433	0.00443	C
551	0.00103	0.00124	T
552	0.00448	0.0047	C
553	0.00204	0.00225	G
554	0.0038	0.00381	C
555	0.00305	0.00308	C
556	0.00107	0.0011	T
557	0.00121	0.00126	T
558	0.00605	0.00841	A
559	0.00166	0.00204	G
560	0.00809	0.00832	C
561	0.0083	0.00857	A
562	0.00128	0.00148	T
563	0.00135	0.0015	G
564	0.00927	0.0095	A
565	0.00086	0.00088	T
566	0.00103	0.00105	T
567	0.00118	0.00121	T
568	0.00773	0.00838	A
569	0.0016	0.00184	T
570	0.00812	0.00823	C
571	0.00477	0.00483	C
572	0.00178	0.00209	T
573	0.00893	0.00929	A
574	0.01447	0.01481	C
575	0.01048	0.01119	A
576	0.0122	0.0126	C
577	0.00155	0.00185	T
578	0.01064	0.01065	C
579	0.01023	0.01035	C
580	0.01262	0.01278	A
581	0.01785	0.01791	A
582	0.01496	0.01532	C
583	0.00137	0.00201	T
584	0.0113	0.01149	C
585	0.00872	0.00979	A
586	0.00152	0.00174	T
587	0.00133	0.00155	G
588	0.00581	0.00654	A
589	0.00171	0.00196	G
590	0.00536	0.0057	A
591	0.00419	0.00425	C
592	0.00649	0.00653	C
593	0.01193	0.01201	C
594	0.00778	0.0119	A
595	0.01942	0.02027	C
596	0.01156	0.01167	A
597	0.01107	0.01116	A
598	0.01906	0.01977	C
599	0.00514	0.00514	A
600	0.0107	0.01071	A
601	0.00946	0.0096	A
602	0.00226	0.00251	T
603	0.00942	0.00983	A
604	0.00185	0.00213	G
605	0.0107	0.01074	C
606	0.00404	0.00406	C
607	0.00602	0.00605	C
608	0.00096	0.001	T
609	0.00126	0.00129	T
610	0.00767	0.00994	C
611	0.00146	0.00164	T
612	0.00613	0.00629	A
613	0.01493	0.01496	A
614	0.01615	0.01619	A
615	0.02674	0.02866	C
616	0.00228	0.00236	G
617	0.0038	0.00391	C
618	0.00128	0.00153	T
619	0.00466	0.00472	A
620	0.00956	0.00961	A
621	0.00128	0.00146	T
622	0.01558	0.01563	C
623	0.00996	0.01001	C
624	0.0124	0.01246	A
625	0.01728	0.01736	A
626	0.00201	0.00235	G
627	0.00305	0.00307	C
628	0.00224	0.00227	C
629	0.0017	0.00615	T
630	0.00683	0.00719	C
631	0.009	0.01456	A
632	0.01717	0.01718	C
633	0.01173	0.01173	C
634	0.01568	0.01568	C
635	0.01396	0.01402	C
636	0.01161	0.02377	A
637	0.00402	0.00414	C
638	0.00076	0.00092	T
639	0.00706	0.00724	A
640	0.00278	0.00295	C
641	0.00078	0.00095	T
642	0.00204	0.0027	A
643	0.00071	0.00078	G
644	0.00142	0.0015	G
645	0.03563	0.03571	C
646	0.00429	0.00438	C
647	0.0015	0.00198	T
648	0.01716	0.01719	C
649	0.01341	0.01378	C
650	0.00126	0.00159	T
651	0.00178	0.00179	C
652	0.00102	0.00109	C
653	0.00069	0.001	T
654	0.00227	0.0026	A
655	0.00152	0.00206	G
656	0.0057	0.00612	C
657	0.0035	0.00395	A
658	0.0031	0.00399	G
659	0.01977	0.02072	C
660	0.01551	0.01613	A
661	0.00334	0.0041	G
662	0.01722	0.01852	C
663	0.00602	0.00657	A
664	0.00131	0.0014	G
665	0.00249	0.00262	G
666	0.00381	0.00435	C
667	0.00683	0.00698	A
668	0.01245	0.01255	A
669	0.01289	0.01298	A
670	0.00145	0.00317	T
671	0.01524	0.01571	C
672	0.0116	0.01221	A
673	0.0028	0.0033	G
674	0.01056	0.01062	C
675	0.00882	0.00883	C
676	0.01684	0.01689	C
677	0.00857	0.00864	A
678	0.01279	0.01284	A
679	0.00141	0.00147	T
680	0.00134	0.00138	T
681	0.01069	0.01294	A
682	0.0012	0.00125	G
683	0.0016	0.00165	G
684	0.00104	0.00135	T
685	0.00244	0.00273	C
686	0.00128	0.00172	T
687	0.01055	0.01057	C
688	0.01244	0.01262	C
689	0.00523	0.01242	A
690	0.01573	0.01575	C
691	0.00945	0.00946	C
692	0.00856	0.00856	C
693	0.00579	0.00584	C
694	0.00164	0.00188	T
695	0.00166	0.00203	G
696	0.01023	0.01061	A
697	0.0083	0.00871	C
698	0.00162	0.00209	T
699	0.00992	0.00996	C
700	0.0099	0.00993	C
701	0.01089	0.0109	C
702	0.01346	0.01354	C
703	0.00142	0.00264	T
704	0.01237	0.01286	C
705	0.00781	0.01046	A
706	0.00165	0.00194	G
707	0.01115	0.01117	C
708	0.00949	0.00953	C
709	0.01035	0.01797	A
710	0.00124	0.00142	T
711	0.00839	0.00865	A
712	0.00136	0.00161	G
713	0.00727	0.0073	A
714	0.00664	0.00687	A
715	0.00244	0.00248	G
716	0.00144	0.0015	G
717	0.0055	0.00557	C
718	0.00865	0.00869	C
719	0.0102	0.01027	C
720	0.00937	0.00952	C
721	0.00603	0.0103	A
722	0.01375	0.01378	C
723	0.00999	0.01002	C
724	0.01159	0.01163	C
725	0.01494	0.015	C
726	0.01006	0.01363	A
727	0.00143	0.00162	G
728	0.00098	0.00139	T
729	0.004	0.00411	C
730	0.00164	0.00269	T
731	0.00658	0.00681	C
732	0.0105	0.01106	A
733	0.00215	0.00235	G
734	0.00691	0.00692	C
735	0.00234	0.00235	C
736	0.00379	0.00383	C
737	0.00116	0.00136	T
738	0.00516	0.00584	A
739	0.00693	0.00725	C
740	0.00128	0.00152	T
741	0.00578	0.00578	C
742	0.00775	0.00781	C
743	0.00558	0.00865	A
744	0.01435	0.01459	C
745	0.00196	0.00256	T
746	0.01293	0.01337	C
747	0.011	0.01132	A
748	0.01475	0.01486	A
749	0.00234	0.00319	G
750	0.01337	0.01352	C
751	0.01434	0.01447	A
752	0.01915	0.01941	C
753	0.00117	0.00125	T
754	0.00877	0.00906	A
755	0.00099	0.00109	T
756	0.00975	0.00995	A
757	0.00131	0.00141	G
758	0.00074	0.00074	T
759	0.00075	0.00076	T
760	0.00192	0.00202	G
761	0.00067	0.00078	T
762	0.01184	0.01203	A
763	0.00173	0.00197	G
764	0.00552	0.00567	C
765	0.00459	0.00475	A
766	0.00126	0.00129	G
767	0.00126	0.00128	G
768	0.0044	0.00441	A
769	0.0067	0.00675	A
770	0.0008	0.00094	T
771	0.00874	0.00896	C
772	0.00099	0.00103	T
773	0.0013	0.00136	T
774	0.01077	0.01251	C
775	0.00149	0.00151	T
776	0.00141	0.00144	T
777	0.00514	0.01382	A
778	0.01447	0.01472	C
779	0.00208	0.00257	T
780	0.00985	0.01021	C
781	0.00785	0.00892	A
782	0.00134	0.00149	T
783	0.00861	0.00863	C
784	0.00741	0.00751	C
785	0.00344	0.00395	G
786	0.00593	0.00655	C
787	0.00083	0.00087	T
788	0.00104	0.00112	T
789	0.00685	0.00691	C
790	0.00654	0.00669	C
791	0.00597	0.01245	A
792	0.00617	0.00618	C
793	0.00733	0.00735	C
794	0.00964	0.00965	C
795	0.00967	0.00968	C
796	0.0082	0.00822	C
797	0.00152	0.00194	T
798	0.00915	0.00951	A
799	0.00162	0.00188	G
800	0.00881	0.00898	C
801	0.01026	0.01052	A
802	0.00164	0.00183	G
803	0.00668	0.00669	A
804	0.00412	0.00415	A
805	0.00781	0.00783	A
806	0.00581	0.00584	A
807	0.00217	0.00253	T
808	0.00755	0.00799	A
809	0.00284	0.00316	G
810	0.0052	0.00527	C
811	0.00349	0.00354	C
812	0.00511	0.00513	C
813	0.00541	0.0073	A
814	0.00861	0.00886	C
815	0.00129	0.00152	T
816	0.00377	0.00383	A
817	0.00609	0.0062	A
818	0.00102	0.00137	T
819	0.00865	0.00871	C
820	0.01307	0.01312	C
821	0.00482	0.00487	A
822	0.00954	0.00958	A
823	0.01058	0.01062	A
824	0.01907	0.02006	C
825	0.00154	0.0017	T
826	0.01401	0.01423	C
827	0.00229	0.00248	T
828	0.01339	0.01354	A
829	0.0124	0.01251	A
830	0.02163	0.02201	C
831	0.0163	0.01651	A
832	0.01876	0.01919	C
833	0.00159	0.00174	T
834	0.01154	0.01233	A
835	0.00094	0.00106	T
836	0.00144	0.00171	G
837	0.00689	0.0071	C
838	0.00084	0.00087	T
839	0.00083	0.00084	T
840	0.00548	0.00742	A
841	0.00093	0.00103	G
842	0.00116	0.00122	G
843	0.00884	0.00903	C
844	0.00263	0.00276	G
845	0.01215	0.01239	C
846	0.00123	0.00134	T
847	0.01286	0.01313	A
848	0.00094	0.00125	T
849	0.01021	0.0105	C
850	0.01273	0.01299	A
851	0.01893	0.01894	C
852	0.01259	0.01273	C
853	0.00681	0.01087	A
854	0.01454	0.01481	C
855	0.00103	0.00114	T
856	0.00614	0.00627	C
857	0.00085	0.00098	T
858	0.00225	0.00267	G
859	0.00084	0.00085	T
860	0.00123	0.00125	T
861	0.01282	0.01332	C
862	0.00337	0.00387	G
863	0.00787	0.00823	C
864	0.00693	0.0071	A
865	0.00352	0.00385	G
866	0.01652	0.01675	C
867	0.00897	0.00919	A
868	0.00212	0.00225	G
869	0.00082	0.00094	T
870	0.00481	0.00493	C
871	0.00146	0.00153	T
872	0.00159	0.00178	G
873	0.00352	0.00365	C
874	0.00345	0.00369	G
875	0.01173	0.01176	C
876	0.00294	0.00295	C
877	0.00565	0.00567	C
878	0.00122	0.00127	T
879	0.00155	0.00164	T
880	0.00417	0.00745	A
881	0.01011	0.01037	C
882	0.0071	0.00728	A
883	0.01558	0.01669	C
884	0.00693	0.00698	A
885	0.0051	0.00514	A
886	0.01	0.01004	A
887	0.00899	0.00903	A
888	0.00244	0.00275	T
889	0.00176	0.00206	G
890	0.01077	0.01102	A
891	0.0132	0.01353	C
892	0.01062	0.01077	A
893	0.00303	0.00347	T
894	0.00817	0.00903	C
895	0.00048	0.00054	A
896	0.0003	0.00033	A
897	0.00065	0.00071	A
898	0.00735	0.00741	A
899	0.00404	0.00407	A
900	0.00568	0.00571	A
901	0.007	0.00704	A
902	0.00141	0.00164	T
903	0.01103	0.01117	C
904	0.00326	0.00348	G
905	0.00103	0.00131	T
906	0.00564	0.00584	A
907	0.00203	0.00219	G
908	0.00416	0.00419	C
909	0.00248	0.0025	C
910	0.00071	0.00074	T
911	0.00079	0.00081	T
912	0.00225	0.00319	C
913	0.00117	0.00146	T
914	0.00681	0.00683	C
915	0.00868	0.00882	C
916	0.00506	0.00802	A
917	0.01195	0.01226	C
918	0.00106	0.00112	T
919	0.00124	0.00128	T
920	0.01236	0.01305	C
921	0.01322	0.01332	A
922	0.01053	0.01066	A
923	0.00125	0.00165	G
924	0.001	0.00156	T
925	0.00862	0.00887	C
926	0.0116	0.01162	A
927	0.01171	0.01173	A
928	0.01307	0.01337	C
929	0.00125	0.0013	T
930	0.01242	0.0127	A
931	0.00097	0.001	G
932	0.00105	0.00106	G
933	0.00546	0.00704	A
934	0.00655	0.00672	C
935	0.00112	0.00194	T
936	0.01112	0.0113	C
937	0.00683	0.00763	A
938	0.00123	0.00141	T
939	0.00892	0.00893	A
940	0.00788	0.00891	A
941	0.00094	0.00108	T
942	0.00737	0.00758	A
943	0.00161	0.00176	G
944	0.00081	0.00083	T
945	0.00098	0.001	T
946	0.00443	0.01042	A
947	0.01508	0.01535	C
948	0.01111	0.01113	A
949	0.01001	0.01022	A
950	0.00164	0.00182	T
951	0.01106	0.0113	C
952	0.00206	0.00212	G
953	0.00269	0.00275	G
954	0.00485	0.00511	C
955	0.01094	0.01123	A
956	0.00123	0.00248	T
957	0.01005	0.01044	C
958	0.01087	0.01102	A
959	0.01312	0.01318	A
960	0.01367	0.01374	C
961	0.01026	0.01031	C
962	0.00703	0.00718	A
963	0.01207	0.01213	A
964	0.01814	0.01822	C
965	0.01122	0.01139	C
966	0.0062	0.01142	A
967	0.02103	0.02191	C
968	0.01024	0.01191	A
969	0.02017	0.02017	C
970	0.0102	0.01035	C
971	0.00159	0.0018	T
972	0.01133	0.01158	A
973	0.00149	0.00167	G
974	0.01466	0.01493	C
975	0.00645	0.00697	A
976	0.00073	0.00074	T
977	0.00071	0.00073	T
978	0.00502	0.00504	C
979	0.00253	0.00258	C
980	0.00131	0.00146	T
981	0.00258	0.00287	G
982	0.00234	0.00251	C
983	0.01368	0.01419	A
984	0.00704	0.00724	C
985	0.00427	0.00462	A
986	0.00067	0.00075	T
987	0.00435	0.00441	C
988	0.00125	0.0013	T
989	0.00237	0.00267	G
990	0.00094	0.00112	T
991	0.0051	0.00546	A
992	0.01158	0.01161	C
993	0.00639	0.00642	C
994	0.00734	0.00736	C
995	0.00882	0.00987	A
996	0.01752	0.01772	C
997	0.00227	0.00247	G
998	0.00777	0.00777	C
999	0.00447	0.00449	C
1000	0.00092	0.00096	T
1001	0.00098	0.001	T
1002	0.00611	0.00875	C
1003	0.00142	0.00145	T
1004	0.00145	0.00149	T
1005	0.01224	0.01319	C
1006	0.01129	0.01146	A
1007	0.01234	0.01243	A
1008	0.01026	0.0103	A
1009	0.00188	0.00206	G
1010	0.0061	0.00611	C
1011	0.00594	0.00597	C
1012	0.00354	0.00973	A
1013	0.00107	0.00129	T
1014	0.00796	0.00813	A
1015	0.02132	0.02197	C
1016	0.00121	0.00136	T
1017	0.01058	0.01124	A
1018	0.00096	0.00098	T
1019	0.00106	0.00107	T
1020	0.00088	0.00093	T
1021	0.00319	0.00366	A
1022	0.00056	0.00073	T
1023	0.0014	0.00161	G
1024	0.00099	0.00111	T
1025	0.00269	0.00296	G
1026	0.00402	0.00435	C
1027	0.00091	0.0011	T
1028	0.0094	0.00943	C
1029	0.00692	0.007	C
1030	0.00158	0.00164	G
1031	0.00179	0.00182	G
1032	0.0032	0.00322	G
1033	0.00181	0.00208	T
1034	0.0059	0.00592	C
1035	0.00361	0.00365	C
1036	0.0055	0.00659	A
1037	0.00109	0.00148	T
1038	0.00617	0.00646	C
1039	0.0047	0.00529	A
1040	0.00112	0.00149	T
1041	0.00532	0.0054	C
1042	0.00756	0.00773	C
1043	0.00516	0.00829	A
1044	0.01429	0.01574	C
1045	0.00761	0.00764	A
1046	0.00826	0.00846	A
1047	0.01183	0.01185	C
1048	0.00833	0.00839	C
1049	0.00136	0.00141	T
1050	0.0015	0.00153	T
1051	0.00756	0.00761	A
1052	0.01074	0.01077	A
1053	0.01979	0.02007	C
1054	0.0122	0.01224	A
1055	0.01001	0.01018	A
1056	0.00145	0.00159	T
1057	0.00192	0.00211	G
1058	0.00866	0.00868	A
1059	0.00963	0.00969	A
1060	0.01756	0.01791	C
1061	0.01106	0.01107	A
1062	0.01006	0.01032	A
1063	0.00169	0.00187	G
1064	0.00959	0.00978	A
1065	0.00157	0.00169	T
1066	0.01334	0.01377	A
1067	0.00099	0.00101	T
1068	0.00105	0.00112	T
1069	0.00968	0.01012	C
1070	0.00235	0.00264	G
1071	0.00099	0.00102	A
1072	0.00763	0.00768	A
1073	0.00344	0.00345	A
1074	0.009	0.009	A
1075	0.00722	0.00723	A
1076	0.00117	0.00131	T
1077	0.00652	0.00664	A
1078	0.00087	0.0009	G
1079	0.00099	0.001	G
1080	0.00386	0.00415	A
1081	0.0029	0.00292	G
1082	0.00151	0.00154	G
1083	0.00588	0.00765	A
1084	0.00671	0.00715	C
1085	0.00082	0.00096	T
1086	0.00453	0.00477	A
1087	0.00712	0.0073	C
1088	0.00109	0.00154	T
1089	0.00818	0.0084	C
1090	0.0087	0.00882	A
1091	0.00601	0.00605	A
1092	0.00769	0.00773	A
1093	0.01097	0.011	A
1094	0.01126	0.01146	C
1095	0.00662	0.00666	C
1096	0.00622	0.01238	A
1097	0.00162	0.00176	T
1098	0.01163	0.01183	A
1099	0.01233	0.0124	C
1100	0.00927	0.00936	C
1101	0.0013	0.00158	T
1102	0.00942	0.00971	C
1103	0.00131	0.00193	T
1104	0.01032	0.01049	C
1105	0.01158	0.01201	A
1106	0.01604	0.01627	C
1107	0.00114	0.00118	T
1108	0.00143	0.00146	T
1109	0.00974	0.01015	C
1110	0.00963	0.00976	A
1111	0.01498	0.01504	A
1112	0.01044	0.01047	C
1113	0.00533	0.00538	C
1114	0.00222	0.00265	T
1115	0.00718	0.0072	C
1116	0.00382	0.00382	C
1117	0.00716	0.00727	C
1118	0.0021	0.00278	T
1119	0.00964	0.00996	C
1120	0.00878	0.00979	A
1121	0.01429	0.0143	C
1122	0.00992	0.01001	C
1123	0.01082	0.01226	A
1124	0.00226	0.00235	T
1125	0.00273	0.00281	T
1126	0.00156	0.00165	G
1127	0.00225	0.00231	G
1128	0.00888	0.00934	C
1129	0.01327	0.01364	A
1130	0.00329	0.00347	G
1131	0.00576	0.00577	C
1132	0.00274	0.00279	C
1133	0.0017	0.00184	T
1134	0.01251	0.01267	A
1135	0.00316	0.0034	G
1136	0.00904	0.00921	C
1137	0.01302	0.0133	A
1138	0.00136	0.00141	T
1139	0.0016	0.00162	T
1140	0.01001	0.01249	A
1141	0.00154	0.00181	G
1142	0.00931	0.00947	C
1143	0.00523	0.00541	A
1144	0.00129	0.00131	G
1145	0.00188	0.0019	G
1146	0.00472	0.00474	A
1147	0.0051	0.00512	A
1148	0.00158	0.00171	T
1149	0.01368	0.01384	A
1150	0.01307	0.01315	C
1151	0.0091	0.00914	C
1152	0.00084	0.00085	T
1153	0.00093	0.00094	T
1154	0.00085	0.00087	T
1155	0.00445	0.00448	C
1156	0.00288	0.0029	C
1157	0.00105	0.00192	T
1158	0.0088	0.00898	C
1159	0.00972	0.01082	A
1160	0.01438	0.01451	C
1161	0.00713	0.00737	A
1162	0.00123	0.00124	G
1163	0.00243	0.00243	G
1164	0.00091	0.00092	T
1165	0.00054	0.00054	T
1166	0.00058	0.00058	T
1167	0.00344	0.00353	C
1168	0.00081	0.00087	T
1169	0.00657	0.00779	A
1170	0.00707	0.00716	C
1171	0.0011	0.00129	T
1172	0.0075	0.0075	C
1173	0.00745	0.00749	C
1174	0.00567	0.00569	A
1175	0.00841	0.00842	A
1176	0.01305	0.0131	A
1177	0.00474	0.00483	G
1178	0.01073	0.01085	A
1179	0.00982	0.00984	C
1180	0.00741	0.00744	C
1181	0.00848	0.01056	A
1182	0.0127	0.01288	C
1183	0.00836	0.0092	A
1184	0.0014	0.00185	T
1185	0.00795	0.00811	C
1186	0.00785	0.00827	A
1187	0.00135	0.00152	T
1188	0.00827	0.00856	C
1189	0.00515	0.00761	G
1190	0.00498	0.00507	A
1191	0.00667	0.00671	A
1192	0.00646	0.00649	A
1193	0.00813	0.00821	C
1194	0.00757	0.00769	C
1195	0.00493	0.00563	G
1196	0.01416	0.0154	C
1197	0.01189	0.01205	A
1198	0.01066	0.01079	A
1199	0.01088	0.01089	A
1200	0.01943	0.02091	C
1201	0.01031	0.01051	A
1202	0.00174	0.00196	T
1203	0.00941	0.01014	A
1204	0.00191	0.00257	T
1205	0.01543	0.0158	C
1206	0.01365	0.01412	A
1207	0.00209	0.0023	T
1208	0.01274	0.01313	A
1209	0.01935	0.01983	C
1210	0.0112	0.01145	A
1211	0.01737	0.01817	C
1212	0.01096	0.01096	A
1213	0.01024	0.01025	A
1214	0.01771	0.01802	A
1215	0.01131	0.01254	C
1216	0.00209	0.00228	G
1217	0.00491	0.00556	C
1218	0.00334	0.00339	C
1219	0.00176	0.00193	T
1220	0.00157	0.00189	G
1221	0.00394	0.0043	A
1222	0.00259	0.00286	G
1223	0.01155	0.0116	C
1224	0.00596	0.00598	C
1225	0.00604	0.00608	C
1226	0.0013	0.00149	T
1227	0.00558	0.00572	A
1228	0.00109	0.00123	T
1229	0.01077	0.01089	C
1230	0.00123	0.00135	T
1231	0.00992	0.01027	A
1232	0.00148	0.0015	T
1233	0.00131	0.00136	T
1234	0.00529	0.01207	A
1235	0.01321	0.01336	C
1236	0.00119	0.00135	T
1237	0.00891	0.00912	C
1238	0.00114	0.00163	T
1239	0.00879	0.00897	C
1240	0.00795	0.0086	A
1241	0.00117	0.00129	T
1242	0.01166	0.01183	C
1243	0.00286	0.00296	G
1244	0.00534	0.00609	C
1245	0.00113	0.00123	T
1246	0.00948	0.00972	A
1247	0.01	0.01005	C
1248	0.00613	0.00637	C
1249	0.00157	0.00195	T
1250	0.00979	0.0098	C
1251	0.00908	0.00908	C
1252	0.00965	0.00968	C
1253	0.00199	0.00214	T
1254	0.00184	0.0019	G
1255	0.01016	0.01023	A
1256	0.01482	0.01495	C
1257	0.01069	0.01083	A
1258	0.00718	0.0074	A
1259	0.00167	0.00178	G
1260	0.00453	0.00464	C
1261	0.0029	0.00297	G
1262	0.00908	0.00908	C
1263	0.00335	0.0034	C
1264	0.00099	0.00109	T
1265	0.00492	0.00559	A
1266	0.0013	0.00142	T
1267	0.00751	0.00769	A
1268	0.00171	0.00199	G
1269	0.00485	0.00499	C
1270	0.00889	0.00923	A
1271	0.012	0.01217	C
1272	0.00092	0.00101	T
1273	0.00636	0.00643	C
1274	0.00182	0.00201	G
1275	0.00897	0.00903	A
1276	0.00701	0.00707	A
1277	0.00144	0.00156	T
1278	0.0089	0.00894	A
1279	0.01124	0.01314	A
1280	0.001	0.00105	T
1281	0.00118	0.00122	T
1282	0.0064	0.00899	C
1283	0.00096	0.00099	T
1284	0.00114	0.00118	T
1285	0.00902	0.00978	C
1286	0.00265	0.00471	T
1287	0.0111	0.01156	C
1288	0.00621	0.00659	A
1289	0.01105	0.01107	C
1290	0.00747	0.00748	C
1291	0.0057	0.00574	C
1292	0.0016	0.00179	T
1293	0.01321	0.01335	A
1294	0.01336	0.01342	A
1295	0.02007	0.02031	C
1296	0.01636	0.01661	A
1297	0.00106	0.00108	G
1298	0.00158	0.00161	G
1299	0.00115	0.00224	T
1300	0.01733	0.01774	C
1301	0.01036	0.0104	A
1302	0.01397	0.01401	A
1303	0.01242	0.01247	C
1304	0.00601	0.00606	C
1305	0.00088	0.00107	T
1306	0.00939	0.00959	C
1307	0.00242	0.00265	G
1308	0.00513	0.00545	C
1309	0.00093	0.00101	T
1310	0.00077	0.00079	T
1311	0.00305	0.00307	C
1312	0.00396	0.00398	C
1313	0.0055	0.00551	C
1314	0.0078	0.00792	C
1315	0.00367	0.00731	A
1316	0.01175	0.01175	C
1317	0.00884	0.00885	C
1318	0.00852	0.00857	C
1319	0.00205	0.00211	T
1320	0.00175	0.0018	T
1321	0.0053	0.01122	A
1322	0.01652	0.01678	C
1323	0.00201	0.00226	T
1324	0.0135	0.0137	A
1325	0.01149	0.01169	A
1326	0.02159	0.02191	C
1327	0.01319	0.01353	A
1328	0.00183	0.0019	T
1329	0.00198	0.00204	T
1330	0.00917	0.00921	A
1331	0.01696	0.0171	A
1332	0.01995	0.02035	C
1333	0.00238	0.00263	G
1334	0.0099	0.00995	A
1335	0.00537	0.00542	A
1336	0.01021	0.01028	A
1337	0.00827	0.00832	A
1338	0.00229	0.00289	T
1339	0.01108	0.01109	A
1340	0.00868	0.00948	A
1341	0.0109	0.01112	C
1342	0.0064	0.0065	C
1343	0.00696	0.00703	C
1344	0.00669	0.00675	C
1345	0.00749	0.01158	A
1346	0.01387	0.0139	C
1347	0.00923	0.00926	C
1348	0.00654	0.00665	C
1349	0.00159	0.00178	T
1350	0.00847	0.00871	A
1351	0.01138	0.01166	C
1352	0.00182	0.00205	T
1353	0.00455	0.00462	A
1354	0.00823	0.00842	A
1355	0.00911	0.00918	A
1356	0.01068	0.01087	C
1357	0.00656	0.00663	C
1358	0.00915	0.00918	C
1359	0.01216	0.01218	C
1360	0.00974	0.01234	A
1361	0.00169	0.00173	T
1362	0.00164	0.00166	T
1363	0.00834	0.00839	A
1364	0.01161	0.01174	A
1365	0.01415	0.0142	A
1366	0.0166	0.01788	C
1367	0.00213	0.00222	G
1368	0.00576	0.00577	C
1369	0.00373	0.00374	C
1370	0.00163	0.00176	T
1371	0.00184	0.00187	G
1372	0.00214	0.00216	G
1373	0.00843	0.00864	C
1374	0.0106	0.01088	A
1375	0.00291	0.00298	G
1376	0.00954	0.00956	C
1377	0.00983	0.00988	C
1378	0.00365	0.00366	G
1379	0.00147	0.00153	G
1380	0.00497	0.00506	A
1381	0.00642	0.00643	A
1382	0.0022	0.00237	G
1383	0.01564	0.01566	C
1384	0.00425	0.00426	C
1385	0.00135	0.00147	T
1386	0.00808	0.00858	A
1387	0.0009	0.00091	T
1388	0.00079	0.00081	T
1389	0.00848	0.00883	C
1390	0.00252	0.00276	G
1391	0.00781	0.00802	C
1392	0.0058	0.00597	A
1393	0.00103	0.00105	G
1394	0.00206	0.00207	G
1395	0.00702	0.00855	A
1396	0.00081	0.00082	T
1397	0.0006	0.00062	T
1398	0.00082	0.00083	T
1399	0.00747	0.00776	C
1400	0.00189	0.00275	T
1401	0.01076	0.01092	C
1402	0.01078	0.01136	A
1403	0.00201	0.00204	T
1404	0.00169	0.00172	T
1405	0.00659	0.01378	A
1406	0.01931	0.01957	C
1407	0.00206	0.00239	T
1408	0.01486	0.01491	A
1409	0.01258	0.01281	A
1410	0.0201	0.02061	C
1411	0.01255	0.01257	A
1412	0.01268	0.01283	A
1413	0.01766	0.01807	C
1414	0.01399	0.01423	A
1415	0.00112	0.00116	T
1416	0.00191	0.00192	T
1417	0.0021	0.00212	T
1418	0.00849	0.00854	C
1419	0.00716	0.00718	C
1420	0.00719	0.0072	C
1421	0.00683	0.00685	C
1422	0.00715	0.00716	C
1423	0.00482	0.00568	G
1424	0.00999	0.01128	C
1425	0.01236	0.01484	A
1426	0.00244	0.00275	T
1427	0.00719	0.00724	C
1428	0.00564	0.00566	C
1429	0.00981	0.00982	C
1430	0.00864	0.00866	C
1431	0.00864	0.00866	C
1432	0.00442	0.00448	T
1433	0.00204	0.00207	T
1434	0.00958	0.0096	C
1435	0.00842	0.00846	C
1436	0.00903	0.00919	A
1437	0.01167	0.01177	A
1438	0.01578	0.01593	A
1439	0.01439	0.01582	C
1440	0.01063	0.01069	A
1441	0.00955	0.00971	A
1442	0.01144	0.0119	C
1443	0.00743	0.00746	A
1444	0.00774	0.00796	A
1445	0.00345	0.00384	T
1446	0.00527	0.0053	C
1447	0.00477	0.0048	C
1448	0.00638	0.00639	C
1449	0.00615	0.00616	C
1450	0.01019	0.01021	C
1451	0.00328	0.00358	T
1452	0.01004	0.0103	C
1453	0.00314	0.00333	T
1454	0.01113	0.01153	A
1455	0.01442	0.01449	C
1456	0.00921	0.00934	C
1457	0.00529	0.00557	T
1458	0.0078	0.00799	A
1459	0.00632	0.00635	A
1460	0.01319	0.01323	A
1461	0.01219	0.01221	A
1462	0.01592	0.01833	C
1463	0.00767	0.00834	T
1464	0.01715	0.01729	C
1465	0.0068	0.00759	A
1466	0.00676	0.00702	C
1467	0.00556	0.0062	A
1468	0.00644	0.00682	G
1469	0.0033	0.00332	C
1470	0.00532	0.00533	C
1471	0.00862	0.00868	C
1472	0.00518	0.00538	T
1473	0.01434	0.01444	C
1474	0.00423	0.00435	G
1475	0.00211	0.0022	C
1476	0.00228	0.00238	T
1477	0.00313	0.00323	G
1478	0.00139	0.00163	T
1479	0.02288	0.02296	C
1480	0.00923	0.00932	A
1481	0.01821	0.01832	C
1482	0.00236	0.00236	T
1483	0.00182	0.00183	T
1484	0.00153	0.00154	T
1485	0.01198	0.012	C
1486	0.0033	0.00332	C
1487	0.00343	0.00352	T
1488	0.00396	0.00413	A
1489	0.00181	0.00183	G
1490	0.0018	0.00183	G
1491	0.00539	0.00721	A
1492	0.0046	0.00473	C
1493	0.0017	0.00174	T
1494	0.00235	0.00237	T
1495	0.01185	0.01469	C
1496	0.00294	0.00311	T
1497	0.01443	0.01479	A
1498	0.0097	0.00982	A
1499	0.01553	0.01588	C
1500	0.00434	0.0046	A
1501	0.00485	0.00503	G
1502	0.00231	0.00233	C
1503	0.00072	0.00073	C
1504	0.00089	0.0009	C
1505	0.0025	0.00266	T
1506	0.00236	0.00291	A
1507	0.00299	0.00311	G
1508	0.02089	0.02101	A
1509	0.01452	0.01455	C
1510	0.00707	0.00712	C
1511	0.00301	0.00351	T
1512	0.01057	0.01073	C
1513	0.00837	0.00886	A
1514	0.01006	0.0101	A
1515	0.01249	0.01282	C
1516	0.004	0.00428	T
1517	0.00899	0.00916	A
1518	0.01195	0.01199	C
1519	0.00243	0.00269	C
1520	0.00375	0.00405	T
1521	0.00857	0.00869	A
1522	0.00891	0.009	A
1523	0.01489	0.01493	C
1524	0.0112	0.01135	C
1525	0.00881	0.00889	A
1526	0.00896	0.00899	A
1527	0.0207	0.02126	C
1528	0.00926	0.00929	A
1529	0.01021	0.01022	A
1530	0.00953	0.0097	A
1531	0.01829	0.01959	C
1532	0.00415	0.00433	T
1533	0.00236	0.00249	T
1534	0.00467	0.00475	A
1535	0.00527	0.00529	A
1536	0.00895	0.00909	A
1537	0.00689	0.00693	A
1538	0.00328	0.00373	T
1539	0.00597	0.00597	A
1540	0.00339	0.00339	A
1541	0.00667	0.00667	A
1542	0.00607	0.00627	A
1543	0.00214	0.00228	T
1544	0.00676	0.0068	C
1545	0.00412	0.00414	C
1546	0.00543	0.00544	C
1547	0.00504	0.00504	C
1548	0.00727	0.01257	A
1549	0.01239	0.0126	C
1550	0.00138	0.0015	T
1551	0.00744	0.00763	A
1552	0.00139	0.00146	T
1553	0.00228	0.00248	G
1554	0.01013	0.01027	C
1555	0.00554	0.00596	A
1556	0.00857	0.00871	C
1557	0.00368	0.00378	A
1558	0.00072	0.00074	T
1559	0.00072	0.00074	T
1560	0.00069	0.0007	T
1561	0.00093	0.00093	T
1562	0.00422	0.00711	A
1563	0.00059	0.00059	T
1564	0.00067	0.00067	T
1565	0.00095	0.00096	T
1566	0.00911	0.00951	C
1567	0.00103	0.00112	T
1568	0.00899	0.00901	C
1569	0.00953	0.00958	C
1570	0.00974	0.01006	A
1571	0.0101	0.01015	A
1572	0.01865	0.01883	C
1573	0.01146	0.01209	A
1574	0.00131	0.00139	T
1575	0.01082	0.01098	A
1576	0.01348	0.01374	C
1577	0.00125	0.00139	T
1578	0.01036	0.01049	C
1579	0.00112	0.00114	G
1580	0.00149	0.00151	G
1581	0.00687	0.00794	A
1582	0.00123	0.00124	T
1583	0.00082	0.00084	T
1584	0.0069	0.00749	C
1585	0.00137	0.00155	T
1586	0.00899	0.00983	A
1587	0.01021	0.01025	C
1588	0.00535	0.00541	C
1589	0.00542	0.00544	C
1590	0.00114	0.00122	T
1591	0.00746	0.00759	A
1592	0.00184	0.00202	G
1593	0.00887	0.00904	C
1594	0.00787	0.00805	A
1595	0.00106	0.00137	T
1596	0.0071	0.00734	C
1597	0.01008	0.01046	A
1598	0.01287	0.01335	C
1599	0.00934	0.00986	A
1600	0.01344	0.01425	C
1601	0.01238	0.01275	A
1602	0.01559	0.0156	C
1603	0.00936	0.00941	C
1604	0.005	0.00564	G
1605	0.00948	0.00965	C
1606	0.00891	0.00946	A
1607	0.01421	0.01444	C
1608	0.00795	0.00803	A
1609	0.00719	0.00737	A
1610	0.00141	0.00184	T
1611	0.00767	0.00768	C
1612	0.00797	0.00797	C
1613	0.01188	0.01189	C
1614	0.00984	0.00985	C
1615	0.00149	0.00171	T
1616	0.01151	0.01164	A
1617	0.00141	0.00154	T
1618	0.01476	0.01487	C
1619	0.00156	0.00167	T
1620	0.0114	0.01361	A
1621	0.00098	0.00101	G
1622	0.0017	0.00172	G
1623	0.00676	0.00677	C
1624	0.00402	0.00406	C
1625	0.00083	0.00086	T
1626	0.00136	0.00139	T
1627	0.00884	0.01022	C
1628	0.0015	0.00153	T
1629	0.00164	0.00171	T
1630	0.00925	0.01717	A
1631	0.02223	0.02268	C
1632	0.00183	0.00206	G
1633	0.01341	0.01366	A
1634	0.00241	0.00278	G
1635	0.00679	0.0068	C
1636	0.00753	0.00758	C
1637	0.0086	0.00889	A
1638	0.00775	0.0078	A
1639	0.01124	0.01129	A
1640	0.01456	0.01458	A
1641	0.01211	0.01248	C
1642	0.00664	0.00675	C
1643	0.00214	0.00239	T
1644	0.00224	0.00252	G
1645	0.0113	0.01131	C
1646	0.00272	0.00275	C
1647	0.0074	0.00742	C
1648	0.00586	0.0059	C
1649	0.00144	0.00161	T
1650	0.00786	0.00886	A
1651	0.00914	0.00937	C
1652	0.00128	0.00139	T
1653	0.00587	0.00589	C
1654	0.00539	0.00562	C
1655	0.00103	0.00118	T
1656	0.00851	0.00851	C
1657	0.00467	0.00478	C
1658	0.00102	0.00116	T
1659	0.00473	0.00575	A
1660	0.00095	0.00112	G
1661	0.00851	0.00859	A
1662	0.00699	0.00701	C
1663	0.00131	0.00139	C
1664	0.00197	0.00214	T
1665	0.00807	0.00818	A
1666	0.00942	0.00948	A
1667	0.01588	0.01592	C
1668	0.00719	0.0073	C
1669	0.00117	0.00136	T
1670	0.0014	0.00148	G
1671	0.0115	0.01159	A
1672	0.00972	0.00989	C
1673	0.00091	0.001	T
1674	0.00721	0.00746	A
1675	0.00156	0.00172	G
1676	0.0105	0.01051	A
1677	0.00671	0.00675	A
1678	0.00937	0.00939	A
1679	0.00984	0.00988	A
1680	0.00119	0.00129	G
1681	0.00691	0.00697	C
1682	0.00085	0.00094	T
1683	0.00628	0.00647	A
1684	0.00163	0.00164	T
1685	0.00153	0.00162	T
1686	0.00471	0.01005	A
1687	0.01467	0.01474	C
1688	0.00877	0.00887	C
1689	0.00194	0.00219	T
1690	0.00762	0.00777	A
1691	0.00602	0.00607	A
1692	0.01216	0.01223	A
1693	0.01262	0.01273	A
1694	0.0132	0.01866	C
1695	0.00904	0.00905	A
1696	0.01056	0.01059	A
1697	0.00092	0.00095	T
1698	0.00117	0.00119	T
1699	0.00147	0.00149	T
1700	0.01088	0.01142	C
1701	0.01201	0.01275	A
1702	0.01655	0.01693	C
1703	0.01484	0.01554	A
1704	0.00355	0.00428	G
1705	0.01096	0.01132	C
1706	0.01331	0.01381	A
1707	0.0153	0.01532	C
1708	0.01003	0.01009	C
1709	0.00494	0.00496	A
1710	0.01056	0.0107	A
1711	0.01118	0.01122	A
1712	0.00136	0.00155	T
1713	0.0077	0.00777	C
1714	0.0025	0.00262	T
1715	0.00831	0.00831	C
1716	0.00763	0.00767	C
1717	0.00896	0.01128	A
1718	0.01404	0.01404	C
1719	0.00824	0.00832	C
1720	0.00159	0.00178	T
1721	0.00894	0.00895	C
1722	0.00687	0.00689	C
1723	0.00762	0.00962	A
1724	0.00122	0.00143	T
1725	0.00958	0.00971	C
1726	0.00947	0.0102	A
1727	0.00168	0.00223	T
1728	0.00917	0.00955	C
1729	0.01281	0.01311	A
1730	0.01326	0.01326	C
1731	0.00741	0.00748	C
1732	0.00167	0.00249	T
1733	0.01057	0.01099	C
1734	0.00863	0.00938	A
1735	0.01124	0.01131	A
1736	0.0107	0.01073	C
1737	0.00584	0.00585	C
1738	0.00884	0.00889	C
1739	0.00095	0.00099	A
1740	0.0048	0.00484	A
1741	0.0072	0.00723	A
1742	0.01078	0.01078	A
1743	0.00551	0.00552	A
1744	0.00164	0.00164	G
1745	0.00146	0.00146	G
1746	0.01792	0.0181	C
1747	0.01122	0.01132	A
1748	0.00142	0.00157	T
1749	0.00684	0.00684	A
1750	0.00954	0.01068	A
1751	0.00132	0.00137	T
1752	0.00135	0.00144	T
1753	0.00602	0.00606	A
1754	0.00828	0.00835	A
1755	0.01082	0.011	A
1756	0.013	0.01358	C
1757	0.00141	0.00145	T
1758	0.0019	0.00195	T
1759	0.00117	0.00117	T
1760	0.00729	0.00888	A
1761	0.01422	0.0145	C
1762	0.0015	0.00159	T
1763	0.0014	0.0014	T
1764	0.00747	0.00753	C
1765	0.00849	0.0086	C
1766	0.00138	0.00148	T
1767	0.01132	0.0117	C
1768	0.0011	0.00121	T
1769	0.01076	0.01089	C
1770	0.00081	0.00081	T
1771	0.0014	0.0014	T
1772	0.00155	0.00159	T
1773	0.00978	0.01043	C
1774	0.00112	0.00112	T
1775	0.00119	0.00119	T
1776	0.00857	0.00991	C
1777	0.00236	0.00236	T
1778	0.00405	0.00409	T
1779	0.00786	0.00786	C
1780	0.00794	0.00796	C
1781	0.00927	0.00934	C
1782	0.00702	0.01039	A
1783	0.01318	0.01323	C
1784	0.00234	0.00266	T
1785	0.00834	0.0085	C
1786	0.00537	0.00625	A
1787	0.00206	0.00217	T
1788	0.00815	0.00815	C
1789	0.0027	0.0027	C
1790	0.00316	0.00325	T
1791	0.00499	0.00499	A
1792	0.00751	0.00751	A
1793	0.00627	0.00627	C
1794	0.0037	0.0037	C
1795	0.00516	0.00524	C
1796	0.00121	0.0013	T
1797	0.00453	0.0049	A
1798	0.00549	0.00558	C
1799	0.00155	0.00176	T
1800	0.00369	0.00369	C
1801	0.00417	0.00417	C
1802	0.00282	0.00308	T
1803	0.00686	0.00686	A
1804	0.00875	0.00875	A
1805	0.01115	0.01144	T
1806	0.01013	0.01013	C
1807	0.00703	0.00719	A
1808	0.01254	0.01254	C
1809	0.00923	0.00923	A
1810	0.00052	0.00052	T
1811	0.0	0.0	A
1812	0.0	0.0	A
