Position	Mismatches	Mismatches + Deletions	Base
1	0.0	0.0	A
2	0.0	0.0	C
3	0.0	0.0	A
4	6e-05	6e-05	T
5	0.0002	0.0002	A
6	0.02527	0.02527	C
7	0.01234	0.01234	C
8	0.01093	0.01093	C
9	0.01347	0.0183	A
10	0.00145	0.00157	T
11	0.0039	0.00391	G
12	0.0024	0.0024	G
13	0.00814	0.00814	C
14	0.00688	0.00695	C
15	0.01032	0.01044	A
16	0.0153	0.01532	A
17	0.024	0.02403	C
18	0.00866	0.00874	C
19	0.00122	0.0014	T
20	0.00863	0.00863	C
21	0.00591	0.00601	C
22	0.00111	0.00121	T
23	0.00974	0.01058	A
24	0.01273	0.01286	C
25	0.00101	0.00107	T
26	0.00959	0.00959	C
27	0.00899	0.00907	C
28	0.00108	0.00126	T
29	0.0039	0.00395	C
30	0.00551	0.00601	A
31	0.00108	0.00109	T
32	0.001	0.00101	T
33	0.00409	0.00424	G
34	0.00094	0.00103	T
35	0.00645	0.00663	A
36	0.00782	0.00784	C
37	0.00405	0.00406	C
38	0.01213	0.01214	C
39	0.01325	0.01499	A
40	0.0017	0.00172	T
41	0.00153	0.00155	T
42	0.01216	0.01405	C
43	0.00206	0.00218	T
44	0.01315	0.01334	A
45	0.0202	0.02032	A
46	0.00146	0.00165	T
47	0.01424	0.01445	C
48	0.00605	0.00621	G
49	0.01732	0.0177	C
50	0.01809	0.01814	A
51	0.01677	0.01682	A
52	0.00179	0.00187	T
53	0.00127	0.00129	G
54	0.00345	0.00347	G
55	0.00706	0.00727	C
56	0.01405	0.01493	A
57	0.00108	0.0011	T
58	0.00105	0.00106	T
59	0.01879	0.01881	C
60	0.01373	0.01378	C
61	0.00229	0.0026	T
62	0.00722	0.00773	A
63	0.0081	0.00816	A
64	0.00098	0.00103	T
65	0.00168	0.00181	G
66	0.00227	0.00236	C
67	0.00086	0.00086	T
68	0.00114	0.00118	T
69	0.00775	0.01648	A
70	0.02676	0.0268	C
71	0.0087	0.00872	C
72	0.00586	0.00653	G
73	0.02008	0.02017	A
74	0.02743	0.02748	A
75	0.04494	0.04595	C
76	0.00552	0.00619	G
77	0.0013	0.00136	A
78	0.01518	0.01537	A
79	0.0058	0.00582	A
80	0.01548	0.01551	A
81	0.01805	0.01806	A
82	0.00158	0.00161	T
83	0.00127	0.00129	T
84	0.00809	0.00935	C
85	0.00125	0.00142	T
86	0.01364	0.01469	A
87	0.00096	0.00098	G
88	0.00348	0.00352	G
89	0.00574	0.00606	C
90	0.00133	0.00145	T
91	0.01599	0.01666	A
92	0.00206	0.00227	T
93	0.02598	0.02675	A
94	0.00239	0.00295	T
95	0.02502	0.02536	A
96	0.03549	0.03708	C
97	0.02406	0.02409	A
98	0.02911	0.0295	A
99	0.03682	0.0384	C
100	0.00225	0.00243	T
101	0.0344	0.03552	A
102	0.04098	0.04128	C
103	0.00663	0.00699	G
104	0.01554	0.01646	C
105	0.0183	0.01841	A
106	0.02466	0.02479	A
107	0.02785	0.02792	A
108	0.00478	0.00484	G
109	0.00444	0.00447	G
110	0.02771	0.02777	C
111	0.0158	0.01583	C
112	0.04173	0.04176	C
113	0.03734	0.03739	C
114	0.02368	0.02409	A
115	0.02904	0.02906	A
116	0.05378	0.05411	C
117	0.00506	0.00514	G
118	0.00085	0.00086	T
119	0.00074	0.00074	T
120	0.00245	0.0026	G
121	0.00067	0.00081	T
122	0.007	0.00735	A
123	0.00305	0.00307	G
124	0.00484	0.00485	G
125	0.00239	0.00241	C
126	0.001	0.00101	C
127	0.00233	0.00234	C
128	0.04127	0.0413	C
129	0.0036	0.00398	T
130	0.04658	0.04758	A
131	0.05196	0.05251	C
132	0.00277	0.00282	G
133	0.00181	0.00183	G
134	0.00395	0.00396	G
135	0.00279	0.00326	C
136	0.00173	0.00179	T
137	0.03081	0.03117	A
138	0.00715	0.0073	C
139	0.00086	0.00096	T
140	0.00405	0.00427	A
141	0.00224	0.00245	C
142	0.00372	0.00373	A
143	0.00396	0.00453	A
144	0.00361	0.00363	C
145	0.03035	0.03042	C
146	0.01641	0.01644	C
147	0.0015	0.00153	T
148	0.00112	0.00114	T
149	0.0189	0.01966	C
150	0.0029	0.00299	G
151	0.00427	0.00442	C
152	0.00153	0.00167	T
153	0.00366	0.00416	G
154	0.02902	0.03039	A
155	0.02864	0.02903	C
156	0.0041	0.0042	G
157	0.01508	0.0151	C
158	0.02078	0.02087	C
159	0.01574	0.02454	A
160	0.00289	0.00309	T
161	0.02164	0.0217	A
162	0.0135	0.01355	A
163	0.02547	0.0255	A
164	0.03403	0.03439	A
165	0.01004	0.01208	C
166	0.00113	0.00127	T
167	0.00728	0.00743	C
168	0.00149	0.00153	T
169	0.00168	0.00193	T
170	0.02669	0.03059	C
171	0.03721	0.03846	A
172	0.0576	0.05762	C
173	0.04169	0.04196	C
174	0.01226	0.01231	A
175	0.01301	0.01319	A
176	0.01065	0.01074	A
177	0.0025	0.00264	G
178	0.00995	0.01044	A
179	0.00319	0.00334	G
180	0.02796	0.02804	C
181	0.00914	0.00915	C
182	0.01699	0.01701	C
183	0.01494	0.01499	C
184	0.00204	0.00224	T
185	0.01325	0.0134	A
186	0.00831	0.00836	A
187	0.01638	0.01642	A
188	0.02054	0.02056	A
189	0.0182	0.01859	C
190	0.01124	0.01127	C
191	0.01858	0.01866	C
192	0.00615	0.00705	G
193	0.02244	0.02245	C
194	0.01171	0.01174	C
195	0.01352	0.01663	A
196	0.02289	0.02309	C
197	0.014	0.01492	A
198	0.00167	0.00174	T
199	0.01389	0.01396	C
200	0.00167	0.00176	T
201	0.0163	0.01666	A
202	0.01452	0.01453	C
203	0.00569	0.00572	C
204	0.01256	0.01533	A
205	0.00228	0.00347	T
206	0.01096	0.01123	C
207	0.0142	0.01481	A
208	0.01673	0.01677	C
209	0.00968	0.00969	C
210	0.01345	0.01353	C
211	0.00149	0.00167	T
212	0.0132	0.01332	C
213	0.00166	0.00173	T
214	0.02103	0.02137	A
215	0.01577	0.01587	C
216	0.01413	0.01448	A
217	0.00166	0.00204	T
218	0.00938	0.00959	C
219	0.01892	0.01917	A
220	0.01634	0.01635	C
221	0.01079	0.01087	C
222	0.00821	0.00887	G
223	0.01275	0.01275	C
224	0.00858	0.00859	C
225	0.01908	0.01908	C
226	0.02122	0.02125	C
227	0.00325	0.00413	G
228	0.02406	0.02416	A
229	0.02235	0.02236	C
230	0.01109	0.01112	C
231	0.00208	0.00212	T
232	0.00188	0.00192	T
233	0.01626	0.01956	A
234	0.00232	0.00244	G
235	0.01027	0.01039	C
236	0.00109	0.00117	T
237	0.00487	0.00498	C
238	0.00156	0.00228	T
239	0.00483	0.00499	C
240	0.01283	0.01319	A
241	0.00968	0.00968	C
242	0.0036	0.00364	C
243	0.0083	0.00994	A
244	0.0011	0.00123	T
245	0.00686	0.00697	C
246	0.00423	0.00433	G
247	0.00818	0.0083	C
248	0.00105	0.00112	T
249	0.01	0.01012	C
250	0.0012	0.0012	T
251	0.0013	0.00132	T
252	0.01031	0.01149	C
253	0.00181	0.00191	T
254	0.02604	0.02635	A
255	0.0331	0.03355	C
256	0.00233	0.00242	T
257	0.02659	0.02713	A
258	0.00292	0.00302	T
259	0.00507	0.00649	G
260	0.02155	0.0218	A
261	0.01799	0.01813	A
262	0.01411	0.01416	C
263	0.00807	0.00809	C
264	0.01147	0.01148	C
265	0.01501	0.01502	C
266	0.00944	0.00945	C
267	0.00927	0.0093	C
268	0.00248	0.00289	T
269	0.00695	0.00696	C
270	0.01149	0.01149	C
271	0.01201	0.01202	C
272	0.00993	0.00996	C
273	0.00688	0.01428	A
274	0.00384	0.00421	T
275	0.01252	0.0128	A
276	0.01485	0.01491	C
277	0.00693	0.00702	C
278	0.01326	0.01347	C
279	0.01381	0.01407	A
280	0.01063	0.01175	A
281	0.01459	0.01466	C
282	0.01146	0.0116	C
283	0.01363	0.01376	C
284	0.01778	0.01781	C
285	0.01742	0.01744	C
286	0.00385	0.00403	T
287	0.00297	0.00301	G
288	0.00216	0.00221	G
289	0.00184	0.00394	T
290	0.0153	0.01563	C
291	0.02357	0.02371	A
292	0.03404	0.03409	A
293	0.03637	0.03646	C
294	0.01643	0.0166	C
295	0.00357	0.00692	T
296	0.02128	0.02232	C
297	0.01883	0.02132	A
298	0.02933	0.02936	A
299	0.01012	0.01014	C
300	0.00327	0.00333	C
301	0.00356	0.0038	T
302	0.00608	0.00719	A
303	0.00197	0.002	G
304	0.00192	0.00194	G
305	0.00473	0.00477	C
306	0.00229	0.00233	C
307	0.0016	0.00171	T
308	0.00448	0.00448	C
309	0.00423	0.00428	C
310	0.00211	0.00224	T
311	0.00565	0.0059	A
312	0.00192	0.00193	T
313	0.00206	0.00206	T
314	0.00206	0.00208	T
315	0.01655	0.01865	A
316	0.00183	0.00183	T
317	0.00184	0.00186	T
318	0.01563	0.01744	C
319	0.00302	0.00322	T
320	0.01644	0.01817	A
321	0.00365	0.00379	G
322	0.01769	0.01771	C
323	0.00592	0.00605	C
324	0.02395	0.03182	A
325	0.02793	0.02796	C
326	0.01674	0.01687	C
327	0.0031	0.00328	T
328	0.01485	0.01513	C
329	0.00224	0.00235	T
330	0.01167	0.01298	A
331	0.00216	0.00226	G
332	0.00604	0.00606	C
333	0.00216	0.00221	C
334	0.0018	0.00202	T
335	0.00842	0.00885	A
336	0.00234	0.00242	G
337	0.01982	0.01984	C
338	0.00908	0.00912	C
339	0.00593	0.00611	G
340	0.00187	0.00188	T
341	0.00157	0.00158	T
342	0.00143	0.00146	T
343	0.01307	0.01363	A
344	0.01714	0.01731	C
345	0.00205	0.00259	T
346	0.01705	0.01738	C
347	0.02214	0.02259	A
348	0.02213	0.02234	A
349	0.00289	0.00309	T
350	0.02726	0.02728	C
351	0.0211	0.02133	C
352	0.00282	0.00306	T
353	0.02345	0.02353	C
354	0.00222	0.00236	T
355	0.00293	0.00346	G
356	0.01146	0.01163	A
357	0.00099	0.00167	T
358	0.00613	0.00626	C
359	0.00602	0.00624	A
360	0.00145	0.00148	G
361	0.00227	0.00228	G
362	0.00387	0.00391	G
363	0.00178	0.00196	T
364	0.0025	0.00267	G
365	0.01061	0.01083	A
366	0.00497	0.00557	G
367	0.0176	0.01814	C
368	0.01468	0.01488	A
369	0.00211	0.00269	T
370	0.02085	0.0211	C
371	0.02169	0.02174	A
372	0.02631	0.02659	A
373	0.02894	0.029	A
374	0.02308	0.02428	C
375	0.00283	0.00447	T
376	0.01765	0.01807	C
377	0.02691	0.02737	A
378	0.02939	0.02947	A
379	0.02929	0.02939	A
380	0.03889	0.04165	C
381	0.00273	0.00302	T
382	0.0323	0.03518	A
383	0.02883	0.02924	C
384	0.00396	0.00414	G
385	0.00644	0.00644	C
386	0.00468	0.00468	C
387	0.01134	0.0114	C
388	0.00234	0.00254	T
389	0.00451	0.00552	G
390	0.01878	0.01901	A
391	0.00171	0.00182	T
392	0.03668	0.03708	C
393	0.00417	0.0042	G
394	0.00592	0.00595	G
395	0.02995	0.03021	C
396	0.00665	0.00697	G
397	0.0294	0.02978	C
398	0.01849	0.01883	A
399	0.02123	0.02141	C
400	0.00191	0.00199	T
401	0.003	0.0033	G
402	0.02593	0.02632	C
403	0.00448	0.00464	G
404	0.0297	0.02992	A
405	0.00519	0.00547	G
406	0.01142	0.01154	C
407	0.01073	0.0109	A
408	0.00641	0.00649	G
409	0.00106	0.00131	T
410	0.0218	0.02251	A
411	0.00392	0.00411	G
412	0.00682	0.00689	C
413	0.00722	0.00726	C
414	0.01237	0.0124	C
415	0.00468	0.00486	A
416	0.01188	0.01198	A
417	0.01069	0.0107	A
418	0.02343	0.02482	C
419	0.01215	0.01216	A
420	0.01289	0.01311	A
421	0.00164	0.00193	T
422	0.0126	0.01271	C
423	0.00153	0.00206	T
424	0.01339	0.01349	C
425	0.01428	0.01508	A
426	0.00194	0.00202	T
427	0.01498	0.01541	A
428	0.00194	0.00202	T
429	0.00224	0.00243	G
430	0.01626	0.01629	A
431	0.02051	0.02054	A
432	0.00223	0.00237	G
433	0.00169	0.00311	T
434	0.00741	0.00755	C
435	0.00963	0.0098	A
436	0.00853	0.00854	C
437	0.00342	0.00343	C
438	0.00155	0.00157	C
439	0.00092	0.00098	T
440	0.00376	0.00391	A
441	0.00156	0.00163	G
442	0.00792	0.00794	C
443	0.00424	0.00425	C
444	0.00453	0.00527	A
445	0.00093	0.00104	T
446	0.00413	0.0042	C
447	0.00589	0.00598	A
448	0.00079	0.00079	T
449	0.00063	0.00064	T
450	0.00256	0.00277	C
451	0.00094	0.001	T
452	0.00668	0.00684	A
453	0.00818	0.00839	C
454	0.0012	0.00132	T
455	0.0067	0.0069	A
456	0.00114	0.00159	T
457	0.00908	0.00931	C
458	0.02084	0.02088	A
459	0.0209	0.021	A
460	0.04096	0.04135	C
461	0.02099	0.0212	A
462	0.0029	0.00297	T
463	0.00222	0.00225	T
464	0.01626	0.03382	A
465	0.03004	0.03044	C
466	0.00234	0.00242	T
467	0.01962	0.01981	A
468	0.01585	0.01609	A
469	0.0018	0.00188	T
470	0.01459	0.0146	A
471	0.01364	0.01408	A
472	0.00223	0.00237	G
473	0.00111	0.00121	T
474	0.00138	0.00139	G
475	0.00172	0.00176	G
476	0.00835	0.00873	C
477	0.00182	0.00195	T
478	0.01524	0.01526	C
479	0.01627	0.01654	C
480	0.0016	0.00161	T
481	0.00194	0.00196	T
482	0.00196	0.00199	T
483	0.01963	0.02001	A
484	0.03344	0.03352	A
485	0.02283	0.02288	C
486	0.00845	0.00851	C
487	0.00153	0.00172	T
488	0.00967	0.00982	C
489	0.00179	0.00202	T
490	0.01121	0.01123	C
491	0.00972	0.00983	C
492	0.0106	0.0221	A
493	0.01842	0.01842	C
494	0.01119	0.01119	C
495	0.00749	0.00755	C
496	0.0013	0.00132	T
497	0.00146	0.00148	T
498	0.00468	0.00657	A
499	0.00123	0.0016	T
500	0.00817	0.00829	C
501	0.01242	0.01268	A
502	0.01654	0.01715	C
503	0.01691	0.01693	A
504	0.01541	0.0156	A
505	0.02025	0.02085	C
506	0.0158	0.01603	A
507	0.01574	0.01615	C
508	0.01313	0.01313	A
509	0.01376	0.01405	A
510	0.00263	0.00308	G
511	0.01268	0.01268	A
512	0.01087	0.01097	A
513	0.01046	0.01107	C
514	0.01223	0.01235	A
515	0.01089	0.0109	C
516	0.00924	0.00932	C
517	0.00153	0.00167	T
518	0.01392	0.01397	C
519	0.0015	0.00159	T
520	0.00298	0.00318	G
521	0.01636	0.0165	A
522	0.00164	0.00165	T
523	0.00134	0.00138	T
524	0.01065	0.01753	A
525	0.01146	0.01162	C
526	0.00141	0.0015	T
527	0.00696	0.00698	C
528	0.00745	0.00758	C
529	0.00187	0.00211	T
530	0.00333	0.00344	G
531	0.01099	0.01101	C
532	0.00379	0.00381	C
533	0.01263	0.0151	A
534	0.00187	0.00219	T
535	0.01823	0.01831	C
536	0.01763	0.01796	A
537	0.00389	0.00408	T
538	0.00206	0.00262	G
539	0.02078	0.02093	A
540	0.01085	0.01087	C
541	0.00757	0.00759	C
542	0.01614	0.01615	C
543	0.00202	0.00204	T
544	0.00193	0.00196	T
545	0.00195	0.00198	G
546	0.002	0.00202	G
547	0.00518	0.00519	C
548	0.00935	0.00937	C
549	0.00507	0.00799	A
550	0.00153	0.00161	T
551	0.01537	0.01539	A
552	0.01734	0.01825	A
553	0.00186	0.00191	T
554	0.02242	0.02288	A
555	0.00188	0.00196	T
556	0.0014	0.00156	G
557	0.01419	0.01435	A
558	0.00101	0.00103	T
559	0.00114	0.00115	T
560	0.00109	0.0011	T
561	0.00809	0.00889	A
562	0.00096	0.00104	T
563	0.00463	0.00475	C
564	0.00125	0.00163	T
565	0.00678	0.00681	C
566	0.01247	0.01264	C
567	0.01156	0.02526	A
568	0.03759	0.03847	C
569	0.0204	0.02158	A
570	0.03182	0.0328	C
571	0.00215	0.00229	T
572	0.02098	0.02147	A
573	0.00357	0.00412	G
574	0.02009	0.02034	C
575	0.03281	0.03345	A
576	0.00222	0.0024	G
577	0.0163	0.0183	A
578	0.0038	0.00416	G
579	0.01601	0.01629	A
580	0.02006	0.02021	C
581	0.02715	0.02738	C
582	0.02203	0.02212	A
583	0.03022	0.03032	A
584	0.04504	0.04513	C
585	0.00883	0.00888	C
586	0.00692	0.00735	G
587	0.01522	0.0157	A
588	0.00607	0.00684	A
589	0.00554	0.00556	C
590	0.00153	0.00154	C
591	0.00187	0.00188	C
592	0.00199	0.002	C
593	0.00229	0.00231	C
594	0.00115	0.00137	T
595	0.00055	0.00058	T
596	0.00133	0.00144	C
597	0.00293	0.00313	G
598	0.02323	0.02334	A
599	0.01858	0.01877	C
600	0.03752	0.03766	C
601	0.00282	0.00288	T
602	0.00454	0.00474	T
603	0.00284	0.00311	G
604	0.01858	0.01861	C
605	0.00218	0.0022	C
606	0.00528	0.0054	G
607	0.00424	0.00434	A
608	0.00466	0.00471	A
609	0.00345	0.00347	G
610	0.00182	0.00184	G
611	0.00289	0.0029	G
612	0.00285	0.00286	G
613	0.02069	0.02275	A
614	0.00529	0.0058	G
615	0.00113	0.00134	T
616	0.00524	0.0053	C
617	0.00266	0.00269	C
618	0.00618	0.00646	G
619	0.03112	0.03123	A
620	0.04033	0.04038	A
621	0.0364	0.03745	C
622	0.00145	0.00153	T
623	0.02943	0.02996	A
624	0.00152	0.00158	G
625	0.00067	0.002	T
626	0.00098	0.00104	C
627	0.00327	0.00804	T
628	0.00135	0.00143	C
629	0.03004	0.03113	A
630	0.00146	0.00148	G
631	0.00406	0.00407	G
632	0.00288	0.00293	C
633	0.00091	0.00092	T
634	0.00082	0.00083	T
635	0.01193	0.01233	C
636	0.01958	0.01975	A
637	0.02256	0.02261	A
638	0.03821	0.03853	C
639	0.02184	0.02193	A
640	0.00229	0.00238	T
641	0.01758	0.01768	C
642	0.00423	0.00436	G
643	0.02814	0.0282	A
644	0.01853	0.01871	A
645	0.00262	0.00278	T
646	0.03016	0.03097	A
647	0.03663	0.03734	C
648	0.00506	0.00519	G
649	0.01254	0.01255	C
650	0.00984	0.0099	C
651	0.00689	0.00938	G
652	0.02996	0.03144	C
653	0.02031	0.02187	A
654	0.00294	0.00298	G
655	0.00423	0.00431	G
656	0.0054	0.00542	C
657	0.01183	0.01184	C
658	0.0179	0.0179	C
659	0.01855	0.01855	C
660	0.00164	0.00167	T
661	0.00137	0.00143	T
662	0.01809	0.01887	C
663	0.00456	0.00476	G
664	0.02589	0.0259	C
665	0.01051	0.01051	C
666	0.01484	0.01488	C
667	0.00158	0.0017	T
668	0.01416	0.01461	A
669	0.00105	0.00107	T
670	0.00105	0.00106	T
671	0.00701	0.00907	C
672	0.00107	0.0011	T
673	0.00105	0.0011	T
674	0.00631	0.00658	C
675	0.00863	0.00909	A
676	0.00126	0.00146	T
677	0.00895	0.00976	A
678	0.00245	0.00262	G
679	0.00927	0.0093	C
680	0.00266	0.00268	C
681	0.00525	0.00541	G
682	0.00818	0.00824	A
683	0.00361	0.00365	A
684	0.0014	0.00149	T
685	0.00589	0.00597	A
686	0.00911	0.00928	C
687	0.00773	0.00797	A
688	0.02067	0.02175	C
689	0.01779	0.01781	A
690	0.01605	0.01606	A
691	0.01451	0.0146	A
692	0.02955	0.03201	C
693	0.01776	0.01788	A
694	0.00216	0.00226	T
695	0.00192	0.00195	T
696	0.00873	0.0189	A
697	0.00229	0.0023	T
698	0.00247	0.00257	T
699	0.00947	0.02285	A
700	0.00207	0.00217	T
701	0.02119	0.02121	A
702	0.0144	0.01562	A
703	0.0018	0.00197	T
704	0.01672	0.01673	A
705	0.01445	0.01445	A
706	0.01875	0.01925	A
707	0.0158	0.01689	C
708	0.01482	0.01491	A
709	0.01123	0.01127	C
710	0.00375	0.00376	C
711	0.00518	0.00528	C
712	0.0015	0.00205	T
713	0.00993	0.01006	C
714	0.01221	0.01326	A
715	0.0222	0.0222	C
716	0.01573	0.01593	C
717	0.01312	0.02274	A
718	0.03	0.03043	C
719	0.0024	0.00253	T
720	0.02151	0.02172	A
721	0.03862	0.03888	C
722	0.02379	0.02381	A
723	0.02485	0.02531	A
724	0.00195	0.00207	T
725	0.02894	0.02927	C
726	0.00126	0.00127	T
727	0.00108	0.0011	T
728	0.00805	0.00807	C
729	0.00671	0.00675	C
730	0.00146	0.00155	T
731	0.01281	0.01309	A
732	0.0012	0.00122	G
733	0.00264	0.00269	G
734	0.01046	0.0105	A
735	0.01207	0.01216	A
736	0.04098	0.0418	C
737	0.01673	0.01675	A
738	0.02208	0.02226	A
739	0.01958	0.01998	C
740	0.01476	0.01493	A
741	0.00221	0.00231	T
742	0.01511	0.01527	A
743	0.00506	0.00515	T
744	0.00218	0.00263	G
745	0.02314	0.0234	A
746	0.02005	0.02024	C
747	0.01134	0.01191	G
748	0.00951	0.00984	C
749	0.01484	0.015	A
750	0.00915	0.00928	C
751	0.00136	0.00144	T
752	0.00593	0.00608	C
753	0.00189	0.00206	T
754	0.00506	0.00507	C
755	0.00807	0.00808	C
756	0.01402	0.01403	C
757	0.01302	0.01304	C
758	0.00191	0.00202	T
759	0.00287	0.00299	G
760	0.00808	0.00812	A
761	0.00941	0.00942	A
762	0.00554	0.00565	C
763	0.00089	0.00094	T
764	0.00442	0.00453	C
765	0.00143	0.00152	T
766	0.00972	0.01001	A
767	0.0157	0.01586	C
768	0.01059	0.0109	A
769	0.02074	0.02154	C
770	0.01804	0.01806	A
771	0.01825	0.0184	A
772	0.02949	0.03007	C
773	0.01735	0.01765	A
774	0.00201	0.00209	T
775	0.01319	0.01339	A
776	0.0011	0.00111	T
777	0.00139	0.00141	T
778	0.00174	0.00175	T
779	0.00159	0.00161	T
780	0.00273	0.00314	G
781	0.00116	0.00165	T
782	0.00631	0.00641	C
783	0.02525	0.02541	A
784	0.01432	0.01432	C
785	0.00968	0.00975	C
786	0.01046	0.01049	A
787	0.01311	0.01346	A
788	0.0019	0.00206	G
789	0.01085	0.01097	A
790	0.00673	0.00676	C
791	0.01038	0.0104	C
792	0.01503	0.0151	C
793	0.00161	0.0018	T
794	0.01687	0.01714	A
795	0.01668	0.01683	C
796	0.00107	0.00109	T
797	0.00107	0.0011	T
798	0.00683	0.00812	C
799	0.00152	0.00159	T
800	0.01234	0.01259	A
801	0.0147	0.01477	A
802	0.01595	0.016	C
803	0.00797	0.00813	C
804	0.00153	0.002	T
805	0.01341	0.0135	C
806	0.02052	0.02053	C
807	0.01257	0.01262	C
808	0.00121	0.00129	T
809	0.00268	0.00289	G
810	0.00076	0.00077	T
811	0.00059	0.00059	T
812	0.00311	0.00343	C
813	0.00205	0.00205	T
814	0.00235	0.00237	T
815	0.01825	0.03559	A
816	0.00274	0.0028	T
817	0.00308	0.00341	G
818	0.02978	0.02991	A
819	0.03103	0.03139	A
820	0.00184	0.00185	T
821	0.00183	0.00186	T
822	0.02715	0.02837	C
823	0.00506	0.00521	G
824	0.01502	0.01504	A
825	0.01823	0.0183	A
826	0.00857	0.00897	C
827	0.01009	0.01017	A
828	0.00578	0.00636	G
829	0.02814	0.02855	C
830	0.01378	0.01465	A
831	0.00165	0.0018	T
832	0.01478	0.01509	A
833	0.01013	0.01019	C
834	0.00707	0.00711	C
835	0.01237	0.01238	C
836	0.01478	0.01479	C
837	0.0119	0.01191	C
838	0.0055	0.00592	G
839	0.01679	0.01692	A
840	0.00147	0.00149	T
841	0.00147	0.00148	T
842	0.01073	0.01073	C
843	0.01251	0.01254	C
844	0.00769	0.00823	G
845	0.02161	0.02206	C
846	0.00218	0.00228	T
847	0.01848	0.01871	A
848	0.02657	0.02687	C
849	0.00372	0.00392	G
850	0.02167	0.02192	A
851	0.02315	0.02316	C
852	0.01471	0.01478	C
853	0.01605	0.01608	A
854	0.03027	0.0303	A
855	0.01917	0.01936	C
856	0.00157	0.00234	T
857	0.00418	0.00428	C
858	0.00604	0.00657	A
859	0.00108	0.00118	T
860	0.00601	0.00627	A
861	0.00582	0.00597	C
862	0.00776	0.00785	A
863	0.00586	0.00589	C
864	0.00609	0.00615	C
865	0.00124	0.00142	T
866	0.01146	0.01147	C
867	0.01732	0.01769	C
868	0.00213	0.00229	T
869	0.02235	0.02293	A
870	0.00354	0.00379	T
871	0.00268	0.00293	G
872	0.00073	0.00078	A
873	0.00459	0.00465	A
874	0.01751	0.01758	A
875	0.01383	0.01386	A
876	0.01629	0.01629	A
877	0.01301	0.01302	A
878	0.02525	0.02649	C
879	0.00157	0.0016	T
880	0.00158	0.00159	T
881	0.01263	0.01267	C
882	0.01047	0.01053	C
883	0.0021	0.00241	T
884	0.02058	0.02092	A
885	0.01698	0.01701	C
886	0.00897	0.00906	C
887	0.01312	0.02045	A
888	0.01266	0.01288	C
889	0.00247	0.00443	T
890	0.00497	0.00514	C
891	0.00834	0.00884	A
892	0.00746	0.00746	C
893	0.00557	0.00557	C
894	0.0071	0.00712	C
895	0.00129	0.00139	T
896	0.00963	0.00976	A
897	0.00183	0.00193	G
898	0.00837	0.00841	C
899	0.01418	0.01443	A
900	0.0018	0.0018	T
901	0.00172	0.00173	T
902	0.00654	0.01454	A
903	0.02302	0.02322	C
904	0.00176	0.00177	T
905	0.00203	0.00206	T
906	0.0103	0.02115	A
907	0.00218	0.00224	T
908	0.0216	0.02207	A
909	0.00212	0.00214	T
910	0.00155	0.00187	G
911	0.01951	0.01967	A
912	0.00149	0.00151	T
913	0.01455	0.01482	A
914	0.00144	0.00148	T
915	0.0023	0.00234	G
916	0.0009	0.00102	T
917	0.00202	0.00209	C
918	0.00093	0.00107	T
919	0.00729	0.0073	C
920	0.00461	0.00468	C
921	0.00798	0.01562	A
922	0.0018	0.002	T
923	0.01289	0.01323	A
924	0.01867	0.01877	C
925	0.01417	0.01421	C
926	0.02186	0.02189	C
927	0.01076	0.02001	A
928	0.00249	0.00249	T
929	0.00214	0.00216	T
930	0.01175	0.01906	A
931	0.02818	0.02838	C
932	0.01809	0.0181	A
933	0.01725	0.01737	A
934	0.00198	0.00205	T
935	0.01353	0.0136	C
936	0.00638	0.00644	T
937	0.01304	0.01304	C
938	0.00944	0.00946	C
939	0.01213	0.01504	A
940	0.00151	0.00153	G
941	0.01258	0.01275	C
942	0.01076	0.01117	A
943	0.00234	0.00234	T
944	0.00266	0.00266	T
945	0.0042	0.0042	C
946	0.0065	0.0065	C
947	0.00893	0.00893	C
948	0.00474	0.00474	C
949	0.00786	0.00786	C
950	0.00447	0.00461	T
951	0.01407	0.01437	C
952	0.02702	0.02702	A
953	0.03875	0.03875	A
954	0.0115	0.0115	A
955	0.01934	0.01934	C
956	0.00131	0.00131	C
957	6e-05	6e-05	T
958	0.0	0.0	A
959	0.0	0.0	A
