Position	Mismatches	Mismatches + Deletions	Base
1	0.0	0.0	A
2	0.0	0.0	T
3	0.0	0.0	G
4	0.01639	0.01639	C
5	0.0	0.0	T
6	0.0	0.05	A
7	0.0	0.0	A
8	0.01587	0.01587	A
9	0.01587	0.01587	A
10	0.0	0.0	C
11	0.0	0.0	T
12	0.03175	0.03175	A
13	0.0	0.0	A
14	0.0	0.0	T
15	0.01562	0.01562	C
16	0.01562	0.01562	G
17	0.0	0.0	T
18	0.0	0.0	C
19	0.0	0.0	C
20	0.0	0.0	C
21	0.0303	0.0303	A
22	0.0	0.0	A
23	0.01449	0.01449	C
24	0.02941	0.02941	A
25	0.0274	0.0274	A
26	0.0	0.0	T
27	0.0137	0.0137	T
28	0.0	0.01429	A
29	0.0	0.0	T
30	0.0	0.0	A
31	0.0	0.0	T
32	0.0	0.0	T
33	0.0	0.0	A
34	0.0	0.0	C
35	0.0	0.0	T
36	0.01316	0.01316	A
37	0.0	0.0	C
38	0.01299	0.01299	C
39	0.03846	0.05128	A
40	0.0	0.0	C
41	0.0	0.0125	T
42	0.0	0.0	G
43	0.0	0.0	A
44	0.02564	0.02564	C
45	0.0	0.0	A
46	0.0	0.0	T
47	0.01266	0.01266	G
48	0.0	0.0	A
49	0.0125	0.0125	C
50	0.0	0.0	T
51	0.0	0.0	T
52	0.01205	0.01205	T
53	0.0119	0.0119	C
54	0.0125	0.0125	C
55	0.0	0.0	A
56	0.0	0.0	A
57	0.01136	0.01136	A
58	0.0	0.0	A
59	0.0	0.0	A
60	0.01136	0.01136	A
61	0.02198	0.03297	C
62	0.01087	0.01087	A
63	0.03261	0.03261	C
64	0.02273	0.02273	A
65	0.0	0.0	T
66	0.0	0.0	A
67	0.0	0.0	A
68	0.0	0.0	T
69	0.0	0.0	T
70	0.01087	0.01087	T
71	0.0	0.0	G
72	0.02198	0.02198	A
73	0.0	0.0	A
74	0.0	0.0	T
75	0.0	0.0	C
76	0.04255	0.04255	A
77	0.0	0.0	A
78	0.03448	0.03448	C
79	0.01099	0.01099	A
80	0.01149	0.01149	C
81	0.01075	0.01075	A
82	0.03261	0.03261	A
83	0.01136	0.01136	C
84	0.0	0.0	C
85	0.0	0.0	A
86	0.0	0.0	C
87	0.0	0.0	C
88	0.01064	0.01064	C
89	0.01031	0.01031	A
90	0.0	0.0	C
91	0.01064	0.01064	A
92	0.01064	0.01064	G
93	0.0	0.0	C
94	0.0	0.0	C
95	0.0	0.0	T
96	0.0	0.0	A
97	0.01961	0.01961	A
98	0.0	0.0	T
99	0.0	0.0	T
100	0.0	0.0098	A
101	0.0	0.0	T
102	0.0	0.0	T
103	0.0	0.01087	A
104	0.0	0.0	G
105	0.0119	0.0119	C
106	0.01111	0.01111	A
107	0.0	0.0	T
108	0.0	0.0	C
109	0.01163	0.01163	A
110	0.0	0.0	T
111	0.0	0.0	C
112	0.0	0.0	C
113	0.0099	0.0099	C
114	0.0	0.0	T
115	0.0	0.0	C
116	0.00971	0.00971	T
117	0.00935	0.00935	A
118	0.0381	0.0381	C
119	0.00943	0.01887	T
120	0.0	0.0	A
121	0.0	0.0	T
122	0.0	0.0	T
123	0.0	0.0	T
124	0.0	0.0	T
125	0.0	0.0	T
126	0.0	0.0	T
127	0.0	0.0	A
128	0.0198	0.0198	A
129	0.02913	0.02913	C
130	0.00962	0.00962	C
131	0.00935	0.00935	A
132	0.00971	0.00971	A
133	0.0	0.0	A
134	0.0	0.0	T
135	0.04808	0.04808	C
136	0.00935	0.00935	A
137	0.00943	0.00943	A
138	0.00952	0.00952	C
139	0.02857	0.02857	A
140	0.00952	0.00952	A
141	0.0	0.0	C
142	0.00962	0.00962	A
143	0.0198	0.0198	A
144	0.0	0.0	C
145	0.01869	0.01869	C
146	0.0	0.0	T
147	0.00926	0.00926	A
148	0.0	0.0	T
149	0.00952	0.00952	T
150	0.0	0.0	T
151	0.01852	0.01852	A
152	0.0	0.0	G
153	0.0	0.0	C
154	0.0	0.0	T
155	0.0	0.0	G
156	0.0	0.0	T
157	0.0	0.0	T
158	0.0	0.0	C
159	0.0	0.0	C
160	0.0	0.0	C
161	0.01835	0.01835	C
162	0.01869	0.01869	A
163	0.0	0.0	A
164	0.00962	0.00962	C
165	0.0	0.0	C
166	0.0099	0.0099	T
167	0.0	0.0	T
168	0.00943	0.00943	T
169	0.0	0.0	T
170	0.0	0.0	C
171	0.0	0.0	C
172	0.0	0.0	T
173	0.00962	0.00962	C
174	0.00943	0.00943	C
175	0.00962	0.00962	G
176	0.01235	0.01235	A
177	0.00971	0.00971	C
178	0.0099	0.0099	C
179	0.02083	0.02083	C
180	0.0099	0.0099	C
181	0.0	0.0	C
182	0.0	0.0	T
183	0.01064	0.01064	A
184	0.04396	0.04396	A
185	0.0	0.0	C
186	0.02222	0.02222	A
187	0.01087	0.01087	A
188	0.03191	0.03191	C
189	0.0	0.0	C
190	0.0	0.0	C
191	0.0	0.0	C
192	0.0	0.0	C
193	0.0099	0.0099	C
194	0.01149	0.01149	T
195	0.0099	0.0099	C
196	0.0	0.0	C
197	0.0	0.0	T
198	0.0101	0.0101	A
199	0.02041	0.02041	A
200	0.0	0.0	T
201	0.0	0.0	A
202	0.0297	0.0297	C
203	0.0101	0.0101	T
204	0.01869	0.01869	A
205	0.03	0.03	A
206	0.02	0.02	C
207	0.01	0.01	T
208	0.03922	0.03922	A
209	0.02804	0.02804	C
210	0.00935	0.00935	C
211	0.0	0.0	T
212	0.00943	0.00943	G
213	0.01835	0.01835	A
214	0.00962	0.00962	C
215	0.0	0.0	T
216	0.0	0.0	C
217	0.00952	0.00952	C
218	0.0283	0.0283	T
219	0.04808	0.04808	A
220	0.03846	0.03846	C
221	0.01852	0.01852	C
222	0.0	0.0	C
223	0.01802	0.01802	C
224	0.0	0.0	T
225	0.00901	0.00901	C
226	0.00855	0.00855	A
227	0.00877	0.00877	C
228	0.02459	0.02459	A
229	0.03419	0.03419	A
230	0.00885	0.00885	T
231	0.01754	0.01754	C
232	0.00826	0.00826	A
233	0.00862	0.00862	T
234	0.0	0.0	G
235	0.0	0.0	G
236	0.0	0.0	C
237	0.0084	0.0084	A
238	0.00813	0.00813	A
239	0.01724	0.01724	G
240	0.02459	0.02459	C
241	0.0	0.0	C
242	0.01587	0.02381	A
243	0.04167	0.04167	A
244	0.01626	0.01626	C
245	0.0084	0.0084	G
246	0.0082	0.0082	C
247	0.00794	0.00794	C
248	0.0	0.0	A
249	0.03175	0.03175	C
250	0.0	0.0	T
251	0.0	0.0	T
252	0.0	0.0	A
253	0.0	0.0	T
254	0.0315	0.0315	C
255	0.02308	0.02308	C
256	0.00758	0.00758	A
257	0.0	0.0	G
258	0.00813	0.00813	T
259	0.00787	0.00787	G
260	0.0	0.0	A
261	0.0155	0.0155	A
262	0.02326	0.02326	C
263	0.01667	0.01667	C
264	0.008	0.032	A
265	0.03906	0.03906	C
266	0.0	0.0	T
267	0.0155	0.0155	A
268	0.00752	0.00752	T
269	0.01587	0.01587	C
270	0.00752	0.00752	A
271	0.01538	0.01538	C
272	0.0	0.0	G
273	0.0	0.0	A
274	0.0	0.0	A
275	0.0	0.0	A
276	0.00741	0.00741	A
277	0.0	0.0	A
278	0.0	0.0	A
279	0.0	0.0	A
280	0.00813	0.00813	C
281	0.0	0.0	T
282	0.00787	0.00787	C
283	0.0	0.0	T
284	0.00794	0.00794	A
285	0.00787	0.00787	C
286	0.02479	0.02479	C
287	0.0	0.0	T
288	0.00806	0.00806	C
289	0.0	0.0	T
290	0.0	0.0	C
291	0.0	0.0	T
292	0.00763	0.00763	A
293	0.00775	0.00775	T
294	0.01613	0.01613	A
295	0.0	0.0	C
296	0.0	0.0	T
297	0.00794	0.00794	A
298	0.01653	0.01653	A
299	0.0	0.0	T
300	0.0	0.0	C
301	0.00806	0.00806	T
302	0.00826	0.00826	C
303	0.0	0.0	C
304	0.024	0.024	C
305	0.0	0.0	T
306	0.0082	0.0082	A
307	0.0084	0.0084	C
308	0.0	0.0	A
309	0.01613	0.01613	A
310	0.00855	0.00855	A
311	0.0	0.0	T
312	0.0	0.0	C
313	0.0	0.0	T
314	0.00813	0.00813	C
315	0.0	0.0	C
316	0.00847	0.00847	T
317	0.0	0.0	T
318	0.01587	0.01587	A
319	0.00787	0.00787	A
320	0.0	0.0	T
321	0.0	0.0	T
322	0.01538	0.01538	A
323	0.0	0.0	T
324	0.00794	0.00794	A
325	0.0	0.0	A
326	0.01626	0.01626	C
327	0.00813	0.00813	A
328	0.0	0.0	T
329	0.0	0.0	T
330	0.0	0.00855	C
331	0.0084	0.0084	A
332	0.0	0.00806	C
333	0.024	0.024	A
334	0.0	0.00862	G
335	0.0	0.0	C
336	0.0	0.0	C
337	0.0	0.0	A
338	0.0	0.0	C
339	0.01653	0.01653	A
340	0.0	0.0	G
341	0.01653	0.01653	A
342	0.00794	0.00794	A
343	0.00794	0.00794	C
344	0.00787	0.00787	T
345	0.0	0.0	A
346	0.01575	0.01575	A
347	0.00787	0.00787	T
348	0.01587	0.01587	C
349	0.00763	0.00763	A
350	0.0	0.0	T
351	0.0	0.0	A
352	0.0	0.0	T
353	0.00725	0.00725	T
354	0.0	0.0	T
355	0.0	0.0	T
356	0.00725	0.00725	A
357	0.0	0.0	T
358	0.00752	0.00752	A
359	0.0	0.0	T
360	0.02273	0.02273	C
361	0.0	0.0	T
362	0.0	0.0	T
363	0.01562	0.01562	C
364	0.0	0.0	T
365	0.0	0.0	T
366	0.02419	0.02419	C
367	0.0	0.0	G
368	0.0	0.0	A
369	0.01639	0.01639	A
370	0.0	0.008	A
371	0.024	0.024	C
372	0.01639	0.01639	C
373	0.00855	0.01709	A
374	0.0	0.0	C
375	0.01786	0.01786	A
376	0.00877	0.00877	C
377	0.0087	0.0087	T
378	0.0	0.0	T
379	0.00909	0.01818	A
380	0.0	0.0	T
381	0.00885	0.00885	C
382	0.0087	0.0087	C
383	0.00877	0.00877	C
384	0.03448	0.03448	C
385	0.01739	0.01739	A
386	0.02521	0.02521	C
387	0.01739	0.01739	C
388	0.0	0.0	T
389	0.0	0.0	T
390	0.0	0.0	G
391	0.0	0.0	G
392	0.0	0.0	C
393	0.0	0.0	T
394	0.01653	0.01653	A
395	0.0	0.0	T
396	0.01653	0.01653	C
397	0.0	0.0	A
398	0.0	0.0	T
399	0.0	0.0	C
400	0.0	0.0	A
401	0.02521	0.02521	C
402	0.0082	0.0082	C
403	0.0	0.0	C
404	0.0	0.0	G
405	0.00826	0.00826	A
406	0.0	0.0	T
407	0.0	0.0	G
408	0.0	0.0	A
409	0.0	0.0	G
410	0.02459	0.02459	G
411	0.04098	0.04098	C
412	0.0	0.0	A
413	0.04065	0.04065	A
414	0.06612	0.06612	C
415	0.0	0.0	C
416	0.0	0.00813	A
417	0.0	0.0	G
418	0.0	0.0	C
419	0.0	0.0	C
420	0.008	0.016	A
421	0.0	0.0	G
422	0.01613	0.01613	A
423	0.0	0.0	A
424	0.00787	0.01575	C
425	0.00781	0.00781	G
426	0.0	0.0	C
427	0.00794	0.00794	C
428	0.0	0.0	T
429	0.0	0.0	G
430	0.0315	0.0315	A
431	0.0	0.0	A
432	0.00781	0.00781	C
433	0.01613	0.01613	G
434	0.0	0.0	C
435	0.0	0.0	A
436	0.0	0.0	G
437	0.0082	0.0082	G
438	0.00806	0.00806	C
439	0.02459	0.02459	A
440	0.0315	0.0315	C
441	0.00758	0.00758	A
442	0.0	0.0	T
443	0.01562	0.01562	A
444	0.02326	0.02326	C
445	0.0	0.0	T
446	0.00787	0.00787	T
447	0.01626	0.01626	C
448	0.016	0.016	C
449	0.0	0.0	T
450	0.01681	0.01681	A
451	0.0	0.0	T
452	0.0	0.0	T
453	0.0	0.0	C
454	0.0	0.0	T
455	0.00826	0.01653	A
456	0.00833	0.00833	C
457	0.0	0.0	A
458	0.0	0.0	C
459	0.01709	0.01709	C
460	0.02542	0.02542	C
461	0.00826	0.00826	T
462	0.0	0.0	A
463	0.0	0.0	G
464	0.0	0.0	T
465	0.0	0.0	A
466	0.0	0.0	G
467	0.0	0.0	G
468	0.0087	0.0087	C
469	0.00847	0.00847	T
470	0.00862	0.00862	C
471	0.02679	0.02679	C
472	0.0087	0.0087	C
473	0.00862	0.00862	T
474	0.0	0.0	T
475	0.00847	0.00847	C
476	0.00926	0.00926	C
477	0.0	0.0	C
478	0.0	0.0	C
479	0.0	0.0	T
480	0.0	0.0	A
481	0.01852	0.01852	C
482	0.0	0.0	T
483	0.01869	0.01869	C
484	0.0	0.0	A
485	0.0	0.0	T
486	0.0	0.0	C
487	0.0	0.0	G
488	0.0	0.0	C
489	0.0	0.0	A
490	0.0	0.0	C
491	0.00943	0.01887	T
492	0.01923	0.01923	A
493	0.00962	0.00962	A
494	0.0	0.0	T
495	0.0	0.0	T
496	0.0	0.0	T
497	0.01887	0.01887	A
498	0.00971	0.00971	C
499	0.0297	0.0297	A
500	0.01905	0.01905	C
501	0.0	0.0	T
502	0.02041	0.02041	C
503	0.02105	0.02105	A
504	0.02041	0.02041	C
505	0.01042	0.01042	A
506	0.01031	0.01031	A
507	0.0	0.0	C
508	0.02222	0.02222	A
509	0.03371	0.03371	C
510	0.0	0.0	C
511	0.0	0.0	C
512	0.02273	0.02273	T
513	0.0	0.0	A
514	0.0	0.0	G
515	0.01075	0.01075	G
516	0.0	0.0	C
517	0.0	0.0	T
518	0.02151	0.02151	C
519	0.01124	0.01124	A
520	0.0	0.0	C
521	0.0	0.0	T
522	0.01064	0.01064	A
523	0.0	0.0	A
524	0.0	0.0	A
525	0.04167	0.04167	C
526	0.03125	0.03125	A
527	0.0	0.0	T
528	0.0	0.0	T
529	0.0	0.0	C
530	0.0	0.0	T
531	0.01042	0.01042	A
532	0.03125	0.03125	C
533	0.0	0.0	T
534	0.0	0.0	A
535	0.02151	0.02151	C
536	0.0	0.0	T
537	0.04301	0.04301	C
538	0.01205	0.01205	A
539	0.01111	0.01111	C
540	0.01176	0.01176	T
541	0.0	0.0	C
542	0.0	0.0	T
543	0.0	0.0	C
544	0.02174	0.02174	A
545	0.02198	0.02198	C
546	0.01124	0.01124	T
547	0.0	0.0	G
548	0.0	0.0	C
549	0.01163	0.01163	C
550	0.01099	0.01099	C
551	0.0	0.0	A
552	0.01075	0.01075	A
553	0.0	0.0	G
554	0.0122	0.0122	A
555	0.01111	0.01111	A
556	0.01176	0.01176	C
557	0.0	0.0	T
558	0.01124	0.01124	A
559	0.0	0.0	T
560	0.01149	0.01149	C
561	0.01111	0.01111	A
562	0.01064	0.01064	A
563	0.04938	0.04938	A
564	0.01099	0.01099	C
565	0.0	0.0	T
566	0.0	0.0	C
567	0.0	0.0	C
568	0.0	0.0	T
569	0.0	0.0	G
570	0.0	0.0	A
571	0.0	0.0	G
572	0.0	0.0	C
573	0.03333	0.03333	C
574	0.01087	0.01087	A
575	0.01075	0.01075	A
576	0.02083	0.02083	C
577	0.02857	0.02857	A
578	0.0	0.0	A
579	0.01887	0.01887	C
580	0.0	0.0	T
581	0.00909	0.00909	T
582	0.01786	0.01786	A
583	0.01739	0.01739	A
584	0.0	0.0	T
585	0.00901	0.00901	A
586	0.0	0.0	T
587	0.0	0.0	G
588	0.00862	0.00862	A
589	0.0	0.0	C
590	0.0	0.0	T
591	0.02542	0.02542	A
592	0.0	0.0	G
593	0.0	0.0	C
594	0.0	0.0	T
595	0.0	0.0	T
596	0.0084	0.0084	A
597	0.0084	0.0084	C
598	0.02521	0.02521	A
599	0.02564	0.02564	C
600	0.02586	0.02586	A
601	0.0084	0.0084	A
602	0.0	0.0	T
603	0.0	0.0	A
604	0.0	0.0	G
605	0.0084	0.0084	C
606	0.0	0.0	T
607	0.0	0.0	T
608	0.0	0.0	T
609	0.00826	0.00826	T
610	0.0084	0.0084	A
611	0.0	0.0	T
612	0.03361	0.03361	A
613	0.0	0.0	G
614	0.0	0.0	T
615	0.02419	0.02419	A
616	0.016	0.016	A
617	0.01653	0.01653	A
618	0.0	0.0	G
619	0.01626	0.01626	A
620	0.00806	0.00806	T
621	0.00813	0.00813	A
622	0.03333	0.03333	C
623	0.016	0.016	C
624	0.0	0.0	T
625	0.01626	0.01626	C
626	0.0	0.0	T
627	0.0	0.0	T
628	0.0	0.0	T
629	0.02479	0.02479	A
630	0.0082	0.0082	C
631	0.0	0.0	G
632	0.0	0.0	G
633	0.01724	0.02586	A
634	0.0	0.0	C
635	0.00847	0.00847	T
636	0.0	0.0	C
637	0.0	0.0	C
638	0.01739	0.02609	A
639	0.02586	0.02586	C
640	0.0	0.0	T
641	0.0	0.0	T
642	0.01724	0.02586	A
643	0.0087	0.0087	T
644	0.0	0.0	G
645	0.00901	0.00901	A
646	0.00893	0.00893	C
647	0.0	0.0	T
648	0.01754	0.01754	C
649	0.0	0.0	C
650	0.02679	0.02679	C
651	0.0	0.0	T
652	0.03509	0.03509	A
653	0.01754	0.01754	A
654	0.02804	0.02804	A
655	0.0	0.0	G
656	0.0177	0.0177	C
657	0.0	0.0	C
658	0.0	0.0	C
659	0.02857	0.02857	A
660	0.0	0.0	T
661	0.0	0.0	G
662	0.0	0.0	T
663	0.02609	0.02609	C
664	0.0087	0.0087	G
665	0.00862	0.00862	A
666	0.05932	0.05932	A
667	0.0	0.0	G
668	0.00893	0.00893	C
669	0.0	0.0	C
670	0.0	0.0	C
671	0.02564	0.02564	C
672	0.00862	0.00862	C
673	0.02655	0.02655	A
674	0.0	0.0	T
675	0.0084	0.0084	C
676	0.0	0.0	G
677	0.00847	0.00847	C
678	0.00847	0.00847	T
679	0.0	0.0	G
680	0.0	0.0	G
681	0.0	0.0	G
682	0.0	0.0	T
683	0.03419	0.03419	C
684	0.02679	0.02679	A
685	0.01695	0.01695	A
686	0.0	0.0	T
687	0.01695	0.01695	A
688	0.02521	0.02521	G
689	0.0	0.0	T
690	0.02609	0.02609	A
691	0.0	0.0	C
692	0.0	0.0	T
693	0.0	0.0	T
694	0.0	0.0	G
695	0.0	0.0	C
696	0.02679	0.02679	C
697	0.00901	0.00901	G
698	0.00893	0.00893	C
699	0.00893	0.00893	A
700	0.00877	0.00877	G
701	0.0	0.0	T
702	0.0	0.0	A
703	0.0	0.0	C
704	0.00885	0.00885	T
705	0.04505	0.04505	C
706	0.00893	0.00893	T
707	0.00877	0.00877	T
708	0.03636	0.03636	A
709	0.0	0.0	A
710	0.0	0.0	A
711	0.01802	0.01802	A
712	0.0625	0.08036	C
713	0.0	0.0	T
714	0.00935	0.00935	A
715	0.0	0.0	G
716	0.0	0.0	G
717	0.01739	0.01739	C
718	0.0	0.0	G
719	0.0	0.0	G
720	0.01852	0.03704	C
721	0.0	0.0	T
722	0.00893	0.00893	A
723	0.00885	0.00885	T
724	0.0	0.0	G
725	0.0	0.0	G
726	0.00909	0.00909	T
727	0.0	0.0	A
728	0.0	0.0	T
729	0.0	0.0	A
730	0.00962	0.00962	A
731	0.0	0.0	T
732	0.0	0.0	A
733	0.05714	0.06667	C
734	0.0	0.0	G
735	0.0	0.0	C
736	0.0	0.0	C
737	0.0	0.0	T
738	0.0	0.0	C
739	0.03	0.03	A
740	0.05208	0.05208	C
741	0.0	0.0	A
742	0.0101	0.0101	C
743	0.0	0.0	T
744	0.04	0.04	C
745	0.02105	0.02105	A
746	0.0	0.0	T
747	0.0	0.0	T
748	0.02151	0.02151	C
749	0.01087	0.01087	T
750	0.02299	0.02299	C
751	0.02222	0.02222	A
752	0.0	0.0	A
753	0.02273	0.02273	C
754	0.02326	0.02326	C
755	0.01176	0.01176	C
756	0.01266	0.01266	C
757	0.01235	0.01235	C
758	0.0	0.0	T
759	0.0	0.0	G
760	0.03896	0.03896	A
761	0.0	0.0	C
762	0.01333	0.01333	A
763	0.02532	0.02532	A
764	0.01266	0.01266	A
765	0.01205	0.01205	A
766	0.01235	0.02469	C
767	0.02597	0.02597	A
768	0.0	0.0	C
769	0.03846	0.03846	A
770	0.0	0.0	T
771	0.01333	0.01333	A
772	0.0	0.0	G
773	0.0274	0.0274	C
774	0.0	0.0	C
775	0.0	0.0	T
776	0.01493	0.01493	A
777	0.0	0.0	C
778	0.0	0.0	C
779	0.0	0.0	C
780	0.0	0.0	C
781	0.0	0.0	T
782	0.0	0.0	T
783	0.02985	0.02985	C
784	0.0	0.0	C
785	0.0	0.0	T
786	0.0	0.0	T
787	0.0	0.0	G
788	0.0	0.0	T
789	0.04225	0.04225	A
790	0.0303	0.0303	C
791	0.0	0.0	T
792	0.01429	0.01429	A
793	0.0	0.0	T
794	0.01538	0.01538	C
795	0.01515	0.01515	C
796	0.02899	0.02899	C
797	0.0	0.0	T
798	0.0	0.0	A
799	0.0	0.0	T
800	0.0	0.0	G
801	0.0	0.0	A
802	0.0	0.0	G
803	0.0	0.0	G
804	0.0	0.0	C
805	0.0	0.0	A
806	0.0	0.0	T
807	0.01389	0.01389	A
808	0.02667	0.02667	A
809	0.0	0.0	T
810	0.0	0.0	T
811	0.01316	0.01316	A
812	0.01351	0.01351	T
813	0.0411	0.0411	A
814	0.0	0.0	A
815	0.01389	0.01389	C
816	0.02817	0.02817	A
817	0.0	0.0	A
818	0.0	0.0	G
819	0.05882	0.05882	C
820	0.0	0.0	T
821	0.0	0.0	C
822	0.01515	0.01515	C
823	0.01538	0.01538	A
824	0.0	0.0	T
825	0.0	0.0	C
826	0.01515	0.01515	T
827	0.0	0.0	G
828	0.0	0.0	C
829	0.0	0.0	C
830	0.0	0.0	T
831	0.0	0.0	A
832	0.0	0.0	C
833	0.0	0.0	G
834	0.03279	0.03279	A
835	0.01562	0.01562	C
836	0.0	0.0	A
837	0.0	0.0	A
838	0.01961	0.01961	A
839	0.03509	0.03509	C
840	0.05172	0.05172	A
841	0.0	0.0	G
842	0.0	0.0	A
843	0.03448	0.03448	C
844	0.01818	0.01818	C
845	0.0	0.0	T
846	0.0	0.0	A
847	0.0	0.0	A
848	0.0	0.0	A
849	0.05	0.05	A
850	0.01587	0.01587	T
851	0.03175	0.03175	C
852	0.0	0.0	G
853	0.0	0.0	C
854	0.0	0.0	T
855	0.0303	0.0303	C
856	0.01538	0.01538	A
857	0.0	0.0	T
858	0.0	0.0	T
859	0.0	0.0	G
860	0.0	0.0	C
861	0.01493	0.01493	A
862	0.0	0.0	T
863	0.0	0.0	A
864	0.0	0.0	C
865	0.0	0.0	T
866	0.01471	0.01471	C
867	0.0	0.0	T
868	0.0	0.0	T
869	0.01538	0.01538	C
870	0.0	0.0	A
871	0.01562	0.01562	A
872	0.0	0.0	T
873	0.06349	0.06349	C
874	0.0	0.0	A
875	0.0	0.0	G
876	0.0	0.0	C
877	0.0	0.0	C
878	0.0	0.0	A
879	0.01667	0.01667	C
880	0.01695	0.01695	A
881	0.0	0.0	T
882	0.0	0.0	A
883	0.0	0.0	G
884	0.01724	0.01724	C
885	0.01724	0.01724	C
886	0.01639	0.01639	C
887	0.0	0.0	T
888	0.0	0.01695	C
889	0.0	0.0	G
890	0.0	0.0	T
891	0.0	0.0	A
892	0.0	0.0	G
893	0.0	0.0	T
894	0.01695	0.01695	A
895	0.0	0.0	A
896	0.0	0.0	C
897	0.06667	0.06667	A
898	0.01754	0.01754	G
899	0.01818	0.01818	C
900	0.0	0.0	C
901	0.01695	0.01695	A
902	0.0	0.0	T
903	0.0	0.0	T
904	0.01786	0.03571	C
905	0.0	0.0	T
906	0.0	0.0	C
907	0.0	0.0	A
908	0.0	0.0	T
909	0.0339	0.0339	C
910	0.0	0.0	C
911	0.0	0.0	A
912	0.01667	0.01667	A
913	0.01923	0.01923	A
914	0.0	0.0	C
915	0.0	0.0	C
916	0.0	0.0	C
917	0.01639	0.01639	C
918	0.01695	0.01695	C
919	0.0	0.0	T
920	0.0	0.0	G
921	0.01639	0.01639	A
922	0.01667	0.01667	A
923	0.0	0.0	G
924	0.01754	0.01754	C
925	0.0	0.0	T
926	0.01887	0.01887	T
927	0.0	0.0	C
928	0.03571	0.03571	A
929	0.03571	0.03571	C
930	0.0	0.0	C
931	0.0	0.0	G
932	0.0	0.0	G
933	0.0	0.0	C
934	0.0	0.0	G
935	0.03636	0.03636	C
936	0.0	0.0	A
937	0.0	0.0	G
938	0.0	0.0	T
939	0.0	0.0	C
940	0.01852	0.01852	A
941	0.0	0.0	T
942	0.0	0.0	T
943	0.01754	0.01754	C
944	0.0	0.0	T
945	0.0	0.0	C
946	0.0	0.0	A
947	0.01786	0.01786	T
948	0.0	0.0	A
949	0.01754	0.01754	A
950	0.0	0.0	T
951	0.0	0.0	C
952	0.01724	0.01724	G
953	0.0	0.0	C
954	0.0	0.0	C
955	0.0	0.0	C
956	0.01852	0.01852	A
957	0.03448	0.03448	C
958	0.0	0.0	G
959	0.0	0.0	G
960	0.01786	0.01786	G
961	0.0	0.0	C
962	0.0	0.0	T
963	0.0	0.0	T
964	0.0	0.0	A
965	0.01754	0.01754	C
966	0.0	0.0	A
967	0.0	0.0	T
968	0.01724	0.01724	C
969	0.0	0.0	C
970	0.0	0.0	T
971	0.03448	0.03448	C
972	0.01754	0.01754	A
973	0.01695	0.01695	T
974	0.0	0.0	T
975	0.0	0.03509	A
976	0.01695	0.01695	C
977	0.0	0.0	T
978	0.03509	0.03509	A
979	0.0	0.0	T
980	0.0	0.0	T
981	0.0	0.0	C
982	0.0	0.0	T
983	0.0	0.0	G
984	0.0	0.0	C
985	0.0	0.0	C
986	0.0	0.0	T
987	0.0	0.0	A
988	0.0	0.0	G
989	0.01786	0.01786	C
990	0.03636	0.03636	A
991	0.01724	0.01724	A
992	0.02041	0.02041	A
993	0.05172	0.05172	C
994	0.0	0.0	T
995	0.03448	0.03448	C
996	0.0	0.0	A
997	0.0	0.0	A
998	0.0	0.0	A
999	0.05263	0.05263	C
1000	0.0	0.0	T
1001	0.01887	0.01887	A
1002	0.0	0.0	C
1003	0.01887	0.01887	G
1004	0.0	0.0	A
1005	0.03774	0.03774	A
1006	0.07692	0.07692	C
1007	0.0	0.0	G
1008	0.01887	0.01887	C
1009	0.0	0.0	A
1010	0.02	0.02	C
1011	0.0	0.0	T
1012	0.01923	0.01923	C
1013	0.01961	0.01961	A
1014	0.0	0.0	C
1015	0.0	0.0	A
1016	0.0	0.0	G
1017	0.0	0.0	T
1018	0.0	0.0	C
1019	0.0	0.0	G
1020	0.0	0.0	C
1021	0.0	0.0	A
1022	0.0	0.0	T
1023	0.03636	0.03636	C
1024	0.0	0.0	A
1025	0.0	0.0	T
1026	0.0	0.0	A
1027	0.03509	0.03509	A
1028	0.0	0.0	T
1029	0.01754	0.01754	C
1030	0.0	0.0	C
1031	0.0	0.0	T
1032	0.01754	0.01754	C
1033	0.0	0.0	T
1034	0.0	0.0	C
1035	0.0	0.0	T
1036	0.01818	0.01818	C
1037	0.03571	0.03571	A
1038	0.01724	0.01724	A
1039	0.0	0.0	G
1040	0.0	0.0	G
1041	0.0	0.0	A
1042	0.0	0.0	C
1043	0.0	0.0	T
1044	0.01754	0.01754	T
1045	0.0	0.0	C
1046	0.0	0.0	A
1047	0.0	0.0	A
1048	0.04762	0.04762	A
1049	0.0	0.0	C
1050	0.0	0.0	T
1051	0.04167	0.04167	C
1052	0.0	0.0	T
1053	0.02083	0.02083	A
1054	0.0	0.0	C
1055	0.01961	0.01961	T
1056	0.0	0.0	C
1057	0.0	0.0	C
1058	0.02	0.02	C
1059	0.08333	0.08333	A
1060	0.0	0.0	C
1061	0.0	0.0	T
1062	0.02	0.02	A
1063	0.0	0.0	A
1064	0.0	0.0	T
1065	0.04348	0.04348	A
1066	0.0	0.0	G
1067	0.03704	0.03704	C
1068	0.0	0.0	T
1069	0.0	0.0	T
1070	0.0	0.0	T
1071	0.0	0.0	T
1072	0.0	0.0	T
1073	0.0	0.0	G
1074	0.01923	0.01923	A
1075	0.0	0.0	T
1076	0.0	0.0	G
1077	0.0	0.0	A
1078	0.0	0.0	C
1079	0.0	0.0	T
1080	0.0	0.0	T
1081	0.0	0.0	C
1082	0.0	0.0	T
1083	0.0	0.0	A
1084	0.0	0.0	G
1085	0.02174	0.02174	C
1086	0.0	0.0	A
1087	0.02128	0.02128	A
1088	0.0	0.0	G
1089	0.0	0.0	C
1090	0.0	0.0	C
1091	0.0	0.0	T
1092	0.02128	0.02128	C
1093	0.0	0.0	G
1094	0.0	0.0	C
1095	0.0	0.0	T
1096	0.0	0.0	A
1097	0.0	0.0	A
1098	0.04444	0.04444	C
1099	0.02222	0.02222	C
1100	0.0	0.0	T
1101	0.04348	0.04348	C
1102	0.0	0.0	G
1103	0.0	0.0	C
1104	0.02381	0.02381	C
1105	0.0	0.0	T
1106	0.0	0.0	T
1107	0.0	0.0	A
1108	0.0	0.0	C
1109	0.02778	0.02778	C
1110	0.0	0.0	C
1111	0.0	0.0	C
1112	0.0	0.0	C
1113	0.02564	0.02564	C
1114	0.0	0.0	A
1115	0.075	0.075	C
1116	0.0	0.0	T
1117	0.025	0.025	A
1118	0.0	0.0	T
1119	0.0	0.0	T
1120	0.0	0.0	A
1121	0.0	0.0	A
1122	0.025	0.025	C
1123	0.0	0.0	C
1124	0.0	0.0	T
1125	0.0	0.0	A
1126	0.0	0.0	C
1127	0.0	0.0	T
1128	0.0	0.0	G
1129	0.0	0.0	G
1130	0.0	0.0	G
1131	0.0	0.0	A
1132	0.0	0.0	G
1133	0.05405	0.05405	A
1134	0.02381	0.02381	A
1135	0.0	0.0	C
1136	0.0	0.0	T
1137	0.05263	0.05263	C
1138	0.0	0.0	T
1139	0.0	0.0	C
1140	0.0	0.0	T
1141	0.0	0.0	G
1142	0.0	0.0	T
1143	0.02564	0.02564	G
1144	0.0	0.0	C
1145	0.0	0.0	T
1146	0.0	0.0	A
1147	0.0	0.0	G
1148	0.0	0.0	T
1149	0.0	0.0	A
1150	0.02703	0.02703	A
1151	0.0	0.0	C
1152	0.0	0.0	C
1153	0.0	0.0	A
1154	0.0	0.0	C
1155	0.0	0.0	G
1156	0.0	0.0	T
1157	0.0	0.0	T
1158	0.0	0.0	C
1159	0.0	0.0	T
1160	0.0	0.0	C
1161	0.0	0.0	C
1162	0.0	0.0	T
1163	0.0	0.0	G
1164	0.0	0.0	A
1165	0.0	0.0	T
1166	0.0	0.0	C
1167	0.02778	0.02778	A
1168	0.0	0.0	A
1169	0.0	0.0	A
1170	0.0	0.0	T
1171	0.025	0.025	A
1172	0.0	0.0	T
1173	0.02778	0.02778	C
1174	0.0	0.0	A
1175	0.05128	0.05128	C
1176	0.02857	0.02857	T
1177	0.0	0.0	C
1178	0.0	0.0	T
1179	0.0	0.0	C
1180	0.0	0.0	C
1181	0.0	0.0	T
1182	0.02439	0.02439	A
1183	0.05	0.05	C
1184	0.02439	0.02439	T
1185	0.0	0.0	T
1186	0.0	0.0	A
1187	0.0	0.0	C
1188	0.05	0.05	A
1189	0.0	0.0	G
1190	0.02439	0.02439	G
1191	0.02439	0.02439	A
1192	0.02439	0.02439	C
1193	0.0	0.0	T
1194	0.02326	0.02326	C
1195	0.02326	0.02326	A
1196	0.0	0.0	A
1197	0.02326	0.02326	C
1198	0.02381	0.02381	A
1199	0.0	0.0	T
1200	0.0	0.0	A
1201	0.02381	0.02381	C
1202	0.0	0.0	T
1203	0.0	0.0	A
1204	0.0	0.0	G
1205	0.0	0.0	T
1206	0.02222	0.02222	C
1207	0.04444	0.04444	A
1208	0.0	0.0	C
1209	0.0	0.0	A
1210	0.0	0.0	G
1211	0.06818	0.06818	C
1212	0.0	0.0	C
1213	0.0	0.0	C
1214	0.0	0.0	T
1215	0.02273	0.02273	A
1216	0.0	0.0	T
1217	0.02273	0.02273	A
1218	0.0	0.0	C
1219	0.0	0.0	T
1220	0.0	0.0	C
1221	0.0	0.0	C
1222	0.0	0.0	C
1223	0.02128	0.02128	T
1224	0.02128	0.02128	C
1225	0.0	0.0	T
1226	0.0	0.0	A
1227	0.0	0.0	C
1228	0.0	0.0	A
1229	0.02041	0.02041	T
1230	0.0	0.0	A
1231	0.0	0.0	T
1232	0.0	0.0	T
1233	0.0	0.0	T
1234	0.0	0.0	A
1235	0.0	0.0	C
1236	0.0	0.0	C
1237	0.02128	0.02128	A
1238	0.02273	0.02273	C
1239	0.04444	0.04444	A
1240	0.0	0.0	A
1241	0.04545	0.04545	C
1242	0.02222	0.02222	A
1243	0.06667	0.06667	C
1244	0.02273	0.02273	A
1245	0.02222	0.02222	A
1246	0.0	0.0	T
1247	0.0	0.0	G
1248	0.0	0.0	G
1249	0.0	0.0	G
1250	0.0	0.0	G
1251	0.0	0.0	C
1252	0.0	0.0	T
1253	0.04545	0.04545	C
1254	0.0	0.0	A
1255	0.0	0.0	C
1256	0.0	0.02439	T
1257	0.0	0.0	C
1258	0.02439	0.02439	A
1259	0.0	0.0	C
1260	0.02564	0.02564	C
1261	0.04878	0.04878	C
1262	0.02564	0.02564	A
1263	0.02564	0.02564	C
1264	0.0	0.0	C
1265	0.0	0.0	A
1266	0.0	0.0	C
1267	0.02632	0.02632	A
1268	0.0	0.0	T
1269	0.0	0.0	T
1270	0.02778	0.02778	A
1271	0.02778	0.02778	A
1272	0.02778	0.02778	C
1273	0.02778	0.02778	A
1274	0.02703	0.02703	A
1275	0.02857	0.02857	C
1276	0.02941	0.02941	A
1277	0.0	0.0	T
1278	0.0	0.0	A
1279	0.0	0.0	A
1280	0.0303	0.0303	A
1281	0.0	0.0	A
1282	0.0	0.0	C
1283	0.0	0.0	C
1284	0.0	0.0	C
1285	0.0	0.0	T
1286	0.03125	0.03125	C
1287	0.0	0.0	A
1288	0.0	0.0	T
1289	0.0	0.0	T
1290	0.03226	0.03226	C
1291	0.0	0.0	A
1292	0.0	0.0	C
1293	0.0	0.0	A
1294	0.10345	0.10345	C
1295	0.0	0.0	G
1296	0.0	0.0	A
1297	0.0	0.0	G
1298	0.0	0.0	A
1299	0.03571	0.03571	A
1300	0.0	0.0	A
1301	0.03571	0.03571	A
1302	0.0	0.0	C
1303	0.0	0.0	A
1304	0.0	0.0	C
1305	0.03704	0.03704	C
1306	0.0	0.0	C
1307	0.03704	0.03704	T
1308	0.03704	0.03704	C
1309	0.0	0.0	A
1310	0.0	0.0	T
1311	0.0	0.0	G
1312	0.0	0.0	T
1313	0.0	0.0	T
1314	0.0	0.0	C
1315	0.08696	0.08696	A
1316	0.04348	0.04348	T
1317	0.04762	0.04762	A
1318	0.0	0.0	C
1319	0.0	0.0	A
1320	0.0	0.0	C
1321	0.0	0.0	C
1322	0.0	0.0	T
1323	0.0	0.0	A
1324	0.0	0.0	T
1325	0.0	0.0	C
1326	0.0	0.0	C
1327	0.0	0.0	C
1328	0.0	0.0	C
1329	0.05882	0.05882	C
1330	0.05882	0.05882	A
1331	0.06667	0.06667	T
1332	0.0	0.0	T
1333	0.0	0.0	C
1334	0.0	0.0	T
1335	0.05882	0.05882	C
1336	0.0	0.0	C
1337	0.0	0.0	T
1338	0.0	0.0	C
1339	0.0	0.0	C
1340	0.07143	0.07143	T
1341	0.0	0.0	A
1342	0.0	0.0	T
1343	0.0	0.0	C
1344	0.0	0.0	C
1345	0.0	0.0	C
1346	0.09091	0.09091	T
1347	0.0	0.0	C
1348	0.09091	0.09091	A
1349	0.0	0.0	A
1350	0.0	0.0	C
1351	0.0	0.0	C
1352	0.0	0.0	C
1353	0.0	0.0	C
1354	0.0	0.0	G
1355	0.0	0.0	A
1356	0.11111	0.11111	C
1357	0.0	0.0	A
1358	0.0	0.0	T
1359	0.0	0.0	C
1360	0.0	0.0	A
1361	0.0	0.0	T
1362	0.0	0.0	T
1363	0.0	0.0	A
1364	0.0	0.0	C
1365	0.0	0.0	C
1366	0.0	0.0	G
1367	0.0	0.0	G
1368	0.0	0.0	G
1369	0.0	0.0	T
1370	0.0	0.0	T
1371	0.0	0.0	T
1372	0.0	0.0	T
1373	0.0	0.0	C
1374	0.0	0.0	C
1375	0.0	0.0	T
1376	0.0	0.0	C
1377	0.0	0.0	T
1378	0.0	0.0	T
