Position	Mismatches	Mismatches + Deletions	Base
1	0.0	0.0	A
2	0.0	0.0	T
3	0.0	0.0	G
4	0.00363	0.00363	A
5	0.00064	0.00064	T
6	0.00221	0.00221	G
7	0.0007	0.00072	T
8	0.00364	0.00366	A
9	0.00063	0.00063	T
10	0.00223	0.00223	G
11	0.00308	0.0031	C
12	0.00097	0.00097	T
13	0.0012	0.0012	T
14	0.00097	0.00097	T
15	0.00272	0.00278	G
16	0.00125	0.00125	T
17	0.00181	0.00181	T
18	0.0017	0.0017	T
19	0.00399	0.0041	C
20	0.00101	0.00103	T
21	0.00307	0.0031	G
22	0.0013	0.0013	T
23	0.00124	0.00125	T
24	0.001	0.00102	G
25	0.00467	0.00474	A
26	0.00191	0.00199	G
27	0.00156	0.0016	T
28	0.00188	0.00194	G
29	0.00136	0.00139	T
30	0.00126	0.00126	G
31	0.00176	0.00176	G
32	0.00408	0.00409	G
33	0.002	0.00201	T
34	0.00365	0.00365	T
35	0.00107	0.00108	T
36	0.00715	0.00744	A
37	0.00179	0.00184	G
38	0.00151	0.00159	T
39	0.00437	0.00438	A
40	0.00461	0.00467	A
41	0.00091	0.00093	T
42	0.00112	0.00112	G
43	0.00181	0.00182	G
44	0.00262	0.00263	G
45	0.00454	0.00456	G
46	0.00259	0.0026	T
47	0.0022	0.00221	T
48	0.0013	0.0013	T
49	0.00176	0.00187	G
50	0.00125	0.0013	T
51	0.00134	0.00134	G
52	0.00178	0.0018	G
53	0.00346	0.00347	G
54	0.01193	0.01195	G
55	0.00399	0.00401	T
56	0.00121	0.00121	T
57	0.00089	0.00089	T
58	0.00091	0.00093	T
59	0.00329	0.00384	C
60	0.00099	0.00099	T
61	0.00135	0.00137	T
62	0.0021	0.00243	C
63	0.00077	0.00082	T
64	0.00385	0.00389	A
65	0.00569	0.00573	A
66	0.00126	0.00132	G
67	0.00099	0.00101	C
68	0.00072	0.00073	C
69	0.00091	0.00091	T
70	0.00081	0.00081	T
71	0.00135	0.00151	C
72	0.00073	0.00076	T
73	0.00295	0.00295	C
74	0.00232	0.00233	C
75	0.00071	0.00074	T
76	0.00497	0.0051	A
77	0.00096	0.00096	T
78	0.00115	0.00115	T
79	0.00085	0.00086	T
80	0.00552	0.00567	A
81	0.00094	0.00099	T
82	0.00147	0.00148	G
83	0.0016	0.00161	G
84	0.00149	0.00149	G
85	0.00286	0.00286	G
86	0.00633	0.00633	G
87	0.00125	0.00125	T
88	0.00118	0.00119	T
89	0.00082	0.00083	T
90	0.00432	0.00451	A
91	0.00205	0.0021	G
92	0.00106	0.00111	T
93	0.00623	0.00629	A
94	0.00113	0.00113	T
95	0.00112	0.00112	T
96	0.002	0.00204	G
97	0.00557	0.0056	A
98	0.00141	0.00141	T
99	0.00141	0.00142	T
100	0.00492	0.00498	G
101	0.00101	0.00101	T
102	0.0013	0.00131	T
103	0.00688	0.0079	A
104	0.00167	0.00173	G
105	0.00515	0.0052	C
106	0.00514	0.00515	G
107	0.00476	0.00478	G
108	0.00114	0.0012	T
109	0.00344	0.0035	G
110	0.00096	0.00098	T
111	0.00291	0.00291	G
112	0.0026	0.0026	G
113	0.00155	0.00159	T
114	0.00429	0.00508	C
115	0.00409	0.00412	G
116	0.00577	0.00578	G
117	0.00443	0.00445	G
118	0.00154	0.00161	T
119	0.00247	0.00253	G
120	0.00095	0.00098	T
121	0.00389	0.00398	G
122	0.0011	0.0011	T
123	0.00125	0.00131	T
124	0.00509	0.00669	A
125	0.00093	0.00094	T
126	0.00104	0.00109	T
127	0.00327	0.00559	A
128	0.00089	0.00089	T
129	0.00118	0.0012	T
130	0.00688	0.00771	C
131	0.00155	0.00157	T
132	0.00565	0.00582	G
133	0.00523	0.00532	A
134	0.0049	0.00494	A
135	0.00133	0.00134	T
136	0.00132	0.00133	T
137	0.00461	0.00462	T
138	0.01289	0.01289	T
139	0.00725	0.00729	G
140	0.00757	0.00758	G
141	0.0044	0.00443	G
142	0.0036	0.00362	G
143	0.00467	0.00474	G
144	0.00483	0.00535	A
145	0.00423	0.00423	G
146	0.00504	0.00505	G
147	0.00095	0.00095	T
148	0.00091	0.00092	T
149	0.00634	0.00726	A
150	0.00574	0.00578	T
151	0.02286	0.02296	A
152	0.01068	0.01082	T
153	0.00292	0.00292	G
154	0.0037	0.00371	G
155	0.00416	0.00416	G
156	0.00234	0.00235	T
157	0.00105	0.00106	T
158	0.00124	0.00125	T
159	0.00533	0.0054	A
160	0.00683	0.00688	A
161	0.001	0.00107	T
162	0.00779	0.00792	A
163	0.00225	0.00243	G
164	0.00091	0.00093	T
165	0.00055	0.00055	T
166	0.00089	0.00089	T
167	0.00091	0.00091	T
168	0.00104	0.00105	T
169	0.00109	0.00109	T
170	0.00073	0.00073	T
171	0.00496	0.00521	A
172	0.00654	0.00669	A
173	0.00109	0.0011	T
174	0.00095	0.00096	T
175	0.0009	0.00092	T
176	0.00707	0.00816	A
177	0.00128	0.00128	T
178	0.00611	0.00613	T
179	0.01739	0.0174	T
180	0.04232	0.04292	A
181	0.02444	0.02453	G
182	0.00676	0.00687	G
183	0.00215	0.00221	G
184	0.00365	0.0037	G
185	0.00399	0.00402	G
186	0.00494	0.005	A
187	0.0051	0.00513	A
188	0.00252	0.00259	T
189	0.00216	0.00224	G
190	0.00802	0.00806	A
191	0.0012	0.00123	T
192	0.00372	0.00372	G
193	0.00368	0.00369	G
194	0.00105	0.00105	T
195	0.00077	0.00078	T
196	0.00337	0.00345	G
197	0.00061	0.00066	T
198	0.00244	0.00253	C
199	0.00098	0.00098	T
200	0.00164	0.00164	T
201	0.00084	0.00085	T
202	0.00175	0.00176	G
203	0.00206	0.00209	G
204	0.00368	0.00535	A
205	0.0012	0.00125	T
206	0.00353	0.00361	A
207	0.00102	0.00107	T
208	0.00628	0.00632	A
209	0.00245	0.0025	C
210	0.00075	0.0008	T
211	0.00431	0.00437	A
212	0.00497	0.00501	C
213	0.00307	0.00311	A
214	0.00174	0.00179	G
215	0.00252	0.00259	C
216	0.00295	0.00305	G
217	0.00807	0.00817	A
218	0.00169	0.00173	T
219	0.00199	0.002	G
220	0.00265	0.00267	G
221	0.00249	0.00262	C
222	0.00105	0.00115	T
223	0.00514	0.00524	A
224	0.00497	0.00497	T
225	0.00401	0.00402	T
226	0.00242	0.0025	G
227	0.0083	0.00863	A
228	0.00257	0.00259	G
229	0.00281	0.00285	G
230	0.00883	0.01357	A
231	0.00443	0.0046	G
232	0.00162	0.00176	T
233	0.0026	0.00268	A
234	0.00077	0.00088	T
235	0.00149	0.00152	C
236	0.00228	0.00235	C
237	0.00236	0.00244	T
238	0.0016	0.00172	G
239	0.00388	0.00394	A
240	0.00252	0.00253	G
241	0.00268	0.00272	G
242	0.00238	0.00268	C
243	0.00454	0.00463	A
244	0.00308	0.00315	T
245	0.00217	0.00218	G
246	0.0016	0.00161	G
247	0.00213	0.00213	G
248	0.00288	0.00288	G
249	0.00595	0.006	G
250	0.00116	0.00123	T
251	0.00628	0.00639	C
252	0.00696	0.00706	A
253	0.00104	0.00106	G
254	0.00128	0.00132	G
255	0.00441	0.00444	G
256	0.01241	0.0128	G
257	0.00237	0.0024	T
258	0.00194	0.00194	T
259	0.00121	0.0013	G
260	0.00817	0.00822	A
261	0.00313	0.00315	G
262	0.00339	0.0034	G
263	0.00156	0.00162	T
264	0.00542	0.00556	C
265	0.0039	0.00391	T
266	0.00451	0.00452	T
267	0.00251	0.00253	G
268	0.00243	0.00246	G
269	0.00312	0.00317	T
270	0.00153	0.00168	G
271	0.01226	0.01235	A
272	0.00191	0.00198	G
273	0.00296	0.00305	T
274	0.00333	0.00341	G
275	0.00226	0.00227	T
276	0.00234	0.00234	T
277	0.0013	0.0013	T
278	0.00194	0.00196	T
279	0.01573	0.02019	A
280	0.01561	0.01579	G
281	0.01884	0.01908	T
282	0.00469	0.0047	G
283	0.00202	0.00206	G
284	0.00339	0.00343	G
285	0.01375	0.01378	G
286	0.00299	0.00301	T
287	0.00118	0.00121	T
288	0.00548	0.00658	A
289	0.00166	0.00173	G
290	0.00732	0.00742	C
291	0.00296	0.00299	G
292	0.01023	0.01034	A
293	0.00737	0.0074	T
294	0.00434	0.00435	G
295	0.00179	0.0018	G
296	0.01168	0.01227	A
297	0.00391	0.00392	G
298	0.00444	0.00447	G
299	0.00156	0.00165	T
300	0.00729	0.00741	A
301	0.00214	0.0022	G
302	0.00234	0.00236	G
303	0.00762	0.00962	A
304	0.00317	0.00319	T
305	0.004	0.00401	T
306	0.00336	0.00336	G
307	0.00275	0.0028	G
308	0.00117	0.0012	T
309	0.00251	0.00266	G
310	0.00707	0.00716	C
311	0.00663	0.00672	T
312	0.00532	0.00544	G
313	0.00638	0.00649	T
314	0.00199	0.002	G
315	0.00163	0.00163	G
316	0.00343	0.00347	G
317	0.00136	0.00145	T
318	0.00321	0.00332	G
319	0.01035	0.01044	A
320	0.00879	0.0089	A
321	0.00786	0.00787	A
322	0.00193	0.00204	G
323	0.00955	0.00972	A
324	0.00356	0.00385	G
325	0.00135	0.00151	T
326	0.00859	0.00869	A
327	0.00122	0.0013	T
328	0.00226	0.00263	G
329	0.01301	0.01316	A
330	0.00488	0.005	T
331	0.0023	0.0023	G
332	0.00225	0.00233	G
333	0.00372	0.00386	G
334	0.00433	0.00446	G
335	0.00174	0.00188	T
336	0.00222	0.00224	G
337	0.00173	0.00174	G
338	0.00153	0.00159	T
339	0.00224	0.00226	G
340	0.00268	0.00269	G
341	0.00153	0.00153	T
342	0.00139	0.0014	T
343	0.00261	0.00265	G
344	0.00118	0.0012	T
345	0.00284	0.00285	G
346	0.00379	0.00381	G
347	0.0021	0.00216	T
348	0.00919	0.00921	A
349	0.00696	0.00698	A
350	0.00754	0.00757	A
351	0.00576	0.00591	C
352	0.00076	0.00076	T
353	0.00125	0.00125	T
354	0.00119	0.00121	T
355	0.00766	0.00775	A
356	0.00677	0.00679	A
357	0.00117	0.00123	T
358	0.00695	0.00703	A
359	0.00236	0.00244	G
360	0.00447	0.00453	T
361	0.00413	0.00425	G
362	0.00256	0.00266	T
363	0.01566	0.0159	A
364	0.00316	0.00317	G
365	0.00335	0.00336	G
366	0.008	0.00802	A
367	0.01145	0.01145	A
368	0.00226	0.00231	G
369	0.00461	0.00473	C
370	0.00114	0.00117	T
371	0.00243	0.0025	G
372	0.00846	0.0085	A
373	0.00465	0.00467	A
374	0.00076	0.00083	T
375	0.00509	0.00509	A
376	0.00532	0.0057	A
377	0.00103	0.00105	T
378	0.00098	0.001	T
379	0.00096	0.00098	T
380	0.00761	0.00805	A
381	0.0035	0.00357	T
382	0.0021	0.00225	G
383	0.00978	0.0098	A
384	0.00842	0.00845	A
385	0.00378	0.0038	G
386	0.00187	0.00191	G
387	0.01487	0.01616	A
388	0.00415	0.00424	G
389	0.01245	0.01274	A
390	0.00234	0.00235	G
391	0.00156	0.00159	G
392	0.0037	0.00371	G
393	0.00364	0.00366	G
394	0.00108	0.00121	T
395	0.00663	0.00671	C
396	0.00797	0.00807	A
397	0.00139	0.00141	G
398	0.00248	0.00249	G
399	0.00346	0.00348	G
400	0.00112	0.00114	T
401	0.00094	0.00097	T
402	0.00282	0.00289	G
403	0.00738	0.00749	A
404	0.00156	0.00158	T
405	0.00288	0.00289	T
406	0.00952	0.00987	C
407	0.00509	0.0051	G
408	0.00386	0.0039	G
409	0.00139	0.00143	G
410	0.01092	0.01178	A
411	0.00271	0.00274	G
412	0.00148	0.00149	G
413	0.00376	0.00465	A
414	0.00058	0.00062	T
415	0.00139	0.0014	C
416	0.00266	0.00271	C
417	0.00104	0.00111	T
418	0.00795	0.00805	A
419	0.00141	0.00143	T
420	0.00312	0.00315	T
421	0.00199	0.00203	G
422	0.0024	0.00243	G
423	0.00827	0.00832	T
424	0.00912	0.00923	G
425	0.0202	0.02053	C
426	0.0077	0.0077	G
427	0.00291	0.00295	G
428	0.00449	0.00452	G
429	0.0017	0.00176	G
430	0.00322	0.00325	G
431	0.00603	0.00624	C
432	0.00169	0.00175	T
433	0.00084	0.00086	T
434	0.00098	0.00098	T
435	0.00177	0.00186	G
436	0.00083	0.00091	T
437	0.00531	0.00541	A
438	0.0009	0.00097	T
439	0.00242	0.00252	G
440	0.00684	0.007	A
441	0.00129	0.00131	T
442	0.00263	0.00267	T
443	0.01874	0.01951	A
444	0.02063	0.02089	T
445	0.0029	0.00291	G
446	0.00101	0.00101	G
447	0.00134	0.00135	G
448	0.00564	0.00579	C
449	0.00392	0.00401	G
450	0.0013	0.0013	T
451	0.00069	0.00069	T
452	0.00184	0.00194	G
453	0.00595	0.00603	A
454	0.00076	0.00077	T
455	0.00091	0.00095	T
456	0.00422	0.00504	A
457	0.00187	0.00197	G
458	0.00086	0.00092	T
459	0.00493	0.00505	A
460	0.00172	0.00182	G
461	0.00094	0.00103	T
462	0.01141	0.01152	A
463	0.00226	0.00232	G
464	0.00111	0.00112	T
465	0.00054	0.00056	T
466	0.0025	0.00319	A
467	0.00264	0.00267	C
468	0.00077	0.00078	T
469	0.00276	0.00277	G
470	0.00129	0.00129	G
471	0.00104	0.00104	T
472	0.00065	0.00065	T
473	0.00175	0.00181	G
474	0.00615	0.00616	A
475	0.00578	0.00578	A
476	0.00445	0.0045	C
477	0.00591	0.00597	A
478	0.00083	0.00083	T
479	0.00064	0.00064	T
480	0.00213	0.00222	G
481	0.00105	0.00105	T
482	0.00181	0.00181	T
483	0.00281	0.00281	T
484	0.00396	0.0041	G
485	0.01909	0.0191	T
486	0.02173	0.02173	T
487	0.00328	0.00328	G
488	0.00238	0.00238	G
489	0.00117	0.0012	T
490	0.00298	0.00304	G
491	0.001	0.00101	T
492	0.0104	0.01054	A
493	0.00076	0.00079	T
494	0.01149	0.01173	A
495	0.00093	0.00095	T
496	0.00823	0.00838	A
497	0.00261	0.00261	T
498	0.0017	0.0017	T
499	0.00141	0.00153	G
500	0.00084	0.00093	T
501	0.00761	0.00765	A
502	0.01031	0.01051	A
503	0.01604	0.01604	T
504	0.00868	0.00868	T
505	0.00109	0.00114	G
506	0.01086	0.01098	A
507	0.00127	0.00129	G
508	0.00687	0.00696	A
509	0.00109	0.00109	T
510	0.0009	0.0009	T
511	0.00247	0.00252	G
512	0.00847	0.00857	C
513	0.04839	0.04852	T
514	0.10485	0.10493	C
515	0.04421	0.04421	G
516	0.01837	0.01838	G
517	0.00261	0.00261	G
518	0.00059	0.00059	G
519	0.00065	0.00065	G
520	0.00435	0.00435	A
521	0.02941	0.02941	A
522	0.01175	0.01175	T
523	9e-05	9e-05	A
524	0.0	0.0	G
525	0.0	0.0	G
