Position	Mismatches	Mismatches + Deletions	Base
1	0.0	0.0	A
2	0.0	0.0	T
3	0.0	0.0	G
4	0.00394	0.00394	A
5	0.00057	0.00057	T
6	0.00293	0.00293	G
7	0.00051	0.00053	T
8	0.00403	0.00404	A
9	0.00049	0.00049	T
10	0.00261	0.00262	G
11	0.0033	0.00331	C
12	0.00072	0.00072	T
13	0.00108	0.00108	T
14	0.00085	0.00085	T
15	0.00315	0.0032	G
16	0.00098	0.00098	T
17	0.00142	0.00142	T
18	0.00134	0.00134	T
19	0.0044	0.00451	C
20	0.00097	0.00098	T
21	0.00353	0.00356	G
22	0.00112	0.00112	T
23	0.00105	0.00105	T
24	0.00109	0.00112	G
25	0.00484	0.00487	A
26	0.00207	0.00214	G
27	0.00138	0.00141	T
28	0.00211	0.00213	G
29	0.00118	0.00122	T
30	0.00153	0.00153	G
31	0.00219	0.00219	G
32	0.00527	0.00528	G
33	0.00151	0.00151	T
34	0.00295	0.00297	T
35	0.00095	0.00095	T
36	0.00713	0.00735	A
37	0.00218	0.00221	G
38	0.00129	0.00134	T
39	0.00433	0.00435	A
40	0.00514	0.00518	A
41	0.00071	0.00073	T
42	0.00098	0.00101	G
43	0.00169	0.00171	G
44	0.00285	0.00286	G
45	0.00472	0.00474	G
46	0.00243	0.00245	T
47	0.00143	0.00144	T
48	0.00122	0.00123	T
49	0.00174	0.00184	G
50	0.00104	0.00109	T
51	0.00158	0.00158	G
52	0.00158	0.00159	G
53	0.00408	0.00409	G
54	0.01458	0.01461	G
55	0.00434	0.00436	T
56	0.00093	0.00093	T
57	0.00078	0.00078	T
58	0.00071	0.00073	T
59	0.0037	0.00419	C
60	0.00076	0.00077	T
61	0.00131	0.00133	T
62	0.00236	0.00277	C
63	0.0007	0.00074	T
64	0.00311	0.00315	A
65	0.00501	0.00505	A
66	0.0013	0.00134	G
67	0.001	0.00101	C
68	0.00071	0.00072	C
69	0.00081	0.00081	T
70	0.00063	0.00063	T
71	0.00126	0.00144	C
72	0.00079	0.00084	T
73	0.00298	0.00298	C
74	0.00226	0.00228	C
75	0.00062	0.00065	T
76	0.00508	0.00519	A
77	0.00089	0.00089	T
78	0.00097	0.00097	T
79	0.00075	0.00076	T
80	0.00627	0.00646	A
81	0.0009	0.00093	T
82	0.00117	0.00118	G
83	0.00135	0.00136	G
84	0.00146	0.00148	G
85	0.00329	0.0033	G
86	0.00725	0.00726	G
87	0.00149	0.00149	T
88	0.00124	0.00124	T
89	0.00066	0.00066	T
90	0.00416	0.00432	A
91	0.00197	0.002	G
92	0.00094	0.00098	T
93	0.00704	0.00712	A
94	0.00099	0.001	T
95	0.00106	0.00107	T
96	0.00199	0.00204	G
97	0.00574	0.0058	A
98	0.0011	0.0011	T
99	0.00138	0.00139	T
100	0.00517	0.00523	G
101	0.00096	0.00096	T
102	0.00119	0.0012	T
103	0.00693	0.00795	A
104	0.00163	0.00167	G
105	0.00478	0.00484	C
106	0.00582	0.00583	G
107	0.00444	0.00446	G
108	0.00111	0.00116	T
109	0.00397	0.00404	G
110	0.00089	0.00092	T
111	0.00333	0.00333	G
112	0.00232	0.00233	G
113	0.00208	0.00214	T
114	0.00459	0.00525	C
115	0.00457	0.00459	G
116	0.00572	0.00573	G
117	0.00439	0.00441	G
118	0.00151	0.00156	T
119	0.00265	0.00271	G
120	0.00083	0.00089	T
121	0.0045	0.0046	G
122	0.00101	0.00101	T
123	0.00116	0.00119	T
124	0.00568	0.00764	A
125	0.00096	0.00096	T
126	0.00086	0.0009	T
127	0.00367	0.00657	A
128	0.00094	0.00094	T
129	0.0012	0.00121	T
130	0.00717	0.00804	C
131	0.00136	0.00139	T
132	0.00481	0.005	G
133	0.00423	0.0043	A
134	0.00548	0.00552	A
135	0.0014	0.0014	T
136	0.00155	0.00155	T
137	0.00643	0.00644	T
138	0.01471	0.01471	T
139	0.00805	0.00807	G
140	0.00962	0.00964	G
141	0.00537	0.00539	G
142	0.00382	0.00383	G
143	0.00386	0.00391	G
144	0.00438	0.0049	A
145	0.00415	0.00415	G
146	0.00479	0.0048	G
147	0.00097	0.00097	T
148	0.0009	0.0009	T
149	0.00695	0.00794	A
150	0.00615	0.0062	T
151	0.02725	0.02732	A
152	0.01051	0.01064	T
153	0.00247	0.00248	G
154	0.00315	0.00315	G
155	0.0045	0.00451	G
156	0.00168	0.00169	T
157	0.00099	0.00099	T
158	0.00109	0.0011	T
159	0.00488	0.00492	A
160	0.00738	0.00741	A
161	0.00097	0.00101	T
162	0.0077	0.00782	A
163	0.00228	0.00241	G
164	0.00084	0.00084	T
165	0.00038	0.00039	T
166	0.00069	0.0007	T
167	0.00075	0.00076	T
168	0.00084	0.00085	T
169	0.00103	0.00104	T
170	0.00076	0.00077	T
171	0.00431	0.00453	A
172	0.00695	0.00707	A
173	0.00099	0.001	T
174	0.00072	0.00073	T
175	0.00092	0.00093	T
176	0.00686	0.00793	A
177	0.00122	0.00123	T
178	0.00927	0.0093	T
179	0.01701	0.01701	T
180	0.04742	0.04795	A
181	0.03314	0.03321	G
182	0.00923	0.00933	G
183	0.00185	0.00188	G
184	0.00332	0.00335	G
185	0.00339	0.00341	G
186	0.00423	0.00425	A
187	0.00465	0.00468	A
188	0.0032	0.00325	T
189	0.00192	0.00201	G
190	0.00726	0.00732	A
191	0.00107	0.0011	T
192	0.00373	0.00374	G
193	0.00408	0.00409	G
194	0.00092	0.00092	T
195	0.00084	0.00084	T
196	0.00429	0.00435	G
197	0.0005	0.00053	T
198	0.00244	0.00252	C
199	0.00089	0.00089	T
200	0.00143	0.00144	T
201	0.00071	0.00071	T
202	0.00193	0.00195	G
203	0.00165	0.00169	G
204	0.00347	0.00514	A
205	0.00092	0.00098	T
206	0.00317	0.00323	A
207	0.00083	0.00088	T
208	0.00617	0.00622	A
209	0.00235	0.00243	C
210	0.00068	0.0007	T
211	0.00406	0.00411	A
212	0.0047	0.00473	C
213	0.00261	0.00265	A
214	0.00165	0.00167	G
215	0.00239	0.00245	C
216	0.00305	0.0031	G
217	0.00761	0.00772	A
218	0.00151	0.00156	T
219	0.00231	0.00232	G
220	0.0027	0.00271	G
221	0.00243	0.00259	C
222	0.00099	0.00106	T
223	0.00524	0.00535	A
224	0.00601	0.00602	T
225	0.00421	0.00423	T
226	0.00207	0.00218	G
227	0.00778	0.00813	A
228	0.00276	0.00279	G
229	0.00246	0.00248	G
230	0.00872	0.0134	A
231	0.00482	0.00491	G
232	0.00132	0.00144	T
233	0.00271	0.00278	A
234	0.00061	0.00069	T
235	0.0015	0.00152	C
236	0.00234	0.00237	C
237	0.0024	0.00246	T
238	0.00176	0.00188	G
239	0.0035	0.00356	A
240	0.00318	0.0032	G
241	0.00254	0.00257	G
242	0.0024	0.00265	C
243	0.0044	0.0045	A
244	0.00243	0.00251	T
245	0.00198	0.002	G
246	0.00155	0.00156	G
247	0.00206	0.00206	G
248	0.00276	0.00276	G
249	0.0058	0.00583	G
250	0.00114	0.00124	T
251	0.00624	0.00637	C
252	0.006	0.00614	A
253	0.00117	0.00118	G
254	0.00159	0.00161	G
255	0.0051	0.00514	G
256	0.01203	0.01237	G
257	0.00226	0.00228	T
258	0.002	0.002	T
259	0.00125	0.00131	G
260	0.00715	0.00719	A
261	0.00362	0.00364	G
262	0.00407	0.00409	G
263	0.00149	0.00156	T
264	0.00544	0.00557	C
265	0.00429	0.0043	T
266	0.00448	0.00449	T
267	0.00285	0.00288	G
268	0.00274	0.00275	G
269	0.00326	0.00334	T
270	0.00186	0.00195	G
271	0.01161	0.01167	A
272	0.00197	0.00203	G
273	0.00214	0.00225	T
274	0.00402	0.00407	G
275	0.00164	0.00164	T
276	0.00183	0.00184	T
277	0.00125	0.00126	T
278	0.00209	0.0021	T
279	0.01888	0.02258	A
280	0.01869	0.01891	G
281	0.02006	0.02036	T
282	0.00503	0.00505	G
283	0.00169	0.00173	G
284	0.004	0.00403	G
285	0.01269	0.01271	G
286	0.00233	0.00234	T
287	0.00094	0.00097	T
288	0.00498	0.00598	A
289	0.00157	0.00159	G
290	0.00703	0.00711	C
291	0.00332	0.00336	G
292	0.01036	0.01047	A
293	0.0086	0.00865	T
294	0.00553	0.00554	G
295	0.00165	0.00167	G
296	0.01085	0.01136	A
297	0.00442	0.00442	G
298	0.00496	0.00498	G
299	0.00168	0.00176	T
300	0.00664	0.00674	A
301	0.00264	0.00269	G
302	0.00242	0.00243	G
303	0.00671	0.00826	A
304	0.00339	0.0034	T
305	0.00463	0.00465	T
306	0.00407	0.00407	G
307	0.0029	0.00294	G
308	0.00104	0.00105	T
309	0.00318	0.00329	G
310	0.00699	0.00707	C
311	0.00795	0.00805	T
312	0.00643	0.00653	G
313	0.00762	0.00773	T
314	0.00188	0.0019	G
315	0.00165	0.00165	G
316	0.0039	0.00396	G
317	0.00125	0.00131	T
318	0.00363	0.00375	G
319	0.00898	0.00905	A
320	0.00749	0.00757	A
321	0.00742	0.00745	A
322	0.00214	0.00227	G
323	0.00911	0.00924	A
324	0.00436	0.00468	G
325	0.0012	0.00136	T
326	0.00842	0.00855	A
327	0.00118	0.00125	T
328	0.00208	0.00244	G
329	0.01217	0.01228	A
330	0.00463	0.00472	T
331	0.00222	0.00223	G
332	0.00233	0.00239	G
333	0.00435	0.00448	G
334	0.00502	0.00511	G
335	0.00161	0.00177	T
336	0.00229	0.0023	G
337	0.00155	0.00157	G
338	0.00145	0.00152	T
339	0.00253	0.00254	G
340	0.00324	0.00326	G
341	0.00127	0.00129	T
342	0.00144	0.00144	T
343	0.00324	0.00331	G
344	0.0011	0.00112	T
345	0.00366	0.00366	G
346	0.00421	0.00423	G
347	0.00164	0.00168	T
348	0.00886	0.00887	A
349	0.00601	0.00602	A
350	0.00676	0.0068	A
351	0.00504	0.0052	C
352	0.00063	0.00063	T
353	0.00104	0.00104	T
354	0.00104	0.00106	T
355	0.00704	0.00715	A
356	0.00698	0.00701	A
357	0.00103	0.00109	T
358	0.0068	0.00689	A
359	0.00244	0.00249	G
360	0.00491	0.00497	T
361	0.00469	0.00479	G
362	0.00255	0.00263	T
363	0.01607	0.0163	A
364	0.00344	0.00345	G
365	0.00328	0.00329	G
366	0.00665	0.00666	A
367	0.01058	0.0106	A
368	0.00216	0.00222	G
369	0.0042	0.00426	C
370	0.00105	0.00108	T
371	0.00209	0.00218	G
372	0.00788	0.00792	A
373	0.00472	0.00474	A
374	0.00063	0.00068	T
375	0.00434	0.00434	A
376	0.00519	0.00557	A
377	0.00076	0.00079	T
378	0.00088	0.0009	T
379	0.00082	0.00083	T
380	0.00804	0.00851	A
381	0.00381	0.00386	T
382	0.00204	0.00219	G
383	0.00879	0.0088	A
384	0.00794	0.00797	A
385	0.00461	0.00463	G
386	0.0018	0.00183	G
387	0.01419	0.01547	A
388	0.00395	0.00402	G
389	0.01129	0.01151	A
390	0.00223	0.00225	G
391	0.00149	0.00152	G
392	0.00425	0.00426	G
393	0.00398	0.00401	G
394	0.00101	0.00118	T
395	0.00599	0.00608	C
396	0.00815	0.00824	A
397	0.00137	0.00141	G
398	0.00238	0.00239	G
399	0.00423	0.00427	G
400	0.00098	0.00101	T
401	0.00082	0.00086	T
402	0.00309	0.00317	G
403	0.00686	0.00695	A
404	0.00196	0.002	T
405	0.00306	0.00306	T
406	0.00938	0.00968	C
407	0.00574	0.00578	G
408	0.00429	0.00435	G
409	0.00147	0.00154	G
410	0.0102	0.01109	A
411	0.00325	0.00327	G
412	0.00164	0.00166	G
413	0.00407	0.00514	A
414	0.00053	0.00061	T
415	0.00138	0.0014	C
416	0.00307	0.00314	C
417	0.00103	0.00112	T
418	0.00724	0.00738	A
419	0.00142	0.00146	T
420	0.00318	0.00324	T
421	0.00207	0.00211	G
422	0.00274	0.00275	G
423	0.00897	0.00907	T
424	0.01024	0.01032	G
425	0.01801	0.01835	C
426	0.00784	0.00785	G
427	0.003	0.00307	G
428	0.00392	0.00397	G
429	0.00162	0.00181	G
430	0.00435	0.00442	G
431	0.00469	0.00494	C
432	0.00149	0.00155	T
433	0.00077	0.00079	T
434	0.00086	0.00088	T
435	0.00188	0.00196	G
436	0.00075	0.00084	T
437	0.0059	0.00602	A
438	0.00081	0.00089	T
439	0.00266	0.00273	G
440	0.00691	0.0071	A
441	0.00097	0.00098	T
442	0.00281	0.00284	T
443	0.0193	0.0201	A
444	0.01848	0.01875	T
445	0.00245	0.00247	G
446	0.00105	0.00107	G
447	0.00122	0.00123	G
448	0.0057	0.00581	C
449	0.00446	0.00453	G
450	0.00086	0.00088	T
451	0.00083	0.00083	T
452	0.00206	0.00215	G
453	0.00581	0.00591	A
454	0.00076	0.00078	T
455	0.00087	0.0009	T
456	0.00398	0.00491	A
457	0.00221	0.00227	G
458	0.0006	0.00066	T
459	0.00511	0.00519	A
460	0.00162	0.00171	G
461	0.00096	0.00104	T
462	0.01161	0.01174	A
463	0.00233	0.00239	G
464	0.00091	0.00091	T
465	0.00046	0.00049	T
466	0.00242	0.00323	A
467	0.00282	0.00286	C
468	0.00056	0.00059	T
469	0.00301	0.00301	G
470	0.00131	0.00132	G
471	0.0008	0.0008	T
472	0.00059	0.00059	T
473	0.00202	0.00209	G
474	0.00511	0.00513	A
475	0.00515	0.00516	A
476	0.00469	0.00479	C
477	0.00596	0.00601	A
478	0.00069	0.00069	T
479	0.00074	0.00075	T
480	0.00202	0.00209	G
481	0.00103	0.00103	T
482	0.00169	0.00169	T
483	0.00283	0.00283	T
484	0.00459	0.00468	G
485	0.01978	0.01978	T
486	0.02542	0.02542	T
487	0.00339	0.0034	G
488	0.00232	0.00233	G
489	0.00105	0.00106	T
490	0.0033	0.00342	G
491	0.00079	0.00081	T
492	0.01079	0.01096	A
493	0.00083	0.00087	T
494	0.01112	0.01131	A
495	0.0009	0.00094	T
496	0.00728	0.00736	A
497	0.00244	0.00244	T
498	0.00131	0.00131	T
499	0.00098	0.00103	G
500	0.00089	0.00092	T
501	0.00648	0.00651	A
502	0.0111	0.01119	A
503	0.01733	0.01733	T
504	0.00923	0.00923	T
505	0.00103	0.00104	G
506	0.00934	0.0095	A
507	0.00158	0.00161	G
508	0.00593	0.00599	A
509	0.00096	0.00096	T
510	0.00073	0.00073	T
511	0.00338	0.00347	G
512	0.00954	0.00972	C
513	0.05668	0.05672	T
514	0.099	0.09905	C
515	0.04735	0.04735	G
516	0.01847	0.01847	G
517	0.003	0.003	G
518	0.00068	0.00068	G
519	0.00058	0.00058	G
520	0.0038	0.0038	A
521	0.02979	0.02979	A
522	0.00705	0.00705	T
523	0.00013	0.00013	A
524	0.0	0.0	G
525	0.0	0.0	G
