Position	Mismatches	Mismatches + Deletions	Base
1	0.0	0.0	A
2	0.0	0.0	T
3	0.0	0.0	G
4	0.00024	0.00024	A
5	0.00022	0.00022	T
6	0.00217	0.00218	G
7	0.00037	0.00037	T
8	0.00019	0.0002	A
9	0.00032	0.00032	T
10	0.00225	0.00225	G
11	0.00063	0.00064	C
12	0.00074	0.00074	T
13	0.00094	0.00094	T
14	0.0006	0.0006	T
15	0.00251	0.00252	G
16	0.001	0.001	T
17	0.00162	0.00162	T
18	0.00143	0.00143	T
19	0.00067	0.00069	C
20	0.00092	0.00093	T
21	0.00297	0.00302	G
22	0.00111	0.00111	T
23	0.00104	0.00104	T
24	0.00102	0.00105	G
25	0.00053	0.00056	A
26	0.00168	0.00176	G
27	0.00147	0.00149	T
28	0.00165	0.0017	G
29	0.00137	0.00139	T
30	0.0013	0.0013	G
31	0.00179	0.00179	G
32	0.00427	0.00428	G
33	0.00198	0.00199	T
34	0.00647	0.00648	T
35	0.00111	0.00112	T
36	0.00172	0.00182	A
37	0.00172	0.00177	G
38	0.00125	0.0013	T
39	0.0016	0.00161	A
40	0.00181	0.00181	A
41	0.00088	0.0009	T
42	0.00113	0.00114	G
43	0.0022	0.00221	G
44	0.00289	0.0029	G
45	0.00333	0.00334	G
46	0.00248	0.00248	T
47	0.00299	0.00299	T
48	0.00132	0.00132	T
49	0.00164	0.00172	G
50	0.00111	0.00114	T
51	0.00158	0.00158	G
52	0.0025	0.00251	G
53	0.0038	0.00381	G
54	0.00581	0.00583	G
55	0.00191	0.00192	T
56	0.00174	0.00174	T
57	0.00089	0.00089	T
58	0.00081	0.00082	T
59	0.00096	0.00106	C
60	0.00075	0.00076	T
61	0.00182	0.00183	T
62	0.00081	0.00085	C
63	0.00079	0.00083	T
64	0.00222	0.00226	A
65	0.00456	0.00459	A
66	0.00144	0.00149	G
67	0.00085	0.00086	C
68	0.00079	0.00081	C
69	0.00089	0.00089	T
70	0.00058	0.00058	T
71	0.00088	0.00091	C
72	0.00072	0.00075	T
73	0.00094	0.00095	C
74	0.00084	0.00085	C
75	0.00066	0.00068	T
76	0.00086	0.00091	A
77	0.00066	0.00066	T
78	0.00073	0.00073	T
79	0.00051	0.00052	T
80	0.0012	0.00126	A
81	0.00074	0.00078	T
82	0.0016	0.00161	G
83	0.00199	0.00203	G
84	0.00171	0.00173	G
85	0.00299	0.003	G
86	0.00615	0.00616	G
87	0.00105	0.00105	T
88	0.00087	0.00088	T
89	0.00058	0.00059	T
90	0.00082	0.00094	A
91	0.00183	0.00187	G
92	0.00069	0.00074	T
93	0.00069	0.00073	A
94	0.00061	0.00061	T
95	0.00075	0.00076	T
96	0.00216	0.0022	G
97	0.00039	0.00041	A
98	0.00111	0.00111	T
99	0.00123	0.00123	T
100	0.00493	0.005	G
101	0.00068	0.00068	T
102	0.00084	0.00085	T
103	0.00065	0.00068	A
104	0.00161	0.00165	G
105	0.00161	0.00167	C
106	0.00561	0.00562	G
107	0.00615	0.00615	G
108	0.0009	0.00093	T
109	0.00334	0.0034	G
110	0.00057	0.0006	T
111	0.00298	0.00298	G
112	0.0034	0.00342	G
113	0.00091	0.00097	T
114	0.00155	0.00167	C
115	0.00456	0.00456	G
116	0.0069	0.0069	G
117	0.00436	0.00438	G
118	0.0012	0.00123	T
119	0.00239	0.00247	G
120	0.00055	0.00057	T
121	0.00395	0.00401	G
122	0.0006	0.0006	T
123	0.00076	0.00081	T
124	0.00038	0.00047	A
125	0.0004	0.00041	T
126	0.00077	0.00081	T
127	0.00037	0.00048	A
128	0.00047	0.00048	T
129	0.0012	0.00122	T
130	0.00174	0.00176	C
131	0.00115	0.00117	T
132	0.00657	0.00662	G
133	0.00023	0.00024	A
134	0.00055	0.00055	A
135	0.00083	0.00083	T
136	0.00094	0.00094	T
137	0.00203	0.00203	T
138	0.00474	0.00474	T
139	0.00524	0.00526	G
140	0.00576	0.00576	G
141	0.00412	0.00412	G
142	0.00342	0.00342	G
143	0.00712	0.00712	G
144	0.00124	0.00129	A
145	0.00412	0.00412	G
146	0.005	0.00501	G
147	0.00057	0.00057	T
148	0.00055	0.00056	T
149	0.00118	0.00129	A
150	0.00323	0.0033	T
151	0.00894	0.00899	A
152	0.00452	0.00458	T
153	0.00314	0.00315	G
154	0.00389	0.00389	G
155	0.00451	0.00451	G
156	0.00224	0.00224	T
157	0.00072	0.00072	T
158	0.00082	0.00082	T
159	0.00093	0.00095	A
160	0.00119	0.00121	A
161	0.00041	0.00048	T
162	0.00114	0.00122	A
163	0.00194	0.00209	G
164	0.00089	0.00089	T
165	0.00042	0.00043	T
166	0.00043	0.00043	T
167	0.00039	0.0004	T
168	0.00041	0.00041	T
169	0.00049	0.00049	T
170	0.0003	0.00031	T
171	0.00105	0.00109	A
172	0.00067	0.00071	A
173	0.00053	0.00053	T
174	0.00046	0.00046	T
175	0.00048	0.00048	T
176	0.00105	0.00116	A
177	0.00069	0.00069	T
178	0.00402	0.00403	T
179	0.00888	0.00888	T
180	0.01382	0.01396	A
181	0.01325	0.01332	G
182	0.00495	0.00501	G
183	0.00194	0.00198	G
184	0.00315	0.00317	G
185	0.00322	0.00323	G
186	0.00175	0.00177	A
187	0.00131	0.00132	A
188	0.00154	0.00157	T
189	0.00212	0.00219	G
190	0.00143	0.00148	A
191	0.00056	0.00059	T
192	0.00391	0.00391	G
193	0.00372	0.00373	G
194	0.00061	0.00061	T
195	0.00065	0.00065	T
196	0.00334	0.00339	G
197	0.00042	0.00048	T
198	0.00147	0.00154	C
199	0.00088	0.00088	T
200	0.00123	0.00123	T
201	0.00055	0.00055	T
202	0.00174	0.00175	G
203	0.00195	0.00197	G
204	0.00051	0.00054	A
205	0.00085	0.0009	T
206	0.00054	0.00059	A
207	0.00077	0.00083	T
208	0.00045	0.00052	A
209	0.00101	0.00106	C
210	0.00063	0.00065	T
211	0.00042	0.00044	A
212	0.00138	0.00143	C
213	0.00063	0.00064	A
214	0.0018	0.00185	G
215	0.00144	0.00149	C
216	0.00253	0.00261	G
217	0.00076	0.00083	A
218	0.00057	0.00063	T
219	0.00179	0.0018	G
220	0.00275	0.00278	G
221	0.00146	0.00155	C
222	0.00105	0.00118	T
223	0.00077	0.00084	A
224	0.00228	0.0023	T
225	0.00169	0.00175	T
226	0.00205	0.00216	G
227	0.00119	0.00122	A
228	0.00258	0.0026	G
229	0.00296	0.00298	G
230	0.00054	0.00064	A
231	0.00418	0.00431	G
232	0.00114	0.00129	T
233	0.00042	0.00051	A
234	0.00065	0.00069	T
235	0.00108	0.00109	C
236	0.00142	0.00145	C
237	0.00144	0.00151	T
238	0.00157	0.00164	G
239	0.0009	0.00096	A
240	0.00255	0.00256	G
241	0.00285	0.00286	G
242	0.00131	0.00147	C
243	0.00112	0.0012	A
244	0.00122	0.00131	T
245	0.00154	0.00154	G
246	0.00124	0.00124	G
247	0.00193	0.00193	G
248	0.00256	0.00256	G
249	0.00462	0.00464	G
250	0.00062	0.00069	T
251	0.00179	0.0019	C
252	0.00199	0.00208	A
253	0.00084	0.00084	G
254	0.00134	0.00136	G
255	0.00412	0.00413	G
256	0.00637	0.00646	G
257	0.00143	0.00145	T
258	0.00112	0.00114	T
259	0.00128	0.00134	G
260	0.00118	0.00121	A
261	0.00321	0.00324	G
262	0.00319	0.00321	G
263	0.00111	0.00115	T
264	0.00199	0.00207	C
265	0.00304	0.00304	T
266	0.00312	0.00312	T
267	0.00235	0.00237	G
268	0.00184	0.00189	G
269	0.00244	0.00248	T
270	0.00132	0.00141	G
271	0.00156	0.00161	A
272	0.00154	0.0016	G
273	0.00157	0.0016	T
274	0.00303	0.00308	G
275	0.00122	0.00122	T
276	0.0011	0.00111	T
277	0.0009	0.00091	T
278	0.00151	0.00152	T
279	0.01032	0.01115	A
280	0.0133	0.01345	G
281	0.01596	0.01611	T
282	0.00422	0.00424	G
283	0.00165	0.00167	G
284	0.00318	0.00319	G
285	0.00684	0.00687	G
286	0.00209	0.00209	T
287	0.00068	0.00068	T
288	0.00124	0.00143	A
289	0.00179	0.00185	G
290	0.0037	0.00375	C
291	0.00256	0.00257	G
292	0.0036	0.00362	A
293	0.00683	0.00689	T
294	0.00433	0.00434	G
295	0.00137	0.00137	G
296	0.00296	0.00302	A
297	0.00432	0.00432	G
298	0.00365	0.00366	G
299	0.00101	0.00106	T
300	0.00155	0.00164	A
301	0.00189	0.00189	G
302	0.00188	0.00188	G
303	0.00272	0.00281	A
304	0.0027	0.0027	T
305	0.00368	0.00368	T
306	0.00346	0.00346	G
307	0.00215	0.00217	G
308	0.00066	0.00069	T
309	0.00207	0.00212	G
310	0.00587	0.00592	C
311	0.00581	0.00591	T
312	0.00447	0.00454	G
313	0.00632	0.00637	T
314	0.00183	0.00184	G
315	0.00152	0.00152	G
316	0.00254	0.00255	G
317	0.00096	0.00097	T
318	0.00266	0.00275	G
319	0.00104	0.00106	A
320	0.00187	0.0019	A
321	0.00097	0.00099	A
322	0.00169	0.00176	G
323	0.00202	0.00205	A
324	0.00354	0.00364	G
325	0.00059	0.00069	T
326	0.00191	0.00202	A
327	0.00072	0.00076	T
328	0.00162	0.00171	G
329	0.00631	0.0064	A
330	0.003	0.00305	T
331	0.00198	0.00199	G
332	0.00194	0.00194	G
333	0.00306	0.00308	G
334	0.0018	0.00183	G
335	0.00098	0.00107	T
336	0.00234	0.00234	G
337	0.00156	0.00157	G
338	0.00083	0.00087	T
339	0.00197	0.00198	G
340	0.00245	0.00246	G
341	0.0009	0.00091	T
342	0.00088	0.00088	T
343	0.00227	0.00231	G
344	0.00048	0.00053	T
345	0.00266	0.00266	G
346	0.00318	0.00318	G
347	0.0012	0.00126	T
348	0.00037	0.00039	A
349	0.00052	0.00054	A
350	0.00138	0.00138	A
351	0.00125	0.0013	C
352	0.00035	0.00036	T
353	0.00073	0.00074	T
354	0.00041	0.00042	T
355	0.00072	0.00073	A
356	0.0008	0.00081	A
357	0.00057	0.00065	T
358	0.00088	0.00095	A
359	0.00177	0.00182	G
360	0.00463	0.0047	T
361	0.00386	0.00391	G
362	0.00188	0.00193	T
363	0.00576	0.00587	A
364	0.00336	0.00336	G
365	0.00244	0.00245	G
366	0.0013	0.0013	A
367	0.00101	0.00101	A
368	0.00183	0.00187	G
369	0.00178	0.0018	C
370	0.00086	0.00088	T
371	0.00195	0.002	G
372	0.00083	0.00083	A
373	0.00046	0.00046	A
374	0.00048	0.00052	T
375	0.00069	0.0007	A
376	0.00048	0.0005	A
377	0.00047	0.00047	T
378	0.00049	0.0005	T
379	0.00044	0.00045	T
380	0.00158	0.00167	A
381	0.00394	0.004	T
382	0.00154	0.00163	G
383	0.00358	0.00359	A
384	0.0037	0.0037	A
385	0.0041	0.00412	G
386	0.00146	0.00147	G
387	0.00709	0.00741	A
388	0.00366	0.00375	G
389	0.00306	0.00312	A
390	0.00271	0.00273	G
391	0.00135	0.00136	G
392	0.00309	0.00309	G
393	0.00279	0.0028	G
394	0.00061	0.00065	T
395	0.00163	0.00173	C
396	0.00095	0.00099	A
397	0.00132	0.00134	G
398	0.00171	0.00173	G
399	0.00256	0.00258	G
400	0.00048	0.0005	T
401	0.00044	0.00045	T
402	0.00186	0.00191	G
403	0.00056	0.00064	A
404	0.00137	0.00139	T
405	0.00227	0.00228	T
406	0.00457	0.00463	C
407	0.00405	0.00406	G
408	0.00328	0.00329	G
409	0.00104	0.00104	G
410	0.00051	0.00054	A
411	0.00175	0.00176	G
412	0.00103	0.00103	G
413	0.00037	0.00044	A
414	0.00042	0.00044	T
415	0.0007	0.00071	C
416	0.00054	0.00057	C
417	0.00068	0.00073	T
418	0.00052	0.00055	A
419	0.00101	0.00101	T
420	0.00384	0.00385	T
421	0.0019	0.00192	G
422	0.00209	0.00209	G
423	0.0106	0.01068	T
424	0.01092	0.011	G
425	0.00998	0.01015	C
426	0.00814	0.00815	G
427	0.00331	0.00332	G
428	0.00301	0.00302	G
429	0.00104	0.00105	G
430	0.00237	0.00238	G
431	0.00201	0.00209	C
432	0.0016	0.0016	T
433	0.00051	0.00051	T
434	0.00069	0.00069	T
435	0.0011	0.00114	G
436	0.00039	0.00047	T
437	0.00043	0.00051	A
438	0.00037	0.00044	T
439	0.00169	0.00175	G
440	0.00045	0.00047	A
441	0.00073	0.00076	T
442	0.00235	0.0024	T
443	0.0151	0.0154	A
444	0.02131	0.02167	T
445	0.00246	0.00246	G
446	0.00083	0.00084	G
447	0.00096	0.00099	G
448	0.00107	0.00119	C
449	0.00287	0.00295	G
450	0.00039	0.0004	T
451	0.00042	0.00044	T
452	0.00145	0.00151	G
453	0.00046	0.00053	A
454	0.0005	0.00052	T
455	0.00074	0.00077	T
456	0.00081	0.0009	A
457	0.00137	0.00141	G
458	0.00051	0.00056	T
459	0.00064	0.00066	A
460	0.00122	0.00123	G
461	0.00028	0.00034	T
462	0.00042	0.00044	A
463	0.00158	0.00165	G
464	0.0003	0.0003	T
465	0.00028	0.00032	T
466	0.00062	0.00064	A
467	0.00083	0.00084	C
468	0.00051	0.00055	T
469	0.00209	0.00209	G
470	0.00092	0.00093	G
471	0.00063	0.00063	T
472	0.00036	0.00037	T
473	0.00159	0.00166	G
474	0.00068	0.0007	A
475	0.00057	0.00057	A
476	0.00113	0.00121	C
477	0.00079	0.00082	A
478	0.00041	0.00041	T
479	0.00014	0.00014	T
480	0.00146	0.0015	G
481	0.0004	0.0004	T
482	0.00077	0.00077	T
483	0.00196	0.00196	T
484	0.00274	0.00279	G
485	0.01344	0.01344	T
486	0.01669	0.01669	T
487	0.00257	0.00257	G
488	0.00148	0.00148	G
489	0.00061	0.00062	T
490	0.00236	0.00237	G
491	0.0003	0.00033	T
492	0.00077	0.0008	A
493	0.00027	0.00029	T
494	0.00076	0.00076	A
495	0.00031	0.00036	T
496	0.00116	0.00116	A
497	0.00101	0.00101	T
498	0.00082	0.00082	T
499	0.0008	0.00082	G
500	0.00029	0.00029	T
501	0.00089	0.00089	A
502	0.00397	0.00397	A
503	0.01135	0.01135	T
504	0.00761	0.00761	T
505	0.00066	0.00066	G
506	0.00069	0.00069	A
507	0.00106	0.00106	G
508	0.00044	0.00044	A
509	0.00074	0.00074	T
510	0.00021	0.00021	T
511	0.00238	0.00238	G
512	0.00519	0.0053	C
513	0.0522	0.05239	T
514	0.07069	0.07069	C
515	0.04724	0.04724	G
516	0.01924	0.01924	G
517	0.00371	0.00371	G
518	0.00063	0.00063	G
519	0.0012	0.0012	G
520	0.00328	0.00328	A
521	0.0273	0.0273	A
522	0.00889	0.00889	T
523	0.00043	0.00043	A
524	0.0	0.0	G
525	0.0	0.0	G
